0.276048
0.227195
0.171770
0.158687
0.247008
0.397968
0.199152
0.132830
0.261211
0.232071
0.322444
0.288680
0.197046
0.285242
0.238183
0.447456
0.168364
0.219510
0.160216
0.669886
0.310845
0.338870
0.172010
0.041899
0.113697
0.098301
0.039244
0.608194
0.071434
0.081416
0.321730
0.070317
0.077967
0.495695
0.068647
0.135462
0.151826
0.606971
0.094284
0.065675
0.064067
0.810246
0.030986
0.043437
0.125489
0.066402
0.074651
0.057952
0.536264
0.052230
0.046866
0.338223
0.072913
0.094150
0.446921
0.064684
0.092929
0.138676
0.552850
0.073965
0.059989
0.047609
0.780376
0.049877
0.069134
0.080425
0.038822
0.108252
0.482324
0.038634
0.049043
0.251245
0.052412
0.142877
0.371532
0.049839
0.083185
0.124066
0.534464
0.053059
0.046238
0.044012
0.739118
0.110517
0.144582
0.040594
0.089060
0.562343
0.026308
0.060918
0.228367
0.043304
0.154427
0.433013
0.027247
0.071931
0.115663
0.626304
0.039794
0.044199
0.041607
0.778935
0.095550
0.133259
0.069438
0.542297
0.049422
0.054946
0.280799
0.044124
0.030751
0.435205
0.045350
0.099212
0.071978
0.552605
0.054163
0.041168
0.045470
0.758336
0.022632
0.045850
0.104073
0.570355
0.457326
0.372772
0.584658
0.534791
0.101865
0.555959
0.590484
0.421352
0.118337
0.487460
0.536903
0.518106
0.352060
0.633413
0.634413
0.408445
0.035160
0.249369
0.013608
0.086440
0.441223
0.012179
0.055330
0.077869
0.588722
0.019592
0.015044
0.016072
0.751295
0.049509
0.096747
0.064198
0.253777
0.051480
0.082222
0.345225
0.045479
0.103160
0.081121
0.452060
0.033850
0.042991
0.011845
0.684948
0.081540
0.116738
0.066379
0.226314
0.314482
0.259603
0.237303
0.311579
0.199269
0.497185
0.182595
0.210475
0.238348
0.536782
0.331002
0.362839
0.240891
0.070355
0.447646
0.021052
0.070251
0.075479
0.602636
0.027553
0.008140
0.025391
0.758801
0.045741
0.088535
0.081079
0.448494
0.086723
0.122795
0.077023
0.519703
0.085966
0.065074
0.077867
0.745022
0.038641
0.066119
0.133514
0.430079
0.497550
0.321278
0.184155
0.368719
0.417454
0.387617
0.396884
0.525773
0.538699
0.325208
0.071830
0.070961
0.584887
0.030703
0.027154
0.025636
0.749017
0.053091
0.098719
0.069115
0.106264
0.655994
0.062468
0.068313
0.094759
0.810271
0.077355
0.094303
0.101065
0.431480
0.054069
0.069451
0.082525
0.612950
0.108390
0.151692
0.096610
0.526535
0.558149
0.512839
0.292933
0.644358
0.670393
0.465733
0.019202
0.026216
0.694721
0.070315
0.106129
0.062846
0.023156
0.741871
0.045943
0.086984
0.067406
0.715952
0.063586
0.107927
0.067805
0.836635
0.865725
0.694354
0.022544
0.117887
0.150518
