0.722447
0.822573
0.766460
0.815166
0.841976
0.751929
0.837370
0.832751
0.889184
0.873257
0.784540
0.779926
0.776337
0.872726
0.850627
0.876379
0.886359
0.903019
0.907311
0.865894
0.930203
0.842682
0.971984
0.810959
0.939148
0.814197
0.885048
0.896820
0.901682
0.875393
0.851491
0.883618
0.865807
0.775195
0.842614
0.864101
0.851392
0.684393
0.869871
0.667126
0.780450
0.829802
0.849231
0.927568
0.855025
0.868777
0.881876
0.938500
0.845183
0.612247
0.618279
0.444693
0.653665
0.817227
0.761719
0.637180
0.717368
0.655541
0.729471
0.549866
0.546763
0.485332
0.632560
0.564566
0.602733
0.782158
0.458688
0.631223
0.757278
0.565495
0.783214
0.627880
0.618490
0.619024
0.604728
0.570506
0.624727
0.767209
0.737033
0.705944
0.544533
0.517573
0.506970
0.654587
0.759479
0.479664
0.605705
0.583515
0.664161
0.513938
0.494741
0.531596
0.642206
0.623259
0.565428
0.673698
0.751944
0.533878
0.547055
0.702408
0.840861
0.684804
0.693243
0.727597
0.542951
0.743534
0.611234
0.572227
0.607351
0.558429
0.544927
0.542625
0.735524
0.779177
0.651744
0.681534
0.445292
0.764292
0.657088
0.555974
0.449198
0.444592
0.577861
0.549462
0.491852
0.676676
0.725434
0.636527
0.485340
0.460386
0.644839
0.668495
0.560170
0.383384
0.678468
0.714632
0.476547
0.559747
0.487332
0.534938
0.601791
0.382704
0.631777
0.700523
0.495472
0.762800
0.752815
0.589225
0.642126
0.784718
0.249035
0.804411
0.450162
0.669171
0.659233
0.567133
0.760743
0.313325
0.861216
0.711964
0.680857
0.806542
0.480735
0.877965
0.627156
0.553936
0.561199
0.565408
0.681454
0.759772
0.628659
0.763756
0.794520
0.699970
0.598706
0.535876
0.576991
0.796032
0.609728
0.454860
0.642138
0.810034
0.511423
0.544933
0.563950
0.501616
0.657712
0.665756
0.774583
0.856722
0.707394
0.829264
0.620101
0.669238
0.659179
0.543050
0.686554
0.457493
0.534387
0.533664
0.620376
0.706274
0.548578
0.828985
0.631295
0.540465
0.812451
0.528671
0.788015
0.519303
0.494081
0.574907
0.664038
0.591193
0.672163
0.750589
0.689038
0.684395
0.721116
0.443558
0.512221
0.533914
0.805034
0.580224
0.517418
0.614497
0.723846
0.560579
0.545430
0.611623
0.508856
0.598652
0.598338
0.578281
0.841523
0.661769
0.958556
0.669331
0.912360
0.818905
0.746808
0.816300
0.762080
0.873826
0.886437
0.728979
0.717042
0.787428
0.873587
0.797987
0.735769
0.624573
0.854975
0.851132
0.806779
0.704363
0.772160
0.584771
0.594518
0.722714
0.770716
0.815005
0.769902
0.573740
0.759762
0.750966
0.648035
0.784543
0.804931
0.726618
0.773024
0.757481
0.823919
0.669444
0.817299
0.667062
0.625113
0.869218
0.796457
0.943128
0.904254
0.915799
0.860485
0.796307
0.873982
0.850325
0.883350
0.941948
0.848227
0.877024
0.768129
0.961566
0.963459
0.750526
0.803480
0.903438
0.951185
0.891680
0.783078
0.835190
0.855641
0.758930
0.802530
0.821992
0.894080
0.868719
0.651000
0.802556
0.874220
0.771198
0.833580
0.837418
0.812175
0.833669
0.854650
0.851131
0.858610
0.825446
0.783003
0.860242
0.876523
0.779509
0.748449
0.747704
0.578067
0.773380
0.719168
0.669403
0.761957
0.704700
0.780910
0.637166
0.861721
0.798547
0.769368
0.817682
0.681150
0.859369
0.410756
0.767093
0.756581
0.732217
0.793694
0.872079
0.903938
0.721889
0.752511
0.804180
0.665107
0.709751
0.527564
0.893191
0.745858
0.664021
0.785726
0.807615
0.755924
0.664977
0.770987
0.712252
0.826545
0.756330
0.540224
0.777896
0.756775
0.599698
0.765771
0.664871
0.618635
0.723184
0.671836
0.611276
0.506090
0.753878
0.723717
0.611286
0.738424
0.534534
0.775550
0.632027
0.715357
0.627413
0.699952
0.552147
0.663550
0.845324
0.769681
0.755947
0.702822
0.616493
0.660770
0.587268
0.787669
0.669306
0.697686
0.659258
0.697927
0.674258
0.512019
0.638728
0.731519
0.676518
0.593669
0.753656
0.811031
0.686330
0.802365
0.787026
0.700599
0.530008
0.451017
0.648718
0.766977
0.408037
0.751491
0.734645
0.838700
0.819092
0.868752
0.564203
0.658896
0.747201
0.705468
0.597267
0.722432
0.814808
0.656482
0.732977
0.718682
0.624514
0.607714
0.509777
0.853907
0.669269
0.682143
0.693379
0.715801
0.664417
0.722060
0.707900
0.657764
0.651438
0.747819
0.501631
0.852044
0.721047
0.502809
0.626560
0.569238
0.428935
0.739742
0.319864
0.792070
0.645505
0.668805
0.719881
0.538885
0.892758
0.517908
0.445611
0.499468
0.480744
0.590235
0.722326
0.550470
0.608016
0.670786
0.643789
0.604493
0.540246
0.501382
0.771226
0.580737
0.349967
0.715348
0.754574
0.356868
0.520771
0.439203
0.485344
0.649819
0.639283
0.615186
0.788285
0.743037
0.759663
0.798606
0.739778
0.829769
0.848822
0.591623
0.954418
0.786025
0.606361
0.762212
0.850748
0.667181
0.768173
0.642162
0.679847
0.773093
0.619235
0.629516
0.678815
0.782005
0.798609
0.594160
0.744657
0.668056
0.592882
0.702455
0.685777
0.714246
0.536097
0.699134
0.732922
0.688533
0.817691
0.704513
0.774547
0.761093
0.609489
0.531787
0.488424
0.610040
0.697387
0.531259
0.892071
0.726395
0.361313
0.816995
0.675558
0.868448
0.612554
0.508661
0.593592
0.543382
0.680830
0.700891
0.683755
0.804024
0.725377
0.640001
0.617521
0.527418
0.727568
0.731762
0.599790
0.468495
0.664823
0.710906
0.500938
0.511678
0.531856
0.546927
0.736035
0.602978
0.812061
0.860547
0.558265
0.622374
0.692453
0.655802
0.757406
0.630305
0.513812
0.670997
0.590744
0.747290
0.582894
0.672981
0.683684
0.699153
0.670597
0.691454
0.767484
0.735075
0.547095
0.599944
0.561059
0.562409
0.593382
0.778001
0.634009
0.646759
0.627905
0.733471
0.609923
0.563128
0.729564
0.727170
0.696183
0.602204
0.634262
0.756149
0.409936
0.577748
0.597905
0.703132
0.546157
0.442639
0.837915
0.704825
0.744156
0.534474
0.529221
0.568812
0.594522
0.506866
0.601593
0.754590
0.707535
0.680057
0.605756
0.588467
0.493481
0.572307
0.797484
0.529789
0.569786
0.684810
0.815094
0.480649
0.601102
0.583356
0.436096
0.636880
0.623038
0.532131
0.830639
0.663849
0.593958
0.693193
0.709287
0.628706
0.828776
0.718448
0.816867
0.560460
0.471308
0.604748
0.531291
0.463721
0.650853
0.645588
0.676034
0.735632
0.654084
0.594194
0.367339
0.616073
0.828304
0.646417
0.493151
0.682623
0.731819
0.442320
0.583177
0.529999
0.468485
0.650098
0.634769
0.531022
0.820159
0.671537
0.620706
0.633705
0.708659
0.668311
0.617769
0.731971
0.694895
0.713270
0.629895
0.624827
0.546516
0.558807
0.787457
0.724967
0.763678
0.641375
0.552391
0.653104
0.639600
0.768787
0.598812
0.710643
0.672656
0.737690
0.706275
0.699354
0.581878
0.749760
0.672226
0.595934
0.671219
0.780267
0.862776
0.633131
0.592809
0.781438
0.469770
0.816251
0.571272
0.608964
0.551230
0.589277
0.579986
0.722898
0.666792
0.697412
0.749593
0.716507
0.587878
0.546091
0.604581
0.819213
0.646357
0.464090
0.718154
0.816852
0.528851
0.540879
0.532299
0.536121
0.647052
0.530927
0.747417
0.846015
0.880270
0.900944
0.643132
0.766577
0.853964
0.734634
0.847627
0.689899
0.677199
0.673765
0.621271
0.751253
0.713398
0.838558
0.830685
0.615504
0.686673
0.601591
0.816970
0.718954
0.778456
0.693332
0.627883
0.776071
0.833984
0.726794
0.830689
0.693683
0.782478
0.607996
0.630504
0.690195
0.879578
0.769308
0.754387
0.730485
0.662994
0.814467
0.758218
0.731538
0.813931
0.838162
0.821261
0.717049
0.700524
0.746456
0.700826
0.712988
0.866609
0.635953
0.762845
0.797662
0.948037
0.660194
0.631337
0.737320
0.770668
0.885148
0.751012
0.621947
0.863480
0.878379
0.743847
0.816368
0.598863
0.633272
0.650957
0.718358
0.588730
0.655584
0.796295
0.799257
0.681429
0.697824
0.616182
0.627791
0.628792
0.762240
0.608470
0.629464
0.681054
0.712705
0.588239
0.527502
0.668960
0.645251
0.701352
0.614063
0.715943
0.861305
0.674945
0.936632
0.815628
0.743671
0.722095
0.691784
0.723065
0.683533
0.632632
0.766024
0.763027
0.693449
0.658362
0.779530
0.646421
0.673479
0.755943
0.751342
0.726773
0.660333
0.787410
0.699272
0.615606
0.831015
0.728678
0.689515
0.648922
0.633491
0.824585
0.658373
0.714782
0.565164
0.643677
0.599231
0.591828
0.682826
0.767905
0.745736
0.692641
0.526434
0.587471
0.570177
0.792253
0.616950
0.599615
0.619354
0.689551
0.610048
0.617216
0.607650
0.636991
0.582779
0.426942
0.723973
0.743989
0.860810
0.855935
0.632531
0.811576
0.756520
0.783775
0.900954
0.795402
0.821132
0.809647
0.765713
0.816123
0.869882
0.873667
0.792126
0.810971
0.851903
0.938137
0.845375
0.802059
0.857211
0.834726
0.853734
0.770492
0.781261
0.769527
0.653182
0.654392
0.627344
0.681405
0.781377
0.786747
0.619036
0.561843
0.751724
0.553353
0.661458
0.388517
0.792324
0.601720
0.557690
0.669043
0.660390
0.562816
0.596954
0.664596
0.589108
0.703602
0.676967
0.502393
0.765617
0.566797
0.545590
0.634898
0.674167
0.618504
0.678903
0.765931
0.682471
0.595711
0.539222
0.671795
0.835835
0.595954
0.472732
0.697130
0.823707
0.479269
0.567353
0.495467
0.503970
0.674022
0.640976
0.595352
0.869229
0.486877
0.538848
0.441528
0.499829
0.624165
0.709601
0.683006
0.535208
0.576680
0.616853
0.671604
0.577503
0.338457
0.652475
0.650333
0.442472
0.515690
0.425892
0.463356
0.552629
0.408114
0.654662
0.755339
0.589338
0.561821
0.537778
0.628259
0.740873
0.431176
0.686586
0.507174
0.687058
0.592665
0.335664
0.339941
0.803929
0.668121
0.420679
0.519664
0.318731
0.605649
0.685416
0.525078
0.654766
0.644105
0.463832
0.708846
0.687795
0.785245
0.661578
0.541072
0.472098
0.510747
0.703421
0.570511
0.584898
0.692985
0.631897
0.515224
0.597730
0.482606
0.601545
0.480591
0.526770
0.583829
0.792885
0.608279
0.714637
0.734787
0.622261
0.584128
0.559875
0.630591
0.451139
0.582122
0.609354
0.633135
0.562277
0.579466
0.620682
0.504542
0.662660
0.540801
0.525588
0.693217
0.749729
0.759653
0.782698
0.689241
0.743385
0.694697
0.728199
0.622791
0.655620
0.468769
0.754942
0.657639
0.495447
0.672478
0.508228
0.660142
0.653540
0.596375
0.749514
0.635211
0.699148
0.692231
0.643561
0.697543
0.621140
0.718762
0.646752
0.602586
0.704006
0.786226
0.640840
0.688365
0.646601
0.692482
0.634616
0.674940
0.623014
0.783893
0.617061
0.652044
0.736079
0.706507
0.780633
0.696853
0.698360
0.649838
0.752426
0.678503
0.643475
0.764846
0.750920
0.825499
0.678451
0.678695
0.799992
0.714516
0.596320
0.718943
0.603517
0.432712
0.638544
0.694601
0.731225
0.568858
0.540274
0.504441
0.744994
0.771041
0.632781
0.705940
0.800672
0.519425
0.540467
0.749390
0.623941
0.604446
0.553164
0.744121
0.638564
0.580299
0.640770
0.566742
0.579035
0.517475
0.592537
0.733779
0.688603
0.780203
0.557973
0.508527
0.610201
0.621983
0.486626
0.464043
0.502162
0.538958
0.596108
0.460129
0.610846
0.742122
0.727780
0.567807
0.620922
0.615235
0.592305
0.599260
0.649157
0.641706
0.694214
0.545442
0.644130
0.435489
0.723019
0.639009
0.726017
0.797885
0.657566
0.660683
0.682675
0.653001
0.786960
0.687314
0.725244
0.813306
0.727784
0.508415
0.689935
0.675659
0.443325
0.517605
0.457755
0.647374
0.644359
0.547190
0.599009
0.667704
0.767429
0.673886
0.372430
0.414999
0.376907
0.440199
0.605021
0.515113
0.664161
0.744098
0.589035
0.712615
0.692050
0.750077
0.737324
0.531419
0.624659
0.707726
0.789673
0.638766
0.643164
0.624248
0.845204
0.647821
0.674130
0.716171
0.669219
0.508430
0.289566
0.482040
0.483567
0.557017
0.577387
0.826529
0.477954
0.565026
0.657031
0.446683
0.668303
0.733462
0.500148
0.504469
0.478008
0.704395
0.773304
0.642216
0.586398
0.700379
0.915155
0.585623
0.708860
0.724633
0.671272
0.744397
0.715382
