0.392397
0.190153
0.045513
0.013713
0.029215
0.076292
0.019454
0.257287
0.016768
0.380288
0.282073
0.181611
0.059950
0.011667
0.457043
0.076480
0.027331
0.081607
0.175234
0.049937
0.455775
0.878363
0.098575
0.067764
0.918102
0.025231
0.160171
0.581860
0.710598
0.998285
0.739056
0.071240
0.011432
0.088962
0.012391
0.160273
0.664351
0.125839
0.058499
0.029244
0.874123
0.026139
0.077205
0.694340
0.085945
0.016693
0.675590
0.105127
0.056171
0.100094
0.313588
0.385872
0.356346
0.314021
0.384578
0.084255
0.435662
0.164953
0.073583
0.465774
0.278673
0.370053
0.029240
0.264907
0.411227
0.394530
0.264527
0.282693
0.321563
0.567730
0.320284
0.350721
0.653243
0.339720
0.202681
0.389119
0.537514
0.628091
0.516553
0.348957
0.420208
0.276271
0.405689
0.332186
0.397865
0.374760
0.345783
0.383003
0.571048
0.352568
0.374979
0.460006
0.227957
0.384621
0.278792
0.219325
0.388347
0.134047
0.190137
0.188199
0.159541
0.191347
0.038862
0.231414
0.150253
0.070486
0.336715
0.114335
0.183981
0.158902
0.124452
0.226800
0.251785
0.168976
0.093151
0.350427
0.712576
0.188303
0.179912
0.732914
0.151911
0.079926
0.412129
0.599506
0.819838
0.574938
0.194379
0.209961
0.115154
0.213649
0.203069
0.477976
0.221592
0.160342
0.208559
0.674543
0.186429
0.219819
0.497480
0.089713
0.198724
0.432837
0.096760
0.223445
0.035518
0.061798
0.020342
0.049658
0.222717
0.052977
0.315425
0.239070
0.175091
0.035716
0.058775
0.376450
0.024771
0.078632
0.090065
0.112309
0.049015
0.379732
0.831308
0.055799
0.028501
0.925874
0.030853
0.077361
0.580886
0.716703
0.930779
0.745151
0.030279
0.046217
0.020890
0.043034
0.110096
0.654874
0.090620
0.015438
0.092689
0.867116
0.035060
0.064161
0.723259
0.035589
0.041657
0.596504
0.047217
0.038123
0.044716
0.055312
0.023506
0.257132
0.026525
0.402239
0.289411
0.191545
0.045282
0.025689
0.448378
0.057670
0.048013
0.079386
0.167184
0.063396
0.444279
0.878948
0.075254
0.046918
0.957485
0.020584
0.147830
0.621232
0.758816
0.981533
0.776211
0.046141
0.020686
0.070567
0.016027
0.137159
0.708010
0.091260
0.036427
0.054466
0.915141
0.025393
0.069862
0.744564
0.067551
0.027938
0.667244
0.083242
0.042015
0.080419
0.032740
0.245256
0.027586
0.344156
0.245582
0.125407
0.106800
0.031368
0.426273
0.066428
0.013277
0.051636
0.139135
0.066443
0.383441
0.764003
0.082532
0.070813
0.853110
0.051157
0.158230
0.484372
0.624970
0.909017
0.663642
0.073041
0.047850
0.103598
0.019420
0.159575
0.606991
0.133789
0.073162
0.023688
0.771977
0.027592
0.050271
0.615556
0.089649
0.017813
0.603947
0.099059
0.049345
0.082588
0.253313
0.089011
0.302541
0.247132
0.158112
0.068762
0.088616
0.381632
0.026942
0.095763
0.070133
0.089884
0.075076
0.311421
0.771782
0.030754
0.024127
0.892803
0.063800
0.083673
0.550726
0.668297
0.874906
0.707730
0.012689
0.086548
0.030259
0.063836
0.065677
0.625937
0.048589
0.015646
0.127469
0.825287
0.042222
0.041841
0.724877
0.038507
0.064445
0.531295
0.046583
0.029732
0.245002
0.025631
0.395967
0.272819
0.188521
0.071014
0.026812
0.460510
0.069712
0.032379
0.094659
0.168098
0.078526
0.464803
0.840672
0.088286
0.065724
0.935222
0.034488
0.174337
0.579534
0.724541
0.972315
0.762661
0.078962
0.028124
0.095130
0.019695
0.162713
0.691626
0.117355
0.063946
0.037182
0.876553
0.034027
0.074973
0.676514
0.081421
0.023184
0.686023
0.110218
0.053753
0.303665
0.197963
0.069631
0.441337
0.181679
0.250949
0.125200
0.195445
0.283954
0.336286
0.276321
0.170241
0.457104
0.745072
0.278827
0.269127
0.754382
0.230642
0.180729
0.452043
0.658674
0.835844
0.620130
0.284984
0.284210
0.213875
0.279888
0.320121
0.524163
0.312038
0.247335
0.256510
0.711422
0.269960
0.302172
0.477752
0.140913
0.261902
0.487764
0.182820
0.317988
0.422306
0.331081
0.142090
0.088258
0.026861
0.496974
0.078197
0.029719
0.070428
0.171637
0.079371
0.454030
0.858243
0.097457
0.060367
0.955712
0.032106
0.168319
0.596949
0.722241
0.985886
0.770354
0.071988
0.017069
0.092496
0.008174
0.178296
0.713248
0.145012
0.067086
0.037746
0.886984
0.032969
0.076589
0.727107
0.113201
0.023238
0.707750
0.113999
0.048523
0.124806
0.408460
0.332781
0.365927
0.215295
0.308484
0.364399
0.379236
0.261843
0.255759
0.337350
0.605321
0.337267
0.353382
0.508280
0.370570
0.201584
0.287512
0.416512
0.740962
0.384018
0.345324
0.395272
0.298892
0.398335
0.335341
0.285332
0.391466
0.331997
0.365397
0.466429
0.351795
0.354025
0.379731
0.264236
0.364717
0.334548
0.252242
0.388980
0.397510
0.232906
0.266645
0.102379
0.205973
0.280283
0.307795
0.204493
0.181705
0.354921
0.639042
0.254163
0.273898
0.617076
0.266249
0.168810
0.337711
0.519422
0.747638
0.484726
0.279493
0.313929
0.233996
0.300461
0.293168
0.351083
0.316373
0.268337
0.262617
0.554229
0.264896
0.282827
0.404503
0.152659
0.273760
0.356789
0.177356
0.313185
0.274548
0.178713
0.535742
0.170201
0.137606
0.070372
0.105798
0.199980
0.219094
0.582669
0.100959
0.120006
0.758432
0.176301
0.194165
0.377004
0.468919
0.810990
0.532655
0.127350
0.187137
0.171036
0.144447
0.147061
0.545994
0.188898
0.181262
0.187598
0.619780
0.130030
0.089457
0.589755
0.249170
0.168840
0.510141
0.159406
0.092188
0.064920
0.335494
0.058695
0.125384
0.160584
0.168637
0.058893
0.436820
0.871112
0.110260
0.080493
0.927517
0.031262
0.098861
0.620050
0.761522
0.938882
0.763221
0.080745
0.060866
0.049272
0.079837
0.152950
0.663436
0.126841
0.055605
0.108456
0.895889
0.064489
0.139506
0.718853
0.057976
0.082225
0.605995
0.064271
0.096106
0.440902
0.078476
0.030705
0.077915
0.161244
0.058920
0.423798
0.829386
0.102840
0.079661
0.875712
0.025418
0.159449
0.547011
0.669837
0.948239
0.700719
0.087328
0.021999
0.096495
0.022520
0.154229
0.625999
0.133534
0.077561
0.018421
0.820660
0.024601
0.092772
0.658828
0.100806
0.025636
0.633565
0.100093
0.064304
0.323961
0.482638
0.461913
0.335137
0.344581
0.387790
0.636974
0.391799
0.412605
0.713282
0.403523
0.251443
0.475391
0.613713
0.654842
0.584083
0.408599
0.478307
0.332871
0.469600
0.424787
0.443058
0.464776
0.408773
0.454736
0.634793
0.423878
0.453862
0.539115
0.281728
0.455240
0.311979
0.280055
0.464590
0.097776
0.077460
0.086114
0.069761
0.319794
0.756800
0.047824
0.027809
0.902321
0.044701
0.066927
0.538227
0.681587
0.856023
0.725334
0.034598
0.087285
0.023497
0.061639
0.094202
0.638377
0.077478
0.027253
0.106643
0.814680
0.041885
0.064303
0.701621
0.035744
0.064066
0.531995
0.029756
0.041990
0.059806
0.169478
0.079673
0.429686
0.805596
0.098324
0.083678
0.859112
0.069738
0.199215
0.511125
0.637635
0.955835
0.677086
0.088809
0.040070
0.131857
0.019314
0.178616
0.624673
0.147803
0.087711
0.023224
0.795894
0.037151
0.061393
0.631492
0.114450
0.017832
0.651029
0.135489
0.061780
0.100380
0.108798
0.282991
0.695003
0.052085
0.051667
0.848368
0.090006
0.156065
0.477216
0.570646
0.844320
0.641989
0.054508
0.099999
0.103099
0.053519
0.092988
0.594123
0.095559
0.084087
0.090423
0.736494
0.051112
0.037719
0.672882
0.129986
0.070012
0.535183
0.094558
0.037311
0.129879
0.138895
0.526761
0.053699
0.085024
0.682947
0.133032
0.072642
0.324178
0.446640
0.698549
0.484078
0.093421
0.194661
0.086378
0.159424
0.063826
0.427020
0.112837
0.130325
0.190971
0.550118
0.104945
0.095174
0.523319
0.133447
0.169161
0.347408
0.058576
0.092265
0.374415
0.822054
0.106463
0.078141
0.819064
0.052811
0.080378
0.474721
0.619722
0.960582
0.636302
0.086113
0.067850
0.067200
0.072210
0.143831
0.545614
0.137623
0.069997
0.083339
0.763228
0.063174
0.095676
0.609436
0.060891
0.065952
0.558626
0.068464
0.096342
0.295192
0.239637
0.327079
0.529724
0.396507
0.234845
0.229651
0.292988
0.456949
0.338394
0.307758
0.486685
0.312326
0.434247
0.195346
0.344208
0.301917
0.384988
0.452016
0.358941
0.336536
0.287319
0.498346
0.373022
0.440004
0.146550
0.239621
0.308436
0.647095
0.774766
0.372444
0.830192
0.679637
0.258496
0.236038
0.217239
0.336927
0.777730
0.906768
0.773879
0.846238
0.593147
0.406622
0.722610
0.842062
0.800427
0.201338
0.762303
0.690009
0.412014
0.821854
0.841350
0.244389
0.681493
0.735273
0.027159
0.850986
0.081874
0.100187
0.472822
0.597524
0.794432
0.649936
0.023999
0.113601
0.054718
0.074293
0.048022
0.594307
0.047628
0.053348
0.133622
0.743909
0.048645
0.026873
0.663034
0.076220
0.088804
0.472409
0.047942
0.025517
0.923022
0.050467
0.088266
0.552101
0.681646
0.905643
0.727998
0.014495
0.070355
0.033565
0.047137
0.077866
0.667989
0.065364
0.024057
0.115572
0.838401
0.042356
0.042686
0.735601
0.062045
0.064834
0.577666
0.045101
0.020863
0.909349
0.783600
0.221353
0.243759
0.562242
0.078379
0.914253
0.945635
0.905790
0.943897
0.778351
0.178768
0.900440
0.946859
0.838068
0.121368
0.875252
0.856576
0.207906
0.912441
0.915420
0.411626
0.811791
0.899742
0.106926
0.572496
0.711518
0.938693
0.728285
0.060080
0.029169
0.044258
0.032665
0.126585
0.658725
0.106627
0.047244
0.057885
0.853973
0.027718
0.092935
0.691819
0.077610
0.045277
0.621235
0.059161
0.048286
0.426211
0.567862
0.804026
0.593696
0.096867
0.164293
0.043240
0.161304
0.115157
0.500726
0.148651
0.090071
0.204109
0.685432
0.118787
0.136849
0.612684
0.084903
0.164517
0.414999
0.030272
0.124229
0.104887
0.579629
0.106462
0.558384
0.621558
0.552680
0.588845
0.434240
0.150031
0.550200
0.603390
0.515003
0.103354
0.524397
0.471216
0.135705
0.557161
0.570697
0.265119
0.450630
0.534285
0.566163
0.169386
0.685081
0.744852
0.682348
0.713881
0.509471
0.172592
0.650962
0.742026
0.650065
0.087091
0.645642
0.594610
0.284074
0.720116
0.697015
0.286427
0.607329
0.647166
0.557149
0.887609
1.020038
0.875193
0.965907
0.763711
0.617800
0.855925
0.935602
0.922487
0.487889
0.883537
0.858123
0.654004
0.902409
0.957215
0.295258
0.793856
0.877288
0.717471
0.768456
0.719418
0.758582
0.587942
0.115696
0.718077
0.767263
0.675460
0.114216
0.689362
0.655227
0.165345
0.735789
0.743935
0.279112
0.620207
0.704370
0.080179
0.041186
0.052198
0.079080
0.655024
0.055605
0.021195
0.123945
0.841813
0.037359
0.033704
0.747531
0.054435
0.064095
0.551279
0.045784
0.018066
0.089691
0.019061
0.183473
0.700102
0.154036
0.061833
0.044687
0.911915
0.039125
0.099737
0.738364
0.102048
0.028041
0.710379
0.117454
0.065714
0.082484
0.082273
0.633495
0.085192
0.031400
0.142931
0.827023
0.062137
0.088269
0.716198
0.052260
0.092420
0.531867
0.029779
0.055597
0.150912
0.695879
0.111225
0.047421
0.033901
0.879941
0.021317
0.054220
0.721680
0.086303
0.012000
0.674044
0.099403
0.034958
0.537610
0.037279
0.101906
0.207250
0.667720
0.106589
0.084554
0.637943
0.135316
0.167297
0.412207
0.077466
0.075458
0.660872
0.690536
0.609750
0.156108
0.619866
0.605292
0.202035
0.626190
0.667003
0.263397
0.547174
0.655601
0.069109
0.180723
0.816247
0.084426
0.063256
0.722356
0.096838
0.125656
0.531642
0.091594
0.057548
0.112157
0.895209
0.042079
0.056064
0.754665
0.042348
0.050098
0.611738
0.051964
0.035215
0.781985
0.045514
0.108332
0.602337
0.129934
0.028448
0.645501
0.136244
0.093531
0.796499
0.758677
0.208249
0.852920
0.855967
0.289010
0.719526
0.811444
0.043314
0.680592
0.073685
0.021940
0.566955
0.061951
0.021528
0.662977
0.083331
0.057750
0.531575
0.085544
0.022503
0.699387
0.697001
0.459402
0.625584
0.716468
0.077170
0.537115
0.058383
0.085487
0.658538
0.107893
0.046471
0.434639
0.572309
0.065024
