0.749484
0.505412
0.700367
0.807747
0.899006
0.802756
0.689925
0.874739
0.713960
0.765381
0.793047
0.580924
0.424839
0.892884
0.838193
0.708254
0.698005
0.853647
0.805227
0.668989
0.605186
0.407078
0.968908
0.643041
0.617731
0.747969
0.936590
0.550969
0.759332
0.689193
0.646015
0.638261
0.828755
0.703623
0.635153
0.695681
0.829098
0.631562
0.750720
0.748252
0.847431
0.381252
0.831710
0.449163
0.616263
0.676169
0.566249
0.706799
0.634148
0.729105
0.583821
0.682615
0.987194
0.734756
0.760345
0.770907
0.602595
0.842024
0.746068
0.740096
0.723673
1.010894
0.724806
0.702697
0.781462
0.804283
0.582350
0.591539
0.730336
0.704545
0.816352
0.800630
0.632076
0.852165
0.908620
0.649748
0.735939
0.616373
0.638287
0.548703
0.689828
0.675104
0.622229
0.527434
0.664892
0.634062
0.771023
0.582951
0.986311
0.705579
0.811246
0.736727
0.688852
0.566360
0.678450
0.746202
0.703766
0.734108
0.727249
0.923672
0.711325
0.526838
0.909701
0.648963
0.735023
0.629240
0.523102
0.511476
0.905912
0.861069
0.645019
0.763654
0.851190
0.832944
0.565807
0.535400
0.551203
0.924984
0.558231
0.514590
0.745372
0.964619
0.419873
0.684700
0.628108
0.570433
0.670452
0.740584
0.576967
0.583863
0.640134
0.646368
0.754727
0.710033
0.612110
0.927676
0.564128
0.841452
0.557637
0.589204
0.606426
0.476071
0.587714
0.566998
0.704320
0.815719
0.633780
0.633280
0.760150
0.652062
0.664821
0.527472
0.502383
0.455858
0.938255
0.824406
0.645709
0.729633
0.795358
0.588589
0.554077
0.549686
0.551206
0.999367
0.581853
0.555722
0.701261
0.737942
0.564983
0.848272
0.466258
0.384923
0.453871
0.628705
0.573745
0.485174
0.506968
0.698970
0.690730
0.760841
0.544150
0.850670
0.460760
0.730428
0.462690
0.776134
0.507889
0.549843
0.539188
0.481263
0.892508
0.839449
0.668083
0.677090
0.670584
0.598646
0.727943
0.439794
0.595242
0.838723
0.493403
0.555361
0.573655
0.822552
0.799296
0.529248
0.474820
0.573347
0.981432
0.642255
0.557976
0.793474
0.733141
0.639996
0.811592
0.536412
0.661144
0.465736
0.830294
0.764128
0.450733
0.470326
0.673666
0.526648
0.645567
0.308311
0.842982
0.585163
0.838280
0.678643
0.699030
0.437997
0.566509
0.538255
0.417644
1.027914
0.887471
0.800510
0.944235
0.876565
0.876638
0.904066
0.905610
0.690413
0.905816
0.829503
0.750082
0.928314
0.876738
0.862366
0.946798
0.907442
1.005492
0.908533
0.887094
0.921393
0.716796
0.799632
0.959487
0.923798
0.844560
0.839441
0.990312
0.945362
0.827924
0.755301
0.729097
0.867467
0.972196
0.920863
0.771585
0.883288
0.597836
0.801965
0.791381
0.898588
0.786239
0.969847
0.860686
0.687194
0.856894
0.592086
0.771042
0.450870
0.570467
0.663683
0.988735
0.832486
0.545209
0.691271
0.647322
0.615505
0.533879
0.522030
0.697449
0.985908
0.625023
0.600364
0.552299
0.747965
0.684942
0.852224
0.546921
0.508677
0.649943
0.440628
0.504098
0.587852
0.617302
0.884101
0.802673
0.553615
0.621612
0.894081
0.670502
0.825100
0.665461
0.846175
0.545579
0.701246
0.530458
0.551140
0.898235
0.676661
0.485180
0.559147
0.545826
0.544246
0.842441
0.764853
0.607668
0.817482
0.806387
0.695261
0.537597
0.576679
0.575103
0.902470
0.597421
0.503934
0.778821
0.903926
0.469501
0.821771
0.551558
0.511588
0.602893
0.737441
0.603562
0.549724
0.550121
0.675637
0.715742
0.857314
0.540592
0.823257
0.503065
0.824696
0.514230
0.685120
0.596071
0.445042
0.600181
0.550789
0.681695
0.861478
0.813913
0.753491
0.825438
0.869031
0.712870
0.874755
0.636147
0.759041
0.798547
0.704932
0.696119
0.874387
1.004049
0.895249
0.777453
0.872054
0.878889
0.807954
0.783308
0.682200
0.702499
0.719279
0.828362
0.910183
0.745337
0.714870
0.915542
0.695437
0.844712
0.698943
0.971544
0.824092
0.818901
0.810202
0.749793
0.750013
0.827762
0.720666
0.743460
0.762964
0.532673
0.620716
0.654530
0.891020
0.738845
0.670571
0.620780
0.522621
0.651318
0.502449
0.580768
0.659842
0.907071
0.660899
0.513763
0.745996
0.847332
0.625350
0.596792
0.529198
0.572222
0.596297
0.526084
0.680458
0.490424
0.613708
0.752730
0.693310
0.662323
0.537133
0.761118
0.678701
0.866241
0.667109
0.611528
0.546135
0.651003
0.578017
0.528525
0.682130
0.547589
0.604059
0.674259
0.759100
0.649645
0.780318
0.874608
0.879299
0.647817
0.542036
0.612053
0.923647
0.663394
0.513066
0.818073
0.841352
0.647220
0.911753
0.549094
0.574705
0.601390
0.839039
0.695232
0.545436
0.606920
0.774612
0.726490
0.810603
0.625687
0.824049
0.571407
0.811057
0.639566
0.747834
0.637453
0.557597
0.615103
0.452423
0.480713
0.515116
0.970293
0.802883
0.605715
0.669994
0.704918
0.485634
0.403049
0.490595
0.615880
0.921049
0.565293
0.523499
0.624056
0.665356
0.624877
0.864454
0.396291
0.484871
0.534939
0.350921
0.531640
0.429426
0.545582
0.737035
0.717188
0.765207
0.520801
0.775012
0.556500
0.780684
0.535350
0.716719
0.537336
0.505904
0.381786
0.408656
0.311448
0.899836
0.700430
0.548469
0.529124
0.787203
0.805068
0.338950
0.249076
0.394632
1.043718
0.459363
0.300841
0.584059
0.710078
0.455164
0.814061
0.364029
0.342436
0.375576
0.656160
0.491343
0.254994
0.392439
0.757464
0.547932
0.596225
0.361525
0.910136
0.350609
0.767154
0.408817
0.659761
0.380151
0.371064
0.261402
0.223043
0.940829
0.769444
0.632722
0.644634
0.836934
0.770551
0.484038
0.422827
0.271421
1.005752
0.532810
0.417561
0.638498
0.847547
0.441588
0.784380
0.355953
0.362059
0.405400
0.680084
0.549139
0.437872
0.473673
0.664727
0.629327
0.748852
0.484089
0.848995
0.180575
0.806252
0.301171
0.720311
0.462852
0.427508
0.423265
0.366534
0.854360
0.746868
0.811853
0.845261
0.953111
0.892854
0.912945
0.913668
0.881458
0.890238
0.791208
0.897753
0.844136
0.838808
0.915769
0.899252
0.870746
0.910456
0.992822
0.954118
0.879046
0.850450
0.883823
0.839766
0.866840
0.873232
0.759797
0.919725
0.669048
0.892371
0.795948
0.953504
0.786819
0.940971
0.811332
0.666488
0.731357
0.874788
0.744695
0.693915
0.582340
0.834105
0.916443
0.793465
0.749916
0.751672
0.772293
0.788345
0.892786
0.686327
0.750787
0.658539
0.833280
0.718281
0.619859
0.724437
0.876211
0.510879
0.734608
0.684877
0.889380
0.780399
0.757364
0.840182
0.660916
0.690591
0.727067
0.805794
0.670791
0.608961
0.632813
0.690060
0.513206
0.574488
0.609158
0.883325
0.631815
0.505167
0.663139
0.667913
0.540533
0.860595
0.512033
0.563825
0.537171
0.720955
0.715457
0.520705
0.528753
0.620788
0.662035
0.501787
0.524135
0.688874
0.620334
0.608564
0.592501
0.597154
0.491723
0.574107
0.631039
0.482844
0.723221
0.715720
0.605314
0.586010
0.684768
0.990037
0.600348
0.649069
0.586375
0.517609
0.643351
0.688940
0.640010
0.650108
0.630960
0.743662
0.703725
0.534880
0.665864
0.797003
0.513027
0.584420
0.623186
0.768365
0.669224
0.697449
0.675080
0.613421
0.659169
0.583344
0.589884
0.521658
0.602858
0.678939
0.726676
0.808943
0.929091
0.706821
0.682650
0.726538
0.735496
0.824674
0.659772
0.703046
0.746962
0.720496
0.629007
0.819819
0.685436
0.755591
0.810056
0.811335
0.685126
0.714059
0.863961
0.784522
0.877169
0.794621
0.743729
0.739624
0.772161
0.715702
0.702258
0.579313
0.747988
0.796525
0.887480
0.748496
0.779143
0.739342
0.684833
0.762717
0.858618
0.657154
0.663755
0.653124
0.477054
0.678195
0.647985
0.696674
0.817194
0.639232
0.761407
0.660446
0.900504
0.721317
0.718552
0.794677
0.665214
0.710687
0.681944
0.691145
0.728121
0.330555
0.561720
0.950968
0.536630
0.369186
0.653776
0.728868
0.506159
0.809605
0.351786
0.388477
0.375053
0.580648
0.598702
0.266273
0.349540
0.690581
0.623505
0.672463
0.279166
0.877826
0.504315
0.655110
0.514942
0.511683
0.416057
0.434103
0.401914
0.378261
0.509430
1.002391
0.469750
0.357265
0.570379
0.738161
0.520435
0.799502
0.360264
0.402696
0.410760
0.652782
0.553822
0.268765
0.388022
0.786690
0.481759
0.633318
0.366994
0.900327
0.441760
0.765323
0.498425
0.635701
0.417054
0.451384
0.319900
0.275895
1.004430
0.519672
0.461188
0.775883
0.902928
0.449623
0.751619
0.496096
0.505117
0.420302
0.710726
0.614511
0.463599
0.494006
0.585688
0.649167
0.813590
0.480949
0.866971
0.144569
0.887822
0.333794
0.812346
0.450767
0.391630
0.488615
0.413093
0.970352
0.977659
0.982332
0.912013
0.935566
0.859053
0.971792
0.983152
0.938559
0.976981
0.910491
0.914413
0.933001
0.826627
0.893792
1.002084
0.948335
0.822157
0.989168
0.936418
0.929626
0.848847
1.027694
0.871530
1.021517
0.937886
0.512473
0.645253
0.651944
0.546335
0.820859
0.536329
0.533545
0.532946
0.686218
0.456663
0.301019
0.568076
0.752922
0.596899
0.726680
0.537900
0.784176
0.530720
0.745253
0.523674
0.746482
0.453989
0.436274
0.538735
0.366358
0.579018
0.816803
0.380155
0.768433
0.358572
0.399474
0.311079
0.629368
0.569318
0.335354
0.392526
0.655518
0.624980
0.695216
0.368650
0.843032
0.439213
0.762849
0.461213
0.632615
0.397541
0.396126
0.369487
0.304310
0.623912
0.693689
0.866711
0.635765
0.685232
0.629781
0.643288
0.643371
0.605141
0.655135
0.856584
0.687714
0.593553
0.744289
0.900727
0.702741
0.806186
0.689488
0.720183
0.639420
0.709540
0.584278
0.553814
0.842728
0.923124
0.779846
0.795122
0.737510
0.753680
0.787937
0.608690
0.709034
0.780340
0.649491
0.653654
0.760547
0.658222
0.880307
0.564487
0.819054
0.740179
0.762766
0.722633
0.734205
0.658824
0.681594
0.525705
0.444728
0.484041
0.742738
0.504386
0.463018
0.509590
0.573993
0.649084
0.693463
0.473844
0.779175
0.397887
0.694401
0.324716
0.598028
0.523587
0.365680
0.553661
0.483561
0.729382
0.793632
0.844764
0.822994
0.871382
0.810139
0.860649
0.773966
0.789214
0.784250
0.768948
0.954562
0.726507
1.013617
0.669699
0.764098
0.856993
0.682840
0.869731
0.839325
0.399674
0.405687
0.620801
0.585581
0.380795
0.418684
0.730388
0.548772
0.692606
0.403348
0.856682
0.413865
0.779099
0.467331
0.578284
0.468410
0.455663
0.420107
0.275165
0.437347
0.570775
0.517933
0.387616
0.465170
0.785442
0.677797
0.687451
0.482125
0.881447
0.409380
0.686549
0.438503
0.691950
0.445245
0.468171
0.410807
0.391208
0.667056
0.560697
0.307282
0.365421
0.623393
0.565711
0.673661
0.305847
0.822107
0.390284
0.658110
0.503648
0.629558
0.324081
0.472700
0.418567
0.325185
0.639756
0.615588
0.712546
0.842323
0.819150
0.758413
0.668301
0.886836
0.702015
0.907080
0.710811
0.819833
0.632073
0.701822
0.532548
0.630333
0.495590
0.601330
0.759453
0.633626
0.654910
0.630179
0.833728
0.571667
0.784976
0.556071
0.747513
0.497132
0.524054
0.462792
0.522193
0.334603
0.681368
0.489655
0.630736
0.286995
0.767841
0.444706
0.651812
0.476974
0.597463
0.315435
0.349550
0.371236
0.205537
0.520243
0.566063
0.689413
0.272672
0.774825
0.443391
0.654985
0.460156
0.611784
0.312199
0.466247
0.442505
0.373584
0.807009
0.855094
0.562099
0.718666
0.631124
0.829294
0.579071
0.728124
0.594500
0.586209
0.754602
0.697373
0.701497
0.633691
0.807293
0.632455
0.750018
0.661256
0.536784
0.649626
0.560532
0.660605
0.504439
0.696069
0.777380
0.800308
0.717829
0.764101
0.585100
0.638224
0.749366
0.700777
0.649660
0.852703
0.467390
0.743600
0.535718
0.677425
0.288987
0.424591
0.418629
0.369094
0.860433
0.697943
0.766060
0.699733
0.840572
0.783348
0.924604
0.801914
0.829061
0.277007
0.745836
0.457542
0.387747
0.418862
0.379883
0.773664
0.583094
0.774750
0.736003
0.821453
0.722422
0.718699
0.506333
0.389124
0.515646
0.448954
0.766432
0.640700
0.760355
0.649397
0.528116
0.376243
0.337742
0.484715
0.386483
0.329016
