0.614756
0.841532
0.867365
0.807409
0.829534
0.807962
0.924917
0.816953
0.809434
0.804709
0.911363
0.833775
0.889036
0.817702
0.901071
0.873223
0.841421
0.560022
0.726311
0.839654
0.819651
0.627645
0.856068
0.820954
0.858558
0.799431
0.796219
0.727474
0.881431
0.739007
0.776285
0.799398
0.939720
0.728179
0.820015
0.886099
0.852527
0.783549
0.847414
0.774987
0.937109
0.881016
0.968432
0.799631
0.849765
0.809943
0.880861
0.811518
0.685317
0.799016
0.827460
0.809965
0.768530
0.801725
0.856443
0.765187
0.742191
0.737860
0.804477
0.798470
0.769314
0.776042
0.828595
0.977510
0.799163
0.630426
0.809550
0.824502
0.723998
0.736058
0.846070
0.750431
0.743156
0.764154
0.852284
0.749702
0.861151
0.848673
0.778738
0.733660
0.830549
0.679499
0.778141
0.867733
0.779368
0.620646
0.722672
0.728277
0.872787
0.854516
0.958902
0.778768
0.832954
0.712112
0.870764
0.736367
0.747172
0.602017
0.783126
0.728707
0.954801
0.626895
0.670537
0.730536
0.635217
0.787304
0.663847
0.697302
0.670686
0.763820
0.862432
0.728525
0.842520
0.798796
0.776566
0.776467
0.758269
0.820569
0.539016
0.628647
0.737701
0.744980
0.774706
0.667280
0.775568
0.727919
0.623096
0.685385
0.713873
0.679687
0.782607
0.723336
0.620993
0.780909
0.677118
0.762774
0.796699
0.830240
0.673557
0.778961
0.662743
0.929919
0.630634
0.768395
0.686589
0.505575
0.838059
0.575736
0.772969
0.599175
0.487126
0.687217
0.480889
0.751402
0.445696
0.529287
0.917775
0.869687
0.961928
0.778009
0.592021
0.622417
0.816913
0.771264
0.461669
0.625163
0.611713
0.656647
0.633309
0.374766
0.682074
0.618383
0.551675
0.704658
0.608970
0.511094
0.857818
0.492463
0.480347
0.715756
0.666412
0.733061
0.611663
0.567644
0.561655
0.774282
0.498035
0.833300
0.421173
0.694461
0.664341
0.803581
0.681818
0.761404
0.657478
0.807008
0.777523
0.754816
0.738309
0.630155
0.797574
0.833213
0.739287
0.819094
0.823093
0.776469
0.714725
0.635351
0.760048
0.675414
0.700196
0.737137
0.752368
0.730332
0.715552
0.787155
0.673945
0.694746
0.834880
0.696973
0.684859
0.800590
0.702689
0.720002
0.676335
0.752662
0.770686
0.765241
0.713091
0.591190
0.788581
0.654411
0.836873
0.739193
0.827672
0.920115
0.476521
0.733874
0.587407
0.565574
0.720785
0.444753
0.829487
0.445897
0.732458
0.927803
0.727347
0.860426
0.845177
0.698146
0.362230
0.936248
0.880178
0.484803
0.649756
0.530597
0.644359
0.714154
0.502995
0.614348
0.477244
0.544365
0.825365
0.615307
0.468911
0.901054
0.544052
0.594356
0.614061
0.773992
0.788379
0.697360
0.718318
0.652230
0.721248
0.576339
0.933062
0.483005
0.410837
0.888541
0.781741
0.935616
0.871477
0.806823
0.822237
0.818383
0.742386
0.854399
0.889525
0.757398
0.776039
0.721169
0.739719
0.918108
0.640109
0.746644
0.776313
0.874928
0.715965
0.746952
0.662763
0.823465
0.781388
0.790178
0.839218
0.963950
0.794395
0.918847
0.896224
0.657692
0.773479
0.876021
0.884889
0.571844
0.782532
0.902496
0.628948
0.919663
0.774665
0.453629
0.813626
0.879108
0.660554
0.499601
0.704540
0.667665
0.442383
0.545537
0.413046
0.657323
0.958979
0.769397
0.999128
0.907479
0.611499
0.536496
0.824682
0.703806
0.488201
0.775993
0.581190
0.635646
0.746478
0.508511
0.705427
0.593379
0.644004
0.714605
0.651972
0.446818
0.555736
0.530069
0.580702
0.781081
0.597120
0.776032
0.705241
0.691800
0.595367
0.578740
0.521269
0.838137
0.516476
0.601871
0.788782
0.713717
0.846305
0.673407
0.639593
0.617154
0.697632
0.851098
0.801150
0.751459
0.769439
0.658049
0.765896
0.622128
0.557396
0.476552
0.768295
0.676547
0.733887
0.664668
0.736093
0.708652
0.724854
0.712893
0.813779
0.815148
0.612171
0.602376
0.682209
0.617094
0.805029
0.524710
0.656484
0.732766
0.821159
0.636388
0.597284
0.656517
0.781931
0.788296
0.753797
0.636553
0.550906
0.533925
0.642218
0.466388
0.607224
0.952604
0.687862
0.913640
0.889139
0.769221
0.602591
0.824692
0.777411
0.500824
0.658142
0.585448
0.648109
0.719310
0.610391
0.784549
0.625957
0.543216
0.693882
0.443276
0.517966
0.733256
0.549234
0.506305
0.654529
0.649980
0.769131
0.779874
0.627642
0.576162
0.697180
0.548625
0.897522
0.493720
0.671183
0.687625
0.485300
0.772111
0.611876
0.574540
0.930129
0.766762
0.828010
0.725880
0.729559
0.569635
0.760371
0.856212
0.385862
0.583202
0.662327
0.602180
0.701114
0.465045
0.735141
0.617082
0.492965
0.648467
0.591533
0.596058
0.865972
0.546187
0.510969
0.709084
0.597735
0.679460
0.649389
0.765375
0.606916
0.775305
0.561972
0.777068
0.516469
0.635112
0.706144
0.815325
0.728725
0.841984
0.911433
0.586031
0.884719
0.812830
0.808405
0.726145
0.826463
0.910530
0.635685
0.459919
0.653748
0.596757
0.660348
0.635675
0.737533
0.738525
0.741699
0.818359
0.487564
0.738061
0.860613
0.661141
0.665407
0.677761
0.759618
0.594398
0.790305
0.737952
0.658872
0.693217
0.690823
0.759605
0.642422
0.750821
0.711890
0.369828
0.470752
0.995847
0.729359
0.936852
0.805817
0.545192
0.469887
0.779499
0.675094
0.348363
0.689532
0.491291
0.552102
0.668078
0.427246
0.691196
0.676796
0.528563
0.783179
0.566745
0.442675
0.774631
0.400340
0.425000
0.660796
0.629397
0.716342
0.690301
0.655493
0.452569
0.673467
0.417659
0.837624
0.406569
0.614625
0.702129
0.651434
0.893846
0.884713
0.902546
0.915037
0.584534
0.858894
0.717813
0.529907
0.552521
0.867367
0.757109
0.858552
0.777991
0.742138
0.890374
0.695975
0.779716
0.491467
0.669429
0.561334
0.414527
0.663185
0.574783
0.919973
0.550361
0.805231
0.899186
0.719659
0.633832
0.485604
0.578131
0.751246
0.794106
0.862639
0.609025
0.908356
0.738484
0.966822
0.820282
0.632181
0.506616
0.758847
0.628992
0.434027
0.696313
0.548653
0.611494
0.683353
0.459779
0.584476
0.520096
0.455296
0.799678
0.571684
0.390435
0.776945
0.409963
0.494451
0.653095
0.672493
0.671991
0.527212
0.648254
0.450405
0.752451
0.431438
0.804179
0.433227
0.610816
1.022825
0.924210
0.966119
0.760052
0.647722
0.718146
0.729279
0.709158
0.511471
0.781981
0.613402
0.703956
0.701404
0.621152
0.817825
0.834456
0.683700
0.709559
0.679678
0.612588
0.793749
0.567631
0.532897
0.888034
0.645989
0.783313
0.674692
0.703833
0.604385
0.660283
0.498072
0.775790
0.582323
0.743680
0.872650
0.899015
0.876602
0.908018
1.006546
0.833861
0.740610
0.904376
0.984957
0.896040
0.872023
0.852385
0.951313
0.885588
0.772706
0.953018
0.941873
0.896759
0.967488
0.908017
0.905366
0.902310
0.986954
0.917594
0.882756
0.825101
0.993242
0.851982
0.903108
0.954551
0.886721
0.985031
0.919045
0.771938
0.764802
0.944175
0.660441
0.751304
0.910863
0.703033
0.493609
0.568222
0.566531
0.600431
0.788018
0.689779
0.640521
0.656580
0.879364
0.509763
0.863121
0.858095
0.740353
0.770787
0.505735
0.850742
0.593821
0.786450
0.966926
0.693334
0.817259
0.867547
0.762185
0.687243
0.689696
0.692459
0.974526
0.727434
0.643843
0.899327
0.806598
0.772520
0.832762
0.834135
0.688630
0.925694
0.878487
0.758772
0.785112
1.001413
0.832307
0.934457
0.939538
0.918628
0.881007
0.759193
0.829989
0.874087
0.947154
1.013419
0.844824
0.894383
0.861289
0.882155
0.911354
0.777810
0.775499
0.808765
0.629096
0.756558
0.763933
0.800187
0.765657
0.744725
0.653466
0.821194
0.787147
0.822075
0.821306
0.891132
0.791944
0.888764
0.938699
0.854462
0.795994
0.707084
0.771191
0.697302
0.875203
0.827785
0.771903
0.871293
0.792676
0.729193
0.829497
0.831262
0.848435
0.717678
0.604313
0.500864
0.826496
0.553112
0.767713
0.686030
0.674115
0.767014
0.821521
0.758644
0.808128
0.756107
0.598968
0.713396
0.548812
0.507974
0.842474
0.648939
0.618802
0.833757
0.673740
0.614064
0.663612
0.455489
0.666677
0.652186
0.806349
0.760433
0.857104
0.536162
0.596690
0.577910
0.644638
0.698127
0.550605
0.546306
0.503888
0.497179
0.913233
0.539479
0.545601
0.866147
0.508775
0.663886
0.547520
0.694354
0.822752
0.691885
0.807548
0.651891
0.837824
0.583992
0.972384
0.464396
0.441209
0.717431
0.690040
0.806659
0.749023
0.789407
0.638412
0.789101
0.755326
0.803170
0.778054
0.829450
0.721902
0.765526
0.751661
0.761603
0.694926
0.783284
0.692087
0.666329
0.803712
0.799789
0.634657
0.821750
0.746228
0.734562
0.858793
0.799907
0.657627
0.929874
0.766523
0.823248
0.701520
0.770590
0.849307
0.782317
0.853332
0.778359
0.835092
0.683346
0.525192
0.718427
0.741907
0.906273
0.633377
0.838975
0.831588
0.703579
0.683751
0.631075
0.686012
0.763874
0.869293
0.854853
0.546017
0.463804
0.595652
0.596032
0.414176
0.650327
0.581651
0.410269
0.614547
0.533502
0.421496
0.684238
0.367733
0.335999
0.664393
0.481419
0.527245
0.658118
0.726472
0.411930
0.538259
0.323077
0.729756
0.399222
0.608000
0.616908
0.553049
0.616119
0.641138
0.710715
0.701604
0.545859
0.822595
0.532906
0.678333
0.883829
0.674093
0.623532
0.479257
0.743982
0.585384
0.775185
0.807696
0.659603
0.794203
0.669125
0.867259
0.578777
0.691245
0.491021
0.608913
0.663085
0.763634
0.613069
0.579194
0.871446
0.460975
0.705229
0.864787
0.428602
0.465836
0.565497
0.743796
0.662370
0.728696
0.829408
0.566552
0.722025
0.572316
0.592391
0.490822
0.589463
0.672541
0.639790
0.760544
0.708522
0.590947
0.852911
0.552336
0.758619
0.877270
0.622677
0.608137
0.668284
0.747568
0.646018
0.612034
0.856609
0.600851
0.789952
0.755035
0.702229
0.556421
0.667727
0.680951
0.664385
0.695693
0.744877
0.827596
0.604893
0.758728
0.817880
0.592965
0.630418
0.706859
0.676259
0.690230
0.716823
0.786785
0.554182
0.763825
0.658609
0.689321
0.648690
0.742486
0.635552
0.626745
0.514493
0.712062
0.613439
0.415855
0.774540
0.418229
0.551821
0.745134
0.616089
0.662668
0.526362
0.711237
0.484474
0.678091
0.434523
0.821246
0.450952
0.639931
0.675195
0.670441
0.935731
0.725194
0.568571
0.923887
0.612018
0.770268
0.791994
0.734795
0.714497
0.526021
0.825658
0.678970
0.821393
0.614775
0.863547
0.617074
0.614108
0.607973
0.769554
0.593189
0.661864
0.730050
0.568868
0.690421
0.765661
0.757157
0.790727
0.720397
0.856940
0.645177
0.794818
0.677318
0.853577
0.617015
0.542265
0.779661
0.515718
0.602506
0.885519
0.507480
0.450044
0.500806
0.698608
0.701225
0.668216
0.811993
0.563534
0.874261
0.533545
0.864563
0.414276
0.640651
0.761595
0.693213
0.669328
0.758872
0.658473
0.929200
0.678469
0.901561
0.847318
0.840590
0.763376
0.651075
0.620567
0.862170
0.720629
0.829570
0.665832
0.858999
0.486973
0.505352
0.508125
0.696187
0.743258
0.715010
0.795962
0.598638
0.738229
0.634158
0.711993
0.518626
0.623810
0.615723
0.497388
0.554235
0.801887
0.531685
0.746705
0.629591
0.598902
0.500451
0.597328
0.410056
0.888813
0.555145
0.657354
0.773400
0.749611
1.015878
0.560901
0.860287
0.925920
0.798051
0.745293
0.557687
0.721772
0.894505
0.856865
0.876494
0.420094
0.694209
0.675529
0.685405
0.616631
0.707003
0.406954
0.726952
0.357709
0.637508
0.394372
0.580407
0.609290
0.569736
0.638291
0.734892
0.676406
0.457450
0.653825
0.433588
0.774137
0.456427
0.651986
0.816035
0.704148
0.863951
0.827089
0.731602
0.926131
0.780163
0.899672
0.585177
0.670277
0.720376
0.747922
0.760572
0.644911
0.578079
0.604439
0.834211
0.585280
0.808602
0.644615
0.833928
0.661889
0.753681
0.679411
0.643120
0.667201
0.880685
0.855382
0.660204
0.807802
0.657437
0.793986
0.620611
0.719729
0.683312
0.791353
0.709384
0.905416
0.752689
0.898373
0.695114
0.452027
0.660377
0.557887
0.691541
0.633412
0.783194
0.721019
0.811113
0.727118
0.461196
0.668249
0.814850
0.885249
0.610948
