0.322682
0.451389
0.184549
0.165581
0.380905
0.393810
0.209332
0.359599
0.463734
0.272881
0.303143
0.427574
0.319084
0.204251
0.439515
0.175427
0.479972
0.374734
0.185062
0.402016
0.430695
0.463893
0.183452
0.391110
0.212225
0.346770
0.404336
0.461870
0.342247
0.384937
0.475639
0.486418
0.435607
0.437832
0.491891
0.445391
0.375704
0.342866
0.466950
0.488069
0.337841
0.365380
0.463700
0.512708
0.425537
0.464142
0.262895
0.324324
0.380547
0.506585
0.531404
0.576575
0.549144
0.434064
0.434733
0.087284
0.608472
0.741252
0.413851
0.520209
0.830781
0.054044
0.573566
0.462683
0.563843
0.535364
0.522785
0.510125
0.508088
0.815625
0.620140
0.064621
0.163354
0.113539
0.056713
0.564167
0.041832
0.122335
0.627955
0.513956
0.542681
0.550994
0.594547
0.571633
0.049675
0.347547
0.516581
0.634237
0.436382
0.663635
0.593343
0.633286
0.530102
0.504647
0.025678
0.570997
0.060328
0.673923
0.619753
0.097416
0.209286
0.146433
0.524026
0.041501
0.554091
0.175364
0.023092
0.548049
0.516260
0.080555
0.612343
0.070480
0.188264
0.271775
0.046747
0.017869
0.931583
0.371293
0.514894
0.591867
0.500401
0.539636
0.123894
0.512997
0.480934
0.071482
0.020232
0.024734
0.047212
0.052011
0.065049
0.530422
0.101617
0.018924
0.064931
0.185021
0.828266
0.104102
0.057113
0.076600
0.052571
0.491321
0.173866
0.568122
0.071833
0.711403
0.761140
0.432517
0.580326
0.712558
0.446742
0.684372
0.666231
0.432552
0.431562
0.734402
0.030799
0.749550
0.762304
0.449934
0.663191
0.676148
0.410146
0.358240
0.604099
0.422457
0.617169
0.530608
0.801646
0.516679
0.627346
0.710857
0.750456
0.694496
0.720136
0.776903
0.749023
0.544130
0.632522
0.748579
0.778442
0.715700
0.192212
0.774196
0.769508
0.711064
0.747965
0.479264
0.596183
0.575586
0.596443
0.659787
0.381943
0.612482
0.609278
0.327214
0.581816
0.597023
0.327071
0.473775
0.618678
0.104155
0.662570
0.641236
0.351722
0.575875
0.619188
0.356693
0.249136
0.645869
0.417567
0.624170
0.608038
0.680083
0.569671
0.649706
0.597017
0.683929
0.621431
0.624013
0.672157
0.647412
0.603598
0.563683
0.671618
0.670323
0.610484
0.262246
0.657792
0.662892
0.630258
0.678635
0.522893
0.491844
0.616747
0.082124
0.104284
0.565105
0.056614
0.379330
0.051562
0.081700
0.416161
0.509182
0.027954
0.657702
0.071696
0.044884
0.130058
0.044483
0.081878
0.846925
0.221656
0.550728
0.528002
0.484226
0.630839
0.030834
0.569313
0.482602
0.083465
0.078804
0.053243
0.052067
0.040188
0.027537
0.592410
0.090106
0.063306
0.034349
0.071432
0.874921
0.031869
0.068214
0.050871
0.071850
0.516847
0.077911
0.582529
0.194435
0.423137
0.192680
0.458556
0.034489
0.189066
0.568072
0.409072
0.135810
0.721370
0.205868
0.073949
0.216016
0.141856
0.172658
0.910491
0.327135
0.393626
0.423562
0.330325
0.505044
0.091307
0.438444
0.320848
0.235379
0.153736
0.164747
0.189276
0.166853
0.137059
0.458925
0.111406
0.155038
0.162059
0.066558
0.927131
0.118331
0.180961
0.137109
0.180270
0.425893
0.200330
0.417411
0.483420
0.143593
0.334933
0.128084
0.123997
0.337521
0.367251
0.122815
0.370194
0.156830
0.156360
0.086800
0.097203
0.134854
0.696658
0.150712
0.481498
0.413503
0.436430
0.499671
0.150592
0.449717
0.420266
0.171523
0.160609
0.106130
0.126825
0.145937
0.120891
0.475001
0.134687
0.146882
0.144626
0.154683
0.637391
0.160146
0.186146
0.132005
0.142059
0.398780
0.093782
0.503803
0.626411
0.732560
0.429164
0.509486
0.832730
0.104206
0.602471
0.547083
0.580381
0.563602
0.572973
0.521182
0.505489
0.799932
0.659018
0.026451
0.228275
0.027288
0.099949
0.595823
0.043108
0.051241
0.653117
0.519536
0.572829
0.561750
0.621750
0.600685
0.039715
0.361712
0.523929
0.658041
0.472445
0.684997
0.604344
0.648673
0.532730
0.532053
0.142112
0.626430
0.063545
0.453567
0.148610
0.048650
0.461045
0.594252
0.024426
0.657105
0.065036
0.134058
0.219554
0.033328
0.054105
0.882900
0.294800
0.620890
0.629632
0.573862
0.675459
0.068689
0.631101
0.567405
0.015527
0.050886
0.025276
0.037742
0.020879
0.030978
0.650322
0.105410
0.044657
0.022965
0.151322
0.861618
0.045697
0.014589
0.070554
0.064492
0.580363
0.107333
0.659771
0.396239
0.515166
0.090288
0.617127
0.428304
0.451114
0.477276
0.383524
0.187071
0.451623
0.516167
0.352238
0.094869
0.758390
0.559553
0.668293
0.830945
0.443864
0.757714
0.718072
0.460788
0.556592
0.484778
0.489237
0.474009
0.436776
0.783900
0.491402
0.546836
0.445609
0.453663
0.500164
0.441627
0.481894
0.456063
0.521203
0.694935
0.321694
0.752991
0.156251
0.484226
0.360694
0.094659
0.632851
0.174299
0.031470
0.148183
0.105227
0.152523
0.847726
0.249890
0.412718
0.376365
0.338656
0.508654
0.063383
0.437892
0.337483
0.178472
0.141363
0.124637
0.138590
0.130247
0.098448
0.462118
0.086315
0.131548
0.121234
0.026074
0.858246
0.087987
0.148035
0.119065
0.149048
0.386383
0.121404
0.430324
0.508708
0.499358
0.074712
0.611060
0.053981
0.176435
0.236338
0.028171
0.020560
0.885500
0.337538
0.513407
0.564601
0.478417
0.559142
0.116317
0.512660
0.460021
0.086896
0.023688
0.026695
0.027550
0.050200
0.056073
0.529098
0.091702
0.022035
0.065027
0.171723
0.809944
0.081786
0.079493
0.049912
0.046284
0.504014
0.150584
0.571618
0.703176
0.461010
0.412943
0.464596
0.481747
0.235884
0.457336
0.523019
0.292205
0.133043
0.859823
0.663916
0.786379
0.910221
0.509888
0.850941
0.844974
0.447583
0.582092
0.492892
0.472531
0.486664
0.471041
0.867338
0.557952
0.559526
0.456375
0.543080
0.417402
0.482960
0.503021
0.478728
0.534866
0.787874
0.336527
0.872522
0.549256
0.379696
0.551261
0.484903
0.433352
0.482698
0.495670
0.703084
0.508479
0.110132
0.076430
0.111577
0.123456
0.544083
0.083278
0.122102
0.615979
0.522595
0.531589
0.534796
0.589111
0.550340
0.090976
0.333049
0.521651
0.610011
0.397259
0.578703
0.557781
0.625634
0.491097
0.500632
0.042268
0.506349
0.091629
0.682640
0.069727
0.072625
0.175084
0.035950
0.082655
0.866964
0.263642
0.593709
0.570063
0.527852
0.663155
0.019790
0.607802
0.521693
0.036773
0.068150
0.035635
0.046831
0.016010
0.014392
0.628246
0.087710
0.058244
0.017200
0.092314
0.898911
0.019465
0.031864
0.058443
0.060366
0.538519
0.069477
0.616721
0.675921
0.715756
0.402676
0.598383
0.621015
0.428131
0.330432
0.556071
0.385580
0.585951
0.472091
0.750397
0.467891
0.595436
0.654765
0.692636
0.634816
0.651343
0.715197
0.692570
0.491148
0.579660
0.690232
0.717960
0.671000
0.186188
0.722643
0.717286
0.659036
0.680370
0.418773
0.533506
0.535805
0.163230
0.219321
0.048388
0.058075
0.839539
0.321867
0.572525
0.607054
0.536708
0.629529
0.102849
0.584914
0.534372
0.096923
0.064825
0.061010
0.038474
0.040453
0.048542
0.594370
0.130908
0.056363
0.053681
0.198809
0.840565
0.070305
0.093135
0.033511
0.022295
0.548688
0.144465
0.637140
0.142516
0.123389
0.170830
0.885340
0.244754
0.547512
0.479499
0.462989
0.638433
0.036303
0.571518
0.465998
0.159779
0.149155
0.121402
0.136230
0.103849
0.072005
0.599478
0.132313
0.134967
0.087530
0.034670
0.939385
0.070546
0.126873
0.125762
0.142558
0.494473
0.101001
0.560564
0.192458
0.244360
0.581982
0.041903
0.574677
0.426796
0.506637
0.618713
0.177867
0.553304
0.519174
0.246695
0.269080
0.202593
0.201876
0.207355
0.169029
0.586537
0.222292
0.247942
0.200179
0.177097
0.598189
0.193063
0.263669
0.188953
0.220766
0.464735
0.093777
0.580579
0.045462
0.842696
0.281107
0.514015
0.528701
0.469006
0.573699
0.069721
0.520300
0.458608
0.061969
0.045066
0.030490
0.026419
0.034635
0.037710
0.537738
0.065305
0.040716
0.041402
0.127292
0.808975
0.037630
0.056866
0.036816
0.049214
0.491572
0.096353
0.555287
0.901370
0.348712
0.503883
0.567026
0.474630
0.546691
0.118235
0.509362
0.455667
0.098332
0.021168
0.033912
0.052692
0.056421
0.060985
0.524828
0.103723
0.025452
0.067564
0.179173
0.809842
0.098227
0.073929
0.045888
0.046224
0.493069
0.179930
0.560628
0.452411
0.856743
0.658030
0.806038
0.884970
0.918378
0.832996
0.878302
0.854343
0.976204
0.910324
0.868932
0.901933
0.888236
0.834023
0.873860
0.959206
0.898315
0.908448
0.218972
0.874917
0.926355
0.843778
0.897852
0.791173
0.714881
0.840526
0.667414
0.464966
0.594222
0.706879
0.284658
0.643260
0.617938
0.303410
0.386613
0.304107
0.306901
0.309430
0.274501
0.674473
0.328321
0.369012
0.290333
0.290177
0.497134
0.287420
0.335966
0.297612
0.345526
0.560213
0.152491
0.662325
0.230270
0.037806
0.056559
0.575212
0.023265
0.047065
0.651787
0.504271
0.560253
0.563513
0.610999
0.591355
0.016878
0.340122
0.513491
0.647700
0.451546
0.724266
0.592984
0.635243
0.531251
0.519831
0.123829
0.623220
0.049231
0.218966
0.248931
0.561953
0.203481
0.233238
0.643206
0.587904
0.590152
0.589067
0.632106
0.590254
0.219167
0.376091
0.591714
0.639681
0.393248
0.601254
0.566373
0.645854
0.545018
0.571685
0.116541
0.501626
0.186230
0.140079
0.502951
0.070360
0.028465
0.598375
0.477092
0.522339
0.515129
0.559594
0.532272
0.066699
0.315812
0.481422
0.587394
0.387774
0.734735
0.525887
0.586538
0.477778
0.485431
0.163972
0.550955
0.069305
0.656293
0.025003
0.119170
0.705702
0.550430
0.597929
0.620365
0.671010
0.656319
0.024767
0.411429
0.562043
0.711728
0.534149
0.691427
0.685333
0.696437
0.603841
0.564716
0.102996
0.675055
0.088791
0.600423
0.492042
0.088571
0.087582
0.063072
0.084134
0.038281
0.026243
0.621019
0.103914
0.079489
0.036426
0.059394
0.966533
0.031050
0.064789
0.078885
0.081284
0.532466
0.088990
0.598116
0.065079
0.663165
0.517687
0.560640
0.566012
0.624728
0.603629
0.006910
0.355594
0.523009
0.666097
0.471235
0.673105
0.620691
0.658240
0.545523
0.524220
0.088932
0.613498
0.053053
0.606453
0.452032
0.499359
0.518365
0.552562
0.522213
0.061566
0.300043
0.462961
0.582041
0.385049
0.791353
0.523952
0.579490
0.467141
0.468417
0.170710
0.560288
0.072158
0.091663
0.052787
0.060685
0.042801
0.060131
0.680244
0.142639
0.079592
0.038885
0.175717
0.850252
0.069478
0.021616
0.113868
0.101054
0.599403
0.104387
0.681936
0.023394
0.051156
0.042371
0.045572
0.533093
0.090007
0.009224
0.052880
0.151379
0.903549
0.078049
0.057735
0.058213
0.042048
0.503926
0.174216
0.561581
0.032974
0.022375
0.022751
0.581514
0.091397
0.018187
0.027858
0.128573
0.858225
0.058843
0.040416
0.057829
0.040651
0.515819
0.102520
0.599771
0.026872
0.036570
0.584457
0.103800
0.032778
0.040223
0.145416
0.846136
0.051786
0.071094
0.051869
0.043067
0.529041
0.103969
0.612572
0.009665
0.642887
0.106573
0.033438
0.010378
0.129925
0.910506
0.033555
0.033636
0.048694
0.036558
0.567125
0.102053
0.649554
0.625442
0.096750
0.036554
0.011967
0.103120
0.899451
0.027216
0.043571
0.040883
0.037424
0.539319
0.084657
0.624336
0.373620
0.541886
0.684558
0.497978
0.678130
0.638791
0.675667
0.560843
0.537145
0.103109
0.640774
0.058770
0.088753
0.125889
0.087190
0.832662
0.083375
0.118224
0.099706
0.100120
0.324083
0.156991
0.374723
0.043261
0.138535
0.903684
0.069866
0.057583
0.056416
0.038069
0.502720
0.156114
0.568914
0.128274
0.915634
0.031675
0.026385
0.056775
0.055870
0.602749
0.090194
0.681924
0.923240
0.090138
0.149363
0.154321
0.161423
0.390065
0.125157
0.465865
0.912524
0.918156
0.826036
0.874924
0.641639
0.740835
0.712152
0.052055
0.053506
0.070818
0.559561
0.084946
0.621277
0.094028
0.085793
0.607487
0.126367
0.669501
0.031931
0.506220
0.127960
0.575297
0.484685
0.135507
0.578483
0.518936
0.100852
0.630015
