0.032021
0.590396
0.029477
0.040100
0.256611
0.125604
0.491920
0.132651
0.034263
0.520919
0.144994
0.030725
0.888697
0.087801
0.500304
0.068412
0.414375
0.063764
0.019646
0.025704
0.090173
0.865243
0.024450
0.043288
0.027190
0.044068
0.041904
0.068121
0.573935
0.034371
0.115965
0.235047
0.660426
0.638906
0.711860
0.016524
0.073767
0.074812
0.116822
0.393256
0.066372
0.029743
0.094432
0.070565
0.045622
0.048567
0.038218
0.427047
0.066194
0.625078
0.014126
0.015632
0.273684
0.115173
0.491361
0.136964
0.013890
0.552282
0.121759
0.029919
0.917070
0.079245
0.536660
0.026794
0.447388
0.038830
0.030316
0.017523
0.110703
0.887731
0.007025
0.070897
0.024811
0.013084
0.038397
0.024388
0.549872
0.022838
0.088605
0.257707
0.660538
0.638873
0.670680
0.029765
0.053452
0.038755
0.119558
0.445969
0.036705
0.047428
0.089795
0.029022
0.010378
0.042337
0.055136
0.447991
0.045602
0.549568
0.553266
0.411996
0.370765
0.467195
0.463876
0.570908
0.009059
0.685280
0.608893
0.322929
0.583995
0.146911
0.541457
0.374217
0.596086
0.561649
0.546870
0.419523
0.202141
0.606406
0.578117
0.546034
0.578239
0.605970
0.584992
0.482924
0.532674
0.437063
0.376919
0.317478
0.352600
0.493167
0.564364
0.604138
0.600574
0.424500
0.383816
0.622061
0.573937
0.520059
0.634382
0.619014
0.611856
0.575452
0.373797
0.620814
0.011427
0.245501
0.084182
0.488645
0.107478
0.013716
0.477862
0.142226
0.036443
0.878393
0.067204
0.463641
0.027257
0.414692
0.033316
0.027951
0.007299
0.080069
0.836405
0.012075
0.066313
0.022867
0.011908
0.030886
0.038946
0.557901
0.020295
0.067856
0.205696
0.634837
0.612533
0.669439
0.020533
0.049073
0.026544
0.088355
0.408292
0.049710
0.036284
0.077469
0.037235
0.013955
0.034068
0.057804
0.409176
0.035471
0.261114
0.092600
0.492875
0.124880
0.020122
0.483984
0.160322
0.044742
0.856675
0.074076
0.466983
0.024116
0.429151
0.036165
0.031999
0.016281
0.107760
0.830955
0.012749
0.063271
0.024755
0.015346
0.038619
0.042255
0.566200
0.027506
0.075918
0.210322
0.649047
0.630790
0.687420
0.032207
0.060260
0.035072
0.095330
0.402905
0.050393
0.041777
0.086083
0.036602
0.015859
0.044299
0.049463
0.419218
0.054517
0.114285
0.187767
0.069771
0.283967
0.333262
0.461712
0.329849
0.789445
0.144752
0.381993
0.233521
0.067168
0.215973
0.273916
0.257525
0.188303
0.729192
0.252240
0.184940
0.312223
0.302726
0.311646
0.321235
0.278394
0.284691
0.139921
0.357050
0.370844
0.341830
0.430596
0.221068
0.177183
0.234917
0.113299
0.317444
0.365146
0.193388
0.102030
0.268544
0.262687
0.224753
0.225650
0.178599
0.244090
0.362167
0.036591
0.107764
0.301634
0.272480
0.168205
0.732751
0.056320
0.317237
0.079272
0.255275
0.065091
0.111451
0.100879
0.074810
0.692756
0.109425
0.094922
0.136246
0.114146
0.125908
0.147114
0.416121
0.114979
0.018874
0.167146
0.469430
0.464734
0.520320
0.097944
0.064832
0.093207
0.022862
0.296495
0.182425
0.073349
0.052729
0.119598
0.111044
0.078059
0.120353
0.234904
0.087745
0.334951
0.494968
0.411108
0.595486
0.525104
0.822620
0.449153
0.567215
0.447190
0.105789
0.487272
0.522851
0.469606
0.425523
0.638135
0.480408
0.439921
0.508724
0.530204
0.562122
0.470504
0.053708
0.471232
0.381348
0.676181
0.175737
0.111392
0.206388
0.462609
0.436413
0.486850
0.408747
0.590670
0.534957
0.484411
0.331513
0.450101
0.468828
0.522709
0.443470
0.356434
0.532511
0.136608
0.381369
0.324357
0.206847
0.836025
0.034489
0.375732
0.112681
0.214496
0.070152
0.140161
0.123561
0.081970
0.802988
0.125909
0.083838
0.175547
0.152853
0.151753
0.185701
0.412832
0.152866
0.038289
0.238494
0.497148
0.476108
0.541290
0.109638
0.051273
0.105887
0.025160
0.309957
0.228390
0.066237
0.036494
0.135374
0.131371
0.081645
0.128989
0.209557
0.085969
0.503959
0.104973
0.030740
0.881394
0.096703
0.483873
0.042009
0.444722
0.047786
0.026013
0.013778
0.080425
0.844377
0.019989
0.085095
0.017334
0.009956
0.027365
0.020072
0.550790
0.015064
0.089052
0.242443
0.632711
0.617527
0.662736
0.031191
0.060522
0.056705
0.117523
0.434931
0.029362
0.049240
0.108770
0.049182
0.023596
0.047657
0.070456
0.429376
0.041603
0.636755
0.545945
0.357867
0.499643
0.129489
0.467204
0.312806
0.519382
0.497060
0.478243
0.354084
0.259881
0.531762
0.502111
0.484812
0.511431
0.542830
0.520529
0.442663
0.468234
0.364547
0.335172
0.310092
0.330595
0.474540
0.490784
0.523194
0.518978
0.349528
0.335183
0.560538
0.497733
0.435116
0.557982
0.543982
0.536107
0.506105
0.324550
0.546721
0.083304
0.937280
0.282576
0.660125
0.191439
0.596860
0.215517
0.124654
0.126551
0.197771
0.856974
0.148714
0.257512
0.104021
0.115528
0.119526
0.079344
0.589537
0.100908
0.260840
0.376822
0.667457
0.670273
0.646747
0.154633
0.219305
0.215442
0.308380
0.566166
0.068026
0.203109
0.294110
0.183421
0.144917
0.183616
0.223603
0.585042
0.161103
0.899055
0.152199
0.542442
0.072869
0.479817
0.105254
0.027398
0.030751
0.129159
0.855494
0.031164
0.113102
0.016042
0.029606
0.055686
0.038911
0.588160
0.024719
0.159961
0.255922
0.678109
0.657250
0.713616
0.034242
0.124498
0.086299
0.179770
0.458989
0.022007
0.082462
0.151134
0.080541
0.046055
0.085041
0.079312
0.515713
0.092727
0.889947
0.357889
0.850227
0.739143
0.895607
0.859418
0.877167
0.767870
0.407565
0.909594
0.861079
0.850475
0.878483
0.889223
0.889454
0.794358
0.855389
0.788541
0.623148
0.650308
0.712733
0.772583
0.881980
0.911053
0.912944
0.759419
0.539812
0.904099
0.875793
0.866533
0.940406
0.926822
0.897213
0.880228
0.657610
0.924791
0.463666
0.068268
0.325189
0.026413
0.094994
0.089170
0.106047
0.909250
0.068136
0.043569
0.130779
0.100881
0.101006
0.146263
0.530450
0.119921
0.043610
0.230183
0.645211
0.624721
0.663297
0.070101
0.023718
0.057675
0.031289
0.324368
0.176683
0.030659
0.031866
0.084253
0.078178
0.035664
0.078184
0.296688
0.050268
0.463286
0.431449
0.486169
0.456416
0.482406
0.322352
0.493915
0.519001
0.479840
0.486699
0.485889
0.504562
0.547330
0.644858
0.483149
0.379855
0.228903
0.572744
0.576578
0.735254
0.469757
0.492234
0.486142
0.331070
0.296354
0.538594
0.442691
0.453663
0.572636
0.544852
0.470352
0.525102
0.386485
0.492771
0.393990
0.043314
0.061483
0.038041
0.110151
0.827226
0.027116
0.079219
0.058412
0.032966
0.086347
0.054101
0.506139
0.046081
0.057333
0.234543
0.611219
0.587949
0.631555
0.047812
0.059087
0.021639
0.081049
0.389876
0.078721
0.063601
0.055317
0.039054
0.025915
0.058263
0.067959
0.412436
0.074013
0.405024
0.441007
0.413222
0.325263
0.629108
0.417559
0.344173
0.460506
0.475035
0.490416
0.462355
0.186919
0.431679
0.293563
0.526778
0.249575
0.225177
0.338883
0.374477
0.356243
0.412456
0.262978
0.388184
0.519595
0.371417
0.237866
0.431588
0.427261
0.422738
0.368343
0.211789
0.442010
0.058924
0.050983
0.096965
0.879272
0.038463
0.043703
0.080766
0.053674
0.050617
0.086701
0.549005
0.072069
0.037746
0.230357
0.645994
0.628093
0.655628
0.056391
0.016913
0.037463
0.060780
0.416509
0.117827
0.027194
0.057302
0.038050
0.035736
0.021856
0.064811
0.356902
0.024097
0.032658
0.085847
0.840290
0.026866
0.061751
0.025782
0.034038
0.038297
0.061691
0.600353
0.036363
0.106293
0.197706
0.682714
0.670748
0.735773
0.026124
0.080934
0.070766
0.110448
0.383130
0.046155
0.033408
0.110703
0.080299
0.049307
0.044857
0.060398
0.434872
0.055180
0.088780
0.816781
0.016353
0.072865
0.015835
0.016951
0.033702
0.032063
0.535929
0.011197
0.086525
0.226903
0.608084
0.584608
0.646857
0.023671
0.065723
0.048134
0.108284
0.430588
0.044830
0.047547
0.090169
0.039074
0.017622
0.051873
0.054875
0.422922
0.052323
0.748527
0.109897
0.104394
0.104317
0.103580
0.095834
0.120815
0.483289
0.088373
0.076181
0.221055
0.524529
0.514351
0.587102
0.086471
0.080013
0.117337
0.080110
0.304885
0.139489
0.071697
0.105419
0.150363
0.122673
0.074590
0.148303
0.285375
0.079706
0.884315
0.869184
0.800609
0.850860
0.866408
0.812212
0.563343
0.786674
0.731082
0.704220
0.329106
0.392116
0.465799
0.868486
0.907061
0.903038
0.768813
0.744225
0.874635
0.889654
0.838665
0.877572
0.873468
0.922627
0.829203
0.653515
0.912111
0.053501
0.024086
0.019825
0.041897
0.038064
0.558734
0.027372
0.088584
0.250666
0.666832
0.640882
0.693394
0.020044
0.055232
0.033660
0.104785
0.415564
0.047900
0.036101
0.076158
0.033472
0.012730
0.042572
0.037681
0.432958
0.052879
0.094018
0.101839
0.082680
0.132283
0.534137
0.097378
0.084901
0.255241
0.635998
0.610871
0.678841
0.055261
0.052087
0.080201
0.074298
0.341617
0.151214
0.023809
0.057549
0.080242
0.072952
0.047368
0.040005
0.343235
0.081993
0.019921
0.037121
0.027786
0.572440
0.011228
0.121712
0.236683
0.634655
0.620407
0.686080
0.035381
0.099914
0.078417
0.146905
0.424896
0.026988
0.067551
0.133705
0.065733
0.036017
0.076834
0.067813
0.450088
0.077556
0.034502
0.026343
0.584850
0.018137
0.096791
0.214181
0.667026
0.651795
0.694297
0.031485
0.073571
0.044928
0.122831
0.437302
0.030390
0.059516
0.116547
0.048924
0.022368
0.051728
0.073798
0.460967
0.050968
0.061008
0.619893
0.042102
0.110014
0.224874
0.679674
0.673743
0.708022
0.046654
0.063009
0.081917
0.137574
0.453176
0.061255
0.048791
0.145277
0.067479
0.047581
0.041252
0.084031
0.424375
0.035468
0.500402
0.021967
0.118107
0.311257
0.586593
0.571302
0.593503
0.066739
0.098164
0.081107
0.169187
0.486354
0.028448
0.102487
0.140910
0.055376
0.031471
0.095962
0.100375
0.465675
0.084125
0.522553
0.425781
0.741850
0.097461
0.063567
0.076594
0.547844
0.496865
0.560708
0.484193
0.690443
0.590303
0.575426
0.410915
0.504537
0.529290
0.592233
0.528306
0.399872
0.589200
0.098531
0.246340
0.587782
0.570150
0.626366
0.036946
0.086665
0.071760
0.131372
0.435760
0.035316
0.069626
0.112813
0.052607
0.030749
0.072428
0.069367
0.433634
0.070846
0.220931
0.485848
0.477904
0.516478
0.098937
0.038504
0.069109
0.034268
0.352717
0.168059
0.069587
0.042185
0.082188
0.081301
0.067723
0.111851
0.244761
0.064746
0.749344
0.752181
0.838610
0.204823
0.270925
0.227992
0.171790
0.327920
0.280678
0.194766
0.271832
0.301686
0.274534
0.194099
0.260501
0.470881
0.230835
0.032136
0.069746
0.644392
0.602738
0.672708
0.553529
0.705935
0.689388
0.674490
0.524440
0.615729
0.633232
0.695162
0.622377
0.361566
0.678458
0.070388
0.622053
0.585693
0.637352
0.546751
0.729271
0.670906
0.656726
0.498151
0.577893
0.603735
0.679829
0.600651
0.406963
0.664767
0.695408
0.607698
0.682508
0.614296
0.825317
0.708109
0.719728
0.558531
0.603238
0.637796
0.709846
0.672878
0.448360
0.685487
0.064236
0.048703
0.090069
0.378965
0.065875
0.028090
0.074343
0.066407
0.039005
0.039553
0.038819
0.415317
0.060233
0.051469
0.061668
0.391415
0.129835
0.035408
0.048104
0.058517
0.051462
0.025321
0.088846
0.306734
0.023979
0.086873
0.416868
0.098244
0.058136
0.061638
0.044367
0.026287
0.042426
0.088156
0.430667
0.057172
0.243927
0.202808
0.051997
0.036365
0.134988
0.119738
0.068381
0.106517
0.242939
0.088915
0.473881
0.332888
0.332287
0.515235
0.472519
0.371982
0.414369
0.311493
0.427263
0.108430
0.183004
0.089916
0.053964
0.100996
0.126747
0.524343
0.094031
0.059550
0.079213
0.057663
0.017796
0.047609
0.356040
0.037933
0.086696
0.080987
0.072282
0.077556
0.280158
0.097031
0.016900
0.068466
0.066610
0.438000
0.066527
0.048783
0.060045
0.442478
0.050689
0.079021
0.377266
0.020194
0.413019
0.109356
0.375091
