0.018139
0.064080
0.793060
0.073105
0.542746
0.331278
0.025601
0.355342
0.068170
0.782906
0.268051
0.013066
0.149347
0.088843
0.315850
0.712913
0.024800
0.108396
0.651519
0.360441
0.469136
0.056153
0.625547
0.467232
0.013296
0.800743
0.016944
0.022647
0.621313
0.013216
0.055287
0.028585
0.036883
0.128952
0.009233
0.032795
0.477873
0.486689
0.311031
0.061053
0.336016
0.013145
0.102571
0.027686
0.069541
0.064607
0.354041
0.487409
0.782540
0.054038
0.799538
0.050711
0.553878
0.335871
0.016972
0.358515
0.041499
0.763509
0.241571
0.021907
0.133669
0.073970
0.306657
0.702394
0.017590
0.098709
0.645107
0.326799
0.469941
0.048770
0.599375
0.455863
0.018313
0.808341
0.027409
0.026181
0.646025
0.025893
0.086957
0.024148
0.039951
0.096631
0.015975
0.036889
0.478596
0.459575
0.289450
0.046370
0.302222
0.015941
0.082702
0.041002
0.042660
0.064800
0.331114
0.461458
0.792701
0.728263
0.028319
0.640040
0.240457
0.062917
0.300810
0.035552
0.712311
0.153646
0.082019
0.161820
0.044580
0.182041
0.652640
0.052181
0.059789
0.639133
0.331444
0.534042
0.043311
0.457535
0.315977
0.071326
0.805071
0.080993
0.097698
0.740417
0.080609
0.153953
0.104881
0.059503
0.072507
0.059609
0.050937
0.536859
0.448319
0.319440
0.061585
0.294334
0.075486
0.038163
0.063194
0.057990
0.029589
0.258832
0.490258
0.774893
0.816363
0.719438
0.273479
0.859122
0.323846
0.810012
0.132848
0.502823
0.829354
0.829083
0.669267
0.366104
0.094458
0.876021
0.747171
0.362077
0.593542
0.660312
0.673583
0.476479
0.309262
0.859357
0.171750
0.823111
0.783367
0.511248
0.858782
0.693350
0.813204
0.840045
0.762791
0.789530
0.827431
0.462900
0.315258
0.609774
0.827005
0.665340
0.864319
0.744489
0.839981
0.840428
0.693639
0.659296
0.324924
0.062419
0.591846
0.331862
0.041642
0.362212
0.015188
0.784657
0.189929
0.083044
0.125353
0.044973
0.280401
0.720672
0.040878
0.044747
0.627199
0.287394
0.491445
0.050457
0.545180
0.437929
0.062826
0.837802
0.098459
0.079404
0.715785
0.073955
0.188382
0.085969
0.037077
0.057773
0.067181
0.053776
0.520886
0.525846
0.274200
0.038997
0.248258
0.067099
0.040376
0.049455
0.032275
0.045031
0.288569
0.496669
0.829163
0.698260
0.530304
0.549257
0.567381
0.612157
0.665621
0.531708
0.336377
0.516985
0.738447
0.631058
0.587978
0.571813
0.278855
0.240328
0.051767
0.488886
0.854030
0.812961
0.553115
0.512076
0.576034
0.442263
0.152810
0.541832
0.476211
0.473323
0.543176
0.514635
0.539001
0.593238
0.156315
0.581713
0.185290
0.468929
0.254397
0.547237
0.566154
0.528400
0.583570
0.573855
0.607096
0.287234
0.571163
0.386531
0.126899
0.342706
0.290313
0.189173
0.366035
0.457445
0.221297
0.065610
0.235001
0.384291
0.297494
0.446839
0.409586
0.593289
0.234504
0.328439
0.100273
0.383869
0.457549
0.351477
0.360986
0.640625
0.380990
0.297715
0.384308
0.359377
0.311152
0.326394
0.340049
0.454162
0.239968
0.432161
0.358995
0.429245
0.391439
0.265511
0.354896
0.381352
0.213403
0.286085
0.321547
0.360168
0.392931
0.037320
0.815603
0.288569
0.022201
0.116094
0.084630
0.354296
0.762400
0.007690
0.082574
0.653337
0.320405
0.449093
0.048348
0.640155
0.517035
0.017708
0.845441
0.042811
0.026186
0.657444
0.025491
0.110839
0.028829
0.034387
0.104498
0.027237
0.049022
0.491472
0.530752
0.279966
0.037313
0.285013
0.016216
0.085948
0.028299
0.049114
0.069240
0.336664
0.491888
0.845004
0.355996
0.300201
0.245115
0.369705
0.399497
0.229692
0.171470
0.264339
0.417923
0.265915
0.377269
0.342240
0.426730
0.244727
0.463283
0.245380
0.415555
0.359971
0.403119
0.369737
0.556980
0.397389
0.292064
0.375327
0.385808
0.317736
0.346766
0.400302
0.360290
0.223922
0.346631
0.345136
0.351765
0.413622
0.290524
0.361648
0.437347
0.265300
0.292569
0.249977
0.352233
0.785697
0.200519
0.076031
0.085669
0.057206
0.286403
0.715335
0.040888
0.047717
0.611693
0.278610
0.454382
0.042465
0.574266
0.455720
0.060135
0.816490
0.088904
0.073253
0.668557
0.072157
0.171376
0.065654
0.051525
0.052819
0.054615
0.065170
0.492751
0.492420
0.247888
0.033443
0.230094
0.061544
0.048003
0.057901
0.032912
0.055746
0.306396
0.480963
0.813519
0.508504
0.806342
0.776434
0.608803
0.387078
0.055644
0.845598
0.719243
0.288169
0.471627
0.552417
0.636596
0.509652
0.344663
0.835578
0.243991
0.807625
0.750234
0.538129
0.834491
0.669376
0.778753
0.816712
0.699319
0.773861
0.807591
0.396730
0.240556
0.535632
0.752581
0.542325
0.832443
0.685801
0.808716
0.813561
0.667148
0.526911
0.216792
0.165793
0.310575
0.305385
0.133605
0.141328
0.445070
0.281360
0.202713
0.477572
0.365040
0.548991
0.209417
0.426005
0.246722
0.286225
0.588170
0.282428
0.290027
0.673459
0.296293
0.313839
0.298523
0.233432
0.187576
0.251492
0.209647
0.485477
0.335088
0.365912
0.227858
0.330866
0.288183
0.159423
0.257963
0.201900
0.177718
0.335126
0.425542
0.570704
0.154283
0.104615
0.347404
0.752664
0.023746
0.106525
0.678588
0.373079
0.460535
0.061047
0.642287
0.494442
0.019202
0.821609
0.028410
0.029545
0.638661
0.016945
0.058796
0.026550
0.051519
0.146297
0.017643
0.056949
0.492292
0.512354
0.323249
0.069695
0.349405
0.016964
0.121320
0.034932
0.093174
0.086171
0.359959
0.502527
0.818378
0.140227
0.423931
0.719801
0.140822
0.140193
0.460459
0.181877
0.247885
0.115519
0.696787
0.597408
0.141270
0.757989
0.167177
0.116415
0.465215
0.147398
0.210690
0.114004
0.136530
0.089456
0.125773
0.160421
0.341843
0.510474
0.118017
0.070701
0.122419
0.138840
0.123949
0.127829
0.118960
0.143925
0.342115
0.401574
0.773655
0.200733
0.556418
0.090440
0.053060
0.494626
0.237687
0.412952
0.042694
0.489995
0.344321
0.095797
0.685232
0.113512
0.093863
0.635876
0.095357
0.143297
0.108641
0.056394
0.055859
0.079413
0.073520
0.415218
0.402046
0.237849
0.042570
0.203589
0.099207
0.032364
0.059861
0.084858
0.036152
0.223906
0.383215
0.689792
0.346868
0.342512
0.253988
0.519936
0.416881
0.628646
0.216561
0.240074
0.058488
0.359340
0.565021
0.328875
0.361247
0.725118
0.364850
0.324465
0.370649
0.334867
0.269108
0.306093
0.314470
0.526590
0.261743
0.440087
0.321528
0.421490
0.363728
0.219755
0.338388
0.328242
0.197189
0.285316
0.392239
0.492383
0.787353
0.663905
0.291878
0.454690
0.553851
0.586697
0.542906
0.337018
0.763926
0.207937
0.732983
0.689151
0.499916
0.766535
0.615114
0.709503
0.751117
0.648235
0.701636
0.732189
0.401052
0.259741
0.500963
0.700232
0.522691
0.767103
0.629783
0.746387
0.736338
0.602094
0.513410
0.233898
0.119861
0.096833
0.706249
0.364644
0.508617
0.060815
0.618533
0.497361
0.012284
0.888475
0.030286
0.037684
0.710432
0.020826
0.118978
0.041787
0.033608
0.111253
0.025521
0.035327
0.547358
0.545215
0.327927
0.047381
0.328092
0.013059
0.085219
0.030309
0.042535
0.063059
0.337524
0.541721
0.879650
0.570510
0.277202
0.453047
0.056204
0.549179
0.420496
0.119113
0.762889
0.156060
0.129189
0.702377
0.119025
0.188302
0.113367
0.083295
0.080780
0.099274
0.127984
0.497950
0.510395
0.268840
0.063501
0.236285
0.118214
0.056641
0.073564
0.117600
0.072446
0.266097
0.469957
0.771377
0.210597
0.218508
0.518815
0.684291
0.587982
0.683733
0.267871
0.693282
0.563802
0.233770
0.680183
0.572536
0.599578
0.636452
0.509591
0.634050
0.675463
0.130088
0.412292
0.225569
0.547211
0.237970
0.677952
0.548022
0.631539
0.636285
0.559528
0.529996
0.161684
0.293457
0.185680
0.239814
0.570093
0.523513
0.374881
0.557194
0.404514
0.288395
0.362038
0.379959
0.402362
0.315074
0.325827
0.193432
0.349924
0.377042
0.187844
0.431539
0.037089
0.226763
0.028259
0.370649
0.235644
0.332509
0.308690
0.273643
0.299579
0.159170
0.526433
0.383750
0.811582
0.738539
0.483044
0.447450
0.509281
0.378178
0.165953
0.472353
0.406271
0.389500
0.471781
0.416660
0.455215
0.521487
0.116610
0.487413
0.134722
0.377370
0.184410
0.476078
0.463950
0.453762
0.496524
0.476162
0.508532
0.238575
0.534172
0.510665
0.358288
0.072181
0.695605
0.088076
0.053981
0.577337
0.072681
0.107078
0.059130
0.064331
0.073757
0.053197
0.084608
0.379953
0.379585
0.212211
0.047256
0.216746
0.072337
0.064239
0.057639
0.087554
0.037999
0.267002
0.356599
0.677417
0.144285
0.660029
0.728625
0.626276
0.655851
0.882536
0.669942
0.649125
0.702231
0.621039
0.519688
0.628443
0.604604
0.711958
0.487855
0.635146
0.610187
0.600802
0.667750
0.471210
0.640901
0.604064
0.479651
0.396339
0.560741
0.618558
0.517819
0.575244
0.471738
0.514396
0.787735
0.522246
0.457194
0.544123
0.495371
0.413088
0.462841
0.457659
0.599698
0.295587
0.561512
0.494491
0.552428
0.525038
0.365559
0.505312
0.487213
0.331490
0.349731
0.434653
0.458757
0.849261
0.015702
0.023607
0.650519
0.006260
0.081001
0.028901
0.030123
0.130901
0.012601
0.024399
0.517110
0.538299
0.326455
0.056017
0.337776
0.003316
0.106045
0.024618
0.050537
0.074671
0.367718
0.534920
0.846795
0.847080
0.743596
0.320869
0.842067
0.666927
0.769196
0.826634
0.797765
0.795230
0.847605
0.306090
0.372192
0.524756
0.813038
0.596619
0.850985
0.807037
0.825596
0.858132
0.768294
0.790980
0.291530
0.102531
0.040234
0.651722
0.019152
0.063784
0.045348
0.057113
0.151025
0.015674
0.034335
0.526359
0.501031
0.354792
0.079782
0.375669
0.016855
0.120887
0.049058
0.069526
0.081225
0.362539
0.529602
0.825303
0.522538
0.026411
0.069111
0.020665
0.042091
0.124791
0.027505
0.051695
0.382219
0.472676
0.233898
0.056038
0.268918
0.022689
0.119590
0.036983
0.067988
0.081627
0.369799
0.406767
0.737332
0.642183
0.516476
0.544339
0.652289
0.643680
0.614184
0.688040
0.117056
0.495941
0.275714
0.619992
0.400596
0.649627
0.708277
0.654244
0.667694
0.672172
0.806700
0.257276
0.341872
0.066454
0.030302
0.028801
0.132857
0.012959
0.029892
0.504242
0.536331
0.332321
0.057639
0.343190
0.008229
0.112452
0.020323
0.067808
0.074831
0.369158
0.531801
0.844851
0.072479
0.124894
0.218173
0.055788
0.111879
0.400178
0.412376
0.342123
0.140935
0.382761
0.077270
0.193670
0.096734
0.185040
0.137131
0.385858
0.424093
0.668477
0.056869
0.132844
0.023464
0.074500
0.414975
0.475054
0.255701
0.059219
0.291924
0.024400
0.131610
0.050232
0.074768
0.102546
0.393610
0.437571
0.775599
0.088333
0.039016
0.027383
0.484975
0.537627
0.292887
0.035715
0.286980
0.034390
0.071486
0.012359
0.043373
0.055442
0.350972
0.506623
0.828017
0.111615
0.107511
0.425318
0.458861
0.193639
0.041784
0.150134
0.130231
0.030993
0.098681
0.076123
0.058841
0.232884
0.403729
0.769021
0.035448
0.472950
0.473558
0.299203
0.053163
0.317043
0.014442
0.093122
0.030018
0.059102
0.061341
0.341645
0.481874
0.783247
0.535656
0.519723
0.342856
0.060006
0.334999
0.030053
0.078703
0.032951
0.040606
0.055682
0.334515
0.546581
0.832431
0.351236
0.140179
0.429626
0.215985
0.507358
0.495783
0.492068
0.513173
0.476339
0.577491
0.100062
0.338909
0.416457
0.493542
0.458867
0.535762
0.466103
0.545186
0.518139
0.432736
0.497784
0.208834
0.312086
0.210257
0.041813
0.321588
0.250190
0.297907
0.279820
0.269179
0.378159
0.165122
0.512816
0.183785
0.053721
0.036121
0.032500
0.048741
0.049977
0.268598
0.435562
0.817962
0.334234
0.197881
0.289499
0.274161
0.248034
0.294684
0.230832
0.604222
0.107791
0.027154
0.054096
0.079547
0.366232
0.526866
0.851921
0.070139
0.069755
0.027595
0.166585
0.450035
0.779513
0.066197
0.050154
0.318809
0.516151
0.832040
0.072020
0.346561
0.500896
0.835211
0.203638
0.433117
0.726976
0.473582
0.739790
0.236700
