0.302329
0.370935
0.405298
0.669614
0.038986
0.623962
0.023322
0.253265
0.026756
0.286612
0.038652
0.926524
0.274275
0.610532
0.023440
0.099287
0.021874
0.530957
0.063687
0.109859
0.681257
0.592712
0.690606
0.029547
0.072345
0.774767
0.085009
0.075744
0.807506
0.076118
0.496987
0.746507
0.041882
0.803695
0.524007
0.060433
0.036510
0.277571
0.023141
0.029178
0.126227
0.026794
0.051861
0.642604
0.609780
0.091601
0.068160
0.062756
0.041181
0.376987
0.448428
0.742156
0.375112
0.596065
0.337675
0.077984
0.359476
0.153886
0.341667
0.661439
0.278065
0.694120
0.344618
0.389598
0.354367
0.635115
0.235532
0.267431
0.725880
0.591148
0.689530
0.299625
0.322703
0.866914
0.299278
0.402049
0.489116
0.381051
0.601630
0.819446
0.356511
0.641032
0.561375
0.197300
0.362755
0.501469
0.328900
0.276790
0.109017
0.327699
0.282271
0.758264
0.741242
0.206429
0.251744
0.316320
0.339099
0.131728
0.290128
0.359031
0.148395
0.391058
0.438132
0.357297
0.535583
0.388540
0.729446
0.039768
0.213095
0.322799
0.513580
0.387416
0.153683
0.249200
0.168875
0.280426
0.153347
0.214299
0.336974
0.364726
0.390697
0.202073
0.521786
0.705026
0.359511
0.173084
0.312390
0.411599
0.661968
0.130627
0.324554
0.395114
0.209247
0.353153
0.322371
0.402517
0.365879
0.339674
0.241013
0.261721
0.249595
0.296748
0.257905
0.357538
0.260692
0.362348
0.246105
0.409849
0.481493
0.389349
0.526630
0.425798
0.754609
0.167407
0.198490
0.374123
0.458119
0.419762
0.176085
0.335115
0.261516
0.302246
0.238696
0.213116
0.371464
0.420707
0.319212
0.296200
0.495484
0.744713
0.352256
0.130849
0.284405
0.394420
0.695302
0.074866
0.374538
0.399054
0.230817
0.375160
0.373306
0.458924
0.393033
0.360921
0.194270
0.215941
0.347246
0.340360
0.347129
0.374584
0.609465
0.089112
0.616683
0.765313
0.623722
0.876855
0.678249
0.517114
0.328249
0.021498
0.622827
0.672902
0.611447
0.058068
0.584243
0.474865
0.025262
0.081195
0.034204
0.609208
0.555854
0.051319
0.528926
0.709587
0.608617
0.539619
0.061568
0.035689
0.633830
0.429629
0.088559
0.627401
0.613917
0.277231
0.591257
0.664203
0.762357
0.656367
0.588294
0.072815
0.038498
0.652220
0.564192
0.585041
0.589367
0.590810
0.020033
0.309273
0.022639
0.358161
0.064301
0.925221
0.274465
0.559502
0.023626
0.094072
0.029350
0.478711
0.074091
0.098278
0.630821
0.547918
0.637381
0.018204
0.064382
0.693443
0.081865
0.094201
0.826856
0.033283
0.444125
0.678801
0.029232
0.805853
0.480096
0.083853
0.019780
0.210792
0.023892
0.034115
0.162348
0.012872
0.037106
0.578928
0.518265
0.112943
0.073817
0.065840
0.025155
0.592204
0.650833
0.588281
0.766231
0.628764
0.504650
0.202232
0.067842
0.576118
0.675449
0.583633
0.062138
0.503764
0.385837
0.056396
0.015878
0.051870
0.568356
0.520420
0.159721
0.445153
0.707374
0.572036
0.529087
0.097016
0.102932
0.616859
0.428474
0.099315
0.549704
0.591429
0.270563
0.558343
0.598579
0.654725
0.611749
0.543086
0.137706
0.108680
0.539178
0.508692
0.513364
0.565253
0.268996
0.019690
0.312232
0.049435
0.865086
0.291567
0.573775
0.029562
0.065979
0.004203
0.497264
0.078309
0.107424
0.624367
0.548595
0.652505
0.017832
0.038624
0.714107
0.092114
0.062635
0.763312
0.036523
0.462693
0.695614
0.021353
0.740514
0.510534
0.062881
0.009296
0.224050
0.008972
0.037369
0.138410
0.017434
0.029317
0.611832
0.547150
0.120196
0.066526
0.075184
0.022749
0.309849
0.151664
0.282546
0.630745
0.309968
0.732316
0.305679
0.277662
0.283908
0.657571
0.205017
0.236611
0.738264
0.618583
0.730375
0.259697
0.244623
0.875171
0.268543
0.307731
0.446946
0.296770
0.647296
0.837077
0.263121
0.571009
0.619952
0.152093
0.275687
0.441445
0.265887
0.216351
0.064954
0.271627
0.204990
0.789940
0.751265
0.172471
0.170859
0.290348
0.281440
0.352733
0.043970
0.943301
0.264407
0.566522
0.012675
0.122947
0.019892
0.489678
0.073756
0.094577
0.637356
0.550838
0.649600
0.018341
0.051985
0.712263
0.068908
0.097708
0.841851
0.056662
0.451996
0.692438
0.052043
0.822131
0.498671
0.092431
0.035245
0.212474
0.021002
0.034122
0.171439
0.017622
0.054196
0.595746
0.545412
0.107661
0.094167
0.043337
0.039313
0.288982
0.754156
0.453550
0.832232
0.341631
0.266767
0.327844
0.774609
0.291147
0.356565
0.852741
0.744647
0.832947
0.302687
0.349308
0.970482
0.371086
0.257025
0.557097
0.342987
0.727648
0.932164
0.284156
0.696080
0.691190
0.224759
0.308666
0.553434
0.302575
0.278441
0.140569
0.301840
0.264771
0.872094
0.854268
0.271859
0.273302
0.387420
0.307630
0.926194
0.299883
0.623723
0.042137
0.135696
0.046600
0.546172
0.075141
0.121706
0.685690
0.585652
0.691467
0.061112
0.104572
0.769976
0.084258
0.072587
0.799921
0.062523
0.514617
0.738129
0.062334
0.815923
0.543574
0.107538
0.053379
0.248893
0.051078
0.043040
0.154242
0.038293
0.061602
0.652246
0.608299
0.082192
0.094675
0.068205
0.079561
0.693899
0.585317
0.949541
0.807060
0.866191
0.620788
0.830842
0.786634
0.458470
0.481116
0.516475
0.882275
0.766924
0.592626
0.882559
0.861564
0.168689
0.811417
0.627323
0.577390
0.840845
0.144394
0.624306
0.755762
0.845029
0.728626
0.852606
0.915941
0.741110
0.919149
0.785317
0.689685
0.612879
0.862521
0.737675
0.927650
0.841705
0.260768
0.235151
0.421161
0.289228
0.197959
0.150373
0.088938
0.318656
0.201032
0.282368
0.238517
0.246590
0.439353
0.119651
0.432536
0.622595
0.273898
0.205270
0.380507
0.325053
0.606615
0.182896
0.214433
0.304867
0.165397
0.255580
0.223434
0.284953
0.274470
0.238060
0.317143
0.300121
0.157360
0.194991
0.169293
0.271010
0.561870
0.645889
0.566277
0.027221
0.531448
0.420015
0.036900
0.071577
0.028873
0.559319
0.525073
0.068103
0.461980
0.676757
0.655904
0.508614
0.033047
0.041575
0.594572
0.490041
0.047947
0.582008
0.574768
0.243098
0.543659
0.603694
0.719924
0.605075
0.550241
0.039984
0.037706
0.589627
0.528459
0.522704
0.549475
0.138150
0.028916
0.480466
0.042715
0.075853
0.638317
0.542007
0.640600
0.015152
0.066053
0.723027
0.055647
0.102487
0.844006
0.055410
0.447600
0.694010
0.057190
0.834580
0.480935
0.074957
0.040127
0.222857
0.021830
0.023480
0.156723
0.016087
0.049506
0.591261
0.542374
0.084659
0.074041
0.035011
0.029644
0.074616
0.575791
0.184838
0.233489
0.670245
0.630174
0.709924
0.108861
0.121586
0.747401
0.232663
0.044857
0.693953
0.094126
0.542106
0.742664
0.036515
0.645466
0.580226
0.108142
0.047214
0.327326
0.073791
0.121326
0.174899
0.092466
0.087268
0.667874
0.610545
0.229002
0.113811
0.226665
0.079144
0.492201
0.080099
0.110078
0.615688
0.541442
0.648597
0.024684
0.041280
0.712946
0.092093
0.064316
0.772437
0.046359
0.458306
0.692484
0.028010
0.735854
0.509903
0.066310
0.013247
0.225148
0.009545
0.042100
0.151946
0.022839
0.037256
0.608189
0.547986
0.124706
0.070269
0.073764
0.027537
0.445125
0.331316
0.052490
0.058782
0.056349
0.480589
0.445835
0.103238
0.370397
0.609055
0.652399
0.434162
0.043138
0.072121
0.520013
0.504054
0.058786
0.499079
0.496413
0.178514
0.466512
0.506470
0.639457
0.520528
0.473002
0.052459
0.050251
0.493932
0.448746
0.435832
0.476062
0.032562
0.589988
0.472980
0.580154
0.045414
0.084345
0.696784
0.039404
0.157205
0.694027
0.079266
0.425528
0.658351
0.099249
0.729196
0.432635
0.046824
0.082793
0.210622
0.060291
0.030661
0.099115
0.053400
0.049894
0.577506
0.519484
0.033692
0.034060
0.039601
0.064981
0.471894
0.349738
0.465054
0.074623
0.089437
0.579483
0.019241
0.228824
0.679883
0.091996
0.329588
0.539339
0.136922
0.687793
0.339865
0.086470
0.116325
0.119545
0.089356
0.059799
0.157117
0.094222
0.073179
0.468272
0.407638
0.049432
0.060567
0.038615
0.103740
0.049611
0.041114
0.623165
0.545707
0.067669
0.530499
0.713553
0.539441
0.550818
0.087976
0.045532
0.643852
0.352389
0.120759
0.621825
0.618880
0.270606
0.595776
0.668147
0.753944
0.667821
0.593107
0.099076
0.058558
0.649989
0.564088
0.594984
0.602919
0.051010
0.532369
0.478147
0.161643
0.413333
0.663216
0.549241
0.474331
0.097852
0.105932
0.568204
0.402757
0.104232
0.516926
0.544205
0.223037
0.518439
0.559021
0.622171
0.571123
0.495123
0.143189
0.097680
0.503395
0.464402
0.478905
0.524839
0.632935
0.596259
0.078093
0.527108
0.747662
0.587627
0.567856
0.074077
0.030662
0.660011
0.444893
0.063620
0.633318
0.645474
0.291828
0.622437
0.670451
0.740980
0.673540
0.604286
0.069429
0.062145
0.623775
0.566764
0.588519
0.615837
0.037944
0.710519
0.067616
0.095412
0.769477
0.044666
0.441597
0.689470
0.043659
0.772588
0.476795
0.052282
0.029078
0.219651
0.014784
0.025976
0.121071
0.013406
0.027449
0.597972
0.534430
0.093948
0.059764
0.050968
0.016931
0.654164
0.095565
0.122069
0.661907
0.065490
0.429735
0.639750
0.073192
0.637940
0.488276
0.069386
0.050886
0.189307
0.035294
0.068633
0.145148
0.062104
0.050331
0.585259
0.500432
0.134966
0.075363
0.085264
0.050618
0.619957
0.791303
0.654984
0.619084
0.116967
0.025242
0.720891
0.486773
0.159180
0.748296
0.702670
0.314288
0.691234
0.755530
0.883303
0.746146
0.688713
0.067638
0.053451
0.760846
0.676599
0.683454
0.696072
0.211128
0.766520
0.093565
0.363812
0.584462
0.130146
0.780226
0.385032
0.103255
0.106124
0.126733
0.080136
0.041521
0.175609
0.075754
0.077007
0.495094
0.453192
0.044544
0.082785
0.021109
0.109015
0.751953
0.086168
0.569112
0.777920
0.044411
0.731961
0.610810
0.121161
0.049082
0.342252
0.065037
0.104055
0.177988
0.077892
0.090820
0.698344
0.645302
0.206960
0.128738
0.194706
0.075202
0.712650
0.683077
0.645487
0.741090
0.129036
0.672118
0.630463
0.750077
0.671646
0.749282
0.778895
0.570199
0.801304
0.664631
0.755975
0.678620
0.705328
0.605442
0.813798
0.744606
0.404682
0.603299
0.037258
0.699433
0.445982
0.093228
0.024977
0.160612
0.037794
0.059409
0.171429
0.036897
0.025620
0.540614
0.453154
0.123024
0.063425
0.088176
0.040437
0.100872
0.485460
0.541221
0.031780
0.466959
0.463814
0.191116
0.431130
0.489263
0.609022
0.484870
0.439392
0.063413
0.051941
0.493868
0.432855
0.419423
0.437307
0.704525
0.487592
0.118957
0.720861
0.686301
0.301509
0.673499
0.728186
0.843747
0.724736
0.665011
0.055226
0.049148
0.710184
0.641977
0.647545
0.671709
0.712050
0.519240
0.068291
0.009799
0.249225
0.025662
0.053235
0.131771
0.031538
0.033333
0.619577
0.557937
0.134828
0.062994
0.121985
0.031063
0.561769
0.638752
0.717901
0.607782
0.719664
0.799055
0.662373
0.801717
0.677497
0.600228
0.508557
0.765874
0.609722
0.827802
0.724506
0.484520
0.507547
0.239802
0.475425
0.508435
0.601472
0.516816
0.467172
0.076486
0.090495
0.477560
0.440508
0.441748
0.471238
0.065115
0.270737
0.047926
0.049463
0.053478
0.064610
0.044412
0.632956
0.574838
0.083164
0.035663
0.106368
0.057890
0.221937
0.012582
0.042251
0.142929
0.018545
0.025173
0.605266
0.537498
0.127019
0.057660
0.095558
0.020774
0.209832
0.218276
0.386689
0.233272
0.198069
0.267181
0.202936
0.236338
0.215760
0.178235
0.242168
0.032832
0.134138
0.019459
0.027523
0.583607
0.523718
0.109548
0.055584
0.069838
0.017053
0.101635
0.019894
0.036067
0.624960
0.581179
0.042352
0.046457
0.039313
0.050788
0.128450
0.094048
0.774295
0.716181
0.096584
0.088285
0.181933
0.137711
0.027918
0.630332
0.571841
0.086442
0.061635
0.054407
0.024581
0.596867
0.517027
0.084029
0.031765
0.078018
0.031609
0.064001
0.625681
0.580211
0.558066
0.589527
0.588733
0.510131
0.514253
0.521147
0.064053
0.051182
0.130866
0.085282
0.055355
0.089796
