0.516285
0.518647
0.543783
0.306170
0.601725
0.569542
0.384115
0.574600
0.332926
0.700679
0.487816
0.608601
0.584075
0.708201
0.266644
0.711254
0.777080
0.727839
0.718197
0.711957
0.546637
0.440744
0.621187
0.693713
0.692602
0.735998
0.900597
0.539404
0.662261
0.706922
0.383727
0.715381
0.566048
0.593596
0.760619
0.785039
0.690669
0.859361
0.318288
0.457729
0.791454
0.637348
0.548979
0.727288
0.471083
0.480942
0.395360
0.420914
0.855889
0.437485
0.669894
0.573069
0.467640
0.450470
0.508996
0.477243
0.454840
0.722517
0.509019
0.520110
0.472141
0.617076
0.535486
0.715858
0.690395
0.776644
0.558125
0.551284
0.601662
0.315468
0.434691
0.671017
0.752165
0.772076
0.800777
0.565362
0.756631
0.722425
0.372942
0.721120
0.579645
0.392055
0.731565
0.832599
0.646386
0.845157
0.472356
0.399460
0.814150
0.632305
0.683374
0.756512
0.395034
0.528636
0.372819
0.368873
0.738719
0.754565
0.562277
0.670813
0.496777
0.532523
0.580204
0.475634
0.801807
0.536303
0.679989
0.635584
0.665256
0.501526
0.717074
0.762967
0.807620
0.730340
0.733683
0.581197
0.528396
0.531727
0.804225
0.786471
0.788797
0.894470
0.564072
0.812734
0.552497
0.419185
0.770002
0.589809
0.550783
0.917711
0.796464
0.763389
0.735212
0.500785
0.564676
0.773590
0.833176
0.751634
0.859725
0.587704
0.524633
0.554792
0.557504
0.874442
0.603862
0.594297
0.789718
0.659896
0.777997
0.602618
0.539082
0.604881
0.656553
0.646145
0.736160
0.420830
0.494476
0.569244
0.489999
0.679112
0.613825
0.397162
0.638412
0.831255
0.421418
0.606589
0.701963
0.701052
0.831920
0.514893
0.822323
0.627951
0.452293
0.764198
0.657269
0.557833
0.702777
0.524546
0.896616
0.548957
0.700203
0.789081
0.536929
0.238018
0.571293
0.731040
0.650984
0.560397
0.655571
0.630463
0.653254
0.554517
0.358661
0.595976
0.340480
0.797643
0.504036
0.595526
0.489416
0.806887
0.375369
0.784306
0.799259
0.869469
0.737203
0.740931
0.613873
0.483033
0.681852
0.765061
0.716850
0.888458
1.004691
0.628257
0.750174
0.711015
0.455275
0.737953
0.651313
0.587214
0.814990
0.852879
0.779852
0.852164
0.395287
0.553953
0.780524
0.674598
0.638131
0.846387
0.584513
0.558468
0.387258
0.460798
0.940161
0.671508
0.684254
0.634597
0.638923
0.702237
0.700115
0.525403
0.357086
0.770684
0.473244
0.740331
0.777550
0.768286
0.653044
0.686148
0.662668
0.468241
0.696747
0.661440
0.785613
0.785479
0.845564
0.747333
0.678230
0.803293
0.604825
0.647997
0.676357
0.656860
0.679470
0.781083
0.618806
0.937833
0.569445
0.611820
0.795677
0.561781
0.708852
0.717107
0.642145
0.629328
0.585651
0.583559
0.794153
0.520899
0.593876
0.497162
0.807522
0.473627
0.638886
0.601557
0.813909
0.498914
0.800082
0.774825
0.804313
0.654188
0.696781
0.591292
0.429157
0.224723
0.867798
0.727173
0.866264
0.831834
0.484187
0.822468
0.640792
0.477163
0.840674
0.652191
0.510247
0.823287
0.875952
0.804066
0.814905
0.393318
0.506319
0.872332
0.716265
0.744550
0.911518
0.469882
0.513291
0.420955
0.409157
0.850544
0.629394
0.300688
0.803554
0.474400
0.597663
0.549786
0.853757
0.407986
0.777794
0.791001
0.857064
0.724182
0.729842
0.685351
0.394864
0.615825
0.699338
0.836012
0.937468
0.889232
0.574430
0.718946
0.772058
0.448824
0.821325
0.548597
0.612698
0.853719
0.789463
0.788118
0.854307
0.355603
0.474492
0.757013
0.766819
0.689376
0.791831
0.469759
0.586411
0.425525
0.360335
0.907554
0.467952
0.797437
0.610995
0.676372
0.603617
0.703503
0.615005
0.895537
0.851089
0.878653
0.762904
0.772526
0.698559
0.489790
0.613729
0.818035
0.889966
0.944128
0.944382
0.634480
0.765085
0.859136
0.528366
0.829900
0.677935
0.622579
0.955202
0.896320
0.774789
0.896168
0.558291
0.468118
0.783541
0.787254
0.812008
0.948986
0.589950
0.554659
0.544047
0.497248
0.892262
0.836087
0.383485
0.561236
0.455095
0.779316
0.310621
0.790032
0.806970
0.897141
0.704858
0.779303
0.630789
0.374187
0.563759
0.730955
0.832182
0.914785
0.939761
0.505252
0.760876
0.736935
0.350621
0.769312
0.595614
0.502242
0.916797
0.798534
0.851486
0.797338
0.354683
0.397627
0.739697
0.785781
0.639642
0.812138
0.496511
0.527793
0.421174
0.355865
0.917836
0.815191
0.869772
0.846798
0.560066
0.715222
0.471944
0.447623
0.282460
0.664452
0.452792
0.395183
0.789555
0.814288
0.486124
0.500798
0.508650
0.538558
0.842470
0.516376
0.888722
0.712667
0.395691
0.752336
0.726657
0.461323
0.635213
0.182455
0.846385
0.702713
0.804963
0.834986
0.492555
0.465625
0.632697
0.833970
0.676615
0.633642
0.807790
0.316317
0.708731
0.554608
0.839653
0.396817
0.722365
0.764015
0.764692
0.730834
0.717688
0.566230
0.508598
0.555464
0.804844
0.700027
0.886533
0.765943
0.559007
0.803970
0.740958
0.483901
0.769714
0.633019
0.470559
0.759495
0.913141
0.805063
0.821291
0.342917
0.573501
0.848584
0.745998
0.580859
0.845866
0.493438
0.468367
0.413717
0.389872
0.852636
0.523329
0.822582
0.531903
0.830796
0.795191
0.923813
0.640179
0.658266
0.728962
0.457518
0.678643
0.708723
0.830194
0.860036
0.867644
0.735649
0.815653
0.835449
0.583810
0.757506
0.661157
0.598505
0.758626
0.788029
0.811502
0.863718
0.575496
0.607711
0.818143
0.772348
0.771606
0.592011
0.571921
0.671053
0.553968
0.543841
0.824808
0.802920
0.501187
0.731466
0.802238
0.930560
0.718448
0.757660
0.669689
0.457677
0.688849
0.688304
0.833936
0.904749
0.901352
0.794999
0.803225
0.752893
0.530061
0.581574
0.668390
0.601444
0.740535
0.715905
0.826805
0.917822
0.524880
0.603552
0.815168
0.659949
0.798231
0.717866
0.683236
0.668977
0.595858
0.473582
0.864806
0.765899
0.622020
0.566528
0.574220
0.680266
0.527093
0.582636
0.735909
0.776548
0.611108
0.627414
0.637782
0.775678
0.820365
0.710430
0.733920
0.641925
0.601224
0.720424
0.692444
0.715601
0.779928
0.530512
0.791745
0.803362
0.583248
0.808997
0.610697
0.676333
0.671799
0.806427
0.712712
0.714454
0.766590
0.533245
0.667169
0.727384
0.753696
0.659430
0.707073
0.488719
0.426900
0.612202
0.647827
0.665668
0.788593
0.888824
0.589416
0.727161
0.720658
0.424169
0.655905
0.646468
0.539626
0.693343
0.813963
0.727182
0.812876
0.282712
0.489659
0.804157
0.688357
0.468657
0.725581
0.499677
0.425280
0.365065
0.399877
0.855251
0.469770
0.477814
0.635519
0.620499
0.375039
0.759272
0.796175
0.462559
0.641869
0.582880
0.524470
0.882539
0.595802
0.789703
0.655056
0.387581
0.776199
0.726029
0.455163
0.647916
0.528161
0.792725
0.596502
0.849676
0.795265
0.600060
0.515486
0.596617
0.822915
0.790883
0.738319
0.755112
0.520020
0.496034
0.636887
0.377642
0.500538
0.730960
0.791471
0.586697
0.464256
0.507887
0.602804
0.764974
0.575061
0.880214
0.637059
0.585273
0.754714
0.657346
0.504033
0.707070
0.429006
0.800513
0.688414
0.790013
0.862777
0.564085
0.534945
0.656071
0.697892
0.653224
0.684903
0.716799
0.447833
0.658552
0.538282
0.351569
0.810504
0.819647
0.519923
0.450947
0.511511
0.462184
0.819098
0.521588
0.774777
0.784045
0.465639
0.778388
0.764273
0.493903
0.668600
0.267101
0.803119
0.726291
0.859194
0.906891
0.474671
0.393061
0.577422
0.794270
0.665920
0.710047
0.784339
0.444735
0.675721
0.538933
0.582180
0.717484
0.645874
0.600673
0.638651
0.635524
0.695381
0.775304
0.764936
0.581199
0.696921
0.694136
0.607793
0.657160
0.693444
0.593436
0.866663
0.670918
0.695396
0.809479
0.727489
0.699457
0.556542
0.665927
0.568635
0.578789
0.592361
0.626319
0.526253
0.579986
0.678366
0.574813
0.476658
0.621425
0.622704
0.740845
0.577471
0.893682
0.594170
0.585478
0.565779
0.634250
0.449651
0.702664
0.383653
0.794452
0.642665
0.685323
0.853935
0.477490
0.523443
0.650388
0.655420
0.641473
0.567135
0.673411
0.403961
0.589409
0.629482
0.492487
0.434388
0.526898
0.552744
0.752932
0.512983
0.675344
0.496578
0.325829
0.677415
0.604810
0.543185
0.601117
0.454376
0.781383
0.494513
0.701706
0.813726
0.458619
0.363908
0.547042
0.670643
0.574132
0.524198
0.583698
0.448642
0.430356
0.669564
0.732537
0.868353
0.838205
0.568241
0.715049
0.705906
0.413522
0.742613
0.564916
0.468843
0.771801
0.789478
0.726855
0.904557
0.343765
0.347597
0.766004
0.635035
0.654250
0.760823
0.305507
0.428561
0.420565
0.266111
0.793387
0.889857
0.828791
0.816034
0.820263
0.527093
0.859713
0.683375
0.530608
0.821887
0.641554
0.524570
0.892862
0.931544
0.814972
0.897930
0.504917
0.554369
0.877661
0.759467
0.746989
0.891676
0.448682
0.555939
0.474103
0.529272
0.787387
0.692243
0.697072
0.582617
0.888924
0.514160
0.882981
0.639358
0.364848
0.746570
0.833879
0.549215
0.602286
0.453782
0.877661
0.715603
0.675448
0.726763
0.547059
0.534575
0.450085
0.836432
0.764409
0.769529
0.714487
0.507541
0.523923
0.691848
0.826877
0.654258
0.661647
0.712285
0.674623
0.809587
0.676588
0.491944
0.727926
0.513820
0.784471
0.719919
0.883820
1.000168
0.511037
0.583472
0.663347
0.765717
0.546387
0.653589
0.754743
0.534573
0.639530
0.868318
0.686050
0.811165
0.732671
0.639135
0.759586
0.789652
0.508065
0.672871
0.538351
0.864071
0.847451
0.897744
0.963217
0.571190
0.624334
0.604244
0.794857
0.671208
0.751464
0.861043
0.556029
0.807222
0.662782
0.886891
0.798417
0.564047
0.852158
0.792180
0.509066
0.684963
0.522377
0.905980
0.787257
0.873047
0.933860
0.733295
0.600594
0.585328
0.801571
0.797543
0.811543
0.807468
0.495291
0.814319
0.782094
0.470486
0.943570
0.565783
0.534585
0.833411
0.883123
0.737437
0.801344
0.536273
0.370827
0.821938
0.894460
0.720455
0.920063
0.463645
0.502781
0.466813
0.507933
0.847831
0.899697
0.700022
0.550385
0.722699
0.820809
0.693496
0.627343
0.515428
0.817469
0.671293
0.747361
0.786918
0.429365
0.539577
0.638619
0.802916
0.764901
0.745495
0.710421
0.573026
0.708874
0.850073
0.801252
0.730558
0.880732
0.889649
0.809197
0.889115
0.766052
0.759742
0.894460
0.801398
0.848531
0.828111
0.734918
0.686299
0.691831
0.719172
0.924416
0.686821
0.544884
0.356386
0.726894
0.727258
0.695621
0.842977
0.405140
0.464299
0.790164
0.608846
0.574820
0.644583
0.451494
0.471822
0.407536
0.395328
0.728955
0.799650
0.765362
0.543426
0.569159
0.495644
0.807323
0.678019
0.815463
0.853736
0.493881
0.483664
0.528800
0.884269
0.766682
0.761292
0.752843
0.471780
0.641242
0.774249
0.744464
0.707305
0.846262
0.560152
0.587401
0.751540
0.735732
0.769068
0.733499
0.625286
0.601510
0.517869
0.592377
0.761544
0.713541
0.835328
0.702602
0.866423
0.442644
0.591785
0.896654
0.736107
0.563370
0.795912
0.392678
0.475738
0.399834
0.433299
0.714889
0.721023
0.459071
0.927796
0.702690
0.859867
0.950317
0.561046
0.508294
0.603819
0.793031
0.685130
0.694899
0.747372
0.513537
0.653413
0.854582
0.788212
0.873975
0.815419
0.657501
0.692981
0.529934
0.931284
0.869198
0.880750
0.817326
0.641232
0.831101
0.696334
0.698218
0.781488
0.530871
0.498398
0.588846
0.743041
0.646706
0.576607
0.735905
0.376881
0.712057
0.839108
0.810130
0.938427
0.919722
0.904624
0.899848
0.824310
0.806799
0.832942
0.865997
0.463543
0.797442
0.692345
0.574752
0.824831
0.376808
0.444630
0.324764
0.268982
0.819543
0.746583
0.760661
0.746402
0.843421
0.394550
0.538761
0.393507
0.353896
0.812856
0.927199
0.908774
0.841110
0.855899
0.891464
0.779972
0.779112
0.893829
0.468612
0.628609
0.757225
0.702728
0.705074
0.649153
0.551977
0.655551
0.626499
0.609260
0.539251
0.665995
0.559075
0.874529
0.863670
0.815057
0.786937
0.593051
0.401097
0.376844
0.263585
0.837872
0.453577
0.433263
0.732627
0.335142
0.757547
0.863039
