0.761764
0.728227
0.764545
0.672017
0.836567
0.934656
0.629456
0.837731
0.821311
0.710059
0.865444
0.730922
0.789338
0.877857
0.774429
0.834054
0.805868
0.816792
0.737993
0.690413
0.876311
0.780457
0.682452
0.762044
0.813059
0.907769
0.311928
0.925867
0.462013
0.903642
0.632953
0.740352
0.898471
0.789188
0.728832
0.653384
0.721536
0.829974
0.761125
0.906009
0.750262
0.586347
0.775294
0.835645
0.634260
0.720020
0.869653
0.839526
0.948721
0.795642
0.800642
0.768783
0.652370
0.945491
0.859205
0.739506
0.677927
0.652522
0.836911
0.609277
0.732794
0.706410
0.612592
0.606704
0.589316
0.757749
0.801958
0.889372
0.878710
0.778867
0.653159
0.828110
0.801004
1.005057
0.714544
0.797685
0.858135
0.911666
0.841093
0.561676
0.713035
0.773878
0.780715
0.849447
0.623368
0.807388
1.010974
0.835729
0.607386
0.722509
0.889933
0.764920
0.893802
0.793412
0.917014
0.922592
0.947078
0.684738
0.817858
0.992029
0.787626
0.793901
0.975496
0.813038
0.789927
0.962877
0.548789
0.966451
0.554814
0.796063
0.958930
0.815898
0.814962
0.788246
0.748079
0.932076
0.881594
0.931856
0.806290
0.681712
0.880460
0.875640
0.748860
0.802441
0.828088
0.876629
0.842991
0.935832
0.906231
0.964398
0.943604
0.971536
0.727563
0.895558
1.040479
0.967759
0.748359
0.994887
0.909713
0.780919
0.846527
0.648854
0.722100
0.805460
0.794185
0.682352
0.717009
0.817599
0.741654
0.741303
0.896061
0.740011
0.569020
0.901062
0.747657
0.613219
0.934211
0.824791
0.980201
0.850899
0.888354
0.853044
0.973313
0.794789
0.625759
0.802854
0.906810
0.853810
0.913937
0.757283
0.888345
0.740032
0.945537
0.809155
0.849635
0.842875
0.789373
0.738160
0.827169
0.918204
0.820217
0.636414
0.821650
0.762067
0.656052
0.905494
0.806381
0.711954
0.730481
0.506685
0.724699
0.676698
0.890023
0.651882
0.422284
0.899782
0.823074
0.514311
0.975253
0.837102
0.895520
0.937867
0.999043
0.970505
1.038863
0.877140
0.865956
0.873545
0.960646
0.807566
0.829571
0.838023
0.852497
0.792746
0.831747
0.901015
0.722413
0.795792
0.954844
0.834655
0.791091
0.674848
0.723356
0.921125
0.869579
0.843749
0.619166
0.675988
0.806398
0.657340
0.749803
0.714433
0.893013
0.755009
0.912531
0.774023
0.635273
0.720811
0.679379
0.799957
0.955659
0.817630
0.931912
0.741573
0.553820
0.809814
0.764356
0.495857
0.811177
0.914530
0.761498
0.659822
0.977326
0.832115
0.793542
0.853132
0.871558
0.734035
0.805212
0.703205
0.845240
0.961545
0.895969
0.818809
0.823972
0.971276
0.651289
0.937812
0.847978
0.748780
0.771817
0.726732
0.373491
0.650834
0.863730
0.735633
