0.373554
0.670969
0.642681
0.566801
0.590026
0.605000
0.377861
0.585122
0.365650
0.184559
0.530240
0.476412
0.569977
0.234576
0.689934
0.601841
0.295298
0.155752
0.315293
0.521888
0.334214
0.426619
0.766247
0.139371
0.375307
0.586818
0.397649
0.528238
0.224024
0.553295
0.492234
0.543010
0.565237
0.577185
0.514782
0.510065
0.553229
0.243780
0.317716
0.595215
0.539755
0.529965
0.407440
0.526444
0.729030
0.464800
0.617963
0.550029
0.530106
0.758597
0.742939
0.110292
0.761953
0.618276
0.050869
0.107552
0.753634
0.453258
0.111989
0.126331
0.501018
0.460255
0.809968
0.178903
0.165989
0.338294
0.465461
0.109156
0.105802
0.102886
0.866194
0.172679
0.187572
0.619732
0.051965
0.076373
0.584077
0.185529
0.061664
0.093690
0.138153
0.125861
0.102220
0.667424
0.113759
0.346334
0.747121
0.120905
0.085126
0.080155
0.064399
0.097455
0.829663
0.060365
0.131390
0.083078
0.111016
0.024537
0.610448
0.061237
0.040731
0.685340
0.657810
0.767616
0.462967
0.587435
0.522430
0.133976
0.422835
0.030678
0.533273
0.719310
0.545221
0.395306
0.609609
0.460686
0.646202
0.083571
0.790698
0.425628
0.057520
0.745224
0.655129
0.741587
0.584430
0.612722
0.614352
0.560376
0.582364
0.571544
0.263328
0.617356
0.355541
0.431997
0.647014
0.642534
0.673071
0.663661
0.616007
0.030352
0.625918
0.605196
0.627637
0.593023
0.606292
0.029496
0.030541
0.663671
0.641730
0.770537
0.421064
0.584061
0.516052
0.104316
0.368361
0.060019
0.524251
0.685467
0.534777
0.401255
0.610610
0.446112
0.626638
0.137495
0.772446
0.408129
0.064799
0.725544
0.642229
0.703410
0.618067
0.596834
0.588810
0.563385
0.579653
0.572656
0.257216
0.613223
0.332110
0.428311
0.640781
0.631983
0.665926
0.653295
0.595500
0.051919
0.611068
0.598162
0.603440
0.588426
0.659070
0.496012
0.096399
0.020950
0.936491
0.554499
0.018541
0.025870
0.425182
0.540441
0.646501
0.073199
0.275658
0.446073
0.496064
0.016501
0.146111
0.095248
0.690917
0.398167
0.149351
0.475917
0.137044
0.013202
0.737473
0.101321
0.056284
0.056684
0.017586
0.016964
0.023075
0.582740
0.009231
0.337456
0.789629
0.055310
0.016126
0.015998
0.076321
0.065633
0.658863
0.082454
0.009127
0.048640
0.014066
0.066218
0.689217
0.699883
0.706859
0.370882
0.637088
0.559616
0.111678
0.301019
0.087478
0.559674
0.682796
0.504631
0.385554
0.662173
0.456165
0.638395
0.145975
0.727538
0.413912
0.083930
0.752848
0.693504
0.678392
0.655847
0.642124
0.626073
0.615396
0.634972
0.626992
0.198996
0.664096
0.314781
0.375480
0.679430
0.687312
0.719539
0.673916
0.630030
0.064359
0.647247
0.655234
0.651926
0.641186
0.543017
0.529466
0.789486
0.390391
0.479756
0.413376
0.062346
0.350588
0.099985
0.421493
0.596688
0.478141
0.400925
0.500562
0.334874
0.512332
0.183739
0.680476
0.314389
0.067919
0.599791
0.524716
0.691965
0.514675
0.481419
0.462816
0.448471
0.466198
0.467345
0.285151
0.499344
0.285189
0.470091
0.510742
0.519124
0.548330
0.528343
0.471022
0.092685
0.492864
0.488950
0.485516
0.482608
0.102188
0.767781
0.369394
0.085762
0.098514
0.437147
0.420215
0.719114
0.148443
0.120384
0.272509
0.421805
0.098056
0.081180
0.049332
0.784327
0.200510
0.116916
0.521214
0.020459
0.082871
0.521909
0.223235
0.060935
0.067822
0.100255
0.087980
0.090974
0.579452
0.099488
0.243734
0.675849
0.073102
0.061707
0.072907
0.078969
0.050720
0.745650
0.065729
0.107871
0.072733
0.079300
0.928372
0.589980
0.024256
0.050445
0.457689
0.579724
0.701050
0.128203
0.281204
0.488345
0.538605
0.025553
0.184531
0.109743
0.761290
0.419546
0.203615
0.536711
0.141663
0.015601
0.738362
0.124699
0.057509
0.054228
0.044424
0.035026
0.031785
0.650787
0.017186
0.394521
0.836599
0.067335
0.023164
0.014436
0.077764
0.080447
0.714376
0.100268
0.027275
0.037664
0.025107
0.390187
0.856518
0.853034
0.801524
0.525689
0.754506
0.970972
0.660192
0.426669
0.478192
0.865317
0.711794
0.823956
0.786044
0.468018
0.772105
0.751688
0.773734
0.913980
0.405509
0.877275
0.856048
0.915948
0.924882
0.932192
0.844751
0.605586
0.935158
0.579388
0.353389
0.964903
0.903072
0.886079
0.836074
0.917623
0.790869
0.837898
0.978270
0.901202
0.875746
0.520883
0.459201
0.342322
0.122495
0.479113
0.490065
0.315440
0.138627
0.305915
0.538873
0.273623
0.403524
0.554521
0.252404
0.267812
0.370495
0.398583
0.551647
0.263860
0.625693
0.485858
0.480033
0.519034
0.523474
0.518151
0.333961
0.560742
0.124313
0.235269
0.531729
0.524630
0.549456
0.479022
0.454149
0.503262
0.449204
0.578369
0.519452
0.514407
0.023845
0.421482
0.531182
0.615207
0.112759
0.275335
0.410440
0.421806
0.013854
0.140321
0.090887
0.665908
0.389290
0.144897
0.447525
0.133399
0.025121
0.696995
0.108091
0.053328
0.063167
0.024952
0.022787
0.006327
0.544633
0.019147
0.310105
0.717671
0.066006
0.019065
0.018165
0.080158
0.074525
0.639288
0.085557
0.026535
0.047685
0.006212
0.366310
0.459013
0.565012
0.083067
0.270364
0.369373
0.400973
0.023463
0.109301
0.085822
0.616293
0.361711
0.097363
0.391120
0.145847
0.036789
0.682768
0.106051
0.074485
0.068459
0.019760
0.027067
0.024591
0.491071
0.024394
0.251423
0.657270
0.076004
0.037461
0.037275
0.074414
0.074871
0.578703
0.092358
0.041431
0.073327
0.021060
0.269006
0.187251
0.323589
0.488833
0.410360
0.397374
0.446000
0.243107
0.421060
0.255205
0.565824
0.241115
0.098794
0.488818
0.444436
0.651299
0.474822
0.368343
0.362646
0.391276
0.398742
0.411909
0.265828
0.436634
0.245161
0.500703
0.421487
0.431671
0.472542
0.444137
0.367854
0.173398
0.382219
0.414481
0.385211
0.414462
0.437133
0.458990
0.315708
0.216042
0.374955
0.545487
0.280236
0.416314
0.507130
0.292165
0.274419
0.341064
0.459680
0.534991
0.328336
0.567068
0.478621
0.470285
0.514423
0.528860
0.528847
0.284552
0.541174
0.176114
0.326882
0.543563
0.534494
0.556422
0.459532
0.464234
0.438416
0.461529
0.567905
0.509172
0.519128
0.567250
0.722239
0.522207
0.367328
0.646485
0.516286
0.670675
0.035892
0.814579
0.454364
0.054562
0.790653
0.704563
0.730767
0.627413
0.661084
0.672254
0.594166
0.616553
0.605854
0.214912
0.657381
0.350926
0.389573
0.687908
0.675409
0.715676
0.723568
0.658716
0.018371
0.679901
0.639736
0.677436
0.618418
0.291269
0.413139
0.508905
0.122616
0.120062
0.118578
0.596635
0.412829
0.090099
0.389811
0.183584
0.101460
0.755668
0.211771
0.111242
0.077473
0.066074
0.065671
0.115049
0.474045
0.097895
0.276937
0.751410
0.083432
0.085795
0.119554
0.168455
0.063038
0.567396
0.106537
0.062140
0.099898
0.092401
0.189279
0.480649
0.291396
0.205802
0.165627
0.805898
0.148920
0.231089
0.572747
0.112960
0.263023
0.330404
0.418286
0.225902
0.252463
0.291690
0.269295
0.288900
0.580983
0.280692
0.264799
0.583034
0.262477
0.226479
0.250536
0.253294
0.215195
0.755635
0.246495
0.300525
0.259828
0.259506
0.237373
0.426950
0.230654
0.310120
0.588643
0.149144
0.224159
0.400671
0.301523
0.446138
0.250852
0.513566
0.370848
0.430512
0.425714
0.430499
0.410157
0.362964
0.458373
0.106091
0.253501
0.456074
0.403664
0.434986
0.406573
0.384380
0.579485
0.359987
0.479007
0.436412
0.398340
0.453458
0.298501
0.411342
0.394642
0.393714
0.305197
0.279573
0.480937
0.501642
0.529567
0.484559
0.434154
0.506437
0.470693
0.479850
0.402423
0.295579
0.506925
0.228514
0.193314
0.525025
0.476461
0.504636
0.474093
0.476016
0.423248
0.384067
0.508979
0.490462
0.439168
0.152064
0.109338
0.692923
0.378590
0.164287
0.477269
0.144120
0.019857
0.716064
0.079675
0.064092
0.072295
0.025854
0.033124
0.013122
0.576164
0.017651
0.332027
0.747953
0.079435
0.027055
0.014663
0.064123
0.091045
0.667008
0.089959
0.032831
0.057081
0.014012
0.100224
0.572170
0.210739
0.046251
0.325891
0.112974
0.138881
0.548025
0.223943
0.094918
0.094512
0.130368
0.134677
0.127282
0.392128
0.156636
0.150932
0.530919
0.127440
0.135875
0.156179
0.111892
0.079254
0.530077
0.066066
0.155879
0.114824
0.136858
0.716539
0.249689
0.085391
0.480029
0.086660
0.095695
0.627914
0.218754
0.099680
0.062365
0.082287
0.073213
0.100005
0.510097
0.089311
0.244101
0.667109
0.045972
0.079330
0.097393
0.084477
0.038283
0.684134
0.093363
0.097394
0.092446
0.081129
0.864297
0.506488
0.094160
0.854216
0.762169
0.839612
0.643101
0.724566
0.730785
0.633070
0.659232
0.655495
0.207620
0.705370
0.420658
0.423759
0.723070
0.732019
0.771182
0.776302
0.707307
0.037123
0.731502
0.683498
0.741651
0.667708
0.283552
0.654241
0.191082
0.361483
0.360517
0.427407
0.310138
0.355264
0.404955
0.406917
0.375455
0.583183
0.400235
0.284713
0.512338
0.381693
0.355067
0.359594
0.263898
0.328407
0.842108
0.274482
0.440379
0.368388
0.378819
0.271419
0.168123
0.163571
0.576569
0.260068
0.142468
0.111712
0.113320
0.122252
0.141629
0.308318
0.157161
0.096454
0.487352
0.127100
0.144848
0.178163
0.157289
0.082786
0.474221
0.117983
0.150676
0.148456
0.132471
0.591746
0.529612
0.684554
0.502727
0.473608
0.477107
0.424029
0.440257
0.437057
0.155792
0.492227
0.216802
0.358427
0.497359
0.494001
0.541244
0.540636
0.459809
0.068966
0.482570
0.468995
0.491906
0.445922
0.119783
0.521208
0.272504
0.091927
0.106821
0.147062
0.123543
0.136197
0.659282
0.143735
0.303938
0.715115
0.109711
0.091289
0.104856
0.121504
0.082636
0.814248
0.087597
0.151449
0.115192
0.126451
0.708450
0.095680
0.039156
0.046104
0.034582
0.035585
0.026783
0.636318
0.014140
0.357390
0.808540
0.064992
0.018980
0.010355
0.051080
0.065628
0.719566
0.061923
0.022635
0.032100
0.023921
0.796538
0.640427
0.712719
0.738973
0.734620
0.712390
0.661535
0.738865
0.388634
0.401423
0.773503
0.685045
0.688561
0.679770
0.692510
0.784099
0.662848
0.774335
0.704029
0.690305
0.147111
0.177150
0.102949
0.137775
0.099827
0.603280
0.086869
0.423585
0.788937
0.181219
0.140920
0.106525
0.101054
0.213777
0.633223
0.174916
0.126219
0.160105
0.113443
0.046071
0.077741
0.067265
0.049477
0.589122
0.065293
0.309119
0.738972
0.078310
0.036323
0.047410
0.074382
0.062031
0.684897
0.036180
0.055635
0.024514
0.051265
0.053020
0.048253
0.064339
0.570299
0.057724
0.311435
0.794447
0.029195
0.047912
0.059485
0.065877
0.020257
0.676523
0.054122
0.045554
0.016204
0.055790
0.010880
0.030666
0.530761
0.018827
0.301587
0.752928
0.042415
0.029747
0.032316
0.084431
0.056086
0.605886
0.092147
0.022729
0.062729
0.016780
0.029866
0.557410
0.020876
0.313945
0.756560
0.033646
0.018636
0.028678
0.094506
0.045740
0.630413
0.088405
0.018985
0.056890
0.014657
0.533985
0.025263
0.306458
0.708226
0.073371
0.023901
0.023338
0.070654
0.080041
0.632621
0.073454
0.031245
0.046954
0.011764
0.597160
0.204542
0.286063
0.592453
0.605113
0.644716
0.604927
0.543829
0.228570
0.581536
0.586870
0.595491
0.540581
0.347018
0.794159
0.053382
0.024272
0.015234
0.059509
0.072479
0.668111
0.099814
0.020205
0.055619
0.016901
0.275190
0.342701
0.326994
0.363440
0.325655
0.280284
0.391205
0.299181
0.351776
0.338029
0.299860
0.823645
0.770249
0.797854
0.764179
0.756744
0.442630
0.715710
0.821378
0.803335
0.724513
0.050498
0.065240
0.082106
0.022415
0.690095
0.086892
0.044528
0.056537
0.057427
0.012142
0.082874
0.052373
0.698764
0.064074
0.020490
0.036160
0.012080
0.063875
0.074863
0.734418
0.080750
0.031129
0.045158
0.015241
0.088576
0.731820
0.088333
0.096497
0.073800
0.079010
0.668364
0.052932
0.055176
0.043249
0.064641
0.701140
0.651124
0.693303
0.642600
0.079042
0.045189
0.085093
0.038389
0.022250
0.045592
