0.755814
0.099953
0.176584
0.443511
0.075502
0.063910
0.093361
0.097677
0.219200
0.688278
0.077217
0.075613
0.842426
0.048522
0.013828
0.086293
0.069186
0.114882
0.302969
0.043279
0.041545
0.033054
0.084836
0.048883
0.219739
0.109503
0.027563
0.168698
0.523165
0.713288
0.087179
0.031409
0.036298
0.698410
0.347882
0.855590
0.043380
0.452549
0.065329
0.035896
0.109744
0.839662
0.064041
0.061814
0.248063
0.045477
0.419190
0.074935
0.384960
0.822265
0.590639
0.210701
0.765508
0.784029
0.749023
0.683725
0.749670
0.341839
0.815750
0.717683
0.042665
0.762243
0.726923
0.781606
0.812837
0.559452
0.591359
0.756847
0.823183
0.842324
0.720764
0.704182
0.476148
0.816007
0.663909
0.431152
0.159128
0.063556
0.761444
0.788223
0.598692
0.387421
0.388268
0.250461
0.812123
0.358860
0.772380
0.722462
0.776166
0.139334
0.821145
0.749282
0.791104
0.755213
0.306154
0.719669
0.390821
0.145380
0.574524
0.029959
0.023800
0.030856
0.065352
0.070068
0.728208
0.020986
0.048921
0.910598
0.042902
0.083316
0.020034
0.018514
0.213736
0.471637
0.115406
0.065550
0.044402
0.043613
0.086031
0.301808
0.084677
0.118461
0.259112
0.644232
0.778238
0.027530
0.053920
0.147948
0.833009
0.458697
0.905430
0.079290
0.476270
0.031353
0.184260
0.019019
0.879836
0.016162
0.038823
0.101880
0.040940
0.578364
0.100461
0.495672
0.442345
0.079886
0.090592
0.087091
0.054895
0.094044
0.726698
0.115720
0.117537
0.671849
0.138192
0.123373
0.110132
0.101137
0.223897
0.522939
0.120257
0.160339
0.158028
0.066221
0.114581
0.112592
0.091768
0.202978
0.111683
0.484555
0.482236
0.102772
0.125238
0.176934
0.726832
0.200344
0.740046
0.153493
0.178233
0.095492
0.248253
0.136874
0.749343
0.114194
0.096641
0.180810
0.096200
0.390175
0.225958
0.225388
0.511431
0.517087
0.507775
0.460926
0.575767
0.393278
0.559710
0.440012
0.219947
0.467204
0.451827
0.528109
0.549402
0.277422
0.324550
0.513985
0.518978
0.540610
0.474113
0.467012
0.335172
0.617770
0.364547
0.260791
0.009059
0.228751
0.511352
0.500263
0.301634
0.235926
0.276964
0.357867
0.546721
0.360166
0.503959
0.381369
0.520529
0.259881
0.552282
0.478243
0.636755
0.477862
0.129489
0.380280
0.326565
0.008521
0.017525
0.032459
0.062616
0.759085
0.017997
0.024811
0.851771
0.032966
0.057988
0.025207
0.010823
0.172961
0.460967
0.064068
0.044928
0.037638
0.020642
0.076269
0.214181
0.052827
0.096791
0.188007
0.578239
0.692042
0.017831
0.031913
0.114146
0.799538
0.353600
0.878483
0.050968
0.379978
0.009956
0.152853
0.026343
0.850860
0.013084
0.016951
0.115528
0.011908
0.485889
0.094846
0.386846
0.016633
0.030986
0.074238
0.747400
0.009490
0.019854
0.868099
0.026826
0.050323
0.013654
0.004113
0.171577
0.445233
0.067307
0.042039
0.027631
0.013211
0.058403
0.237221
0.058620
0.092126
0.199962
0.586734
0.716141
0.013170
0.023545
0.111963
0.809156
0.379114
0.889052
0.054321
0.401770
0.008937
0.136769
0.024464
0.855474
0.005953
0.008579
0.125140
0.009462
0.505644
0.077007
0.414084
0.025511
0.065848
0.733329
0.027651
0.036691
0.840801
0.033661
0.073654
0.017623
0.019232
0.200334
0.477258
0.102688
0.048948
0.043757
0.020059
0.070718
0.224992
0.082591
0.113743
0.208537
0.573409
0.685366
0.028762
0.035732
0.127905
0.780029
0.366040
0.865748
0.082419
0.378721
0.032026
0.175966
0.040036
0.829728
0.021945
0.020729
0.135404
0.021365
0.504727
0.088909
0.400051
0.095865
0.708186
0.045518
0.054981
0.775607
0.059337
0.079127
0.041354
0.034810
0.199031
0.448767
0.085000
0.080986
0.074843
0.012928
0.075337
0.175563
0.081911
0.117256
0.158586
0.519211
0.613350
0.041452
0.051058
0.123317
0.741543
0.313917
0.813931
0.092587
0.301463
0.042490
0.170393
0.069801
0.781757
0.041227
0.035539
0.179797
0.036089
0.426645
0.110452
0.321422
0.753057
0.080039
0.097259
0.823232
0.126012
0.171155
0.073247
0.076480
0.270117
0.610051
0.187194
0.156696
0.142454
0.078906
0.164209
0.278108
0.089638
0.237595
0.254132
0.628275
0.656384
0.070982
0.139517
0.240880
0.856950
0.388945
0.878924
0.161527
0.375525
0.076214
0.305372
0.058961
0.836990
0.080511
0.087032
0.055633
0.097001
0.576146
0.202173
0.442932
0.743340
0.679009
0.335815
0.717520
0.699403
0.714546
0.766322
0.603145
0.534466
0.749337
0.784875
0.767563
0.722050
0.652205
0.708818
0.780693
0.603260
0.568466
0.367014
0.417868
0.706560
0.755308
0.572271
0.575549
0.694635
0.507443
0.765052
0.715991
0.730655
0.670617
0.699968
0.241583
0.756280
0.718429
0.703493
0.735217
0.577771
0.619413
0.714516
0.026208
0.902657
0.047083
0.067974
0.012548
0.008802
0.201688
0.465054
0.075999
0.059118
0.038505
0.022807
0.071298
0.274150
0.058944
0.107173
0.236915
0.628733
0.755014
0.010154
0.036142
0.134907
0.857437
0.430838
0.919158
0.056530
0.448253
0.014518
0.155512
0.021502
0.870235
0.009792
0.015737
0.114589
0.020969
0.554858
0.085606
0.458815
0.795855
0.041997
0.075081
0.031472
0.032241
0.150132
0.412230
0.089226
0.061499
0.052612
0.030949
0.084511
0.251327
0.096543
0.082638
0.205944
0.504591
0.654877
0.016998
0.044978
0.103530
0.774441
0.382952
0.855578
0.070716
0.416298
0.020128
0.134137
0.026306
0.756813
0.031263
0.010437
0.128403
0.018697
0.471967
0.045599
0.421979
0.839588
0.816974
0.867844
0.897968
0.628751
0.639323
0.852362
0.910418
0.927229
0.806770
0.796744
0.571170
0.911185
0.747806
0.499146
0.160085
0.089925
0.848031
0.879703
0.679166
0.380569
0.445181
0.213266
0.911128
0.423422
0.852147
0.804077
0.849960
0.111740
0.907214
0.838047
0.868810
0.845222
0.335274
0.788225
0.464248
0.041390
0.042746
0.029428
0.136204
0.412436
0.096365
0.021639
0.017372
0.048660
0.065517
0.234543
0.115007
0.057333
0.204858
0.541457
0.717763
0.052561
0.021618
0.079272
0.742601
0.367834
0.850227
0.074013
0.430856
0.042009
0.112681
0.054101
0.827226
0.026794
0.038041
0.191439
0.027257
0.463286
0.058578
0.411018
0.070689
0.055522
0.107916
0.339273
0.038769
0.043885
0.033121
0.067730
0.029306
0.176015
0.080436
0.040653
0.134202
0.526730
0.676181
0.077207
0.029284
0.040784
0.709849
0.297924
0.831947
0.042662
0.385651
0.055916
0.055628
0.099223
0.841606
0.052462
0.055666
0.211802
0.039819
0.417125
0.101054
0.342920
0.016253
0.200778
0.455585
0.101615
0.065762
0.045173
0.019331
0.063365
0.272515
0.081443
0.112831
0.234438
0.595947
0.726515
0.016525
0.041324
0.132013
0.819876
0.420537
0.885288
0.084489
0.427316
0.027723
0.164950
0.027485
0.833539
0.017381
0.019451
0.122159
0.028079
0.546909
0.076029
0.455802
0.192507
0.465742
0.072186
0.039926
0.024677
0.018327
0.066239
0.247457
0.059463
0.101670
0.217579
0.620212
0.749424
0.019450
0.024864
0.126051
0.823897
0.399046
0.900972
0.055813
0.419631
0.014276
0.149977
0.026616
0.882939
0.005155
0.018187
0.132842
0.015707
0.526796
0.092384
0.426952
0.248137
0.163495
0.163789
0.164809
0.184397
0.141374
0.214013
0.225983
0.069705
0.144404
0.343578
0.537947
0.189726
0.145278
0.061446
0.573994
0.261837
0.695895
0.154052
0.371881
0.166768
0.073677
0.192857
0.661101
0.182353
0.163237
0.306709
0.149110
0.299708
0.142287
0.335811
0.366740
0.430667
0.423704
0.441536
0.363537
0.470881
0.494840
0.244761
0.330246
0.373797
0.628248
0.448407
0.405268
0.234904
0.397593
0.489109
0.657610
0.375091
0.585464
0.429376
0.209557
0.465675
0.653515
0.447991
0.422922
0.585042
0.409176
0.386485
0.335841
0.538268
0.082691
0.072730
0.080258
0.069097
0.189018
0.050941
0.081392
0.137856
0.581034
0.685047
0.081743
0.059222
0.089240
0.752590
0.320407
0.867182
0.024079
0.381889
0.054568
0.092596
0.115632
0.885039
0.071024
0.068199
0.202613
0.051688
0.432864
0.155760
0.339039
0.007445
0.071319
0.075500
0.227992
0.111370
0.069109
0.232692
0.600574
0.763692
0.074169
0.014399
0.093207
0.757509
0.364873
0.912944
0.057172
0.451810
0.056705
0.105887
0.081107
0.903038
0.038755
0.048134
0.215442
0.026544
0.486142
0.080833
0.401818
0.058128
0.057850
0.253403
0.091855
0.066116
0.232610
0.622065
0.786913
0.055730
0.011570
0.092824
0.787909
0.395353
0.923206
0.049159
0.472442
0.040330
0.101712
0.061798
0.911067
0.023026
0.037864
0.190090
0.022416
0.514279
0.076320
0.437193
0.066076
0.213692
0.075896
0.111818
0.174929
0.537573
0.655630
0.020998
0.040947
0.121782
0.764904
0.350149
0.837352
0.082393
0.344966
0.024393
0.156097
0.041537
0.802076
0.025601
0.017514
0.149703
0.023736
0.464417
0.086407
0.376010
0.192088
0.088078
0.075984
0.145468
0.534813
0.647460
0.079316
0.042456
0.077448
0.717388
0.313292
0.808590
0.074213
0.356054
0.071459
0.099652
0.112525
0.809016
0.066305
0.057452
0.207093
0.052993
0.447417
0.119363
0.356997
0.220518
0.220931
0.098667
0.376919
0.394766
0.261469
0.208751
0.167146
0.574024
0.064627
0.623148
0.230835
0.121850
0.242443
0.238494
0.311257
0.704220
0.257707
0.226903
0.376822
0.205696
0.228903
0.314799
0.053367
0.151253
0.188775
0.681260
0.710194
0.064120
0.082935
0.157958
0.875732
0.359061
0.931890
0.046606
0.381856
0.048163
0.179277
0.089572
0.941214
0.055376
0.066189
0.096756
0.060557
0.541398
0.200972
0.388818
0.158502
0.437063
0.641690
0.109854
0.058060
0.018874
0.647537
0.341519
0.788541
0.064746
0.443181
0.089052
0.038289
0.118107
0.731082
0.088605
0.086525
0.260840
0.067856
0.379855
0.066462
0.380187
0.296139
0.373468
0.216599
0.200360
0.112182
0.488021
0.131770
0.581184
0.186804
0.199610
0.181573
0.181172
0.246338
0.612090
0.224710
0.194009
0.313969
0.178980
0.200493
0.267453
0.185006
0.182948
0.575526
0.578340
0.370765
0.241167
0.303960
0.322929
0.620814
0.369621
0.570908
0.463876
0.584992
0.202141
0.625078
0.546870
0.685280
0.549568
0.146911
0.454931
0.347633
0.694173
0.730164
0.566305
0.451979
0.302579
0.350236
0.742489
0.277528
0.699572
0.686413
0.719970
0.205349
0.756825
0.677709
0.697977
0.683884
0.295959
0.690714
0.318719
0.050723
0.129433
0.824052
0.407950
0.884351
0.065121
0.420798
0.012580
0.158990
0.017607
0.818650
0.018671
0.012099
0.094208
0.023059
0.512545
0.078540
0.439286
0.078240
0.769237
0.354034
0.889015
0.043699
0.411035
0.039104
0.089715
0.068994
0.868844
0.023994
0.026113
0.200231
0.013272
0.478849
0.070131
0.383379
0.584269
0.263520
0.732751
0.087745
0.386298
0.107764
0.036591
0.147114
0.692756
0.115173
0.100879
0.272480
0.084182
0.317237
0.085591
0.310384
0.449045
0.325686
0.797064
0.535028
0.794186
0.642422
0.820912
0.520157
0.830393
0.785571
0.917071
0.760219
0.260352
0.709886
0.510611
0.516081
0.380625
0.102765
0.376358
0.341354
0.448702
0.645908
0.408825
0.366727
0.491502
0.342255
0.167837
0.441518
0.053708
0.924791
0.476552
0.881394
0.836025
0.889454
0.407565
0.917070
0.877167
0.937280
0.878393
0.357889
0.851643
0.501334
0.453735
0.041603
0.085969
0.084125
0.912111
0.045602
0.052323
0.161103
0.035471
0.492771
0.128715
0.411750
0.412161
0.476070
0.471667
0.611964
0.438552
0.397924
0.494598
0.388867
0.253241
0.515091
0.087528
0.136608
0.020072
0.844377
0.013890
0.013778
0.104973
0.013716
0.483873
0.088394
0.418403
0.185701
0.802988
0.136964
0.123561
0.324357
0.107478
0.375732
0.100024
0.386562
0.812212
0.024388
0.032063
0.079344
0.038946
0.547330
0.083762
0.495316
0.887731
0.816781
0.856974
0.836405
0.493915
0.710819
0.649771
0.017523
0.121759
0.014126
0.536660
0.082243
0.442464
0.126551
0.007299
0.482406
0.059664
0.402343
0.142226
0.660125
0.237226
0.556148
0.463641
0.066434
0.379138
0.464319
0.179805
0.481876
