0.624188
0.669503
0.608047
0.677261
0.664726
0.570490
0.573470
0.530363
0.683746
0.689968
0.583378
0.576651
0.639806
0.840031
0.637746
0.616266
0.564118
0.532013
0.522873
0.688040
0.733220
0.691427
0.600430
0.413538
0.677522
0.608360
0.560435
0.561137
0.661161
0.578751
0.790340
0.564924
0.452755
0.585158
0.791618
0.631738
0.609523
0.686713
0.778428
0.754751
0.617558
0.789062
0.735247
0.749804
0.717107
0.615653
0.616904
0.541044
0.575597
0.550440
0.446710
0.469852
0.545283
0.531325
0.396514
0.385683
0.664106
0.582318
0.479578
0.587297
0.527476
0.586897
0.554630
0.473722
0.447880
0.516544
0.329470
0.586285
0.615229
0.494154
0.755647
0.572317
0.555618
0.518336
0.690335
0.404952
0.353352
0.525269
0.690273
0.384422
0.439963
0.464806
0.920744
0.442456
0.379914
0.469550
0.609005
0.742506
0.561100
0.716161
0.592530
0.619210
0.524223
0.529136
0.388121
0.554002
0.541858
0.735980
0.562772
0.739834
0.653478
0.673560
0.666461
0.632289
0.620186
0.467256
0.560613
0.618300
0.638139
0.610765
0.387969
0.644417
0.562493
0.552391
0.499145
0.549164
0.771992
0.863492
0.566749
0.823982
0.629940
0.590294
0.674337
0.544067
0.592432
0.749581
0.439218
0.609350
0.600814
0.743824
0.615176
0.503706
0.783140
0.750300
0.640885
0.777366
0.690298
0.715509
0.637989
0.516575
0.808917
0.545308
0.684463
0.748253
0.555521
0.611294
0.538142
0.502178
0.454201
0.750512
0.722458
0.544633
0.811198
0.627629
0.711943
0.477280
0.596765
0.626405
0.665437
0.382469
0.669739
0.591584
0.539770
0.601036
0.607430
0.579050
0.604291
0.834019
0.552121
0.411598
0.571694
0.766754
0.422643
0.405028
0.457149
0.875409
0.487398
0.389617
0.525539
0.608874
0.883534
0.386755
0.825662
0.712042
0.773359
0.749718
0.416085
0.447252
0.641995
0.443022
0.715079
0.603352
0.618361
0.611250
0.658648
0.763631
0.632150
0.692606
0.688708
0.633448
0.655082
0.570111
0.711767
0.613070
0.507632
0.695169
0.558410
0.742406
0.776385
0.690471
0.750011
0.543968
0.859158
0.613710
0.495254
0.614175
0.894777
0.604950
0.629129
0.595172
0.863493
0.714711
0.566998
0.690108
0.657536
0.897663
0.693930
0.830077
0.743572
0.785072
0.766301
0.635084
0.483880
0.700908
0.607716
0.697936
0.510822
0.478346
0.623402
0.763503
0.745853
0.805768
0.602732
0.893064
0.602022
0.717675
0.719281
0.409148
0.544534
0.757209
0.597107
0.449126
0.743419
0.634998
0.646939
0.469561
0.822927
0.726111
0.615269
0.598215
0.783998
0.618634
0.475724
0.582858
0.885057
0.530467
0.654230
0.487101
0.635933
0.766197
0.488039
0.897265
0.600788
0.735545
0.791910
0.455411
0.643802
0.688768
0.689261
0.509039
0.499446
0.707787
0.684919
0.531763
0.579723
0.646534
0.717511
0.576686
0.480430
0.669672
0.591631
0.496652
0.546006
0.654922
0.687038
0.739787
0.569876
0.653003
0.554559
0.640819
0.533051
0.563860
0.502325
0.792835
0.420616
0.444608
0.495209
0.828640
0.512832
0.561316
0.682290
0.772343
0.797861
0.540402
0.715189
0.678081
0.678532
0.637787
0.636909
0.529252
0.638491
0.235952
0.313471
0.652106
0.531907
0.490348
0.679058
0.574280
0.661536
0.519230
0.598190
0.511932
0.532956
0.465921
0.619684
0.597615
0.546173
0.704947
0.465858
0.601082
0.562373
0.691521
0.523728
0.527146
0.503191
0.648186
0.418517
0.385332
0.419970
0.789317
0.407620
0.491477
0.444419
0.714180
0.806289
0.492542
0.713428
0.538277
0.679501
0.640641
0.504750
0.393468
0.546904
0.518570
0.678653
0.590996
0.452582
0.563259
0.533707
0.636828
0.445558
0.516316
0.536539
0.458438
0.421779
0.565792
0.630946
0.455908
0.643302
0.464878
0.482603
0.544547
0.613665
0.468886
0.511137
0.432403
0.599144
0.391145
0.325334
0.463463
0.762387
0.335024
0.472899
0.327195
0.700624
0.681156
0.416654
0.667108
0.545617
0.615455
0.572870
0.385145
0.361167
0.498797
0.529846
0.716650
0.651480
0.567935
0.633219
0.770311
0.719860
0.520375
0.633446
0.567568
0.640580
0.548197
0.652117
0.726023
0.763199
0.620781
0.667434
0.506448
0.499612
0.798894
0.702271
0.581122
0.539887
0.543022
0.634530
0.625302
0.542206
0.678757
0.668165
0.655214
0.689323
0.735894
0.698946
0.729547
0.504115
0.526827
0.562442
0.743281
0.766861
0.713920
0.821680
0.575816
0.735986
0.691224
0.609977
0.754040
0.648129
0.675762
0.682157
0.514499
0.643675
0.819770
0.608891
0.882621
0.599329
0.668973
0.661998
0.703138
0.718917
0.543805
0.721490
0.833237
0.609116
0.604086
0.633756
0.822124
0.596558
0.585872
0.638798
0.856424
0.711501
0.718193
0.734292
0.762639
0.655447
0.396175
0.770766
0.469204
0.668315
0.783413
0.504828
0.638519
0.484136
0.566077
0.418631
0.525698
0.516455
0.517942
0.403031
0.665566
0.672071
0.841279
0.461504
0.648470
0.636809
0.524646
0.548856
0.544983
0.414278
0.647266
0.305730
0.470714
0.403781
0.720544
0.466003
0.402804
0.618609
0.706160
0.784853
0.616621
0.645717
0.608049
0.510525
0.531171
0.677896
0.364422
0.594312
0.580562
0.763001
0.660773
0.747104
0.550649
0.577159
0.552140
0.711161
0.448652
0.782708
0.830202
0.796942
0.547554
0.757621
0.773426
0.383769
0.555663
0.776035
0.492597
0.556681
0.460109
0.692657
0.753628
0.595027
0.684689
0.634926
0.672704
0.873015
0.663027
0.848689
0.562370
0.593076
0.521425
0.521020
0.807059
0.680315
0.692674
0.727345
0.786632
0.623863
0.489365
0.660988
0.532322
0.398354
0.710469
0.657254
0.560297
0.806136
0.593023
0.607072
0.505248
0.707354
0.594854
0.523316
0.617489
0.771126
0.490754
0.491542
0.349610
0.836389
0.545899
0.500597
0.628463
0.603657
0.716900
0.605187
0.688286
0.711823
0.630914
0.559387
0.733290
0.542778
0.527776
0.703681
0.829306
0.695097
0.635515
0.677455
0.701760
0.558807
0.779860
0.834720
0.860744
0.625843
0.798532
0.830514
0.701423
0.681815
0.572988
0.687873
0.628125
0.592110
0.838053
0.637079
0.766254
0.655494
0.591024
0.707211
0.726573
0.836165
0.825624
0.616207
0.708162
0.561704
0.589643
0.848080
0.541962
0.728851
0.778650
0.530292
0.723897
0.679335
0.506020
0.685985
0.596130
0.550727
0.747648
0.692218
0.601830
0.631909
0.820969
0.659268
0.559590
0.552272
0.774349
0.446955
0.395908
0.538126
0.792956
0.395327
0.505113
0.507043
0.698084
0.875460
0.447270
0.807791
0.776580
0.722986
0.782452
0.487230
0.590144
0.642038
0.590807
0.650853
0.579538
0.396422
0.459927
0.571915
0.678456
0.861260
0.590586
0.738058
0.437858
0.562509
0.616219
0.488541
0.463346
0.697754
0.314979
0.448379
0.437061
0.701476
0.500159
0.465140
0.703972
0.646668
0.732029
0.541625
0.571008
0.545807
0.676106
0.462871
0.714987
0.497223
0.673199
0.651615
0.508855
0.605225
0.644103
0.721891
0.684849
0.578496
0.507077
0.679113
0.741592
0.600612
0.461238
0.591882
0.562108
0.629590
0.489657
0.595296
0.590829
0.726827
0.599292
0.549582
0.586495
0.740302
0.853176
0.762932
0.598182
0.651671
0.605928
0.639495
0.660402
0.564526
0.650711
0.712668
0.552781
0.561927
0.600737
0.643030
0.692308
0.397155
0.597068
0.520574
0.564916
0.553666
0.598050
0.449816
0.642683
0.462434
0.504985
0.519817
0.785390
0.531014
0.614014
0.556924
0.673249
0.724044
0.592004
0.701117
0.603984
0.504760
0.597088
0.630395
0.564962
0.524912
0.697514
0.653831
0.599435
0.472168
0.703602
0.557919
0.566617
0.379256
0.733126
0.515676
0.335780
0.576973
0.786214
0.420384
0.301626
0.331908
0.899020
0.464785
0.337200
0.505406
0.559314
0.740752
0.440923
0.750731
0.661723
0.696420
0.489797
0.501284
0.367493
0.548852
0.490260
0.666789
0.761119
0.895483
0.580394
0.721066
0.667698
0.486987
0.634593
0.655545
0.358473
0.569168
0.327903
0.571933
0.577280
0.705259
0.518973
0.373001
0.653706
0.720249
0.589584
0.675144
0.647618
0.444395
0.459657
0.523533
0.805526
0.557687
0.748952
0.770127
0.741791
0.920090
0.595585
0.786939
0.465830
0.808576
0.703616
0.619723
0.565829
0.685368
0.551284
0.567211
0.516786
0.853163
0.625266
0.641355
0.744596
0.508129
0.867817
0.641044
0.858717
0.655936
0.754696
0.823479
0.664582
0.525055
0.644580
0.670949
0.718521
0.640261
0.478730
0.638397
0.837540
0.678780
0.484876
0.676053
0.799668
0.645392
0.418777
0.597930
0.867154
0.407737
0.554950
0.359093
0.713092
0.769940
0.461285
0.855563
0.717794
0.720649
0.592250
0.476947
0.536811
0.675275
0.706767
0.601049
0.722248
0.843446
0.769636
0.726736
0.769339
0.845351
0.803004
0.771493
0.695279
0.750841
0.787717
0.757190
0.739275
0.652163
0.905147
1.003047
0.743900
0.857992
0.773198
0.850055
0.834225
0.629378
0.807147
0.777367
0.666633
0.624249
0.609147
0.478975
0.621698
0.605936
0.551307
0.589793
0.471660
0.473507
0.533617
0.680452
0.502276
0.567628
0.579399
0.743591
0.654306
0.618156
0.603555
0.644047
0.557695
0.558862
0.630587
0.553510
0.448550
0.640244
0.658534
0.666760
0.617549
0.569656
0.648755
0.737469
0.577992
0.544688
0.668343
0.752421
0.560215
0.623281
0.501884
0.799046
0.795132
0.556083
0.822206
0.779643
0.437709
0.637378
0.645400
0.629128
0.552798
0.684928
0.712493
0.652929
0.540620
0.557539
0.775674
0.527349
0.417798
0.407557
0.779337
0.567869
0.561018
0.657140
0.587904
0.742175
0.535468
0.816708
0.617418
0.716194
0.667389
0.583320
0.539978
0.603225
0.613619
0.685623
0.760319
0.519567
0.536785
0.527699
0.691705
0.730913
0.582556
0.733409
0.670070
0.716580
0.857175
0.672462
0.816998
0.636514
0.607184
0.484492
0.556498
0.911510
0.720017
0.712686
0.769599
0.530402
0.508093
0.772016
0.457849
0.493589
0.542127
0.857768
0.562797
0.519957
0.604998
0.712242
0.844291
0.625346
0.714115
0.617339
0.684977
0.662469
0.611310
0.484696
0.571081
0.535032
0.606023
0.807451
0.424770
0.489908
0.468293
0.937137
0.482805
0.371631
0.512648
0.592051
0.778572
0.537479
0.729996
0.765357
0.698652
0.578710
0.583035
0.394545
0.597957
0.536111
0.676410
0.330912
0.459010
0.548614
0.713516
0.430491
0.511154
0.516358
0.711493
0.748312
0.446814
0.650923
0.521224
0.525777
0.672704
0.611376
0.551253
0.628902
0.647862
0.574841
0.781605
0.750465
0.564211
0.685680
0.694782
0.699790
0.661489
0.689576
0.802984
0.684713
0.494964
0.594625
0.649785
0.851744
0.761522
0.747270
0.875222
0.394911
0.410537
0.685718
0.374432
0.323716
0.567155
0.606851
0.626258
0.511374
0.602858
0.550086
0.493699
0.497966
0.589892
0.401047
0.545355
0.526860
0.392689
0.775281
0.318373
0.433362
0.396335
0.658318
0.738080
0.326159
0.806453
0.581895
0.678749
0.634567
0.407399
0.477904
0.505325
0.485978
0.870210
0.437067
0.415272
0.596648
0.535215
0.834641
0.482211
0.738606
0.600400
0.671410
0.666555
0.560735
0.368899
0.623905
0.545643
0.773808
0.789246
0.715540
0.930357
0.762920
0.849257
0.744002
0.686755
0.693391
0.714546
0.885364
0.868214
0.820017
0.911567
0.463640
0.410844
0.688016
0.738699
0.363080
0.656687
0.613453
0.619875
0.610582
0.467633
0.489050
0.549603
0.629709
0.532343
0.578240
0.615778
0.578457
0.748254
0.592134
0.651691
0.598573
0.600960
0.376981
0.674048
0.604505
0.753268
0.754658
0.448843
0.785575
0.644223
0.635654
0.663416
0.408518
0.564375
0.631523
0.664791
0.899884
0.713643
0.789155
0.707406
0.827903
0.824992
0.689737
0.638050
0.790968
0.732102
0.838028
0.801061
0.770009
0.711795
0.667270
0.870085
0.811548
0.717826
0.876594
0.854510
0.639553
0.735850
0.753211
0.384173
0.580734
0.647452
0.595469
0.711362
0.635515
0.500934
0.886166
0.739898
0.724517
0.835554
0.675514
0.643159
0.643819
0.642448
0.819894
0.830116
0.488885
0.839605
0.686209
0.625872
0.823244
0.802692
0.563051
0.611602
0.797210
0.582120
0.653455
0.550295
0.565416
0.527995
0.659869
