0.708785
0.840594
0.562240
0.839282
0.584074
0.535968
0.689389
0.548979
0.685328
0.799170
0.434343
0.442883
0.407188
0.535380
0.486917
0.527472
0.512877
0.371821
0.716345
0.818984
0.760574
0.550205
0.540042
0.604511
0.563823
0.777080
0.658739
0.439105
0.551865
0.479328
0.713584
0.668758
0.566048
0.693425
0.539404
0.711295
0.832928
0.529100
0.790688
0.608601
0.609057
0.582716
0.727519
0.629008
0.659539
0.713218
0.586252
0.721214
0.790805
0.554073
0.444500
0.671508
0.793773
0.549572
0.533862
0.533688
0.864298
0.324263
0.744708
0.818119
0.824698
0.849510
0.779406
0.794484
0.604188
0.817161
0.606047
0.606726
0.628486
0.768710
0.815245
0.874931
0.578779
0.600041
0.559846
0.786551
0.676508
0.818500
0.456592
0.488665
0.897319
0.535458
0.920751
0.602008
0.624197
0.821947
0.517791
0.823509
0.476718
0.815893
0.373139
0.458519
0.498722
0.620926
0.535407
0.675806
0.541986
0.523278
0.689553
0.885293
0.565612
0.592084
0.601906
0.844386
0.598066
0.842864
0.863455
0.866416
0.903564
0.823243
0.779216
0.714110
0.910192
0.466225
0.506353
0.596629
0.834540
0.815156
0.808326
0.726993
0.458118
0.603435
0.791755
0.718817
0.905480
0.495363
0.673907
0.862173
0.539720
0.848089
0.588735
0.558664
0.892642
0.548397
0.901288
0.520333
0.883088
0.621525
0.563964
0.612717
0.531086
0.577782
0.639861
0.567566
0.569919
0.715065
0.400517
0.349991
0.376976
0.780154
0.612964
0.724544
0.708250
0.709653
0.752123
0.804457
0.739624
0.377247
0.693444
0.490925
0.621136
0.477951
0.648777
0.701625
0.772762
0.448463
0.515153
0.320408
0.637720
0.602568
0.694964
0.352079
0.459037
0.749495
0.513059
0.841187
0.504327
0.559902
0.766660
0.364434
0.808716
0.366043
0.739552
0.600133
0.399118
0.344924
0.544733
0.421258
0.649248
0.530412
0.860680
0.697878
0.567026
0.710978
0.782371
0.707528
0.784278
0.866740
0.801033
0.843390
0.837168
0.864257
0.680776
0.859028
0.768230
0.642091
0.504564
0.788599
0.819614
0.770882
0.705382
0.617912
0.621106
0.734626
0.773893
0.886262
0.657728
0.787120
0.752527
0.599559
0.882138
0.684146
0.600349
0.867704
0.557376
0.917326
0.716590
0.873430
0.733211
0.646190
0.679199
0.798813
0.649538
0.686613
0.599059
0.696623
0.865616
0.798231
0.747818
0.751516
0.656755
0.483466
0.577938
0.650433
0.502387
0.731619
0.764852
0.468201
0.763088
0.905732
0.786334
0.571992
0.549039
0.821018
0.560226
0.802238
0.648423
0.552384
0.588148
0.482738
0.779030
0.744899
0.668390
0.906623
0.794999
0.726041
0.686339
0.705571
0.927611
0.523329
0.670797
0.718748
0.890893
0.632826
0.676190
0.627180
0.685879
0.774398
0.740268
0.498728
0.167650
0.719950
0.662316
0.589179
0.666685
0.668143
0.777787
0.797769
0.639749
0.494357
0.674948
0.515479
0.688746
0.602714
0.703577
0.620660
0.726612
0.435509
0.467176
0.443892
0.634569
0.732775
0.684092
0.465721
0.555366
0.740099
0.639210
0.774744
0.522065
0.514722
0.640546
0.573869
0.721513
0.476905
0.689763
0.714055
0.471719
0.529392
0.551888
0.326815
0.727135
0.580538
0.453870
0.650429
0.594859
0.717958
0.709884
0.651590
0.731135
0.776230
0.704743
0.451914
0.756629
0.548858
0.712590
0.564955
0.655595
0.647308
0.656110
0.620028
0.536508
0.479293
0.573287
0.645017
0.781144
0.439930
0.645416
0.745190
0.505245
0.705530
0.624008
0.538062
0.715109
0.387686
0.820387
0.582458
0.722888
0.685459
0.532751
0.561935
0.704938
0.418155
0.620081
0.531921
0.733472
0.669316
0.631353
0.700765
0.706512
0.751496
0.863306
0.620425
0.506246
0.724894
0.541229
0.664620
0.592258
0.671247
0.617672
0.689957
0.487933
0.534945
0.458116
0.622718
0.728856
0.756074
0.411350
0.574443
0.769068
0.587126
0.720455
0.555395
0.578558
0.741466
0.489824
0.771606
0.445658
0.646068
0.704979
0.510945
0.472577
0.597242
0.266091
0.754849
0.580199
0.818075
0.546562
0.545536
0.481047
0.661772
0.602677
0.632784
0.810756
0.581027
0.699840
0.925204
0.802161
0.528794
0.451334
0.661881
0.891754
0.694514
0.830236
0.485590
0.708146
0.673768
0.771076
0.922967
0.640283
0.913687
0.484564
0.863294
0.759180
0.625217
0.835221
0.684914
0.901109
0.610187
0.914794
0.794956
0.873240
0.900243
0.602940
0.755052
0.794733
0.765387
0.795334
0.878459
0.807638
0.746149
0.851915
0.674203
0.758973
0.635212
0.604295
0.721400
0.801746
0.801521
0.902507
0.659697
0.701226
0.652130
0.785579
0.720565
0.745313
0.609627
0.643218
0.825051
0.577503
0.841558
0.700318
0.655581
0.803334
0.626620
0.770800
0.638731
0.814006
0.475224
0.474092
0.619236
0.650021
0.581209
0.657249
0.489185
0.463578
0.377607
0.588098
0.603983
0.521143
0.684678
0.485305
0.701280
0.856154
0.827455
0.497200
0.459198
0.666251
0.771027
0.687465
0.754397
0.374617
0.628593
0.591621
0.777571
0.795048
0.660052
0.798714
0.536259
0.838441
0.752488
0.443255
0.829322
0.690804
0.789517
0.435672
0.777773
0.724481
0.777754
0.838719
0.527691
0.685112
0.725206
0.195784
0.501570
0.445172
0.444869
0.733787
0.218494
0.699730
0.970560
0.796738
0.324168
0.298871
0.587170
0.753118
0.778373
0.759058
0.322329
0.606906
0.425606
0.737549
0.834864
0.594794
0.875991
0.506020
0.846084
0.818561
0.540469
0.908345
0.570394
0.780554
0.430014
0.874477
0.803017
0.751958
0.792777
0.611043
0.756602
0.795768
0.448273
0.372331
0.424365
0.690065
0.335118
0.704088
0.922328
0.746704
0.344325
0.294084
0.464230
0.804505
0.752221
0.790102
0.233195
0.568656
0.490447
0.814330
0.871843
0.568481
0.809278
0.403332
0.837085
0.836077
0.489027
0.849340
0.615809
0.866733
0.460793
0.874536
0.813981
0.788019
0.854119
0.579944
0.671224
0.832251
0.492650
0.716218
0.742100
0.554597
0.772541
0.783624
0.830157
0.578968
0.558362
0.638864
0.820705
0.813891
0.779488
0.364061
0.462338
0.593170
0.781843
0.929300
0.612378
0.748734
0.543865
0.846036
0.838310
0.651020
0.854448
0.628968
0.852738
0.589316
0.840635
0.800221
0.805693
0.832809
0.648675
0.722863
0.775773
0.516441
0.793082
0.528153
0.751222
0.880958
0.753172
0.533904
0.484897
0.611957
0.706515
0.808222
0.798595
0.463915
0.502793
0.602322
0.857511
0.793206
0.690664
0.781088
0.597333
0.888950
0.875610
0.590838
0.846819
0.644805
0.839119
0.599012
0.812935
0.751249
0.831026
0.798939
0.704105
0.683702
0.776802
0.854967
0.594847
0.818933
0.930208
0.822962
0.448981
0.383201
0.633353
0.763472
0.817107
0.814984
0.481580
0.624892
0.707379
0.785936
0.857186
0.730459
0.809130
0.514591
0.893815
0.905690
0.581606
0.825830
0.736816
0.883725
0.473129
0.832808
0.749428
0.796257
0.911943
0.554872
0.570134
0.825867
0.686934
0.642874
0.725669
0.639217
0.754947
0.802716
0.764817
0.575668
0.575339
0.505049
0.678179
0.670371
0.644966
0.537253
0.594824
0.709214
0.613937
0.804609
0.595949
0.679000
0.729194
0.572759
0.783694
0.526673
0.782749
0.694099
0.550217
0.570310
0.636777
0.520288
0.810535
0.725779
0.694364
0.937596
0.829844
0.444869
0.419720
0.641052
0.690968
0.804443
0.708265
0.404286
0.675714
0.261857
0.754273
0.782753
0.541661
0.881134
0.510219
0.773841
0.775467
0.470411
0.909782
0.471145
0.748253
0.566297
0.854116
0.772316
0.749550
0.724167
0.653411
0.776652
0.800558
0.681778
0.615984
0.688085
0.638201
0.656765
0.682981
0.391383
0.521772
0.593993
0.723850
0.748695
0.496747
0.615805
0.719229
0.676368
0.749070
0.528180
0.571136
0.759531
0.495582
0.739310
0.480557
0.675101
0.706283
0.657529
0.567704
0.450525
0.450989
0.766979
0.553541
0.644245
0.893966
0.931634
0.752984
0.728568
0.559817
0.579692
0.795352
0.750236
0.947782
0.681257
0.780474
0.767875
0.555338
0.912938
0.513912
0.580834
0.936979
0.613323
0.942868
0.668079
0.814216
0.573613
0.482701
0.603472
0.766845
0.610905
0.643951
0.736588
0.743283
0.787404
0.766650
0.669843
0.566210
0.533397
0.694587
0.694532
0.836850
0.564347
0.651360
0.726046
0.521804
0.825474
0.560044
0.615478
0.872279
0.535288
0.839932
0.575503
0.917226
0.707272
0.557636
0.501292
0.663208
0.538413
0.645699
0.606028
0.407608
0.582032
0.717036
0.680829
0.699556
0.290342
0.614722
0.545629
0.768280
0.832291
0.652661
0.807367
0.516961
0.822250
0.762777
0.666270
0.725348
0.637655
0.799316
0.427691
0.889025
0.796668
0.684817
0.788749
0.546200
0.745608
0.740772
0.523441
0.736498
0.739544
0.734344
0.346606
0.593046
0.527607
0.734789
0.869453
0.576065
0.869632
0.493661
0.832325
0.736890
0.554383
0.810229
0.576030
0.842026
0.426280
0.938566
0.757211
0.779496
0.853168
0.505003
0.670372
0.702821
0.813820
0.716905
0.787306
0.462954
0.689228
0.759675
0.830102
0.844023
0.549012
0.792215
0.578563
0.825457
0.762138
0.698165
0.707713
0.738709
0.891826
0.648500
0.786610
0.826071
0.777712
0.894022
0.623346
0.694000
0.868574
0.635414
0.456937
0.725083
0.626125
0.658670
0.595850
0.568177
0.798894
0.634916
0.874794
0.566144
0.606216
0.814806
0.645479
0.699434
0.419982
0.769231
0.766960
0.481758
0.521651
0.618554
0.556355
0.743978
0.562237
0.488024
0.661722
0.737992
0.834204
0.519428
0.644815
0.754714
0.633019
0.764974
0.469751
0.449315
0.864674
0.497696
0.795191
0.541467
0.745663
0.691637
0.628332
0.607233
0.505849
0.473174
0.719482
0.568452
0.627160
0.614116
0.676189
0.466352
0.473135
0.726047
0.616851
0.874408
0.455651
0.481811
0.807269
0.465435
0.773870
0.391382
0.729316
0.662244
0.410357
0.386547
0.598707
0.458988
0.673170
0.643010
0.482574
0.519544
0.716165
0.847567
0.547848
0.740054
0.418365
0.769544
0.678082
0.507329
0.729128
0.605301
0.816306
0.403393
0.799246
0.750554
0.690758
0.802491
0.470577
0.620785
0.726681
0.683910
0.664152
0.741226
0.668355
0.562986
0.658249
0.712268
0.751380
0.709837
0.685609
0.686728
0.678202
0.691079
0.783437
0.659620
0.621807
0.830506
0.622525
0.653199
0.659862
0.813060
0.748324
0.619387
0.900946
0.642178
0.808756
0.813415
0.626449
0.930563
0.479903
0.710644
0.617928
0.862786
0.690707
0.733029
0.702382
0.694550
0.795221
0.804538
0.622754
0.818422
0.515744
0.849022
0.593124
0.562494
0.810045
0.435032
0.826851
0.417882
0.758337
0.677042
0.484424
0.473004
0.593109
0.410684
0.747393
0.429118
0.846064
0.695342
0.930438
0.582312
0.636387
0.866193
0.628900
0.839120
0.455743
0.857361
0.628823
0.531665
0.481102
0.558258
0.655349
0.774671
0.721585
0.796358
0.565783
0.725155
0.712791
0.667916
0.805126
0.661157
0.844984
0.753601
0.906144
0.731071
0.784962
0.860615
0.679952
0.727710
0.785766
0.822313
0.584180
0.654346
0.886771
0.411163
0.889861
0.577076
0.896991
0.660463
0.527550
0.560903
0.687834
0.555740
0.592968
0.425135
0.896089
0.884646
0.470143
0.879737
0.735649
0.909985
0.552074
0.904841
0.861620
0.918491
0.911687
0.614408
0.673005
0.844911
0.521185
0.837900
0.580286
0.812630
0.461654
0.902658
0.692994
0.514978
0.395264
0.506484
0.591310
0.709673
0.628965
0.790516
0.558284
0.807518
0.591782
0.841624
0.788776
0.577703
0.652042
0.586047
0.533244
0.677480
0.558224
0.885290
0.729521
0.905295
0.658057
0.870340
0.798274
0.873584
0.877619
0.647694
0.672555
0.859921
0.919807
0.471327
0.865254
0.697959
0.565281
0.487820
0.667739
0.448662
0.714182
0.482190
0.826138
0.735267
0.930400
0.760064
0.760276
0.747648
0.649560
0.826091
0.752670
0.791980
0.639478
0.430753
0.407651
0.402952
0.536182
0.792559
0.561031
0.846670
0.782737
0.792334
0.860843
0.550099
0.765359
0.815807
0.585282
0.628659
0.752045
0.690776
0.655886
0.791345
0.428163
0.582997
0.507784
0.556018
0.548835
0.619332
0.514292
0.706067
0.590067
0.663632
0.825405
0.554645
0.637501
0.535261
0.655087
