0.762303
0.730068
0.793854
0.952425
0.672141
0.680852
0.775497
0.588188
0.685318
0.704236
0.628599
0.498692
0.615156
0.698372
0.655603
0.609238
0.837150
0.524451
0.827915
0.534742
0.863354
0.781033
0.489864
0.874038
0.564953
0.676268
0.772828
0.467312
0.623224
0.740744
0.738459
0.798878
0.702313
0.763558
0.722541
0.791024
0.756830
0.748727
0.549568
0.587096
0.700948
0.595568
0.749853
0.600693
0.762598
0.607241
0.480369
0.774499
0.605159
0.352684
0.536344
0.794281
0.552201
0.527994
0.449399
0.590749
0.843426
0.517565
0.574113
0.585743
0.836624
0.549670
0.526561
0.828470
0.823151
0.795006
0.555023
0.650469
0.678196
0.807126
0.807950
0.535188
0.550614
0.598294
0.576625
0.813196
0.519765
0.487641
0.549860
0.724165
0.571021
0.540495
0.545606
0.553256
0.723472
0.467875
0.769483
0.648917
0.687078
0.702659
0.618364
0.812909
0.693601
0.739251
0.778125
0.797022
0.748597
0.567710
0.754569
0.542042
0.481122
0.562230
0.611969
0.750800
0.510191
0.480644
0.482146
0.768453
0.532301
0.521502
0.757472
0.768353
0.679059
0.629355
0.569378
0.627978
0.851590
0.686444
0.609254
0.478807
0.615891
0.662702
0.749352
0.599141
0.524444
0.573139
0.653890
0.524916
0.592605
0.576258
0.626542
0.760309
0.436534
0.673515
0.502650
0.595409
0.707630
0.648987
0.707150
0.748439
0.675821
0.651275
0.768761
0.751685
0.787666
0.407129
0.470348
0.393797
0.643286
0.886095
0.568983
0.454357
0.496258
0.907446
0.440004
0.426636
0.901889
0.824192
0.725892
0.498959
0.538540
0.565373
0.987550
0.828897
0.484750
0.394702
0.515397
0.468687
0.816513
0.391359
0.314504
0.552199
0.627934
0.576823
0.568905
0.411810
0.407613
0.709522
0.586546
0.603252
0.661198
0.585681
0.634509
0.582353
0.793246
0.650860
0.654142
0.819086
0.785083
0.682490
0.892249
0.725122
0.839201
0.788731
0.852042
0.608544
0.782606
0.796881
0.887806
0.768658
0.700981
0.930226
0.813097
0.981595
0.696184
0.908380
0.565006
0.962179
0.888134
0.773176
0.735086
0.903944
0.842746
0.967271
0.737405
0.807330
0.740805
0.641654
0.709088
0.734002
0.756782
0.880734
0.831765
0.717249
0.877680
0.945156
0.701621
0.676635
0.931738
0.866700
0.602473
0.806763
0.784806
0.915930
0.890574
0.453203
0.433838
0.587641
0.798848
0.524362
0.377481
0.348836
0.746775
0.424449
0.534371
0.687792
0.820247
0.604516
0.657245
0.512771
0.714122
0.827965
0.752888
0.530420
0.365557
0.392581
0.431827
0.635928
0.449294
0.322564
0.588008
0.712848
0.564657
0.602937
0.429361
0.419350
0.708166
0.564362
0.635023
0.615847
0.528083
0.626375
0.552117
0.721794
0.758113
0.572771
0.706164
0.695570
0.560349
0.504503
0.584441
0.779010
0.405798
0.374977
0.393498
0.724836
0.362896
0.490269
0.796006
0.776258
0.597028
0.504661
0.618746
0.500761
0.902004
0.632756
0.490306
0.328972
0.569505
0.450130
0.678854
0.451148
0.389434
0.428686
0.570051
0.408913
0.583454
0.496614
0.516250
0.617389
0.515187
0.693873
0.712582
0.423163
0.519483
0.588748
0.632841
0.566893
0.591508
0.711062
0.664657
0.661363
0.523296
0.866180
0.571450
0.497041
0.567604
0.931838
0.494969
0.544167
0.812639
0.779452
0.739141
0.609399
0.649181
0.659295
0.920337
0.892031
0.462774
0.470216
0.366080
0.375510
0.811596
0.401670
0.244833
0.551321
0.708723
0.583780
0.579503
0.428979
0.458389
0.773159
0.617543
0.753546
0.770509
0.646565
0.645337
0.573589
0.823667
0.709541
0.691832
0.838782
0.638512
0.742801
0.864935
0.600272
0.590478
0.653618
0.841216
0.593914
0.521961
0.781230
0.836399
0.851592
0.706124
0.737261
0.743923
0.968368
0.777694
0.520511
0.446972
0.564165
0.581154
0.836810
0.422829
0.544193
0.520437
0.631652
0.662880
0.662078
0.552143
0.586734
0.817103
0.621592
0.836009
0.845271
0.723737
0.562027
0.485084
0.844313
0.710016
0.735440
0.749739
0.677921
0.781987
0.785877
0.799032
0.644167
0.603857
0.819038
0.836231
0.636185
0.880933
0.731153
0.973072
0.723577
0.911106
0.474408
0.809633
0.985048
0.788732
0.812148
0.900956
0.768427
0.865909
0.837869
0.868826
0.863030
0.807192
0.884296
0.887141
0.882351
0.866518
0.591324
0.766309
0.738298
0.803755
0.794276
0.955831
0.758084
0.878229
0.817679
0.559863
0.821177
0.747558
0.437382
0.476271
0.829717
0.388699
0.543874
0.818495
0.870033
0.712090
0.499400
0.636060
0.348459
0.871055
0.859098
0.424578
0.366228
0.607340
0.417228
0.761075
0.523673
0.409709
0.461555
0.494794
0.318535
0.623492
0.505740
0.556674
0.717751
0.515400
0.694451
0.770852
0.423997
0.445893
0.725112
0.667672
0.550879
0.563263
0.654074
0.769459
0.710304
0.311274
0.636484
0.392121
0.485566
0.565926
0.611020
0.540984
0.584167
0.530097
0.549756
0.838646
0.657399
0.502969
0.426881
0.538277
0.520296
0.534534
0.454059
0.406239
0.583000
0.597124
0.491202
0.459068
0.392046
0.514039
0.570012
0.471277
0.550620
0.619983
0.428530
0.567181
0.653156
0.602806
0.606034
0.405528
0.537155
0.697365
0.507000
0.520354
0.439364
0.504936
0.602917
0.689787
0.442266
0.611728
0.400607
0.605926
0.733310
0.552556
0.675127
0.404352
0.539144
0.615324
0.494322
0.571138
0.503963
0.541406
0.633633
0.493411
0.518026
0.518577
0.580924
0.600981
0.472864
0.474968
0.453879
0.458327
0.571573
0.632588
0.576537
0.645025
0.442282
0.439976
0.690908
0.493465
0.735427
0.858610
0.511942
0.777734
0.580316
0.923124
0.699181
0.963140
0.509788
0.566045
0.915497
0.776019
0.866975
0.889105
0.610697
0.857488
0.867475
0.826993
0.789689
0.738504
0.799772
0.858652
0.853828
0.737421
0.623638
0.691803
0.644285
0.652482
0.825797
0.831738
0.705784
0.758907
0.735233
0.544947
0.803925
0.740171
0.541395
0.741369
0.884140
0.604645
0.573281
0.562924
0.507511
0.832228
0.800864
0.464799
0.304761
0.569973
0.342443
0.679129
0.502633
0.381903
0.418414
0.544257
0.340101
0.627760
0.528486
0.550769
0.740278
0.536188
0.644198
0.621690
0.404599
0.539767
0.582393
0.692469
0.733344
0.679038
0.752226
0.768140
0.755616
0.846792
0.763601
0.764779
0.360243
0.616830
0.591413
0.949605
0.697110
0.637168
0.451087
0.546774
0.685639
0.733667
0.445374
0.499839
0.544860
0.672408
0.553396
0.552843
0.418825
0.558132
0.717871
0.587580
0.701761
0.711568
0.632777
0.512636
0.626521
0.722665
0.616087
0.556930
0.736728
0.828496
0.754641
0.786806
0.608365
0.868944
0.657320
0.951035
0.641165
0.702359
0.906972
0.751692
0.695428
0.881551
0.603494
0.766670
0.819084
0.883814
0.875151
0.780101
0.707336
0.787826
0.797785
0.857141
0.694462
0.651548
0.691733
0.765881
0.710058
0.879878
0.663490
0.867575
0.741871
0.484840
0.621833
0.605019
0.776803
0.813165
0.874972
0.846555
0.879419
0.649586
0.860147
0.850531
0.853744
0.948322
0.774732
0.736648
0.815769
0.843695
0.737761
0.826307
0.733131
0.780935
0.921681
0.375263
0.758630
0.751515
0.826639
0.708821
0.795006
0.884524
0.774788
0.569067
0.575491
0.705953
0.772544
0.763257
0.835921
0.323996
0.777504
0.903915
0.545638
0.778249
0.687152
0.756890
0.737565
0.368570
0.788889
0.735605
0.741486
0.853405
0.602253
0.744895
0.762095
0.772236
0.790063
0.798346
0.448116
0.417346
0.605107
0.833978
0.778672
0.408630
0.836823
0.642538
0.418326
0.835787
0.626413
0.742369
0.483655
0.992266
0.793693
0.643369
0.530606
0.630867
0.704218
0.853255
0.540306
0.501908
0.566711
0.608744
0.556691
0.606311
0.422120
0.580876
0.682029
0.656216
0.750765
0.831590
0.666927
0.532993
0.773353
0.773830
0.532615
0.600503
0.823399
0.887853
0.761651
0.738402
0.812084
0.621559
0.775118
0.621753
0.594492
0.700042
0.444082
0.719898
0.580692
0.751917
0.835077
0.662379
0.674645
0.561321
0.664987
0.828046
0.716846
0.342498
0.374153
0.687215
0.790549
0.723198
0.481187
0.809525
0.652525
0.416458
0.766332
0.642784
0.997906
0.831669
0.525388
0.526898
0.782036
0.560818
0.848763
0.639516
0.539732
0.507167
0.537696
0.422745
0.555733
0.575248
0.677261
0.726861
0.611115
0.770210
0.895001
0.492839
0.630359
0.769474
0.716720
0.637595
0.702197
0.799220
0.923812
0.849094
0.841936
1.012943
0.855713
0.888541
0.888055
0.792481
0.916364
0.874335
0.955911
0.937951
0.883989
0.859586
0.867878
0.833713
0.821998
0.653496
0.822852
0.785827
0.857338
0.830316
0.920147
0.868665
0.895589
0.853175
0.717191
0.778615
0.904928
0.890053
0.681377
0.833957
0.932890
0.468991
0.727523
0.843307
0.762591
0.822139
0.749932
0.702194
0.816096
0.856110
0.578558
0.670936
0.599493
0.704134
0.639932
0.779756
0.710900
0.579577
0.643882
0.620869
0.581687
0.845530
0.671393
0.441799
0.635077
0.299571
0.909719
0.493160
0.382697
0.384555
0.570702
0.455290
0.613725
0.602194
0.453305
0.795446
0.570074
0.887915
0.837157
0.498276
0.650154
0.565771
0.859548
0.640793
0.772283
0.876303
0.791643
0.827732
0.484876
0.338160
0.710210
0.398796
0.297455
0.353385
0.531920
0.401783
0.589937
0.454683
0.415208
0.720763
0.499355
0.724115
0.664587
0.388720
0.423949
0.508075
0.706065
0.659714
0.621851
0.718723
0.659504
0.737512
0.576435
0.790937
0.446615
0.336766
0.591040
0.801302
0.672366
0.722401
0.406829
0.498848
0.769065
0.681863
0.726121
0.753324
0.712014
0.618915
0.668151
0.771020
0.787492
0.694404
0.747562
0.711331
0.669356
0.803150
0.471110
0.265767
0.396169
0.595731
0.418617
0.695916
0.519639
0.388213
0.824769
0.623494
0.813996
0.826811
0.420699
0.541208
0.519754
0.788617
0.766437
0.790295
0.879468
0.676970
0.850660
0.808757
0.823991
0.813043
0.917397
0.773707
0.751244
0.744852
0.844682
0.684419
0.849270
0.470071
0.584129
0.679535
0.770786
0.841196
0.505214
0.821368
0.654502
0.485187
0.788156
0.638044
0.340209
0.544982
0.594640
0.567618
0.587818
0.418507
0.429314
0.669530
0.583197
0.755577
0.809889
0.597658
0.543442
0.562947
0.745139
0.600743
0.641542
0.761394
0.658119
0.669869
0.441813
0.575807
0.462846
0.603695
0.326436
0.329486
0.681682
0.544990
0.732015
0.769601
0.521460
0.569772
0.547753
0.765734
0.650104
0.649341
0.793235
0.611945
0.739052
0.542657
0.429516
0.643911
0.615496
0.536494
0.758757
0.614438
0.845933
0.782845
0.476257
0.493682
0.605522
0.816362
0.657357
0.730273
0.800234
0.763004
0.853810
0.502610
0.655305
0.597047
0.704752
0.670321
0.580022
0.830124
0.830652
0.475061
0.552639
0.785909
0.851839
0.533697
0.679589
0.817754
0.784549
0.801256
0.566973
0.612201
0.590828
0.759555
0.523442
0.747878
0.690734
0.347971
0.492539
0.726154
0.600838
0.619986
0.670562
0.704667
0.797124
0.764574
0.587661
0.627188
0.696782
0.503282
0.723858
0.745576
0.651025
0.630397
0.691707
0.758765
0.636271
0.656747
0.712864
0.730446
0.687573
0.453661
0.716582
0.601677
0.684117
0.735644
0.601931
0.535664
0.654739
0.709325
0.654552
0.543028
0.733060
0.679952
0.671279
0.812554
0.606962
0.767135
0.811432
0.628893
0.653978
0.534976
0.807075
0.774416
0.729713
0.835510
0.667217
0.802115
0.690368
0.765076
0.850163
0.616972
0.668345
0.792707
0.795559
0.448682
0.578169
0.795114
0.759650
0.705493
0.776392
0.728582
0.517995
0.655123
0.629400
0.765446
0.619314
0.644053
0.683653
0.740374
0.693746
0.504052
0.715593
0.769577
0.832899
0.538428
0.759989
0.589784
0.456058
0.875218
0.663649
0.690425
0.839910
0.853752
0.594013
0.882857
0.691800
0.532036
0.907461
0.704122
0.446838
0.688551
0.603239
0.548772
0.573728
0.645581
0.767209
0.702446
0.776258
0.754596
0.538100
0.568715
0.694949
0.681674
0.725126
0.844301
0.845038
0.845500
0.892977
0.684508
0.874076
0.767244
0.651099
0.448119
0.870480
0.662135
0.439718
0.729775
0.764443
0.667237
0.606532
0.875532
0.538558
0.758414
0.563230
0.826023
