0.015039
0.143873
0.459485
0.042841
0.029423
0.103019
0.028459
0.260536
0.020681
0.010119
0.151984
0.015664
0.015931
0.015348
0.306330
0.059302
0.021906
0.016157
0.014144
0.074826
0.290737
0.015629
0.017559
0.026424
0.013825
0.487333
0.013728
0.014188
0.011071
0.173861
0.094753
0.076333
0.016251
0.017581
0.019343
0.027967
0.369013
0.016877
0.017322
0.013190
0.138253
0.020269
0.513184
0.026905
0.010708
0.011653
0.022088
0.015130
0.030948
0.129332
0.509592
0.039566
0.035713
0.088353
0.022418
0.266381
0.017699
0.025584
0.174076
0.029503
0.020908
0.026971
0.339283
0.068497
0.020498
0.020665
0.019681
0.080634
0.319573
0.016003
0.021485
0.023818
0.018473
0.537511
0.016856
0.017202
0.011605
0.183885
0.084666
0.050545
0.016665
0.030062
0.022154
0.037477
0.426717
0.011762
0.023211
0.030393
0.138784
0.028952
0.560526
0.026058
0.015833
0.021121
0.025845
0.023306
0.033898
0.331657
0.160163
0.167653
0.102627
0.172567
0.087382
0.127565
0.121433
0.094514
0.131554
0.124694
0.183565
0.172068
0.163888
0.157363
0.168063
0.130870
0.130916
0.379862
0.098132
0.134335
0.151669
0.126737
0.373816
0.123369
0.137049
0.128712
0.106084
0.106978
0.061218
0.155954
0.141611
0.109265
0.179911
0.275372
0.158945
0.165426
0.139685
0.059905
0.144002
0.530174
0.166836
0.126877
0.126500
0.160144
0.131799
0.171942
0.587535
0.568978
0.415717
0.585124
0.146019
0.474532
0.420820
0.177563
0.439355
0.465476
0.505219
0.094158
0.514406
0.564421
0.527823
0.462690
0.465376
0.493555
0.413129
0.481888
0.492186
0.484176
0.116181
0.489839
0.485767
0.512486
0.270455
0.480793
0.506381
0.558102
0.445352
0.476147
0.550981
0.081020
0.530316
0.545063
0.434932
0.275131
0.516514
0.368124
0.563473
0.456939
0.462561
0.549457
0.486218
0.539410
0.011176
0.101008
0.019415
0.343782
0.060162
0.045508
0.243021
0.046804
0.033229
0.046650
0.386646
0.051439
0.014751
0.026911
0.061748
0.066864
0.288920
0.056661
0.031005
0.057564
0.025069
0.615309
0.020356
0.050288
0.022225
0.216760
0.091038
0.059523
0.021925
0.062960
0.046815
0.024780
0.485308
0.043231
0.019314
0.055643
0.168988
0.018104
0.530629
0.017744
0.051054
0.038765
0.021073
0.034618
0.034378
0.113474
0.022228
0.340157
0.057922
0.034911
0.228228
0.036477
0.027273
0.034531
0.375558
0.041198
0.015382
0.019982
0.049267
0.059840
0.275180
0.049665
0.029875
0.058407
0.023209
0.582271
0.016152
0.036594
0.020126
0.210036
0.096181
0.072817
0.018234
0.047771
0.039440
0.014792
0.456847
0.037994
0.016060
0.038729
0.172488
0.013188
0.534579
0.018782
0.036763
0.031320
0.013309
0.023631
0.028963
0.124082
0.191395
0.111683
0.096648
0.173123
0.078120
0.080021
0.125470
0.215817
0.084250
0.103454
0.099027
0.113907
0.074152
0.293454
0.073539
0.074020
0.118931
0.070139
0.468360
0.072631
0.114024
0.091196
0.141771
0.059288
0.072408
0.108331
0.109022
0.105380
0.111119
0.361753
0.113525
0.115873
0.110721
0.062163
0.085438
0.481271
0.107699
0.086098
0.084960
0.101027
0.090633
0.140416
0.351089
0.028982
0.032770
0.222514
0.036256
0.025427
0.021555
0.401015
0.077367
0.012441
0.021476
0.032513
0.097212
0.303022
0.043643
0.032030
0.023093
0.025301
0.603226
0.020708
0.024907
0.016803
0.244776
0.116340
0.069887
0.013506
0.037581
0.035400
0.027049
0.491057
0.018298
0.013234
0.036878
0.186463
0.021556
0.550080
0.013792
0.035179
0.038827
0.022506
0.034107
0.014150
0.257676
0.233898
0.092213
0.245620
0.259319
0.319386
0.077459
0.287464
0.324549
0.309652
0.245420
0.238148
0.457679
0.206736
0.262010
0.290765
0.255875
0.244576
0.262850
0.273601
0.275532
0.093408
0.206795
0.207634
0.316136
0.255329
0.236172
0.335864
0.127121
0.299776
0.322579
0.253523
0.094173
0.293912
0.492271
0.327707
0.243457
0.241688
0.315993
0.258083
0.343824
0.022057
0.139707
0.030908
0.025248
0.026274
0.328024
0.112164
0.031671
0.041520
0.013510
0.120184
0.356323
0.020568
0.029214
0.011936
0.026796
0.494376
0.031021
0.016546
0.019471
0.207779
0.118595
0.072852
0.026750
0.022255
0.019400
0.063572
0.401777
0.015705
0.030491
0.027137
0.144834
0.042241
0.547388
0.039233
0.020810
0.026510
0.050795
0.034023
0.035816
0.124982
0.012262
0.012902
0.015363
0.274361
0.064809
0.028067
0.020624
0.012836
0.067564
0.286114
0.019003
0.019569
0.022605
0.016081
0.456324
0.015334
0.012603
0.019421
0.162483
0.092908
0.072077
0.022370
0.011993
0.016713
0.032085
0.339417
0.023008
0.021379
0.006209
0.124882
0.017454
0.483456
0.027836
0.010631
0.017836
0.028592
0.016666
0.032012
0.136199
0.144124
0.180641
0.112958
0.242958
0.220314
0.213663
0.136387
0.217474
0.366896
0.112383
0.169830
0.160539
0.168647
0.180663
0.167655
0.150391
0.171132
0.165171
0.231887
0.192062
0.210881
0.126482
0.155850
0.231841
0.148243
0.192793
0.211059
0.127693
0.088568
0.192220
0.434943
0.231614
0.141431
0.160624
0.219639
0.175746
0.190064
0.010632
0.019959
0.277191
0.056095
0.030741
0.024897
0.019474
0.066985
0.275629
0.020437
0.013160
0.031567
0.012185
0.456479
0.012770
0.020111
0.021338
0.175838
0.085451
0.076358
0.027187
0.013388
0.025732
0.036071
0.353380
0.028809
0.026395
0.011438
0.117965
0.014584
0.485196
0.034568
0.011819
0.019018
0.033805
0.018314
0.039449
0.020304
0.294077
0.065293
0.024595
0.024214
0.022076
0.074119
0.286139
0.014136
0.013208
0.024926
0.013015
0.483792
0.007984
0.015212
0.013492
0.189706
0.092842
0.063164
0.021551
0.014340
0.026800
0.032217
0.385633
0.024313
0.021266
0.013584
0.122259
0.016360
0.502820
0.029089
0.014999
0.023914
0.028726
0.023224
0.026530
0.353337
0.073220
0.022885
0.017331
0.019848
0.090223
0.291910
0.036710
0.025081
0.018834
0.025525
0.525100
0.023806
0.011082
0.022801
0.228314
0.121044
0.103656
0.016665
0.015925
0.032698
0.030263
0.417967
0.017115
0.016958
0.011920
0.183862
0.018970
0.521562
0.025208
0.019106
0.032779
0.028424
0.026196
0.023745
0.310441
0.386046
0.353619
0.307085
0.271716
0.326731
0.256495
0.317318
0.341802
0.307745
0.163809
0.306588
0.330791
0.333849
0.149204
0.276097
0.302652
0.379989
0.295894
0.319027
0.359517
0.086287
0.369544
0.376583
0.284836
0.114322
0.331983
0.332600
0.384813
0.297637
0.304614
0.357518
0.318149
0.373854
0.054000
0.035486
0.083224
0.017711
0.224063
0.079264
0.056852
0.110033
0.047022
0.552821
0.043098
0.077662
0.059637
0.142887
0.041516
0.079990
0.054885
0.087296
0.073497
0.031964
0.399972
0.079646
0.058836
0.070621
0.139528
0.034437
0.495847
0.052616
0.059395
0.053883
0.031238
0.039837
0.095201
0.012726
0.035598
0.069005
0.319813
0.038577
0.015417
0.034998
0.015615
0.589587
0.015061
0.022759
0.009973
0.211776
0.083070
0.059621
0.004183
0.039359
0.022150
0.023205
0.469311
0.017519
0.004535
0.035472
0.174330
0.011216
0.549666
0.009241
0.029139
0.022029
0.017564
0.016961
0.028496
0.029886
0.050352
0.281940
0.038305
0.020648
0.038468
0.016295
0.570136
0.014463
0.021143
0.018583
0.187582
0.075525
0.072072
0.010881
0.032351
0.027079
0.012380
0.430963
0.019558
0.011284
0.024742
0.166677
0.010189
0.518460
0.013481
0.019231
0.022387
0.009351
0.015973
0.033380
0.091419
0.325104
0.021556
0.029613
0.020580
0.023447
0.485660
0.024787
0.010757
0.021076
0.179114
0.101759
0.074451
0.025336
0.010826
0.015120
0.047865
0.366817
0.017449
0.029763
0.012178
0.139034
0.031046
0.539258
0.037242
0.009142
0.022657
0.038842
0.022391
0.039886
0.245528
0.081985
0.068983
0.120718
0.058730
0.521920
0.051241
0.081879
0.074530
0.108135
0.034137
0.070753
0.068649
0.091559
0.072708
0.047902
0.360967
0.094580
0.071608
0.076980
0.119469
0.043274
0.483050
0.062922
0.065933
0.063956
0.048250
0.046815
0.113432
0.296520
0.322335
0.326693
0.301162
0.467298
0.272132
0.322106
0.314248
0.302541
0.316244
0.351642
0.323644
0.308990
0.355690
0.258767
0.417732
0.348799
0.316390
0.284694
0.273526
0.276761
0.253871
0.294450
0.301681
0.315609
0.276269
0.290957
0.303756
0.022736
0.030405
0.022029
0.436009
0.016565
0.021115
0.017799
0.151833
0.087215
0.055928
0.034940
0.021080
0.026957
0.053797
0.340314
0.030208
0.038030
0.022727
0.094470
0.036276
0.500166
0.046722
0.016953
0.022897
0.045670
0.026741
0.045340
0.034699
0.007402
0.514844
0.012024
0.024218
0.011476
0.183261
0.072880
0.061114
0.016145
0.027459
0.022351
0.037585
0.401601
0.021124
0.015700
0.024736
0.136512
0.013900
0.523208
0.025293
0.019375
0.014596
0.031372
0.016729
0.043620
0.032968
0.523107
0.033965
0.020249
0.029534
0.240981
0.127911
0.082829
0.028226
0.026596
0.034542
0.050717
0.437016
0.014188
0.032035
0.027670
0.170345
0.039002
0.543120
0.032686
0.026568
0.040563
0.045359
0.043138
0.028152
0.523106
0.006456
0.024031
0.009500
0.169843
0.067636
0.054628
0.015159
0.025208
0.017736
0.027932
0.392915
0.021080
0.016422
0.022816
0.123106
0.010751
0.528936
0.019911
0.014074
0.007898
0.019004
0.012072
0.037986
0.517032
0.498762
0.531267
0.372726
0.556968
0.560567
0.581175
0.457967
0.508981
0.581964
0.143394
0.565931
0.570030
0.450516
0.310913
0.541576
0.352784
0.609234
0.482877
0.503029
0.584860
0.513048
0.544587
0.018940
0.008719
0.165347
0.070163
0.050242
0.014496
0.020638
0.021601
0.022670
0.392939
0.024404
0.015625
0.018618
0.118583
0.008599
0.506070
0.017720
0.015174
0.015460
0.017400
0.011829
0.030972
0.017143
0.198538
0.104240
0.074145
0.015854
0.008604
0.016623
0.036839
0.397116
0.015475
0.018944
0.009415
0.156140
0.021587
0.542024
0.029823
0.010889
0.027805
0.030789
0.020842
0.026750
0.185033
0.083496
0.052493
0.008716
0.025324
0.018327
0.031042
0.412452
0.016671
0.010753
0.023422
0.135447
0.015490
0.538607
0.021911
0.018522
0.014770
0.021590
0.015977
0.027019
0.104854
0.141094
0.211541
0.192005
0.162021
0.211649
0.164867
0.223879
0.212041
0.182234
0.079961
0.187068
0.408374
0.207541
0.168523
0.152997
0.194724
0.153284
0.259582
0.046076
0.083286
0.117294
0.078924
0.086610
0.388998
0.098830
0.093415
0.110238
0.108133
0.070799
0.539126
0.081205
0.081704
0.072211
0.076332
0.062628
0.153166
0.061518
0.091625
0.052902
0.077377
0.426098
0.069263
0.071049
0.090286
0.106935
0.061918
0.581170
0.062237
0.069527
0.065213
0.064565
0.062343
0.092560
0.031453
0.017736
0.020422
0.459935
0.011470
0.004215
0.027108
0.174763
0.010417
0.563277
0.010292
0.021266
0.019927
0.014981
0.014244
0.028831
0.025048
0.050002
0.353834
0.028942
0.032254
0.004860
0.138382
0.028090
0.513234
0.043949
0.011882
0.030530
0.045297
0.027134
0.036579
0.046116
0.381682
0.021538
0.019841
0.024357
0.138328
0.024552
0.551547
0.028447
0.015264
0.012929
0.035368
0.013058
0.045905
0.452813
0.034067
0.021204
0.037637
0.178665
0.013699
0.531179
0.018220
0.034857
0.037979
0.005345
0.029233
0.033457
0.455257
0.450073
0.343931
0.204965
0.416471
0.364678
0.474412
0.367928
0.369064
0.445413
0.384089
0.458388
0.016532
0.027869
0.179252
0.026099
0.576400
0.019798
0.018160
0.024253
0.025819
0.026115
0.031229
0.027131
0.179073
0.010031
0.531402
0.010756
0.025311
0.021307
0.018610
0.015828
0.024809
0.139884
0.020653
0.493158
0.038289
0.011282
0.027171
0.035917
0.021492
0.032745
0.147738
0.402469
0.178678
0.124004
0.122984
0.164156
0.132954
0.189155
0.515497
0.013939
0.019859
0.021427
0.012955
0.012589
0.031715
0.534622
0.528090
0.524712
0.550397
0.512423
0.536289
0.031162
0.026799
0.015304
0.019593
0.034643
0.013070
0.026498
0.013370
0.041636
0.026537
0.009197
0.050823
0.023489
0.031775
0.050448
