0.640962
0.390211
0.877707
0.597536
0.603788
0.656185
0.712565
0.778298
0.651648
0.353682
0.534747
0.557500
0.426317
0.608532
0.591970
0.411770
0.540181
0.463697
0.685250
0.675996
0.712227
0.744823
0.842311
0.775561
0.585136
0.618631
0.405060
0.381917
0.711243
0.565804
0.699261
0.809735
0.635310
0.599983
0.572602
0.363280
0.774041
0.334177
0.619224
0.440754
0.295702
0.348534
0.476614
0.479074
0.653899
0.529320
0.363970
0.741566
0.439793
0.730385
0.631718
0.827726
0.523892
0.427565
0.801392
0.558137
0.596962
0.713180
0.654551
0.810546
0.669865
0.697715
0.755736
0.611438
0.760742
0.792858
0.632381
0.387657
0.586821
0.539734
0.755151
0.503572
0.813543
0.838979
0.681113
0.692218
0.683638
0.680048
0.895757
0.599918
0.862300
0.735366
0.877198
0.657189
0.643601
0.648794
0.601648
0.581679
0.724991
0.667439
0.796193
0.646186
0.873204
0.727268
0.706136
0.608915
0.687925
0.881052
0.522605
0.708461
0.702846
0.570183
0.839807
0.530315
0.384430
0.499141
0.539684
0.430303
0.572451
0.464133
0.453178
0.415414
0.457388
0.813808
0.775650
0.751914
0.851775
0.943130
0.827475
0.530416
0.535722
0.532590
0.493454
0.812122
0.535744
0.681778
0.825648
0.559139
0.680839
0.719764
0.366257
0.774838
0.405306
0.636759
0.380417
0.558908
0.512474
0.521695
0.397282
0.527240
0.369999
0.450718
0.718263
0.439483
0.812402
0.736391
0.675292
0.845660
0.661377
0.660541
0.861749
0.785719
0.845856
0.800703
0.786260
0.800578
0.885782
0.869260
0.859777
0.506987
0.552885
0.564394
0.613847
0.710204
0.519870
0.705368
0.869540
0.766569
0.775227
0.599487
0.715201
0.888388
0.387505
0.762861
0.752993
0.850345
0.814340
0.478445
0.825090
0.777667
0.767443
0.817144
0.791276
0.869942
0.734617
0.841412
0.826512
0.766240
0.620077
0.918097
0.852313
0.866711
0.706202
0.885067
0.843183
0.440607
0.578168
0.377745
0.512014
0.408148
0.442271
0.614992
0.477708
0.436522
0.865989
0.825747
0.822126
0.848953
0.773157
0.833046
0.465185
0.449044
0.663952
0.578018
0.835325
0.462913
0.569592
0.877778
0.417751
0.769981
0.639713
0.539826
0.882409
0.596662
0.781288
0.637641
0.704480
0.667705
0.566703
0.571205
0.567574
0.580964
0.648550
0.896142
0.489588
0.476025
0.822157
0.630053
0.502931
0.667510
0.718866
0.707863
0.679483
0.728534
0.840948
0.606957
0.789118
0.788172
0.689182
0.538119
0.559723
0.536397
0.682630
0.655623
0.825405
0.817384
0.568113
0.580243
0.636722
0.728299
0.872245
0.613982
0.848653
0.554280
0.830324
0.618206
0.705514
0.605711
0.481743
0.548824
0.557947
0.594754
0.768451
0.590891
0.783546
0.831496
0.641313
0.649660
0.708102
0.853714
0.596538
0.509492
0.646478
0.743633
0.812130
0.719082
0.754909
0.798630
0.562569
0.789790
0.773641
0.642042
0.491334
0.579220
0.523142
0.757062
0.653524
0.865102
0.870568
0.601166
0.654939
0.611946
0.717907
0.877840
0.662441
0.894565
0.626028
0.846059
0.661470
0.633382
0.670255
0.464143
0.595529
0.622798
0.567683
0.739238
0.624413
0.822693
0.777567
0.641439
0.653456
0.747580
0.792544
0.786389
0.778692
0.657307
0.740596
0.560154
0.600139
0.750842
0.593524
0.601600
0.759870
0.942048
0.821903
0.868305
0.867289
0.893194
0.773514
0.638050
0.654780
0.607232
0.599443
0.905545
0.677504
0.704314
0.798123
0.647485
0.860031
0.788075
0.522700
0.854540
0.646039
0.812907
0.657197
0.745359
0.659877
0.769284
0.743514
0.573236
0.541733
0.645827
0.788979
0.760928
0.669635
0.806563
0.753151
0.817047
0.795607
0.690708
0.833183
0.810845
0.867402
0.817713
0.648306
0.521209
0.566633
0.539211
0.816860
0.605300
0.804111
0.853759
0.679354
0.688418
0.678915
0.756804
0.811063
0.642569
0.914579
0.662278
0.836402
0.733980
0.678820
0.751493
0.656776
0.735734
0.720393
0.651774
0.814569
0.736268
0.884664
0.797214
0.671528
0.638547
0.861811
0.593440
0.762993
0.715394
0.641667
0.763549
0.676204
0.645333
0.726888
0.681889
0.593935
0.598814
0.534246
0.647167
0.894060
0.692220
0.809929
0.762210
0.695608
0.635432
0.587131
0.755602
0.910096
0.607587
0.832108
0.695054
0.892775
0.569756
0.626507
0.611454
0.442374
0.437982
0.570488
0.661236
0.605048
0.441081
0.776249
0.685876
0.602948
0.570817
0.631388
0.641886
0.472943
0.465518
0.578841
0.468281
0.517970
0.501535
0.356574
0.706516
0.692910
0.730223
0.795017
0.850314
0.798509
0.616918
0.583997
0.604912
0.458271
0.496607
0.593788
0.681494
0.856208
0.605232
0.658553
0.670696
0.447309
0.773768
0.393457
0.565502
0.453147
0.446145
0.513560
0.274394
0.412953
0.659721
0.535752
0.385138
0.783550
0.356863
0.529991
0.500835
0.532767
0.572110
0.431689
0.416426
0.613169
0.805455
0.735170
0.770774
0.635134
0.739894
0.641006
0.319984
0.617690
0.378764
0.546041
0.885353
0.589292
0.753767
0.693427
0.535973
0.691068
0.664320
0.461189
0.706817
0.334253
0.787926
0.605339
0.666308
0.359538
0.722504
0.622471
0.517549
0.554497
0.623999
0.691986
0.605800
0.470553
0.433855
0.529914
0.606875
0.460126
0.495652
0.796544
0.758784
0.824574
0.701328
0.749805
0.799902
0.376213
0.522991
0.612442
0.594221
0.799671
0.614324
0.649970
0.885492
0.479787
0.692675
0.623151
0.487789
0.830047
0.467984
0.745494
0.612930
0.664197
0.601457
0.527709
0.574763
0.644726
0.601125
0.618792
0.832638
0.430214
0.518590
0.557813
0.514482
0.413098
0.482596
0.746299
0.726357
0.754737
0.817833
0.801227
0.751026
0.486792
0.566053
0.475827
0.462752
0.844539
0.536667
0.602142
0.771457
0.441376
0.789952
0.539141
0.397296
0.776995
0.387621
0.685350
0.446285
0.567301
0.497743
0.410895
0.431596
0.528112
0.429876
0.539928
0.685091
0.434039
0.457103
0.522814
0.459292
0.477506
0.824009
0.642125
0.770583
0.755074
0.744649
0.667745
0.451577
0.587819
0.582855
0.551178
0.855798
0.569765
0.568699
0.750837
0.456489
0.704046
0.601274
0.408677
0.687526
0.562447
0.614686
0.583752
0.678582
0.588957
0.598649
0.561067
0.638293
0.600828
0.630818
0.776208
0.528821
0.602837
0.428619
0.406315
0.841548
0.718463
0.727786
0.832154
0.890174
0.635265
0.561542
0.597627
0.684320
0.644870
0.769475
0.624591
0.714662
0.801202
0.564396
0.660052
0.696533
0.480854
0.617216
0.540935
0.666770
0.542621
0.698596
0.634364
0.506982
0.442536
0.627779
0.555597
0.658500
0.752411
0.483054
0.442635
0.568292
0.831940
0.682462
0.789318
0.727940
0.821303
0.732647
0.526976
0.726957
0.420963
0.441183
0.798527
0.683636
0.796299
0.806852
0.601335
0.721543
0.742853
0.412172
0.766310
0.352971
0.559396
0.621630
0.517592
0.406334
0.567704
0.560568
0.569270
0.540240
0.485480
0.774796
0.536551
0.498830
0.846266
0.701392
0.849456
0.800848
0.799682
0.782934
0.326066
0.575120
0.547739
0.460421
0.824545
0.632596
0.584552
0.853878
0.400852
0.751672
0.661082
0.468408
0.744443
0.457791
0.711493
0.580954
0.646493
0.522497
0.563546
0.445307
0.592127
0.476332
0.582239
0.793248
0.440734
0.832937
0.767851
0.800432
0.852263
0.821221
0.762697
0.581071
0.630871
0.631573
0.559465
0.812652
0.576026
0.664551
0.872535
0.597871
0.607609
0.564387
0.416375
0.711899
0.507831
0.669851
0.571165
0.577793
0.583269
0.418942
0.494198
0.625514
0.590374
0.560547
0.786024
0.409982
0.524498
0.618068
0.560689
0.834807
0.652355
0.873524
0.839844
0.777951
0.745156
0.292456
0.841540
0.812512
0.545173
0.885624
0.820336
0.783243
0.800597
0.570985
0.670099
0.579410
0.655528
0.636199
0.690347
0.717534
0.627464
0.910726
0.776083
0.644289
0.697626
0.806720
0.615027
0.509327
0.736825
0.525211
0.802965
0.812895
0.721476
0.679534
0.552611
0.730160
0.789304
0.600255
0.850424
0.664511
0.823438
0.670465
0.629511
0.686739
0.530407
0.618032
0.655394
0.582631
0.715146
0.599541
0.854210
0.754929
0.604774
0.563817
0.680825
0.639893
0.806726
0.560951
0.823358
0.844115
0.565839
0.712534
0.552330
0.698249
0.887625
0.542501
0.818181
0.688955
0.844479
0.712235
0.541738
0.730462
0.535342
0.698008
0.656063
0.702821
0.769031
0.640950
0.753362
0.828014
0.654267
0.537635
0.809625
0.767306
0.561293
0.821595
0.890483
0.674691
0.732418
0.645093
0.771031
0.864086
0.574696
0.897038
0.574510
0.887961
0.716290
0.590109
0.694827
0.658249
0.675610
0.706478
0.625457
0.837263
0.682481
0.855980
0.819154
0.691048
0.680138
0.761840
0.654104
0.691896
0.838786
0.762460
0.786497
0.817128
0.688648
0.839764
0.783586
0.832073
0.698934
0.707516
0.840272
0.758793
0.831572
0.826431
0.838346
0.834492
0.774409
0.894593
0.900949
0.837126
0.869052
0.836825
0.770525
0.827126
0.696828
0.888350
0.728036
0.797594
0.646411
0.770782
0.921610
0.507476
0.798566
0.660063
0.764046
0.696766
0.432167
0.717845
0.670717
0.733127
0.788400
0.644083
0.821873
0.752160
0.781929
0.728545
0.750112
0.566681
0.846457
0.539603
0.513233
0.489933
0.859062
0.610087
0.638053
0.742736
0.349147
0.771794
0.658280
0.498987
0.761989
0.444945
0.808633
0.702368
0.705759
0.538058
0.665625
0.674931
0.573520
0.574276
0.670617
0.788774
0.610357
0.690626
0.632860
0.890285
0.618609
0.628724
0.823678
0.566206
0.762552
0.699476
0.588895
0.999593
0.597859
0.808574
0.553484
0.740103
0.632483
0.681979
0.546143
0.623360
0.606756
0.645952
0.964919
0.504911
0.405325
0.787940
0.613430
0.766196
0.752934
0.604190
0.579283
0.666800
0.462355
0.729254
0.351123
0.676808
0.622410
0.422146
0.319175
0.670150
0.619338
0.525398
0.541312
0.445856
0.697385
0.631604
0.705810
0.519761
0.652383
0.724739
0.534702
0.714245
0.708313
0.422258
0.790515
0.472860
0.558931
0.528461
0.227698
0.414967
0.536880
0.513805
0.622901
0.580372
0.387814
0.781716
0.569431
0.855241
0.876608
0.662426
0.877864
0.758965
0.871982
0.834502
0.590889
0.700575
0.524172
0.767088
0.581352
0.742942
0.667861
0.672364
0.930798
0.798346
0.628252
0.685790
0.825981
0.580316
0.737349
0.592066
0.681223
0.648523
0.532973
0.805258
0.662647
0.744363
0.590023
0.638861
0.656967
0.644493
0.602035
0.616779
0.624857
0.603366
0.691437
0.655809
0.815961
0.623229
0.823252
0.636991
0.710206
0.942307
0.744460
0.845233
0.638840
0.749471
0.729023
0.688997
0.687925
0.731266
0.690355
0.750818
0.916561
0.701452
0.828764
0.730360
0.864136
0.676542
0.535431
0.794366
0.677489
0.643901
0.751858
0.757199
0.855398
0.651029
0.763686
0.793997
0.725174
0.661178
0.898240
0.877814
0.685214
0.535229
0.824754
0.571563
0.819261
0.717391
0.710619
0.624629
0.626402
0.636773
0.586775
0.627528
0.675308
0.791475
0.606143
0.717781
0.620411
0.611174
0.640238
0.703528
0.640707
0.651523
0.595612
0.773086
0.631503
0.800574
0.769214
0.598222
0.748698
0.715611
0.611613
0.743697
0.621213
0.852685
0.733889
0.671898
0.579765
0.669787
0.703221
0.693425
0.679062
0.661893
0.812095
0.590803
0.672711
0.414638
0.577207
0.423807
0.491704
0.396760
0.516959
0.464127
0.513044
0.496197
0.453466
0.665708
0.460358
0.732526
0.649139
0.750833
0.747600
0.721029
0.784800
0.660160
0.844018
0.771178
0.735916
0.595315
0.845826
0.617332
0.504593
0.473274
0.314387
0.437300
0.486538
0.547061
0.435193
0.441477
0.730215
0.412268
0.554857
0.517347
0.582854
0.584248
0.555319
0.787301
0.767523
0.599470
0.620614
0.688834
0.570619
0.552662
0.519907
0.263645
0.582965
0.558143
0.511734
0.649723
0.442325
0.418061
0.555298
0.534044
0.709568
0.672253
0.386448
0.771259
0.601832
0.581465
0.563731
0.593372
0.573647
0.376225
0.726646
0.519845
0.475551
0.672710
0.566056
0.447528
0.760839
0.362238
0.590787
0.532544
0.479501
0.688217
0.411070
0.527252
0.624697
0.701422
0.643150
0.503281
0.741235
0.543641
0.715817
0.448179
0.772790
