0.645572
0.659526
0.617968
0.706718
0.626706
0.554035
0.709826
0.559565
0.705784
0.637322
0.534062
0.723738
0.602701
0.652173
0.559878
0.536272
0.310773
0.753865
0.671888
0.617877
0.986733
0.600151
0.367359
0.634269
0.729322
0.532636
0.714982
0.834419
0.750320
0.757043
0.613564
0.617429
0.652729
0.559832
0.639498
0.640080
0.452837
0.293037
0.647225
0.650043
0.512249
0.607350
0.772509
0.601054
0.729939
0.693403
0.336183
0.755714
0.572377
0.632964
0.580926
0.757215
0.769537
0.675544
0.538296
0.550839
0.818337
0.795286
0.668082
0.757718
0.581458
0.758587
0.558538
0.601692
0.644596
0.733240
0.750778
0.500081
0.990509
0.681845
0.489557
0.616944
0.663554
0.606860
0.598558
0.785409
0.710658
0.765767
0.592616
0.564963
0.550042
0.725318
0.637539
0.647896
0.692862
0.724811
0.867866
0.587882
0.590502
0.588233
0.552068
0.627497
0.717304
0.620931
0.682761
0.795851
0.594617
0.739043
0.795075
0.841042
0.658749
0.652326
0.552501
0.848808
0.785985
0.684462
0.683034
0.743482
0.751527
0.765538
0.729211
0.632045
0.750764
0.883882
0.641275
0.908017
0.645618
0.633147
0.650901
0.429174
0.721081
0.841258
0.896321
0.748354
0.708482
0.750064
0.838826
0.735951
0.676664
0.700743
0.737644
0.709320
0.609673
0.938320
0.760943
0.479083
0.635078
0.786711
0.793667
0.648559
0.740226
0.725821
0.924842
0.562995
0.809024
0.546351
0.627869
0.560332
0.554001
0.680816
0.711600
0.602614
0.763344
0.547627
0.765930
0.534156
0.634143
0.633917
0.620063
0.746761
0.408278
1.030689
0.695474
0.512234
0.600717
0.751743
0.578408
0.441075
0.874116
0.648598
0.787680
0.599284
0.496884
0.552888
0.609148
0.602177
0.542425
0.621017
0.684621
0.756023
0.470082
0.588996
0.560899
0.640598
0.488203
0.792824
0.555458
0.634170
0.753741
0.594374
0.787631
0.898915
0.873765
0.767811
0.836692
0.680264
0.704395
0.779378
0.753973
0.842959
0.711734
0.715631
0.927779
0.886505
0.679009
0.810914
0.986303
0.826678
0.709529
0.859679
0.820773
0.868174
0.897972
0.891776
0.856457
0.830463
0.897605
0.822936
0.769383
0.702955
0.716016
0.845806
0.642992
0.822307
0.673544
0.768257
0.488799
0.803784
0.899330
0.811368
0.835453
0.920685
0.804097
0.662927
0.575214
0.557079
0.787034
0.654163
0.916787
0.809485
0.692038
0.790682
0.599433
0.816393
0.644912
0.689718
0.733679
0.729275
0.737569
0.657248
0.971149
0.804328
0.652986
0.710805
0.799900
0.760930
0.737111
0.905893
0.721109
0.862380
0.788769
0.662751
0.653284
0.690573
0.631042
0.624929
0.583007
0.664040
0.663716
0.627096
0.665408
0.718419
0.840783
0.623267
0.796186
0.624746
0.592988
0.735438
0.613482
0.551718
0.522535
0.822061
0.798678
0.557940
0.622904
0.434008
0.748565
0.568175
0.529237
0.475692
0.663787
0.803767
0.564177
0.945163
0.679184
0.544633
0.430854
0.778186
0.541954
0.706964
0.894157
0.576979
0.693377
0.547051
0.558741
0.517218
0.716802
0.654552
0.434541
0.557579
0.572767
0.850868
0.595983
0.686561
0.498653
0.701386
0.572185
0.792179
0.678548
0.536102
0.799570
0.616212
0.496726
0.877829
0.882735
0.627049
0.628772
0.640642
0.765541
0.438976
0.459905
0.554180
0.670673
0.888308
0.494501
0.952319
0.623172
0.682974
0.428752
0.752007
0.582922
0.640810
0.908868
0.392604
0.601875
0.667737
0.663173
0.444238
0.769374
0.599237
0.521842
0.551199
0.723478
1.001727
0.491805
0.711970
0.622731
0.408947
0.707906
0.773949
0.620439
0.659948
0.824914
0.606982
0.762746
0.804274
0.589742
0.670714
0.572874
0.663462
0.604300
0.469141
0.448330
0.709598
0.894597
0.445505
0.961880
0.616788
0.576529
0.611240
0.643782
0.656937
0.718380
0.776023
0.593536
0.630871
0.662898
0.659145
0.714683
0.553751
0.669839
0.626688
0.558143
0.489935
0.879790
0.699287
0.504120
0.599802
0.619851
0.643059
0.657313
0.571848
0.644288
0.892775
0.623291
0.699914
0.787750
0.961800
0.880323
0.831485
0.919060
0.847926
0.786073
0.915092
0.807785
0.700490
0.942079
0.875055
0.770258
0.889789
0.808217
0.799140
0.840186
0.807934
0.943788
0.980584
0.851558
0.809945
0.896667
0.694181
0.881258
0.834316
0.759883
0.718785
0.860198
0.909676
0.782292
0.877136
0.827407
0.797557
0.791608
0.879555
0.843121
0.880049
0.842687
0.846296
0.795162
0.734102
0.835385
0.858245
0.762688
0.788404
0.844722
0.812489
0.691581
0.891058
0.753082
0.590349
0.816204
0.861264
0.769858
0.781547
0.875675
0.834753
0.828263
0.766835
0.733384
0.774205
0.663782
0.739458
0.817146
0.696566
0.783333
0.673593
0.727907
0.650071
0.743953
0.869751
0.710657
0.856339
0.821021
0.812454
0.823736
0.693570
0.669618
0.653984
0.715897
0.580097
0.670807
0.680336
0.756358
0.722774
0.644084
1.017409
0.735467
0.649629
0.536375
0.687540
0.713621
0.776686
0.804936
0.612355
0.814634
0.817328
0.735146
0.618386
0.650985
0.678862
0.586783
0.490565
0.510977
0.799102
0.662997
0.537654
0.564155
0.801319
0.664286
0.780185
0.754620
0.590852
0.739835
0.557048
0.681262
0.862478
0.724277
0.635833
0.683717
0.840555
0.957989
0.781823
1.041419
0.754387
0.667948
0.569762
0.938682
0.730006
0.795058
0.953759
0.544268
0.843720
0.754048
0.762716
0.676879
0.706675
0.687838
0.781795
0.745683
0.734639
0.837502
0.712550
0.596306
0.646521
0.772210
0.763786
0.886232
0.820953
0.712832
0.865332
0.737580
0.821079
0.573754
0.592678
0.582824
0.757108
0.782314
0.531951
0.951190
0.729688
0.536295
0.500253
0.761942
0.513969
0.482944
0.917722
0.565168
0.809686
0.515712
0.425048
0.426949
0.631396
0.439567
0.551122
0.547556
0.643804
0.652523
0.382548
0.611361
0.370383
0.737575
0.385431
0.794830
0.760827
0.547603
0.734583
0.528779
0.636249
0.671861
0.756380
0.792397
0.754281
0.841201
0.968881
0.714262
0.604099
0.763476
0.752141
0.819114
0.910523
0.770777
0.957892
0.706242
0.794468
0.838703
0.834164
0.799754
0.880092
0.849766
0.704523
0.717935
0.846816
0.833516
0.760212
0.877294
0.748013
0.863335
0.809166
0.714277
0.773316
0.789249
0.796352
0.596154
0.621262
0.682018
0.562280
0.572303
1.025626
0.689897
0.558705
0.486889
0.803690
0.513858
0.651174
0.808126
0.600520
0.768778
0.659976
0.579970
0.471376
0.733485
0.604767
0.452097
0.602934
0.769884
0.808415
0.482692
0.632711
0.631899
0.531105
0.630642
0.793045
0.676281
0.529447
0.630738
0.583601
0.570982
0.694689
0.847075
0.639266
0.965872
0.747378
0.597787
0.636728
0.830483
0.665440
0.694161
0.849895
0.531197
0.654339
0.612177
0.621559
0.566020
0.703527
0.592483
0.606373
0.557580
0.595996
0.825750
0.555435
0.593088
0.577699
0.570546
0.667432
0.870228
0.711601
0.635945
0.877747
0.631974
0.762478
0.871984
0.440477
0.962191
0.645027
0.484737
0.544703
0.763164
0.546973
0.671532
0.902508
0.677396
0.729016
0.609907
0.561000
0.642672
0.658511
0.675921
0.574079
0.594068
0.364985
0.853203
0.659194
0.668081
0.571632
0.704101
0.692393
0.733686
0.642049
0.338330
0.886829
0.687364
0.905825
0.726040
0.950345
0.819592
0.719808
0.622499
0.795307
0.807946
0.652608
0.835346
0.808098
0.653934
0.827336
0.800305
0.848060
0.826168
0.864667
0.745217
0.716697
0.775497
0.904916
0.706401
0.695412
0.721741
0.518722
0.698318
0.819549
0.777600
0.808768
0.941278
0.854603
0.744997
0.955983
0.724824
0.680059
0.860412
0.854891
0.736605
0.855813
0.789577
0.946098
0.898555
0.862715
0.743954
0.749344
0.877161
0.911565
0.687469
0.656171
0.867581
0.697919
0.754245
0.811317
0.887889
0.949703
0.790171
0.790497
0.839771
0.590326
0.381226
0.761830
0.969368
0.622211
0.506199
0.540747
0.760427
0.527211
0.545886
0.830285
0.592857
0.676291
0.654236
0.529306
0.510378
0.643009
0.612903
0.435243
0.541774
0.651891
0.867835
0.481641
0.623391
0.538790
0.639907
0.594071
0.735201
0.546706
0.512689
0.696509
0.581879
0.985794
0.946725
0.911711
0.992836
1.015385
0.991907
0.872326
1.010816
0.990151
1.017785
1.023341
0.987722
0.926246
0.989957
1.022319
0.962059
0.974845
0.978890
0.961549
0.974671
1.001438
1.004878
0.970957
1.007900
1.027022
1.024603
1.042494
0.959928
0.636669
0.707160
0.742318
0.647830
0.792308
0.943268
0.730198
0.707366
0.758336
0.707611
0.713151
0.731188
0.798634
0.679694
0.572478
0.708570
0.874636
0.733792
0.726003
0.723602
0.764850
0.771697
0.787600
0.722717
0.667118
0.701389
0.683888
0.530402
0.726364
0.478790
0.532655
0.777258
0.716704
0.746925
0.525293
0.550255
0.483420
0.608139
0.547524
0.608605
0.559915
0.592249
0.638518
0.518947
0.529569
0.580984
0.753479
0.486544
0.735776
0.626513
0.472212
0.685163
0.513221
0.694484
0.521321
0.575870
0.931278
0.542793
0.736988
0.665143
0.633283
0.388093
0.689570
0.505877
0.423817
0.646246
0.651024
0.866930
0.470342
0.578157
0.450262
0.654382
0.583398
0.793162
0.743295
0.519492
0.798642
0.518662
0.778417
0.864461
0.899526
0.910352
0.774141
0.787862
0.881514
0.828765
0.714511
0.801891
0.826007
0.702730
0.683192
0.911332
0.857804
0.618595
0.786139
0.812825
0.778685
0.576072
0.829216
0.763940
0.950563
0.621963
0.528320
0.893502
0.588603
0.788139
0.561682
0.553338
0.448463
0.667031
0.561922
0.487851
0.607871
0.679148
0.766269
0.489309
0.690425
0.533087
0.660747
0.573441
0.776416
0.717012
0.475415
0.699756
0.580848
0.992588
0.681084
0.831069
0.576358
0.425843
0.484568
0.722547
0.514640
0.585427
0.713385
0.774720
0.769179
0.419296
0.753022
0.481715
0.544951
0.410713
0.898110
0.702819
0.666250
0.788550
0.645030
0.942185
0.972404
0.941225
0.948866
0.974400
0.728636
0.938787
0.900774
0.834834
0.865832
0.886066
0.993874
0.820896
0.944820
0.931437
0.882805
0.855966
0.855037
0.913067
0.897481
0.857436
0.731258
0.678850
0.662210
0.454185
0.736136
0.550031
0.556248
0.594097
0.730937
0.921023
0.508572
0.690595
0.529087
0.684180
0.665724
0.872894
0.699621
0.669713
0.869133
0.592200
0.781142
0.859972
0.822188
0.808549
0.831365
0.728384
0.619938
0.787226
0.963855
0.776148
0.703409
0.817386
0.676270
0.850426
0.860080
0.664207
0.793707
0.894357
0.796471
0.544391
0.571224
0.734827
0.604028
0.681122
0.754751
0.769966
0.750547
0.575090
0.737498
0.582379
0.639918
0.627232
0.828842
0.730332
0.693680
0.907006
0.645363
0.481326
0.773168
0.569052
0.534852
0.642545
0.699968
0.629928
0.472108
0.743633
0.482512
0.645889
0.495050
0.859191
0.670116
0.584842
0.642432
0.612927
0.742165
0.344431
0.451421
0.600914
0.727500
0.757982
0.262790
0.643692
0.391342
0.658244
0.512780
0.831777
0.714428
0.512936
0.628978
0.382559
0.495107
0.809940
0.573159
0.563195
0.775137
0.771440
0.433481
0.651228
0.766247
0.626535
0.757035
0.755329
0.672655
0.872182
0.562333
0.630103
0.636891
0.633277
0.750477
0.433045
0.552923
0.399930
0.676536
0.517209
0.889457
0.800548
0.626300
0.816340
0.413174
0.589520
0.719605
0.885200
0.472618
0.760330
0.545038
0.720632
0.626485
0.818121
0.683069
0.486076
0.604843
0.609842
0.507255
0.796839
0.582548
0.613918
0.636243
0.693258
0.614950
0.749017
0.670535
0.538379
0.656301
0.509379
0.820084
0.726454
0.575604
0.568352
0.791217
0.655195
0.736623
0.751923
0.467643
0.916877
0.650029
0.684663
0.720805
0.779034
0.985677
0.671075
0.845819
0.862620
0.699008
0.663417
0.686372
0.688913
0.439231
0.598685
0.518420
0.851705
0.714583
0.550321
0.678597
0.499699
0.580399
0.736660
0.611113
0.682243
0.739496
0.620758
0.801998
0.488407
0.637944
0.474342
0.858067
0.798722
0.615209
0.840949
0.501497
0.704819
0.898020
0.679696
0.830132
0.887599
0.739031
0.730737
0.682881
0.618323
0.774508
0.553872
0.748385
0.697914
0.926676
0.761794
0.653748
0.856646
0.735679
0.651681
0.591625
0.678635
