0.150175
0.112247
0.115970
0.132740
0.110779
0.084707
0.230959
0.195651
0.707336
0.241505
0.120352
0.120647
0.165087
0.046679
0.154098
0.153367
0.618425
0.521841
0.076176
0.158659
0.100746
0.101434
0.168313
0.221129
0.153292
0.106785
0.139329
0.122781
0.065351
0.131543
0.134108
0.596799
0.059822
0.133500
0.431062
0.091990
0.108209
0.129776
0.050170
0.692584
0.117955
0.101350
0.158598
0.185720
0.083631
0.643119
0.159784
0.151312
0.147339
0.099213
0.048720
0.037460
0.056558
0.071802
0.122751
0.128587
0.937772
0.398570
0.052045
0.050774
0.047049
0.235483
0.042191
0.041086
0.618267
0.784237
0.065345
0.033057
0.084106
0.102064
0.258573
0.376333
0.028413
0.039707
0.119445
0.042112
0.099173
0.082012
0.057509
0.496670
0.132266
0.183705
0.584941
0.212560
0.056550
0.044020
0.134903
0.667681
0.054723
0.055803
0.024273
0.041539
0.060527
0.591297
0.072046
0.123080
0.056326
0.133893
0.140564
0.131845
0.027369
0.261447
0.235410
0.841759
0.320480
0.092481
0.163308
0.162692
0.166498
0.133333
0.112160
0.534950
0.683233
0.094367
0.133739
0.014582
0.019370
0.253030
0.261048
0.117163
0.101394
0.020057
0.102333
0.092059
0.176203
0.138002
0.463956
0.096007
0.273404
0.539037
0.131136
0.053907
0.131031
0.188524
0.580963
0.102321
0.076461
0.126351
0.139976
0.112782
0.528800
0.191402
0.232724
0.151005
0.017169
0.023542
0.091962
0.120871
0.098842
0.953776
0.426518
0.041061
0.028135
0.044185
0.224280
0.029625
0.044727
0.705855
0.818009
0.045017
0.047213
0.106116
0.110666
0.285669
0.444390
0.028441
0.030646
0.146606
0.021394
0.095361
0.041061
0.028565
0.590956
0.137230
0.164044
0.577751
0.235473
0.056311
0.047140
0.083552
0.761640
0.056300
0.043731
0.026307
0.049418
0.051184
0.683490
0.057785
0.091305
0.048171
0.018775
0.113822
0.085370
0.075359
0.937811
0.440792
0.037363
0.028344
0.016436
0.223199
0.014278
0.034166
0.699841
0.790495
0.055698
0.051282
0.110221
0.124137
0.275173
0.431921
0.020271
0.019621
0.160390
0.015757
0.105364
0.027229
0.026947
0.583680
0.134484
0.152202
0.576092
0.248911
0.074340
0.038006
0.102291
0.752439
0.048655
0.053424
0.017087
0.039030
0.057059
0.682777
0.037170
0.062767
0.031084
0.111528
0.082572
0.055158
0.926299
0.402294
0.021863
0.039680
0.035541
0.207230
0.018155
0.025278
0.639616
0.732959
0.035889
0.053339
0.102271
0.120148
0.295155
0.395857
0.024062
0.009732
0.150570
0.017597
0.087213
0.013334
0.014183
0.563014
0.123914
0.149215
0.586310
0.249138
0.070817
0.021105
0.088434
0.696035
0.030293
0.039286
0.025458
0.029934
0.066824
0.639725
0.028764
0.053506
0.017506
0.260165
0.227899
0.856630
0.288869
0.081968
0.113436
0.148773
0.160111
0.119653
0.092246
0.560399
0.716530
0.068350
0.097761
0.027381
0.026726
0.227039
0.290401
0.095129
0.084491
0.036454
0.086672
0.074449
0.164490
0.117985
0.480354
0.099994
0.241102
0.497778
0.112193
0.025189
0.106315
0.133198
0.613779
0.094866
0.056740
0.098259
0.120470
0.081875
0.550279
0.168705
0.221135
0.133904
0.048335
0.904338
0.485525
0.109982
0.112566
0.057293
0.297923
0.075449
0.114336
0.628530
0.695662
0.151633
0.108490
0.231028
0.274734
0.339195
0.463467
0.087455
0.096905
0.303072
0.107700
0.201728
0.066316
0.085670
0.541046
0.194547
0.141740
0.665330
0.352397
0.222974
0.085020
0.184380
0.683054
0.101327
0.162908
0.102005
0.090803
0.153929
0.619701
0.066404
0.051482
0.061971
0.946582
0.438448
0.093824
0.112320
0.052611
0.284074
0.052275
0.079622
0.572393
0.703900
0.124740
0.102004
0.190932
0.235352
0.370970
0.456255
0.064088
0.069690
0.261845
0.084687
0.182674
0.053024
0.062194
0.492336
0.202149
0.154616
0.690725
0.336473
0.191332
0.051721
0.184345
0.622724
0.063636
0.129537
0.091562
0.076592
0.160197
0.573564
0.063661
0.050268
0.031414
0.604250
0.921480
0.878915
0.968000
0.557729
0.981656
0.973323
0.803709
0.231000
0.884061
0.937530
0.878937
0.857667
0.568800
0.506534
0.978327
0.902504
0.897443
0.950626
0.810187
0.918891
0.961648
0.937333
0.698503
0.716133
0.471478
0.594239
0.938016
0.917626
0.743355
0.869694
0.902337
0.930057
0.977985
1.000085
0.880155
0.879615
0.930238
0.836604
0.941725
0.410851
0.395564
0.472075
0.200987
0.450305
0.432717
0.350223
0.354052
0.336344
0.371743
0.320193
0.339893
0.346604
0.204702
0.419384
0.366719
0.339894
0.428533
0.301502
0.434253
0.425892
0.438965
0.240747
0.319619
0.543033
0.243450
0.383284
0.372774
0.325933
0.446245
0.329367
0.397508
0.429880
0.436206
0.380485
0.439309
0.443308
0.423498
0.398421
0.059585
0.051796
0.219894
0.031440
0.021270
0.631740
0.763649
0.030489
0.069096
0.075291
0.090293
0.268745
0.395554
0.036276
0.018923
0.110030
0.015811
0.070455
0.047639
0.021437
0.539165
0.127386
0.200298
0.547839
0.223238
0.049108
0.038167
0.109442
0.686235
0.047172
0.016681
0.035532
0.039457
0.060376
0.617688
0.045880
0.086136
0.035173
0.058333
0.212630
0.054310
0.061635
0.691054
0.741262
0.056101
0.045191
0.134231
0.149948
0.239041
0.419525
0.051647
0.040351
0.177723
0.042874
0.092149
0.056548
0.046842
0.590331
0.142684
0.123902
0.512080
0.218797
0.085910
0.051154
0.063645
0.760951
0.066984
0.065294
0.035974
0.060807
0.059452
0.681101
0.045187
0.073385
0.053462
0.252344
0.015752
0.044067
0.672744
0.795610
0.080408
0.069230
0.125820
0.159646
0.285440
0.441147
0.025643
0.038064
0.184301
0.033002
0.126656
0.037806
0.033922
0.540101
0.147852
0.154497
0.620469
0.270345
0.110497
0.045806
0.141304
0.715910
0.062033
0.074466
0.035353
0.051438
0.071517
0.643518
0.044117
0.059280
0.030987
0.254741
0.264838
0.600591
0.371324
0.172583
0.259086
0.162292
0.164679
0.148037
0.131291
0.254174
0.192280
0.209893
0.223183
0.136080
0.212948
0.245537
0.620752
0.053436
0.156970
0.369982
0.083070
0.211080
0.226318
0.111421
0.678232
0.201182
0.212448
0.262770
0.301045
0.168246
0.647686
0.264600
0.216476
0.245854
0.022858
0.659174
0.807032
0.063621
0.053494
0.102473
0.127310
0.333539
0.445679
0.008811
0.022599
0.152525
0.017520
0.124658
0.031888
0.021852
0.548706
0.147461
0.173115
0.648092
0.278556
0.075639
0.027954
0.135964
0.699774
0.036961
0.054559
0.020016
0.023923
0.082611
0.639579
0.042165
0.074673
0.019244
0.608543
0.797684
0.054986
0.054084
0.086188
0.106951
0.313392
0.415996
0.018580
0.018323
0.125680
0.021408
0.106555
0.058929
0.030645
0.511253
0.168539
0.212622
0.597957
0.251711
0.052625
0.017933
0.143950
0.654584
0.046338
0.030521
0.024974
0.022310
0.088231
0.597810
0.047583
0.101346
0.025843
0.502478
0.605554
0.558273
0.534968
0.594244
0.669791
0.442988
0.608433
0.606070
0.528944
0.684406
0.581286
0.669068
0.632649
0.094358
0.556813
0.596612
0.866208
0.551463
0.649371
0.562683
0.720738
0.035776
0.519959
0.630991
0.641601
0.586246
0.675437
0.046757
0.650176
0.656834
0.577412
0.722136
0.754734
0.699727
0.737771
0.489284
0.273637
0.795810
0.711732
0.738515
0.802797
0.650287
0.720164
0.787727
0.713372
0.493760
0.474141
0.552510
0.470042
0.817684
0.702313
0.586804
0.583547
0.683720
0.783549
0.819685
0.809808
0.748416
0.628104
0.750844
0.640924
0.733479
0.067331
0.075385
0.080018
0.231913
0.348733
0.065981
0.036412
0.102737
0.040782
0.020468
0.058960
0.028546
0.523918
0.099897
0.169842
0.536787
0.191052
0.050878
0.060170
0.074757
0.676045
0.051243
0.018725
0.052146
0.066752
0.030907
0.595018
0.053663
0.088565
0.055692
0.117001
0.134401
0.306664
0.412739
0.033363
0.045895
0.154689
0.061436
0.113942
0.078401
0.053688
0.465297
0.155269
0.145575
0.648497
0.251080
0.088496
0.037013
0.131943
0.623376
0.038784
0.077560
0.031370
0.029887
0.089143
0.547190
0.062221
0.106875
0.042835
0.027453
0.244928
0.275205
0.087459
0.076456
0.017386
0.075750
0.077819
0.142592
0.107143
0.448487
0.087874
0.243734
0.530412
0.129468
0.044860
0.103712
0.169410
0.575209
0.081859
0.059730
0.102618
0.119093
0.095149
0.522077
0.163627
0.195547
0.116706
0.268813
0.297143
0.114937
0.096623
0.037670
0.088935
0.086247
0.164301
0.131494
0.517254
0.110560
0.298525
0.528719
0.150100
0.035181
0.133800
0.176719
0.638367
0.103812
0.067571
0.119504
0.139923
0.103366
0.588486
0.186817
0.227747
0.149435
0.232648
0.323812
0.258690
0.280940
0.276635
0.156229
0.303680
0.294942
0.608944
0.172304
0.221246
0.222072
0.084397
0.288261
0.289863
0.181428
0.777215
0.315316
0.237937
0.315490
0.376055
0.170386
0.674558
0.296315
0.253578
0.311209
0.422745
0.354821
0.309677
0.415263
0.277865
0.410253
0.437076
0.527008
0.186605
0.328996
0.407861
0.161276
0.372956
0.367315
0.330336
0.513574
0.350393
0.379346
0.435674
0.454479
0.356647
0.525675
0.449784
0.406608
0.411425
0.021148
0.134641
0.023466
0.124367
0.046570
0.029945
0.499876
0.144084
0.173360
0.639058
0.254017
0.063816
0.019018
0.141574
0.647645
0.031103
0.053960
0.016427
0.019210
0.084760
0.589761
0.056179
0.095007
0.021896
0.122540
0.013648
0.078816
0.030038
0.023944
0.526213
0.112847
0.154293
0.546655
0.212485
0.058726
0.015947
0.097233
0.670966
0.024486
0.033103
0.021606
0.031579
0.066122
0.614039
0.039419
0.066399
0.019268
0.117401
0.099738
0.197238
0.146683
0.440747
0.125741
0.309370
0.548594
0.155609
0.058998
0.154553
0.209001
0.567018
0.125462
0.082212
0.138158
0.155916
0.121627
0.502416
0.207607
0.261235
0.172359
0.085707
0.039847
0.022931
0.571830
0.134531
0.196616
0.555235
0.228856
0.047809
0.035922
0.110822
0.738581
0.043833
0.027344
0.024517
0.038933
0.061284
0.671114
0.046487
0.081374
0.031168
0.107932
0.075193
0.505173
0.089548
0.177175
0.466655
0.133052
0.082063
0.108395
0.084400
0.661423
0.096748
0.041025
0.107295
0.132090
0.034045
0.569237
0.098362
0.117709
0.107800
0.026403
0.590854
0.129138
0.135692
0.605998
0.283090
0.117470
0.045078
0.100554
0.724486
0.049659
0.072515
0.044848
0.054568
0.077626
0.664655
0.033592
0.037671
0.033302
0.526157
0.144308
0.163827
0.614885
0.262084
0.078414
0.035427
0.108292
0.691372
0.040687
0.030577
0.025181
0.031790
0.053540
0.610443
0.023166
0.056420
0.021681
0.534233
0.572490
0.863830
0.515680
0.551230
0.493334
0.681579
0.115090
0.452841
0.526690
0.524150
0.494986
0.557708
0.046076
0.561195
0.586820
0.492022
0.127681
0.460653
0.108260
0.133300
0.142981
0.098750
0.622025
0.116795
0.134532
0.155848
0.182113
0.094071
0.571520
0.176508
0.154619
0.152692
0.558330
0.220595
0.268589
0.145681
0.093323
0.684412
0.153387
0.217886
0.183960
0.199023
0.156752
0.614341
0.146598
0.105532
0.145534
0.285882
0.532121
0.591643
0.424103
0.941220
0.630947
0.527425
0.619400
0.685561
0.501528
0.899900
0.612169
0.564075
0.629835
0.182994
0.230863
0.160071
0.626817
0.234461
0.188950
0.267358
0.309852
0.166999
0.560295
0.299410
0.286067
0.270396
0.081314
0.129226
0.688652
0.081749
0.031845
0.059533
0.078141
0.072588
0.629222
0.125042
0.190835
0.102535
0.116496
0.622102
0.027572
0.053272
0.031389
0.026256
0.094574
0.569931
0.043590
0.073745
0.016502
0.804061
0.129093
0.104929
0.126710
0.158234
0.073252
0.730855
0.109415
0.111171
0.131222
0.578697
0.691030
0.697128
0.632739
0.742432
0.048409
0.721535
0.734577
0.635158
0.064306
0.037191
0.034686
0.099027
0.532295
0.059520
0.082747
0.024995
0.046235
0.061307
0.040813
0.608477
0.063158
0.112728
0.059264
0.016313
0.067710
0.622954
0.038844
0.091640
0.032223
0.105572
0.572379
0.037682
0.099654
0.024253
0.639963
0.075657
0.101431
0.093111
0.639794
0.661539
0.577211
0.034189
0.027105
0.049592
