0.043549
0.067292
0.097570
0.122870
0.110018
0.145246
0.040448
0.149101
0.704255
0.179811
0.124692
0.126123
0.117558
0.049256
0.238331
0.173620
0.286583
0.743959
0.505316
0.348282
0.537929
0.681479
0.307328
0.068527
0.552823
0.224020
0.047650
0.169976
0.100680
0.293973
0.080256
0.073869
0.058012
0.377708
0.707855
0.140934
0.096632
0.658496
0.386962
0.059543
0.119463
0.164212
0.041571
0.095984
0.153368
0.108719
0.131889
0.074566
0.069155
0.124227
0.159329
0.217861
0.199725
0.221367
0.057649
0.147091
0.636108
0.195904
0.221583
0.218438
0.174195
0.090283
0.224854
0.082462
0.266346
0.669701
0.439782
0.332579
0.490325
0.618873
0.215551
0.067361
0.487706
0.301549
0.077716
0.072962
0.054087
0.182057
0.150457
0.145723
0.007943
0.287283
0.658555
0.185235
0.182597
0.608257
0.324801
0.127282
0.201089
0.103330
0.034152
0.157081
0.225061
0.165434
0.185016
0.151509
0.141565
0.059634
0.073620
0.033425
0.047042
0.065386
0.106281
0.721604
0.102437
0.056334
0.052841
0.044519
0.045563
0.198546
0.229057
0.216853
0.761899
0.583605
0.272114
0.618806
0.731970
0.312139
0.101062
0.659741
0.105365
0.028463
0.291222
0.202620
0.437317
0.027661
0.029101
0.135569
0.362362
0.712114
0.066724
0.032830
0.655047
0.476666
0.037596
0.050458
0.275152
0.103410
0.027701
0.056858
0.044029
0.052707
0.030587
0.032923
0.105623
0.052770
0.062309
0.092635
0.213337
0.740172
0.202542
0.058644
0.050580
0.127382
0.101048
0.302182
0.270824
0.352560
0.755496
0.512815
0.390876
0.550238
0.733902
0.401542
0.079347
0.583395
0.101078
0.085348
0.299605
0.210897
0.441444
0.065562
0.027011
0.180134
0.465901
0.750926
0.126582
0.025770
0.717942
0.415210
0.053059
0.041021
0.247569
0.140811
0.033418
0.035414
0.066101
0.055252
0.028622
0.019313
0.036232
0.052855
0.143465
0.185930
0.758321
0.135558
0.031850
0.032560
0.085976
0.075078
0.258506
0.357364
0.262583
0.792675
0.642916
0.339259
0.661837
0.742015
0.406945
0.206515
0.703668
0.122940
0.081926
0.390780
0.310600
0.502903
0.068598
0.054028
0.231451
0.434810
0.741630
0.063840
0.064950
0.678042
0.551448
0.048179
0.048275
0.380677
0.202067
0.057228
0.078463
0.050248
0.064724
0.065633
0.067864
0.014798
0.119239
0.167094
0.760859
0.130128
0.010527
0.009782
0.061562
0.070404
0.246721
0.319049
0.260402
0.794220
0.616667
0.326713
0.638594
0.762525
0.391777
0.156642
0.690049
0.066709
0.063564
0.375657
0.278991
0.509618
0.028510
0.024676
0.214375
0.426793
0.746788
0.065345
0.017643
0.691376
0.519832
0.035642
0.017540
0.343627
0.164243
0.019074
0.028208
0.038774
0.030397
0.030598
0.029433
0.143199
0.158595
0.702278
0.129132
0.028652
0.017135
0.076379
0.093450
0.248715
0.315242
0.266152
0.742351
0.584371
0.297304
0.621726
0.720349
0.389027
0.185605
0.659647
0.063025
0.079471
0.380312
0.288559
0.511317
0.052683
0.040486
0.236166
0.416190
0.701365
0.075616
0.036862
0.650553
0.492801
0.053080
0.037639
0.355549
0.201970
0.025415
0.028118
0.045435
0.018392
0.040853
0.049554
0.126797
0.746254
0.132729
0.137714
0.137331
0.103024
0.038890
0.192299
0.175267
0.264803
0.785916
0.565806
0.334718
0.612600
0.739376
0.259708
0.033434
0.629257
0.236405
0.034848
0.203322
0.146669
0.363035
0.092717
0.072380
0.070680
0.327320
0.732390
0.098540
0.100464
0.694297
0.446197
0.057292
0.110556
0.198615
0.070249
0.085079
0.134620
0.071840
0.121918
0.074985
0.059418
0.480216
0.053318
0.195460
0.180530
0.065862
0.116111
0.088501
0.190363
0.108865
0.528645
0.577428
0.080328
0.641138
0.528973
0.156264
0.205232
0.633455
0.218910
0.116732
0.282115
0.218517
0.378986
0.148287
0.156093
0.165607
0.195380
0.446402
0.125748
0.194734
0.384204
0.475839
0.168761
0.210535
0.315955
0.180079
0.141379
0.218411
0.159294
0.151308
0.177838
0.169881
0.613433
0.762369
0.721861
0.678931
0.732293
0.534857
0.511625
0.563228
0.035535
0.412502
0.314785
0.493047
0.163868
0.456278
0.792147
0.389532
0.672287
0.756520
0.555783
0.518278
0.462562
0.791013
0.762548
0.668338
0.466726
0.078891
0.792215
0.803551
0.111671
0.418317
0.765994
0.824781
0.600489
0.734915
0.733075
0.801558
0.797561
0.672491
0.761218
0.766802
0.145676
0.144124
0.057213
0.092759
0.057983
0.259961
0.071031
0.661473
0.720050
0.135532
0.775751
0.626884
0.162843
0.222952
0.780739
0.220123
0.107631
0.381464
0.315470
0.484728
0.138207
0.135621
0.215084
0.167891
0.574634
0.053690
0.172549
0.485983
0.617309
0.135963
0.159322
0.416105
0.225651
0.110475
0.181830
0.097514
0.116973
0.162781
0.139685
0.004379
0.076658
0.085023
0.261886
0.346482
0.279445
0.792522
0.625362
0.349588
0.642251
0.751050
0.412515
0.177714
0.693037
0.066656
0.083895
0.399593
0.297936
0.525228
0.049051
0.031743
0.239874
0.445793
0.746605
0.077592
0.027608
0.688203
0.529673
0.040713
0.015358
0.367470
0.184828
0.026385
0.035443
0.046456
0.034077
0.043849
0.035775
0.076060
0.089151
0.259837
0.336418
0.281776
0.754506
0.590351
0.325558
0.615275
0.724556
0.408428
0.177104
0.658475
0.056282
0.085212
0.385886
0.285803
0.509953
0.050074
0.028038
0.238596
0.442783
0.712037
0.080752
0.027260
0.658591
0.494917
0.042606
0.019697
0.352896
0.191180
0.023376
0.030666
0.045595
0.024468
0.037655
0.035625
0.070579
0.146526
0.267697
0.133485
0.715402
0.664549
0.187581
0.697877
0.698048
0.275180
0.167832
0.733842
0.117707
0.067936
0.357357
0.274802
0.485527
0.051804
0.067852
0.189120
0.313906
0.635334
0.055612
0.085067
0.566971
0.561363
0.087642
0.086561
0.353995
0.149921
0.063304
0.106128
0.080031
0.087293
0.099131
0.077365
0.161516
0.187280
0.205508
0.782988
0.593477
0.303395
0.624462
0.712590
0.256703
0.094712
0.656119
0.192401
0.019021
0.246360
0.174659
0.387641
0.058874
0.061883
0.098381
0.297752
0.725281
0.057621
0.075676
0.670591
0.484617
0.032203
0.080844
0.246264
0.089761
0.066005
0.108387
0.046888
0.088436
0.066077
0.052889
0.250717
0.085766
0.594477
0.701340
0.130616
0.758321
0.538918
0.078592
0.281065
0.745384
0.330357
0.199647
0.377376
0.314663
0.445426
0.248630
0.237272
0.251039
0.080533
0.492818
0.168672
0.283048
0.396871
0.606747
0.241121
0.286694
0.424515
0.278503
0.222396
0.312093
0.213138
0.222816
0.273241
0.236424
0.283663
0.552667
0.337088
0.325298
0.401296
0.510128
0.157571
0.180136
0.390433
0.387391
0.178447
0.069432
0.059810
0.159582
0.254865
0.285818
0.074079
0.225744
0.588638
0.294811
0.303416
0.543686
0.265376
0.253657
0.323885
0.105848
0.134350
0.269089
0.323177
0.283819
0.288563
0.283612
0.268784
0.603113
0.786728
0.128273
0.835214
0.568782
0.129074
0.350431
0.838423
0.330462
0.219136
0.434234
0.385404
0.487425
0.243325
0.274229
0.277451
0.120697
0.537064
0.162755
0.310403
0.423941
0.699684
0.289690
0.303618
0.496925
0.297976
0.247031
0.329093
0.249406
0.254669
0.324480
0.285623
0.420690
0.355156
0.498069
0.160803
0.497455
0.807150
0.398304
0.684011
0.796196
0.585277
0.568910
0.480872
0.814398
0.788414
0.699078
0.513209
0.094531
0.824276
0.827823
0.139838
0.440867
0.808971
0.844464
0.621915
0.754369
0.757626
0.821776
0.835828
0.706129
0.797536
0.797205
0.620989
0.025195
0.526516
0.591592
0.524107
0.019574
0.554274
0.577188
0.251295
0.275885
0.254952
0.591908
0.596375
0.439473
0.662996
0.510405
0.730790
0.594752
0.577220
0.035588
0.576844
0.625864
0.203789
0.481895
0.594206
0.586542
0.646926
0.569248
0.559219
0.588491
0.687269
0.414595
0.184419
0.422654
0.658761
0.320293
0.319166
0.445504
0.381787
0.475347
0.328698
0.329384
0.363649
0.196490
0.267027
0.282638
0.377449
0.204566
0.548443
0.367141
0.393327
0.480072
0.384475
0.308395
0.390421
0.338461
0.289645
0.368145
0.354060
0.598798
0.661205
0.566195
0.041746
0.567769
0.613448
0.304652
0.326603
0.306340
0.609102
0.628497
0.486784
0.732017
0.571737
0.771989
0.616093
0.639377
0.076596
0.605566
0.647973
0.233610
0.505195
0.635613
0.613402
0.686281
0.614023
0.594843
0.620347
0.444993
0.774313
0.491738
0.705881
0.742055
0.559690
0.520109
0.426494
0.787468
0.742760
0.648538
0.455662
0.242784
0.773944
0.790716
0.184490
0.512895
0.754022
0.810957
0.644764
0.710418
0.724581
0.802969
0.786211
0.669871
0.761298
0.756474
0.317582
0.633891
0.467433
0.281349
0.287006
0.271141
0.326429
0.362817
0.369124
0.227349
0.021697
0.453858
0.288197
0.414925
0.360210
0.517187
0.359118
0.415851
0.355584
0.305835
0.340844
0.435031
0.337385
0.345925
0.399416
0.361166
0.589167
0.250690
0.075714
0.185058
0.141808
0.346022
0.119517
0.092023
0.078006
0.401768
0.784844
0.162801
0.108897
0.757451
0.416481
0.095663
0.130456
0.162631
0.064419
0.112140
0.141397
0.117729
0.159004
0.097694
0.077119
0.633098
0.650844
0.279341
0.310285
0.251667
0.672727
0.664583
0.493090
0.701146
0.489842
0.804690
0.669917
0.559253
0.053582
0.642007
0.705830
0.244036
0.540342
0.669546
0.672024
0.723032
0.640255
0.629186
0.655575
0.168383
0.444066
0.344887
0.558085
0.093467
0.087437
0.319580
0.505381
0.648844
0.165323
0.079146
0.625424
0.477337
0.136063
0.080292
0.397976
0.245830
0.077976
0.068073
0.138942
0.071551
0.109588
0.113398
0.230016
0.169173
0.386771
0.042378
0.050745
0.077641
0.331045
0.753165
0.056145
0.061453
0.700515
0.470322
0.029234
0.065879
0.231523
0.067810
0.046238
0.082553
0.039874
0.073220
0.052313
0.049583
0.042730
0.066435
0.313771
0.319967
0.068028
0.368730
0.624041
0.380846
0.351554
0.602970
0.172815
0.286652
0.376651
0.038829
0.132182
0.328859
0.380853
0.345973
0.344958
0.310484
0.311700
0.123224
0.233900
0.232555
0.062353
0.357304
0.590299
0.324108
0.253106
0.561123
0.184478
0.204849
0.289466
0.058707
0.091760
0.243441
0.297626
0.272245
0.259717
0.216788
0.218254
0.463001
0.457308
0.183896
0.394646
0.548639
0.520051
0.498650
0.515370
0.192952
0.441805
0.528782
0.136633
0.266045
0.468122
0.537548
0.501879
0.468480
0.460830
0.459422
0.036631
0.154681
0.412995
0.773377
0.069155
0.031755
0.722824
0.493866
0.047322
0.036807
0.276373
0.104952
0.037423
0.051026
0.058462
0.068582
0.048716
0.040200
0.167036
0.420795
0.744655
0.068037
0.016684
0.694776
0.483541
0.030918
0.026198
0.292911
0.123360
0.014140
0.039938
0.036194
0.035640
0.019614
0.013815
0.299386
0.696053
0.194142
0.196039
0.648075
0.334467
0.139755
0.211188
0.100625
0.035078
0.172633
0.232750
0.178751
0.205711
0.169931
0.161277
0.463179
0.305309
0.468852
0.362004
0.596003
0.401763
0.458828
0.450475
0.380254
0.382664
0.478624
0.368334
0.371590
0.450859
0.414995
0.759357
0.793988
0.073515
0.503558
0.758462
0.805812
0.653055
0.735615
0.720322
0.795828
0.780521
0.672244
0.758313
0.759297
0.091467
0.686908
0.621725
0.067797
0.066897
0.392897
0.186808
0.052129
0.093128
0.027386
0.073061
0.092862
0.078200
0.751082
0.497417
0.038426
0.020232
0.307093
0.141365
0.022882
0.021519
0.047894
0.049196
0.022248
0.018303
0.557840
0.719732
0.758040
0.664443
0.694941
0.668122
0.752627
0.724471
0.617811
0.724649
0.715067
0.470587
0.530399
0.138146
0.376140
0.490222
0.501898
0.538916
0.465020
0.452463
0.481817
0.032447
0.265521
0.108968
0.032749
0.054590
0.026007
0.049094
0.021246
0.021575
0.337870
0.161841
0.019392
0.018523
0.031742
0.040900
0.034199
0.025054
0.133938
0.310762
0.335687
0.334540
0.332461
0.276158
0.272671
0.139919
0.187472
0.163356
0.179039
0.134123
0.120301
0.028542
0.026189
0.019935
0.024819
0.021784
0.045161
0.037408
0.040715
0.038526
0.039519
0.038137
0.035557
0.041680
0.046337
0.016044
