0.863886
0.859419
0.881841
0.906118
0.883116
0.962930
0.873063
0.991261
0.894204
1.042545
0.916761
0.996432
0.958318
0.834996
1.011616
0.803168
0.867547
0.961279
0.945604
0.939359
1.004848
1.027170
0.856499
0.971107
0.781940
0.981348
0.972892
0.899166
1.027490
0.957951
1.015779
0.939814
0.685537
1.017279
0.861202
0.974174
1.014182
0.895871
1.002009
1.001700
0.990892
1.009411
1.013843
1.043460
0.915091
0.955231
0.908480
0.966143
1.064482
0.833360
0.910496
0.914591
0.820082
0.905052
0.740813
0.760595
0.741480
0.844125
0.868014
0.795833
0.856298
0.795019
0.825184
0.775598
0.759783
0.918176
0.854866
0.769720
0.802873
0.730349
0.989018
0.812380
0.842397
0.670265
0.775976
0.850054
0.878455
0.746404
0.838166
0.766464
0.883785
0.851721
0.620885
0.793181
0.847160
0.881490
0.866374
0.785357
0.881349
0.815304
0.774814
0.842305
0.870486
0.800559
0.810807
0.811142
0.815127
1.022326
0.843646
0.870278
0.690994
0.759988
0.787846
0.796058
0.790497
0.493107
0.847688
0.513667
0.608906
0.717836
0.687806
0.674181
0.908391
0.772072
0.863937
0.757705
0.866197
1.016653
0.814313
0.826301
0.913659
0.651618
0.672616
0.929264
0.746567
0.774143
0.848897
0.876809
0.823718
0.578498
0.872053
0.867245
0.834832
0.815052
0.759875
0.897650
0.929179
0.871141
0.704630
0.892106
0.838339
0.942962
0.866804
0.809918
0.996094
0.913713
0.957371
0.889230
0.902199
0.935946
0.979245
0.973692
0.977017
0.991523
0.993297
0.918909
0.965276
0.843750
0.744297
0.981645
0.978054
1.024210
0.940571
0.861537
0.843516
0.935618
0.924077
0.894921
0.914427
0.768879
0.919942
0.949291
0.872313
0.808438
1.009643
0.863743
0.978311
0.841105
0.987174
0.990604
0.831613
0.831170
1.010647
0.752307
0.954529
0.730245
0.913086
0.901909
0.887079
1.006519
0.732252
0.939986
0.623588
0.828777
0.575157
0.590067
0.751797
0.722540
0.679809
0.591631
0.626949
0.578607
0.636372
0.888565
0.412966
0.655412
0.572889
0.690621
0.760550
0.613919
0.448742
0.699898
0.637468
0.742841
0.775301
0.748524
0.548662
0.645535
0.786764
0.716422
0.577576
0.618976
0.676060
0.440965
0.848422
0.721892
0.718274
0.723658
0.616794
0.798426
0.824363
0.740186
0.790454
0.620975
0.680675
0.841676
0.814563
0.795557
0.603933
0.750956
0.791978
0.864600
0.892247
0.773077
0.685550
0.719230
0.561682
0.969536
0.737834
0.612079
0.726184
0.690987
0.779052
0.672703
0.584140
0.814893
0.685978
0.699088
0.696719
0.769418
0.702641
0.794105
0.906457
0.760862
0.764963
0.726986
0.813490
0.628697
0.873110
0.836701
0.867646
0.823729
0.724822
0.824324
0.889060
0.784025
0.752144
0.777568
0.775592
0.936284
0.760092
0.886114
0.880274
0.614234
0.905423
0.673289
0.466777
0.763085
0.890677
0.728894
0.894327
0.852494
0.907693
0.797822
0.863706
0.950392
0.729135
0.845329
0.923808
0.762794
0.503022
0.888626
0.486761
0.680097
0.751007
0.845726
0.712705
0.803440
0.714484
0.765069
0.840697
0.789251
0.650798
0.743458
0.950454
0.819186
0.811757
0.853230
0.876902
0.847763
0.885621
0.853414
0.782968
0.627133
0.607744
0.697285
0.639703
0.609724
0.731917
0.734909
0.608197
0.736192
0.833310
0.461339
0.681651
0.727522
0.654802
0.676762
0.782030
0.641610
0.752485
0.699105
0.734238
0.786900
0.829115
0.630461
0.646884
0.849811
0.735531
0.489420
0.646854
0.584968
0.590942
0.717511
0.790643
0.712629
0.760789
0.614701
0.681007
0.891301
0.649412
0.814157
0.590766
0.673480
0.670687
0.336326
0.661444
0.612202
0.471989
0.661984
0.647993
0.630873
0.613357
0.861884
0.570853
0.766938
0.561813
0.633862
0.920284
0.638035
0.766115
0.690883
0.567771
0.645259
0.798837
0.611968
0.562656
0.546070
0.977012
0.683094
0.620540
0.564232
0.489826
0.698635
0.587326
0.535696
0.603677
0.624920
0.424726
0.439927
0.949929
0.562273
0.789719
0.488662
0.472156
0.562537
0.657403
0.518362
0.575622
0.701083
0.532756
0.616784
0.440554
0.971891
0.499860
0.546840
0.640182
0.606648
0.815782
0.699547
0.632817
0.714898
0.515423
0.597208
0.758208
0.772318
0.484012
0.545487
0.921381
0.628062
0.600233
0.605900
0.581440
0.598525
0.642403
0.723525
0.618240
0.640137
0.465056
0.678807
0.788177
0.471475
0.725461
0.596007
0.570793
0.587625
0.633818
0.439028
0.641676
0.607969
0.665750
0.620478
0.940460
0.333723
0.688904
0.534831
0.612387
0.841524
0.629460
0.552355
0.768006
0.598869
0.659467
0.702881
0.709285
0.433647
0.518547
0.984373
0.500707
0.571563
0.472243
0.482356
0.492569
0.633621
0.709836
0.536607
0.606477
0.429919
0.535527
0.929663
0.547926
0.756950
0.328127
0.294619
0.764518
0.357061
0.479353
0.633486
0.649706
0.560843
0.996938
0.605436
0.813325
0.664523
0.720950
0.900186
0.652962
0.641708
0.885046
0.540262
0.477961
0.808449
0.526497
0.530684
0.614831
0.910887
0.593719
0.502535
0.698983
0.658338
0.657224
0.722658
0.686189
0.706873
0.826428
0.676145
0.635945
0.820855
0.697428
0.842868
0.718852
0.686347
0.564398
0.769980
0.660949
0.685782
0.647096
0.943549
0.497515
0.566129
0.609395
0.585917
0.922525
0.743793
0.772277
0.599923
0.635126
0.704879
0.857363
0.781692
0.492276
0.501599
0.933795
0.690437
0.668058
0.539769
0.544074
0.584636
0.674351
0.698088
0.684025
0.536635
0.517164
0.609460
0.912534
0.549501
0.696323
0.593369
0.632150
0.604310
0.577753
0.646734
0.554752
0.989883
0.417393
0.786871
0.583003
0.544646
0.933343
0.695423
0.709992
0.746845
0.505615
0.497478
0.857743
0.556910
0.420238
0.548376
0.930565
0.603034
0.451764
0.588286
0.371535
0.634356
0.520956
0.532567
0.546862
0.660053
0.400909
0.445821
0.850765
0.533835
0.786800
0.555535
0.507641
0.655821
0.579870
0.579681
0.917500
0.429091
0.730966
0.645492
0.770069
0.895694
0.662369
0.510752
0.731555
0.608503
0.544935
0.816668
0.555528
0.553311
0.648335
0.829101
0.643540
0.529996
0.626973
0.715995
0.507135
0.810241
0.614861
0.715776
0.783766
0.707832
0.784033
0.850722
0.791594
0.771807
0.719350
0.735103
0.605236
0.448726
0.935167
0.572654
0.775641
0.535838
0.688080
0.846771
0.547964
0.625087
0.723786
0.502476
0.549822
0.744821
0.632802
0.498369
0.636405
0.891841
0.723768
0.515042
0.605854
0.557749
0.706377
0.699912
0.570620
0.717935
0.825142
0.554024
0.533302
0.829571
0.503537
0.808766
0.672872
0.634041
0.551195
0.882645
0.496604
0.681222
0.706662
0.697059
0.766613
0.674869
0.497870
0.775299
0.634050
0.705521
0.832427
0.715120
0.644905
0.688324
0.929225
0.801267
0.442307
0.767895
0.712361
0.589932
0.835673
0.706666
0.722335
0.730316
0.690823
0.665683
0.889360
0.649468
0.783770
0.690194
0.696404
0.950245
0.578319
0.660297
0.580347
0.610312
0.801855
0.556988
0.528697
0.656547
0.368380
0.561071
0.631916
0.580421
0.465190
0.572521
0.822049
0.666143
0.494314
0.575340
0.590912
0.577459
0.736562
0.550501
0.649616
0.702525
0.505325
0.646319
0.700548
0.572698
0.698275
0.630761
0.614111
0.897084
0.963473
0.911366
1.011113
0.910755
0.803538
0.870810
0.976300
0.935832
0.811026
0.848824
0.845145
0.893296
0.772511
0.822940
1.024169
0.889412
0.876240
0.799449
0.900432
0.866525
0.743122
0.805540
0.955112
0.830835
0.911112
0.904344
0.978661
0.951062
0.951631
0.963561
0.537256
0.562054
0.541695
0.786367
0.631723
0.442466
0.674032
0.558750
0.666358
0.680235
0.700604
0.376082
0.467140
0.873150
0.551135
0.467078
0.512073
0.421401
0.304731
0.668784
0.643350
0.532188
0.625030
0.405975
0.560668
0.871354
0.506334
0.648647
0.438654
0.473101
0.768236
0.614577
0.826344
0.758772
0.666027
0.790974
0.741276
0.783701
0.729018
0.826816
0.613617
0.617926
0.912960
0.786688
0.731165
0.669512
0.740108
0.566499
0.850405
0.800020
0.805850
0.726260
0.664225
0.779767
0.851974
0.706010
0.664189
0.616468
0.715808
0.533814
0.844298
0.432443
0.612575
0.524660
0.382295
0.598940
0.724739
0.624107
0.459775
0.567025
0.984835
0.542020
0.604767
0.427661
0.510766
0.610915
0.690741
0.514940
0.710206
0.529698
0.540347
0.583348
0.945127
0.631144
0.775778
0.630579
0.482379
0.719153
0.626543
0.707875
0.450971
0.486558
0.733223
0.738478
0.653131
0.468553
0.598367
0.967954
0.661394
0.577186
0.543557
0.555845
0.685383
0.716325
0.629476
0.625799
0.517372
0.529728
0.550328
0.818937
0.611895
0.526868
0.647525
0.579905
0.808900
0.690392
0.878950
0.790522
0.855299
0.872738
0.844370
0.839029
0.903966
0.793591
0.936599
0.761734
0.841850
0.779691
0.852107
0.916117
0.915145
0.871189
0.895372
0.840228
0.858090
0.886339
0.900706
0.748403
0.834786
0.843446
0.536209
0.697579
0.455840
0.608260
0.604065
0.503783
0.493167
0.564268
0.924014
0.640865
0.664597
0.558129
0.523516
0.645801
0.818267
0.572611
0.658747
0.711769
0.595340
0.644086
0.862192
0.730338
0.757563
0.702418
0.634857
0.755893
0.602474
0.649195
0.751775
0.639900
0.506655
0.590190
0.827117
0.637797
0.582968
0.540132
0.639689
0.307286
0.870420
0.725755
0.603087
0.660926
0.579014
0.756157
0.850928
0.717643
0.754204
0.670845
0.693715
0.575135
0.833525
0.869155
0.740944
0.588891
0.684833
0.922373
0.687981
0.655583
0.592024
0.636819
0.732550
0.772551
0.585720
0.716284
0.461314
0.628960
0.740363
0.856441
0.767618
0.730642
0.764231
0.743266
0.569897
0.688705
0.609639
0.431757
0.531844
0.906888
0.616771
0.501730
0.563438
0.490656
0.673483
0.712536
0.514383
0.659941
0.690439
0.493774
0.577292
0.739130
0.633197
0.740497
0.677238
0.547510
0.803256
0.533526
0.535228
0.643949
0.898059
0.664584
0.620733
0.633328
0.490616
0.670127
0.626924
0.562525
0.600170
0.789630
0.529305
0.601720
0.894972
0.660036
0.835851
0.706550
0.727457
0.770215
0.751162
0.732536
0.916286
0.775804
0.798703
0.807513
0.705173
0.778396
0.891987
0.829437
0.712981
0.885953
0.635807
0.787817
0.801387
0.767938
0.864783
0.711496
0.718453
0.583633
0.651402
0.836043
0.705203
0.610097
0.569823
0.577168
0.704051
0.670193
0.451303
0.583690
0.706526
0.596532
0.572859
0.819129
0.758198
0.796275
0.780236
0.758847
0.419085
0.955268
0.462621
0.528394
0.305273
0.395962
0.467863
0.587479
0.477798
0.507172
0.499739
0.403159
0.551715
0.829344
0.483774
0.641487
0.534446
0.495193
0.922554
0.523821
0.644414
0.466094
0.479520
0.505244
0.670726
0.631757
0.510539
0.498144
0.430571
0.688989
0.814404
0.464765
0.685202
0.520322
0.549698
0.996990
0.841883
0.910767
0.912454
0.883190
0.963303
0.850661
0.899581
1.037088
0.871986
0.967455
0.760729
1.007708
0.790664
0.899665
0.994346
0.768323
0.517510
0.593111
0.547520
0.696453
0.802819
0.618305
0.557686
0.593915
0.731147
0.999225
0.645842
0.780072
0.694239
0.658060
0.627676
0.562915
0.660178
0.744153
0.537606
0.714199
0.756889
0.562657
0.571060
0.758548
0.677986
0.801399
0.599020
0.616161
0.501192
0.472878
0.555354
0.558362
0.591552
0.415757
0.494095
0.598657
0.924442
0.642080
0.648663
0.530478
0.522743
0.656955
0.491613
0.448824
0.431042
0.642461
0.254425
0.466988
0.898757
0.502236
0.787278
0.506716
0.564893
0.817945
0.747108
0.672746
0.518901
0.587264
0.787174
0.905623
0.667196
0.688553
0.629298
0.615614
0.611495
0.599051
0.676338
0.574681
0.540340
0.905951
0.557254
0.822219
0.657140
0.650778
0.562843
0.673237
0.511053
0.606632
0.799682
0.692916
0.800795
0.666376
0.724643
0.621259
0.407627
0.657120
0.811749
0.516069
0.794309
0.593786
0.652066
0.606554
0.758244
0.935794
0.656084
0.718320
0.665386
0.577577
0.460795
0.828296
0.425728
0.746047
0.460248
0.512489
0.945065
0.575645
0.769961
0.584212
0.545750
0.929946
0.810313
0.870771
0.861502
0.769795
0.544771
0.540573
0.654301
0.775332
0.455199
