0.726105
0.795350
0.882433
0.379080
0.803275
0.745715
0.703916
0.753533
0.677952
0.686216
0.709279
0.502125
0.680007
0.616575
0.509556
0.636783
0.901306
0.680876
0.736170
0.630934
0.727746
0.822411
0.895781
0.691876
0.634977
0.659734
0.540878
0.692486
0.831481
0.632524
0.626425
0.655869
0.675967
0.631412
0.521300
0.683648
0.595808
0.664717
0.691007
0.623945
0.678842
0.896231
0.714088
0.705920
0.716974
0.823351
0.665622
0.881301
0.709524
0.810628
0.986324
0.733042
0.738027
0.681377
0.884131
0.837829
0.779189
0.743854
0.797417
0.704361
0.785461
0.819793
0.829627
0.869250
0.924718
0.905685
0.807748
0.820886
0.756912
0.905178
0.885392
0.860392
0.685244
0.626053
0.764358
0.899795
0.932745
0.801612
0.855276
0.760838
0.821166
0.829634
0.792222
0.877855
0.828687
0.904151
0.769996
0.863062
0.821497
0.930691
0.836690
0.755724
0.799450
0.807929
0.808487
0.635714
0.878630
0.948438
0.779163
0.970057
0.708102
0.692427
0.854618
0.630381
0.671442
0.903751
0.829075
0.862076
0.814071
0.776764
0.812413
0.894480
0.753000
0.802686
0.668253
0.913218
0.874654
0.670136
0.750564
0.800629
0.743698
0.805799
0.809119
0.881478
0.675456
0.814918
0.701466
0.749314
0.783064
0.733287
0.691495
0.876964
0.881458
0.621814
0.818659
0.809577
0.573682
0.791589
0.814014
0.977511
0.675484
0.804463
0.911714
0.739547
0.880038
1.018584
0.922595
0.868116
0.960807
0.949439
0.961312
0.957277
0.854819
0.745193
0.917144
0.935578
1.006911
0.889526
0.946750
1.002674
0.905639
0.940936
0.876089
1.004155
0.976405
0.924631
0.892328
0.900335
0.960400
0.967943
0.725514
0.983320
0.975989
0.958193
0.868177
0.941464
0.898384
0.829568
0.937842
0.893872
0.912705
0.895921
0.904886
0.933410
0.982706
0.990096
0.963655
0.937955
0.967725
0.995409
0.829820
0.749807
0.730754
0.702649
0.752947
0.778252
0.751167
0.560922
0.729084
0.759689
0.611717
0.688747
0.869502
0.729459
0.832967
0.651553
0.787248
0.811723
0.928207
0.754870
0.600064
0.646479
0.600986
0.658271
0.810747
0.632279
0.750915
0.722842
0.748381
0.666541
0.667424
0.644404
0.746027
0.735045
0.755729
0.710682
0.540691
0.917594
0.776640
0.658384
0.821024
0.873262
0.700232
0.840814
0.748233
0.935731
0.710416
0.617649
0.702204
0.685171
0.839714
0.781134
0.802661
0.776151
0.704069
0.697426
0.689463
0.882337
0.921675
0.831081
0.670187
0.804069
0.788947
0.603883
0.852533
0.846678
0.825720
0.767583
0.741053
0.823468
0.694808
0.782178
0.638089
0.709247
0.656211
0.682226
0.865404
0.793823
0.714565
0.689927
0.931408
0.894668
0.738435
0.669590
0.850253
0.737230
0.727916
0.849373
0.737364
0.716757
0.773359
0.742966
0.767301
0.910954
0.838009
0.906976
0.840736
0.816165
0.807406
0.939824
0.767275
0.853729
0.699366
0.770233
0.813294
0.804071
0.848510
0.535012
0.723611
0.719831
0.860519
0.864873
0.701351
0.840472
0.779814
0.770424
0.752417
0.767472
0.823813
0.758575
0.816683
0.586966
0.783704
0.891389
0.813024
0.829282
0.817513
0.903639
0.719140
0.839583
0.887263
0.836428
0.477585
0.469615
0.527317
0.763224
0.689268
0.731597
0.659077
0.514646
0.449167
0.656450
0.499793
0.740011
0.479436
0.555166
0.654589
0.592997
0.459341
0.758345
0.757783
0.568181
0.507789
0.572876
0.524089
0.532806
0.672912
0.403183
0.540982
0.361825
0.359945
0.635761
0.630899
0.572271
0.309483
0.865030
0.496941
0.446679
0.546620
0.774264
0.566553
0.621018
0.911166
0.324507
0.538545
0.644455
0.714159
0.672890
0.754668
0.771849
0.552424
0.386313
0.551520
0.689056
0.722839
0.569495
0.506592
0.687255
0.705234
0.539108
0.698181
0.678698
0.559357
0.590317
0.633881
0.653726
0.576700
0.715111
0.539079
0.608182
0.439173
0.414871
0.766381
0.713120
0.711312
0.440744
0.787886
0.779809
0.453281
0.443861
0.714165
0.669200
0.599704
0.823180
0.547801
0.227226
0.699583
0.711344
0.779702
0.843973
0.414344
0.535562
0.763420
0.669852
0.776535
0.527943
0.568912
0.783533
0.772516
0.357346
0.783172
0.876492
0.547318
0.474075
0.533339
0.632715
0.547860
0.559897
0.394738
0.724320
0.415085
0.457444
0.736976
0.643268
0.586234
0.525461
0.904031
0.728760
0.371042
0.492624
0.688226
0.593455
0.510700
0.913786
0.381898
0.791938
0.747332
0.744103
0.790009
0.409585
0.559260
0.742888
0.583789
0.778986
0.547577
0.591343
0.759671
0.753854
0.344004
0.808208
0.805551
0.643111
0.467443
0.613271
0.617913
0.541099
0.517610
0.379494
0.625414
0.402360
0.496228
0.749405
0.739794
0.590724
0.563865
0.962174
0.696128
0.437108
0.534863
0.806087
0.635727
0.571425
0.900765
0.455222
0.539569
0.652523
0.684277
0.711985
0.684620
0.812785
0.754593
0.797695
0.709411
0.762164
0.810079
0.818649
0.745095
0.762481
0.823217
0.661742
0.678335
0.813230
0.655317
0.750287
0.769845
0.717847
0.715253
0.707281
0.665044
0.770582
0.684193
0.791731
0.743006
0.855652
0.926132
0.670032
0.708179
0.315823
0.854931
0.749903
0.762793
0.700506
0.479523
0.531082
0.561470
0.604218
0.717151
0.586942
0.696158
0.564244
0.710990
0.792915
0.855882
0.699634
0.621574
0.680996
0.583104
0.560048
0.831703
0.563997
0.537146
0.685952
0.664056
0.548298
0.527964
0.586621
0.730184
0.703888
0.709773
0.613768
0.709208
0.909724
0.700486
0.580581
0.680350
0.826637
0.638450
0.836588
0.654248
0.468045
0.784243
0.676745
0.736394
0.725643
0.844105
0.714638
0.674715
0.896125
0.865270
0.757706
0.764935
0.802336
0.723796
0.703244
0.775263
0.584349
0.609756
0.788181
0.683463
0.642118
0.686337
0.595378
0.747149
0.825020
0.768485
0.714605
0.864508
0.878732
0.743886
0.685085
0.851207
0.860454
0.683145
0.801387
0.705948
0.739856
0.691647
0.787191
0.511908
0.754755
0.659085
0.666956
0.720848
0.830545
0.713509
0.775920
0.715980
0.748143
0.710971
0.841536
0.583974
0.578633
0.799176
0.661250
0.627067
0.606318
0.606551
0.758791
0.792149
0.713257
0.600453
0.912844
0.825451
0.770405
0.765556
0.945636
0.724155
0.750431
0.810060
0.772651
0.428292
0.797022
0.575399
0.683073
0.420344
0.587688
0.754489
0.736380
0.393702
0.704041
0.682394
0.505624
0.410514
0.650293
0.593839
0.524092
0.540916
0.440716
0.554409
0.295586
0.445391
0.722139
0.568038
0.695160
0.466293
0.829489
0.849653
0.414252
0.518970
0.725731
0.681718
0.460745
0.875006
0.429786
0.587287
0.594802
0.648439
0.513840
0.588022
0.725061
0.674743
0.465522
0.730106
0.765014
0.536429
0.485219
0.579171
0.628819
0.519647
0.682860
0.472224
0.560039
0.416720
0.439855
0.743150
0.681377
0.669974
0.444663
0.813178
0.788573
0.422139
0.499662
0.718820
0.684218
0.571113
0.883567
0.447146
0.648254
0.732080
0.785253
0.711795
0.672601
0.734296
0.710470
0.847901
0.886378
0.883112
0.741128
0.736084
0.772090
0.716661
0.782001
0.660731
0.738610
0.648363
0.685228
0.845597
0.917620
0.749332
0.707537
0.936768
0.797899
0.601124
0.730995
0.870227
0.847263
0.810699
0.937929
0.688764
0.645969
0.488718
0.738730
0.633763
0.690740
0.565713
0.717307
0.751019
0.681298
0.445478
0.778827
0.465937
0.489434
0.654124
0.460438
0.533925
0.434152
0.440518
0.670747
0.808816
0.650622
0.527481
0.814353
0.695201
0.572065
0.684456
0.894150
0.754215
0.699316
0.818576
0.543452
0.601951
0.732599
0.820933
0.868664
0.794772
0.840624
0.658093
0.704536
0.710487
0.784882
0.760028
0.688076
0.577256
0.620910
0.661277
0.571911
0.774436
0.754981
0.783966
0.702180
0.695079
0.926752
0.862700
0.670708
0.676064
0.879598
0.710690
0.693351
0.819544
0.644521
0.680593
0.771343
0.685446
0.544706
0.675707
0.623833
0.518053
0.431647
0.691381
0.506320
0.540976
0.498821
0.499433
0.439811
0.456603
0.485186
0.726750
0.724504
0.588852
0.526430
0.866648
0.746060
0.499444
0.501784
0.865901
0.682076
0.511039
0.895976
0.407931
0.720458
0.855069
0.490264
0.826671
0.767071
0.710159
0.604735
0.664383
0.741289
0.566097
0.689802
0.516113
0.766149
0.493773
0.510423
0.658560
0.730419
0.731638
0.510507
0.917385
0.953343
0.475967
0.429735
0.665524
0.535876
0.607633
0.805155
0.563536
0.757228
0.712498
0.833691
0.754277
0.861681
0.670304
0.783912
0.724682
0.742267
0.858470
0.758996
0.709399
0.699464
0.668262
0.748636
0.898710
0.778996
0.644997
0.887862
0.761032
0.634555
0.777326
0.811271
0.613423
0.839967
0.962510
0.776773
0.649623
0.802743
0.769909
0.810840
0.760431
0.913391
0.747958
0.849964
0.828875
0.711348
0.737844
0.681575
0.732407
0.906236
0.886821
0.696976
0.696995
0.961095
0.688856
0.722898
0.840410
0.859659
0.742521
0.842812
0.947008
0.674853
0.793404
0.804608
0.585326
0.391317
0.616076
0.638770
0.498432
0.641586
0.404163
0.634299
0.462916
0.337419
0.751738
0.637720
0.717898
0.460186
0.887351
0.728516
0.396582
0.494468
0.731032
0.659517
0.527739
0.892233
0.349656
0.652298
0.643968
0.700864
0.948026
0.584550
0.731361
0.838259
0.708453
0.629869
0.702793
0.706782
0.749446
0.701828
0.694349
0.766130
0.703911
0.929066
0.777041
0.790575
0.795230
0.856019
0.741526
0.839453
0.809003
0.745951
0.703856
0.981344
0.604323
0.827950
0.625841
0.745118
0.640426
0.581424
0.736691
0.751185
0.850738
0.697160
0.658963
0.659836
0.793073
0.815958
0.674487
0.882460
0.738840
0.770276
0.715162
0.761785
0.591462
0.754436
0.633161
0.620792
0.717035
0.591891
0.578347
0.522335
0.550267
0.662380
0.353367
0.599677
0.535202
0.923542
0.812018
0.642309
0.567954
0.712767
0.720739
0.608429
0.922992
0.551268
0.693120
0.504404
0.445163
0.657073
0.395901
0.570885
0.392634
0.337865
0.699038
0.689723
0.742553
0.532699
0.790693
0.841480
0.490154
0.476570
0.725067
0.726630
0.570933
0.791124
0.441608
0.836850
0.708139
0.701659
0.567207
0.787910
0.603267
0.606903
0.774888
0.809746
0.705547
0.657353
0.951248
0.892911
0.472910
0.632028
0.846139
0.636506
0.662987
0.897091
0.564354
0.560149
0.694393
0.494368
0.510092
0.477180
0.433756
0.543121
0.765374
0.654346
0.611750
0.706475
0.714466
0.578694
0.597879
0.771212
0.805070
0.612406
0.713953
0.650972
0.715043
0.362978
0.610473
0.408029
0.430630
0.678942
0.718337
0.690375
0.531163
0.819428
0.874646
0.529733
0.472466
0.833239
0.752594
0.526656
0.773319
0.526795
0.516724
0.652889
0.471105
0.662379
0.767747
0.770046
0.647029
0.673486
0.880139
0.729649
0.616457
0.520935
0.877083
0.740067
0.582075
0.854787
0.468309
0.582706
0.282659
0.388943
0.611530
0.658199
0.628051
0.471353
0.872790
0.766931
0.421110
0.444214
0.805675
0.641002
0.472294
0.786964
0.400280
0.510531
0.554085
0.696617
0.671121
0.627530
0.518694
0.852571
0.708609
0.635630
0.595924
0.821540
0.784491
0.648660
0.840826
0.613923
0.350164
0.614543
0.581797
0.599746
0.396607
0.871620
0.754511
0.446243
0.389927
0.782350
0.630250
0.535120
0.839227
0.376329
0.614580
0.643065
0.746929
0.400072
0.788475
0.729658
0.404576
0.360526
0.752634
0.640638
0.543421
0.804956
0.335827
0.767423
0.666053
0.610419
0.771772
0.853277
0.656985
0.647119
0.734704
0.679286
0.736246
0.644857
0.702926
0.709408
0.663980
0.963404
0.920274
0.738400
0.694862
0.697414
0.799466
0.751227
0.990162
0.625409
0.621721
0.849096
0.697795
0.686669
0.753529
0.812146
0.522079
0.787066
0.839228
0.651213
0.849320
0.723696
0.472827
0.474437
0.737438
0.592751
0.631988
0.887112
0.421283
0.949273
0.842625
0.865002
0.797189
0.993564
0.822600
0.757880
0.892715
0.827646
0.918381
0.974568
0.725390
0.847749
0.952079
0.656724
0.473294
0.689041
0.566965
0.481642
0.815456
0.395093
0.745775
0.666519
0.495304
0.800676
0.441524
0.810172
0.787028
0.794224
0.736064
0.702936
0.856981
0.644662
0.823936
0.530293
0.898590
