0.494901
0.380327
0.150769
0.339050
0.355605
0.204839
0.340001
0.352427
0.224549
0.476371
0.316953
0.303382
0.349619
0.256764
0.198595
0.202672
0.341581
0.368477
0.281096
0.199980
0.276350
0.321339
0.401021
0.413242
0.473904
0.232206
0.385716
0.334340
0.300941
0.507559
0.240446
0.413602
0.314770
0.376033
0.360042
0.146445
0.178094
0.465353
0.420133
0.330409
0.440490
0.408564
0.274455
0.281095
0.401423
0.162704
0.355040
0.284685
0.238802
0.393657
0.590761
0.375317
0.219424
0.489032
0.509842
0.229264
0.577818
0.592275
0.366869
0.685318
0.174103
0.591795
0.304347
0.532536
0.708898
0.355519
0.566587
0.374881
0.467360
0.301545
0.365712
0.641191
0.725912
0.297268
0.233498
0.215021
0.165417
0.769185
0.525396
0.258327
0.638415
0.749174
0.610381
0.366617
0.300343
0.194991
0.312026
0.702674
0.254394
0.804488
0.523814
0.350408
0.503428
0.560958
0.799941
0.164346
0.571449
0.558392
0.109414
0.141088
0.278771
0.547463
0.142334
0.443767
0.827054
0.106608
0.731362
0.377250
0.446508
0.189022
0.333279
0.713347
0.103303
0.455992
0.350463
0.084805
0.099391
0.097873
0.833967
0.930128
0.125073
0.164897
0.161957
0.154430
0.940917
0.531950
0.118615
0.454775
0.828649
0.471713
0.285819
0.267569
0.296021
0.118418
0.453559
0.424389
0.834357
0.584886
0.086818
0.744676
0.446150
0.773464
0.198455
0.623566
0.491543
0.562527
0.187043
0.348071
0.490716
0.088298
0.348505
0.410564
0.191552
0.463055
0.144835
0.276924
0.172947
0.143456
0.496920
0.176329
0.176251
0.407831
0.476547
0.571547
0.320685
0.341232
0.344463
0.579031
0.524521
0.488259
0.366655
0.153339
0.604517
0.220279
0.254960
0.348212
0.170909
0.181279
0.548186
0.594686
0.239609
0.454446
0.203395
0.224055
0.401817
0.334589
0.239093
0.143452
0.388571
0.086029
0.106936
0.202001
0.629442
0.091212
0.355467
0.827622
0.061735
0.663239
0.428801
0.343019
0.231218
0.213490
0.612978
0.017718
0.387383
0.266377
0.235976
0.017632
0.034879
0.801621
0.924684
0.056391
0.094061
0.099633
0.195348
0.909420
0.375178
0.070122
0.335076
0.759577
0.340719
0.244460
0.275253
0.430170
0.064026
0.326311
0.523994
0.755108
0.623649
0.032033
0.778900
0.371747
0.705415
0.187813
0.606041
0.303447
0.584372
0.070708
0.460919
0.779046
0.149242
0.662997
0.300056
0.452751
0.274615
0.344503
0.669657
0.090967
0.501525
0.321417
0.279691
0.060760
0.077792
0.763145
0.876554
0.101820
0.016095
0.021751
0.100263
0.890367
0.473180
0.020031
0.482061
0.767970
0.413762
0.280823
0.291084
0.295058
0.038274
0.462293
0.457820
0.791529
0.597350
0.113972
0.709666
0.439130
0.747404
0.165778
0.630691
0.483185
0.218986
0.082623
0.628015
0.109546
0.407419
0.458133
0.067998
0.196057
0.053582
0.315892
0.185800
0.112173
0.156354
0.271150
0.203292
0.236041
0.597816
0.661170
0.121689
0.313441
0.290634
0.318441
0.671929
0.205764
0.301932
0.095064
0.520602
0.312561
0.131719
0.126418
0.476894
0.272788
0.115895
0.464161
0.452848
0.429775
0.122730
0.597851
0.240689
0.421804
0.251814
0.340145
0.515012
0.494256
0.303771
0.547513
0.383803
0.266591
0.521481
0.267342
0.517042
0.464025
0.626446
0.539474
0.294477
0.388916
0.591555
0.685278
0.297780
0.317241
0.490672
0.639362
0.570817
0.395081
0.415588
0.410220
0.661725
0.564142
0.415529
0.478146
0.254697
0.273032
0.286736
0.698413
0.629464
0.327762
0.481128
0.115625
0.552265
0.130240
0.407360
0.511979
0.339520
0.302501
0.370965
0.720346
0.070058
0.648003
0.283928
0.355969
0.204062
0.272299
0.574594
0.057156
0.402218
0.230497
0.267304
0.054571
0.057644
0.721292
0.847571
0.056261
0.088439
0.075310
0.086660
0.849235
0.355534
0.067058
0.375574
0.745191
0.355430
0.189800
0.190838
0.264293
0.067502
0.415465
0.406714
0.730795
0.546293
0.072196
0.655851
0.357244
0.713626
0.096860
0.540872
0.572901
0.267235
0.347424
0.552182
0.053454
0.304993
0.098759
0.160265
0.346386
0.082771
0.211095
0.362396
0.353957
0.407913
0.549398
0.582739
0.254882
0.466105
0.444512
0.459042
0.596120
0.151842
0.468011
0.122241
0.445807
0.345317
0.201457
0.189137
0.581413
0.439700
0.142742
0.516877
0.261650
0.401003
0.282430
0.563742
0.259981
0.219344
0.369227
0.212632
0.750207
0.204456
0.373238
0.563818
0.461554
0.609829
0.433183
0.829492
0.698224
0.318357
0.670724
0.787626
0.874144
0.047690
0.086958
0.686731
0.805219
0.717897
0.627282
0.079293
0.491964
0.855227
0.666412
0.154482
0.506780
0.377664
0.411559
0.452282
0.869628
0.660862
0.507376
0.445095
0.153354
0.753603
0.107177
0.525652
0.414193
0.544420
0.317583
0.604501
0.390465
0.238702
0.163928
0.142406
0.542231
0.038145
0.288779
0.209297
0.206779
0.059060
0.061828
0.745978
0.854476
0.038855
0.159267
0.146236
0.179250
0.848028
0.342281
0.120822
0.237684
0.719452
0.346903
0.158884
0.167043
0.357615
0.098541
0.268915
0.436354
0.703089
0.544755
0.017261
0.702606
0.318133
0.655471
0.150299
0.511450
0.499604
0.335417
0.453390
0.347015
0.292287
0.668095
0.516064
0.232298
0.599050
0.640622
0.715605
0.133085
0.126283
0.539414
0.657644
0.582875
0.621335
0.134410
0.396025
0.720147
0.434579
0.051728
0.333004
0.281126
0.386454
0.597207
0.706343
0.315324
0.678358
0.313867
0.170715
0.593194
0.235359
0.447463
0.215421
0.578833
0.279482
0.571245
0.171292
0.498361
0.644340
0.425020
0.586749
0.256093
0.371769
0.359719
0.446588
0.379247
0.478825
0.299474
0.342190
0.267712
0.127027
0.537391
0.465885
0.376411
0.619759
0.543245
0.518962
0.229458
0.187225
0.090164
0.413054
0.672212
0.211466
0.710901
0.289142
0.365970
0.266227
0.503609
0.680719
0.137099
0.426164
0.317073
0.070874
0.183424
0.327089
0.119687
0.201256
0.384483
0.351501
0.381320
0.542190
0.587755
0.250457
0.450874
0.433091
0.462610
0.581628
0.186319
0.453975
0.056861
0.429168
0.290984
0.193637
0.203366
0.596097
0.422463
0.073122
0.567198
0.326972
0.414857
0.262857
0.580398
0.255168
0.306835
0.382271
0.290987
0.233185
0.509680
0.238249
0.317253
0.139713
0.156950
0.214948
0.275305
0.468835
0.553483
0.140215
0.315606
0.254952
0.154726
0.589490
0.337533
0.299983
0.341159
0.517414
0.414424
0.098186
0.064536
0.191987
0.304072
0.397934
0.205225
0.612746
0.267224
0.156820
0.368533
0.290289
0.556690
0.106120
0.306949
0.336020
0.211063
0.137196
0.161661
0.316007
0.222822
0.267220
0.568258
0.625092
0.151964
0.341324
0.314500
0.366017
0.622667
0.222840
0.338927
0.059083
0.461840
0.291409
0.146975
0.185023
0.530862
0.306885
0.077176
0.534794
0.471278
0.421786
0.148282
0.587869
0.238178
0.379532
0.306802
0.326842
0.604837
0.320576
0.315058
0.581023
0.605884
0.664888
0.413316
0.451039
0.487351
0.668897
0.647353
0.629161
0.447811
0.159778
0.702762
0.323344
0.335261
0.299978
0.308903
0.345573
0.711866
0.694187
0.316916
0.637580
0.067999
0.363226
0.550814
0.471302
0.330002
0.134154
0.534239
0.183397
0.377532
0.258791
0.248788
0.014283
0.019775
0.812911
0.931809
0.042676
0.085673
0.089483
0.178028
0.922322
0.375463
0.052861
0.323032
0.777773
0.337017
0.230166
0.253831
0.400398
0.041659
0.321688
0.512379
0.758172
0.630565
0.022656
0.780050
0.380218
0.712129
0.169508
0.604616
0.320770
0.373880
0.384686
0.441416
0.691720
0.710095
0.293584
0.519881
0.514837
0.480761
0.741328
0.211204
0.505322
0.114126
0.613818
0.496865
0.288289
0.226917
0.604199
0.488524
0.221014
0.435100
0.435712
0.508231
0.306114
0.649945
0.275104
0.407131
0.373891
0.293767
0.327487
0.245354
0.322819
0.276214
0.386487
0.162242
0.333361
0.258004
0.263374
0.397866
0.191083
0.343234
0.265489
0.295814
0.216596
0.042439
0.086311
0.314804
0.333923
0.254075
0.412174
0.418446
0.205292
0.205769
0.295550
0.269453
0.388145
0.171426
0.267453
0.233250
0.251117
0.683847
0.746723
0.220125
0.316772
0.302141
0.222121
0.775721
0.463374
0.286195
0.407461
0.673914
0.456084
0.261593
0.230306
0.299789
0.293565
0.430994
0.355914
0.675714
0.413042
0.189544
0.571993
0.358387
0.612767
0.250140
0.457018
0.029860
0.764356
0.889575
0.035557
0.058397
0.057421
0.134409
0.884564
0.367542
0.039126
0.357805
0.744246
0.346695
0.215589
0.237551
0.357946
0.040301
0.353543
0.468910
0.745037
0.589641
0.028404
0.732690
0.363753
0.690920
0.137763
0.571831
0.858342
0.969898
0.077468
0.073188
0.083396
0.179736
0.950703
0.459990
0.040992
0.384678
0.808353
0.381319
0.288232
0.308964
0.412148
0.024404
0.368601
0.552595
0.817557
0.680218
0.048662
0.832910
0.419482
0.759801
0.214830
0.665540
0.063442
0.661921
0.779870
0.683191
0.629102
0.071339
0.458434
0.842238
0.643784
0.096404
0.445500
0.343051
0.413661
0.508731
0.852491
0.596221
0.582031
0.413952
0.137241
0.735235
0.105866
0.527268
0.375513
0.556939
0.314295
0.784107
0.886058
0.799330
0.742512
0.040143
0.554885
0.954293
0.681794
0.080021
0.553235
0.448641
0.509774
0.579745
0.960348
0.617167
0.641591
0.429294
0.147098
0.850134
0.108443
0.608146
0.364047
0.691530
0.351065
0.109256
0.089153
0.109625
0.791178
0.268880
0.094613
0.274021
0.651688
0.303239
0.116736
0.125487
0.321681
0.093094
0.289382
0.392323
0.636301
0.483307
0.020736
0.624472
0.284006
0.592099
0.090171
0.439550
0.019566
0.129908
0.892405
0.475167
0.016908
0.482313
0.760741
0.397719
0.307118
0.327529
0.349667
0.037696
0.437912
0.522317
0.795524
0.629150
0.116835
0.740858
0.475616
0.747977
0.198077
0.666464
0.103283
0.804891
0.449913
0.031065
0.471551
0.680966
0.376434
0.240590
0.266654
0.292592
0.043812
0.427137
0.486916
0.764565
0.548430
0.107769
0.648914
0.451253
0.707952
0.157945
0.608423
0.778969
0.413105
0.136778
0.494941
0.704308
0.431355
0.196554
0.167291
0.134451
0.169829
0.543135
0.278976
0.754536
0.448511
0.150822
0.516279
0.394674
0.721786
0.062943
0.498052
0.570724
0.954126
0.679415
0.057289
0.545285
0.467729
0.548456
0.645007
0.950444
0.602450
0.717988
0.438235
0.203953
0.848559
0.179358
0.612179
0.359723
0.728090
0.386506
0.492234
0.237130
0.459289
0.243554
0.176364
0.201256
0.565480
0.503870
0.317758
0.476052
0.286364
0.383464
0.331588
0.471349
0.219620
0.328358
0.279491
0.213198
0.474113
0.825807
0.425941
0.313141
0.322928
0.350738
0.014604
0.446529
0.519316
0.837916
0.670426
0.089574
0.790369
0.472252
0.793308
0.186026
0.690921
0.535724
0.350528
0.247065
0.268532
0.633704
0.440024
0.091010
0.591773
0.475118
0.503407
0.261932
0.653501
0.278092
0.428964
0.413046
0.367146
0.408346
0.368883
0.471041
0.653421
0.814172
0.416293
0.724495
0.333950
0.190577
0.705920
0.231635
0.500868
0.242951
0.665578
0.328507
0.218533
0.346929
0.584087
0.413301
0.288635
0.662399
0.434734
0.380074
0.327187
0.503416
0.369417
0.437488
0.389182
0.410229
0.050817
0.286443
0.308138
0.271782
0.339738
0.433553
0.208686
0.161176
0.318208
0.210911
0.402314
0.126086
0.225574
0.222380
0.325274
0.330515
0.226249
0.472135
0.254567
0.172286
0.344109
0.247562
0.459155
0.089743
0.229342
0.382600
0.698587
0.203992
0.777391
0.340941
0.359862
0.344887
0.557977
0.758444
0.160302
0.508521
0.401004
0.563664
0.836042
0.686751
0.078875
0.820780
0.478258
0.774501
0.217066
0.691057
0.725755
0.446023
0.493266
0.273160
0.673387
0.376304
0.358159
0.499017
0.436564
0.706358
0.403210
0.432747
0.411943
0.465865
0.703370
0.211714
0.372251
0.381599
0.704321
0.471680
0.448943
0.098937
0.667480
0.238820
0.545917
0.069350
0.396507
0.351894
0.396175
0.222826
0.701044
0.316731
0.648556
0.135839
0.509738
0.525581
0.458812
0.449101
0.292124
0.431134
0.317541
0.282852
0.662599
0.183558
0.398338
