0.100011
0.055618
0.797505
0.108580
0.074425
0.574534
0.079587
0.294327
0.388057
0.019413
0.553149
0.053727
0.454494
0.023838
0.920816
0.049202
0.042721
0.057152
0.041195
0.469091
0.125813
0.057340
0.017712
0.075645
0.111499
0.206372
0.059620
0.110810
0.067050
0.706982
0.047003
0.155257
0.076208
0.056422
0.108591
0.051344
0.075287
0.043199
0.034050
0.068896
0.714665
0.680628
0.424197
0.058960
0.561278
0.595792
0.037415
0.078302
0.887827
0.043872
0.690009
0.095174
0.057750
0.676115
0.050271
0.453862
0.508248
0.064303
0.531575
0.033704
0.573314
0.088786
0.856576
0.093077
0.063338
0.043314
0.050138
0.539485
0.084554
0.095676
0.088269
0.099737
0.268491
0.282827
0.046545
0.061393
0.035060
0.594610
0.041841
0.074817
0.076589
0.048736
0.219819
0.083331
0.077205
0.139506
0.085544
0.054220
0.662977
0.721183
0.557785
0.136849
0.644157
0.638695
0.110014
0.092772
0.858123
0.826543
0.140396
0.026847
0.680823
0.035695
0.438010
0.487929
0.046752
0.617344
0.030099
0.575419
0.057879
0.944164
0.044632
0.070386
0.027770
0.014700
0.540863
0.136604
0.086091
0.066279
0.048229
0.231642
0.296831
0.021044
0.045268
0.016461
0.702913
0.036303
0.082715
0.041664
0.037102
0.214963
0.071716
0.046827
0.092073
0.084360
0.026242
0.760665
0.764069
0.540007
0.136576
0.667532
0.664481
0.094494
0.058565
0.929462
0.526761
0.841350
0.677588
0.764003
0.636974
0.739089
0.756800
0.244389
0.777730
0.728421
0.831089
0.372444
0.864477
0.682820
0.762303
0.804803
0.862972
0.593147
0.822054
0.773879
0.906768
0.760822
0.639042
0.866701
0.805596
0.762488
0.236038
0.771782
0.738088
0.858243
0.749788
0.712576
0.821854
0.878363
0.871112
0.681493
0.846238
0.412014
0.616634
0.783987
0.679637
0.608594
0.786894
0.818377
0.829386
0.217239
0.169161
0.611965
0.139135
0.335137
0.466298
0.086114
0.347408
0.093421
0.516965
0.120846
0.682947
0.164953
0.048411
0.104945
0.117708
0.566840
0.063826
0.129879
0.086378
0.194661
0.226042
0.204493
0.156390
0.169478
0.120968
0.446640
0.089884
0.180741
0.171637
0.116595
0.168976
0.133447
0.175234
0.168637
0.058576
0.159424
0.523319
0.642135
0.530893
0.072642
0.546829
0.647680
0.129463
0.161244
0.698549
0.600035
0.017813
0.455240
0.413231
0.064066
0.658538
0.064095
0.502474
0.077884
0.915420
0.025316
0.100589
0.021940
0.039526
0.442727
0.167297
0.065952
0.092420
0.028041
0.237766
0.273760
0.040773
0.017832
0.027816
0.697015
0.064445
0.068700
0.023238
0.045436
0.198724
0.077170
0.016693
0.082225
0.107893
0.012000
0.697001
0.690033
0.471222
0.164517
0.618908
0.569078
0.089299
0.025636
0.957215
0.556111
0.255737
0.093857
0.591444
0.557255
0.701233
0.054180
0.597766
0.561249
0.579524
0.609418
0.633038
0.665625
0.126052
0.699488
0.526669
0.637095
0.631942
0.391645
0.237233
0.678476
0.575623
0.639742
0.605330
0.666415
0.543710
0.648800
0.624046
0.333198
0.534575
0.599588
0.559324
0.566821
0.631286
0.304845
0.099144
0.056406
0.572099
0.117834
0.076686
0.493550
0.566075
0.757114
0.426273
0.381613
0.066428
0.603947
0.073041
0.473224
0.086378
0.853110
0.036777
0.083104
0.027592
0.038307
0.415191
0.159575
0.066443
0.103598
0.047850
0.239951
0.245582
0.056053
0.013277
0.021160
0.624970
0.080419
0.035724
0.027586
0.048948
0.188199
0.089649
0.029215
0.106800
0.099059
0.019420
0.615556
0.640286
0.444233
0.158230
0.576117
0.530552
0.082895
0.031368
0.909017
0.244790
0.323961
0.311979
0.408599
0.186222
0.305820
0.713282
0.421808
0.326758
0.423878
0.430758
0.375357
0.424787
0.344581
0.332871
0.478307
0.108244
0.102379
0.431406
0.482638
0.439686
0.613713
0.381632
0.459263
0.496974
0.416084
0.158902
0.281728
0.457043
0.335494
0.280055
0.469600
0.539115
0.338530
0.196307
0.251443
0.196844
0.368248
0.269501
0.440902
0.654842
0.393750
0.576584
0.515983
0.125929
0.407897
0.712627
0.393789
0.447352
0.439472
0.474636
0.127397
0.537329
0.377238
0.454451
0.443044
0.270905
0.176905
0.509942
0.408628
0.454929
0.687622
0.484227
0.405633
0.454468
0.442168
0.228416
0.358238
0.416288
0.380055
0.390217
0.438078
0.437273
0.247701
0.074581
0.418887
0.220911
0.153089
0.321135
0.374155
0.785507
0.531995
0.034598
0.476222
0.032077
0.902321
0.059117
0.040172
0.041885
0.042487
0.486017
0.094202
0.069761
0.023497
0.087285
0.141376
0.205973
0.061440
0.097776
0.059282
0.681587
0.026942
0.135159
0.078197
0.046972
0.124452
0.035744
0.076480
0.058695
0.029756
0.061639
0.701621
0.685796
0.447183
0.066927
0.575275
0.601763
0.046919
0.078476
0.856023
0.551279
0.517363
0.561579
0.411626
0.655272
0.450541
0.566955
0.611890
0.711408
0.412207
0.558626
0.531867
0.710379
0.443800
0.356789
0.641849
0.651029
0.598015
0.286427
0.531295
0.621972
0.707750
0.606471
0.432837
0.537115
0.675590
0.605995
0.434639
0.674044
0.459402
0.494498
0.595970
0.414999
0.399659
0.688523
0.555446
0.633565
0.295258
0.580747
0.042173
0.914253
0.069436
0.046380
0.037359
0.028723
0.563715
0.079080
0.086113
0.041186
0.080179
0.215922
0.279493
0.031022
0.088809
0.038750
0.685081
0.012689
0.114959
0.071988
0.036978
0.194379
0.054435
0.071240
0.080745
0.045784
0.052198
0.747531
0.760710
0.552280
0.096867
0.660187
0.678233
0.073470
0.087328
0.887609
0.465952
0.586934
0.473464
0.482122
0.529311
0.565757
0.120453
0.580251
0.380635
0.502238
0.527672
0.265561
0.154561
0.555009
0.496020
0.555474
0.593964
0.535663
0.480842
0.557994
0.542879
0.205055
0.403749
0.492471
0.429200
0.449263
0.536797
0.346159
0.099864
0.063530
0.432185
0.083701
0.115030
0.376001
0.469938
0.820439
0.934974
0.060617
0.054128
0.061589
0.051846
0.464208
0.121714
0.052531
0.032433
0.072981
0.115809
0.193527
0.044076
0.107734
0.070457
0.725156
0.040188
0.137416
0.084910
0.059196
0.113136
0.029159
0.070560
0.048084
0.042530
0.067676
0.745661
0.687181
0.436425
0.069375
0.573264
0.577742
0.029369
0.083306
0.921615
0.913237
0.796921
0.875252
0.933923
0.698602
0.778351
0.819064
0.905790
0.945635
0.863930
0.617076
0.955645
0.859112
0.895815
0.243759
0.892803
0.811628
0.955712
0.920474
0.732914
0.912441
0.918102
0.927517
0.811791
0.943897
0.207906
0.373616
0.730744
0.783600
0.464996
0.663976
0.903880
0.875712
0.562242
0.081140
0.027742
0.034143
0.416220
0.153738
0.050884
0.064800
0.012749
0.205703
0.269459
0.057316
0.044575
0.044746
0.721461
0.069232
0.106531
0.022043
0.050556
0.162150
0.080028
0.010971
0.037180
0.083591
0.020541
0.689868
0.675235
0.435088
0.135170
0.606223
0.548491
0.060932
0.014650
0.971405
0.061358
0.055397
0.505730
0.068853
0.057592
0.026686
0.110180
0.164166
0.207797
0.075615
0.117153
0.073752
0.566909
0.041645
0.140073
0.099856
0.077854
0.111687
0.069588
0.097528
0.087389
0.024229
0.090837
0.606451
0.662790
0.485537
0.035082
0.562896
0.617896
0.066547
0.101116
0.827856
0.027684
0.490040
0.106589
0.063174
0.062137
0.039125
0.225083
0.264896
0.051035
0.037151
0.023507
0.645642
0.042222
0.088146
0.032969
0.036123
0.186429
0.073685
0.026139
0.064489
0.061951
0.021317
0.680592
0.706421
0.501739
0.118787
0.626261
0.614969
0.075982
0.024601
0.883537
0.520968
0.117965
0.079128
0.050347
0.041218
0.228338
0.297087
0.030892
0.050442
0.013751
0.691739
0.043889
0.084866
0.029840
0.023463
0.199510
0.081874
0.042297
0.078248
0.063553
0.023162
0.732474
0.754255
0.519631
0.118715
0.663828
0.646487
0.073000
0.049975
0.927029
0.597989
0.372435
0.524793
0.446802
0.394158
0.279567
0.513041
0.411800
0.508752
0.702100
0.541522
0.395818
0.466501
0.505409
0.296998
0.424527
0.414467
0.417354
0.478156
0.452640
0.418749
0.217613
0.082059
0.498402
0.272769
0.063045
0.369360
0.396914
0.967185
0.143831
0.082273
0.183473
0.263875
0.293168
0.142619
0.178616
0.130452
0.509471
0.065677
0.213048
0.178296
0.123384
0.203069
0.135316
0.160273
0.152950
0.077466
0.150912
0.637943
0.733038
0.594285
0.115157
0.653535
0.700803
0.148480
0.154229
0.763711
0.067200
0.067850
0.149329
0.181705
0.067868
0.079673
0.087733
0.619722
0.075076
0.121768
0.079371
0.102125
0.093151
0.060891
0.049937
0.058893
0.068464
0.072210
0.609436
0.574420
0.396950
0.080378
0.497646
0.502479
0.045555
0.058920
0.960582
0.089691
0.140438
0.233996
0.065014
0.131857
0.082012
0.682348
0.030259
0.180596
0.092496
0.063005
0.115154
0.052260
0.088962
0.049272
0.029779
0.082484
0.716198
0.720270
0.485676
0.043240
0.605969
0.643663
0.056180
0.096495
0.875193
0.251995
0.313929
0.052436
0.040070
0.047729
0.744852
0.086548
0.099922
0.017069
0.054862
0.209961
0.102048
0.011432
0.060866
0.117454
0.019061
0.738364
0.719757
0.482040
0.164293
0.656627
0.577577
0.089367
0.021999
1.020038
0.098701
0.223710
0.290457
0.248139
0.708338
0.186635
0.313326
0.275662
0.219406
0.051227
0.102165
0.238997
0.133953
0.126691
0.255993
0.662289
0.492443
0.266959
0.112429
0.336559
0.450277
0.105079
0.238641
0.803008
0.291027
0.280283
0.285546
0.519422
0.247132
0.267305
0.331081
0.270664
0.070486
0.152659
0.282073
0.232906
0.177356
0.300461
0.404503
0.284166
0.198945
0.168810
0.187428
0.305125
0.157815
0.266645
0.747638
0.057713
0.034510
0.718845
0.036740
0.083400
0.051562
0.046067
0.202952
0.062703
0.049661
0.090126
0.093264
0.035547
0.764335
0.749230
0.527186
0.133647
0.656369
0.635268
0.081548
0.077529
0.981014
0.029413
0.637635
0.095763
0.034269
0.029719
0.058972
0.226800
0.114450
0.027331
0.125384
0.135489
0.019314
0.631492
0.648167
0.468419
0.199215
0.600724
0.529981
0.112624
0.030705
0.955835
0.647779
0.055300
0.052388
0.030200
0.023839
0.218734
0.090199
0.040414
0.104586
0.084998
0.020516
0.690438
0.721543
0.517025
0.149533
0.638958
0.621029
0.088512
0.046313
0.901288
0.668297
0.577839
0.722241
0.684954
0.599506
0.720116
0.710598
0.761522
0.607329
0.713881
0.284074
0.492438
0.710986
0.567862
0.514296
0.690402
0.718722
0.669837
0.566163
0.136116
0.089011
0.049283
0.159541
0.038507
0.076292
0.068762
0.046583
0.063836
0.724877
0.727163
0.526656
0.083673
0.623611
0.657386
0.075949
0.088616
0.874906
0.071410
0.084408
0.251932
0.143029
0.081934
0.194575
0.161716
0.060641
0.580650
0.603851
0.448088
0.223931
0.558937
0.487216
0.135489
0.088440
0.926278
0.043124
0.231414
0.113201
0.016768
0.088258
0.113999
0.008174
0.727107
0.745678
0.502814
0.168319
0.681120
0.598155
0.089253
0.026861
0.985886
0.194609
0.072318
0.055757
0.080095
0.071687
0.034074
0.694802
0.717590
0.488843
0.132144
0.628904
0.596910
0.077302
0.064009
0.890570
0.089713
0.190153
0.114335
0.096760
0.213649
0.497480
0.398634
0.231818
0.079926
0.299547
0.364400
0.083515
0.183981
0.819838
0.085945
0.057976
0.058383
0.086303
0.699387
0.616041
0.385227
0.084903
0.504239
0.512777
0.038197
0.100806
0.902409
0.059950
0.105127
0.012391
0.694340
0.684931
0.457626
0.160171
0.624121
0.546200
0.071583
0.011667
0.998285
0.064271
0.079837
0.718853
0.654788
0.395873
0.098861
0.563154
0.536226
0.050313
0.064920
0.938882
0.099403
0.625584
0.633435
0.434409
0.030272
0.523597
0.589374
0.047603
0.100093
0.793856
0.721680
0.726487
0.486632
0.161304
0.658924
0.581334
0.078045
0.022520
0.965907
0.238563
0.450170
0.612684
0.320567
0.376152
0.665414
0.658828
0.654004
0.193506
0.618093
0.054795
0.163931
0.591520
0.650950
0.757174
0.442114
0.178994
0.069470
0.337340
0.438890
0.841828
0.498065
0.602756
0.085324
0.159449
0.804026
0.227969
0.492203
0.593333
0.707292
0.471069
0.533674
0.895050
0.078593
0.916244
0.948239
