0.914530
0.831205
0.794789
0.942149
0.977326
0.684738
0.758745
0.741654
0.877234
0.793542
0.727563
0.706280
0.832902
0.893013
0.832115
0.875552
0.932076
0.797735
0.724699
0.999043
0.836911
0.792746
0.738160
0.834054
0.765014
0.955659
0.817362
0.829974
0.877253
0.604235
0.921125
0.761498
0.659822
0.711637
0.802854
0.797826
0.818809
0.992029
0.751736
0.896061
0.704851
0.971276
1.040479
0.715921
0.745380
0.912531
0.823972
0.537046
0.931856
0.713147
0.890023
1.038863
0.732794
0.901015
0.918204
0.816792
0.831095
0.931912
0.721672
0.906009
0.761348
0.764996
0.843749
0.961545
0.895969
0.624827
0.568505
0.721176
0.889845
0.663429
0.783106
0.618952
0.870605
0.857098
0.566739
0.656154
0.864491
0.666614
0.589714
0.930353
0.570090
0.790173
1.039395
0.622571
0.675520
0.832204
0.801114
0.733970
0.935570
0.579592
0.823680
0.695790
0.860520
0.866563
0.926218
0.728772
0.741873
0.913937
0.722509
0.697735
0.846527
0.860355
0.888345
0.828088
0.752397
0.704538
0.853044
0.757283
0.798683
0.966451
0.662668
0.824791
0.980201
0.800642
0.850899
0.934211
0.837731
0.773025
0.973313
0.636846
0.903642
0.736776
0.830274
0.888354
0.906810
0.853810
0.646095
0.923636
0.613837
0.730558
0.583622
0.812174
1.012387
0.659808
0.683650
0.707689
0.505095
0.549909
0.841673
0.579011
0.815842
0.955966
0.658609
0.876128
0.817019
0.779853
0.728745
0.760768
0.455669
0.723546
0.681511
0.886429
0.535922
0.901069
0.727323
0.975496
0.716161
0.901062
0.644618
0.863730
0.994887
0.596100
0.825528
0.720811
0.650834
0.712472
0.880460
0.768601
0.899782
0.873545
0.606704
0.954844
0.821650
0.876311
0.693796
0.809814
0.583455
0.775294
0.743661
0.898297
0.806398
0.937812
0.771817
0.771630
0.607386
0.931079
0.789927
0.835729
0.753674
0.809615
0.922592
0.813038
0.880640
1.010974
0.824031
0.764920
0.893802
0.869653
0.793412
0.889933
0.672017
0.814812
0.947078
0.728753
0.907769
0.898464
0.687904
0.917014
0.787626
0.793901
0.790877
0.561139
0.663406
0.874873
0.571394
0.552507
0.749283
0.581505
0.554511
0.917011
0.440265
0.705907
0.962369
0.662510
0.800655
0.776968
0.782883
0.552111
0.774346
0.488985
0.841799
0.688408
0.727608
0.662090
0.752178
0.652511
0.710669
0.613219
0.802441
0.736467
0.829827
0.717009
0.747657
0.699567
0.548789
0.866275
0.722100
0.805460
0.795642
0.794185
0.648854
0.629456
0.700716
0.817599
0.685753
0.462013
0.670069
0.854903
0.682352
0.740011
0.569020
0.634579
0.949190
0.612675
0.657829
0.705657
0.612645
0.491837
0.823304
0.663504
0.707806
0.942451
0.694872
0.824142
0.727764
0.804553
0.608020
0.683651
0.554895
0.691939
0.606013
0.852090
0.733745
0.878865
0.647951
0.780919
0.703732
0.820155
0.799957
0.735633
0.765821
0.748860
0.780189
0.514311
0.807566
0.757749
0.791091
0.656052
0.682452
0.602150
0.495857
0.690855
0.634260
0.750842
0.844876
0.749803
0.748780
0.373491
0.837288
0.954991
0.943604
0.909713
0.988174
0.962877
0.947216
0.842991
0.935832
0.948721
0.906231
0.876629
0.934656
0.808087
0.971536
0.962245
0.925867
0.921343
0.954936
0.964398
0.967759
0.748359
0.689956
0.771623
0.562502
0.592180
0.799686
0.561225
0.610165
0.977052
0.408791
0.816998
0.692342
0.730404
0.670428
0.721048
0.489266
0.771209
0.756963
0.610246
0.779183
0.816500
0.597405
0.759683
0.675764
0.572185
0.949809
0.380947
0.805955
0.857210
0.673229
0.758229
0.917563
0.727056
0.670786
0.910824
0.477764
0.895166
0.807626
0.693128
0.817885
0.842944
0.759088
0.679379
0.740799
0.788246
0.788346
0.730481
0.895520
0.677927
0.838023
0.842875
0.877857
0.703302
0.714433
0.720012
0.653384
0.729237
0.878978
0.674848
0.774023
0.635273
0.709062
0.875640
0.644730
0.823074
0.960646
0.589316
0.834655
0.762067
0.780457
0.735218
0.764356
0.501908
0.835645
0.711637
0.813920
0.657340
0.847978
0.726732
0.838111
0.560691
0.712763
0.889067
0.590463
0.889283
0.809625
0.767020
0.616457
0.742063
0.491519
0.727052
0.633203
0.853830
0.662324
0.751304
0.667051
1.004977
0.796063
0.958930
0.839526
0.815898
0.554814
0.836567
0.788893
0.748079
0.853560
0.311928
0.823044
0.936060
0.814962
0.806290
0.681712
0.722859
0.982937
0.647436
0.876445
0.857107
0.798438
0.697238
0.787408
0.437812
0.879186
0.766809
0.758916
0.760318
0.836524
0.646340
0.905494
0.652370
0.806381
0.740032
0.710059
0.805992
0.506685
0.705050
0.740352
0.964774
0.683594
0.711954
0.651882
0.422285
0.945491
0.975253
0.945537
0.865444
0.839027
0.937867
0.982850
0.898471
0.892071
0.927374
0.837102
0.877140
0.865956
0.859205
0.768783
0.728227
0.773904
0.652522
0.583992
0.762044
0.796998
0.744238
0.739506
0.706410
0.612592
0.809155
0.730922
0.756378
0.852497
0.783511
0.789188
0.894110
0.957811
0.829571
0.722413
0.795792
0.821311
0.774232
0.789373
0.794699
0.632953
0.805575
0.822456
0.849635
0.820217
0.636414
0.757230
0.774429
0.644879
0.761764
0.863407
0.585836
0.789338
0.737993
0.690413
0.833854
0.597010
0.574645
0.616089
0.857147
0.775146
0.777630
0.589433
0.717539
0.721536
0.881439
0.901233
0.723356
0.741573
0.553820
0.764342
0.623071
0.674106
0.697461
0.863947
0.608409
0.717839
0.925896
0.728832
0.750262
0.586347
0.912208
0.846064
0.940339
0.812170
0.847275
0.819789
0.702589
0.619166
0.675988
0.651289
