0.898297
0.812630
0.839852
0.702590
0.693128
0.954936
0.886429
0.834772
0.852090
0.813920
0.674106
0.749711
0.830274
0.744238
0.822456
0.857147
0.604235
0.853830
0.860520
0.727608
0.610246
0.912208
0.758916
0.655533
0.849447
0.771817
0.825528
0.994887
0.646095
0.805212
0.644618
0.650834
0.583455
0.813634
0.913937
0.606704
0.821650
0.693796
0.977326
0.712472
0.721176
0.716161
0.596100
0.743661
0.768601
0.628744
0.639823
0.710450
0.892787
0.590101
0.704906
0.172874
0.532147
0.581064
0.709755
0.828753
0.663485
0.648277
0.613157
0.836580
0.542000
0.603787
0.531246
0.625853
0.592025
0.672965
0.780715
0.548683
0.878710
0.622513
0.561676
0.683051
0.623368
0.538643
0.743514
0.653159
0.720020
0.828110
0.668718
0.841093
0.612915
0.524983
0.547608
0.602019
0.723024
0.507115
0.759088
0.748359
0.727323
0.734035
0.647951
0.726732
0.608409
0.709426
0.853810
0.612592
0.636414
0.589433
0.659822
0.667051
0.728771
0.652511
0.597405
0.812170
0.646340
0.954991
0.683650
0.560832
0.657829
0.675764
0.477764
0.757165
0.704538
0.673229
0.917563
0.670786
0.832902
0.572185
0.656154
0.552507
0.689956
0.807626
0.380947
1.012387
0.895558
0.949190
0.909713
0.962245
0.928961
0.828088
0.948721
0.876629
0.808087
0.727563
0.988174
0.857098
0.874873
0.837288
0.921343
0.947216
0.578173
0.583622
0.505095
0.455669
0.602549
0.741873
0.658609
0.817019
0.728745
0.942149
0.549909
0.568505
0.613837
0.659808
0.681511
0.579011
0.686573
0.703205
0.513696
0.614945
0.625759
0.609277
0.827169
0.772454
0.811177
0.628500
0.545941
0.629363
0.551912
0.780092
0.498237
0.612645
0.554895
0.724285
0.860355
0.694872
0.727764
0.608020
0.877234
0.491837
0.618952
0.561139
0.612675
0.606013
0.663504
0.501908
0.723525
0.757283
0.589316
0.762067
0.735218
0.832115
0.709062
0.666614
0.581505
0.562502
0.711637
0.644730
0.653493
0.636846
0.583992
0.794699
0.597010
0.817362
0.491519
0.579592
0.488985
0.489266
0.623071
0.437812
0.754609
0.670846
0.812374
0.783185
0.729879
0.650932
0.640937
0.680489
0.610822
0.775382
0.724710
0.800642
0.934211
0.773025
0.794789
0.798683
0.624827
0.697735
0.752397
0.736776
0.662668
0.768783
0.773904
0.836911
0.590463
0.622571
0.662510
0.408791
0.796998
0.647436
0.774232
0.738160
0.809625
0.832204
0.776968
0.692342
0.805575
0.857107
0.765014
0.616457
0.733970
0.552111
0.670428
0.616089
0.697238
0.875552
0.831205
0.758745
0.706280
0.877253
0.797735
0.589714
0.554511
0.592180
0.633203
0.560691
0.663429
0.566739
0.695790
0.570090
0.571394
0.688408
0.440265
0.756963
0.561225
0.766809
