0.087192
0.905418
0.030481
0.075523
0.059977
0.041221
0.718648
0.102234
0.137652
0.071852
0.072788
0.959397
0.037331
0.505740
0.817242
0.084694
0.031440
0.082380
0.303279
0.562799
0.033031
0.041316
0.032093
0.044240
0.642340
0.197419
0.037073
0.284365
0.722265
0.414710
0.056122
0.058472
0.736902
0.054857
0.043595
0.041292
0.060306
0.306025
0.067250
0.055752
0.043698
0.108972
0.047396
0.478974
0.526079
0.685462
0.081443
0.542461
0.054230
0.730482
0.047126
0.055865
0.080471
0.086582
0.564334
0.082850
0.038506
0.123341
0.042644
0.761623
0.074378
0.270972
0.744906
0.103756
0.045107
0.021788
0.174537
0.341242
0.050657
0.033371
0.067623
0.065708
0.585467
0.200318
0.073566
0.132479
0.584596
0.292678
0.030751
0.046549
0.538739
0.051358
0.063264
0.044335
0.066946
0.165547
0.067067
0.066247
0.058726
0.049499
0.065636
0.441826
0.508842
0.485642
0.085988
0.549414
0.053296
0.859681
0.755412
0.834767
0.825994
0.372697
0.722610
0.625357
0.851924
0.727696
0.196836
0.824685
0.286001
0.511504
0.820125
0.850075
0.712643
0.543630
0.246911
0.828355
0.757125
0.867379
0.840544
0.478681
0.829987
0.836742
0.524338
0.406622
0.480179
0.814484
0.733820
0.224805
0.837754
0.864047
0.825038
0.769166
0.479657
0.760514
0.888986
0.787023
0.757677
0.877185
0.582558
0.638429
0.244389
0.722627
0.676085
0.823398
0.058422
0.051483
0.050026
0.658520
0.113754
0.086928
0.088448
0.058776
0.895662
0.049438
0.428160
0.821156
0.079047
0.026571
0.053281
0.256156
0.488663
0.035344
0.034976
0.033491
0.037174
0.646138
0.186055
0.037292
0.226339
0.674086
0.382410
0.040086
0.033035
0.682506
0.036018
0.030059
0.021368
0.058663
0.266205
0.058770
0.042896
0.041953
0.072236
0.027959
0.475024
0.531985
0.621755
0.074826
0.562948
0.032689
0.023572
0.025968
0.622712
0.124335
0.074279
0.040008
0.082630
0.770424
0.019055
0.354309
0.666158
0.033353
0.069229
0.034378
0.239105
0.404618
0.073698
0.050716
0.045691
0.019180
0.524890
0.213348
0.026519
0.193721
0.570020
0.278174
0.074051
0.035306
0.575093
0.023890
0.025390
0.050163
0.019430
0.184422
0.011938
0.100800
0.013780
0.103171
0.053329
0.403693
0.475267
0.573183
0.018090
0.484669
0.030452
0.017462
0.712797
0.143225
0.127404
0.035588
0.108783
0.875805
0.023168
0.445969
0.779116
0.030710
0.080207
0.058891
0.326725
0.495175
0.073647
0.050726
0.025232
0.014707
0.633865
0.253123
0.024560
0.280239
0.694390
0.383209
0.088697
0.036811
0.686391
0.020361
0.015309
0.035736
0.014987
0.251901
0.030918
0.103573
0.015622
0.141599
0.042090
0.496265
0.549960
0.668433
0.019406
0.571684
0.026868
0.688028
0.123934
0.124894
0.024368
0.086501
0.870180
0.009940
0.446737
0.746210
0.027346
0.060711
0.055036
0.304115
0.506437
0.060622
0.050421
0.026306
0.012706
0.569028
0.219356
0.016595
0.267507
0.657566
0.350859
0.083255
0.043432
0.664105
0.027537
0.018562
0.043740
0.018960
0.256762
0.025921
0.091846
0.009773
0.138086
0.048709
0.449224
0.506787
0.661047
0.021448
0.512546
0.026772
0.609354
0.469769
0.718255
0.565530
0.389400
0.674411
0.332581
0.508358
0.677206
0.634421
0.581695
0.305132
0.385154
0.660365
0.648994
0.704221
0.673902
0.419050
0.545234
0.673630
0.345852
0.252867
0.374912
0.596897
0.635232
0.199993
0.663688
0.677956
0.662377
0.674225
0.460424
0.619012
0.642118
0.658300
0.522645
0.670259
0.397802
0.496870
0.179558
0.646482
0.511390
0.642979
0.137061
0.177741
0.079955
0.829676
0.102679
0.323268
0.793831
0.168050
0.099328
0.093605
0.272585
0.391894
0.065507
0.061354
0.100957
0.132143
0.642741
0.273286
0.119803
0.232879
0.660872
0.391792
0.077688
0.112063
0.552683
0.116196
0.131362
0.119356
0.118497
0.230695
0.121130
0.120844
0.097273
0.134764
0.150254
0.512884
0.570333
0.531642
0.137392
0.594797
0.109540
0.141726
0.045080
0.639415
0.117753
0.212047
0.592672
0.116708
0.082256
0.055010
0.092275
0.271787
0.088351
0.075447
0.119035
0.105003
0.446769
0.161614
0.101890
0.064220
0.440984
0.178996
0.079486
0.074864
0.431817
0.101329
0.109870
0.078054
0.106134
0.102606
0.076561
0.098521
0.097690
0.039626
0.111481
0.311572
0.387170
0.395905
0.101091
0.423721
0.090473
0.121087
0.870719
0.034502
0.484485
0.682253
0.021495
0.089274
0.086723
0.305299
0.549434
0.099048
0.090058
0.057425
0.032991
0.507121
0.206275
0.035030
0.268820
0.643381
0.308089
0.122445
0.082679
0.679833
0.058766
0.042916
0.069289
0.042134
0.245347
0.033347
0.111947
0.039480
0.155157
0.076848
0.408282
0.452263
0.697876
0.033171
0.444432
0.063055
0.779677
0.084196
0.309636
0.727847
0.097546
0.047513
0.058185
0.160277
0.390252
0.029948
0.045849
0.065820
0.086372
0.527083
0.148354
0.064674
0.127818
0.569561
0.275239
0.058226
0.068187
0.538274
0.084360
0.089276
0.060833
0.092755
0.157667
0.072577
0.058735
0.075369
0.050474
0.103480
0.362315
0.424459
0.484427
0.089954
0.468463
0.066199
0.868548
0.305127
0.339129
0.848437
0.876654
0.728188
0.494329
0.251897
0.901438
0.822394
0.921181
0.876060
0.389916
0.860384
0.888751
0.499556
0.242758
0.376757
0.850356
0.785179
0.191121
0.867279
0.895306
0.868883
0.810005
0.473800
0.784821
0.932089
0.835066
0.778126
0.893307
0.569909
0.684206
0.283117
0.774577
0.652564
0.854744
0.434198
0.735007
0.040984
0.053190
0.050526
0.290727
0.491889
0.055173
0.045842
0.029258
0.013350
0.571607
0.213441
0.016690
0.251557
0.644432
0.346904
0.065462
0.044222
0.652967
0.022131
0.017141
0.052315
0.022090
0.251990
0.022946
0.083715
0.007184
0.122136
0.047889
0.444105
0.504613
0.641875
0.030363
0.507044
0.031605
0.534443
0.450074
0.414591
0.274047
0.196520
0.057464
0.414503
0.342815
0.449836
0.443602
0.441371
0.481689
0.452788
0.151599
0.308716
0.232940
0.357926
0.341414
0.174606
0.415968
0.448926
0.402336
0.379537
0.136812
0.375464
0.445950
0.392955
0.332080
0.433576
0.449361
0.549637
0.152245
0.376456
0.596519
0.394296
0.704594
0.767383
0.704880
0.431582
0.505857
0.801655
0.781123
0.828220
0.742324
0.217083
0.670171
0.752233
0.481226
0.256991
0.239478
0.770747
0.756564
0.396116
0.772008
0.776266
0.790501
0.730021
0.470393
0.642413
0.813882
0.733980
0.665083
0.786284
0.322689
0.413669
0.544510
0.686200
0.287851
0.775828
0.096211
0.083769
0.284546
0.509424
0.079467
0.087805
0.045825
0.025934
0.529679
0.204533
0.022911
0.243202
0.637025
0.304670
0.127962
0.072854
0.655544
0.048848
0.041623
0.056693
0.049135
0.231740
0.034070
0.113798
0.038226
0.132213
0.086499
0.411932
0.455186
0.658913
0.023733
0.461486
0.036899
0.047803
0.207426
0.492346
0.039085
0.039592
0.058968
0.051910
0.576241
0.138448
0.051777
0.194881
0.640069
0.334307
0.019641
0.060307
0.637004
0.047111
0.046320
0.039627
0.069687
0.242459
0.058459
0.022473
0.054959
0.051555
0.046324
0.416172
0.472415
0.599544
0.094109
0.490174
0.058322
0.201545
0.344431
0.065442
0.028206
0.064672
0.049263
0.531238
0.222832
0.062502
0.156984
0.555966
0.272353
0.037277
0.034317
0.515064
0.036512
0.048464
0.045936
0.033846
0.156526
0.043064
0.085179
0.036033
0.085029
0.055922
0.424802
0.501114
0.507102
0.056025
0.528696
0.047888
0.273209
0.246571
0.251993
0.301983
0.283302
0.290412
0.171765
0.275177
0.033825
0.262179
0.096107
0.201280
0.256145
0.286040
0.277888
0.287722
0.250289
0.290928
0.125690
0.224610
0.216518
0.279256
0.106375
0.277468
0.195441
0.288701
0.265245
0.278215
0.290116
0.262444
0.483215
0.388333
0.520977
0.493954
0.505670
0.613884
0.511263
0.249299
0.335430
0.299011
0.449858
0.377975
0.209384
0.474926
0.513361
0.460121
0.427356
0.228637
0.439803
0.552670
0.440744
0.405863
0.497711
0.559162
0.662845
0.210427
0.427275
0.673609
0.450622
0.033556
0.032187
0.052164
0.631353
0.185633
0.035857
0.216310
0.690592
0.365609
0.051162
0.059106
0.665255
0.052116
0.055498
0.037064
0.076429
0.236428
0.064074
0.052081
0.051455
0.066202
0.082280
0.452808
0.503052
0.613747
0.079472
0.536509
0.043491
0.041290
0.048454
0.630478
0.243228
0.050743
0.217527
0.654030
0.361511
0.039923
0.024367
0.605954
0.042184
0.048441
0.028749
0.034162
0.205057
0.053566
0.072826
0.029274
0.090562
0.053114
0.492720
0.557116
0.572808
0.058560
0.588715
0.041760
0.027835
0.657438
0.214142
0.020965
0.258002
0.703230
0.397535
0.066143
0.046828
0.700385
0.030961
0.023792
0.029529
0.039027
0.255092
0.045569
0.067456
0.026179
0.113240
0.046151
0.487512
0.539862
0.653185
0.044884
0.575661
0.019964
0.587597
0.212360
0.010865
0.249647
0.659651
0.343919
0.070727
0.039541
0.673192
0.011997
0.008448
0.032396
0.026339
0.255726
0.024486
0.082193
0.010707
0.104485
0.040358
0.454887
0.509317
0.659623
0.029427
0.518287
0.018176
0.393820
0.574602
0.297203
0.201657
0.119372
0.596170
0.598886
0.305423
0.624488
0.618842
0.631787
0.581231
0.341085
0.500181
0.596369
0.585469
0.510259
0.629367
0.127528
0.179888
0.386255
0.524529
0.112378
0.624518
0.181743
0.155447
0.562738
0.263964
0.166182
0.241780
0.609735
0.220880
0.206087
0.204132
0.254797
0.265050
0.178108
0.089646
0.233850
0.111917
0.210302
0.200739
0.196586
0.518044
0.228688
0.248840
0.224459
0.239016
0.664457
0.340493
0.076932
0.042177
0.671397
0.024166
0.018893
0.035533
0.037830
0.245427
0.024244
0.072020
0.018161
0.096885
0.056434
0.420601
0.471412
0.646942
0.027497
0.489040
0.022421
0.298555
0.092993
0.172688
0.215217
0.292067
0.239122
0.251042
0.222160
0.247717
0.074327
0.190055
0.188824
0.240574
0.096815
0.244975
0.195850
0.270492
0.242886
0.229337
0.308279
0.230041
0.200666
0.616222
0.620447
0.182315
0.666747
0.670832
0.671342
0.634631
0.355014
0.568825
0.674566
0.633903
0.540336
0.652608
0.282259
0.438704
0.263397
0.608038
0.373959
0.639915
0.338693
0.344212
0.261120
0.359118
0.368698
0.358067
0.342517
0.124466
0.266587
0.359265
0.341859
0.241367
0.383235
0.135680
0.224164
0.323886
0.299881
0.190705
0.354503
0.066218
0.589512
0.049289
0.054681
0.052446
0.073193
0.212655
0.068375
0.033506
0.064045
0.053529
0.047166
0.422446
0.486085
0.542709
0.109934
0.522098
0.068835
0.597990
0.039579
0.039657
0.026828
0.024728
0.207085
0.043561
0.096024
0.026270
0.105478
0.038700
0.464382
0.537385
0.551608
0.036188
0.566607
0.037236
0.648090
0.678306
0.655937
0.612440
0.300171
0.571376
0.679532
0.630216
0.533066
0.677918
0.385215
0.497489
0.135635
0.594311
0.492641
0.638908
0.007888
0.033586
0.027568
0.241339
0.028285
0.074241
0.017512
0.094828
0.038766
0.475038
0.538049
0.635626
0.042729
0.554785
0.022258
0.030022
0.027387
0.256423
0.024867
0.066203
0.015333
0.102189
0.026200
0.465744
0.527533
0.655867
0.040484
0.540193
0.020482
0.039349
0.229559
0.048250
0.060333
0.037200
0.076434
0.031109
0.471310
0.525133
0.616348
0.053537
0.556989
0.027577
0.213884
0.026771
0.107457
0.012348
0.139142
0.041191
0.465382
0.530795
0.608564
0.018532
0.548118
0.037563
0.172058
0.248898
0.229283
0.171619
0.265967
0.252800
0.344811
0.293132
0.191590
0.385028
0.238713
0.082400
0.019980
0.091644
0.056302
0.359542
0.433375
0.576408
0.021789
0.435624
0.036576
0.088491
0.053998
0.066307
0.401502
0.432807
0.598441
0.121183
0.477219
0.080784
0.116246
0.041608
0.463093
0.530499
0.617180
0.020706
0.539289
0.018365
0.108341
0.323150
0.375930
0.483816
0.141612
0.408041
0.098198
0.474862
0.536592
0.626955
0.074379
0.556631
0.043267
0.057013
0.384787
0.408570
0.078281
0.481427
0.470343
0.469290
0.073904
0.548619
0.586146
0.535157
0.611467
0.491452
0.039885
0.567080
