0.672842
0.688073
0.791760
0.672166
0.604754
0.674872
0.552860
0.662502
0.731891
0.810503
0.737921
0.541810
0.612281
0.639184
0.933477
0.804791
0.462390
0.587091
0.665760
0.445423
0.794995
0.710371
0.701059
0.704903
0.992678
0.750174
0.635960
0.917971
0.856758
0.806445
0.940609
0.582643
0.683424
0.412748
0.585266
0.668888
0.949037
0.655184
0.618853
0.458451
0.746116
0.673354
0.697984
0.785268
0.469783
0.479063
0.724439
0.518664
0.596770
0.652467
0.743341
0.733737
0.709041
0.485019
0.691070
0.528938
0.781169
0.746267
0.617171
0.581572
0.673238
0.758355
0.743251
0.659112
0.598345
0.750174
0.736205
0.653979
0.623550
0.675486
0.748853
0.666426
0.961984
0.866291
0.831611
0.882615
0.861864
0.641279
0.829054
0.713147
0.780349
0.615996
0.712275
0.615987
0.806280
0.573151
0.592063
0.578399
0.628929
0.783209
0.636513
0.827816
0.545026
0.717545
0.440820
0.551384
0.657593
0.726731
0.781088
0.694438
0.611218
0.702499
0.553870
0.765052
0.652001
0.574352
0.745119
0.686717
0.767205
0.845945
0.710175
0.667014
0.727140
0.816597
0.713754
0.618931
0.713970
0.772669
0.724123
0.980797
0.853929
0.758024
0.831543
0.831737
0.655811
0.870290
0.736634
0.738816
0.633020
0.744092
0.764298
0.915120
0.759820
0.618335
0.633322
0.642530
0.801292
0.729987
0.714448
0.633061
0.712966
0.769103
0.701195
0.699983
0.905244
0.846481
0.822250
0.687488
0.804827
0.833904
0.830710
0.744174
0.810141
0.739352
0.800870
0.892993
0.880118
0.764941
0.832197
0.758140
0.666036
0.841230
0.792612
0.916274
0.813536
0.874250
0.900491
0.757668
0.893048
1.002285
0.807208
0.972717
0.918244
0.685340
0.796072
0.817632
0.833596
0.918125
0.771814
0.888870
0.766931
0.853006
0.776942
0.789213
0.860856
0.806559
0.736553
0.862544
0.828789
0.810479
0.463440
0.574383
0.506899
0.550701
0.674823
0.843809
0.759684
0.733600
0.614685
0.370006
0.858582
0.626038
0.500161
0.688434
0.850831
0.701333
0.716428
0.789608
0.630704
0.633073
0.935672
0.714323
0.778678
0.735695
0.857114
0.833555
0.841126
0.538022
0.613215
0.636381
0.495012
0.769801
0.982800
0.486466
0.535384
0.476967
0.634646
0.554680
0.758415
0.950741
0.506827
0.570149
0.717139
0.540109
0.564632
0.609476
0.606980
0.428407
0.650105
0.794267
0.683462
0.722888
0.591598
0.472570
0.876376
0.573149
0.511925
0.611530
0.775164
0.706480
0.677831
0.758917
0.619020
0.730724
0.874748
0.713367
0.824296
0.790127
0.814248
0.779246
0.855478
0.503637
0.594556
0.529613
0.527171
0.718562
0.906117
0.510730
0.526379
0.394713
0.644158
0.529079
0.728900
0.887497
0.507935
0.527622
0.722519
0.423175
0.515379
0.598916
0.440040
0.704751
0.780336
0.553033
0.503064
0.552624
0.627475
0.844740
0.631694
0.537814
0.622908
0.658493
0.630971
0.663742
0.594788
0.555865
0.498792
0.898418
0.789643
0.686968
0.754923
0.809820
0.632817
0.837804
0.451629
0.623946
0.567424
0.661689
0.609582
0.938054
0.523716
0.465039
0.521846
0.573974
0.563425
0.553862
0.811579
0.463809
0.638626
0.534435
0.455783
0.538410
0.628937
0.639548
0.850619
0.541378
0.636481
0.632133
0.403004
0.841869
0.674731
0.462144
0.573176
0.670646
0.604182
0.753780
0.663050
0.519469
0.509955
0.934437
0.591172
0.640083
0.832891
0.764535
0.781963
0.833142
0.575202
0.525945
0.546178
0.539619
0.752019
0.876453
0.512110
0.597123
0.488932
0.609117
0.580728
0.590233
0.820655
0.506213
0.522560
0.698255
0.542021
0.590693
0.702905
0.784710
0.490452
0.643453
0.542650
0.513454
0.750989
0.512104
0.528069
0.566287
0.745787
0.634082
0.616673
0.654447
0.526054
0.630577
0.934745
0.782871
0.676798
0.798715
0.799514
0.594049
0.869796
0.457069
0.595428
0.573767
0.553772
0.596609
0.908500
0.530647
0.404830
0.405161
0.546734
0.531306
0.586297
0.823637
0.405399
0.595236
0.583987
0.408713
0.585788
0.787031
0.673078
0.800864
0.658477
0.602181
0.935387
0.842670
0.565301
0.702575
0.817239
0.651117
0.669206
0.789244
0.752027
0.714116
0.842751
0.670036
0.800983
0.865780
0.711286
0.811914
0.839386
0.703555
0.737408
0.625093
0.633530
0.621256
0.817604
0.608204
0.778687
0.615435
0.731930
0.698460
0.838402
0.595189
0.690335
0.656676
0.711109
0.631360
0.694103
0.790262
0.763405
0.806598
0.889101
0.740401
0.855781
0.800879
0.805977
0.905269
0.856736
0.786455
0.826937
0.878720
0.851046
0.906709
0.898550
0.862727
0.874214
0.932991
0.834709
0.848520
0.786227
0.826191
0.767100
0.918602
0.821991
0.865216
0.842029
0.866723
0.859828
0.762365
0.845926
0.859005
0.693306
0.766219
0.865229
0.678184
0.813252
0.815239
0.720874
0.640787
0.630449
0.838017
0.631639
0.666352
0.758482
0.633882
0.698540
0.655900
0.722289
0.639644
0.624764
0.906471
0.703106
0.713912
0.862612
0.860154
0.549668
0.819784
0.682768
0.623216
0.665773
0.720468
0.689524
0.839155
0.713073
0.720124
0.606747
0.415107
0.689259
0.662408
0.602099
0.564761
0.623375
0.671645
0.599894
0.723858
0.669217
0.663900
0.850941
0.802138
0.665846
0.570505
0.650070
0.604544
0.839397
0.558836
0.708217
0.497123
0.935070
0.728784
0.727648
0.909032
0.830427
0.787695
0.871312
0.595676
0.661103
0.529213
0.666774
0.503214
0.931065
0.601613
0.532901
0.656199
0.788757
0.641703
0.485478
0.833682
0.591823
0.590777
0.600296
0.558624
0.576917
0.615781
0.742721
0.596757
0.613980
0.757753
0.718529
0.681533
0.681672
0.791014
0.628783
0.633501
1.020494
0.766287
0.860944
0.939517
0.987749
0.877489
0.914824
0.575703
0.645824
0.627729
0.569328
0.683833
0.973940
0.558773
0.572623
0.508030
0.579713
0.619824
0.739378
0.699592
0.414507
0.578243
0.671678
0.482160
0.437504
0.815142
0.574623
0.489607
0.591739
0.657366
0.658494
0.685683
0.592857
0.623482
0.602118
0.898816
0.515692
0.691158
0.654845
0.839278
0.699500
0.807575
0.583639
0.604953
0.567708
0.548629
0.646084
0.916725
0.480141
0.600497
0.517306
0.651957
0.527315
0.735631
0.836903
0.486145
0.530499
0.687406
0.492017
0.539262
0.778194
0.854720
0.882760
0.941468
0.867267
0.792931
0.919924
0.890258
0.870533
0.953237
0.948735
0.960829
0.874142
1.007975
0.965954
0.776007
0.836773
0.914159
0.826155
0.905388
0.866362
0.838447
0.834153
0.865894
0.902190
0.951860
0.911773
0.881456
0.836002
0.815867
0.935180
0.549957
0.739760
0.842645
0.660220
0.703399
0.757068
0.800549
0.648958
0.707210
0.633792
0.652349
0.952198
0.880112
0.770121
0.741675
0.836930
0.673353
0.868841
0.570054
0.719813
0.715065
0.651937
0.684288
0.919035
0.624530
0.632259
0.595200
0.623972
0.629459
0.709985
0.934128
0.566848
0.715011
0.597224
0.469922
0.680605
0.585181
0.734096
0.404392
0.513785
0.645786
0.580562
0.566083
0.886616
0.773917
0.710726
0.718797
0.719721
0.721506
0.853076
0.541443
0.601119
0.370608
0.459852
0.661881
0.891968
0.417439
0.491491
0.347912
0.702769
0.566102
0.645062
0.827541
0.492066
0.525343
0.614877
0.452089
0.591509
0.799847
0.639266
0.857007
0.676449
0.650804
0.610330
0.938918
0.747177
0.717617
0.813537
0.828696
0.883055
0.908346
0.497864
0.749630
0.608725
0.588207
0.587620
0.931604
0.636217
0.643589
0.483276
0.826288
0.609440
0.577591
0.856266
0.657441
0.617004
0.647406
0.541707
0.631051
0.685446
0.791450
0.714494
0.750981
0.650668
0.881202
0.739207
0.646895
0.899623
0.890214
0.777691
0.888724
0.747089
0.751156
0.720641
0.719077
0.714565
0.827057
0.779573
0.806607
0.764751
0.772554
0.699911
0.737998
0.806883
0.615184
0.660822
0.675216
0.653725
0.740699
0.555971
0.723208
0.576800
0.662453
0.808550
0.777813
0.495785
0.841239
0.779356
0.778741
0.876526
0.534225
0.681909
0.494825
0.513996
0.545375
0.885708
0.577103
0.567420
0.544089
0.803138
0.691348
0.663865
0.818584
0.504448
0.523111
0.681505
0.499264
0.625405
0.794969
0.758202
0.815626
0.844164
0.909837
0.719720
0.714367
0.801633
0.657350
0.793041
0.739526
0.768145
0.607980
0.681384
0.695193
0.866402
0.581239
0.648960
0.674359
0.678480
0.736303
0.780815
0.764758
0.592927
0.766027
0.586632
0.664951
0.726624
0.777020
0.676531
0.954324
0.793399
0.708014
0.838468
0.817556
0.713083
0.868121
0.713086
0.776388
0.684897
0.747482
0.621739
0.915228
0.552824
0.670606
0.678174
0.802381
0.687782
0.719522
0.882917
0.658026
0.736123
0.642939
0.678007
0.698415
0.440863
0.941901
0.707504
0.672919
0.899862
0.757314
0.747645
0.870405
0.360247
0.572675
0.645341
0.632934
0.657331
1.003840
0.559858
0.535364
0.614300
0.692614
0.590649
0.633224
0.960475
0.549803
0.621667
0.714318
0.469367
0.640596
0.893860
0.673384
0.789984
0.854607
0.777665
0.750636
0.863928
0.585643
0.650074
0.638757
0.636545
0.574257
0.916785
0.591141
0.533683
0.619380
0.761395
0.679493
0.612068
0.885135
0.626776
0.685626
0.560669
0.496973
0.669865
0.942015
0.852550
0.869357
0.607443
0.778511
0.575445
0.921134
0.940597
0.894869
0.959557
0.919166
0.623892
0.821235
0.997509
0.975664
0.918335
0.911993
0.922855
0.883847
0.938599
0.972975
0.794550
0.878521
0.976809
0.817571
0.922523
0.906446
0.835000
0.895142
0.761699
0.767131
0.715233
0.827745
0.655604
0.896257
0.778886
0.817324
0.771235
0.764659
0.700424
0.919367
0.745523
0.726342
0.741113
0.892988
0.688360
0.745064
0.794694
0.768332
0.815040
0.898651
0.642146
0.551390
0.715414
0.675721
0.749218
0.901670
0.756806
0.756437
0.755211
0.756984
0.747955
0.578904
0.884905
0.674345
0.620058
0.741871
0.735774
0.778259
0.837369
0.871077
0.851377
0.894466
0.881612
0.875271
0.782013
0.880642
0.892223
0.730547
0.845657
0.813798
0.899686
0.838844
0.839705
0.979330
0.833223
0.813849
0.747679
0.845394
0.828312
0.808304
0.799525
0.796096
0.821697
0.745971
0.874224
0.804173
0.730727
0.724821
0.854536
0.829025
0.885886
0.838373
0.820875
0.917873
0.886995
0.905384
0.743102
0.763725
0.964035
0.799097
0.869595
0.856063
0.756547
0.880292
0.737178
0.850729
0.723486
0.764712
0.705175
0.607944
0.824705
0.854620
0.769655
0.732132
0.861678
0.759071
0.709328
0.855195
0.843652
0.903929
0.851965
0.918944
0.863636
0.679308
0.722674
0.891476
0.920042
0.780748
0.898833
0.953559
0.871886
0.790855
0.886422
0.740964
0.810935
0.833107
0.579493
0.554727
0.580864
0.592813
0.944543
0.534430
0.503309
0.503562
0.717340
0.495014
0.597530
0.907904
0.459706
0.537256
0.643753
0.348818
0.494925
0.646053
0.596314
0.856144
0.929594
0.640839
0.609361
0.636724
0.668450
0.508782
0.577957
0.816265
0.605092
0.484558
0.797355
0.657704
0.647321
0.636500
0.597475
0.933032
0.505877
0.574842
0.485285
0.703804
0.544394
0.742690
0.750560
0.511233
0.569021
0.631598
0.449969
0.611427
0.736075
0.943943
0.526122
0.477583
0.379847
0.730540
0.606225
0.648698
0.888061
0.520084
0.227008
0.727336
0.501917
0.503825
0.854923
0.525295
0.692184
0.649190
0.744074
0.744988
0.723802
0.781019
0.628257
0.769831
0.555797
0.550199
0.714654
0.881135
1.009836
0.937184
0.941922
1.041480
0.928093
0.852743
0.903018
0.955929
0.712352
0.824846
0.922751
0.596863
0.477746
0.670273
0.487503
0.691280
0.840412
0.492427
0.572232
0.531726
0.467783
0.602738
0.495719
0.725247
0.594351
0.517907
0.943343
0.476748
0.519487
0.726709
0.483795
0.365477
0.575405
0.529551
0.639951
0.818803
0.418061
0.441554
0.659996
0.413329
0.521361
0.670562
0.776008
0.733158
0.440889
0.687349
0.787755
0.668602
0.697028
0.700337
0.793579
0.545202
0.544853
0.783418
0.573577
0.571136
0.957445
0.649859
0.649144
0.705287
0.663448
0.588964
0.885088
0.870022
0.782573
0.819877
0.811741
0.436174
0.617697
0.439009
0.456913
0.795576
0.534274
0.387872
0.442327
0.749744
0.479933
