0.331916
0.388571
0.423150
0.349293
0.165778
0.195428
0.499017
0.284033
0.544420
0.212748
0.396175
0.449101
0.667808
0.533278
0.349548
0.373891
0.166011
0.579322
0.105452
0.250140
0.369227
0.169508
0.192517
0.100284
0.187813
0.186026
0.382271
0.217066
0.045200
0.397140
0.121570
0.691530
0.106120
0.306802
0.224860
0.284685
0.643320
0.251814
0.160302
0.139280
0.132704
0.556939
0.662599
0.062602
0.084798
0.087433
0.157945
0.143731
0.136010
0.117028
0.698067
0.368195
0.446045
0.434659
0.149597
0.446728
0.552677
0.281775
0.409025
0.545889
0.535071
0.455523
0.544523
0.112145
0.441994
0.298882
0.260737
0.403875
0.069005
0.309678
0.116946
0.198906
0.309474
0.449829
0.070394
0.427423
0.357301
0.229874
0.405678
0.581259
0.302898
0.068840
0.463601
0.208054
0.340258
0.097789
0.594061
0.565785
0.386961
0.520842
0.318616
0.408395
0.172115
0.358666
0.416975
0.442487
0.300910
0.558930
0.172906
0.562527
0.598146
0.239609
0.268419
0.348505
0.419235
0.224055
0.334589
0.310116
0.271217
0.344243
0.176329
0.580439
0.220748
0.410321
0.407831
0.088298
0.496920
0.118307
0.228982
0.491543
0.604517
0.144835
0.594686
0.362940
0.157446
0.526564
0.341232
0.276924
0.172947
0.406599
0.150769
0.197352
0.187043
0.548186
0.569418
0.501077
0.320685
0.143452
0.514755
0.227091
0.446767
0.524521
0.602878
0.434134
0.348769
0.688115
0.773916
0.838410
0.244750
0.556733
0.766712
0.455522
0.447389
0.639962
0.547288
0.286704
0.553857
0.721692
0.699889
0.649537
0.485112
0.649624
0.739313
0.552683
0.425906
0.753829
0.759158
0.696626
0.802364
0.344198
0.695198
0.558869
0.644528
0.362895
0.694607
0.463678
0.588666
0.677399
0.629627
0.331092
0.433752
0.697502
0.638127
0.745358
0.573882
0.548183
0.600326
0.727882
0.677379
0.684606
0.590936
0.673795
0.492368
0.087948
0.173767
0.516257
0.069771
0.117717
0.177877
0.136942
0.116599
0.422871
0.627982
0.362986
0.508050
0.378822
0.337874
0.602125
0.235131
0.263251
0.604752
0.663359
0.375514
0.671674
0.258921
0.252424
0.549204
0.202405
0.206075
0.387253
0.263456
0.243307
0.345296
0.371069
0.338659
0.434886
0.552180
0.194559
0.323560
0.501089
0.298513
0.457830
0.561247
0.635981
0.513270
0.033957
0.462293
0.562000
0.779046
0.108045
0.597350
0.709666
0.883121
0.805828
0.612030
0.501525
0.013016
0.745818
0.084556
0.279691
0.460919
0.090967
0.286353
0.224233
0.106936
0.020031
0.452751
0.038274
0.195285
0.417376
0.083059
0.876554
0.274615
0.344503
0.462775
0.355605
0.792974
0.303447
0.295058
0.172037
0.018756
0.763145
0.747404
0.071733
0.191939
0.051906
0.021751
0.053956
0.077248
0.427778
0.659922
0.865379
0.092583
0.684753
0.813137
0.955782
0.889842
0.743454
0.491185
0.014484
0.788742
0.060994
0.288131
0.455330
0.038871
0.292447
0.254373
0.046687
0.010204
0.442140
0.015292
0.237097
0.442279
0.077501
0.965844
0.297694
0.326216
0.523678
0.410816
0.836920
0.289980
0.385160
0.261176
0.024037
0.846741
0.783260
0.087143
0.196642
0.088626
0.042490
0.035568
0.068694
0.587598
0.660862
0.271616
0.493266
0.673387
0.610344
0.641776
0.698152
0.221014
0.455019
0.493489
0.314864
0.430994
0.142742
0.321688
0.173947
0.330374
0.326311
0.446529
0.073122
0.401004
0.479415
0.173761
0.433978
0.617167
0.397934
0.077176
0.602269
0.330409
0.481328
0.115895
0.698587
0.631870
0.407202
0.596221
0.358159
0.476351
0.256490
0.424961
0.427137
0.468546
0.350422
0.228517
0.572407
0.129291
0.125413
0.273224
0.241187
0.090467
0.455857
0.595737
0.480271
0.507003
0.392013
0.409466
0.613084
0.300931
0.268786
0.624347
0.636425
0.456211
0.661537
0.217088
0.341271
0.510666
0.264052
0.188964
0.460020
0.175474
0.315788
0.477289
0.414660
0.198878
0.303582
0.528123
0.249952
0.472878
0.419180
0.306580
0.416306
0.528934
0.597545
0.526263
0.720352
0.153354
0.107177
0.063913
0.103052
0.196334
0.698224
0.822155
0.429181
0.746104
0.670724
0.572901
0.829492
0.459272
0.545834
0.827622
0.855227
0.563818
0.869628
0.495426
0.340147
0.805039
0.086958
0.461554
0.609829
0.260459
0.476371
0.440447
0.628015
0.452282
0.557303
0.737778
0.047690
0.414193
0.682977
0.517011
0.657162
0.717897
0.855092
0.734016
0.520845
0.681540
0.764339
0.717758
0.636723
0.415592
0.106435
0.640338
0.063326
0.284231
0.334741
0.064511
0.179075
0.210161
0.074534
0.100605
0.312185
0.084501
0.218340
0.276868
0.129502
0.775392
0.243579
0.180565
0.473890
0.277449
0.688368
0.199153
0.421379
0.304082
0.073596
0.663713
0.580132
0.134854
0.120084
0.107353
0.087919
0.114411
0.040838
0.069350
0.129948
0.140070
0.134638
0.508231
0.640729
0.388438
0.541617
0.413042
0.401003
0.630565
0.287094
0.338230
0.623649
0.670426
0.414857
0.686751
0.309308
0.234437
0.592275
0.147098
0.267224
0.421786
0.242688
0.274455
0.370849
0.429775
0.340941
0.420055
0.563216
0.137241
0.351894
0.514346
0.337537
0.470716
0.548430
0.663800
0.535102
0.114645
0.122216
0.098585
0.649945
0.756451
0.451936
0.687817
0.571993
0.563742
0.780050
0.421684
0.458435
0.778900
0.790369
0.580398
0.820780
0.393673
0.359200
0.731957
0.108443
0.368533
0.587869
0.225823
0.401423
0.457218
0.597851
0.344887
0.454714
0.675670
0.105866
0.458812
0.598012
0.456708
0.576718
0.648914
0.784913
0.672609
0.098873
0.249389
0.679993
0.922966
0.401009
0.824227
0.727884
0.549552
0.899720
0.477597
0.610896
0.888210
0.950135
0.555147
0.956102
0.602474
0.334277
0.912681
0.038660
0.528170
0.599202
0.371967
0.470506
0.386786
0.639422
0.595176
0.695598
0.837210
0.067274
0.339237
0.805974
0.578001
0.759215
0.812634
0.963362
0.804777
0.202740
0.591564
0.852482
0.263729
0.730186
0.668470
0.488324
0.821266
0.415355
0.474428
0.816656
0.881288
0.500631
0.897752
0.490587
0.367836
0.818013
0.162099
0.452480
0.565387
0.316431
0.396696
0.290505
0.557164
0.540896
0.641198
0.771878
0.121037
0.379166
0.729843
0.492241
0.667332
0.764806
0.874099
0.724890
0.585547
0.663204
0.494834
0.598447
0.506513
0.547873
0.715382
0.395646
0.372353
0.719975
0.713467
0.572363
0.744122
0.302503
0.417249
0.604099
0.232593
0.280159
0.566394
0.256503
0.360910
0.513270
0.544478
0.258390
0.351625
0.597194
0.214049
0.520768
0.506130
0.395861
0.474981
0.578378
0.676115
0.586699
0.494027
0.425831
0.329199
0.373880
0.082771
0.377532
0.181744
0.207450
0.387383
0.505322
0.119687
0.488524
0.380469
0.335598
0.407823
0.710095
0.317253
0.137196
0.564145
0.281096
0.417728
0.112173
0.604199
0.589579
0.458325
0.691720
0.407131
0.465758
0.260236
0.430820
0.514837
0.492026
0.407674
0.776566
0.064577
0.270325
0.455538
0.060966
0.285642
0.232351
0.072958
0.006117
0.450417
0.021058
0.205823
0.440221
0.069442
0.923209
0.276157
0.337016
0.488032
0.382117
0.824375
0.294619
0.322768
0.205264
0.013830
0.808987
0.770675
0.066217
0.186652
0.058725
0.022299
0.034001
0.071374
0.638433
0.680217
0.291542
0.717931
0.400351
0.463221
0.714813
0.798480
0.328031
0.805219
0.589296
0.401507
0.760662
0.454499
0.579803
0.482370
0.516032
0.374614
0.050579
0.440288
0.754435
0.759790
0.724066
0.406711
0.232383
0.744714
0.494475
0.630703
0.732021
0.789278
0.637394
0.213766
0.295996
0.022004
0.155146
0.117939
0.031638
0.068146
0.284884
0.068914
0.138774
0.346695
0.046176
0.852966
0.171514
0.177252
0.426441
0.270919
0.687565
0.149165
0.338929
0.243978
0.046706
0.726794
0.647445
0.062978
0.072628
0.056087
0.080857
0.046246
0.025629
0.362396
0.248788
0.244016
0.192904
0.235976
0.286195
0.384483
0.293565
0.152817
0.407697
0.163612
0.746723
0.156950
0.316007
0.462954
0.276350
0.664839
0.271150
0.299789
0.304328
0.257223
0.683847
0.612767
0.241231
0.231365
0.231788
0.302141
0.232367
0.247961
0.346386
0.115412
0.184729
0.355467
0.468011
0.053454
0.439700
0.364946
0.203427
0.402208
0.582739
0.304993
0.098759
0.482829
0.224549
0.265958
0.082623
0.581413
0.563508
0.407996
0.549398
0.219344
0.436459
0.201823
0.376762
0.444512
0.470261
0.356820
0.203094
0.180785
0.017718
0.052861
0.327089
0.041659
0.201209
0.387720
0.064427
0.931809
0.238249
0.211063
0.493286
0.368477
0.761175
0.185800
0.400398
0.297464
0.053071
0.812911
0.712129
0.093454
0.125943
0.094738
0.089483
0.051386
0.050950
0.098898
0.199405
0.302051
0.131827
0.290737
0.178446
0.125244
0.245723
0.510717
0.129069
0.076910
0.343088
0.150982
0.409110
0.078825
0.388398
0.376815
0.223102
0.431921
0.341715
0.248774
0.058441
0.217006
0.256487
0.303651
0.194104
0.201609
0.250360
0.213330
0.249703
0.086238
0.274245
0.141462
0.644982
0.092498
0.164414
0.305190
0.181183
0.485118
0.111364
0.259824
0.243881
0.191783
0.556606
0.501898
0.154490
0.070689
0.133271
0.231588
0.208727
0.166016
0.070122
0.343019
0.064026
0.216300
0.382894
0.083613
0.924684
0.231218
0.213490
0.517619
0.339050
0.763316
0.202001
0.430170
0.336900
0.064711
0.801621
0.705415
0.118600
0.136754
0.121697
0.099633
0.064246
0.054201
0.453975
0.014604
0.226220
0.455702
0.076266
0.954293
0.299983
0.338927
0.515972
0.413602
0.845530
0.301932
0.350738
0.223912
0.020417
0.842238
0.793308
0.074470
0.199526
0.073728
0.031065
0.038697
0.078104
0.422463
0.378312
0.194355
0.397821
0.587755
0.317073
0.070874
0.486879
0.256764
0.333308
0.067998
0.596097
0.560454
0.400802
0.542190
0.306835
0.427412
0.200758
0.370601
0.433091
0.452960
0.345160
0.249764
0.429900
0.081912
0.960348
0.304072
0.306885
0.533401
0.420133
0.846446
0.272788
0.382600
0.258417
0.031245
0.852491
0.774501
0.091230
0.193085
0.085284
0.043812
0.047520
0.081280
0.348906
0.114205
0.621854
0.054229
0.301922
0.218900
0.258476
0.619174
0.241700
0.109138
0.119844
0.165295
0.518027
0.624404
0.091943
0.100478
0.113984
0.197490
0.174880
0.160778
0.444473
0.318285
0.276583
0.169829
0.343980
0.212597
0.393245
0.190010
0.487123
0.466598
0.357814
0.266642
0.274961
0.413172
0.205013
0.351864
0.355588
0.490713
0.341599
0.930188
0.175777
0.289486
0.445927
0.360626
0.785351
0.229483
0.260339
0.175255
0.067217
0.812855
0.756611
0.055781
0.143142
0.066360
0.106708
0.034493
0.075001
0.553483
0.625092
0.385387
0.473904
0.444592
0.661170
0.579745
0.665535
0.838266
0.063442
0.364047
0.810057
0.606698
0.757437
0.799330
0.973611
0.816413
0.233185
0.258800
0.198595
0.599852
0.196057
0.191987
0.217407
0.220619
0.468835
0.556690
0.164382
0.084644
0.175027
0.254952
0.244316
0.196016
0.486732
0.202672
0.487886
0.053582
0.530862
0.482587
0.280574
0.568258
0.379532
0.312369
0.124294
0.284467
0.314500
0.339084
0.218450
0.422033
0.554076
0.432928
0.196360
0.261400
0.419640
0.249235
0.586128
0.317881
0.279935
0.333802
0.410746
0.485160
0.434329
0.404906
0.204839
0.465353
0.436366
0.320782
0.413242
0.355040
0.357334
0.177744
0.268484
0.334340
0.391623
0.244432
0.451440
0.766898
0.787352
0.770266
0.427126
0.139337
0.795556
0.534287
0.688286
0.782313
0.847250
0.696973
0.476894
0.424489
0.251546
0.597816
0.421804
0.274608
0.100989
0.224913
0.290634
0.289242
0.201706
0.054048
0.290736
0.508731
0.758444
0.168724
0.288677
0.225445
0.292592
0.318209
0.359496
0.180556
0.585453
0.767204
0.094942
0.253619
0.123783
0.176546
0.207773
0.246045
0.715409
0.702487
0.047085
0.132754
0.041237
0.013008
0.043975
0.045936
0.375513
0.686158
0.489680
0.636657
0.683191
0.845990
0.689015
0.753833
0.493298
0.669491
0.707952
0.811088
0.639956
0.116407
0.041142
0.062577
0.056341
0.084216
0.104306
0.156413
0.179194
0.101347
0.047655
0.059199
0.053319
0.069044
0.067815
0.052049
