0.838473
0.753087
0.608428
0.601326
0.627777
0.644024
0.759215
0.609207
0.733276
0.641311
0.892803
0.778451
0.686829
0.884453
0.864952
0.751718
0.858650
0.946726
0.740229
0.758261
0.680788
0.688681
0.847915
0.827557
0.774555
0.800908
0.753478
0.603766
0.766147
0.706397
0.889518
0.646580
0.672757
0.644239
0.648025
0.773242
0.856773
0.685676
0.908860
0.749252
0.713569
0.777072
0.827136
0.678140
0.793307
0.753100
0.798817
0.967533
0.630454
0.730870
0.742328
0.777810
0.786221
0.695574
0.734663
0.619954
0.764258
0.585249
0.748017
0.789869
0.749269
0.833324
0.786219
0.713438
0.849521
0.774167
0.632584
0.840951
0.715637
0.672966
0.634209
0.760908
0.620932
0.656505
0.686733
0.772968
0.739405
0.767529
0.870689
0.590932
0.689036
0.727044
0.752319
0.670887
0.639311
0.677942
0.871619
0.662712
0.700279
0.654359
0.737189
0.721704
0.728676
0.715719
0.765314
0.961315
0.635886
0.573747
0.613330
0.697990
0.565897
0.586294
0.553415
0.572805
0.600818
0.688065
0.669297
0.468545
0.769396
0.769291
0.400658
0.820764
0.764360
0.490174
0.721404
0.548581
0.443571
0.654583
0.725800
0.654480
0.682430
0.564441
0.640924
0.717434
0.663015
0.818119
0.449473
0.352584
0.370854
0.546550
0.739533
0.753495
0.502370
0.874788
0.536043
0.699147
0.674393
0.555381
0.502516
0.606142
0.484604
0.606195
0.981519
0.638028
0.531197
0.711601
0.557580
0.730841
0.459905
0.748828
0.567423
0.830483
0.747378
0.634143
0.783819
0.762688
0.568833
0.813142
0.923885
0.665440
0.671861
0.536272
0.507823
0.729211
0.870228
0.626085
0.757944
0.593088
0.622367
0.694689
0.618670
0.849895
0.636728
0.596154
0.597209
0.670807
0.663611
0.654339
0.606373
0.847926
0.639266
0.570546
0.703527
0.774040
0.635945
0.611473
0.601692
0.702705
0.965872
0.570982
0.699621
0.594097
0.733878
0.392604
0.693680
0.776668
0.910352
0.730198
0.648598
0.908293
0.834753
0.552612
0.901056
0.776306
0.588603
0.957892
0.750320
0.411113
0.748354
0.872894
0.692600
0.693528
0.690595
0.783874
0.808098
0.713283
0.942185
0.542793
0.600520
0.697367
0.612355
0.758034
0.731258
0.556248
0.943788
0.592857
0.684180
0.736136
0.725269
0.669713
0.588785
0.710658
0.727892
1.010816
0.677396
0.670535
0.805130
0.620439
0.868859
0.650803
0.829216
0.722717
0.555458
0.864330
0.821021
0.694554
0.833952
0.849727
0.717012
0.714277
0.693403
0.646935
0.740227
0.748385
0.618143
0.763865
0.739496
0.713233
0.777600
0.766972
0.855037
0.743295
0.676281
0.577518
0.754620
0.715528
0.664207
0.683069
0.879555
0.546706
0.679696
0.755329
0.709421
0.653748
0.725303
0.620931
0.406088
1.027022
0.642049
0.583734
0.551199
0.653027
0.592282
0.702730
0.572478
0.621017
0.739600
0.696566
0.578565
0.744596
0.795938
0.607871
0.704523
0.452837
0.467719
0.709320
0.749017
0.497328
0.554274
0.613918
0.744994
0.716697
0.566060
0.834834
0.646246
0.602934
0.559216
0.490565
0.768461
0.619938
0.589520
0.759883
0.541774
0.693258
0.573159
0.590657
0.538379
0.617138
0.692862
0.664401
0.962059
0.594068
0.701419
0.649267
0.675160
0.696921
0.793418
0.734039
0.783656
0.804852
0.724639
0.778958
0.812907
0.729379
0.763696
0.642097
0.588741
0.750178
0.630498
0.663272
0.530157
0.603180
0.777734
0.830525
0.647130
0.852459
0.533392
0.672360
0.710250
0.585653
0.827824
0.889607
0.700747
0.880825
0.710141
0.875648
0.694108
0.644238
0.630759
0.661744
0.750254
0.729153
1.056453
0.651375
0.756120
0.522397
0.752007
0.623172
0.560332
0.746468
0.882735
0.511271
0.716080
0.714267
0.582922
0.765541
0.709826
0.395046
0.652326
0.773949
0.635106
0.724144
0.711970
0.735804
0.670673
0.623887
0.908868
0.428752
0.438976
0.567064
0.627049
0.664770
0.601875
0.521842
0.877829
0.494501
0.408947
0.769374
0.808211
0.659948
0.560100
0.538296
0.588199
0.952319
0.554181
0.725883
0.783926
0.791846
0.747218
0.844441
0.784884
0.656214
0.818141
0.807252
0.564824
0.823139
0.644813
0.525555
0.639930
0.843845
0.603373
0.720893
0.596942
0.852695
0.906220
0.765548
0.960172
0.657641
0.730171
0.689893
0.688136
0.779201
0.850134
0.745966
0.899586
0.772168
0.850129
0.656891
0.625881
0.721883
0.670285
0.783453
0.779609
0.936641
0.672944
0.696105
0.605090
0.648168
0.740882
0.758240
0.675839
0.679632
0.849914
0.573370
0.570523
0.500383
0.535223
0.617110
0.696598
0.629394
0.673615
0.592467
0.739783
0.742643
0.633117
0.797082
0.537185
0.528648
0.496759
0.623448
0.702053
0.602681
0.608943
0.814560
0.553815
0.604580
0.599942
0.673464
0.575428
0.697605
0.514471
0.670866
1.038790
0.493462
0.742318
0.751743
0.786312
0.861264
0.851189
0.814013
0.697308
0.778417
0.752141
0.729322
0.715886
0.429174
0.576072
0.551064
0.520030
0.618595
0.902248
0.795307
0.669601
0.899526
0.694484
0.803690
0.805734
0.687540
0.809888
0.774141
0.826007
0.808217
0.760427
0.812825
0.714511
0.612143
0.763940
0.839380
0.663554
0.723792
0.992836
0.763164
0.695474
0.916708
0.753082
0.727429
0.915467
0.888742
0.647830
0.714262
0.600151
0.597946
0.645619
0.787600
0.665397
0.738571
0.726003
0.874127
0.819592
0.771514
0.943268
0.707160
0.689897
0.636229
0.735467
0.701854
0.707366
0.679694
0.875055
0.622211
0.764850
0.731188
0.717563
0.667118
0.794061
0.681845
0.732139
0.985794
0.645027
0.795734
0.711600
0.491797
0.867613
0.694713
0.578408
0.765930
0.617968
0.548832
0.739043
0.792824
0.681373
0.682698
0.588996
0.648973
0.620063
0.747250
0.874116
0.600717
0.534156
0.471492
0.602614
0.708518
0.787680
0.542426
0.680816
0.408278
0.640598
0.609148
0.640100
0.634170
0.551995
0.580926
0.455858
1.030689
0.633917
0.892885
0.893316
0.528912
0.859419
0.864376
0.712825
0.689118
0.797804
0.838155
0.837858
0.791372
0.816775
0.749565
0.837862
0.914673
0.632308
0.746166
0.812451
0.783577
0.812204
0.635100
0.834158
0.802890
0.894043
0.870753
0.785398
0.939570
0.798052
0.786210
0.776302
0.841486
0.844413
0.756755
0.923743
0.700096
0.776477
0.843196
0.819469
0.769858
0.835385
0.637322
0.781408
0.785985
0.856339
0.779449
0.805716
0.650071
0.824309
0.844722
0.850049
0.875675
0.816204
0.858245
0.731033
0.846296
0.846081
0.828263
0.817146
0.699914
0.691581
0.869751
0.663782
0.743813
0.812454
0.847110
0.795286
0.839954
0.891058
0.788404
0.911404
0.862972
0.486630
0.845767
0.610091
0.422732
0.775403
0.800375
0.580665
0.727149
0.631039
0.621039
0.704137
0.795850
0.919194
0.524668
0.430021
0.477899
0.703337
0.738217
0.727047
0.399518
0.934835
0.538202
0.700643
0.646993
0.745810
0.512938
0.551728
0.686309
0.666996
0.990943
0.647664
0.814356
0.852017
0.723454
0.736350
0.816399
0.804648
0.815729
0.824964
0.862953
0.732179
0.903049
0.912647
0.680231
0.793690
0.808560
0.844014
0.832397
0.763385
0.875750
0.814504
0.902227
0.872039
0.798070
0.886164
0.694035
0.803836
0.834425
0.850640
0.810644
0.881664
0.938471
0.726567
0.888351
0.894681
0.913230
0.759266
0.782660
0.790863
0.753652
0.771251
0.782860
0.946555
0.877818
0.766006
0.903077
0.767247
0.856954
0.798392
0.742374
0.955471
0.931920
0.868629
0.829632
0.788904
0.819695
0.735936
0.705782
0.954150
0.731936
0.709003
0.744812
0.929521
0.892391
0.819114
0.532636
0.454372
0.721081
0.776416
0.715927
0.733246
0.690425
0.816929
0.807946
0.819658
0.893502
0.521321
0.513858
0.548758
0.713621
0.662997
0.788139
0.487851
0.799140
0.527211
0.660747
0.667031
0.718515
0.475415
0.637705
0.606860
0.711590
1.015385
0.546973
0.652173
0.760599
0.751527
0.809166
0.775197
0.753824
0.760212
0.761853
0.792397
0.640060
0.770777
0.763476
0.636249
0.607729
0.715897
0.822678
0.706242
0.849766
0.831485
0.841201
0.748013
0.799754
0.778819
0.773316
0.907270
0.758587
0.690312
0.968881
0.756380
0.597282
0.659526
0.729939
0.591346
0.669874
0.512249
0.677943
0.753865
0.702905
0.834419
0.634269
0.559878
0.472305
0.534062
0.455643
0.757043
0.640080
0.705784
0.617877
0.772509
0.559832
0.527700
0.336183
0.664229
0.645572
0.679880
0.986733
0.310773
0.620539
0.674094
0.499567
0.582147
0.556776
0.764893
0.760321
0.652909
0.847681
0.400583
0.490417
0.542100
0.594813
0.771649
0.672723
0.445897
0.830077
0.468972
0.655048
0.573909
0.656724
0.525364
0.459583
0.605659
0.573096
0.980794
0.610316
0.648559
0.417239
0.549425
0.479083
0.899937
0.750764
0.641369
0.896321
0.650901
0.765538
0.754264
0.684462
0.603207
0.708482
0.737644
0.848808
0.641275
0.786711
0.676664
0.566341
0.725821
0.719888
0.632964
0.709608
0.908017
0.632045
0.640857
0.721831
0.682243
0.887099
0.819549
0.826693
0.855966
0.793162
0.793045
0.752045
0.780185
0.843728
0.860080
0.818121
0.791608
0.735201
0.898020
0.757035
0.730682
0.697914
0.767156
0.717304
0.743252
1.007900
0.733686
0.483675
0.551505
0.813627
0.722883
0.632231
0.901074
0.672104
0.756265
0.715151
0.663181
0.624437
0.645328
0.652016
0.800000
0.545786
0.732112
0.593068
0.534994
0.648080
0.564829
0.701977
0.649795
0.964972
0.534355
0.551229
0.790045
0.797161
0.600648
0.856100
0.590979
0.717828
0.758211
0.640018
0.790402
0.784027
0.762483
0.830862
0.580209
0.830113
0.563024
0.540366
0.647390
0.682394
0.733003
0.677817
1.013087
0.666870
0.712527
0.695412
0.669180
0.820896
0.578157
0.632711
0.588909
0.537654
0.735212
0.703409
0.760330
0.782292
0.623391
0.736660
0.433481
0.514234
0.620758
0.640901
0.590502
0.733918
0.974671
0.668081
0.676069
0.708389
0.716673
0.710745
0.528177
0.537685
0.714628
0.843093
0.854010
0.735816
0.939863
0.788657
0.748197
0.721409
0.827883
0.729221
0.808183
0.783594
0.716340
0.979917
0.781679
0.817359
0.835346
0.622499
0.682018
0.631653
0.756358
0.768510
0.653934
0.745217
0.915092
0.726040
0.518722
0.826168
0.824159
0.808768
0.779506
0.733240
0.703361
0.950345
0.762478
0.585904
0.737999
0.638654
0.687448
0.550106
0.823620
0.722150
0.798643
0.858366
0.742219
0.818698
0.665455
0.712162
0.761709
0.776431
0.723668
0.647377
0.867869
0.742491
0.931278
0.808126
0.741979
0.804936
0.962517
0.972404
0.900774
0.807934
0.830285
0.931437
0.728636
0.839064
0.913067
0.958930
0.785409
0.822909
0.872326
0.902508
0.486889
0.579777
0.536375
0.679475
0.736988
0.423817
0.889789
0.540747
0.654382
0.689570
0.651038
0.519492
0.538300
0.616944
0.671463
0.911711
0.544703
0.317344
0.580097
0.726552
0.768778
0.452097
0.919060
0.572303
0.531105
0.733485
0.716394
0.529447
0.644632
0.558538
0.598297
1.025626
0.621262
0.621959
0.739065
0.732783
0.587394
0.874642
0.571918
0.556010
0.647588
0.668935
0.511825
0.640753
0.555851
0.635950
1.020408
0.608147
0.768741
0.814634
0.586783
0.787750
0.644084
0.801319
0.650985
0.556458
0.590852
0.728163
0.668082
0.629199
1.017409
0.680336
0.731609
0.628057
0.864308
0.585142
0.784066
0.795012
0.689253
0.473354
0.692079
0.711535
0.705950
1.015028
0.269002
0.728384
0.980584
0.676291
0.676270
0.808549
0.814188
0.793707
0.877271
0.765767
0.760930
0.990151
0.729016
0.834316
0.435243
0.720632
0.809940
0.694110
0.486076
0.578157
0.647896
0.580384
1.022319
0.574079
0.700490
0.827407
0.694181
0.813974
0.843121
0.912287
0.818337
0.743398
0.942079
0.786073
0.639907
0.643009
0.580279
0.512689
0.441578
0.500081
0.484389
0.969368
0.440477
0.766247
0.889338
0.830132
0.707193
0.552068
0.701670
1.004878
0.704101
0.641503
0.672655
0.633989
0.725318
0.734788
0.926246
0.658511
0.664039
0.703508
0.677195
0.641646
0.961260
0.624862
0.592130
0.682761
0.650456
1.024603
0.338330
0.699114
0.609310
1.001689
0.516995
0.557280
0.990509
0.644596
1.006183
0.627986
0.962191
