0.048407
0.414152
0.161284
0.457219
0.051384
0.542786
0.207994
0.605871
0.568867
0.087050
0.419273
0.363727
0.251884
0.039174
0.046838
0.412106
0.062738
0.075882
0.089833
0.057988
0.418298
0.453529
0.135591
0.552536
0.114619
0.125102
0.503272
0.068540
0.156327
0.284432
0.431630
0.122938
0.226038
0.557865
0.466178
0.419990
0.058232
0.117610
0.154507
0.057183
0.359127
0.293783
0.288130
0.054470
0.226757
0.409016
0.203253
0.112093
0.057197
0.483095
0.178092
0.522767
0.031619
0.617430
0.195004
0.636423
0.643403
0.057555
0.478373
0.434769
0.303096
0.056336
0.043801
0.474025
0.088313
0.058122
0.083070
0.031049
0.474940
0.516697
0.105606
0.630364
0.101344
0.073662
0.578896
0.022121
0.163220
0.227444
0.513043
0.145306
0.216854
0.637627
0.532799
0.500070
0.064766
0.091842
0.168833
0.104618
0.418129
0.333212
0.250068
0.023487
0.290971
0.485705
0.260488
0.092178
0.030485
0.562125
0.099407
0.553508
0.074486
0.614161
0.853325
0.070837
0.577884
0.111221
0.128729
0.159927
0.488072
0.442108
0.025500
0.454022
0.494685
0.535949
0.524467
0.067475
0.043211
0.577222
0.336841
0.629277
0.590692
0.036348
0.501082
0.600301
0.853939
0.055933
0.417057
0.531162
0.055229
0.027804
0.105158
0.331721
0.548710
0.677399
0.330666
0.059494
0.207581
0.827703
0.490835
0.217520
0.274336
0.224204
0.590126
0.418837
0.614383
0.150710
0.605920
0.037222
0.584983
0.628958
0.081943
0.553514
0.432492
0.363900
0.171392
0.135229
0.538407
0.097520
0.068383
0.042129
0.126170
0.576334
0.553618
0.041788
0.591146
0.106257
0.075041
0.599949
0.133676
0.032651
0.227944
0.560748
0.047419
0.151081
0.668852
0.585505
0.530543
0.252788
0.049854
0.064958
0.236572
0.490325
0.461736
0.195794
0.132286
0.460159
0.481010
0.451398
0.069074
0.156441
0.594072
0.174432
0.647158
0.825094
0.153841
0.623327
0.093766
0.249353
0.172430
0.500962
0.517941
0.119181
0.566668
0.538677
0.578842
0.585054
0.086123
0.120817
0.633709
0.418132
0.646517
0.624881
0.146395
0.559475
0.667318
0.843368
0.156916
0.513408
0.579904
0.095755
0.083508
0.190350
0.385162
0.601892
0.696180
0.383350
0.057078
0.091588
0.820663
0.506792
0.247760
0.327874
0.204912
0.604087
0.491135
0.684946
0.176488
0.532126
0.712068
0.035755
0.560371
0.466171
0.347099
0.033344
0.035497
0.541725
0.072716
0.052608
0.077295
0.028161
0.562021
0.579855
0.093964
0.626601
0.051636
0.078153
0.641073
0.032365
0.123400
0.167869
0.567696
0.145126
0.191301
0.708883
0.604058
0.541757
0.086182
0.081888
0.112975
0.109103
0.481952
0.373373
0.174836
0.029876
0.308048
0.489366
0.280392
0.058659
0.054850
0.655528
0.897983
0.022100
0.694955
0.137006
0.113031
0.186061
0.607905
0.557721
0.040294
0.538047
0.589124
0.618666
0.633888
0.090592
0.039120
0.654885
0.284696
0.714853
0.682454
0.027803
0.614330
0.659217
0.936802
0.083081
0.452650
0.553463
0.056707
0.037028
0.107472
0.454975
0.641848
0.751383
0.431885
0.101242
0.314103
0.894708
0.612170
0.330834
0.261592
0.361567
0.687027
0.536835
0.612273
0.662166
0.109657
0.560817
0.514605
0.425372
0.209288
0.159825
0.595022
0.162708
0.093371
0.063490
0.162452
0.597366
0.603226
0.064985
0.681725
0.129082
0.082748
0.661550
0.163269
0.068831
0.213821
0.647245
0.100782
0.164219
0.731321
0.632752
0.617035
0.307192
0.084227
0.070810
0.308575
0.546978
0.477308
0.201898
0.148791
0.543248
0.579011
0.512706
0.079961
0.195941
0.910182
0.594804
0.885832
0.724306
0.689505
0.513065
0.643023
0.830929
0.615859
0.619213
0.616506
0.608299
0.864026
0.804049
0.636529
0.627141
0.416700
0.597532
0.840733
0.609058
0.586543
0.364860
0.805272
0.606457
0.404694
0.871197
0.842064
0.751794
0.608365
0.639868
0.476573
0.585532
0.781542
0.687227
0.324956
0.607002
0.602165
0.560741
0.599201
0.559056
0.665690
0.720661
0.109904
0.151875
0.205785
0.637303
0.581474
0.052778
0.573643
0.615300
0.641813
0.667141
0.083545
0.044497
0.683494
0.316772
0.746436
0.706672
0.035752
0.648172
0.686797
0.971130
0.107187
0.492014
0.585811
0.054751
0.040420
0.137377
0.490010
0.666603
0.773589
0.472970
0.105491
0.295934
0.928073
0.634737
0.359058
0.294002
0.373450
0.705972
0.569572
0.586417
0.499267
0.386647
0.073564
0.056571
0.570705
0.072217
0.025328
0.039039
0.036814
0.597627
0.612152
0.030214
0.680025
0.064023
0.043422
0.665438
0.036587
0.053348
0.174079
0.598292
0.109240
0.203797
0.734102
0.628799
0.582659
0.145336
0.025051
0.081758
0.166112
0.508857
0.419077
0.169894
0.038626
0.390258
0.549766
0.368551
0.020226
0.066681
0.262749
0.186189
0.493367
0.451530
0.114576
0.488423
0.502743
0.513060
0.520400
0.035225
0.122464
0.584214
0.473211
0.617361
0.570554
0.145219
0.517950
0.597714
0.838373
0.215006
0.446126
0.554394
0.136536
0.098591
0.251865
0.385057
0.552246
0.655197
0.381912
0.093154
0.171588
0.813123
0.485515
0.339679
0.388910
0.289541
0.579148
0.450648
0.090669
0.397580
0.377651
0.072420
0.331841
0.397136
0.441663
0.441634
0.183194
0.072308
0.478903
0.117225
0.472791
0.508135
0.082692
0.422212
0.479495
0.701204
0.058162
0.281838
0.331212
0.134288
0.112334
0.033339
0.266744
0.470510
0.544770
0.230864
0.121990
0.297869
0.653866
0.423535
0.174354
0.094731
0.235296
0.496499
0.362552
0.277998
0.279764
0.103538
0.288186
0.293893
0.328188
0.336626
0.154833
0.108107
0.384168
0.254159
0.359427
0.385687
0.164674
0.306950
0.422404
0.587300
0.133890
0.245302
0.276303
0.183969
0.133673
0.092203
0.170223
0.371855
0.460586
0.163188
0.064878
0.132220
0.547936
0.283215
0.139673
0.137540
0.159345
0.371878
0.257376
0.062745
0.470864
0.100158
0.066010
0.103174
0.058550
0.484928
0.505547
0.137620
0.531522
0.070380
0.127060
0.565339
0.065163
0.154551
0.193736
0.489456
0.149420
0.186953
0.618058
0.525589
0.461963
0.066116
0.129636
0.124896
0.059323
0.407197
0.305182
0.200024
0.037600
0.227132
0.409084
0.198623
0.077305
0.083046
0.432005
0.056159
0.044170
0.074327
0.051162
0.461531
0.468150
0.089325
0.590069
0.103562
0.097554
0.524094
0.047727
0.119008
0.250199
0.468634
0.105434
0.197662
0.602864
0.492859
0.450849
0.083660
0.083143
0.138231
0.094961
0.393433
0.338372
0.250757
0.037651
0.283283
0.458881
0.260941
0.078235
0.046098
0.431268
0.473503
0.518820
0.507323
0.062991
0.014323
0.559788
0.259268
0.595897
0.574761
0.019467
0.482773
0.582569
0.829119
0.037851
0.384762
0.475772
0.049830
0.016252
0.057674
0.308867
0.537328
0.663325
0.303875
0.041611
0.207139
0.793833
0.474685
0.199543
0.208438
0.224325
0.572608
0.405676
0.068341
0.078084
0.055679
0.483911
0.467289
0.090384
0.504525
0.109059
0.106658
0.502426
0.072762
0.076514
0.288027
0.441445
0.067054
0.184816
0.591644
0.502262
0.422960
0.113094
0.074275
0.134000
0.107133
0.420242
0.425940
0.260990
0.095232
0.305326
0.399805
0.315044
0.107240
0.071927
0.029044
0.041630
0.511190
0.502384
0.030938
0.585994
0.072898
0.043667
0.562666
0.035316
0.070653
0.197455
0.505473
0.068880
0.150717
0.633223
0.527660
0.481032
0.113180
0.032714
0.094264
0.132007
0.420924
0.359009
0.195902
0.021856
0.326553
0.462661
0.312551
0.021384
0.050112
0.049763
0.530022
0.549391
0.023202
0.638049
0.074558
0.025419
0.607265
0.054243
0.063585
0.214709
0.559063
0.058921
0.163052
0.671511
0.573155
0.532661
0.157114
0.022336
0.091064
0.180827
0.455171
0.394904
0.208376
0.058567
0.401879
0.492265
0.386418
0.041891
0.067514
0.519723
0.551532
0.069082
0.621481
0.073332
0.050385
0.602389
0.020742
0.109649
0.211536
0.543217
0.113218
0.199577
0.675447
0.574112
0.529995
0.088608
0.054132
0.139075
0.119225
0.464333
0.397809
0.219436
0.036176
0.330740
0.492177
0.309702
0.064820
0.035156
0.072209
0.601691
0.380450
0.615777
0.590399
0.085671
0.514939
0.616539
0.836819
0.139735
0.446819
0.540432
0.087212
0.052911
0.173799
0.354261
0.572622
0.674023
0.345214
0.071525
0.186775
0.814629
0.491131
0.281291
0.318529
0.256074
0.597854
0.445489
0.593475
0.242236
0.614179
0.603654
0.017274
0.524168
0.611668
0.831831
0.049301
0.405158
0.457969
0.050362
0.014918
0.056227
0.351852
0.575979
0.677735
0.339502
0.052016
0.215116
0.793489
0.507419
0.225464
0.198349
0.248315
0.600394
0.448232
0.669184
0.094845
0.028073
0.643965
0.061634
0.043670
0.203904
0.591960
0.067552
0.180649
0.718318
0.616730
0.571292
0.194339
0.011326
0.091323
0.220364
0.504066
0.449597
0.195469
0.074290
0.440529
0.537947
0.431906
0.035890
0.086042
0.581866
0.689846
0.235883
0.609663
0.635159
0.751420
0.206016
0.449782
0.405474
0.266423
0.300919
0.159331
0.439008
0.665091
0.652209
0.358647
0.318648
0.476039
0.698723
0.612649
0.269870
0.077407
0.338104
0.659984
0.581493
0.081737
0.684652
0.085378
0.102690
0.090097
0.622322
0.127103
0.105297
0.743912
0.652271
0.567984
0.163424
0.102398
0.064343
0.160543
0.528682
0.420261
0.075751
0.073333
0.379272
0.450973
0.357529
0.060223
0.124750
0.665869
0.042439
0.091881
0.179590
0.614631
0.089621
0.163060
0.732633
0.628062
0.594143
0.172402
0.026701
0.111147
0.223612
0.508261
0.422521
0.188944
0.059269
0.433251
0.535673
0.409831
0.052737
0.064419
0.582731
0.646545
0.902514
0.039907
0.444943
0.527511
0.033970
0.021359
0.068965
0.404755
0.622781
0.729144
0.382093
0.085478
0.285081
0.861866
0.578169
0.252777
0.219836
0.284280
0.662582
0.504751
0.128314
0.212847
0.516124
0.103289
0.179607
0.654578
0.548442
0.497107
0.070962
0.052294
0.153502
0.124562
0.429867
0.359617
0.224460
0.024281
0.305961
0.459011
0.297038
0.061755
0.016088
0.209861
0.603120
0.082540
0.196406
0.726098
0.636544
0.585991
0.255939
0.048619
0.053185
0.230303
0.546057
0.512448
0.176754
0.131405
0.475893
0.546121
0.462518
0.060038
0.162035
0.843152
0.288646
0.181030
0.956615
0.870647
0.790491
0.341611
0.236388
0.111641
0.333413
0.763661
0.611941
0.022376
0.189298
0.546753
0.650543
0.519029
0.156193
0.286006
0.406795
0.496071
0.061636
0.052785
0.022689
0.320456
0.568404
0.681271
0.302210
0.082273
0.259706
0.804443
0.512387
0.155190
0.170948
0.207931
0.607618
0.436257
0.121411
0.523407
0.442670
0.380153
0.163665
0.075007
0.126767
0.158214
0.361748
0.390426
0.262261
0.120815
0.336695
0.332457
0.348933
0.111964
0.103100
0.602982
0.523592
0.425983
0.228701
0.207777
0.158393
0.213590
0.444719
0.409919
0.153295
0.175097
0.360901
0.283378
0.360495
0.171409
0.203580
0.035080
0.097145
0.460036
0.692925
0.790793
0.431715
0.080030
0.264761
0.917662
0.635647
0.277180
0.241831
0.293591
0.728719
0.576779
0.079796
0.370439
0.594202
0.708108
0.364195
0.044116
0.199750
0.835120
0.526377
0.237904
0.247562
0.248653
0.620895
0.469183
0.299436
0.556099
0.648161
0.280074
0.089277
0.253399
0.742915
0.488625
0.145229
0.118153
0.213106
0.578246
0.423886
0.173876
0.272625
0.045433
0.270333
0.233637
0.345931
0.075377
0.114789
0.302796
0.125389
0.169153
0.051914
0.108895
0.208971
0.479344
0.425591
0.224234
0.069992
0.418146
0.531532
0.406069
0.039950
0.069820
0.231930
0.608050
0.502934
0.103470
0.126377
0.477732
0.560117
0.444264
0.063343
0.203996
0.273889
0.260704
0.325737
0.106766
0.114617
0.259898
0.109030
0.185784
0.112985
0.091765
0.727527
0.405508
0.180208
0.208997
0.177474
0.503027
0.358244
0.598694
0.302354
0.196589
0.318075
0.137651
0.393434
0.312442
0.205916
0.538215
0.592504
0.518668
0.150531
0.297592
0.285183
0.467601
0.254758
0.042221
0.035793
0.188840
0.037043
0.394418
0.263316
0.240562
0.539363
0.419993
0.369520
0.260686
0.099065
