0.018756
0.456650
0.648268
0.019685
0.033419
0.008788
0.384276
0.032712
0.035445
0.039560
0.050990
0.028493
0.039056
0.767021
0.038870
0.753616
0.249637
0.598153
0.786094
0.027429
0.449523
0.665085
0.699524
0.027851
0.009062
0.131672
0.030718
0.420592
0.014960
0.032582
0.547916
0.023435
0.494129
0.736286
0.151087
0.593598
0.426130
0.575787
0.045966
0.588966
0.066153
0.028732
0.348513
0.032270
0.204380
0.097595
0.391400
0.850841
0.142749
0.477583
0.617310
0.017008
0.032930
0.023172
0.419372
0.025533
0.012926
0.026119
0.022145
0.044384
0.021772
0.819999
0.024909
0.812377
0.252204
0.629721
0.857914
0.025798
0.498586
0.732162
0.746863
0.016500
0.027693
0.118952
0.019706
0.479993
0.015540
0.068023
0.519992
0.031425
0.461537
0.782923
0.121873
0.633374
0.407050
0.559202
0.024901
0.584075
0.033393
0.012214
0.297143
0.016546
0.217010
0.106948
0.422624
0.921404
0.152583
0.495713
0.407893
0.398054
0.432423
0.153520
0.392471
0.488071
0.425703
0.453200
0.397095
0.427831
0.289277
0.421202
0.310291
0.230674
0.207851
0.289752
0.397641
0.255183
0.310805
0.325069
0.407434
0.437799
0.283774
0.405357
0.268362
0.430797
0.423432
0.391349
0.438316
0.338845
0.286567
0.330618
0.180824
0.274016
0.291664
0.423751
0.300590
0.435373
0.474937
0.352939
0.443346
0.297542
0.299471
0.190920
0.322046
0.299085
0.621196
0.532151
0.629043
0.598208
0.560076
0.591718
0.592821
0.595408
0.542746
0.596446
0.615203
0.586498
0.595849
0.648012
0.434752
0.656390
0.572305
0.416587
0.562705
0.450179
0.562454
0.613064
0.441141
0.587395
0.623095
0.601676
0.609105
0.101936
0.642581
0.160119
0.614639
0.428627
0.587731
0.169203
0.222044
0.620873
0.252104
0.558957
0.641596
0.213054
0.593167
0.635161
0.591254
0.612308
0.693142
0.650677
0.026098
0.015074
0.338676
0.016420
0.023430
0.014094
0.019327
0.038016
0.010885
0.772087
0.016958
0.763387
0.200738
0.594591
0.797930
0.020679
0.471843
0.690093
0.719688
0.011236
0.017896
0.083270
0.015893
0.440599
0.010822
0.059671
0.520961
0.017488
0.448722
0.723166
0.120464
0.565619
0.372040
0.514517
0.010191
0.533976
0.037730
0.017396
0.290262
0.018678
0.141276
0.064619
0.336121
0.859854
0.099795
0.031136
0.361711
0.021366
0.038238
0.033482
0.042556
0.016201
0.035080
0.726945
0.022674
0.710469
0.242339
0.525138
0.749448
0.025406
0.400973
0.610995
0.636909
0.017452
0.024088
0.086543
0.026909
0.422177
0.021060
0.047557
0.425046
0.041467
0.389515
0.694006
0.094099
0.554657
0.312106
0.459013
0.041874
0.470017
0.045010
0.038387
0.235359
0.027067
0.205968
0.098514
0.370569
0.812976
0.145847
0.367565
0.028352
0.035896
0.037481
0.042867
0.025622
0.035839
0.743672
0.036222
0.731253
0.227209
0.577270
0.760032
0.020130
0.426102
0.635724
0.670997
0.024961
0.011027
0.117353
0.028021
0.405259
0.012223
0.029182
0.530724
0.018435
0.481470
0.709900
0.152284
0.564858
0.404360
0.546171
0.037184
0.564996
0.069971
0.033259
0.340220
0.033380
0.189649
0.087107
0.367621
0.823880
0.129647
0.354874
0.460046
0.383426
0.417080
0.368276
0.371013
0.357994
0.383092
0.370034
0.171614
0.315102
0.348012
0.382556
0.393714
0.420663
0.473836
0.376697
0.370710
0.250567
0.354207
0.270394
0.378819
0.355738
0.540665
0.380878
0.352051
0.350380
0.319895
0.237893
0.368857
0.292165
0.363633
0.269225
0.382451
0.421978
0.376021
0.406917
0.210262
0.200510
0.060459
0.383795
0.191082
0.025498
0.015741
0.026845
0.028318
0.015401
0.753214
0.010298
0.742890
0.226682
0.551526
0.792250
0.018277
0.423880
0.661662
0.660307
0.010166
0.025286
0.072035
0.022262
0.448681
0.017288
0.063948
0.447400
0.027030
0.408419
0.711789
0.099666
0.564214
0.315464
0.486037
0.024440
0.506637
0.040879
0.028621
0.243372
0.023062
0.159256
0.079996
0.363083
0.852686
0.120007
0.018117
0.013710
0.051417
0.016051
0.857925
0.020004
0.845708
0.277289
0.656681
0.901937
0.025033
0.501983
0.768347
0.762509
0.013140
0.037322
0.109847
0.026211
0.528714
0.020933
0.092223
0.493059
0.034124
0.455272
0.809844
0.120626
0.659175
0.375790
0.564328
0.025454
0.591069
0.032760
0.015397
0.278672
0.017425
0.207969
0.119367
0.450649
0.965829
0.167641
0.012341
0.045530
0.010401
0.812598
0.010740
0.797876
0.221277
0.617266
0.851877
0.027715
0.491916
0.739736
0.737193
0.013608
0.031686
0.076273
0.024383
0.499447
0.019849
0.093207
0.485525
0.024553
0.440370
0.751772
0.111384
0.591242
0.339574
0.519617
0.014203
0.543732
0.031389
0.023515
0.257079
0.012093
0.139060
0.078961
0.362643
0.914246
0.108445
0.063161
0.012817
0.847389
0.019621
0.837021
0.225966
0.642185
0.890603
0.030821
0.519982
0.765378
0.763982
0.018624
0.047280
0.086307
0.026670
0.527872
0.027568
0.109758
0.491326
0.036272
0.449677
0.780639
0.115439
0.621749
0.352486
0.527594
0.011633
0.562047
0.033277
0.020636
0.259783
0.018071
0.164810
0.098050
0.395528
0.953604
0.130163
0.055335
0.694274
0.040641
0.666541
0.247117
0.494669
0.710889
0.018877
0.357569
0.567211
0.582939
0.027323
0.020822
0.103139
0.036663
0.390530
0.019291
0.026585
0.419217
0.035858
0.405948
0.672757
0.110223
0.536198
0.316417
0.471220
0.064574
0.493334
0.078270
0.055195
0.265033
0.039523
0.219186
0.101798
0.372923
0.777320
0.152408
0.815510
0.011499
0.813752
0.224271
0.630560
0.856757
0.030465
0.497028
0.743693
0.751341
0.013151
0.034176
0.072829
0.021319
0.494286
0.022926
0.095177
0.502044
0.026893
0.429694
0.761884
0.111948
0.604731
0.348532
0.519108
0.009997
0.535088
0.028005
0.021858
0.257864
0.019803
0.137491
0.076293
0.362871
0.917843
0.111772
0.796233
0.149163
0.549452
0.183985
0.096230
0.741831
0.268203
0.189461
0.161299
0.779757
0.756169
0.677405
0.772881
0.324482
0.772111
0.678250
0.551488
0.782510
0.543312
0.276218
0.698375
0.307428
0.557272
0.444614
0.810369
0.429263
0.823716
0.838166
0.677688
0.810376
0.673664
0.656162
0.426072
0.096184
0.657791
0.788272
0.239699
0.606589
0.837811
0.028183
0.478901
0.721288
0.722243
0.012791
0.034547
0.087483
0.027953
0.505659
0.023503
0.085869
0.479147
0.035195
0.427829
0.742608
0.109712
0.594476
0.343264
0.513547
0.017481
0.528928
0.031095
0.018734
0.251213
0.020021
0.162620
0.096223
0.381707
0.895728
0.129843
0.506265
0.178742
0.093577
0.718059
0.312554
0.213277
0.222700
0.759921
0.733983
0.665190
0.741559
0.325971
0.745836
0.648139
0.528783
0.756863
0.523735
0.100221
0.665690
0.155070
0.520578
0.420207
0.810310
0.380697
0.810292
0.838115
0.656593
0.796800
0.674946
0.623867
0.418307
0.110151
0.644158
0.415737
0.545845
0.225520
0.451142
0.540189
0.584943
0.229228
0.239273
0.176467
0.194079
0.321182
0.226010
0.274517
0.546716
0.207459
0.418729
0.382272
0.226717
0.230444
0.392920
0.435702
0.201080
0.450826
0.231531
0.254898
0.360421
0.223237
0.144632
0.090374
0.112615
0.607616
0.063058
0.195636
0.524435
0.132581
0.117381
0.097639
0.566237
0.580694
0.455577
0.550088
0.208794
0.568797
0.506593
0.300045
0.596510
0.320957
0.299926
0.418365
0.273766
0.310105
0.279757
0.632623
0.288055
0.617432
0.656882
0.418725
0.599882
0.576830
0.478727
0.394056
0.245343
0.517148
0.768145
0.285492
0.137805
0.202094
0.811609
0.768645
0.711329
0.794650
0.244666
0.794125
0.665730
0.608436
0.800582
0.585903
0.210170
0.744380
0.236420
0.589026
0.491193
0.845329
0.451182
0.866354
0.884593
0.743767
0.850301
0.695378
0.667200
0.406561
0.024683
0.672097
0.393129
0.620835
0.628528
0.009628
0.026225
0.090629
0.019421
0.416906
0.008288
0.050420
0.444792
0.022053
0.421581
0.705079
0.099358
0.557920
0.327566
0.496446
0.035721
0.531085
0.059042
0.031733
0.266474
0.023476
0.195868
0.091349
0.385756
0.837225
0.140011
0.124648
0.104987
0.438142
0.426806
0.375093
0.445020
0.178657
0.439168
0.362369
0.286804
0.458332
0.384833
0.444807
0.391823
0.391824
0.294382
0.374955
0.517944
0.382621
0.514587
0.530748
0.428292
0.479850
0.519094
0.421805
0.451022
0.346489
0.480937
0.096098
0.677401
0.647770
0.594890
0.662436
0.157906
0.661878
0.541476
0.464500
0.678858
0.522763
0.348877
0.597878
0.344342
0.476993
0.452501
0.744775
0.438586
0.748140
0.766839
0.623650
0.711294
0.702223
0.598767
0.503936
0.169251
0.634381
0.688375
0.677794
0.598949
0.695711
0.301860
0.683608
0.585175
0.329512
0.704706
0.464684
0.366365
0.589191
0.375381
0.384030
0.383104
0.758815
0.415923
0.768574
0.773614
0.548240
0.725584
0.702538
0.644245
0.540851
0.241880
0.677795
0.023879
0.074318
0.010644
0.451003
0.007986
0.065202
0.451549
0.024875
0.404674
0.730531
0.085342
0.577983
0.325142
0.491464
0.021233
0.516289
0.028972
0.020124
0.240913
0.012282
0.177652
0.081932
0.379562
0.875543
0.129937
0.107808
0.027790
0.410378
0.013601
0.029135
0.509605
0.016999
0.470369
0.712168
0.146144
0.567877
0.381495
0.539543
0.041615
0.551646
0.067187
0.039035
0.322487
0.029671
0.184592
0.085720
0.361473
0.835010
0.131004
0.071919
0.399711
0.095281
0.163430
0.326692
0.105641
0.264966
0.620419
0.062228
0.463688
0.170431
0.327210
0.091188
0.336373
0.079167
0.126797
0.135103
0.090351
0.111530
0.055043
0.252811
0.776188
0.090414
0.415087
0.011528
0.069481
0.473802
0.023506
0.399458
0.707201
0.079095
0.550859
0.346394
0.496501
0.028475
0.511414
0.030896
0.032946
0.252656
0.014666
0.175661
0.059813
0.352091
0.861593
0.105712
0.428923
0.346232
0.542496
0.428987
0.496546
0.416859
0.424421
0.328387
0.484897
0.505193
0.495807
0.484025
0.491597
0.530103
0.557303
0.469330
0.466589
0.344965
0.323114
0.304429
0.381601
0.043195
0.489030
0.012333
0.441525
0.727268
0.109466
0.576122
0.364419
0.519128
0.027749
0.543644
0.047243
0.024565
0.284674
0.014657
0.187086
0.079300
0.376862
0.860148
0.126451
0.505738
0.056669
0.476176
0.670226
0.184268
0.540697
0.406432
0.516373
0.098183
0.532778
0.133398
0.084613
0.369335
0.084438
0.258914
0.129716
0.375697
0.729522
0.184832
0.533634
0.149851
0.580713
0.290940
0.530483
0.075267
0.204502
0.527556
0.249649
0.470661
0.536865
0.144729
0.481911
0.558672
0.492017
0.562162
0.667549
0.554446
0.483426
0.721244
0.149263
0.565118
0.395971
0.564581
0.029295
0.583503
0.070230
0.041016
0.332567
0.024913
0.164713
0.072007
0.354895
0.868778
0.107569
0.535126
0.228463
0.471290
0.140271
0.146315
0.455364
0.129317
0.392204
0.479416
0.108993
0.437300
0.451348
0.355625
0.388853
0.627633
0.413051
0.654271
0.044962
0.522299
0.451063
0.750628
0.404846
0.761338
0.796047
0.636370
0.756429
0.572363
0.562867
0.338018
0.218461
0.546292
0.513300
0.198121
0.335032
0.134829
0.358602
0.074219
0.129773
0.097691
0.095219
0.235579
0.116989
0.356518
0.810980
0.166789
0.434435
0.398262
0.588738
0.379680
0.604033
0.644160
0.533129
0.599201
0.410135
0.399966
0.210769
0.261391
0.375910
0.164686
0.375118
0.195393
0.341265
0.413058
0.080527
0.361730
0.331692
0.318651
0.385783
0.646113
0.365776
0.521774
0.048964
0.502006
0.564626
0.190836
0.528860
0.473723
0.420215
0.331947
0.522235
0.459680
0.548903
0.039478
0.020497
0.284295
0.024570
0.139691
0.080645
0.346247
0.906837
0.105527
0.511256
0.596313
0.215873
0.556140
0.473002
0.414314
0.320334
0.480665
0.458466
0.038044
0.213330
0.026226
0.180591
0.094020
0.390149
0.925943
0.133304
0.302625
0.022293
0.199234
0.116613
0.426790
0.942442
0.151178
0.260480
0.323079
0.266488
0.404777
0.793216
0.314755
0.188601
0.087980
0.389534
0.914730
0.123543
0.083034
0.175089
0.744040
0.061524
0.181959
0.730129
0.020459
0.450683
0.150830
0.730024
