0.030575
0.025622
0.751696
0.664657
0.091176
0.097045
0.028900
0.065697
0.044154
0.144993
0.179743
0.406472
0.045746
0.868195
0.036852
0.370943
0.078229
0.106850
0.341811
0.270074
0.138689
0.560694
0.034736
0.034885
0.027226
0.682718
0.040138
0.080360
0.017797
0.509524
0.017882
0.319080
0.745714
0.011804
0.042916
0.121337
0.679756
0.683724
0.694362
0.788715
0.740739
0.351693
0.073272
0.623614
0.458116
0.373173
0.059211
0.037216
0.030262
0.030949
0.693938
0.670222
0.073216
0.075081
0.038896
0.052280
0.040564
0.112429
0.161393
0.421979
0.041246
0.839819
0.029495
0.416298
0.064402
0.066294
0.263937
0.278060
0.097589
0.597480
0.031585
0.036078
0.042688
0.663738
0.007164
0.117537
0.033600
0.500367
0.020128
0.305768
0.761991
0.046151
0.048450
0.101980
0.704382
0.679009
0.721741
0.770550
0.699232
0.365813
0.044978
0.589648
0.412230
0.382952
0.049432
0.018697
0.026208
0.751798
0.682919
0.059234
0.067730
0.040063
0.038895
0.024344
0.091712
0.170536
0.376010
0.031211
0.887883
0.035934
0.344966
0.083337
0.091769
0.299811
0.257900
0.097180
0.536490
0.058320
0.021040
0.052319
0.696635
0.025720
0.066221
0.019635
0.521496
0.024393
0.292282
0.724603
0.031202
0.029307
0.092806
0.680213
0.722050
0.694269
0.790093
0.776882
0.323994
0.040947
0.613814
0.441536
0.350149
0.043475
0.023736
0.022807
0.297722
0.761967
0.714379
0.825569
0.811677
0.722471
0.690552
0.665548
0.722699
0.762136
0.325365
0.702460
0.764100
0.666503
0.667838
0.390649
0.479549
0.681004
0.857183
0.719340
0.791469
0.779753
0.325648
0.700022
0.809799
0.791490
0.288337
0.762574
0.724880
0.615003
0.806125
0.776249
0.714927
0.446369
0.258430
0.512117
0.242773
0.286814
0.544426
0.765988
0.256488
0.336126
0.696614
0.777337
0.749025
0.795777
0.752875
0.680094
0.792275
0.799924
0.682382
0.664569
0.530576
0.457263
0.724486
0.278279
0.651947
0.452508
0.623757
0.655576
0.527213
0.498081
0.670876
0.599099
0.702417
0.747170
0.742995
0.143649
0.689998
0.616316
0.705495
0.332223
0.710310
0.502759
0.359278
0.727070
0.750570
0.641512
0.126940
0.342005
0.210672
0.152121
0.196873
0.309372
0.732939
0.217081
0.491186
0.423134
0.696916
0.707129
0.774915
0.096879
0.068197
0.048933
0.044344
0.123063
0.203949
0.493177
0.059325
0.938363
0.048600
0.484360
0.139392
0.143497
0.297184
0.368003
0.129386
0.611467
0.074049
0.049658
0.067373
0.779550
0.056207
0.165760
0.068281
0.640558
0.079618
0.388363
0.830897
0.091511
0.067988
0.128973
0.781960
0.704050
0.779169
0.852793
0.808722
0.398532
0.058971
0.693475
0.491273
0.458429
0.104231
0.067957
0.053562
0.076769
0.039327
0.048171
0.033728
0.213667
0.342920
0.028554
0.921983
0.113281
0.385651
0.031746
0.024645
0.187206
0.192131
0.027655
0.467300
0.142231
0.043418
0.098364
0.727534
0.053735
0.123373
0.087787
0.487811
0.055916
0.251905
0.726821
0.116358
0.040521
0.016262
0.689998
0.699403
0.693006
0.803328
0.803931
0.254728
0.029284
0.569787
0.339273
0.297924
0.031379
0.039819
0.067974
0.030045
0.039483
0.135801
0.226113
0.469178
0.026296
0.990634
0.052693
0.453023
0.071932
0.097492
0.340778
0.307749
0.115882
0.602282
0.042963
0.020143
0.012779
0.811283
0.037824
0.122871
0.025691
0.591586
0.019852
0.362163
0.854047
0.024646
0.026372
0.101660
0.801443
0.766246
0.805326
0.907447
0.854930
0.411063
0.046629
0.713718
0.485132
0.431301
0.058484
0.028870
0.015727
0.025861
0.071588
0.239272
0.449972
0.018397
1.020181
0.068714
0.453395
0.068540
0.068319
0.257614
0.280689
0.063700
0.571545
0.082643
0.015039
0.052491
0.830337
0.030827
0.129641
0.043675
0.598449
0.033138
0.344329
0.834672
0.067994
0.019074
0.061850
0.808700
0.791905
0.818075
0.909635
0.893468
0.379631
0.021450
0.676522
0.438731
0.400783
0.045271
0.024398
0.025148
0.079841
0.212530
0.429718
0.015526
0.923049
0.042797
0.412097
0.069364
0.075600
0.250262
0.261855
0.072905
0.564579
0.065479
0.021759
0.045660
0.730851
0.025651
0.113010
0.035897
0.533028
0.029952
0.340969
0.773283
0.054884
0.022512
0.066668
0.710712
0.693313
0.728201
0.798105
0.793454
0.327387
0.036958
0.617106
0.404867
0.380991
0.059627
0.032603
0.031176
0.222614
0.314838
0.069826
0.904658
0.148590
0.361923
0.078250
0.051808
0.168970
0.188561
0.032560
0.433166
0.201570
0.079654
0.164439
0.707508
0.081620
0.148113
0.131593
0.482926
0.102934
0.244550
0.674863
0.173881
0.085023
0.054955
0.659790
0.700875
0.667384
0.764118
0.796776
0.228671
0.053394
0.529890
0.316990
0.285869
0.055087
0.074748
0.105199
0.250365
0.228053
0.549664
0.155522
0.222715
0.226772
0.238223
0.378102
0.355710
0.264001
0.436527
0.187075
0.212307
0.243619
0.438891
0.175903
0.113485
0.169142
0.541620
0.206104
0.170452
0.521372
0.210300
0.258817
0.223615
0.470109
0.550973
0.408567
0.575679
0.479064
0.230122
0.205030
0.525892
0.517162
0.233875
0.151017
0.177854
0.208924
0.416761
0.621144
0.441169
0.087528
0.369685
0.371172
0.456846
0.318136
0.370814
0.162904
0.508995
0.416903
0.508679
0.391060
0.416402
0.225388
0.406151
0.480763
0.418403
0.036963
0.214267
0.444160
0.441205
0.317776
0.302798
0.714516
0.295719
0.558668
0.619605
0.122056
0.383379
0.380494
0.538268
0.053708
0.317230
0.379138
0.458815
0.970903
0.066086
0.422543
0.044231
0.050453
0.263336
0.239487
0.056394
0.541504
0.080056
0.009863
0.039312
0.774953
0.027801
0.114667
0.042705
0.523265
0.019145
0.321123
0.794472
0.052579
0.007175
0.049515
0.747138
0.730361
0.759093
0.853174
0.840381
0.334066
0.018337
0.634926
0.407611
0.378061
0.037459
0.016929
0.023583
0.826060
0.592993
0.877680
0.885454
0.730098
0.715632
0.933890
0.790093
0.846646
0.974043
0.959569
0.135415
0.877187
0.791088
0.899484
0.511687
0.930006
0.644640
0.394887
0.924211
0.998104
0.898098
0.274038
0.348114
0.211825
0.149589
0.069131
0.548419
0.959930
0.413674
0.696137
0.616392
0.896839
0.915746
0.964921
0.397595
0.118766
0.134670
0.312006
0.331232
0.150965
0.618500
0.029262
0.050283
0.045378
0.644414
0.035232
0.115460
0.031033
0.562206
0.047493
0.342578
0.753986
0.046025
0.072449
0.141430
0.679974
0.657352
0.698230
0.747298
0.688781
0.375230
0.079019
0.613624
0.473842
0.398950
0.086424
0.054402
0.041822
0.398528
0.427576
0.546274
0.368486
0.417092
0.281274
0.474318
0.414103
0.485084
0.377123
0.420243
0.178233
0.365569
0.545330
0.412161
0.144206
0.262442
0.404537
0.444387
0.351453
0.263011
0.715991
0.252033
0.519224
0.600815
0.154407
0.411035
0.431596
0.585464
0.102765
0.329378
0.388867
0.448253
0.027185
0.193627
0.173601
0.042384
0.517739
0.123710
0.059977
0.081795
0.684325
0.057042
0.146317
0.090760
0.413784
0.049765
0.280317
0.746736
0.104875
0.055058
0.036567
0.657971
0.661022
0.674839
0.768815
0.740273
0.266904
0.051368
0.520823
0.294904
0.312891
0.049402
0.040827
0.080172
0.163535
0.180360
0.032094
0.510678
0.145849
0.068678
0.116040
0.694991
0.053604
0.162100
0.109441
0.425504
0.058441
0.266310
0.736250
0.132107
0.060960
0.041983
0.693062
0.683488
0.715874
0.772329
0.759009
0.289583
0.047301
0.537110
0.301015
0.328134
0.045878
0.047336
0.081419
0.243572
0.147458
0.594357
0.345292
0.290238
0.343352
0.573049
0.231576
0.395682
0.336175
0.400864
0.293847
0.381148
0.683930
0.392196
0.275996
0.187119
0.609734
0.555452
0.659066
0.582172
0.621081
0.304520
0.237830
0.364581
0.144369
0.394283
0.270515
0.257934
0.315407
0.210253
0.433972
0.341018
0.267329
0.323506
0.540123
0.267643
0.252200
0.282210
0.146815
0.241896
0.310599
0.554563
0.299238
0.244804
0.194415
0.518219
0.536687
0.523906
0.585179
0.662918
0.208174
0.264820
0.332079
0.262398
0.279236
0.214919
0.242520
0.295756
0.500053
0.186178
0.070605
0.137103
0.737896
0.067705
0.186291
0.134666
0.481647
0.090750
0.286476
0.743340
0.166923
0.065551
0.035619
0.686600
0.722339
0.718809
0.793811
0.808741
0.268803
0.037297
0.541602
0.270262
0.332204
0.069989
0.059594
0.100884
0.663059
0.543393
0.642682
0.636424
0.582827
0.364125
0.552052
0.622925
0.558702
0.202230
0.337926
0.589781
0.562189
0.443124
0.466731
0.773599
0.431174
0.730613
0.795887
0.226338
0.517631
0.555451
0.669596
0.184420
0.448326
0.528920
0.591156
0.068194
0.034174
0.690913
0.045849
0.146823
0.032157
0.551767
0.045114
0.392480
0.816019
0.035843
0.081665
0.171214
0.750325
0.659037
0.757056
0.790873
0.707514
0.443967
0.102136
0.654135
0.501141
0.462563
0.106370
0.062350
0.045721
0.033355
0.784508
0.024774
0.101822
0.031538
0.562367
0.015951
0.319441
0.797350
0.038846
0.009151
0.068605
0.754960
0.757845
0.768406
0.875385
0.845635
0.352245
0.017405
0.657341
0.442356
0.382696
0.035160
0.012248
0.013289
0.780254
0.047051
0.150456
0.035740
0.575553
0.026942
0.404057
0.865948
0.025899
0.037473
0.126490
0.779356
0.712930
0.794769
0.872958
0.807156
0.425747
0.067943
0.699746
0.474950
0.467319
0.083455
0.045683
0.025818
0.695359
0.595420
0.707654
0.387359
0.734346
0.428520
0.233115
0.740264
0.801378
0.699504
0.127277
0.401360
0.181673
0.116920
0.129086
0.369304
0.767076
0.247254
0.566753
0.401183
0.705014
0.725660
0.785737
0.121543
0.035509
0.514063
0.021035
0.303639
0.761406
0.056677
0.034081
0.078759
0.719152
0.698652
0.738857
0.788343
0.741751
0.353609
0.026014
0.590987
0.389847
0.377639
0.044035
0.012102
0.022651
0.066339
0.523031
0.095492
0.175725
0.560713
0.091477
0.121910
0.125258
0.544695
0.726698
0.519008
0.723103
0.721261
0.224530
0.125238
0.577291
0.522939
0.200344
0.067106
0.096200
0.115720
0.552137
0.020198
0.312303
0.757168
0.018452
0.042172
0.106806
0.710337
0.730648
0.712926
0.811497
0.778840
0.360200
0.062400
0.650463
0.491850
0.364752
0.051244
0.033499
0.025209
0.503457
0.494475
0.534087
0.546265
0.532131
0.486679
0.432752
0.439168
0.483253
0.411427
0.469301
0.360230
0.554342
0.239429
0.314137
0.462800
0.512939
0.511349
0.575634
0.316310
0.782118
0.023314
0.018278
0.081040
0.733443
0.730655
0.752593
0.838066
0.796482
0.360264
0.039104
0.631932
0.429376
0.376358
0.033079
0.013716
0.014518
0.301279
0.351912
0.346770
0.239545
0.392226
0.715176
0.378075
0.603264
0.611297
0.154517
0.277162
0.405640
0.521014
0.067984
0.220871
0.272322
0.350795
0.786519
0.815896
0.689632
0.183927
0.649150
0.219808
0.335724
0.469893
0.307897
0.771711
0.351100
0.687787
0.264269
0.700693
0.755259
0.824843
0.046073
0.144304
0.732791
0.738429
0.744600
0.846835
0.802086
0.400189
0.085167
0.682580
0.517387
0.413200
0.073623
0.047493
0.028009
0.066626
0.773516
0.756142
0.797202
0.879089
0.872189
0.368180
0.025058
0.658212
0.413933
0.408764
0.047050
0.021766
0.021057
0.643732
0.710979
0.644130
0.772393
0.785017
0.219977
0.048350
0.532756
0.337860
0.258394
0.052432
0.059690
0.105152
0.473643
0.096217
0.210515
0.273350
0.236002
0.745415
0.285108
0.543722
0.297801
0.681356
0.720655
0.783766
0.448279
0.302123
0.299126
0.500034
0.755308
0.484899
0.534466
0.694635
0.717799
0.735217
0.743340
0.229935
0.251344
0.221576
0.757509
0.350266
0.623491
0.282273
0.672117
0.729256
0.800357
0.154502
0.437662
0.854223
0.302803
0.554240
0.555529
0.809893
0.829346
0.879536
0.496821
0.833162
0.365627
0.594925
0.591820
0.780672
0.787493
0.833647
0.326795
0.314867
0.344560
0.090674
0.271833
0.328937
0.402344
0.617931
0.405268
0.354034
0.035560
0.013272
0.036142
0.383776
0.330055
0.598219
0.596612
0.700922
0.489109
0.420279
0.409176
0.465054
0.280654
0.342255
0.430838
0.023693
0.043495
0.020969
