0.651743
0.607537
0.461049
0.730693
0.607110
0.649018
0.762243
0.610243
0.794105
0.725310
0.796452
0.815271
0.761335
0.672760
0.671870
0.732939
0.755979
0.805233
0.644251
0.554297
0.593452
0.592399
0.618009
0.806796
0.601861
0.704161
0.403665
0.688163
0.548873
0.632332
0.678221
0.828289
0.906681
0.584153
0.819663
0.578215
0.588300
0.523169
0.529375
0.644453
0.764100
0.699570
0.690245
0.769160
0.796393
0.703607
0.719231
0.697509
0.677633
0.622006
0.568021
0.533149
0.510554
0.615391
0.441000
0.469476
0.771192
0.818162
0.537530
0.645186
0.472827
0.772778
0.609420
0.665159
0.865460
0.862338
0.622945
0.601428
0.709731
0.562441
0.716803
0.894335
0.596747
0.486563
0.623324
0.438938
0.696456
0.593358
0.647908
0.947037
0.762808
0.639117
0.845982
0.672514
0.668114
0.551058
0.525717
0.800686
0.515411
0.683573
0.421784
0.415698
0.667563
0.761255
0.434162
0.456332
0.511356
0.576150
0.542808
0.607877
0.650719
0.713715
0.421852
0.606862
0.660034
0.647968
0.612066
0.524823
0.716366
0.455347
0.639871
0.713075
0.629821
0.660303
0.703991
0.662296
0.644726
0.585285
0.686451
0.630749
0.555369
0.527618
0.579975
0.637488
0.572222
0.630373
0.691220
0.828593
0.589871
0.825532
0.545619
0.604039
0.495229
0.552083
0.682510
0.672541
0.599736
0.602719
0.701342
0.817345
0.592271
0.682438
0.510203
0.721235
0.531748
0.540871
0.579279
0.716100
0.550830
0.767431
0.782543
0.715347
0.637174
0.607853
0.751914
0.590275
0.581514
0.774975
0.851040
0.604288
0.426515
0.529138
0.563476
0.525218
0.871356
0.585285
0.594271
0.479449
0.520770
0.560801
0.514819
0.640270
0.839473
0.883368
0.519325
0.819843
0.641381
0.471399
0.473821
0.466962
0.730753
0.712533
0.595826
0.538787
0.678047
0.810013
0.588425
0.620838
0.502258
0.641416
0.467652
0.581731
0.496378
0.402019
0.794917
0.796614
0.584174
0.636759
0.440401
0.725410
0.407070
0.424356
0.723677
0.777309
0.699626
0.667898
0.615828
0.675086
0.584197
0.779584
0.575243
0.348799
0.581159
0.400951
0.613437
0.496193
0.631982
0.757383
0.808004
0.566613
0.853364
0.618262
0.619506
0.579876
0.538835
0.693539
0.477488
0.509052
0.397117
0.485238
0.756736
0.648191
0.366324
0.428623
0.397831
0.501788
0.551362
0.511202
0.846600
0.782945
0.679262
0.795307
0.599080
0.806315
0.609385
0.519044
0.722372
0.875877
0.516903
0.635440
0.655346
0.680028
0.562489
0.836179
0.535717
0.465056
0.614534
0.516652
0.540318
0.462339
0.691426
0.809738
0.842813
0.609425
0.845109
0.654118
0.577728
0.572705
0.448953
0.641516
0.589189
0.505512
0.448993
0.518107
0.690713
0.633568
0.428772
0.532343
0.193191
0.597228
0.575641
0.870151
0.696698
0.540351
0.741197
0.627104
0.750394
0.600265
0.679495
0.757247
0.829472
0.591333
0.485458
0.640392
0.610948
0.638371
0.822259
0.404765
0.543727
0.642844
0.540276
0.595312
0.561032
0.533547
0.783022
0.877550
0.610308
0.793985
0.638662
0.613469
0.664612
0.476536
0.617673
0.715145
0.669054
0.590122
0.581769
0.679297
0.441529
0.548375
0.652953
0.582833
0.520841
0.903090
0.789385
0.423219
0.774379
0.570707
0.714062
0.595625
0.659336
0.839164
0.847556
0.597030
0.676606
0.685303
0.692396
0.760249
0.816347
0.636693
0.540064
0.653965
0.462114
0.717784
0.600978
0.682482
0.924408
0.705293
0.670261
0.896853
0.645175
0.727800
0.646283
0.566838
0.801090
0.481447
0.631420
0.482228
0.303046
0.508615
0.796504
0.239736
0.474936
0.489987
0.763243
0.720428
0.628525
0.531622
0.444898
0.630064
0.337455
0.542145
0.843722
0.813035
0.659518
0.580339
0.623705
0.635523
0.657541
0.737179
0.583786
0.303537
0.551313
0.345151
0.684846
0.533404
0.611088
0.832147
0.779070
0.484151
0.716805
0.492646
0.564377
0.461232
0.502910
0.814090
0.482393
0.678306
0.379033
0.586020
0.796429
0.696094
0.534253
0.492232
0.528853
0.877162
0.857804
0.900911
0.813313
0.902964
0.834363
0.836198
0.919063
0.831973
0.830371
0.832963
0.884116
0.840524
0.859872
0.875082
0.928537
0.888654
0.738191
0.792094
0.900685
0.866728
0.881514
1.012449
0.868414
0.857671
0.966636
0.818171
0.806210
0.753198
0.769332
0.969189
0.946166
0.839639
0.861109
0.934558
0.969841
0.899075
0.908279
0.776274
0.933216
0.867146
0.756525
0.827088
0.717394
0.736623
0.911570
0.798331
0.707990
0.751299
0.739962
0.675905
0.814039
0.725637
0.689134
0.727397
0.770515
0.746190
0.718498
0.724663
0.770949
0.715143
0.722010
0.891449
0.692206
0.791380
0.668172
0.586289
0.639907
0.679303
0.686235
0.797757
0.803243
0.802234
0.773690
0.835651
0.769388
0.845293
0.814964
0.816110
0.733802
0.490737
0.684997
0.621854
0.731324
0.873572
0.769873
0.669080
0.717174
0.709330
0.716910
0.753129
0.785874
0.594163
0.648231
0.701973
0.547535
0.750624
0.671458
0.682839
0.884075
0.832090
0.707650
0.858381
0.652144
0.699372
0.669159
0.668061
0.788815
0.545183
0.686487
0.548927
0.470009
0.585452
0.713618
0.498324
0.487658
0.648244
0.528590
0.765935
0.598172
0.852677
0.863593
0.804382
0.769907
0.724686
0.803918
0.802246
0.742003
0.708290
0.698419
0.569973
0.761866
0.560210
0.795982
0.732115
0.695858
0.812192
0.898743
0.540356
0.741002
0.705032
0.611350
0.555035
0.742863
0.966148
0.702432
0.858257
0.643129
0.730486
0.836060
0.755146
0.775125
0.686330
0.802549
0.785566
0.419131
0.566821
0.864341
0.748796
0.583992
0.682308
0.557297
0.734334
0.589126
0.837113
0.543603
0.390128
0.580032
0.491338
0.648065
0.528678
0.656489
0.845365
0.896610
0.702730
0.825597
0.693993
0.655820
0.595954
0.617325
0.777215
0.557269
0.594311
0.409573
0.490158
0.711543
0.739316
0.466392
0.248900
0.591137
0.628681
0.834343
0.761156
0.715222
0.789405
0.759860
0.714674
0.747828
0.807514
0.557858
0.670161
0.769212
0.700090
0.670771
0.732621
0.818930
0.691937
0.740687
0.864221
0.548788
0.762428
0.671745
0.667454
0.697004
0.648129
0.818555
0.463128
0.829468
0.689107
0.752455
0.735354
0.816173
0.763747
0.728787
0.791395
0.516521
0.797525
0.671907
0.664823
0.688600
0.598078
0.684542
0.483926
0.642430
0.543004
0.343402
0.594560
0.492341
0.571956
0.510976
0.606555
0.633777
0.873379
0.450568
0.616451
0.561558
0.608999
0.562946
0.579667
0.741114
0.475796
0.617350
0.486119
0.647650
0.767822
0.626216
0.512992
0.378462
0.585625
0.862248
0.778868
0.716059
0.760098
0.658641
0.716387
0.494629
0.934426
0.669533
0.402594
0.603320
0.634285
0.581126
0.489751
0.708125
0.865990
0.916008
0.680321
0.858937
0.733300
0.685656
0.720034
0.651186
0.707070
0.621888
0.225176
0.523450
0.646635
0.824376
0.708405
0.476830
0.464823
0.557750
0.725650
0.854668
0.804110
0.803381
0.886561
0.798415
0.781233
0.773803
0.789102
0.740004
0.808702
0.705360
0.772305
0.797803
0.541097
0.870239
0.753532
0.917403
0.751066
0.698900
0.701518
0.692310
0.506373
0.773276
0.794601
0.824391
0.691884
0.882591
0.768408
0.748635
0.855020
0.727486
0.835345
0.859948
0.697056
0.894450
0.758760
0.647916
0.820549
0.807295
0.801207
0.808514
0.728168
0.800599
0.725258
0.706634
0.962573
0.710932
0.775398
0.721277
0.698959
0.748461
0.808107
0.775507
0.788962
0.700017
0.859394
0.818292
0.805815
0.800519
0.840976
0.768677
0.929718
0.698721
0.562429
0.763458
0.586078
0.856719
0.591470
0.614899
0.556491
0.659038
0.542147
0.555900
0.592129
0.910024
0.911365
0.668890
0.768341
0.733727
0.541193
0.565874
0.346677
0.722649
0.686735
0.603176
0.518301
0.580123
0.630802
0.791230
0.583921
0.482476
0.679673
0.679626
0.533731
0.653150
0.836399
0.533539
0.595303
0.594625
0.569993
0.666059
0.524104
0.505456
0.935367
0.878050
0.608632
0.744833
0.627278
0.512941
0.575553
0.518335
0.688811
0.733260
0.721692
0.628001
0.661277
0.731795
0.540194
0.704713
0.720118
0.708947
0.744326
0.577242
0.804027
0.554762
0.587523
0.491306
0.649599
0.490995
0.623125
0.598728
0.803746
0.922418
0.657835
0.831888
0.710900
0.556237
0.587543
0.588299
0.669304
0.687466
0.614807
0.508178
0.640549
0.686229
0.805669
0.599345
0.454617
0.682577
0.714622
0.812271
0.630949
0.709777
0.695823
0.636294
0.682280
0.670386
0.679962
0.903511
0.814004
0.670409
0.860630
0.627245
0.696946
0.663042
0.579815
0.757487
0.688474
0.656842
0.758084
0.771741
0.655458
0.609520
0.706385
0.681597
0.705689
0.765440
0.561752
0.441223
0.544363
0.736565
0.361856
0.469796
0.614620
0.728467
0.940200
0.547782
0.738006
0.656516
0.619804
0.722163
0.581216
0.645607
0.744463
0.462100
0.614248
0.700098
0.824123
0.561949
0.605186
0.553264
0.703168
0.779682
0.818320
0.781083
0.771976
0.803685
0.874956
0.671671
0.622584
0.888181
0.594764
0.750338
0.701293
0.766241
0.794816
0.767771
0.804639
0.764386
0.855372
0.828556
0.858420
0.757767
0.831128
0.870334
0.859916
0.807358
0.484606
0.633182
0.588537
0.574915
0.546297
0.567211
0.756549
0.925340
0.519127
0.728337
0.588758
0.596690
0.613157
0.585701
0.666086
0.613851
0.659833
0.502287
0.509983
0.670810
0.458604
0.507441
0.551093
0.530328
0.595252
0.436211
0.474186
0.390379
0.580548
0.803437
0.859172
0.477926
0.686484
0.568457
0.620098
0.583101
0.518410
0.651688
0.478771
0.470551
0.370047
0.454041
0.765272
0.635727
0.401117
0.442979
0.445783
0.598440
0.580203
0.619313
0.656223
0.753426
0.772224
0.635969
0.855417
0.668325
0.601823
0.624154
0.544405
0.653729
0.677536
0.613987
0.469616
0.667716
0.736110
0.751109
0.591436
0.528168
0.657133
0.684648
0.562382
0.642884
0.846386
0.826067
0.454205
0.801937
0.594622
0.502190
0.436842
0.545497
0.791088
0.460222
0.723393
0.419490
0.542191
0.720722
0.745764
0.495779
0.502827
0.549477
0.447915
0.601197
0.752109
0.904890
0.567680
0.790090
0.671245
0.618923
0.689883
0.481230
0.594397
0.651186
0.477933
0.582398
0.652173
0.737532
0.663723
0.583686
0.586912
0.643954
0.540698
0.850542
0.931496
0.639790
0.734054
0.631467
0.572257
0.605799
0.470519
0.658411
0.570841
0.484899
0.526096
0.539794
0.586932
0.605601
0.483587
0.509364
0.539124
0.797537
0.868945
0.642652
0.560718
0.607150
0.554009
0.653405
0.534012
0.714203
0.700641
0.573550
0.558872
0.684354
0.646586
0.697616
0.685295
0.658452
0.761688
0.985875
0.638100
0.750844
0.703507
0.748718
0.722803
0.793081
0.522130
0.829499
0.870387
0.852343
0.771268
0.887595
0.726520
0.794136
0.845827
0.752572
0.926115
0.968684
0.777313
0.967452
0.893321
0.892520
1.013984
0.868647
0.889451
0.822717
0.858362
0.855168
0.923288
0.845840
0.856860
0.883891
0.662180
0.536278
0.526316
0.456342
0.566962
0.736341
0.546690
0.702401
0.575826
0.688707
0.824007
0.643737
0.678392
0.670720
0.645507
0.575926
0.613809
0.697476
0.835082
0.861161
0.740991
0.872243
0.738490
0.844965
0.881791
0.865566
0.882117
0.792083
0.876104
0.577457
0.551846
0.601213
0.706901
0.719043
0.657300
0.645903
0.678835
0.786549
0.680989
0.720478
0.709635
0.722937
0.322860
0.487723
0.660433
0.649955
0.669619
0.586360
0.601197
0.803052
0.734174
0.677738
0.581022
0.690209
0.509229
0.686655
0.575923
0.719725
0.537878
0.527177
0.795145
0.733360
0.623601
0.565588
0.618097
0.607783
0.602794
0.566633
0.538309
0.515041
0.660639
0.590829
0.532335
0.535965
0.574968
0.787142
0.621891
0.793434
0.605846
0.787693
0.635368
0.612784
0.781893
0.628404
0.709803
0.418155
0.491506
0.706072
0.799971
0.475183
0.479330
0.487085
0.661009
0.617555
0.717400
0.701542
0.498601
0.512894
0.582314
0.443834
0.703803
0.790344
0.430586
0.374267
0.479926
0.538601
0.750607
0.225501
0.474877
0.418714
0.794759
0.583563
0.663279
0.631166
0.690592
0.763582
0.658044
0.376135
0.304330
0.557517
