0.617601
0.762129
0.772851
0.871780
0.482668
0.767040
0.722557
0.679480
0.684025
0.973726
0.683742
0.564059
0.793168
0.514134
0.475635
0.566756
0.722275
0.521760
0.646655
0.755070
0.654696
0.746354
0.983681
0.725653
0.719863
0.670114
0.706648
0.676685
0.658301
0.670989
0.729427
0.535748
0.738139
0.660087
0.687160
0.917337
0.701025
0.836543
0.671718
0.730855
0.640503
0.597539
0.688889
0.596763
0.754731
0.627169
0.743749
0.692706
0.778670
0.721776
0.784580
0.875458
0.462199
0.520647
0.537249
0.476815
0.447019
0.950955
0.751083
0.501519
0.545814
0.716543
0.475111
0.505420
0.648918
0.426616
0.628814
0.734913
0.659410
0.507940
0.914461
0.628625
0.589273
0.472907
0.507493
0.652018
0.446245
0.662058
0.472209
0.511373
0.586671
0.412566
0.467729
0.787422
0.591292
0.687944
0.612330
0.469310
0.621035
0.318209
0.772515
0.567077
0.490993
0.329452
0.646373
0.700458
0.760913
0.720205
0.877687
0.735056
0.681795
0.773051
0.748291
0.747790
0.799885
0.657213
0.745194
0.786737
0.771264
0.707166
0.636757
0.625471
0.686082
0.784172
0.782268
0.786607
0.707942
0.869007
0.818519
0.629537
0.804593
0.740974
0.860066
0.769199
0.810035
0.714108
0.729805
0.738731
0.621962
0.695245
0.737801
0.681239
0.856176
0.648364
0.728292
0.852422
0.616821
0.839040
0.776339
0.748494
0.661910
0.744414
0.833325
0.817776
0.965962
0.826629
0.798931
0.870105
0.863496
0.706065
0.879961
0.864684
0.767521
0.740985
0.876339
0.838833
0.651974
0.737706
0.783040
0.765976
0.863204
0.875074
0.795397
0.835029
0.909118
0.805867
0.883456
0.793765
0.927700
0.865356
0.834205
0.797272
0.627727
0.833677
0.798319
0.880324
0.826267
0.814558
0.786815
0.664863
0.631364
0.834175
0.829375
0.930527
0.803374
0.900287
0.787508
0.823834
0.922743
0.782235
0.896535
0.959153
0.914872
0.887749
0.968961
0.878905
0.710658
0.924658
0.965281
0.729069
0.746415
0.875339
0.949937
0.736514
0.879993
0.666920
0.701657
0.890968
1.018094
0.767265
0.862938
0.834043
0.915954
0.921538
0.896889
0.998753
0.836702
0.858374
0.871143
0.644900
0.779194
0.961233
0.966978
0.969638
0.953953
0.985132
0.912891
0.856821
0.723391
0.945981
0.929041
0.851730
0.970847
0.885584
0.695430
0.551463
0.551359
0.508440
0.534957
0.869235
0.658120
0.536842
0.695908
0.549114
0.523656
0.431802
0.677596
0.476157
0.666670
0.755634
0.651098
0.698484
0.907591
0.672704
0.688362
0.557486
0.473692
0.561826
0.404774
0.537320
0.582218
0.568994
0.602701
0.615660
0.545787
0.848796
0.507594
0.677712
0.537433
0.629454
0.535768
0.408830
0.717997
0.549552
0.541232
0.400471
0.636305
0.497271
0.844247
0.473989
0.654113
0.487923
0.936702
0.835034
0.602193
0.741409
0.835792
0.712178
0.661280
0.582703
0.653483
0.672528
0.877352
0.769706
0.745638
0.702644
0.762176
0.629559
0.628076
0.441147
0.619746
0.567422
0.659582
0.627764
0.682961
0.752130
0.570403
0.698923
0.769569
0.692954
0.785735
0.757806
0.697721
0.696253
0.479408
0.924124
0.550675
0.594373
0.584656
0.516207
0.618482
0.978206
0.457407
0.458818
0.978661
0.926705
0.628800
0.743712
0.651507
0.574754
0.616930
0.621431
0.614998
0.630928
0.778127
0.785497
0.616874
0.825000
0.774777
0.755112
0.583546
0.441484
0.588816
0.514959
0.640409
0.709130
0.526017
0.725366
0.595448
0.604938
0.871027
0.692523
0.768879
0.774998
0.653552
0.675757
0.400568
0.768287
0.552097
0.529690
0.526078
0.762672
0.659921
0.942018
0.388548
0.925517
0.776586
0.648422
0.665209
0.682892
0.488463
0.572508
0.694843
0.505142
0.640063
0.681468
0.744543
0.536236
0.957605
0.713998
0.701826
0.538204
0.434663
0.490887
0.540025
0.609763
0.572415
0.474081
0.646856
0.491498
0.439474
0.816407
0.658708
0.738647
0.664787
0.596175
0.620130
0.297364
0.772075
0.557232
0.337469
0.398899
0.689275
0.624654
0.748025
0.935292
0.851741
0.574529
0.558149
0.669003
0.534646
0.555763
0.590726
0.512869
0.618767
0.740479
0.668019
0.603467
0.828445
0.781459
0.663738
0.550635
0.467229
0.609592
0.550904
0.620681
0.595271
0.516579
0.680301
0.542020
0.552533
0.766520
0.742252
0.697470
0.675454
0.601030
0.613135
0.352194
0.800251
0.576668
0.511849
0.421345
0.699114
0.641327
0.831368
0.935308
0.916397
0.926007
0.932766
0.929012
0.855090
0.817576
0.828833
0.674098
0.931176
0.881975
0.868205
0.971154
0.952085
0.908315
0.882124
0.772776
0.953492
0.907567
0.988672
0.989192
0.941680
0.749018
0.865227
0.924204
1.013083
0.740438
0.892043
0.860030
0.927824
0.786919
0.915796
0.966820
0.868675
0.882263
0.910551
0.920180
0.910560
0.911013
0.779993
0.857688
0.526582
0.534911
0.653662
0.774175
0.528844
0.857268
0.546095
0.475416
0.767009
0.927949
0.618268
0.617506
0.729068
0.825620
0.758101
0.724344
0.971123
0.632567
0.815081
0.682499
0.564041
0.682493
0.900198
0.617359
0.878250
0.608930
0.879813
0.723042
0.691042
0.565387
0.895896
0.872701
0.767500
0.800427
0.758273
0.490649
0.750568
0.693065
0.555968
0.525401
0.634336
0.534770
0.564052
0.791728
0.771063
0.558885
0.801776
0.758650
0.632012
0.588568
0.606636
0.728565
0.557315
0.630984
0.555112
0.608615
0.611853
0.637740
0.646281
0.816395
0.681168
0.684395
0.535048
0.518440
0.608643
0.489185
0.871517
0.612732
0.634660
0.497546
0.714488
0.659332
0.844584
0.827371
0.674282
0.713501
0.715650
0.674366
0.736745
0.750122
0.731524
0.550328
1.031027
0.759497
0.727927
0.666184
0.708822
0.896655
0.769051
0.798726
0.662346
0.631326
0.736040
0.690641
0.681137
0.576696
0.689436
0.783618
0.762194
0.723469
0.788810
0.601254
0.768427
0.783423
0.682708
0.666349
0.752137
0.851260
0.882249
0.496085
0.664439
0.793846
0.562977
0.705562
0.593816
0.480106
0.785918
0.912057
0.649101
0.755197
0.705042
0.734921
0.721366
0.758293
0.714384
0.652218
0.602033
0.725648
0.590374
0.696867
0.888976
0.727887
0.831245
0.705703
0.859795
0.678550
0.659842
0.423035
0.712483
0.843984
0.658974
0.891880
0.748429
0.561763
0.431106
0.679448
0.450507
0.593019
0.597614
0.495847
0.581557
0.904391
0.533486
0.597045
0.418579
0.565643
0.584954
0.460326
0.737836
0.546681
0.461726
0.576029
0.357286
0.518383
0.809085
0.698271
0.748857
0.682997
0.559794
0.623769
0.338096
0.514239
0.637611
0.608819
0.472807
0.751406
0.657489
0.623812
0.566156
0.486288
0.560742
0.686025
0.630256
0.567543
0.857451
0.662266
0.590846
0.579740
0.548946
0.653576
0.423240
0.691911
0.557251
0.564988
0.545477
0.518562
0.582902
0.790200
0.625629
0.652292
0.547228
0.474111
0.566734
0.424894
0.724345
0.618707
0.661648
0.523362
0.755981
0.647511
0.780692
0.640456
0.573752
0.748412
0.787121
0.745478
0.911887
0.793021
0.565718
0.622001
0.661504
0.725057
0.665495
0.789468
0.645729
0.730503
0.593004
0.682160
0.685994
0.847029
0.636398
0.644154
0.647791
0.629258
0.612707
0.602178
0.813352
0.649970
0.727242
0.681326
0.768999
0.857859
0.832383
0.589533
0.457091
0.491199
0.673683
0.937080
0.475636
0.525158
0.552063
0.568998
0.626431
0.612625
0.786571
0.452917
0.589490
0.592402
0.406099
0.384418
0.839890
0.469200
0.812842
0.576297
0.607091
0.505104
0.426183
0.588576
0.571602
0.556544
0.427506
0.701425
0.626681
0.509047
0.830905
0.678457
0.676138
0.848294
0.698911
0.673945
0.581053
0.584204
0.651423
0.720456
0.726269
0.687946
0.676076
0.555224
0.553217
0.790498
0.923673
0.630192
0.739575
0.647187
0.722925
0.431763
0.593798
0.865568
0.576754
0.730285
0.628020
0.734649
0.735694
0.836299
0.536250
0.715238
0.970038
0.676962
0.661768
0.778568
0.830427
0.830656
0.840635
0.981942
0.585876
0.755596
0.722561
0.553429
0.523257
0.815973
0.667747
0.866083
0.805672
0.749872
0.764731
0.700133
0.574167
0.889468
0.702447
0.695289
0.958963
0.856235
0.442631
0.805692
0.951942
0.625571
0.667973
0.554184
0.666398
0.657552
0.757326
0.772913
0.550377
0.739581
0.738723
0.521020
0.699081
0.929623
0.670023
0.888377
0.811780
0.885619
0.675504
0.658204
0.608829
0.725974
0.708165
0.648206
0.679625
0.775995
0.547140
0.905599
0.768858
0.697246
0.661681
0.550460
0.826097
0.585998
0.846232
0.667974
0.523386
0.728110
0.548546
0.547764
0.619083
0.790914
0.580179
0.719625
0.542598
0.702918
0.480009
0.827842
0.768541
0.568034
0.533278
0.818684
0.739180
0.849815
0.972220
0.882552
0.863466
0.790018
0.916174
0.808880
0.838700
0.856896
0.874015
0.919142
0.861427
0.973499
0.913090
0.932549
0.893521
0.872145
0.892603
0.952844
0.843334
0.996849
0.865171
0.880072
0.857916
0.856067
0.750642
0.985813
0.680948
0.637511
0.807074
0.745616
0.724839
0.866604
0.514088
0.756465
0.686097
0.603342
0.608184
0.901443
0.710452
0.929420
0.743563
0.772634
0.674059
0.643874
0.558676
0.759340
0.841680
0.622464
0.743454
0.842211
0.639960
0.594027
0.716358
0.754191
0.717106
0.838956
0.454097
0.722384
0.649635
0.622170
0.542172
0.838292
0.694789
0.778597
0.663489
0.669739
0.705667
0.579757
0.740464
0.794902
0.708795
0.635762
0.758042
0.868070
0.727317
0.549150
0.599549
0.529461
0.663573
0.507377
0.577698
0.559529
0.512540
0.624872
0.941737
0.700337
0.749442
0.710055
0.666983
0.670258
0.403480
0.761979
0.613835
0.583657
0.513250
0.669203
0.747489
0.796589
0.555299
0.542938
0.622083
0.656400
0.558108
0.741208
0.513131
0.551342
0.786231
0.654963
0.738059
0.690161
0.526979
0.596922
0.399913
0.850123
0.459426
0.373284
0.419697
0.538050
0.499452
0.911514
0.621301
0.627751
0.646515
0.738337
0.684972
0.592057
0.683181
1.006784
0.757744
0.892596
0.749357
0.774159
0.577066
0.476665
0.843494
0.535431
0.609407
0.588991
0.655245
0.645682
0.739460
0.648034
0.636385
0.493022
0.634149
0.502649
0.578229
0.834862
0.714782
0.684965
0.723300
0.580209
0.723749
0.314515
0.795514
0.672097
0.533012
0.482397
0.691224
0.646031
0.908322
0.724252
0.724072
0.763226
0.772390
0.840889
0.950403
0.730684
0.785945
0.787095
0.782673
0.719480
0.627262
0.898410
0.665348
0.692838
0.533725
0.646035
0.734975
1.000625
0.625865
0.505649
0.528944
0.564624
0.850929
0.688755
0.755053
0.670822
0.655270
0.630645
0.484894
0.717705
0.725066
0.631769
0.502468
0.621243
0.845613
0.678135
0.684641
0.434272
0.570413
0.762619
0.754058
0.663647
0.688161
0.597599
0.719512
0.385988
0.736540
0.609459
0.448061
0.497863
0.809045
0.637658
0.848259
0.558734
0.696598
0.940211
0.627988
0.619274
0.579913
0.692390
0.489124
0.566154
0.755361
0.742188
0.725277
0.660250
0.822254
0.871019
0.737620
0.470643
0.728339
0.672024
0.740354
0.676071
0.593255
0.598160
0.350509
0.644331
0.570513
0.481369
0.466479
0.664082
0.622966
0.588432
0.837265
0.637874
0.761042
0.702842
0.529089
0.754289
0.384120
0.610261
0.718669
0.399367
0.346371
0.792115
0.720426
0.593053
0.933669
0.830934
0.870516
0.805429
0.935328
0.795640
0.859860
0.891578
0.758708
0.823857
0.827745
0.838232
0.942923
0.801263
0.536427
0.751891
0.617043
0.635402
0.769505
0.689435
0.641394
0.632803
0.682090
0.714135
0.733308
0.661137
0.694308
0.620332
0.690844
0.891281
0.866733
0.785855
0.725642
0.881916
0.816961
0.936331
0.541386
0.526696
0.611449
0.829714
0.700658
0.736265
0.609542
0.745966
0.613505
0.764233
0.664945
0.471125
0.857838
0.715685
0.596961
0.483301
0.846821
0.757948
0.820255
0.605017
0.794589
0.545651
0.726335
0.585273
0.748268
0.703004
0.809329
0.724722
0.526027
0.361860
0.317909
0.627415
0.571614
0.813342
0.848519
0.856042
0.787319
0.953741
0.884577
0.543341
0.601972
0.576486
0.595615
0.612721
0.860142
0.358833
0.659514
0.614278
0.873843
0.674508
0.627149
0.766318
0.653097
0.922805
0.901791
