0.754514
0.732171
0.744332
0.677684
0.834382
0.801241
0.713842
0.854568
0.804657
0.966096
0.712793
0.768811
0.855404
0.814566
0.756632
0.855865
0.803131
0.812470
0.751156
0.728040
0.737298
0.694411
0.634421
0.779445
0.780166
0.736723
0.881564
0.768893
0.846384
0.777523
0.828739
0.751851
0.852841
0.854451
0.653218
0.750166
0.792298
0.766985
0.690097
0.708465
0.868224
0.774612
0.826501
0.802983
0.863846
0.826908
0.808213
0.832036
0.913954
0.720717
0.659524
0.785393
0.767275
0.511644
0.611741
0.797293
0.648976
0.845429
0.640445
0.668219
0.832040
0.630916
0.611327
0.655766
0.593825
0.584393
0.653507
0.633620
0.710221
0.776594
0.701141
0.707710
0.704783
0.743118
0.754238
0.522175
0.631225
0.731325
0.620303
0.712265
0.921300
0.631388
0.605537
0.722845
0.581804
0.595320
0.689278
0.607745
0.702286
0.751940
0.554700
0.713030
0.615513
0.765498
0.616668
0.814129
0.676579
0.448956
0.435142
0.789052
0.697561
0.643547
0.715617
0.469379
0.622738
0.411183
0.537188
0.580742
0.528792
0.525778
0.716023
0.812458
0.550587
0.602903
0.520921
0.505893
0.289728
0.382977
0.749644
0.687771
0.709121
0.643996
0.642239
0.644847
0.579308
0.736908
0.651234
0.857985
0.521514
0.599742
0.676498
0.632243
0.657307
0.594096
0.455704
0.608341
0.811373
0.585904
0.476156
0.558320
0.787026
0.631276
0.578352
0.498996
0.610726
0.875523
0.676466
0.662150
0.838846
0.590570
0.799568
0.532691
0.436612
0.610277
0.550375
0.592048
0.781549
0.772105
0.547585
0.569923
0.555375
0.534085
0.471300
0.540326
0.888308
0.697486
0.705184
0.746513
0.608348
0.653244
0.624065
0.738303
0.723269
0.881846
0.651247
0.653605
0.736728
0.654160
0.709243
0.506402
0.547483
0.603504
0.722911
0.617548
0.462743
0.648268
0.866334
0.633300
0.668199
0.543657
0.848715
0.725972
0.847709
0.792771
0.541282
0.827668
0.466152
0.700174
0.695268
0.684566
0.603832
0.866944
0.785344
0.654483
0.514398
0.728494
0.560369
0.484459
0.408513
0.758264
0.638411
0.676576
0.776998
0.690133
0.610885
0.564855
0.761198
0.835792
0.941167
0.598088
0.472098
0.668156
0.567358
0.844460
0.609576
0.565464
0.656494
0.879612
0.704456
0.521664
0.706564
0.820759
0.626800
0.684429
0.572939
0.770691
0.807382
0.667591
0.809203
0.894130
0.694715
0.863577
0.870911
0.803305
0.748803
0.789126
0.710754
0.841445
0.878194
0.785844
0.736350
0.868201
0.860449
0.656762
0.844118
0.832626
0.680680
0.783246
0.903846
0.917026
0.761103
0.757247
0.835534
0.689462
0.847562
0.916571
0.872065
0.844523
0.811919
0.637490
0.722404
0.941824
0.810622
0.937548
0.670343
0.625131
0.910816
0.924026
0.802677
0.484333
0.704047
0.478412
0.753166
0.555868
0.676947
0.787583
0.544388
0.483165
0.681524
0.467718
0.418902
0.706434
0.574947
0.595519
0.753327
0.691795
0.710652
0.783357
0.612708
0.710151
0.428237
0.518194
0.714472
0.487291
0.626352
0.867241
0.592724
0.559796
0.706766
0.476504
0.578179
0.680229
0.536487
0.522197
0.847645
0.403831
0.611899
0.516340
0.737918
0.539288
0.784508
0.514698
0.700308
0.711950
0.729763
0.606864
0.604791
0.776958
0.576628
0.692746
0.502790
0.728737
0.563189
0.849207
0.458891
0.674006
0.714584
0.720951
0.758678
0.921987
0.791413
0.709580
0.534736
0.649937
0.809413
0.648656
0.418776
0.728330
0.771494
0.708047
0.814650
0.685853
0.410835
0.727999
0.579581
0.615016
0.704787
0.549672
0.736392
0.675062
0.763570
0.743219
0.769143
0.685395
0.746064
0.854788
0.581882
0.746812
0.769430
0.710128
0.731287
0.809190
0.685504
0.682795
0.842093
0.732570
0.676673
0.827596
0.674740
0.613729
0.860616
0.695706
0.696410
0.651548
0.797027
0.782936
0.672432
0.746273
0.905380
0.727480
0.640523
0.816624
0.685144
0.748851
0.745445
0.624121
0.754908
0.920844
0.653549
0.800026
0.735287
0.628391
0.852447
0.748025
0.788047
0.629657
0.375334
0.621730
0.672106
0.423658
0.363111
0.735031
0.568366
0.399106
0.552548
0.536142
0.412644
0.519308
0.554329
0.665903
0.675331
0.584596
0.561535
0.576836
0.474909
0.510759
0.587124
0.661931
0.912193
0.414371
0.504644
0.633007
0.394515
0.468263
0.611827
0.416929
0.532757
0.839206
0.427478
0.463337
0.422722
0.683946
0.464645
0.639400
0.393114
0.654737
0.847698
0.658666
0.600733
0.672462
0.617540
0.888183
0.684129
0.767279
0.725322
0.730724
0.704494
0.732982
0.846270
0.903457
0.866883
0.696184
0.817484
0.677179
0.704287
0.786812
0.661028
0.756988
0.672647
0.765734
0.885896
0.791963
0.701377
0.785813
0.635015
0.801049
0.898451
0.721823
0.707012
0.614687
0.797106
0.794956
0.819119
0.692422
0.527910
0.550665
0.417489
0.365877
0.636214
0.625772
0.378819
0.516022
0.480854
0.376314
0.421426
0.436084
0.580072
0.668433
0.524386
0.511336
0.563564
0.520081
0.450774
0.612721
0.510410
0.875463
0.339213
0.452725
0.699434
0.442823
0.653200
0.534369
0.262094
0.548041
0.746598
0.503709
0.405722
0.416835
0.680574
0.585124
0.654851
0.413855
0.804563
0.615250
0.581734
0.704163
0.757125
0.589420
0.642790
0.565378
0.535846
0.637944
0.619151
0.795608
0.685187
0.692765
0.755016
0.651193
0.672667
0.716412
0.694717
0.699430
0.944639
0.605818
0.661124
0.776558
0.662430
0.688267
0.477534
0.465042
0.566451
0.787171
0.679461
0.550451
0.597013
0.814620
0.670568
0.735162
0.576696
0.623972
0.663339
0.710874
0.827199
0.736024
0.743841
0.606274
0.666040
0.502288
0.534540
0.901344
0.872549
0.812925
0.766525
0.707266
0.788792
0.628437
0.855562
0.741516
0.966336
0.652677
0.707580
0.933377
0.615682
0.665330
0.658200
0.647039
0.878075
0.714358
0.684208
0.634005
0.662257
0.954834
0.790572
0.684947
0.707091
0.517115
0.563730
0.633259
0.343941
0.573201
0.391575
0.482221
0.545288
0.580954
0.738409
0.714458
0.589623
0.570781
0.547309
0.526351
0.486225
0.599383
0.500620
0.909379
0.528622
0.578756
0.699833
0.494633
0.600532
0.560211
0.420071
0.528614
0.702802
0.418968
0.531268
0.434408
0.724827
0.530255
0.670935
0.427664
0.778067
0.564703
0.411391
0.513487
0.557236
0.390442
0.578742
0.545699
0.532784
0.529979
0.511168
0.658607
0.585428
0.511733
0.657578
0.546842
0.633851
0.875902
0.334305
0.455128
0.728302
0.493305
0.652682
0.502222
0.275410
0.568416
0.898481
0.491770
0.540834
0.372780
0.624804
0.549768
0.762543
0.431305
0.823622
0.677179
0.795016
0.524448
0.689059
0.696380
0.744870
0.795048
0.894888
0.792518
0.624841
0.699932
0.655694
0.751189
0.753917
0.479491
0.900343
0.752512
0.823416
0.790562
0.652704
0.565442
0.720336
0.582580
0.759906
0.596191
0.658974
0.707536
0.623206
0.790011
0.717914
0.724356
0.751394
0.613691
0.759422
0.668148
0.687001
0.848066
0.772783
0.539980
0.718820
0.602127
0.553391
0.558416
0.706932
0.770527
0.601680
0.732422
0.865146
0.675874
0.720515
0.782715
0.445308
0.773174
0.725978
0.565073
0.649319
0.887860
0.508935
0.747329
0.664320
0.562956
0.663448
0.830342
0.631160
0.538099
0.436968
0.419674
0.673473
0.566861
0.673435
0.666701
0.525994
0.736940
0.551748
0.363544
0.597087
0.500869
0.543575
0.899186
0.536399
0.480707
0.691412
0.455064
0.629050
0.511992
0.360856
0.448297
0.852170
0.326330
0.532771
0.344884
0.682625
0.393157
0.797046
0.414123
0.663441
0.518880
0.653789
0.473332
0.772735
0.485322
0.578985
0.731424
0.743408
0.588980
0.530129
0.787941
0.738261
0.904810
0.495188
0.390975
0.636478
0.593978
0.795675
0.481042
0.487975
0.682435
0.842696
0.659523
0.440708
0.605831
0.842271
0.611648
0.839689
0.501268
0.551082
0.517050
0.528188
0.731058
0.774823
0.642502
0.627714
0.475667
0.563650
0.640898
0.600731
0.495981
0.892939
0.662389
0.689335
0.766838
0.521761
0.531654
0.581412
0.398194
0.595814
0.578121
0.404680
0.605032
0.466903
0.715446
0.572145
0.661931
0.574822
0.536324
0.531162
0.725166
0.665542
0.495488
0.706147
0.637400
0.547483
0.588914
0.582516
0.594460
0.903333
0.402767
0.475846
0.729619
0.511764
0.672560
0.472059
0.370678
0.567418
0.797417
0.505655
0.470757
0.425519
0.761815
0.537085
0.739835
0.492128
0.411737
0.827423
0.843378
0.745509
0.650145
0.658064
0.673869
0.564323
0.823983
0.704917
0.904927
0.544372
0.678267
0.723198
0.614812
0.630204
0.665301
0.582062
0.701314
0.642130
0.704094
0.496219
0.612269
0.921081
0.752104
0.588480
0.617376
0.746998
0.677396
0.614029
0.738895
0.627039
0.584926
0.536083
0.760732
0.675838
0.884249
0.570492
0.493162
0.659601
0.497154
0.688569
0.526260
0.475589
0.695045
0.706551
0.599755
0.455071
0.639658
0.846380
0.578720
0.638679
0.651322
0.644038
0.623382
0.601580
0.659003
0.726595
0.912144
0.493186
0.713960
0.894090
0.650456
0.690463
0.767906
0.679071
0.752512
0.806448
0.478643
0.649822
0.907004
0.692010
0.786643
0.620908
0.479089
0.762002
0.855888
0.694715
0.570169
0.842994
0.762566
0.699770
0.818784
0.715875
0.869051
0.950015
0.620067
0.566565
0.838936
0.681966
0.878285
0.612063
0.543697
0.747750
0.911824
0.711562
0.678657
0.657664
0.738791
0.701547
0.850673
0.601601
0.811984
0.671329
0.680183
0.784787
0.645518
0.716143
0.944140
0.631885
0.588658
0.683212
0.544932
0.796077
0.568174
0.473070
0.661123
0.820763
0.513980
0.650203
0.592009
0.690646
0.632068
0.793183
0.610926
0.667368
0.815191
0.546574
0.729341
0.565291
0.741156
0.657370
0.820137
0.796385
0.694134
0.643135
0.811691
0.616354
0.734694
0.810851
0.677465
0.661930
0.673233
0.664885
0.861507
0.647559
0.638335
0.591891
0.743797
0.418919
0.705709
0.910690
0.688222
0.631591
0.736304
0.496344
0.507122
0.695123
0.557008
0.441183
0.699812
0.412818
0.628718
0.598701
0.734975
0.610124
0.696891
0.587499
0.678996
0.615259
0.641696
0.962598
0.592215
0.517236
0.698217
0.450786
0.654125
0.555558
0.509005
0.545292
0.822661
0.513453
0.500048
0.499841
0.805990
0.498078
0.708185
0.506480
0.834875
0.666852
0.927668
0.561242
0.526242
0.678180
0.625785
0.757455
0.683314
0.564539
0.719399
0.805808
0.654461
0.532905
0.684115
0.874345
0.658435
0.714460
0.562085
0.682337
0.852318
0.647734
0.642533
0.753481
0.570369
0.591034
0.746711
0.520960
0.418413
0.893348
0.368068
0.677898
0.503227
0.634557
0.578567
0.862764
0.515404
0.748774
0.690057
0.650933
0.778503
0.665375
0.633509
0.650884
0.457427
0.692258
0.820995
0.571370
0.602008
0.557888
0.652358
0.764203
0.789750
0.666124
0.926571
0.894144
0.958196
0.896280
0.894852
0.922057
0.850074
0.851120
0.995420
0.858704
0.922409
0.911605
0.800395
1.037405
1.001799
0.876590
0.398391
0.800913
0.575303
0.758987
0.587240
0.342978
0.604740
0.863282
0.603277
0.533334
0.381869
0.711551
0.607594
0.757951
0.446213
0.738553
0.532697
0.754199
0.488725
0.377804
0.625295
0.873158
0.527841
0.529124
0.514071
0.690207
0.495195
0.809207
0.538076
0.679090
0.796889
0.655846
0.680028
0.732266
0.772406
0.708205
0.655232
0.835817
0.793755
0.747161
0.719437
0.649836
0.579275
0.574792
0.476449
0.613735
0.744709
0.348475
0.525928
0.534558
0.739834
0.517776
0.712481
0.527418
0.795539
0.676084
0.709782
0.714987
0.541621
0.684505
0.631006
0.916405
0.671285
0.661774
0.725279
0.412059
0.636815
0.802411
0.609760
0.509159
0.552444
0.750160
0.623486
0.728109
0.555566
0.505067
0.776462
0.433470
0.467728
0.304552
0.514810
0.503814
0.728807
0.418397
0.913430
0.496137
0.571583
0.543193
0.692668
0.534075
0.811814
0.261157
0.785988
0.789507
0.788000
0.892585
0.803999
0.734153
0.847064
0.563101
0.381614
0.619359
0.450570
0.809611
0.451684
0.553513
0.819647
0.572941
0.658526
0.436330
0.642161
0.497981
0.813034
0.474427
0.777128
0.933729
0.693258
0.880516
0.542873
0.708920
