0.565150
0.529553
0.784736
0.400951
0.493649
0.605492
0.474210
0.400280
0.589336
0.611462
0.552535
0.517684
0.653447
0.493860
0.437604
0.494310
0.498691
0.376811
0.617877
0.500505
0.617273
0.567026
0.681404
0.566081
0.431392
0.608174
0.587983
0.478217
0.624911
0.451252
0.619551
0.444272
0.523901
0.758110
0.345965
0.505507
0.583339
0.508276
0.766883
0.519459
0.384629
0.614869
0.648696
0.499958
0.401884
0.570989
0.425402
0.684827
0.514799
0.688708
0.883412
0.470837
0.609144
0.540304
0.691034
0.547459
0.639126
0.697583
0.507075
0.379204
0.672208
0.553921
0.373128
0.633359
0.345458
0.393011
0.731211
0.608062
0.402126
0.807249
0.569356
0.766378
0.584365
0.726828
0.651861
0.652194
0.548661
0.517690
0.774062
0.570086
0.635221
0.851776
0.516643
0.464785
0.651933
0.403231
0.949362
0.658460
0.412699
0.653029
0.664192
0.446962
0.537102
0.494801
0.319736
0.785300
0.599795
0.792935
0.504235
0.635703
0.495275
0.591268
0.479477
0.633554
0.647468
0.614579
0.527865
0.596628
0.491856
0.543879
0.576102
0.561422
0.485134
0.536842
0.614493
0.716824
0.771687
0.662784
0.645183
0.531688
0.688363
0.650434
0.654237
0.632664
0.625762
0.734460
0.482595
0.635487
0.876710
0.493371
0.613572
0.631870
0.600213
0.893362
0.479505
0.490276
0.645845
0.485097
0.533099
0.486827
0.679844
0.545325
0.597709
0.370236
0.748912
0.740200
0.818075
0.720211
0.768009
0.795326
0.698051
0.817848
0.787318
0.698011
0.892856
0.824850
0.739211
0.823322
0.819222
0.909307
0.860977
0.820488
0.801726
0.923124
0.606231
0.820053
0.660701
0.937516
0.740983
0.778662
0.760896
0.570763
0.751697
0.923181
0.662205
0.798469
0.745571
0.757820
0.823015
0.725230
0.787498
0.893367
0.779757
0.676684
0.855908
0.803186
0.900461
0.812642
0.822318
0.831707
0.497771
0.484360
0.533637
0.335439
0.621168
0.456427
0.480532
0.466327
0.564764
0.442899
0.442613
0.458381
0.473378
0.287440
0.589958
0.482743
0.618585
0.659456
0.651336
0.644400
0.375811
0.630900
0.578404
0.444395
0.556870
0.398571
0.559240
0.368913
0.469640
0.769432
0.334991
0.506339
0.562675
0.494963
0.893561
0.403489
0.374399
0.675718
0.589926
0.447493
0.428188
0.463311
0.392642
0.617791
0.511968
0.613701
0.602203
0.429811
0.678063
0.644018
0.636384
0.594316
0.743210
0.629652
0.574742
0.620872
0.589136
0.446604
0.728090
0.542380
0.740908
0.648161
0.748100
0.773042
0.457444
0.679832
0.686239
0.553578
0.638306
0.484701
0.647576
0.588085
0.617984
0.743208
0.469543
0.607932
0.616792
0.588624
0.891627
0.607210
0.578942
0.688878
0.674704
0.638519
0.540007
0.620327
0.562107
0.727592
0.659019
0.697145
0.516218
0.471242
0.613492
0.413135
0.567469
0.572742
0.484282
0.522813
0.488975
0.408784
0.433518
0.541425
0.585711
0.598119
0.714974
0.476311
0.761858
0.633278
0.725713
0.588175
0.576459
0.581886
0.540765
0.761926
0.443173
0.687304
0.864494
0.520986
0.617776
0.586315
0.537862
0.904271
0.581352
0.490613
0.546665
0.401519
0.550448
0.462189
0.604562
0.514776
0.631669
0.356830
0.545713
0.690481
0.648964
0.747078
0.695178
0.690971
0.709195
0.628109
0.614586
0.717951
0.560821
0.782766
0.627954
0.806826
0.625199
0.763733
0.550358
0.613374
0.657032
0.712999
0.576584
0.718729
0.559208
0.587060
0.622766
0.693809
0.738975
0.533741
0.720175
0.616588
0.661434
0.779608
0.576400
0.643520
0.764758
0.619176
0.676860
0.626029
0.674828
0.612789
0.735099
0.669147
0.537739
0.628931
0.482447
0.531058
0.563273
0.531176
0.440795
0.555233
0.539818
0.280030
0.679187
0.503152
0.669526
0.649313
0.682290
0.708083
0.369797
0.711619
0.562260
0.433296
0.590299
0.383952
0.657575
0.449738
0.518720
0.759427
0.367662
0.570226
0.539522
0.512641
0.857454
0.469929
0.466531
0.669998
0.505910
0.519958
0.468454
0.537574
0.462049
0.564300
0.541084
0.619150
0.565341
0.704894
0.585881
0.689607
0.629616
0.715917
0.635801
0.638205
0.683644
0.671259
0.652730
0.706255
0.593943
0.793456
0.697054
0.736300
0.678397
0.580194
0.700917
0.618596
0.748748
0.605205
0.692968
0.815272
0.657761
0.638171
0.637223
0.663875
0.770393
0.686317
0.672275
0.614128
0.480370
0.698794
0.524996
0.620718
0.665372
0.688801
0.529979
0.611432
0.723173
0.604726
0.709018
0.724613
0.660090
0.781668
0.600881
0.658100
0.687925
0.732046
0.626830
0.737436
0.600741
0.606261
0.617849
0.763520
0.575236
0.622223
0.593928
0.464182
0.582226
0.695062
0.655686
0.587986
0.715691
0.655655
0.709004
0.843888
0.647035
0.701144
0.708067
0.594967
0.761403
0.582281
0.603316
0.682683
0.676932
0.533866
0.444361
0.488049
0.576794
0.330849
0.577709
0.386894
0.427461
0.601022
0.522002
0.342856
0.798099
0.605037
0.785961
0.540569
0.742168
0.486279
0.539412
0.707724
0.498810
0.832517
0.518561
0.590343
0.885534
0.529542
0.412895
0.687562
0.482587
0.930949
0.589998
0.444341
0.589500
0.530356
0.607156
0.526736
0.532576
0.456090
0.582235
0.473996
0.579401
0.522264
0.370342
0.564695
0.384712
0.420152
0.613569
0.547641
0.447066
0.864734
0.606714
0.697467
0.535981
0.641795
0.616096
0.582610
0.613202
0.558413
0.840675
0.461890
0.498299
0.906229
0.495490
0.430959
0.657846
0.449468
0.981650
0.645931
0.431885
0.671990
0.606995
0.508093
0.543518
0.506219
0.369016
0.733773
0.560959
0.687953
0.537060
0.681627
0.636845
0.524323
0.606896
0.696375
0.595148
0.851658
0.764970
0.737086
0.665794
0.742350
0.687913
0.535640
0.758636
0.569399
0.733531
0.542533
0.749454
0.818601
0.578695
0.579049
0.727710
0.660135
0.884345
0.687192
0.639528
0.653092
0.492703
0.691279
0.640456
0.592424
0.668568
0.509889
0.605824
0.530674
0.489338
0.482731
0.419150
0.617868
0.649404
0.667014
0.792472
0.501710
0.763001
0.498576
0.763837
0.626845
0.600055
0.582372
0.570149
0.860360
0.469069
0.525335
0.905506
0.479296
0.506482
0.654682
0.517399
0.951154
0.551399
0.404724
0.628634
0.545165
0.512008
0.442739
0.642744
0.437508
0.758047
0.445685
0.561631
0.231146
0.352410
0.613405
0.527348
0.340018
0.774691
0.642549
0.724974
0.502315
0.658151
0.498710
0.554466
0.661537
0.422535
0.740001
0.452480
0.578317
0.826848
0.476967
0.325865
0.606346
0.266661
0.917745
0.405412
0.285445
0.653417
0.600892
0.427808
0.454713
0.600258
0.263124
0.597101
0.505049
0.550532
0.478633
0.586267
0.593675
0.698514
0.716583
0.602804
0.562643
0.554339
0.651422
0.669123
0.614539
0.608113
0.627504
0.721222
0.417792
0.607678
0.854478
0.506198
0.498038
0.695512
0.596318
0.929635
0.571302
0.403416
0.620784
0.637566
0.553207
0.502108
0.671612
0.441113
0.746369
0.428328
0.408419
0.608341
0.645909
0.407553
0.801491
0.654196
0.779581
0.577164
0.684508
0.534147
0.609510
0.595583
0.479480
0.796698
0.471898
0.653708
0.887643
0.528650
0.370132
0.688873
0.351558
0.915493
0.571100
0.338285
0.543977
0.592787
0.389729
0.488755
0.631543
0.289116
0.724937
0.502565
0.609554
0.405891
0.554563
0.637010
0.639303
0.697855
0.344242
0.731443
0.519980
0.442145
0.484625
0.348729
0.734960
0.394906
0.497655
0.858116
0.191346
0.502502
0.531523
0.418611
0.922309
0.368988
0.295000
0.606258
0.544361
0.421605
0.390410
0.412735
0.300732
0.654340
0.459800
0.717411
0.659644
0.660228
0.728012
0.679844
0.724958
0.642008
0.727598
0.714328
0.686777
0.727802
0.726466
0.490960
0.652170
0.899305
0.670712
0.548427
0.749005
0.631860
1.025483
0.681700
0.512109
0.609383
0.593403
0.713412
0.574132
0.688500
0.620145
0.590965
0.457913
0.666408
0.716026
0.677118
0.727906
0.458613
0.736995
0.557012
0.562569
0.792311
0.613574
0.838736
0.591784
0.523509
0.908932
0.300164
0.619543
0.698759
0.560735
0.901699
0.583443
0.487950
0.758994
0.703325
0.626515
0.576532
0.623447
0.529640
0.727989
0.621549
0.896437
0.662460
0.802428
0.694684
0.746400
0.614295
0.706300
0.780354
0.643801
0.890884
0.620084
0.686684
0.885200
0.681294
0.394351
0.737544
0.479688
0.950958
0.682644
0.454911
0.588897
0.650826
0.615766
0.614021
0.637488
0.483361
0.684258
0.564210
0.841022
0.667785
0.682669
0.539800
0.816680
0.590136
0.701267
0.650259
0.590362
0.731025
0.677280
0.719603
0.644337
0.744804
0.667428
0.664219
0.614653
0.697941
0.694633
0.696484
0.770919
0.756856
0.583465
0.664069
0.735013
0.792605
0.655336
0.821180
0.702729
0.790534
0.678468
0.746301
0.626687
0.718153
0.871217
0.665675
0.627101
0.928814
0.658112
0.710030
0.648390
0.615126
0.893804
0.741988
0.600482
0.792372
0.615608
0.799418
0.565294
0.573088
0.584379
0.720106
0.607866
0.723999
0.521919
0.782474
0.688229
0.736365
0.687258
0.491905
0.556035
0.771429
0.695409
0.699451
0.649318
0.708610
0.717997
0.808420
0.696706
0.637497
0.760108
0.731201
0.720563
0.680763
0.762239
0.654879
0.748478
0.642404
0.773681
0.542336
0.480665
0.627068
0.434676
0.773168
0.569932
0.403861
0.831292
0.357179
0.560770
0.627176
0.575273
0.902824
0.516308
0.461578
0.734981
0.682400
0.555476
0.510463
0.575401
0.486527
0.674974
0.548025
0.793490
0.654201
0.702333
0.736342
0.511904
0.619336
0.729935
0.695338
0.770898
0.608070
0.744949
0.635458
0.843197
0.740941
0.690578
0.637300
0.688108
0.680440
0.621274
0.752674
0.606026
0.682422
0.626227
0.642291
0.799255
0.671806
0.828050
0.565114
0.520275
0.957615
0.577069
0.622261
0.747445
0.596895
0.884429
0.627855
0.527448
0.726057
0.652104
0.655654
0.627960
0.655911
0.552528
0.748516
0.638975
0.677290
0.420602
0.703875
0.543311
0.557375
0.766299
0.470833
0.562515
0.454011
0.600877
0.852254
0.629019
0.588031
0.658599
0.611770
0.649686
0.565274
0.518244
0.587754
0.644729
0.617606
0.527415
0.694058
0.637360
0.701404
0.739114
0.576449
0.729451
0.645503
0.605136
0.921732
0.614313
0.559141
0.645231
0.682901
0.669635
0.541668
0.606612
0.504466
0.756189
0.609387
0.641037
0.529148
0.600495
0.588426
0.427175
0.599525
0.494137
0.513778
0.838238
0.525446
0.500551
0.695794
0.592664
0.567895
0.525942
0.515700
0.498356
0.582765
0.596395
0.547977
0.821913
0.444304
0.755977
0.745862
0.719347
0.689339
0.793640
0.629297
0.751653
0.694219
0.765773
0.789557
0.665111
0.770709
0.733108
0.721667
0.682279
0.573784
0.801607
0.478335
0.439955
0.643802
0.478370
0.950375
0.480687
0.403894
0.579586
0.590537
0.444520
0.427926
0.579211
0.427743
0.654750
0.457113
0.864966
0.509560
0.572905
0.693300
0.612993
0.950166
0.686719
0.448587
0.818202
0.708738
0.706232
0.555025
0.465063
0.543210
0.734120
0.624447
0.846516
0.861434
0.728981
0.829605
0.817991
0.808963
0.918828
0.754865
0.757699
0.868633
0.792276
0.822084
0.893169
0.740826
0.850001
0.585813
0.590543
0.492085
0.854891
0.462300
0.418196
0.673574
0.587091
0.458184
0.466510
0.470272
0.416968
0.700267
0.559607
0.758495
0.422186
0.943141
0.645443
0.405370
0.560118
0.696346
0.511292
0.537044
0.612182
0.396771
0.678886
0.498494
0.657798
0.784147
0.604914
0.646646
0.698701
0.628619
0.747629
0.618668
0.625484
0.600417
0.702474
0.623122
0.860833
0.526036
0.373891
0.633283
0.678732
0.480213
0.471852
0.610461
0.322799
0.699376
0.510822
0.879736
0.931601
0.877132
0.893160
0.810080
0.788389
0.902224
0.901847
0.891847
0.947364
0.432088
0.709736
0.612896
0.472320
0.404226
0.609051
0.462812
0.683325
0.525059
0.628150
0.645645
0.431864
0.387600
0.534967
0.237122
0.637251
0.431833
0.651441
0.597621
0.586217
0.681375
0.644473
0.725572
0.480935
0.632931
0.566485
0.644440
0.662732
0.561897
0.503379
0.506665
0.656448
0.412581
0.727175
0.506532
0.582201
0.406021
0.682435
0.440656
0.574338
0.656399
0.613231
0.743655
0.506647
0.650472
