0.174617
0.550861
0.723848
0.241783
0.127206
0.740421
0.810600
0.780133
0.717165
0.746125
0.532775
0.707354
0.085752
0.774381
0.553523
0.791150
0.721361
0.264965
0.755786
0.686172
0.291500
0.698762
0.746324
0.490724
0.280308
0.222984
0.173375
0.456882
0.520066
0.622813
0.334667
0.765832
0.660348
0.680731
0.117069
0.802290
0.750377
0.753056
0.087417
0.792426
0.701193
0.665054
0.158533
0.695253
0.720667
0.648143
0.220295
0.778850
0.586149
0.586236
0.791756
0.304038
0.082598
0.823601
0.859732
0.848092
0.740900
0.808169
0.662090
0.790401
0.104690
0.830467
0.619002
0.826058
0.774217
0.066975
0.820470
0.758682
0.100492
0.788496
0.824453
0.455264
0.266610
0.397366
0.062681
0.638741
0.469448
0.672755
0.488260
0.807875
0.741466
0.711189
0.092637
0.870784
0.768871
0.808053
0.119454
0.861084
0.683217
0.732539
0.192228
0.708050
0.749805
0.725483
0.169883
0.816067
0.505251
0.069582
0.150033
0.507890
0.089704
0.132503
0.118592
0.089363
0.091711
0.207478
0.099135
0.569865
0.102215
0.222462
0.114529
0.082651
0.548723
0.101257
0.066209
0.590819
0.102523
0.097835
0.092388
0.157758
0.547194
0.519055
0.290001
0.122320
0.244678
0.225249
0.097213
0.069440
0.090268
0.734169
0.134503
0.117593
0.088401
0.415927
0.114441
0.134223
0.078876
0.570177
0.043435
0.096050
0.067494
0.238244
0.096244
0.239049
0.280859
0.727904
0.028294
0.058657
0.037866
0.063255
0.030938
0.174954
0.029047
0.775773
0.045727
0.203644
0.051736
0.032683
0.743208
0.033389
0.015599
0.779432
0.026136
0.031401
0.174622
0.291875
0.600203
0.715930
0.253965
0.207816
0.242577
0.256151
0.036400
0.035737
0.063117
0.941644
0.037557
0.075268
0.024365
0.601592
0.031723
0.142783
0.039961
0.712461
0.039076
0.043845
0.047411
0.413811
0.039012
0.287535
0.246970
0.304455
0.373013
0.311974
0.279595
0.304974
0.247175
0.286808
0.283013
0.320615
0.267287
0.330275
0.288376
0.274672
0.334510
0.262564
0.359372
0.269252
0.309757
0.141371
0.064439
0.364573
0.269980
0.273165
0.215009
0.309429
0.156571
0.307006
0.242658
0.270333
0.407052
0.353645
0.323066
0.288889
0.189320
0.336203
0.291896
0.262513
0.318013
0.233253
0.272668
0.212138
0.108723
0.311852
0.250316
0.751068
0.793381
0.794588
0.670288
0.734973
0.599753
0.719327
0.066489
0.762147
0.584537
0.764731
0.704010
0.165974
0.745032
0.688366
0.193575
0.717599
0.752473
0.407395
0.232390
0.390725
0.069789
0.581011
0.428241
0.611242
0.436505
0.751331
0.669354
0.645176
0.133885
0.807685
0.701614
0.747893
0.054238
0.797389
0.632043
0.654045
0.171309
0.641142
0.692947
0.664127
0.137186
0.757688
0.554645
0.024727
0.061212
0.029304
0.006820
0.189049
0.013645
0.786757
0.013006
0.236794
0.019208
0.019091
0.789253
0.018385
0.015125
0.814974
0.024950
0.007277
0.218618
0.337679
0.627944
0.755272
0.276460
0.250279
0.174343
0.277702
0.018359
0.011160
0.039885
0.961502
0.023311
0.046130
0.046359
0.631027
0.010736
0.096532
0.024683
0.751824
0.061950
0.060501
0.053055
0.462457
0.051571
0.355898
0.107381
0.025295
0.018401
0.255021
0.033185
0.816562
0.022064
0.295472
0.016813
0.026057
0.847699
0.033662
0.039184
0.858615
0.059192
0.021719
0.268133
0.392330
0.673877
0.803234
0.337762
0.281500
0.132457
0.362824
0.025354
0.034607
0.032234
0.999049
0.031431
0.027032
0.080674
0.683039
0.021213
0.070596
0.025161
0.807850
0.081351
0.074071
0.118405
0.507240
0.080141
0.424702
0.117022
0.070082
0.147721
0.063248
0.857715
0.077531
0.165664
0.089135
0.083009
0.772037
0.079054
0.059137
0.847270
0.044542
0.071453
0.201674
0.335239
0.640668
0.777458
0.251514
0.237968
0.295131
0.240345
0.072141
0.082597
0.127818
1.016114
0.055594
0.138714
0.020918
0.681535
0.058277
0.212633
0.095431
0.761115
0.066731
0.049980
0.036154
0.480406
0.039034
0.270824
0.018834
0.248067
0.035797
0.712050
0.023002
0.282383
0.013971
0.020049
0.712926
0.041833
0.036371
0.745300
0.056938
0.025074
0.195937
0.301006
0.641989
0.684325
0.336743
0.228161
0.118838
0.328611
0.025228
0.024658
0.017797
0.899484
0.050103
0.018452
0.088746
0.578389
0.032182
0.036515
0.021983
0.705495
0.063593
0.071490
0.099249
0.403372
0.090576
0.356511
0.208139
0.009942
0.777514
0.008599
0.247300
0.009916
0.013674
0.774842
0.014036
0.018164
0.807421
0.030710
0.009983
0.207320
0.333723
0.629729
0.743413
0.297673
0.241622
0.157028
0.297941
0.014109
0.014681
0.024316
0.956021
0.019081
0.024461
0.050315
0.626683
0.008104
0.079101
0.017732
0.740375
0.057725
0.051754
0.065976
0.453361
0.054088
0.359540
0.183905
0.650319
0.228380
0.046400
0.260709
0.231718
0.645801
0.200553
0.174257
0.698867
0.164249
0.211886
0.188348
0.239129
0.379508
0.577475
0.054460
0.246740
0.357947
0.051254
0.250940
0.183455
0.246322
0.788266
0.222173
0.298367
0.126755
0.448650
0.222719
0.354856
0.200058
0.545184
0.183026
0.154292
0.108959
0.357714
0.134533
0.286619
0.760661
0.018319
0.225675
0.023716
0.016074
0.761989
0.018905
0.019502
0.798084
0.022959
0.018294
0.211412
0.322183
0.586180
0.718546
0.263976
0.252099
0.166184
0.268474
0.023088
0.016345
0.031678
0.933885
0.014029
0.038877
0.049871
0.602344
0.014915
0.106253
0.020614
0.707822
0.070395
0.049306
0.060795
0.443165
0.059804
0.367721
0.803174
0.651503
0.801941
0.740136
0.224774
0.799296
0.728565
0.234297
0.761670
0.778581
0.519998
0.293089
0.316768
0.133329
0.585856
0.492355
0.593733
0.466137
0.785011
0.701234
0.686978
0.059663
0.851691
0.743519
0.808929
0.081342
0.830845
0.645466
0.685007
0.227270
0.704973
0.749607
0.729196
0.187335
0.824911
0.641032
0.267925
0.010292
0.022720
0.794561
0.023621
0.036856
0.828751
0.049860
0.019593
0.225126
0.359963
0.664024
0.776776
0.328452
0.253746
0.156442
0.323421
0.018866
0.021395
0.028890
0.982077
0.024120
0.028638
0.056400
0.661708
0.014175
0.084509
0.027910
0.777411
0.067692
0.056553
0.070140
0.484316
0.057076
0.385679
0.297165
0.264025
0.570132
0.234370
0.210024
0.652166
0.210670
0.264042
0.139723
0.210029
0.361198
0.519691
0.100833
0.177161
0.395279
0.083496
0.275425
0.230976
0.269223
0.776285
0.251810
0.316589
0.150747
0.444905
0.265147
0.367364
0.233929
0.487841
0.183918
0.145257
0.137587
0.317230
0.145874
0.238044
0.016201
0.786897
0.035060
0.036494
0.820259
0.047135
0.016404
0.241161
0.366187
0.688704
0.778068
0.355808
0.271428
0.142671
0.356319
0.010917
0.026971
0.026106
0.981515
0.024974
0.018032
0.072766
0.670797
0.011371
0.059249
0.028033
0.784988
0.073334
0.066474
0.094184
0.484373
0.078792
0.376970
0.749262
0.031503
0.017969
0.773037
0.038584
0.016375
0.211248
0.315655
0.619073
0.711748
0.304635
0.237229
0.161179
0.312192
0.014868
0.016306
0.026475
0.918810
0.026420
0.027759
0.064856
0.598652
0.020550
0.067832
0.015928
0.726463
0.052926
0.057310
0.081832
0.415764
0.073351
0.351882
0.793729
0.726337
0.102014
0.736354
0.795529
0.372019
0.224558
0.496763
0.100996
0.661396
0.431235
0.695926
0.481101
0.762590
0.719793
0.694362
0.211825
0.827058
0.744600
0.751226
0.199654
0.818258
0.666879
0.722346
0.210672
0.653524
0.698696
0.659654
0.170265
0.759534
0.385247
0.024412
0.823152
0.045555
0.025337
0.204372
0.344677
0.614492
0.734842
0.287998
0.232465
0.199785
0.293448
0.040269
0.031397
0.041383
0.965700
0.032215
0.045308
0.056718
0.625979
0.026274
0.119226
0.033085
0.730695
0.072191
0.066572
0.071652
0.464883
0.053564
0.363690
0.755717
0.018382
0.015191
0.176141
0.275951
0.575200
0.680057
0.243677
0.211217
0.184473
0.246996
0.025425
0.017030
0.043133
0.901869
0.033681
0.055743
0.044917
0.562013
0.024217
0.096904
0.021502
0.678674
0.043362
0.053788
0.052401
0.388784
0.056852
0.302796
0.786562
0.818475
0.461260
0.300533
0.545791
0.148247
0.691290
0.489116
0.734955
0.536202
0.796148
0.744194
0.721915
0.211033
0.870505
0.771269
0.808648
0.208125
0.855516
0.689051
0.751023
0.273982
0.707988
0.765756
0.722732
0.207940
0.815318
0.455763
0.026873
0.204858
0.299032
0.595366
0.710619
0.241796
0.257770
0.189376
0.241349
0.036081
0.032011
0.066341
0.933887
0.032375
0.078598
0.050698
0.594503
0.028072
0.130623
0.040602
0.688143
0.072828
0.063555
0.054926
0.428636
0.072205
0.320516
0.238468
0.346315
0.633393
0.757743
0.291249
0.261141
0.166170
0.299286
0.018471
0.017140
0.042411
0.956960
0.028119
0.044847
0.056234
0.634436
0.010984
0.081895
0.025884
0.762639
0.067628
0.071166
0.069724
0.466343
0.066754
0.358954
0.077200
0.475788
0.369066
0.279295
0.079685
0.333536
0.185767
0.221193
0.190168
0.179694
0.657623
0.248645
0.221169
0.165943
0.323114
0.244166
0.241104
0.184983
0.387383
0.109495
0.140920
0.136910
0.152506
0.159506
0.153654
0.343818
0.197798
0.270218
0.126260
0.347143
0.155575
0.340126
0.281887
0.284769
0.421248
0.384362
0.340489
0.301185
0.147540
0.374276
0.306322
0.276861
0.245575
0.218504
0.262182
0.243928
0.040075
0.310511
0.200103
0.358683
0.248889
0.458612
0.546646
0.250246
0.660920
0.570189
0.594961
0.366786
0.660742
0.653839
0.610513
0.266323
0.671619
0.645134
0.556417
0.287609
0.598940
0.567588
0.554824
0.334887
0.617694
0.560184
0.557786
0.389586
0.644275
0.412405
0.757559
0.680365
0.656669
0.161515
0.801139
0.715448
0.739093
0.066485
0.800731
0.647424
0.668529
0.129797
0.637010
0.681560
0.649731
0.118782
0.740116
0.472219
0.338306
0.394460
0.056809
0.338791
0.254141
0.331297
0.715933
0.316689
0.385830
0.231705
0.411087
0.315795
0.419171
0.270381
0.489537
0.275185
0.252343
0.202358
0.367025
0.244799
0.334508
0.346203
0.237453
0.250085
0.234801
0.218809
0.633373
0.284773
0.248685
0.199366
0.346614
0.278231
0.255958
0.210088
0.457496
0.132433
0.163671
0.186647
0.168685
0.185840
0.235335
0.384132
0.150766
0.144197
0.114057
0.780046
0.182479
0.115417
0.270313
0.532945
0.172067
0.092675
0.121380
0.651747
0.224573
0.202673
0.268312
0.425252
0.273579
0.537240
0.335324
0.251164
0.319669
0.585007
0.327526
0.378906
0.228137
0.291153
0.321792
0.405379
0.273636
0.377467
0.251431
0.244319
0.163714
0.243160
0.242460
0.259193
0.022907
0.029561
0.961068
0.019883
0.026450
0.061691
0.651747
0.012851
0.065543
0.025325
0.761149
0.058927
0.053744
0.081267
0.457031
0.071344
0.350376
0.025756
0.877230
0.039588
0.042584
0.060438
0.552028
0.026306
0.075691
0.016377
0.683785
0.060511
0.062007
0.055294
0.395531
0.067838
0.337444
0.868195
0.049268
0.011804
0.092674
0.549637
0.042590
0.049574
0.014964
0.664657
0.071521
0.061019
0.109171
0.385829
0.093616
0.367427
1.022356
0.924211
0.973552
0.165482
1.006346
0.830838
0.873650
0.278279
0.887305
0.929656
0.885035
0.291199
0.987032
0.718431
0.044281
0.051652
0.696323
0.011025
0.123681
0.035838
0.787110
0.078121
0.048746
0.084088
0.511908
0.061481
0.395393
0.108652
0.615445
0.037462
0.045782
0.027687
0.727070
0.084912
0.076455
0.134324
0.438520
0.107671
0.406821
0.630774
0.049234
0.181813
0.067717
0.742556
0.038979
0.027767
0.031882
0.435288
0.009465
0.278418
0.685683
0.558914
0.542780
0.123445
0.539877
0.587070
0.546232
0.085151
0.640744
0.466790
0.097870
0.031151
0.792074
0.068634
0.057274
0.073507
0.502588
0.060205
0.372299
0.067572
0.696663
0.118339
0.136929
0.184838
0.387153
0.180506
0.389598
0.664984
0.052650
0.047847
0.088219
0.378801
0.074429
0.363684
0.666681
0.680239
0.649509
0.208729
0.754884
0.487259
0.032351
0.062367
0.318886
0.039618
0.247317
0.063062
0.382296
0.031561
0.301259
0.378012
0.042776
0.235532
0.442402
0.278893
0.290570
