0.346211
0.155405
0.509774
0.174393
0.262820
0.126418
0.178094
0.471041
0.235619
0.266654
0.203366
0.548456
0.254567
0.271887
0.087155
0.211230
0.172286
0.195821
0.527861
0.229342
0.297161
0.210638
0.232429
0.472135
0.237551
0.266777
0.360590
0.194617
0.325421
0.191468
0.183082
0.125487
0.346929
0.093761
0.398827
0.222380
0.330515
0.253831
0.173186
0.171312
0.083325
0.198558
0.329246
0.459155
0.157574
0.201256
0.524703
0.181279
0.345573
0.138055
0.933415
0.095858
0.037258
0.341662
0.433525
0.806776
0.487259
0.029540
0.483832
0.930481
0.668795
0.034762
0.350294
0.086737
0.122890
0.477886
0.919801
0.705495
0.011334
0.083405
0.183537
0.850657
0.057794
0.706346
0.646855
0.671653
0.021674
0.123856
0.191764
0.123448
0.444280
0.328109
0.618376
0.342254
0.476887
0.080460
0.492666
0.091207
0.511438
0.664519
0.016740
0.799757
0.090133
0.513631
0.699340
0.625233
0.720187
0.807052
0.034271
0.092165
0.096453
0.250604
0.659423
0.317495
0.119249
0.212648
0.805531
0.500172
0.125790
0.112987
0.061716
0.012725
0.210647
0.795713
0.465424
0.103994
0.108615
0.039105
0.622554
0.038525
0.597929
0.386685
0.460162
0.155029
0.053396
0.029724
0.025610
0.288707
0.106857
0.391197
0.367438
0.241239
0.030818
0.402659
0.035136
0.297323
0.496727
0.092767
0.583524
0.093746
0.281142
0.482162
0.350586
0.476911
0.775656
0.874720
0.661170
0.473904
0.080021
0.338778
0.799330
0.587755
0.040143
0.147098
0.796562
0.511793
0.911730
0.850134
0.581259
0.031695
0.351065
0.923209
0.850248
0.871165
0.429294
0.889575
0.232593
0.361538
0.202405
0.849394
0.851904
0.873710
0.784107
0.553235
0.510717
0.400865
0.579745
0.617167
0.931809
0.560460
0.884530
0.443993
0.409836
0.965844
0.364047
0.757437
0.554885
0.426545
0.341232
0.451039
0.053036
0.153432
0.296754
0.637021
0.323006
0.063486
0.276079
0.779597
0.497929
0.067173
0.135137
0.053094
0.035795
0.260304
0.769955
0.505202
0.074983
0.078171
0.068684
0.664313
0.031699
0.575340
0.406849
0.487979
0.086558
0.036701
0.068384
0.024058
0.264709
0.141265
0.426449
0.323744
0.277687
0.034429
0.400964
0.037379
0.339077
0.517586
0.067186
0.618590
0.062303
0.308640
0.492081
0.397252
0.517543
0.249485
0.389513
0.757987
0.432277
0.035304
0.390036
0.877871
0.603032
0.028223
0.273145
0.046557
0.082302
0.387780
0.860173
0.620924
0.027525
0.048878
0.126583
0.780312
0.047694
0.642801
0.560834
0.598294
0.034505
0.095890
0.133637
0.077384
0.382875
0.262086
0.549080
0.306300
0.401706
0.055598
0.443510
0.053333
0.439890
0.610470
0.036034
0.734188
0.052978
0.440835
0.645297
0.541584
0.636845
0.204839
0.520602
0.267537
0.290634
0.067998
0.671929
0.429775
0.283717
0.071639
0.198175
0.122730
0.097789
0.642732
0.340145
0.294619
0.268219
0.119891
0.452848
0.203292
0.544478
0.216959
0.371069
0.339334
0.199863
0.076771
0.121689
0.312561
0.078825
0.272005
0.476894
0.115895
0.185800
0.434983
0.165822
0.231232
0.444445
0.289980
0.421804
0.224913
0.205764
0.338138
0.187043
0.315892
0.376033
0.099150
0.334340
0.256764
0.507559
0.274455
0.343820
0.175961
0.315012
0.281095
0.208054
0.444386
0.238802
0.382117
0.414996
0.288242
0.408564
0.321339
0.360910
0.288757
0.243307
0.418443
0.344943
0.298435
0.232206
0.360042
0.150982
0.265271
0.465353
0.330409
0.368477
0.427494
0.305838
0.169857
0.392979
0.410816
0.355040
0.268484
0.240446
0.430046
0.150769
0.341581
0.208328
0.680966
0.429168
0.057289
0.190577
0.677718
0.382749
0.791137
0.705920
0.441014
0.084450
0.328507
0.803174
0.764582
0.709675
0.333950
0.744246
0.369801
0.203780
0.250256
0.737697
0.722279
0.719270
0.651688
0.408346
0.395798
0.226687
0.653421
0.416293
0.777773
0.651561
0.766616
0.460465
0.495805
0.817965
0.242951
0.670629
0.459289
0.229250
0.254960
0.335261
0.377168
0.260502
0.334805
0.232831
0.376037
0.173275
0.409618
0.349990
0.228385
0.336393
0.246670
0.460965
0.457160
0.352536
0.395626
0.389048
0.373157
0.220400
0.225629
0.450234
0.391870
0.368752
0.296357
0.304308
0.181541
0.181427
0.507662
0.298803
0.426139
0.488962
0.399366
0.264152
0.423449
0.473252
0.297159
0.342399
0.284452
0.310210
0.164489
0.320127
0.433091
0.804891
0.548430
0.013975
0.273256
0.078002
0.107769
0.416975
0.781391
0.608423
0.022299
0.084492
0.172785
0.764565
0.057421
0.578378
0.542688
0.561247
0.020176
0.113039
0.182634
0.089153
0.376434
0.256487
0.536767
0.292592
0.427137
0.089483
0.435968
0.078544
0.430092
0.579531
0.042490
0.707952
0.047655
0.449913
0.625442
0.524521
0.647353
0.581628
0.414857
0.418834
0.095695
0.346815
0.262857
0.070394
0.566114
0.290987
0.450417
0.418326
0.226884
0.326972
0.351501
0.572363
0.148649
0.375514
0.466084
0.331800
0.179509
0.250457
0.290984
0.131827
0.201394
0.596097
0.073122
0.327089
0.547621
0.321498
0.298487
0.481454
0.442140
0.306835
0.370601
0.186319
0.243641
0.144835
0.183424
0.203953
0.805695
0.510472
0.928316
0.848559
0.576772
0.065606
0.386506
0.928034
0.857345
0.866241
0.438235
0.884564
0.318253
0.346592
0.265384
0.854355
0.848754
0.872021
0.791178
0.545285
0.535544
0.369406
0.645007
0.602450
0.922322
0.613503
0.892623
0.524475
0.490442
0.958544
0.359723
0.777383
0.570724
0.386470
0.366655
0.447811
0.558110
0.300537
0.596694
0.545917
0.409025
0.144836
0.222826
0.640729
0.555210
0.580914
0.381599
0.589641
0.134638
0.328942
0.069771
0.615316
0.538688
0.578814
0.483307
0.380074
0.287094
0.360101
0.340941
0.493266
0.630565
0.342018
0.566863
0.201141
0.266100
0.684753
0.351894
0.470716
0.383464
0.444659
0.224055
0.363226
0.279355
0.077842
0.116164
0.407201
0.779162
0.598744
0.032908
0.081819
0.172210
0.755567
0.066910
0.594048
0.533977
0.570617
0.020077
0.130482
0.187242
0.097633
0.387046
0.255822
0.519088
0.293783
0.413500
0.098431
0.452120
0.090612
0.426132
0.583853
0.047919
0.696164
0.059727
0.448457
0.617724
0.514596
0.635184
0.239460
0.142827
0.084951
0.510773
0.247505
0.314501
0.276522
0.147740
0.416973
0.211935
0.415694
0.180919
0.260623
0.320484
0.170886
0.123033
0.118029
0.205201
0.035493
0.217784
0.414377
0.147083
0.206511
0.361541
0.193561
0.194747
0.342052
0.312958
0.366475
0.219605
0.150140
0.288983
0.133288
0.270304
0.045404
0.339288
0.901348
0.562621
0.050905
0.076459
0.087150
0.736664
0.040691
0.617494
0.553743
0.565952
0.101870
0.059627
0.086998
0.036707
0.369380
0.226029
0.541234
0.320456
0.376382
0.047726
0.415202
0.018961
0.354051
0.576110
0.059560
0.705478
0.045636
0.374548
0.651547
0.482870
0.590372
0.253525
0.847771
0.509738
0.088419
0.101638
0.042965
0.704321
0.028404
0.616016
0.440259
0.502503
0.144894
0.043227
0.030787
0.020736
0.327187
0.136687
0.433190
0.359862
0.273160
0.022656
0.402972
0.022097
0.319771
0.521988
0.078994
0.648556
0.083833
0.331588
0.527513
0.401817
0.550814
0.562580
0.239985
0.441994
0.415401
0.171619
0.353483
0.318397
0.544523
0.172899
0.368195
0.444627
0.306744
0.193197
0.225222
0.285884
0.116946
0.176128
0.594061
0.149597
0.309678
0.512677
0.311067
0.269887
0.455065
0.434659
0.318616
0.358666
0.092117
0.282701
0.117028
0.210543
0.372925
0.908455
0.857589
0.852011
0.382453
0.878910
0.277308
0.330224
0.238021
0.832792
0.859119
0.864365
0.778999
0.532238
0.505537
0.386828
0.623316
0.592594
0.922452
0.629454
0.878548
0.468261
0.464580
0.951905
0.349351
0.752106
0.540467
0.407768
0.330525
0.421183
0.660424
0.593442
0.487766
0.238820
0.571831
0.265726
0.347795
0.144704
0.658304
0.526426
0.489353
0.439550
0.410229
0.232180
0.317586
0.508521
0.436564
0.604616
0.402677
0.544802
0.156218
0.258485
0.693409
0.183558
0.501995
0.213198
0.478081
0.086029
0.183397
0.075296
0.149064
0.816856
0.038880
0.663204
0.622766
0.627982
0.029206
0.099744
0.155383
0.088062
0.425069
0.285642
0.605604
0.322768
0.455019
0.060966
0.457466
0.056451
0.456371
0.621464
0.014484
0.770675
0.058725
0.473584
0.696381
0.580439
0.687477
0.170859
0.779502
0.080374
0.581303
0.608260
0.536344
0.095763
0.083264
0.166829
0.091562
0.421998
0.276553
0.587598
0.215759
0.472266
0.082576
0.313750
0.063313
0.378113
0.507822
0.078843
0.767856
0.059940
0.433546
0.705736
0.546203
0.642876
0.642893
0.061270
0.693342
0.388573
0.545125
0.191187
0.083281
0.046394
0.059705
0.284292
0.147647
0.362055
0.483149
0.234203
0.044405
0.504983
0.075557
0.365040
0.588733
0.126229
0.596825
0.153714
0.254725
0.466784
0.370787
0.483885
0.745037
0.549754
0.320600
0.376938
0.804501
0.710966
0.657948
0.636301
0.434734
0.408063
0.369408
0.777391
0.446023
0.758172
0.720554
0.731087
0.432837
0.534805
0.826286
0.098937
0.695668
0.286364
0.400183
0.203395
0.067999
0.655068
0.515267
0.571242
0.077077
0.044376
0.077272
0.035557
0.346695
0.193759
0.497197
0.357946
0.353543
0.014283
0.442077
0.027286
0.389202
0.581206
0.027850
0.690920
0.070615
0.367542
0.588517
0.476547
0.605884
0.547624
0.116599
0.639908
0.598853
0.666484
0.534144
0.559687
0.395646
0.565538
0.258390
0.698152
0.715382
0.212526
0.597420
0.193082
0.207869
0.743454
0.520768
0.474981
0.472364
0.700762
0.344243
0.519612
0.366534
0.593882
0.506469
0.389378
0.427488
0.270094
0.209055
0.090132
0.704709
0.099202
0.506739
0.701413
0.526367
0.406382
0.564695
0.611602
0.259138
0.530256
0.293927
0.053847
0.164906
0.252068
0.629621
0.510327
0.524805
0.445359
0.420258
0.235131
0.368971
0.338659
0.492368
0.602125
0.258521
0.530220
0.120172
0.167270
0.673795
0.323560
0.457830
0.339603
0.495220
0.172906
0.338803
0.137718
0.212129
0.126911
0.404626
0.304964
0.579921
0.315584
0.458330
0.103934
0.478341
0.110120
0.493899
0.620569
0.045898
0.749836
0.086153
0.472576
0.660022
0.581667
0.675286
0.083518
0.036566
0.269068
0.193569
0.499111
0.330619
0.357899
0.039474
0.365581
0.038240
0.353257
0.522504
0.085859
0.685108
0.077936
0.309745
0.576246
0.455958
0.546465
0.047843
0.329877
0.132301
0.413353
0.456088
0.193964
0.055411
0.454297
0.058950
0.335512
0.555588
0.139877
0.603261
0.149389
0.301742
0.477025
0.361627
0.489113
0.303239
0.119738
0.431422
0.321681
0.289382
0.042676
0.352097
0.020997
0.266290
0.468606
0.089316
0.592099
0.054751
0.268880
0.535461
0.344463
0.487351
0.259684
0.285832
0.584087
0.288635
0.337017
0.593276
0.370370
0.460402
0.586900
0.407543
0.437488
0.348500
0.243554
0.299414
0.348212
0.299978
0.241742
0.388398
0.173947
0.203094
0.368721
0.189229
0.151298
0.307739
0.292447
0.341715
0.217006
0.179703
0.319542
0.118307
0.298294
0.701920
0.167482
0.496281
0.683865
0.531347
0.414220
0.596973
0.589025
0.262639
0.523240
0.299708
0.117778
0.197276
0.284873
0.698587
0.400398
0.162350
0.304555
0.270326
0.291300
0.385160
0.758444
0.225445
0.565480
0.837721
0.548186
0.711866
0.321688
0.702863
0.357999
0.433726
0.641814
0.427778
0.358159
0.424961
0.317758
0.126214
0.239609
0.316916
0.473744
0.029062
0.422880
0.613452
0.038871
0.712129
0.094738
0.375463
0.568872
0.496920
0.604837
0.367188
0.208616
0.215061
0.506183
0.731312
0.318623
0.444228
0.853219
0.469411
0.618462
0.330392
0.525994
0.058823
0.702690
0.042814
0.356273
0.631732
0.456516
0.584688
0.146969
0.496215
0.406369
0.308589
0.252215
0.570012
0.148186
0.366313
0.670502
0.528896
0.478686
0.374843
0.715988
0.299692
0.484094
0.783260
0.088626
0.476532
0.664784
0.598146
0.692237
0.669491
0.328358
0.300367
0.143452
0.134154
0.362765
0.650992
0.446767
0.560209
0.407952
0.153339
0.159778
0.288072
0.337447
0.143456
