0.731957
0.059219
0.756611
0.552052
0.074697
0.059590
0.526564
0.049119
0.433978
0.143142
0.260339
0.175583
0.073115
0.082056
0.464169
0.510666
0.604099
0.289486
0.083517
0.050022
0.536335
0.450264
0.681269
0.560135
0.653906
0.121570
0.111042
0.827359
0.245723
0.943670
0.707983
0.587918
0.084088
0.142477
0.056418
0.311557
0.791941
0.082309
0.652365
0.073667
0.453870
0.129102
0.061724
0.755855
0.106708
0.863206
0.070029
0.631099
0.066995
0.765495
0.458812
0.664145
0.769726
0.761471
0.334589
0.716810
0.673387
0.456708
0.344887
0.444359
0.738727
0.631436
0.259404
0.125413
0.098585
0.587869
0.640195
0.701044
0.130240
0.471349
0.589352
0.242423
0.110909
0.449101
0.824863
0.231635
0.421684
0.179358
0.671027
0.603255
0.736759
0.683341
0.701086
0.266227
0.471680
0.714311
0.585443
0.776049
0.347935
0.696622
0.702606
0.667916
0.648914
0.131429
0.746721
0.764184
0.724190
0.754562
0.479106
0.041829
0.050675
0.525841
0.064141
0.372800
0.140873
0.334988
0.169986
0.041234
0.062780
0.561999
0.569882
0.694290
0.257317
0.090834
0.047249
0.617738
0.422383
0.620584
0.539196
0.642639
0.156708
0.050428
0.807065
0.235581
0.926816
0.629746
0.547671
0.053243
0.112040
0.062072
0.391337
0.782452
0.071746
0.594167
0.057881
0.468664
0.107511
0.040735
0.680967
0.103685
0.852954
0.046921
0.555714
0.034234
0.389142
0.769958
0.750034
0.143452
0.776620
0.358159
0.493298
0.758444
0.440531
0.789526
0.618590
0.629203
0.472878
0.520768
0.379532
0.755188
0.648556
0.511979
0.328358
0.343078
0.330661
0.292869
0.662599
0.782598
0.242951
0.341715
0.359723
0.351689
0.304960
0.712915
0.566275
0.724371
0.680719
0.098937
0.701669
0.313198
0.774010
0.297159
0.725243
0.655471
0.339197
0.707952
0.341906
0.773847
0.445248
0.721687
0.500679
0.481332
0.313465
0.572095
0.065987
0.347983
0.770021
0.368224
0.522021
0.356748
0.810287
0.646355
0.734545
0.182156
0.605713
0.386095
0.682965
0.435360
0.035892
0.519366
0.402811
0.611355
0.457887
0.352512
0.255357
0.537152
0.038796
0.117092
0.435614
0.319697
0.477249
0.719841
0.501048
0.432721
0.030844
0.511844
0.306356
0.448872
0.397692
0.051819
0.466260
0.534070
0.525913
0.038264
0.482035
0.011624
0.571888
0.036588
0.418545
0.183072
0.328674
0.196298
0.008489
0.063343
0.590463
0.607455
0.692933
0.304186
0.068911
0.085422
0.644440
0.460163
0.629740
0.574214
0.658602
0.172588
0.016818
0.817736
0.283357
0.938418
0.652519
0.581467
0.015814
0.177032
0.030934
0.363831
0.809479
0.026050
0.607015
0.024697
0.476808
0.053610
0.096585
0.694821
0.054337
0.882255
0.029226
0.570844
0.016787
0.552773
0.031402
0.398494
0.166840
0.325353
0.180422
0.012058
0.052542
0.586642
0.587684
0.670441
0.292516
0.081541
0.074618
0.624216
0.450646
0.605211
0.574397
0.647354
0.171600
0.025861
0.796449
0.269113
0.928039
0.636023
0.557405
0.013344
0.173609
0.016592
0.347435
0.785183
0.009503
0.581831
0.022610
0.451120
0.050989
0.092553
0.677281
0.038518
0.867968
0.026678
0.552048
0.022438
0.545979
0.239609
0.227091
0.548186
0.193989
0.584582
0.397252
0.385228
0.268419
0.344243
0.172947
0.510950
0.401817
0.348071
0.153339
0.303370
0.140648
0.211864
0.388571
0.609636
0.254960
0.118307
0.366655
0.331036
0.207594
0.520160
0.322854
0.507484
0.463055
0.203395
0.513870
0.278848
0.579060
0.164489
0.558700
0.410564
0.336248
0.524521
0.296508
0.581898
0.403099
0.493520
0.463353
0.145448
0.277957
0.169560
0.032524
0.059040
0.503553
0.532246
0.608932
0.317353
0.053239
0.074158
0.561950
0.390168
0.691322
0.515325
0.648047
0.092965
0.071857
0.830541
0.268444
0.942077
0.720279
0.618131
0.046782
0.188631
0.026377
0.283457
0.791406
0.049797
0.668754
0.040002
0.463781
0.079685
0.099792
0.757810
0.059805
0.867880
0.042538
0.635018
0.040792
0.256490
0.698587
0.270408
0.443398
0.277687
0.723985
0.587598
0.698152
0.077176
0.501958
0.273160
0.629464
0.317758
0.123067
0.475788
0.420356
0.499017
0.397507
0.416293
0.173947
0.602450
0.098847
0.071016
0.371522
0.175625
0.395424
0.672212
0.446023
0.369731
0.094002
0.441963
0.298803
0.421261
0.268915
0.131488
0.427137
0.577655
0.440238
0.110575
0.388472
0.288677
0.045224
0.177033
0.066253
0.354084
0.306580
0.395861
0.124294
0.157106
0.073765
0.377113
0.214319
0.428184
0.249624
0.339216
0.084798
0.223146
0.501823
0.058441
0.622355
0.467357
0.363266
0.158524
0.115070
0.126984
0.244151
0.540142
0.154634
0.406467
0.190038
0.215467
0.191089
0.085328
0.506033
0.156413
0.538827
0.182634
0.449847
0.134525
0.310268
0.289547
0.323744
0.206347
0.198878
0.258390
0.530862
0.213431
0.359862
0.286736
0.565480
0.826696
0.425905
0.412689
0.160302
0.406102
0.653421
0.388398
0.645007
0.867782
0.764371
0.343369
0.432831
0.303170
0.090164
0.777391
0.328724
0.800623
0.342527
0.507662
0.341487
0.357615
0.907593
0.292592
0.562593
0.311723
0.876750
0.305096
0.195876
0.105918
0.366825
0.301739
0.380185
0.132361
0.183555
0.117621
0.347426
0.184431
0.430038
0.240458
0.344195
0.118908
0.237401
0.485045
0.085443
0.607377
0.480288
0.352895
0.175949
0.128570
0.143331
0.260048
0.471668
0.162904
0.411856
0.217982
0.173939
0.229735
0.119539
0.509755
0.184868
0.497351
0.196277
0.474160
0.149194
0.061681
0.566207
0.572241
0.656828
0.326841
0.063516
0.091939
0.617772
0.464187
0.648098
0.567186
0.640719
0.152092
0.023898
0.808643
0.294001
0.919175
0.676572
0.604854
0.020035
0.193064
0.027330
0.321954
0.817252
0.024300
0.625486
0.028578
0.485015
0.055860
0.101852
0.719313
0.045127
0.858564
0.022875
0.596981
0.021529
0.518842
0.488696
0.575340
0.170952
0.102968
0.035795
0.516987
0.308640
0.463046
0.418739
0.489971
0.121283
0.082065
0.637021
0.141265
0.779597
0.495647
0.412869
0.046892
0.106610
0.043602
0.314563
0.664313
0.050563
0.438993
0.074130
0.323006
0.071900
0.055479
0.535507
0.063486
0.709854
0.068308
0.436976
0.056410
0.113212
0.126814
0.537639
0.378191
0.507697
0.233066
0.473349
0.824410
0.278067
0.377647
0.254574
0.687124
0.591480
0.355681
0.560893
0.874487
0.724132
0.583176
0.517469
0.527387
0.190530
0.645654
0.581710
0.807453
0.587028
0.477915
0.599284
0.508698
0.888800
0.547758
0.454607
0.588175
0.911918
0.519638
0.090467
0.460020
0.448751
0.511624
0.135664
0.397043
0.638801
0.196961
0.195881
0.284033
0.683144
0.367064
0.300931
0.356175
0.692043
0.575776
0.584102
0.498739
0.536563
0.161983
0.494831
0.563639
0.617345
0.615279
0.339727
0.596145
0.508590
0.708378
0.528934
0.258564
0.590325
0.750252
0.539268
0.566394
0.533102
0.616016
0.159804
0.472364
0.680135
0.266807
0.217319
0.349548
0.767448
0.369801
0.395646
0.318253
0.762748
0.653503
0.661453
0.625552
0.601156
0.156337
0.549754
0.627742
0.674466
0.688550
0.373157
0.653855
0.623114
0.767635
0.578378
0.245407
0.666646
0.840916
0.628683
0.327837
0.148282
0.517042
0.222840
0.252462
0.349048
0.389479
0.306802
0.316994
0.461840
0.076910
0.622667
0.252086
0.127326
0.262500
0.068843
0.261249
0.498361
0.471278
0.268684
0.216902
0.325905
0.213172
0.327728
0.142406
0.294604
0.314500
0.574100
0.319589
0.261847
0.253032
0.115942
0.536220
0.416180
0.727246
0.436895
0.585309
0.080396
0.125013
0.793759
0.256059
0.879095
0.751677
0.636868
0.079364
0.203748
0.077702
0.240067
0.772972
0.102341
0.696431
0.077988
0.468224
0.114292
0.126690
0.793657
0.098724
0.798914
0.093211
0.688844
0.057136
0.552265
0.331588
0.508522
0.464736
0.560539
0.135839
0.104356
0.705920
0.136687
0.848559
0.527972
0.412683
0.073211
0.060199
0.059225
0.365970
0.704321
0.081482
0.478754
0.085450
0.349990
0.122535
0.017261
0.577590
0.107769
0.783689
0.082221
0.467392
0.064430
0.410220
0.658147
0.307004
0.281723
0.339520
0.707955
0.415529
0.365145
0.415588
0.727812
0.609777
0.628133
0.537328
0.566230
0.266591
0.481128
0.603908
0.650301
0.658872
0.370679
0.611359
0.547513
0.727952
0.570817
0.310831
0.615905
0.762058
0.606147
0.449173
0.174007
0.376907
0.279491
0.493953
0.459289
0.179703
0.570724
0.478317
0.330313
0.425814
0.290238
0.400687
0.465885
0.286364
0.434611
0.434662
0.473175
0.284452
0.472779
0.342281
0.470250
0.449913
0.466207
0.462240
0.493984
0.411268
0.507063
0.344618
0.692671
0.588385
0.268395
0.310171
0.425661
0.044708
0.118767
0.554929
0.431477
0.591342
0.738810
0.442882
0.540134
0.013417
0.633549
0.298242
0.553116
0.523033
0.034937
0.561803
0.426982
0.646547
0.079070
0.606614
0.194075
0.292617
0.633258
0.304668
0.197498
0.354591
0.548206
0.456658
0.534401
0.454241
0.524209
0.324640
0.334797
0.548437
0.493434
0.570727
0.240826
0.530615
0.482740
0.546877
0.502122
0.253580
0.581635
0.610717
0.507287
0.441785
0.688952
0.084274
0.277721
0.111549
0.406090
0.386668
0.606464
0.522004
0.600664
0.340541
0.353562
0.590375
0.328126
0.666991
0.201315
0.582837
0.558895
0.413765
0.546402
0.089840
0.643721
0.512683
0.614115
0.243308
0.665578
0.192517
0.728090
0.736655
0.608148
0.177191
0.224368
0.128779
0.137099
0.667480
0.181596
0.674250
0.174955
0.364255
0.197265
0.150299
0.769435
0.157945
0.625749
0.163518
0.705151
0.140767
0.813345
0.316438
0.948143
0.607073
0.562461
0.022912
0.191996
0.050804
0.436161
0.828244
0.032313
0.566255
0.032642
0.493279
0.058053
0.114972
0.647600
0.063864
0.909725
0.034422
0.518219
0.039779
0.395798
0.057289
0.309446
0.326152
0.751204
0.660070
0.761048
0.543245
0.333950
0.727435
0.244989
0.810274
0.208328
0.707123
0.719452
0.307438
0.680966
0.105356
0.781937
0.452587
0.786785
0.535544
0.340489
0.237738
0.238305
0.125905
0.233081
0.341664
0.408063
0.247109
0.287029
0.283940
0.181541
0.273071
0.155174
0.367581
0.256487
0.450853
0.296529
0.347748
0.222734
0.482733
0.488408
0.881784
0.799706
0.885030
0.537391
0.438235
0.859927
0.415627
0.936612
0.334805
0.837057
0.848028
0.478451
0.804891
0.072536
0.901823
0.644423
0.902131
0.110897
0.588799
0.434425
0.633432
0.811332
0.477236
0.584436
0.029531
0.662735
0.351887
0.590459
0.538870
0.016529
0.607515
0.506522
0.669440
0.058021
0.632827
0.520829
0.287719
0.541465
0.705777
0.404716
0.512196
0.083323
0.595575
0.290849
0.550206
0.418608
0.132110
0.550490
0.490870
0.585397
0.181865
0.544786
0.162791
0.021125
0.351231
0.761262
0.011935
0.533765
0.021278
0.421968
0.039006
0.092040
0.628493
0.034634
0.830853
0.036052
0.509227
0.019625
0.158934
0.462657
0.612848
0.176823
0.396616
0.207814
0.346164
0.251763
0.036379
0.486979
0.242474
0.722101
0.190486
0.396050
0.137915
0.298777
0.766344
0.014422
0.571625
0.036082
0.397722
0.061832
0.079247
0.673512
0.036551
0.826609
0.033847
0.556440
0.027979
0.710901
0.324019
0.722312
0.352894
0.394155
0.338833
0.390465
0.839574
0.267712
0.468136
0.335317
0.825475
0.326072
0.752642
0.427937
0.819214
0.395626
0.782294
0.703089
0.445002
0.764565
0.352413
0.821397
0.541247
0.764094
0.520141
0.031579
0.400335
0.047590
0.102213
0.622394
0.026862
0.810887
0.034140
0.511307
0.029145
0.611697
0.275893
0.534469
0.492943
0.034798
0.539909
0.433266
0.617113
0.073454
0.584137
0.463627
0.032654
0.115488
0.699886
0.031528
0.886856
0.028822
0.581427
0.034236
0.411294
0.369833
0.366566
0.377168
0.303519
0.447624
0.422321
0.439072
0.160511
0.622842
0.020883
0.803016
0.061703
0.523976
0.075767
0.593025
0.146236
0.774124
0.098996
0.483630
0.070505
0.644010
0.483589
0.713087
0.061835
0.678169
0.768275
0.046417
0.549798
0.061820
0.857962
0.635475
0.836476
0.609758
0.044302
0.561143
