0.941317
0.839847
0.644110
0.857381
0.769844
0.910787
0.773635
0.720807
0.627264
0.562974
0.665045
0.748911
0.824406
0.599393
0.751595
0.782733
0.825291
0.638868
0.538796
0.670473
0.752510
0.626854
0.798315
0.773963
0.680845
0.607761
0.908936
0.644744
0.800219
0.860047
0.759441
0.809407
0.782051
0.814072
0.868338
0.590824
0.641204
0.783351
0.578191
0.822350
0.711800
0.786699
0.774516
0.600719
0.576050
0.747445
0.777425
0.723114
0.704986
0.882903
0.926759
0.854407
0.898998
0.698518
0.921431
0.859643
0.856333
0.954643
0.811562
0.984578
0.893329
0.911967
0.866503
0.982562
0.965734
0.865556
0.889384
0.948447
0.887350
0.934736
0.860645
0.859202
0.955320
0.918618
1.039937
0.894430
0.932215
0.737557
0.892166
0.888005
0.776183
0.951215
0.890831
0.862791
0.908973
0.925707
0.903346
0.840741
0.935729
0.865416
0.906826
0.919583
0.833785
0.912811
0.934670
0.816835
0.915026
0.851949
0.832101
0.826219
0.734830
0.840138
0.799319
0.765914
0.773086
0.788361
0.891483
0.803248
0.846360
0.795149
0.673693
0.896382
0.817766
0.821355
0.831732
0.829610
0.878063
0.873683
0.867707
0.892128
0.842733
0.942822
0.901777
0.785450
0.848602
0.845747
0.880997
0.788576
0.922580
0.917430
0.864120
0.919603
0.990681
0.825407
0.955470
0.871491
0.773747
0.789309
0.821767
0.721337
0.907649
0.892707
0.809251
0.861759
0.675789
0.562739
0.780465
0.388257
0.492611
0.432022
0.773682
0.704391
0.491306
0.515429
0.677817
0.434677
0.909581
0.661084
0.413621
0.739965
0.713514
0.290791
0.531951
0.807050
0.940581
0.387908
0.338747
0.770842
0.436739
0.797619
0.743611
0.229011
0.612480
0.548989
0.611717
0.703558
0.410568
0.452382
0.890899
0.744191
0.581525
0.375403
0.621627
0.501127
0.561946
0.532272
0.396769
0.779705
0.628416
0.508336
0.508380
0.712337
0.683114
0.610925
0.600932
0.909043
0.767738
0.821193
0.651533
0.809878
0.740871
0.888815
0.848114
0.759993
0.776195
0.878742
0.642031
0.804875
0.818455
0.965710
0.769263
0.735497
0.744944
0.676577
0.885344
0.712291
0.612481
0.574347
0.654520
0.748875
0.598787
0.743804
0.753266
0.797854
0.874705
0.566237
0.715917
0.803769
0.714283
0.828971
0.660445
0.657267
0.847814
0.746982
0.568384
0.717222
0.482389
0.399130
0.375712
0.836630
0.649874
0.813705
0.436120
0.751125
0.560788
0.832547
0.741537
0.554803
0.785215
0.720146
0.497411
0.688835
0.615346
0.915102
0.576702
0.475640
0.689551
0.513134
0.732368
0.585857
0.456835
0.559956
0.547826
0.568641
0.574898
0.578267
0.620443
0.738077
0.719500
0.550069
0.541386
0.525488
0.499754
0.610815
0.508376
0.521210
0.725175
0.501511
0.434975
0.696526
0.654944
0.728939
0.969944
0.716116
0.882927
0.686919
0.851965
0.640912
0.795072
0.836795
0.785755
0.854932
1.004553
0.728744
0.859056
0.733622
0.925049
0.784432
0.714097
0.838209
0.715006
0.724057
0.529716
0.668652
0.679258
0.578917
0.724533
0.676310
0.723863
0.817466
1.015952
0.760708
0.696352
0.780861
0.716482
0.709632
0.892966
0.689447
0.780642
0.712378
0.618602
0.737307
0.418866
0.394514
0.900327
0.704440
0.786690
0.491029
0.758812
0.360264
0.887059
0.663018
0.427412
0.765323
0.817851
0.249076
0.518343
0.701172
0.873102
0.461416
0.377536
0.841880
0.410760
0.696119
0.678104
0.326521
0.530858
0.487705
0.479298
0.538989
0.460019
0.535958
0.830205
0.772393
0.483089
0.398590
0.491530
0.470091
0.605186
0.591541
0.354938
0.786941
0.560212
0.482667
0.250647
0.720884
0.631424
0.766185
0.341947
0.801156
0.428530
0.880980
0.562642
0.500991
0.689666
0.648623
0.435822
0.507035
0.498331
0.908966
0.548402
0.488969
0.708382
0.480887
0.654280
0.504314
0.398383
0.435454
0.380326
0.529495
0.490995
0.572370
0.553516
0.685199
0.680033
0.463862
0.578171
0.430852
0.499228
0.603157
0.459068
0.513367
0.662396
0.438630
0.424415
0.697367
0.578175
0.757863
0.406488
0.732970
0.450518
0.797973
0.499676
0.447274
0.651594
0.526386
0.461396
0.531388
0.533927
0.848372
0.551384
0.435991
0.717672
0.478568
0.728811
0.530157
0.418164
0.514858
0.477583
0.554518
0.537965
0.558633
0.616533
0.690233
0.657885
0.530483
0.533533
0.486818
0.540286
0.544142
0.414262
0.479846
0.667647
0.431609
0.377816
0.716380
0.718666
0.797162
0.612785
0.856682
0.897418
0.808645
0.685269
0.697943
0.775025
0.910136
0.770344
0.899852
0.823935
0.863447
0.797497
0.935229
0.822107
0.971544
0.975727
0.839623
0.876326
0.900504
0.852374
0.964868
0.876947
0.851425
0.766452
0.609734
0.923027
0.928458
0.831547
0.748550
0.847431
0.656259
0.942560
0.740614
0.707747
0.796874
0.820938
0.698947
0.597813
0.680475
0.793157
0.660568
0.521195
0.746933
0.820859
0.638982
0.714732
0.679479
0.623159
0.772992
0.685889
0.894409
0.679996
0.812473
0.769232
0.752512
0.694250
0.712714
0.744739
0.882604
0.689314
0.810689
0.886138
0.544529
0.774250
0.778273
0.692007
0.711309
0.746208
0.612524
0.684730
0.671040
0.598326
0.670007
0.768076
0.656624
0.730388
0.891223
0.851222
0.668998
0.829294
0.637346
0.757464
0.665185
0.857448
0.905315
0.643159
0.561568
0.874567
0.623393
0.915542
0.834450
0.532573
0.877537
0.805946
0.795902
0.895886
0.680129
0.556357
0.830782
0.779696
0.685816
0.701464
0.796363
0.632265
0.829098
0.746467
0.746330
0.798872
0.724375
0.717400
0.795978
0.515346
0.875069
0.626227
0.539133
0.859464
0.802663
0.553188
0.717254
0.688835
0.957962
0.597907
0.534580
0.655378
0.592750
0.717692
0.599500
0.389238
0.345202
0.513851
0.506613
0.563014
0.590342
0.687701
0.819914
0.750374
0.482430
0.643932
0.601080
0.554370
0.702392
0.547416
0.568675
0.760138
0.508460
0.400104
0.776221
0.823547
0.757743
0.619586
0.723826
0.853849
0.723541
0.831407
0.845733
0.713004
0.744037
0.675272
0.945684
0.705335
0.931297
0.868258
0.786544
0.838887
0.877512
0.713391
0.922119
0.723611
0.800384
0.866014
0.614511
0.869712
0.798224
0.855724
0.768349
0.823027
0.681617
0.760530
0.688722
0.656462
0.705663
0.780895
0.695189
0.435239
0.779099
0.724919
0.364029
0.542940
0.657289
0.876467
0.498063
0.373556
0.776854
0.405687
0.682200
0.591211
0.349888
0.564073
0.519200
0.520769
0.588149
0.479050
0.448044
0.847467
0.757499
0.573080
0.418776
0.495118
0.484653
0.689193
0.651025
0.398552
0.681448
0.480286
0.554987
0.831828
0.890002
0.924123
0.849324
0.830676
0.926369
0.917521
0.940600
0.887439
0.837851
0.911953
0.858379
0.880201
0.763066
0.860905
0.929178
0.843785
0.875881
0.791412
0.877280
0.848719
0.984465
0.831731
1.009996
0.838874
0.812602
0.876981
0.881217
0.835505
0.936694
0.936208
0.808785
0.776454
0.582284
0.826996
0.722932
0.605495
0.819936
0.727565
0.931841
0.767403
0.697554
0.840045
0.720806
0.769220
0.862052
0.683950
0.758502
0.739384
0.681236
0.846347
0.802977
0.857384
0.837390
0.756617
0.812419
0.796987
0.675785
0.788892
0.777968
0.648291
0.648429
0.705531
0.709177
0.705008
0.669674
0.736826
0.385836
0.570364
0.723489
0.766417
0.531639
0.415238
0.794682
0.453793
0.786820
0.744224
0.445479
0.586430
0.632258
0.469657
0.694806
0.490247
0.577949
0.818230
0.619691
0.582887
0.540179
0.596221
0.507541
0.637859
0.416433
0.396142
0.598227
0.561311
0.499985
0.781907
0.767154
0.693378
0.804240
0.767795
0.816077
0.790374
0.955871
0.658110
0.818901
0.815941
0.857477
0.798659
0.818195
0.796780
0.855130
0.807539
0.770116
0.790506
0.639611
0.812473
0.828359
0.817240
0.820675
0.831710
0.703805
0.788021
0.793723
0.637410
0.739449
0.828226
0.733871
0.680894
0.900420
0.744300
0.627717
0.824511
0.784716
0.936298
0.775667
0.720546
0.857018
0.819656
0.891128
0.830855
0.744181
0.729997
0.729659
0.710406
0.804939
0.813471
0.731506
0.804987
0.674162
0.599654
0.821092
0.834780
0.720806
0.762108
0.537161
0.726852
0.921115
0.416547
0.368080
0.894326
0.375576
0.753491
0.709554
0.264675
0.576703
0.482383
0.545817
0.596233
0.390811
0.429451
0.847878
0.739674
0.497655
0.310200
0.550499
0.444319
0.580924
0.570579
0.258914
0.792188
0.644391
0.511481
0.743012
0.841512
0.620614
0.556755
0.922044
0.569424
0.829263
0.761541
0.555144
0.711147
0.609069
0.644650
0.716241
0.564803
0.619405
0.766229
0.819359
0.725833
0.627901
0.592333
0.569778
0.700924
0.668738
0.582193
0.847240
0.718072
0.592994
0.733527
0.770538
0.708925
0.910075
0.711513
0.733524
0.586611
0.709520
0.757150
0.684445
0.809391
0.753712
0.757987
0.766639
0.744354
0.702858
0.719097
0.785232
0.498039
0.704042
0.665473
0.628244
0.670875
0.683012
0.605104
0.733490
1.001535
0.903255
0.982695
0.909577
0.778484
0.940193
1.004283
0.918315
1.052569
0.914226
1.081724
0.884489
0.958800
0.983885
0.690798
1.079436
0.965036
0.780713
0.962142
0.891069
0.856569
0.922333
0.769683
0.770226
0.863450
0.279716
0.776637
0.442266
0.805957
0.731014
0.352258
0.689218
0.475009
0.635848
0.738422
0.329302
0.361408
0.882734
0.721353
0.539051
0.259857
0.692073
0.543314
0.391240
0.640656
0.435944
0.761801
0.720519
0.616687
0.813284
0.380606
0.746989
0.653487
0.267971
0.643764
0.479194
0.572447
0.612406
0.306406
0.339300
0.820713
0.643609
0.475169
0.284598
0.561401
0.415152
0.518271
0.541575
0.411196
0.670568
0.598966
0.556376
0.813275
0.829827
0.686793
0.750280
0.703704
0.779589
0.681541
0.879014
0.901166
0.960127
1.026667
0.950098
0.808885
0.881281
0.717635
0.808667
0.868856
0.756707
0.790533
0.871266
0.648656
0.581622
0.719279
0.610457
0.397930
0.639676
0.543286
0.540053
0.587897
0.465474
0.392744
0.752630
0.781005
0.470860
0.347514
0.580927
0.492236
0.638261
0.552985
0.239254
0.713609
0.536808
0.480575
0.711097
0.723794
0.850812
0.685327
0.794092
0.847987
0.834810
0.866948
0.950339
0.819919
0.804322
0.835049
0.368114
0.876550
0.874739
0.818211
0.785847
0.713753
0.688108
0.779012
0.643741
0.737134
0.535660
0.764635
0.643789
0.731248
0.720480
0.843182
0.807768
0.633121
0.732414
0.538944
0.657600
0.773591
0.651979
0.656622
0.729054
0.534279
0.611754
0.524802
0.473620
0.512079
0.531803
0.376063
0.377175
0.867018
0.777359
0.436817
0.319524
0.534005
0.367029
0.613835
0.541852
0.374970
0.770048
0.605862
0.430063
0.643340
0.504130
0.512552
0.618681
0.691848
0.838748
0.785526
0.490812
0.678374
0.707037
0.613710
0.747094
0.655850
0.638808
0.796384
0.574459
0.388229
0.626810
0.570553
0.579575
0.619367
0.860830
0.794880
0.428869
0.538456
0.612460
0.553423
0.649189
0.580560
0.516567
0.772605
0.676299
0.612788
0.583981
0.612917
0.683007
0.830653
0.865334
0.591367
0.622308
0.694165
0.616484
0.838259
0.639559
0.582008
0.748082
0.519864
0.409816
0.677220
0.602529
0.696126
0.909685
0.430325
0.661721
0.716947
0.658458
0.851015
0.717099
0.657949
0.868406
0.660092
0.541229
0.403781
0.853172
0.653996
0.536180
0.304420
0.703324
0.570005
0.441922
0.609064
0.542259
0.831397
0.659324
0.566534
0.752676
0.782603
0.509677
0.294340
0.683832
0.443221
0.540777
0.730798
0.502760
0.812931
0.681618
0.604035
0.776824
0.726552
0.868259
0.801029
0.860884
0.785187
0.712118
0.826163
0.852077
0.819363
0.790178
0.767297
0.820778
0.733222
0.766434
0.744145
0.609293
0.805789
0.522792
0.638921
0.764307
0.541847
0.713743
0.540364
0.721458
0.657390
0.517675
0.760725
0.614657
0.519100
0.716585
0.472961
0.451113
0.634948
0.409946
0.866527
0.762319
0.604872
0.584334
0.721056
0.669333
0.615298
0.752310
0.507416
0.584107
0.683570
0.586612
0.519636
0.793598
0.616756
0.526392
0.576876
0.603959
0.897568
0.819702
0.683217
0.532094
0.694431
0.653837
0.513560
0.720554
0.697638
0.526542
0.616896
0.780628
0.368331
