0.712559
0.221996
0.562921
0.315535
0.138011
0.111332
0.087806
0.464931
0.091561
0.150476
0.140466
0.273975
0.226698
0.156487
0.086308
0.107841
0.352003
0.140638
0.225637
0.528067
0.163970
0.110743
0.654682
0.187574
0.431156
0.569521
0.127156
0.616217
0.424748
0.666194
0.422595
0.075015
0.152471
0.373802
0.302832
0.185599
0.112242
0.480324
0.367981
0.522363
0.054034
0.088019
0.177697
0.099466
0.056559
0.140099
0.116668
0.298651
0.071327
0.468774
0.184604
0.434385
0.984841
0.600554
0.847696
0.599955
0.963623
0.807183
0.843711
0.493654
0.324752
0.376763
0.723469
0.597454
0.420210
0.745246
0.723845
0.191525
0.819168
0.602892
0.085481
0.540118
0.252895
0.181934
0.903661
0.073517
0.132580
0.233833
0.227117
0.639673
0.765472
0.586949
0.818647
0.929385
0.579355
0.164889
0.316714
0.133442
0.841830
0.605625
0.693882
0.528512
0.875802
0.891434
0.631835
0.532106
0.863382
0.360230
0.340456
0.514731
0.302121
0.394675
0.262983
0.460749
0.393451
0.455171
0.230582
0.206182
0.205462
0.341789
0.261712
0.291006
0.342053
0.391872
0.287135
0.486281
0.222790
0.420883
0.402282
0.216689
0.359100
0.426513
0.337606
0.264022
0.475514
0.339304
0.289004
0.340429
0.512188
0.616321
0.536769
0.144550
0.356409
0.216790
0.439373
0.364594
0.250922
0.342998
0.260165
0.356925
0.478385
0.284926
0.260841
0.368349
0.198406
0.850868
0.440208
0.744414
0.558177
0.776673
0.761349
0.660547
0.516914
0.152360
0.238364
0.670483
0.357238
0.437983
0.656365
0.700282
0.299859
0.699430
0.376120
0.159336
0.447229
0.236462
0.042260
0.711682
0.078424
0.111372
0.139458
0.155500
0.561682
0.694908
0.663143
0.772601
0.806972
0.414852
0.091272
0.243387
0.169312
0.640134
0.361486
0.414583
0.414581
0.688401
0.750024
0.594400
0.515621
0.692064
0.486535
0.149360
0.502136
0.635675
0.411268
0.595407
0.272797
0.521633
0.177337
0.184592
0.476305
0.106708
0.546833
0.476033
0.613979
0.516063
0.361636
0.133937
0.452882
0.214057
0.327184
0.257519
0.381213
0.331567
0.262727
0.365534
0.156694
0.323039
0.564061
0.690101
0.484373
0.468659
0.281095
0.245665
0.318951
0.347098
0.281573
0.137511
0.128333
0.226368
0.401397
0.410705
0.472876
0.571424
0.360952
0.227240
0.086689
0.670562
0.027921
0.207107
0.103468
0.456860
0.488769
0.383400
0.179415
0.265861
0.544955
0.224051
0.380198
0.827072
0.069999
0.298392
0.931711
0.226004
0.722575
0.856675
0.078664
0.920048
0.732247
0.911999
0.657337
0.170586
0.234272
0.509380
0.166798
0.054426
0.343760
0.749946
0.638908
0.747143
0.077873
0.249014
0.269168
0.233292
0.074928
0.054785
0.282297
0.514263
0.089776
0.233906
0.582872
0.169386
0.332319
0.092959
0.374274
0.216498
0.158934
0.211363
0.080229
0.455017
0.226663
0.410347
0.554997
0.151504
0.072661
0.597738
0.116318
0.407050
0.480480
0.157374
0.531674
0.373342
0.551954
0.255317
0.088298
0.340648
0.525555
0.255767
0.212661
0.205767
0.372025
0.315452
0.425794
0.101344
0.090681
0.104527
0.088574
0.162654
0.176942
0.273039
0.453434
0.124607
0.516693
0.088251
0.084709
0.195780
0.255374
0.352445
0.292266
0.070984
0.266283
0.345512
0.148022
0.239453
0.626261
0.169371
0.298577
0.765327
0.263709
0.597121
0.737802
0.149022
0.779251
0.583266
0.791068
0.618838
0.092463
0.094435
0.321881
0.239048
0.135588
0.248941
0.614896
0.509594
0.610313
0.116148
0.225722
0.331083
0.205051
0.061779
0.134641
0.143339
0.320337
0.118975
0.670747
0.429942
0.653640
0.295830
0.438799
0.412656
0.499715
0.551355
0.282893
0.373844
0.446558
0.280052
0.660075
0.538806
0.536799
0.618693
0.436335
0.538016
0.565294
0.526536
0.468109
0.622558
0.594157
0.495171
0.380779
0.493098
0.681615
0.648744
0.359112
0.552315
0.301086
0.522079
0.600503
0.538247
0.601032
0.518604
0.505017
0.650367
0.425022
0.157701
0.555526
0.218959
0.072225
0.453696
0.418031
0.325614
0.175544
0.183939
0.547890
0.216751
0.382308
0.811630
0.092317
0.206938
0.892899
0.207069
0.671872
0.795775
0.060518
0.879879
0.680940
0.857480
0.581191
0.151924
0.232408
0.530958
0.220235
0.090330
0.276858
0.690008
0.576216
0.722121
0.032152
0.164519
0.184968
0.193775
0.045166
0.073725
0.271328
0.518771
0.066318
0.321484
0.233079
0.386928
0.336964
0.069665
0.367439
0.275758
0.113747
0.110363
0.566418
0.284048
0.392225
0.760454
0.362670
0.593881
0.763520
0.237158
0.765698
0.580415
0.803238
0.665277
0.136320
0.031133
0.166711
0.347791
0.238301
0.303451
0.638503
0.538795
0.614575
0.233024
0.312882
0.434582
0.288574
0.134154
0.246452
0.076886
0.207104
0.209451
0.493711
0.370022
0.264936
0.245456
0.145578
0.580331
0.237216
0.475843
0.757411
0.067668
0.160438
0.809639
0.121315
0.583338
0.687337
0.057779
0.774495
0.589410
0.755249
0.419600
0.159984
0.328956
0.609001
0.156258
0.092670
0.272764
0.588332
0.470105
0.603795
0.047698
0.142013
0.104528
0.151297
0.105295
0.079105
0.354370
0.560098
0.066753
0.267366
0.265129
0.229809
0.421903
0.105177
0.242173
0.321294
0.235432
0.436915
0.436608
0.417117
0.380659
0.387471
0.484350
0.426584
0.447148
0.339870
0.530348
0.472136
0.203546
0.210883
0.279651
0.469708
0.450935
0.286767
0.385335
0.305666
0.368926
0.429208
0.360082
0.507462
0.288023
0.348824
0.437249
0.212438
0.175835
0.405868
0.060478
0.289139
0.177996
0.260873
0.343555
0.386289
0.285375
0.390579
0.195313
0.256626
0.221713
0.187871
0.181837
0.402342
0.221689
0.107998
0.276723
0.182645
0.229253
0.332239
0.394660
0.483005
0.475151
0.172539
0.127742
0.203480
0.167298
0.313462
0.136623
0.240880
0.157675
0.335969
0.414311
0.264882
0.302909
0.352154
0.241630
0.138539
0.256931
0.271830
0.341397
0.298207
0.280605
0.154147
0.306955
0.122800
0.250597
0.226026
0.281383
0.289333
0.147610
0.331148
0.159705
0.188378
0.283041
0.377797
0.372345
0.362047
0.129539
0.185950
0.173326
0.187644
0.235821
0.109562
0.178783
0.080781
0.240549
0.300788
0.225227
0.268200
0.247469
0.268674
0.293778
0.127346
0.118764
0.519329
0.212924
0.286356
0.678561
0.254888
0.515732
0.667280
0.225656
0.670963
0.483133
0.704200
0.540479
0.068062
0.084051
0.204802
0.290527
0.204663
0.250805
0.522819
0.485206
0.517677
0.161792
0.236373
0.350882
0.153144
0.117698
0.174030
0.048261
0.246775
0.144591
0.477862
0.295244
0.424668
0.548217
0.236777
0.031824
0.570824
0.172976
0.365310
0.407440
0.200772
0.481452
0.350073
0.524501
0.243093
0.186451
0.343620
0.557335
0.389370
0.299947
0.145034
0.364034
0.320128
0.451195
0.093791
0.031333
0.071570
0.131364
0.174420
0.252600
0.289494
0.448974
0.168906
0.263014
0.301684
0.197059
0.500547
0.492632
0.345197
0.398571
0.387434
0.389208
0.503547
0.367900
0.278138
0.433020
0.451847
0.296229
0.249966
0.239507
0.527320
0.513127
0.379173
0.337840
0.261984
0.277440
0.509641
0.412847
0.548326
0.315863
0.409596
0.491210
0.223481
0.109001
0.484523
0.227083
0.493939
0.241783
0.305524
0.708729
0.286901
0.577579
0.656334
0.159089
0.686383
0.521678
0.715057
0.517376
0.119087
0.140378
0.315476
0.306535
0.209988
0.303157
0.560903
0.389580
0.540614
0.206310
0.247337
0.313221
0.199866
0.110076
0.206598
0.163972
0.229874
0.179382
0.499031
0.433279
0.427552
0.697821
0.460011
0.569966
0.696352
0.419914
0.680266
0.516444
0.738749
0.659389
0.250093
0.120273
0.093355
0.525119
0.417104
0.371491
0.595855
0.574073
0.591612
0.353052
0.397417
0.517380
0.327058
0.267288
0.378087
0.047751
0.157967
0.323181
0.727567
0.543818
0.158193
0.526908
0.262920
0.272584
0.743878
0.172422
0.183411
0.323941
0.335190
0.492252
0.523186
0.426293
0.750646
0.784672
0.424778
0.258996
0.210136
0.206357
0.708335
0.535786
0.651393
0.431750
0.662165
0.744967
0.428109
0.243835
0.689626
0.251741
0.785727
0.099294
0.617046
0.697930
0.081224
0.772810
0.581357
0.750432
0.481082
0.151107
0.307792
0.528124
0.081733
0.040414
0.328431
0.581845
0.520823
0.561131
0.103895
0.208462
0.190279
0.151163
0.132758
0.025306
0.320692
0.520263
0.082644
0.580430
0.192419
0.358760
0.432224
0.215542
0.487631
0.345968
0.552771
0.245773
0.199451
0.376918
0.586314
0.413126
0.318237
0.132664
0.383717
0.306596
0.473704
0.111623
0.058746
0.074837
0.140792
0.196312
0.264795
0.302531
0.456708
0.157277
0.513432
0.242344
0.128298
0.841607
0.073163
0.117552
0.170276
0.235269
0.612008
0.683503
0.563163
0.802982
0.891348
0.502436
0.134591
0.246511
0.115237
0.789893
0.553839
0.645484
0.478329
0.792165
0.838134
0.594526
0.465571
0.814683
0.418090
0.442244
0.181637
0.511225
0.343351
0.498019
0.227552
0.163615
0.350758
0.489186
0.175979
0.194853
0.258201
0.348224
0.337027
0.311763
0.165139
0.148494
0.148209
0.073425
0.222314
0.148643
0.311122
0.467662
0.182046
0.261978
0.642860
0.200861
0.154749
0.339490
0.254988
0.431878
0.545745
0.555940
0.661437
0.703295
0.278729
0.235106
0.197840
0.271119
0.545142
0.363790
0.470590
0.367429
0.600854
0.654551
0.451191
0.425031
0.570965
0.729014
0.064251
0.083462
0.088634
0.184512
0.570067
0.690548
0.657430
0.757897
0.801816
0.421104
0.073250
0.230235
0.149093
0.667349
0.399792
0.460284
0.402739
0.693650
0.736927
0.589675
0.489385
0.698646
0.820246
0.634659
0.804409
0.505563
0.167956
0.250704
0.554316
0.181077
0.072879
0.267456
0.643234
0.473547
0.650312
0.080970
0.170222
0.153572
0.186374
0.056157
0.078972
0.318854
0.475272
0.060396
0.068828
0.139428
0.196342
0.589882
0.705986
0.607812
0.816723
0.871774
0.463675
0.096961
0.244339
0.142858
0.745298
0.492562
0.575118
0.455839
0.774929
0.817734
0.577554
0.471246
0.767864
0.168115
0.166461
0.405514
0.534191
0.470065
0.637913
0.681391
0.309057
0.058433
0.183650
0.089043
0.556248
0.331165
0.431977
0.296020
0.581034
0.624223
0.411633
0.369134
0.560807
0.263654
0.619150
0.738479
0.674732
0.801372
0.855206
0.545000
0.080893
0.323023
0.189529
0.753559
0.513822
0.556374
0.462034
0.766508
0.791675
0.641289
0.560157
0.777952
0.414243
0.606856
0.641569
0.567492
0.615085
0.348788
0.158537
0.189541
0.181782
0.461266
0.265187
0.257183
0.225869
0.540944
0.551171
0.515324
0.531783
0.513376
0.157352
0.316865
0.217858
0.168908
0.208402
0.427896
0.369016
0.435844
0.123409
0.150915
0.245941
0.108093
0.109611
0.151871
0.127192
0.305941
0.123816
0.166071
0.377899
0.280807
0.268552
0.583835
0.487881
0.566373
0.236512
0.287531
0.401248
0.263484
0.136213
0.271266
0.077794
0.172017
0.235499
0.538941
0.521462
0.486346
0.533176
0.579089
0.459755
0.516656
0.506421
0.654599
0.411023
0.415763
0.501998
0.120104
0.176311
0.495433
0.068924
0.435355
0.640507
0.544748
0.556662
0.238862
0.353071
0.350905
0.271286
0.244325
0.104964
0.423409
0.568675
0.178787
0.368476
0.694748
0.576493
0.665665
0.121721
0.269409
0.268579
0.233134
0.108893
0.029568
0.330086
0.516490
0.067187
0.383658
0.252131
0.434246
0.193534
0.126353
0.225558
0.193187
0.216016
0.330364
0.246945
0.320372
0.199413
0.231061
0.092750
0.580522
0.341731
0.417153
0.308048
0.606231
0.634413
0.479347
0.448540
0.601588
0.225325
0.476324
0.309907
0.374773
0.289941
0.462700
0.552707
0.451867
0.320882
0.464704
0.624233
0.419579
0.502190
0.323919
0.633355
0.629415
0.482973
0.406934
0.621311
0.089504
0.111294
0.137763
0.050772
0.088193
0.236780
0.463210
0.048450
0.065654
0.113622
0.138077
0.219097
0.262835
0.417152
0.154687
0.148337
0.184917
0.209324
0.392263
0.539425
0.172581
0.161811
0.158351
0.189799
0.341077
0.157724
0.094932
0.184115
0.350676
0.059342
0.281276
0.489248
0.060265
0.147092
0.237424
0.434284
