0.376222
0.780908
0.745858
0.334105
0.697402
0.476449
0.437534
0.445627
0.540007
0.317359
0.445566
0.631032
0.347274
0.468647
0.482175
0.579171
0.501000
0.607157
0.341816
0.438741
0.492423
0.455478
0.405913
0.720305
0.465116
0.611966
0.574839
0.381415
0.323625
0.497186
0.723930
0.748915
0.304298
0.433260
0.428368
0.239647
0.476860
0.468163
0.502656
0.315475
0.428752
0.431385
0.334001
0.761228
0.473683
0.250426
0.786407
0.657355
0.285019
0.857681
0.811884
0.543058
0.712188
0.573506
0.454517
0.626795
0.691611
0.322768
0.497942
0.735322
0.369718
0.542262
0.489060
0.589137
0.487405
0.670513
0.387745
0.635172
0.619998
0.546913
0.466697
0.802101
0.604275
0.728582
0.567600
0.514671
0.458940
0.483791
0.666003
0.887132
0.492657
0.581761
0.472709
0.384512
0.463444
0.617776
0.579992
0.403291
0.579765
0.595449
0.520480
0.814798
0.433723
0.315807
0.835646
0.520118
0.359259
0.524198
0.690941
0.548194
0.838447
0.757424
0.752959
0.829979
0.844546
0.916830
0.274314
0.819585
0.844584
0.828010
0.931810
0.802599
0.839223
0.854706
0.673139
0.547714
0.742889
0.782035
0.478765
0.907486
0.653967
0.985903
0.950596
0.887035
0.802540
0.693668
0.569399
0.746001
0.851797
0.657825
0.845130
0.812778
0.755851
0.641979
0.773723
0.759089
0.693837
0.862207
0.482411
0.724219
0.780182
0.680505
0.865879
0.807453
0.717143
0.667939
0.830271
0.750246
0.734335
0.834005
0.809284
0.939942
0.478614
0.731713
0.743423
0.843615
0.779562
0.804523
0.786286
0.766584
0.592774
0.548736
0.609517
0.747077
0.503284
0.779386
0.659292
0.850189
0.897719
0.814204
0.760297
0.718679
0.455302
0.721573
0.769729
0.651884
0.752017
0.713327
0.741235
0.465503
0.836251
0.736241
0.628600
0.827094
0.406835
0.761985
0.710288
0.555635
0.895144
0.793707
0.742402
0.490110
0.507355
0.528219
0.516498
0.499669
0.562459
0.674799
0.435291
0.490931
0.468585
0.685010
0.588108
0.554689
0.539585
0.431874
0.517024
0.472927
0.362161
0.618394
0.514912
0.638249
0.697197
0.606257
0.403353
0.502622
0.677828
0.685491
0.402410
0.435765
0.488980
0.362705
0.554985
0.446067
0.537149
0.397123
0.443229
0.516543
0.292879
0.615388
0.653719
0.341719
0.798540
0.667519
0.352220
0.747325
0.716990
0.695088
0.808995
0.756125
0.894112
0.538280
0.774796
0.810273
0.807661
0.866573
0.679896
0.797720
0.765106
0.609977
0.590078
0.673959
0.743061
0.569360
0.900919
0.596007
0.906958
0.725179
0.870109
0.831738
0.578987
0.590597
0.728995
0.791387
0.668868
0.706153
0.782175
0.728226
0.652071
0.791289
0.680897
0.696113
0.799273
0.612519
0.636988
0.706530
0.684810
0.815691
0.753056
0.544451
0.587013
0.655255
0.552367
0.560907
0.745356
0.553316
0.673550
0.526328
0.713099
0.620378
0.726686
0.618958
0.594580
0.620079
0.638694
0.507908
0.852950
0.582927
0.735071
0.706245
0.589629
0.564626
0.693496
0.673690
0.768896
0.554234
0.546004
0.568928
0.538347
0.620687
0.558097
0.637364
0.560182
0.522987
0.598696
0.503049
0.838590
0.669539
0.478025
0.887726
0.619592
0.486823
0.563499
0.733974
0.470219
0.742197
0.581114
0.375409
0.623644
0.518830
0.666353
0.234343
0.453067
0.575537
0.609031
0.422855
0.477531
0.457614
0.784859
0.651828
0.555682
0.644347
0.602787
0.427012
0.518259
0.624660
0.756014
0.487233
0.577786
0.464230
0.491413
0.619126
0.640909
0.541770
0.422525
0.630010
0.489059
0.486159
0.785247
0.467316
0.315679
0.867029
0.526589
0.385307
0.635007
0.573581
0.624700
0.624970
0.469627
0.556299
0.722203
0.695562
0.547565
0.736886
0.585755
0.539830
0.498421
0.443440
0.587147
0.741090
0.662860
0.593716
0.716047
0.610150
0.531217
0.633465
0.726419
0.764508
0.298728
0.579687
0.526755
0.481889
0.646459
0.522358
0.515548
0.506381
0.436535
0.604464
0.515665
0.756355
0.653395
0.442646
0.842373
0.672833
0.487290
0.619873
0.650672
0.872980
0.623312
0.593817
0.621314
0.605545
0.739246
0.750539
0.563540
0.611227
0.723672
0.635605
0.518365
0.614905
0.656434
0.792255
0.633040
0.663086
0.565421
0.664571
0.806559
0.880863
0.562671
0.679055
0.625898
0.519530
0.575395
0.505238
0.701151
0.549689
0.495198
0.535158
0.526530
0.759162
0.736039
0.527085
0.935189
0.757757
0.617875
0.472280
0.738920
0.326700
0.517144
0.390345
0.498112
0.494769
0.700035
0.258274
0.644503
0.660954
0.534958
0.459701
0.748235
0.649109
0.764928
0.503116
0.453106
0.370147
0.308510
0.662147
0.840634
0.421824
0.607975
0.353121
0.363026
0.506043
0.529949
0.581542
0.316308
0.535551
0.581904
0.400286
0.823746
0.420244
0.232916
0.853873
0.569257
0.313303
0.830693
0.603907
0.630370
0.678826
0.652758
0.750996
0.852990
0.631492
0.656344
0.774872
0.729674
0.676226
0.917146
0.596719
0.789390
0.653046
0.611552
0.597941
0.704789
0.786437
0.913177
0.558112
0.635758
0.534977
0.513900
0.622136
0.549949
0.709726
0.598382
0.531015
0.765444
0.615109
0.880095
0.679189
0.532812
0.916387
0.739429
0.516880
0.739084
0.794209
0.818617
0.882728
0.716028
0.800372
0.799757
0.595459
0.429666
0.634143
0.725331
0.573092
0.848205
0.574255
0.918816
0.862748
0.757185
0.765066
0.667440
0.540443
0.668813
0.802511
0.565377
0.791213
0.806388
0.762122
0.510672
0.708748
0.669385
0.680722
0.720469
0.503916
0.627389
0.691770
0.681076
0.824470
0.697853
0.340028
0.419847
0.487298
0.384630
0.664990
0.358502
0.529080
0.605775
0.456763
0.394702
0.777176
0.538628
0.718779
0.466072
0.518128
0.349283
0.433068
0.678453
0.812816
0.262948
0.483236
0.439523
0.367310
0.500926
0.566791
0.536305
0.282912
0.538479
0.521320
0.417371
0.781151
0.484811
0.217079
0.780247
0.530441
0.246324
0.605405
0.472695
0.609917
0.731635
0.491183
0.554413
0.621779
0.466394
0.461395
0.713953
0.645473
0.732846
0.521080
0.652819
0.453938
0.548820
0.724524
0.823155
0.368309
0.635427
0.599380
0.419742
0.412684
0.585452
0.629013
0.530901
0.566521
0.552408
0.490288
0.752042
0.646307
0.437854
0.760024
0.577736
0.531208
0.607580
0.583996
0.669756
0.427461
0.696196
0.696796
0.627041
0.387522
0.759840
0.610706
0.766967
0.591031
0.578860
0.460336
0.464612
0.650190
0.841050
0.562480
0.545567
0.533003
0.460772
0.650371
0.649378
0.630605
0.421002
0.598202
0.549433
0.388367
0.859668
0.539800
0.340028
0.837220
0.631468
0.387311
0.700179
0.787183
0.473473
0.692847
0.757199
0.680903
0.600467
0.857551
0.721226
0.811678
0.078176
0.643666
0.517538
0.511367
0.696897
0.878456
0.563168
0.724366
0.547392
0.533384
0.548395
0.693514
0.689689
0.603981
0.689066
0.616624
0.611891
0.851795
0.619095
0.472294
0.831304
0.687139
0.558248
0.460595
0.627286
0.654900
0.498634
0.438844
0.521466
0.823566
0.674150
0.645332
0.668706
0.595089
0.473200
0.582721
0.595614
0.811126
0.510450
0.588101
0.526926
0.463309
0.680550
0.679819
0.595306
0.472077
0.666643
0.517236
0.559002
0.846723
0.532855
0.347562
0.873247
0.528625
0.474661
0.782997
0.704364
0.570015
0.504215
0.485798
0.786194
0.683447
0.642768
0.778381
0.633135
0.575592
0.621595
0.567148
0.883532
0.644070
0.654589
0.686376
0.508074
0.752272
0.729785
0.607920
0.662223
0.747591
0.527406
0.635215
0.830756
0.691556
0.550300
0.890712
0.651542
0.630459
0.612133
0.730495
0.625620
0.406128
0.725103
0.697264
0.832640
0.486767
0.474830
0.428302
0.420307
0.715362
0.891733
0.448328
0.631675
0.421814
0.421486
0.398882
0.598206
0.644059
0.326307
0.571523
0.571332
0.467507
0.794987
0.436394
0.306789
0.879665
0.632994
0.309400
0.537334
0.524432
0.558763
0.648921
0.549240
0.606195
0.692642
0.652443
0.622721
0.721250
0.626628
0.548542
0.470045
0.464137
0.518658
0.483975
0.625766
0.524254
0.526711
0.544068
0.606184
0.592442
0.582921
0.559065
0.705671
0.515511
0.720635
0.739139
0.517155
0.424845
0.537485
0.577928
0.682891
0.468159
0.799151
0.775185
0.604199
0.627898
0.549469
0.643716
0.491269
0.616240
0.440059
0.590815
0.722893
0.515380
0.340844
0.564866
0.514847
0.510104
0.508901
0.581222
0.606655
0.516146
0.711776
0.647083
0.562711
0.536506
0.688624
0.592184
0.583030
0.688471
0.613292
0.487542
0.526675
0.619997
0.689773
0.380257
0.589819
0.527371
0.405772
0.593588
0.606296
0.429974
0.542528
0.530356
0.426591
0.487674
0.684397
0.622214
0.460670
0.814926
0.560195
0.580222
0.646652
0.626499
0.680887
0.587662
0.624724
0.370183
0.458618
0.653329
0.841456
0.471779
0.568547
0.474011
0.407888
0.510215
0.548720
0.575002
0.317236
0.531008
0.322413
0.340037
0.729444
0.512733
0.325906
0.890467
0.439190
0.319360
0.934705
0.669747
0.934618
0.929135
0.766655
0.740253
0.650676
0.646582
0.656221
0.821319
0.650194
0.757014
0.728515
0.656888
0.557100
0.680493
0.661042
0.631827
0.711933
0.418957
0.698060
0.719613
0.683335
0.804673
0.734506
0.791807
0.693888
0.569018
0.585976
0.698589
0.740301
0.827812
0.551023
0.404246
0.706461
0.506534
0.702776
0.623854
0.638923
0.686005
0.690443
0.640029
0.618906
0.798680
0.780494
0.479260
0.846505
0.760694
0.559231
0.863779
0.747573
0.698490
0.724553
0.611089
0.646668
0.598163
0.753942
0.546028
0.638975
0.783526
0.686997
0.483937
0.682904
0.688380
0.558007
0.669420
0.728407
0.691721
0.632348
0.685508
0.800626
0.706600
0.613609
0.501291
0.564392
0.690395
0.898013
0.573435
0.713613
0.577921
0.521280
0.555111
0.705968
0.725799
0.576927
0.722349
0.615746
0.623933
0.912488
0.632892
0.473847
0.852609
0.656440
0.522191
0.502997
0.642641
0.757277
0.880549
0.515831
0.579473
0.646801
0.255999
0.601783
0.672426
0.698742
0.584164
0.678104
0.657659
0.578999
0.988368
0.630426
0.434604
0.862768
0.792529
0.492827
0.375474
0.764350
0.880437
0.361299
0.540625
0.483113
0.328017
0.522000
0.598806
0.545445
0.363953
0.511968
0.427946
0.265896
0.817018
0.606409
0.283732
0.889280
0.571936
0.340493
0.721292
0.839338
0.509935
0.667204
0.379642
0.485644
0.640064
0.580805
0.542952
0.382153
0.649054
0.545213
0.423221
0.752271
0.574918
0.344500
0.911401
0.616443
0.408927
0.777516
0.686468
0.695404
0.580032
0.630472
0.726064
0.718187
0.524292
0.676646
0.691367
0.590747
0.721631
0.705562
0.631394
0.559644
0.737482
0.722537
0.653414
0.784493
0.762871
0.691755
0.794507
0.831752
0.785524
0.609884
0.825451
0.817626
0.805278
0.791634
0.608788
0.834143
0.756094
0.502155
0.977612
0.799491
0.533684
0.451227
0.348556
0.552004
0.506876
0.443873
0.365035
0.387539
0.488680
0.375172
0.730855
0.560881
0.320043
0.770844
0.589238
0.376498
0.603582
0.466922
0.656921
0.544177
0.586904
0.585274
0.648937
0.700968
0.502093
0.721281
0.715845
0.393468
0.858946
0.811515
0.413253
0.518781
0.590678
0.386506
0.443109
0.343598
0.481205
0.571874
0.429457
0.598544
0.540666
0.312107
0.792933
0.631603
0.344009
0.434154
0.530136
0.523577
0.407609
0.520523
0.434922
0.388128
0.825002
0.540011
0.257697
0.795952
0.653307
0.342210
0.555514
0.724051
0.582050
0.666657
0.600028
0.611312
0.717552
0.602834
0.489182
0.855209
0.701425
0.552079
0.604090
0.504760
0.450259
0.663932
0.526470
0.626241
0.695301
0.444993
0.833212
0.726140
0.489374
0.550712
0.521605
0.506524
0.506252
0.561597
0.632408
0.446742
0.701338
0.675792
0.518334
0.447554
0.485390
0.358966
0.795338
0.457925
0.227984
0.857349
0.588962
0.179653
0.580607
0.442371
0.729744
0.626652
0.441959
0.837031
0.636998
0.480571
0.525661
0.716418
0.584699
0.469112
0.843679
0.570089
0.553834
0.779288
0.635522
0.300353
0.919439
0.623456
0.368011
0.787365
0.777194
0.740671
0.788692
0.769643
0.410771
0.777608
0.595999
0.431324
0.790725
0.580364
0.167077
0.969708
0.813230
0.587096
