0.387383
0.591564
0.455857
0.181744
0.649035
0.435712
0.441416
0.176329
0.697568
0.415592
0.539625
0.211204
0.407131
0.112145
0.260236
0.407674
0.657729
0.281096
0.373891
0.359571
0.407823
0.537907
0.382363
0.514837
0.519881
0.114126
0.390457
0.691720
0.137196
0.288289
0.613818
0.351090
0.464216
0.112173
0.604199
0.566587
0.741328
0.586749
0.221014
0.306114
0.288779
0.188072
0.553857
0.485253
0.582342
0.649945
0.491185
0.539474
0.585547
0.816656
0.624347
0.199405
0.859028
0.755108
0.034879
0.491543
0.909481
0.074534
0.636854
0.375178
0.705415
0.309474
0.136754
0.054201
0.910889
0.339050
0.187813
0.052594
0.083613
0.089956
0.063791
0.099633
0.094061
0.335076
0.406749
0.801621
0.213490
0.244460
0.759577
0.525403
0.614792
0.202001
0.430170
0.375317
0.909420
0.428801
0.326311
0.032033
0.061735
0.117567
0.753829
0.079461
0.804380
0.778900
0.046687
0.629442
0.719975
0.241187
0.415355
0.090078
0.340888
0.886290
0.271217
0.175536
0.717758
0.157291
0.371461
0.379166
0.455523
0.492241
0.724890
0.256516
0.396696
0.533278
0.688591
0.818013
0.882507
0.814793
0.764806
0.843279
0.589743
0.325826
0.121037
0.565387
0.331035
0.233639
0.202376
0.365059
0.557164
0.540896
0.656364
0.183819
0.441410
0.641776
0.739796
0.731315
0.683621
0.547288
0.836471
0.058465
0.122216
0.889842
0.235176
0.202740
0.300931
0.258564
0.494831
0.665911
0.268419
0.307579
0.572407
0.195881
0.397043
0.472878
0.446728
0.306580
0.526263
0.164942
0.315788
0.284033
0.488696
0.510666
0.637236
0.569882
0.528934
0.613496
0.526317
0.339727
0.249952
0.460020
0.226161
0.367064
0.196961
0.113212
0.414660
0.198878
0.396073
0.356175
0.161983
0.587598
0.511624
0.508590
0.498739
0.244750
0.590325
0.274211
0.125413
0.659922
0.135664
0.090467
0.450853
0.408063
0.272092
0.118307
0.505537
0.179075
0.277721
0.179703
0.341715
0.116946
0.058441
0.194104
0.549131
0.150982
0.192517
0.141265
0.245723
0.328109
0.235581
0.256487
0.297156
0.171530
0.181541
0.431921
0.076910
0.075667
0.395798
0.197498
0.355681
0.078825
0.388398
0.405092
0.535544
0.341664
0.173947
0.136687
0.155174
0.125905
0.552683
0.296529
0.414737
0.421684
0.292447
0.365145
0.395646
0.352413
0.908212
0.296508
0.096842
0.737881
0.089840
0.466207
0.341906
0.513192
0.538827
0.765568
0.267425
0.435392
0.625749
0.709854
0.863206
0.897094
0.852954
0.768275
0.855743
0.618379
0.303519
0.063634
0.574100
0.378986
0.105356
0.253580
0.454607
0.579068
0.562593
0.695956
0.072536
0.468136
0.577655
0.783689
0.774124
0.722101
0.613054
0.857962
0.090666
0.131429
0.911931
0.310831
0.245407
0.817557
0.203395
0.382453
0.675859
0.353562
0.286364
0.098937
0.353483
0.540142
0.692596
0.524013
0.408564
0.667480
0.664313
0.791941
0.850657
0.782452
0.764565
0.795524
0.475118
0.395626
0.413952
0.471278
0.433553
0.333950
0.334797
0.645654
0.452848
0.777391
0.804488
0.438235
0.710901
0.446023
0.704321
0.703089
0.612848
0.741315
0.821397
0.301390
0.471680
0.826286
0.481128
0.549754
0.571547
0.962580
0.075637
0.687014
0.459990
0.759801
0.381576
0.183909
0.063033
0.943720
0.401021
0.214830
0.067881
0.067296
0.059647
0.031284
0.083396
0.073188
0.384678
0.453954
0.858342
0.267220
0.288232
0.808353
0.617441
0.656608
0.236041
0.412148
0.365712
0.950703
0.446588
0.368601
0.048662
0.061828
0.136283
0.778778
0.028515
0.870857
0.832910
0.026707
0.685278
0.760198
0.330525
0.419235
0.211864
0.153339
0.143452
0.117028
0.227091
0.434134
0.427394
0.150769
0.388571
0.397252
0.526564
0.625233
0.525841
0.524521
0.579031
0.220279
0.164489
0.320685
0.172947
0.170909
0.254960
0.140648
0.385228
0.187043
0.548186
0.590761
0.366655
0.463055
0.239609
0.401817
0.410564
0.322854
0.558930
0.581898
0.261625
0.334589
0.598146
0.348071
0.344243
0.766856
0.112993
0.540467
0.349351
0.562580
0.609560
0.810884
0.220467
0.444386
0.713187
0.769955
0.936629
0.919801
0.930009
0.781391
0.864125
0.668791
0.336393
0.092075
0.611039
0.451619
0.084450
0.337442
0.528374
0.642732
0.623316
0.739747
0.065606
0.515123
0.592594
0.847771
0.853244
0.793955
0.725619
0.904507
0.136908
0.124430
0.951905
0.325265
0.277308
0.514966
0.364168
0.580132
0.281775
0.120084
0.040838
0.821178
0.277449
0.212748
0.053940
0.129502
0.125133
0.115371
0.087919
0.105236
0.320802
0.274815
0.663713
0.180565
0.172770
0.599232
0.485696
0.609321
0.199153
0.421379
0.400595
0.762232
0.407462
0.271616
0.067328
0.091969
0.148497
0.766712
0.088812
0.708504
0.681540
0.092583
0.563164
0.636723
0.376907
0.292869
0.386078
0.339216
0.556418
0.300643
0.327792
0.441785
0.489971
0.653906
0.671801
0.642639
0.546402
0.632263
0.477917
0.201315
0.078175
0.389479
0.223924
0.084274
0.194075
0.377647
0.425235
0.412689
0.526421
0.111549
0.340541
0.420356
0.560539
0.558895
0.522004
0.595666
0.643721
0.142223
0.110909
0.690595
0.281723
0.217319
0.328358
0.092117
0.214319
0.331221
0.603635
0.240446
0.279491
0.308640
0.450264
0.513631
0.422383
0.449913
0.475167
0.237130
0.284452
0.458434
0.222840
0.176364
0.459289
0.174007
0.473349
0.205764
0.565480
0.525396
0.570724
0.465885
0.317758
0.331588
0.342281
0.290238
0.609218
0.462240
0.405448
0.471349
0.476532
0.410220
0.472364
0.318616
0.493298
0.639956
0.511337
0.355040
0.662599
0.618590
0.756611
0.799757
0.754562
0.707952
0.747977
0.428964
0.297159
0.375513
0.379532
0.402314
0.242951
0.330661
0.629203
0.421804
0.758444
0.799941
0.359723
0.680719
0.358159
0.648556
0.655471
0.566275
0.745358
0.773847
0.313145
0.458812
0.783260
0.511979
0.520768
0.172115
0.300910
0.655944
0.208054
0.331916
0.260304
0.405678
0.477886
0.351159
0.416975
0.447278
0.076891
0.228385
0.520842
0.068840
0.162580
0.441014
0.253564
0.541499
0.097789
0.594061
0.579117
0.576772
0.531917
0.149597
0.253525
0.244870
0.161988
0.698067
0.419048
0.461711
0.545889
0.434659
0.481721
0.544523
0.101347
0.624360
0.177744
0.084798
0.066253
0.143142
0.226514
0.140873
0.156413
0.208840
0.242465
0.215467
0.489680
0.124294
0.043495
0.501823
0.249624
0.354084
0.100989
0.288677
0.315004
0.622355
0.244151
0.256490
0.073765
0.085328
0.115070
0.548183
0.182634
0.520973
0.456708
0.196642
0.377113
0.395861
0.816310
0.244432
0.136010
0.045498
0.075001
0.103092
0.097110
0.067815
0.081870
0.357894
0.302857
0.689015
0.218450
0.165634
0.668261
0.465793
0.539180
0.201706
0.359496
0.336175
0.815651
0.323654
0.350422
0.045093
0.079831
0.151163
0.684606
0.060004
0.736083
0.672609
0.068694
0.523391
0.586699
0.503365
0.621579
0.783475
0.826010
0.911125
0.869163
0.806167
0.872656
0.721146
0.494058
0.295591
0.691642
0.487186
0.380871
0.395428
0.317665
0.666460
0.458431
0.664298
0.325740
0.432088
0.747173
0.822369
0.809867
0.766727
0.401553
0.877909
0.214718
0.144036
0.938547
0.162492
0.206466
0.284685
0.296754
0.360626
0.433525
0.406451
0.334340
0.385716
0.314770
0.099150
0.413242
0.202672
0.146445
0.376033
0.254998
0.408853
0.204839
0.465353
0.494901
0.507559
0.349619
0.330409
0.281095
0.316953
0.297770
0.588666
0.395554
0.377178
0.401423
0.410816
0.340001
0.360910
0.121283
0.121570
0.196764
0.156708
0.157945
0.198077
0.413046
0.364255
0.556939
0.306802
0.126086
0.665578
0.292617
0.254574
0.251814
0.160302
0.164346
0.728090
0.137099
0.499017
0.135839
0.150299
0.224368
0.423150
0.163518
0.591852
0.449101
0.195428
0.339520
0.349548
0.082056
0.095858
0.062780
0.063486
0.082368
0.296064
0.323006
0.653332
0.170952
0.143758
0.637021
0.418739
0.518842
0.153432
0.323744
0.292762
0.779597
0.314563
0.277687
0.035795
0.055479
0.106610
0.679377
0.068308
0.691448
0.631436
0.067186
0.516987
0.575340
0.105477
0.059219
0.106708
0.106759
0.409335
0.453870
0.812855
0.289486
0.233857
0.827359
0.560135
0.464169
0.229483
0.260339
0.292218
0.943670
0.311557
0.433978
0.050022
0.061724
0.142477
0.558869
0.070029
0.831938
0.731957
0.077501
0.536335
0.604099
0.086133
0.029540
0.016882
0.507327
0.487259
0.824138
0.372119
0.340536
0.806776
0.594745
0.618347
0.341662
0.342254
0.225993
0.930481
0.359072
0.476887
0.122890
0.158548
0.259875
0.769640
0.039209
0.865423
0.774307
0.016740
0.672262
0.706346
0.103685
0.110454
0.356030
0.468664
0.820192
0.257317
0.242837
0.807065
0.539196
0.561999
0.193450
0.334988
0.310418
0.926816
0.391337
0.372800
0.047249
0.040735
0.112040
0.698948
0.046921
0.813596
0.765495
0.057114
0.617738
0.694290
0.019566
0.471551
0.377168
0.683191
0.314500
0.240590
0.680966
0.502122
0.547758
0.290634
0.292592
0.215021
0.804891
0.267712
0.427137
0.107769
0.146236
0.242474
0.727882
0.046417
0.756730
0.648914
0.042490
0.570817
0.578378
0.482313
0.442831
0.779870
0.341324
0.307118
0.760741
0.573046
0.606915
0.313441
0.349667
0.233498
0.892405
0.342190
0.437912
0.116835
0.159267
0.250152
0.759217
0.047757
0.826990
0.740858
0.027156
0.639362
0.664647
0.334439
0.643784
0.059083
0.247065
0.535724
0.411843
0.597506
0.095064
0.633704
0.638415
0.679415
0.619759
0.091010
0.261932
0.237684
0.121597
0.708551
0.443807
0.585192
0.653501
0.458200
0.564142
0.640381
0.276505
0.213172
0.154392
0.208328
0.240826
0.477915
0.267537
0.507662
0.540886
0.334805
0.394155
0.298803
0.349990
0.369833
0.346164
0.663399
0.447624
0.310690
0.347935
0.473252
0.370679
0.373157
0.568258
0.343051
0.096404
0.235031
0.437151
0.597816
0.508731
0.641191
0.071339
0.379247
0.596221
0.735235
0.745978
0.719546
0.638127
0.792229
0.151642
0.105866
0.846741
0.297780
0.214049
0.146975
0.461840
0.349048
0.537639
0.053582
0.530862
0.532536
0.622667
0.498361
0.077176
0.148282
0.142406
0.068843
0.694607
0.319589
0.544034
0.587869
0.326216
0.517042
0.566394
0.368883
0.200509
0.313197
0.131719
0.286443
0.366617
0.467729
0.229458
0.271782
0.161176
0.158884
0.166171
0.505865
0.268871
0.363196
0.318208
0.315947
0.254697
0.287319
0.304668
0.591480
0.520602
0.653421
0.749174
0.057289
0.543245
0.416293
0.705920
0.719452
0.660070
0.772211
0.781937
0.199224
0.231635
0.817965
0.415529
0.369801
0.278067
0.341226
0.425905
0.418462
0.354591
0.324640
0.475788
0.464736
0.482740
0.454241
0.493096
0.581635
0.235837
0.242423
0.592902
0.307004
0.266807
0.490550
0.206347
0.301210
0.560893
0.190530
0.723985
0.507697
0.508698
0.517469
0.110087
0.588175
0.439390
0.259404
0.639337
0.233066
0.126814
0.476894
0.489032
0.671929
0.458133
0.115895
0.122730
0.109546
0.062956
0.629627
0.277541
0.551645
0.597851
0.289980
0.483185
0.544478
0.194991
0.645007
0.090164
0.698587
0.359862
0.357615
0.432831
0.331092
0.311723
0.582746
0.344887
0.385160
0.286736
0.258390
0.769185
0.174103
0.702674
0.350408
0.366869
0.449023
0.479241
0.267195
0.684673
0.503428
0.287841
0.509842
0.406089
0.537391
0.602450
0.848559
0.848028
0.799706
0.741111
0.901823
0.173207
0.179358
0.958544
0.415588
0.318253
0.672212
0.365970
0.390465
0.462657
0.358227
0.335317
0.504232
0.266227
0.402211
0.266591
0.156337
0.273160
0.268915
0.175625
0.838410
0.440238
0.594730
0.673387
0.427778
0.629464
0.698152
0.017261
0.060199
0.653341
0.082221
0.746558
0.701044
0.078994
0.552265
0.616016
0.036379
0.646770
0.098996
0.734741
0.702606
0.113399
0.547513
0.623114
0.637314
0.190486
0.672559
0.683341
0.207480
0.537328
0.625552
0.723573
0.617706
0.447389
0.773916
0.334962
0.286704
0.836366
0.746721
0.030281
0.615905
0.666646
0.136945
0.873848
0.252897
0.271590
0.813137
0.130240
0.098585
0.681452
0.743454
0.159804
