0.658687
0.524712
0.794996
0.550057
0.399550
0.352040
0.645130
0.404041
0.643694
0.498170
0.595247
0.662964
0.609596
0.615382
0.596562
0.589654
0.559703
0.708441
0.633220
0.684767
0.650240
0.575408
0.642066
0.422684
0.681075
0.546292
0.506787
0.506300
0.578269
0.540877
0.503599
0.376781
0.579851
0.594057
0.794114
0.583698
0.756116
0.775843
0.455304
0.635039
0.571194
0.517900
0.624881
0.547971
0.781557
0.659032
0.277549
0.554671
0.719724
0.719926
0.901961
0.660194
0.738954
0.633609
0.681800
0.588454
0.800801
0.575983
0.772980
0.626840
0.585046
0.739812
0.735424
0.668381
0.728735
0.883255
0.723871
0.636864
0.802854
0.831866
0.879088
0.667547
0.698436
0.654027
0.566665
0.659488
0.643514
0.694757
0.714168
0.751291
0.637709
0.587686
0.706896
0.746159
0.728299
0.883931
0.723012
0.604726
0.568453
0.755646
0.829616
0.574737
0.854258
0.660107
0.690701
0.681510
0.594513
0.906879
0.618037
0.503333
0.604602
0.719779
0.383176
0.648760
0.544599
0.309678
0.693120
0.458001
0.605792
0.693690
0.525072
0.613823
0.683305
0.678734
0.729640
0.624505
0.664760
0.670602
0.460886
0.654111
0.527020
0.543832
0.550310
0.513860
0.377117
0.711680
0.655526
0.617786
0.481230
0.692243
0.594985
0.721891
0.826231
0.655276
0.593460
0.696748
0.632678
0.413685
0.561489
0.777061
0.676831
0.581462
0.517394
0.712093
0.959762
0.764063
0.893807
0.879705
0.830918
0.829506
0.946988
0.867624
0.901542
0.938116
0.931890
0.836071
0.930491
0.927968
0.961055
0.995231
0.932457
0.871217
0.849327
0.709401
0.883853
1.039243
0.937921
0.796864
0.909589
0.948673
0.901270
0.810246
0.932818
0.982146
0.924572
0.964879
0.972714
0.804818
0.890695
0.993978
0.969458
0.958892
0.911019
0.896076
0.901018
0.888449
0.940536
0.856070
0.855030
0.937864
0.528805
0.641484
0.555874
0.501974
0.804830
0.292794
0.605161
0.552620
0.478019
0.663480
0.570427
0.557940
0.480414
0.693498
0.641207
0.427700
0.745063
0.691965
0.739610
0.533631
0.357426
0.432572
0.549684
0.523122
0.386622
0.630014
0.821133
0.571164
0.369858
0.681528
0.594087
0.527897
0.651027
0.786446
0.724524
0.431650
0.366449
0.635037
0.604465
0.598177
0.732850
0.561871
0.619195
0.425445
0.487065
0.503625
0.667089
0.449390
0.586737
0.505642
0.558868
0.672464
0.634420
0.615905
0.579382
0.518527
0.633768
0.679703
0.691891
0.665080
0.612897
0.543995
0.533995
0.437091
0.702604
0.605447
0.540514
0.489039
0.560557
0.534727
0.566558
0.556167
0.589439
0.632546
0.750918
0.608934
0.649260
0.600139
0.621364
0.622690
0.581817
0.574758
0.653309
0.563412
0.714178
0.750076
0.463721
0.450796
0.674898
0.701952
0.412981
0.594436
0.571859
0.625093
0.600100
0.628781
0.652531
0.665037
0.525535
0.610839
0.709467
0.657719
0.658547
0.796012
0.533080
0.752281
0.526210
0.643589
0.543671
0.492288
0.589783
0.539989
0.635717
0.388219
0.345532
0.598612
0.638933
0.736836
0.676483
0.824691
0.809399
0.280440
0.556752
0.606437
0.434990
0.715653
0.527769
0.795221
0.796753
0.216092
0.634444
0.626878
0.585885
0.713788
0.471213
0.651075
0.652867
0.615212
0.640828
0.203291
0.763952
0.638680
0.800064
0.806207
0.604667
0.743948
0.741228
0.745094
0.619071
0.527216
0.490447
0.561343
0.656893
0.624601
0.691406
0.728909
0.639490
0.518505
0.715702
0.720619
0.638272
0.661919
0.782265
0.836177
0.698833
0.484296
0.745709
0.782415
0.641292
0.684907
0.768297
0.636397
0.575095
0.659094
0.574240
0.415665
0.391491
0.507848
0.393909
0.571444
0.517859
0.487844
0.493766
0.718555
0.662964
0.580472
0.654546
0.566351
0.675167
0.439066
0.488874
0.479165
0.327699
0.388377
0.433623
0.418407
0.554752
0.511631
0.467180
0.469888
0.637104
0.522290
0.726192
0.813176
0.612896
0.476357
0.424405
0.577780
0.461210
0.486462
0.734216
0.622504
0.440184
0.476701
0.581845
0.692759
0.643487
0.676105
0.709146
0.614146
0.664923
0.660747
0.723738
0.722106
0.818026
0.791844
0.358318
0.736916
0.742968
0.669015
0.765966
0.672418
0.571050
0.652313
0.719110
0.674213
0.607224
0.683833
0.741686
0.672164
0.874248
0.688064
0.693824
0.735781
0.675110
0.659220
0.738030
0.598446
0.752996
0.713213
0.706627
0.784617
0.539230
0.701935
0.711283
0.564536
0.416450
0.411097
0.581376
0.475278
0.460285
0.417266
0.572543
0.694677
0.488389
0.728924
0.608807
0.703475
0.409305
0.376625
0.373886
0.415912
0.471681
0.411645
0.521379
0.682662
0.552607
0.393135
0.571830
0.569770
0.426223
0.604911
0.813578
0.661339
0.352221
0.352898
0.532838
0.644841
0.430154
0.732072
0.655106
0.527536
0.504281
0.474405
0.640944
0.549753
0.664809
0.569390
0.632665
0.717837
0.732676
0.724193
0.756075
0.633981
0.630368
0.550634
0.546320
0.647739
0.534889
0.521514
0.593237
0.632256
0.454647
0.715109
0.666204
0.617875
0.606037
0.652717
0.598944
0.754823
0.761981
0.769793
0.611258
0.676096
0.705025
0.436419
0.605951
0.774373
0.751662
0.603991
0.505523
0.754242
0.427475
0.669639
0.652124
0.493096
0.526566
0.767045
0.751048
0.524264
0.832509
0.756507
0.721666
0.592191
0.529708
0.568816
0.350350
0.582000
0.535252
0.536405
0.697746
0.759599
0.537685
0.637989
0.715972
0.520885
0.802003
0.954332
0.725141
0.289303
0.447548
0.663850
0.655133
0.457244
0.874357
0.657579
0.637606
0.640459
0.493890
0.585553
0.667201
0.346675
0.459031
0.746974
0.557688
0.431115
0.720092
0.739305
0.796695
0.548481
0.371432
0.430568
0.465765
0.473758
0.415261
0.314852
0.776790
0.739596
0.351240
0.484769
0.413265
0.408931
0.606070
0.858187
0.740868
0.428345
0.380177
0.639372
0.558600
0.446941
0.778344
0.497823
0.614313
0.534520
0.478915
0.693680
0.640282
0.637905
0.759666
0.737127
0.709779
0.684184
0.794348
0.773866
0.489011
0.687944
0.654217
0.509659
0.444719
0.602049
0.616041
0.586881
0.660739
0.580224
0.597604
0.790198
0.647267
0.786895
0.761672
0.707313
0.660461
0.673484
0.696577
0.745702
0.594228
0.770782
0.763410
0.585566
0.728473
0.739434
0.792635
0.701083
0.809836
0.802288
0.686119
0.735488
0.680372
0.637869
0.608503
0.577811
0.490613
0.540432
0.694453
0.641014
0.694470
0.709228
0.574927
0.608102
0.718615
0.735672
0.669758
0.704792
0.759818
0.816331
0.742479
0.491876
0.759119
0.731555
0.698631
0.743232
0.884160
0.619562
0.529996
0.673637
0.468991
0.725242
0.567974
0.469704
0.721225
0.643437
0.725875
0.549775
0.492109
0.556351
0.509980
0.584563
0.461686
0.380476
0.645011
0.685194
0.526105
0.579479
0.603089
0.472891
0.668190
0.846716
0.624034
0.393621
0.550154
0.576170
0.712003
0.450855
0.739848
0.579213
0.506934
0.591443
0.548975
0.668625
0.671641
0.519533
0.768968
0.675835
0.832418
0.515423
0.356875
0.610320
0.500294
0.541900
0.471846
0.506006
0.711106
0.616351
0.443923
0.586400
0.648272
0.360868
0.710134
0.873915
0.684349
0.474560
0.521748
0.591800
0.714898
0.539655
0.787239
0.632976
0.560801
0.600233
0.529041
0.884316
0.788421
0.783060
0.731647
0.814341
0.636920
0.719039
0.725237
0.683359
0.737481
0.719048
0.770861
0.748606
0.699859
0.698815
0.755866
0.710853
0.661800
0.773288
0.807839
0.668867
0.641521
0.748859
0.487931
0.751488
0.666003
0.851775
0.860278
0.694109
0.795257
0.761933
0.659084
0.776965
0.792540
0.779466
0.668683
0.649885
0.639613
0.690871
0.617324
0.508527
0.586212
0.774299
0.705714
0.616267
0.721373
0.697067
0.770827
0.710407
0.896973
0.732835
0.724004
0.675120
0.790548
0.725490
0.692289
0.812281
0.646343
0.621010
0.589320
0.798976
0.774830
0.792249
0.849807
0.614610
0.368298
0.500600
0.558334
0.629106
0.421637
0.543644
0.837647
0.683503
0.392345
0.657980
0.583063
0.538798
0.642295
0.880419
0.822902
0.489277
0.371764
0.733769
0.749282
0.561109
0.758628
0.506242
0.705366
0.573481
0.508139
0.892605
0.571511
0.622317
0.841279
0.706642
0.693248
0.648640
0.707537
0.691824
0.808964
0.776628
0.731826
0.659137
0.841580
0.775064
0.640963
0.703927
0.835810
0.785846
0.780236
0.735825
0.653130
0.707445
0.739790
0.663092
0.733513
0.679901
0.842052
0.701953
0.704667
0.703679
0.655946
0.677076
0.707349
0.653516
0.717567
0.606968
0.582212
0.721621
0.797178
0.749983
0.712292
0.771658
0.752690
0.647246
0.739572
0.730370
0.574187
0.727615
0.756027
0.751346
0.907057
0.488803
0.699917
0.773451
0.688487
0.920941
0.713029
0.688426
0.768947
0.718590
0.735235
0.703925
0.767369
0.793986
0.784820
0.812626
0.761584
0.713942
0.626933
0.837559
0.779249
0.834829
0.748038
0.680176
0.674011
0.791129
0.803973
0.687526
0.601369
0.814719
0.604798
0.600330
0.414548
0.376908
0.459027
0.588263
0.614991
0.569083
0.533553
0.552229
0.758660
0.543447
0.772680
0.806121
0.646927
0.569253
0.543118
0.619587
0.575135
0.356788
0.751718
0.711289
0.476580
0.501730
0.648998
0.345210
0.501091
0.520029
0.460775
0.485676
0.795858
0.633020
0.312245
0.588708
0.535534
0.348597
0.694742
0.897219
0.725322
0.449571
0.290584
0.664636
0.677002
0.569023
0.795645
0.558763
0.632775
0.569083
0.499217
0.491259
0.546896
0.484845
0.471700
0.728909
0.502147
0.369022
0.590092
0.541213
0.572988
0.658144
0.823071
0.655547
0.513276
0.323440
0.605907
0.590236
0.519074
0.784033
0.550836
0.553281
0.541981
0.571792
0.391131
0.481534
0.505140
0.503746
0.625300
0.541980
0.507005
0.698487
0.505291
0.763271
0.850965
0.599197
0.394682
0.453757
0.637297
0.546838
0.362605
0.747347
0.603051
0.502861
0.589497
0.528960
0.496083
0.533412
0.651375
0.647365
0.540707
0.554868
0.692042
0.551870
0.758071
0.824700
0.702104
0.558451
0.527540
0.662620
0.566072
0.484067
0.745232
0.639498
0.536704
0.595441
0.628250
0.587320
0.688065
0.548175
0.433397
0.601366
0.584988
0.642532
0.672596
0.845344
0.715214
0.430159
0.473017
0.560607
0.571704
0.536823
0.727509
0.593578
0.569959
0.501691
0.505122
0.695625
0.725699
0.488060
0.402482
0.610411
0.406482
0.701820
0.849102
0.765556
0.457807
0.496811
0.665421
0.604951
0.474437
0.782545
0.554464
0.578121
0.571424
0.627933
0.489442
0.727629
0.692934
0.840418
0.704319
0.764188
0.753262
0.544012
0.666470
0.752139
0.581903
0.832949
0.631619
0.806787
0.855861
0.428759
0.704255
0.757627
0.527745
0.687968
0.720225
0.728235
0.765556
0.818125
0.505635
0.649510
0.583740
0.440829
0.708263
0.710245
0.807715
0.816004
0.334503
0.641502
0.732180
0.547657
0.465500
0.428140
0.599971
0.791367
0.730003
0.462679
0.302718
0.619406
0.653857
0.546197
0.750529
0.536352
0.596405
0.500686
0.530605
0.684095
0.572614
0.772802
0.869975
0.740030
0.508367
0.558951
0.682066
0.541558
0.523600
0.757014
0.617593
0.653876
0.686628
0.451464
0.626693
0.558356
0.870402
0.850801
0.658469
0.560063
0.708366
0.646015
0.610199
0.730967
0.694626
0.754883
0.680287
0.563695
0.721318
0.792479
0.707159
0.483596
0.486976
0.651537
0.735995
0.517101
0.833653
0.657813
0.570107
0.646209
0.547377
0.729458
0.865608
0.807332
0.652619
0.793167
0.852790
0.736907
0.706608
0.718596
0.818640
0.602696
0.692258
0.882291
0.876608
0.861923
0.785723
0.887468
0.802944
0.808156
0.907084
0.806760
0.698791
0.850127
0.684696
0.715167
0.485662
0.805374
0.600453
0.900920
0.724747
0.378534
0.788546
0.773105
0.455148
0.575783
0.646879
0.465087
0.878936
0.602159
0.590951
0.656459
0.455949
0.638215
0.698731
0.505790
0.802984
0.549597
0.625255
0.564788
0.512170
0.662349
0.644337
0.813713
0.811418
0.390201
0.721523
0.706302
0.667191
0.757247
0.668578
0.698257
0.655583
0.687035
0.818496
0.574400
0.586914
0.575704
0.527454
0.805767
0.766609
0.681861
0.791964
0.733531
0.630998
0.708910
0.638252
0.715370
0.669652
