0.660717
0.510921
0.718397
0.755536
0.555945
0.554953
0.782808
0.548951
0.529895
0.841645
0.589980
0.880639
0.482120
0.488909
0.753212
0.638218
0.458049
0.683878
0.619527
0.793516
0.556720
0.606343
0.808458
0.836163
0.516114
0.820913
0.858174
0.479095
0.691091
0.685300
0.612009
0.561215
0.705293
0.468428
0.845525
0.822787
0.656026
0.562964
0.687480
0.920983
0.874124
0.571205
0.695911
0.427118
0.719317
0.682949
0.802314
0.626578
0.802305
0.619393
0.706428
0.794249
0.435217
0.353964
0.891987
0.606299
0.599466
0.848388
0.492303
0.835189
0.515369
0.614512
0.819937
0.735835
0.554194
0.759419
0.567323
0.621685
0.756303
0.678843
0.766541
0.830931
0.590078
0.641711
0.925715
0.565883
0.846300
0.719069
0.644149
0.584575
0.430187
0.575142
0.979381
0.676814
0.762428
0.482319
0.730882
0.828695
0.801712
0.769138
0.755432
0.556257
0.852946
0.619518
0.764340
0.746700
0.790987
0.657411
0.656738
0.549560
0.518446
0.769640
0.581844
0.386613
0.760259
0.568932
0.637673
0.497483
0.544635
0.554944
0.644981
0.530908
0.495569
0.520285
0.605570
0.601811
0.510131
0.558243
0.817611
0.340002
0.654789
0.781601
0.479983
0.652322
0.583589
0.621684
0.619014
0.540451
0.399275
0.778557
0.595584
0.481140
0.493308
0.517814
0.874493
0.700690
0.402699
0.534439
0.344082
0.500881
0.590117
0.585618
0.508915
0.770732
0.817928
0.534629
0.527640
0.889298
0.714850
0.615906
0.860880
0.585446
0.848541
0.691893
0.765436
0.704243
0.713654
0.708752
0.556913
0.507100
0.783457
0.489907
0.637417
0.781598
0.890524
0.662036
0.802355
0.895436
0.526048
0.611989
0.728175
0.755674
0.595726
0.643859
0.590462
0.913792
0.658811
0.714644
0.557821
0.777275
1.029887
0.843379
0.696346
0.780369
0.641547
0.724583
0.644716
0.832802
0.608635
0.875446
0.829104
0.758897
0.703901
0.803168
0.464120
0.766822
0.831407
0.682383
0.672337
0.722145
0.670340
0.807820
0.822390
0.634074
0.631992
0.638356
0.842858
0.679135
0.698901
0.744821
0.725888
0.713887
0.755289
0.759433
0.847544
0.672230
0.826725
0.737397
0.730193
0.709367
0.762488
0.730928
0.734914
0.635641
0.565727
0.729778
0.618988
0.740396
0.657952
0.692892
0.741883
0.774558
0.593238
0.782168
0.884740
0.306054
0.911890
0.518615
0.600732
0.849734
0.451373
0.886895
0.390915
0.570767
0.762692
0.592689
0.509295
0.619045
0.512695
0.817848
0.637579
0.610518
0.827747
0.795206
0.558565
0.777370
0.950349
0.413104
0.789272
0.730269
0.578604
0.458210
0.530512
0.405228
0.891603
0.657354
0.713214
0.409974
0.771569
0.953470
0.912567
0.610173
0.741365
0.454045
0.767468
0.646467
0.860948
0.647327
0.783675
0.817982
0.467027
0.521295
0.822315
0.432517
0.885645
0.359321
0.524245
0.740629
0.484535
0.451545
0.600538
0.462501
0.757444
0.619985
0.530089
0.778917
0.845217
0.568312
0.742917
0.861000
0.437211
0.832861
0.647616
0.618639
0.472210
0.465717
0.382912
0.930397
0.659239
0.705351
0.402215
0.685345
0.851289
0.815229
0.629484
0.718174
0.525700
0.755669
0.659038
0.788692
0.686848
0.766866
0.975742
0.644167
0.663375
0.849736
0.854441
0.823534
0.832384
0.613128
0.796231
0.895473
0.723141
0.790292
0.808783
0.854769
0.803337
0.811211
0.907302
0.911904
0.848134
0.230756
0.807326
0.914828
0.752425
0.835921
0.892520
0.682255
0.805690
0.944774
0.803676
0.820913
0.766941
0.653717
0.920181
0.548889
0.691371
0.698848
0.851738
0.725528
0.890885
0.779645
0.801805
0.844327
0.642543
0.941223
0.613913
0.861961
0.462529
0.530384
0.831495
0.617682
0.530810
0.727757
0.706961
0.806839
0.667776
0.700325
0.798426
0.895121
0.611301
0.710987
0.980034
0.505014
0.767592
0.748475
0.531592
0.566970
0.721764
0.569066
0.906799
0.698244
0.761019
0.613294
0.776820
0.759210
0.947868
0.684207
0.746523
0.542155
0.828438
0.628928
0.861337
0.786103
0.847238
0.663661
0.563539
0.548432
0.479150
0.574639
0.442571
0.632369
0.596098
0.452366
0.371577
0.459114
0.547810
0.503614
0.482344
0.702989
0.493296
0.499174
0.681201
0.485448
0.710740
0.525916
0.656993
0.549256
0.530887
0.481232
0.741203
0.564025
0.430662
0.418799
0.456576
0.713140
0.604534
0.484377
0.563837
0.414463
0.429347
0.590625
0.453699
0.589947
0.789523
0.851180
0.655294
0.845827
0.858000
0.691297
0.750605
0.880092
0.816968
0.764769
0.635097
0.874752
0.687385
0.623617
0.831709
0.820876
0.647220
0.790135
0.877895
0.927221
0.573016
0.804377
0.862571
0.726661
0.754336
0.701073
0.672937
0.716215
0.773792
0.787991
0.903340
0.656709
0.802676
0.731218
0.843731
0.639723
0.845371
0.732565
0.817083
0.717252
0.881704
0.436292
0.479338
0.800689
0.668602
0.533168
0.662817
0.494118
0.861148
0.675667
0.715545
0.777198
0.823223
0.575504
0.832946
0.847808
0.454542
0.797948
0.668852
0.460679
0.411669
0.583352
0.473272
0.880002
0.857013
0.749712
0.352867
0.716217
0.968356
0.890759
0.631971
0.679699
0.513248
0.775777
0.710621
0.808089
0.628667
0.834049
0.845721
0.884911
0.576197
0.890129
0.838428
0.707503
0.655663
0.452637
0.835336
0.752330
0.481054
0.806859
0.785298
0.469787
0.849625
0.825604
0.827691
0.652838
0.836119
0.816343
0.767511
0.773885
0.648098
0.502439
0.608502
0.856592
0.675912
0.814621
0.621796
0.736426
0.701002
0.709484
0.561431
0.773493
0.582691
0.826472
0.717248
0.479667
0.732423
0.640529
0.526929
0.574214
0.528960
0.782241
0.654283
0.611558
0.749419
0.756094
0.561668
0.804774
0.836378
0.477373
0.789443
0.675547
0.564756
0.477028
0.585371
0.426683
0.847376
0.763172
0.713255
0.408101
0.630750
0.768306
0.873242
0.570958
0.658722
0.473550
0.730818
0.690547
0.764757
0.639354
0.815664
0.791312
0.568186
0.449894
0.735134
0.642341
0.850250
0.692886
0.691328
0.809652
0.801967
0.542541
0.776979
0.889924
0.448619
0.781580
0.697537
0.526391
0.544951
0.707840
0.498088
0.832966
0.889573
0.760385
0.461090
0.681003
0.858940
0.902693
0.647062
0.636284
0.527831
0.789239
0.711620
0.798645
0.698900
0.814492
0.762004
0.729708
0.515844
0.526592
0.521059
0.674575
0.598773
0.514639
0.654204
0.681272
0.622893
0.608644
0.716532
0.835968
0.673379
0.853510
0.731100
0.659561
0.640739
0.812687
0.551472
0.583155
0.703226
0.466275
0.881238
0.636038
0.507797
0.414636
0.604248
0.482542
0.762158
0.494058
0.547994
0.671219
0.617610
0.691299
0.641219
0.848696
0.654518
0.675031
0.802317
0.758166
0.615378
0.831134
0.821021
0.510002
0.807515
0.639197
0.737052
0.529179
0.694174
0.456474
0.917250
0.848318
0.846968
0.596701
0.723688
0.959479
0.761481
0.622720
0.790099
0.596883
0.855399
0.719792
0.820386
0.735931
0.815448
0.725121
0.574506
0.790599
0.549963
0.563282
0.810665
0.932511
0.554666
0.761689
1.002534
0.419077
0.742666
0.704158
0.675439
0.487241
0.675767
0.447797
0.848550
0.810484
0.728548
0.529161
0.808333
0.918871
0.929396
0.614723
0.683716
0.414990
0.775266
0.644155
0.777576
0.682866
0.718948
0.523431
0.708287
0.468456
0.590576
0.671036
0.836467
0.573100
0.701756
0.741780
0.510550
0.616701
0.662750
0.821775
0.626746
0.618491
0.533788
0.901902
0.589270
0.668316
0.512040
0.601999
0.804922
0.711607
0.543066
0.765756
0.526199
0.577973
0.689981
0.644675
0.619562
0.802207
0.475115
0.508897
0.468209
0.523517
0.790498
0.526430
0.593532
0.850143
0.492675
0.656684
0.668634
0.732421
0.430481
0.534368
0.510669
0.805688
0.616929
0.458615
0.458443
0.580909
0.817934
0.748097
0.562567
0.572981
0.486830
0.497956
0.562503
0.430339
0.565625
0.764022
0.685838
0.623306
0.373720
0.860141
0.685513
0.382577
0.826715
0.779476
0.755162
0.627294
0.845618
0.849273
0.612990
0.751477
0.763478
0.504877
0.461335
0.791502
0.582182
0.805810
0.606230
0.731449
0.598083
0.593190
0.526648
0.621170
0.402677
0.696153
0.701256
0.577458
0.764103
0.927250
0.604308
0.774188
0.892145
0.422226
0.445362
0.692709
0.806564
0.622160
0.739041
0.597473
0.939823
0.743130
0.589941
0.664352
0.725678
0.902470
0.828907
0.554282
0.802281
0.497321
0.687213
0.574786
0.756108
0.597724
0.708005
0.685112
0.758144
0.532675
0.729156
0.844926
0.622072
0.660302
0.553141
0.760849
0.659048
0.586300
0.456073
0.799770
0.588010
0.566863
0.588089
0.694287
0.806302
0.794865
0.673760
0.614793
0.583273
0.599634
0.682575
0.571467
0.598746
0.617708
0.860437
0.724319
0.479151
0.818897
0.727555
0.771423
0.670183
0.780023
0.789424
0.692382
0.749537
0.795736
0.551081
0.548657
0.725309
0.591794
0.768801
0.659538
0.717742
0.635569
0.645880
0.533103
0.760054
0.475250
0.726327
0.681612
0.824854
0.922489
0.859330
0.907993
0.961493
0.780404
0.730916
0.803197
0.845217
0.777166
0.825206
0.867810
0.860266
0.736321
0.710519
0.804830
0.770493
0.747562
0.768920
0.733388
0.909466
0.931760
0.791794
0.804489
0.793375
0.771827
0.859424
0.396374
0.590817
0.547367
0.633883
0.547881
0.529298
0.449117
0.864766
0.772142
0.607194
0.479645
0.623549
0.895749
0.744421
0.528286
0.719378
0.319626
0.658198
0.561065
0.683151
0.570223
0.768153
0.932753
0.714626
0.807480
0.757138
0.770259
0.780318
0.649798
0.770866
0.873858
0.495399
0.557276
0.727926
0.672177
0.691271
0.754506
0.786295
0.729802
0.725522
0.591331
0.669265
0.567364
0.822394
0.796895
0.846095
0.932373
0.763888
0.840796
0.904475
0.728216
0.825594
0.934271
0.831128
0.833508
0.807675
0.564995
0.960244
0.547776
0.718723
0.658135
0.838471
0.771258
0.890202
0.804692
0.760595
0.927956
0.565446
0.652721
0.567451
0.404215
0.555257
0.395058
0.901607
0.787104
0.668873
0.426915
0.663398
0.919249
0.764662
0.475979
0.734741
0.364905
0.702895
0.556372
0.780923
0.546548
0.839814
0.661074
0.800566
0.794548
0.744310
0.743029
0.904196
0.820507
0.740373
0.733590
0.876133
0.883629
0.900175
0.686516
0.865008
0.622915
0.742992
0.576997
0.845089
0.675725
0.816412
0.711661
0.685191
0.603140
0.618233
0.674356
0.647004
0.667599
0.581984
0.708441
0.818791
0.599202
0.736467
0.675557
0.607363
0.698642
0.645101
0.782345
0.648432
0.759857
0.624041
0.736747
0.638624
0.878180
0.879986
0.788875
0.522440
0.747520
0.773105
0.873034
0.745536
0.760434
0.637294
0.861468
0.735809
0.859644
0.733758
0.860397
0.573337
0.469063
0.902566
0.855668
0.755602
0.425487
0.644512
0.908711
0.834677
0.550072
0.767983
0.478663
0.818450
0.625650
0.729479
0.625785
0.833818
0.552013
0.922587
0.635558
0.612067
0.468805
0.564245
0.937770
0.624137
0.659973
0.623847
0.534537
0.711679
0.627986
0.660252
0.589855
0.776271
0.810156
0.730821
0.583597
0.398673
0.539157
0.927813
0.696078
0.439905
0.607892
0.337090
0.654486
0.627834
0.621329
0.527433
0.843464
0.830957
0.814646
0.910060
0.881566
0.990954
0.858576
0.841819
0.726596
0.805616
0.801685
0.874340
0.791033
0.856997
0.843715
0.553689
0.789841
0.744983
0.855910
0.652424
0.758334
0.674358
0.696652
0.451964
0.764620
0.683107
0.708290
0.605583
0.685170
0.435716
0.887052
0.681722
0.600823
0.506175
0.535588
0.362672
0.646090
0.445002
0.471878
0.809379
0.623349
0.825102
0.777427
0.577431
0.626286
0.442203
0.678567
0.713226
0.696954
0.544721
0.869032
0.811903
0.517229
0.554598
0.559813
0.539990
0.646650
0.705436
0.398806
0.563500
0.867391
0.890341
0.874114
0.975943
0.871420
0.917177
0.923809
0.784877
0.931392
0.832265
0.706516
0.749036
0.663079
0.657675
0.832697
0.640933
0.734570
0.892295
0.597142
0.372967
0.571634
0.726686
0.681376
0.511279
0.806414
0.610033
0.551378
0.781113
0.571754
0.480392
0.837827
0.618527
0.527199
0.619386
0.526150
0.764485
0.761968
0.503967
0.575211
0.743493
0.645621
0.717498
0.856943
0.650601
0.787156
0.793661
