0.947309
0.685979
0.456872
0.665327
0.505143
0.559545
0.683902
0.767715
0.730662
0.616049
0.909220
0.637358
0.628550
0.732037
0.615043
0.702139
0.570046
0.630024
0.629462
0.623537
0.739585
0.473769
0.741084
0.617948
0.612553
0.666753
0.504618
0.571292
0.665374
0.678035
0.754666
0.725923
0.617759
0.725910
0.796199
0.700564
0.487195
0.672410
0.894794
0.648095
0.616980
0.730498
0.527320
0.778209
0.763975
0.662699
0.807084
0.563474
0.632483
0.899126
0.756166
0.871470
0.965960
0.993285
0.833887
0.993634
0.855222
0.876206
0.732298
1.041961
1.040565
0.904315
0.889256
1.006576
0.918847
0.981984
0.890399
0.850392
0.948499
0.913579
0.903689
0.952337
0.940113
0.944244
0.999640
0.892196
1.013951
0.976320
0.918241
0.757715
0.907492
0.912682
0.955709
0.942490
0.928313
0.945143
0.966443
0.858781
0.851422
1.026585
0.843061
0.944522
0.816470
0.959460
0.968839
1.059660
0.653568
0.617694
0.698466
0.701638
0.630837
0.789685
0.748626
0.807813
0.485575
0.873612
0.782759
0.735076
0.802161
0.609075
0.719082
0.607386
0.578791
0.751434
0.715905
0.710920
0.625715
0.782333
0.629471
0.680271
0.691150
0.681811
0.835907
0.644965
0.763661
0.877231
0.814168
0.855863
0.653176
0.881117
0.779868
0.484671
0.751951
0.757007
0.786585
0.632478
0.854743
0.638522
0.740773
0.808140
0.734466
0.711767
0.735797
0.797881
0.665088
0.366364
0.742929
0.657906
0.845577
0.688638
0.659966
0.890574
0.872763
0.657992
0.618901
0.622823
0.706550
0.631813
0.708778
0.521708
0.578840
0.815449
0.492497
0.815971
0.706035
0.704001
0.810301
0.541698
0.503331
0.671863
0.648772
0.589320
0.769680
0.526669
0.760514
0.753168
0.713268
0.569139
0.569427
0.768641
0.507932
0.619511
0.851774
0.440128
0.773454
0.686530
0.614258
0.822613
0.554368
0.646083
0.652210
0.865424
0.774738
0.804995
0.812576
0.446754
0.915409
0.752815
0.811167
0.738177
0.668948
0.833380
0.565994
0.524201
0.754752
0.711190
0.851656
0.643875
0.434174
0.539261
0.460870
0.771990
0.739388
0.771699
0.866071
0.780627
0.762799
0.872973
0.762040
0.574531
0.874143
0.829558
0.633535
0.717555
0.983513
0.772105
0.815677
0.701364
0.636404
0.708239
0.837338
0.781156
0.611921
0.753088
0.749270
0.733247
0.613633
0.830127
0.692428
0.756632
0.954377
0.879039
0.609601
0.639818
0.681686
0.703815
0.569990
0.787808
0.393123
0.612813
0.904218
0.571389
0.786423
0.777071
0.695178
0.818423
0.637583
0.524580
0.589281
0.663702
0.577354
0.825466
0.591139
0.770454
0.783199
0.769114
0.676470
0.663554
0.740944
0.562857
0.651368
0.891889
0.508536
0.824669
0.715352
0.729454
0.742503
0.620443
0.719884
0.649572
0.740642
0.814790
0.609141
0.963528
0.831337
0.739780
0.782892
0.706448
0.757921
0.573621
0.628950
0.718842
0.694812
0.768787
0.571907
0.791609
0.658524
0.750890
0.657320
0.706289
0.690141
0.585777
0.796636
0.853472
0.597520
0.718295
0.705912
0.885636
0.772493
0.547349
0.767151
0.807321
0.694606
0.560216
0.865508
0.608006
0.660707
0.775611
0.784732
0.763631
0.495101
0.882469
0.771070
0.757942
0.720516
0.859432
0.899699
0.815585
0.709852
0.665522
0.653713
0.555522
0.751192
0.615486
0.648128
0.881150
0.672460
0.788694
0.754630
0.726668
0.841534
0.732397
0.686562
0.740704
0.769583
0.718485
0.789441
0.612875
0.693766
0.870480
0.631640
0.733733
0.637554
0.823320
0.676633
0.611059
0.955569
0.637865
0.805475
0.601730
0.740764
0.740687
0.787124
0.835053
0.865549
0.649743
0.996750
0.822349
0.733413
0.807188
0.826641
0.695367
0.805158
0.729268
0.852978
0.788282
0.931204
0.788378
0.787385
0.629592
0.784388
0.782362
0.805306
0.966009
0.777973
0.828820
0.980680
0.788714
0.956684
0.698980
0.951353
0.762229
0.792690
0.865586
0.784845
0.890492
0.770594
0.828237
0.853454
0.650362
0.867669
0.750935
0.772411
0.897877
0.855478
0.720612
0.905205
0.862266
0.755830
0.766862
0.802731
0.743686
0.665656
0.781107
0.684001
0.688293
0.941605
0.690121
0.654640
0.794293
0.675109
0.902460
0.818627
0.677653
0.798830
0.791838
0.740414
0.822163
0.732970
0.828634
0.852047
0.839462
0.873337
0.650474
0.769502
0.758760
0.780365
0.933379
0.544932
0.914703
0.863178
0.796372
0.770996
0.664485
0.826565
0.935325
0.461484
0.710633
0.764236
0.558839
0.717268
0.505779
0.188729
0.722421
0.589134
0.691033
0.572912
0.443688
0.180046
0.283657
0.430370
0.696295
0.708455
0.668467
0.707293
0.793891
0.723608
0.748737
0.230929
0.846122
0.745189
0.511547
0.701379
0.882337
0.712640
0.601437
0.562626
0.508979
0.414204
0.832118
0.707696
0.592283
0.628828
0.785024
0.932056
0.923907
0.908499
0.919749
0.898691
0.958420
0.955308
0.850583
0.898672
0.940098
0.955390
0.930052
0.931971
0.890539
0.832850
0.920198
0.909962
0.960582
0.916648
0.916463
0.747764
0.943214
0.926295
0.912704
0.927374
0.996659
0.756597
0.913382
0.837392
0.876870
0.993466
0.936794
1.014679
0.819939
0.866677
1.003552
1.026834
0.660042
0.772599
0.973895
0.763943
0.711715
0.722374
0.501072
0.869293
0.815106
0.841338
0.784306
0.673933
0.430078
0.418073
0.463722
0.835012
0.913702
0.783952
0.859667
0.870070
0.971408
0.913628
0.559333
0.919989
0.852392
0.749619
0.838239
1.036998
0.881668
0.873892
0.615574
0.809888
0.713609
1.016250
0.694130
0.815293
0.785204
0.882877
0.737839
0.708487
0.679000
0.716344
0.666932
0.537462
0.601714
0.898742
0.632615
0.770056
0.761620
0.634252
0.843136
0.646652
0.674123
0.646206
0.663263
0.684131
0.856103
0.717139
0.769467
0.778388
0.707752
0.765022
0.610093
0.816303
0.638180
0.694415
0.787326
0.611162
0.766755
0.760105
0.696118
0.795078
0.570819
0.731138
0.764808
0.635826
0.660233
0.759870
0.631517
0.657975
0.909348
0.667859
0.780389
0.745169
0.729729
0.874347
0.553413
0.758914
0.792330
0.745837
0.685367
0.864054
0.336895
0.776735
0.725974
0.662133
0.663309
0.548899
0.554096
0.611392
0.698200
0.900027
0.519971
0.851171
0.518779
0.617793
0.740221
0.688928
0.752590
0.673829
0.552431
0.583761
0.741900
0.555959
0.797634
0.557530
0.828887
0.647539
0.655918
0.658951
0.696895
0.689675
0.656345
0.755297
0.774527
0.815664
0.726315
0.660889
0.850843
0.691926
0.396694
0.654590
0.845563
0.764280
0.638199
0.902157
0.488938
0.789042
0.671079
0.684470
0.737943
0.640645
0.773065
0.668409
0.723860
0.659272
0.660487
0.933824
0.656263
0.882643
0.668108
0.647939
0.728016
0.618955
0.782533
0.633457
0.866335
0.795872
0.944466
0.646108
0.790629
0.945444
0.529804
0.698505
0.666127
0.618951
0.780022
0.773734
0.947954
0.655847
0.895023
0.687913
0.361644
0.832855
0.737861
0.852828
0.577338
0.632606
0.534868
0.837572
0.523673
0.631889
0.566815
0.565272
0.716646
0.597149
0.595756
0.668530
0.750535
0.691830
0.814224
0.617470
0.610951
0.880259
0.727054
0.455938
0.664661
0.855494
0.693446
0.617929
0.821982
0.475323
0.784081
0.743431
0.718471
0.333324
0.606299
0.750362
0.772352
0.591657
0.690214
0.635317
0.473678
0.240733
0.272341
0.538673
0.659241
0.691210
0.679608
0.752384
0.862564
0.827101
0.723461
0.224877
0.833637
0.669083
0.556720
0.633121
0.872715
0.750656
0.741893
0.577495
0.553504
0.466186
0.818750
0.711585
0.668437
0.594985
0.799611
0.543253
0.892856
0.574031
0.785970
0.758779
0.644376
0.840028
0.559484
0.563102
0.467202
0.661940
0.479660
0.766795
0.534070
0.755789
0.718494
0.730734
0.747785
0.565844
0.802122
0.391561
0.680413
0.937360
0.495438
0.755291
0.655431
0.626621
0.805868
0.595661
0.674151
0.795570
0.602328
0.708396
0.667206
0.576058
0.819580
0.669163
0.623366
0.628911
0.702233
0.662032
0.750836
0.582987
0.585023
0.762718
0.724756
0.600385
0.595228
0.751727
0.620677
0.560492
0.872477
0.432202
0.692207
0.679037
0.668815
0.729611
0.601505
0.744387
0.813393
0.919478
0.820655
0.742509
0.775856
0.841575
0.782918
0.842420
0.841746
0.879997
0.886344
0.817738
0.754427
0.870521
0.803367
0.619893
0.756103
0.921642
0.858202
0.758869
0.896903
0.765531
0.725753
0.865240
0.860182
0.899301
0.754674
0.907143
0.781010
0.672887
0.704905
0.792458
0.475521
0.653529
0.670647
0.759879
0.704303
0.718972
0.608583
0.734152
0.866811
0.724433
0.477437
0.686882
0.782394
0.594296
0.652696
0.882238
0.344343
0.779478
0.764457
0.629749
0.780756
0.529426
0.747301
0.489591
0.402853
0.740077
0.833487
0.773435
0.885191
0.784785
0.777722
0.824372
0.781163
0.517990
0.890384
0.848588
0.834302
0.704020
1.022416
0.752354
0.822052
0.608091
0.734560
0.656795
0.933729
0.865754
0.646341
0.740819
0.796449
0.334016
0.355628
0.632794
0.751125
0.633220
0.806369
0.826001
0.795270
0.699929
0.261413
0.883892
0.803263
0.549835
0.725627
0.902363
0.745075
0.739658
0.560920
0.651002
0.455363
0.880628
0.709414
0.659254
0.664625
0.826059
0.560770
0.738388
0.675019
0.670368
0.703551
0.629589
0.875681
0.665798
0.314451
0.849210
0.672541
0.657820
0.578724
0.915675
0.665641
0.707403
0.589559
0.619363
0.551919
0.806954
0.687580
0.675850
0.626523
0.713646
0.817951
0.874581
0.641590
0.828479
0.886315
0.651532
0.873048
0.622151
0.949037
0.902371
0.604659
0.852198
0.898748
0.823954
0.726135
0.770865
0.784903
0.684983
0.965955
0.727969
0.814159
0.834973
0.823518
0.626669
0.656869
0.807305
0.698057
0.914437
0.469440
0.779487
0.856288
0.649077
0.580587
0.647295
0.779109
0.617745
0.789132
0.734165
0.536988
0.799308
0.598548
0.558677
0.839931
0.550266
0.727247
0.693643
0.713720
0.593793
0.815230
0.481545
0.728736
0.723059
0.812823
0.694762
0.542355
0.861830
0.569316
0.640951
0.868058
0.563165
0.760779
0.758377
0.808094
0.832006
0.407638
0.833353
0.726598
0.671813
0.743165
0.693510
0.674864
0.858153
0.805318
0.653066
0.659370
0.776288
0.556379
0.665365
0.910057
0.670699
0.692215
0.759489
0.645450
0.780847
0.625798
0.786965
0.724450
0.765225
0.684490
0.768781
0.691294
0.880776
0.799731
0.707144
0.786135
0.656403
0.769385
0.876738
0.641911
0.786200
0.858264
0.832765
0.697019
0.750237
0.769766
0.862802
0.564737
0.851903
0.773192
0.841771
0.830145
0.539938
0.888513
0.280200
0.752599
0.886563
0.656080
0.858647
0.706855
0.796468
0.846572
0.698433
0.754130
0.879795
0.795291
0.815143
0.908073
0.765752
0.808894
0.821106
0.746372
0.598016
0.958899
0.710767
0.689045
0.846448
0.920458
0.850460
0.863625
0.757946
0.720658
0.735633
0.783222
0.612193
0.498998
0.744559
0.497928
0.691727
0.918839
0.491458
0.824046
0.666334
0.616425
0.774937
0.542288
0.800446
0.825418
0.780179
0.648084
0.681315
0.902599
0.780297
0.693258
0.657416
0.632270
0.361282
0.799226
0.785810
0.637516
0.732760
0.841907
0.932923
0.811480
0.738781
0.886349
0.749098
0.815271
0.931268
0.738369
0.805829
0.861439
0.938446
0.878719
0.804453
0.842653
0.769927
0.600775
0.698786
0.834285
0.711208
0.824540
0.617039
0.836829
0.483593
0.492130
0.865780
0.693964
0.842426
0.756337
0.845667
0.745073
0.593887
0.862814
0.485121
0.758225
0.794566
0.709453
0.713787
0.610132
0.803614
0.668991
0.590187
0.625257
0.820200
0.557081
0.734747
0.574134
0.533384
0.740469
0.563948
0.798987
0.866233
0.668136
0.987467
0.674507
0.916612
0.546831
0.650195
0.855386
0.865909
0.810657
0.710167
0.829080
0.554057
0.801875
0.747692
0.752108
0.842426
0.609020
0.674940
0.888752
0.564010
0.644264
0.600218
0.738775
0.743852
0.716851
0.822683
0.857661
0.679830
0.997082
0.936328
0.859838
0.764169
0.858347
0.753253
0.644550
0.632309
0.657984
0.510552
0.714784
0.848800
0.816093
0.806102
0.713462
0.906161
0.626605
0.899377
0.834887
0.716910
0.839915
0.715760
0.814490
0.809727
0.863304
0.891575
