0.508904
0.660956
0.717005
0.635272
0.476927
0.534310
0.622089
0.601304
0.647815
0.544454
0.727137
0.606050
0.590870
0.661846
0.789914
0.482485
0.521996
0.477406
0.336869
0.665246
0.485870
0.691849
0.589116
0.585108
0.743985
0.517451
0.597762
0.386945
0.605403
0.659887
0.370902
0.512533
0.656265
0.604523
0.767053
0.476199
0.550193
0.475439
0.554807
0.604462
0.786165
0.385812
0.594095
0.440134
0.505402
0.633483
0.213649
0.520496
0.636111
0.855033
0.926977
0.719217
0.848519
0.844983
0.721097
0.675193
0.394189
0.597628
0.956262
0.692023
0.734432
0.839394
0.832538
0.709911
0.738229
0.722294
0.642888
0.724787
0.510547
0.729307
0.800013
0.686570
0.596448
0.281071
0.691307
0.660018
0.593440
0.735622
0.732848
0.812329
0.791780
0.526816
0.831556
0.622544
0.456528
0.660665
0.702386
0.693666
0.627902
0.512076
0.710298
0.420162
0.610306
0.794853
0.465643
0.727047
0.693745
0.757419
0.791226
0.641015
0.668089
0.577514
0.722003
0.841056
0.710962
0.634740
0.549656
0.718004
0.849198
0.749701
0.709697
0.742334
0.706345
0.739094
0.602627
0.761218
0.939967
0.775232
0.811572
0.848204
0.754984
0.941161
0.554943
0.618890
0.686485
0.660178
0.539836
0.777375
0.791262
0.897586
0.671705
0.661505
0.772038
0.587073
0.764425
0.922880
0.687393
0.586985
0.756913
0.784328
0.846774
0.616158
0.772309
0.529647
0.889180
0.770872
0.822180
0.790527
0.901720
0.879565
0.862823
0.794931
0.852403
0.768715
0.799411
0.989079
0.880304
0.882675
0.846806
0.678372
0.898113
0.813037
0.895890
0.849611
0.949477
0.973911
0.857990
0.919478
0.695655
0.901884
0.733990
0.702589
0.805380
0.786600
0.883172
0.914966
0.841794
0.869013
0.906621
0.784330
0.846969
0.915580
0.777000
0.694886
0.833512
0.867814
0.817788
0.807003
0.745372
0.826538
0.702990
0.605323
0.708512
0.605683
0.826098
0.696347
0.814791
0.878172
0.881066
0.871282
0.877658
0.849872
0.636799
0.758502
0.771213
0.857458
0.660836
0.696097
0.901652
0.908683
0.881531
0.826754
0.882726
0.776976
0.835274
0.923865
0.797570
0.577994
0.664800
0.798734
0.907865
0.757282
0.847086
0.883640
0.831883
0.735304
0.868105
0.767153
0.881964
0.811124
0.878147
0.882222
0.663093
0.776767
0.821084
0.433845
0.716146
0.700663
0.796586
0.631717
0.564232
0.753991
0.683772
0.811339
0.814464
0.599147
0.671664
0.617693
0.645807
0.608035
0.625383
0.843729
0.621380
0.686538
0.918281
0.718766
0.691517
0.574703
0.778227
0.780609
0.501899
0.426786
0.705448
0.756046
0.760095
0.718396
0.869541
0.615364
0.672501
0.648687
0.883151
0.634701
0.665087
0.717418
0.653450
0.845215
0.464588
0.683760
0.644009
0.707622
0.724704
0.805192
0.620626
0.503403
0.748350
0.765927
0.814458
0.663460
0.672908
0.652387
0.623658
0.653329
0.805445
0.673735
0.872081
0.695638
0.731359
0.929523
0.801504
0.777167
0.610662
0.765656
0.775350
0.629288
0.428656
0.658012
0.787595
0.828715
0.718534
0.785225
0.677432
0.679825
0.682534
0.894615
0.619620
0.722505
0.688399
0.660509
0.841440
0.529437
0.677509
0.643770
0.635863
0.790317
0.590278
0.692289
0.669179
0.717388
0.703179
0.669158
0.694037
0.599728
0.482811
0.633167
0.713749
0.716267
0.947451
0.732138
0.788384
0.833285
0.733127
0.792668
0.613668
0.635876
0.694709
0.680927
0.659106
0.686736
0.746838
0.751760
0.630406
0.609848
0.705700
0.570510
0.663864
0.824473
0.612537
0.737641
0.657011
0.686865
0.669799
0.572077
0.709780
0.570518
0.857148
0.456913
0.792051
0.778962
0.747899
0.762819
0.737715
0.692505
0.503009
0.619024
0.686226
0.641291
0.603856
0.527245
0.882523
0.730604
0.927794
0.739844
0.813367
0.576649
0.673195
0.766106
0.604451
0.722234
0.632224
0.768123
0.753887
0.713734
0.703952
0.734818
0.629720
0.584625
0.906264
0.615332
0.693416
0.699205
0.763532
0.733385
0.593484
0.676959
0.768406
0.706338
0.818011
0.647085
0.820035
0.857866
0.860348
0.680492
0.825153
0.738423
0.728959
0.599039
0.699424
1.009562
0.708990
0.635296
0.553082
0.371262
0.763875
0.773972
0.624085
0.664224
0.810748
0.836123
0.954993
0.603093
0.888124
0.666856
0.544297
0.707222
0.749901
0.764470
0.690571
0.610150
0.739662
0.362835
0.726229
0.811042
0.564293
0.702823
0.723255
0.722430
0.626403
0.638644
0.840598
0.635172
0.583248
0.477132
0.560614
0.650073
0.651779
0.554332
0.741027
0.669881
0.644261
0.855862
0.626552
0.664088
0.489942
0.554840
0.655209
0.573403
0.689466
0.621796
0.653732
0.608832
0.642125
0.619460
0.534408
0.622340
0.619072
0.816148
0.500026
0.631116
0.575115
0.718180
0.855586
0.479739
0.528157
0.523413
0.748140
0.747224
0.806735
0.600263
0.755962
0.725239
0.687841
0.739922
0.794325
0.896083
0.913040
0.778413
0.790050
0.906827
0.864566
0.850123
0.726731
0.741551
0.787113
0.709789
0.592641
0.750339
0.969158
0.862802
0.826294
0.849167
0.812850
0.797519
0.795058
0.944218
0.784622
0.757751
0.805373
0.864206
0.814677
0.747938
0.750859
0.596754
0.647861
0.810604
0.733862
0.413795
0.727892
0.604194
0.751171
0.625341
0.781776
0.988359
0.490567
0.522392
0.625353
0.647109
0.654874
0.683706
0.416138
0.711040
0.638779
0.791442
0.872296
0.535002
0.832059
0.676762
0.642598
0.347294
0.607434
0.710505
0.882380
0.667443
0.712453
0.437915
0.759440
0.781535
0.557225
0.693740
0.620009
0.739759
0.793250
0.559754
0.661890
0.663922
0.702264
0.735886
0.678754
0.809195
0.638136
0.630309
0.890014
0.729417
0.668390
0.566714
0.767650
0.731435
0.521014
0.778388
0.836538
0.754118
0.711171
0.752489
0.792121
0.692753
0.739045
0.621052
0.778189
0.608214
0.625625
0.633371
0.704634
0.758688
0.650610
0.668355
0.648215
0.757090
0.752973
0.540299
0.565637
0.597901
0.851727
0.729565
0.919794
0.756585
0.874213
0.917887
0.776629
0.791904
0.627300
0.846612
0.589563
0.564600
0.787926
0.856652
0.860147
0.860316
0.678839
0.756618
0.863486
0.660711
0.747047
0.843148
0.554919
0.481089
0.685586
0.743959
0.394353
0.695805
0.687115
0.871111
0.806222
0.740000
0.693917
0.788301
0.824250
0.831132
0.935273
0.817399
0.786052
0.953697
0.884199
0.821146
0.731988
0.769746
0.823926
0.836911
0.860523
0.812732
0.826485
0.802831
0.761401
0.788364
0.810393
0.797644
0.768062
0.868346
0.782360
0.762687
0.741130
0.833109
0.824963
0.797752
0.731014
0.614497
0.634451
0.525961
0.729756
0.578593
0.700784
0.887166
0.342068
0.255450
0.723534
0.652227
0.536476
0.505192
0.517979
0.651284
0.489168
0.681115
0.851450
0.578739
0.664822
0.663301
0.599986
0.293823
0.657300
0.682874
0.855816
0.540885
0.683985
0.485750
0.647089
0.741647
0.446195
0.555906
0.643269
0.328822
0.656385
0.836694
0.649297
0.708804
0.699215
0.705177
0.820500
0.641962
0.724630
0.459474
0.642738
0.685404
0.439230
0.647713
0.605504
0.753762
0.727422
0.679205
0.623176
0.647525
0.588484
0.623344
0.879538
0.476584
0.649693
0.688727
0.701730
0.552502
0.478824
0.537403
0.716753
0.657219
0.725884
0.653924
0.893910
0.657221
0.659634
0.806474
0.603904
0.631787
0.391561
0.530135
0.549386
0.417961
0.581104
0.734789
0.621691
0.790434
0.675528
0.624693
0.524068
0.565622
0.721201
0.860759
0.433753
0.580109
0.520398
0.595973
0.440560
0.405998
0.455845
0.644811
0.755119
0.420483
0.784519
0.751503
0.743497
0.856645
0.654468
0.729385
0.563190
0.764904
0.635229
0.582241
0.727606
0.668232
0.810781
0.841506
0.540965
0.646663
0.711820
0.589449
0.598930
0.796528
0.469044
0.531800
0.567757
0.496233
0.654152
0.535141
0.678930
0.671432
0.741226
0.979323
0.711073
0.573052
0.855713
0.648339
0.838695
0.633022
0.602468
0.608053
0.728978
0.746241
0.840464
0.658426
0.782530
0.717327
0.699512
0.702837
0.648673
0.724083
0.815344
0.655165
0.637150
0.575504
0.766126
0.851038
0.627300
0.730351
0.650455
0.624844
0.708456
0.731687
0.883037
0.558529
0.714995
0.519117
0.719416
0.582011
0.619700
0.793873
0.738564
0.680673
0.780369
0.556751
0.613425
0.645753
0.638323
0.563370
0.737116
0.406068
0.527455
0.519432
0.432494
0.768075
0.471783
0.718815
0.680017
0.951810
0.915731
1.054446
0.828542
0.865238
0.718919
0.960813
0.898451
0.721499
0.853812
0.852643
0.900275
0.839177
0.856649
0.876495
0.856059
0.875579
0.763330
0.905756
0.738034
0.834159
0.898749
0.704443
0.951620
0.698960
0.753615
0.925007
0.429297
0.752704
0.688028
0.527528
0.657541
0.571052
0.756106
0.615646
0.820342
0.875102
0.726106
0.648996
0.713081
0.688877
0.421090
0.762193
0.670528
0.903568
0.619140
0.783514
0.570820
0.712341
0.847941
0.499919
0.568237
0.696700
0.750193
0.668109
0.532418
0.615479
0.503004
0.741265
0.636225
0.806264
0.908367
0.600663
0.615947
0.744518
0.638511
0.494424
0.686668
0.736271
0.851951
0.625785
0.757881
0.515465
0.714756
0.829295
0.539213
0.625759
0.714833
0.701855
0.862017
0.949552
0.540400
0.887362
0.882165
0.912348
0.902157
0.728025
0.865178
0.824927
0.588563
0.771892
0.860233
0.732804
0.697781
0.843215
0.886332
0.675021
0.900387
0.829381
0.698695
0.872374
0.764347
0.713286
0.525179
0.610626
0.605508
0.590403
0.698089
0.862632
0.578952
0.777226
0.582450
0.546280
0.564770
0.601884
0.719599
0.655906
0.390283
0.577332
0.453882
0.526901
0.718377
0.409539
0.622958
0.712595
0.645307
0.710977
0.801421
0.625159
0.930560
0.823621
0.667893
0.715055
0.813442
0.776847
0.505278
0.709724
0.669908
0.938266
0.597857
0.831950
0.603936
0.628412
0.821217
0.552302
0.588148
0.713724
0.581861
0.437913
0.219117
0.542200
0.682124
0.579750
0.721663
0.563091
0.568586
0.521483
0.546815
0.749504
0.848994
0.327178
0.405938
0.553039
0.470341
0.688078
0.344670
0.390092
0.583293
0.672102
0.661264
0.756200
0.785183
0.578202
0.754718
0.702378
0.414952
0.479910
0.670220
0.827166
0.859516
0.614536
0.711039
0.505304
0.779149
0.784412
0.521595
0.637239
0.592613
0.637884
0.754760
0.882247
0.712301
0.800127
0.711390
0.590856
0.699354
0.617380
0.818315
0.791711
0.489116
0.333074
0.582226
0.542074
0.711629
0.599302
0.600045
0.722861
0.528561
0.687902
0.702391
0.763913
0.616814
0.731145
0.539805
0.595672
0.642513
0.869684
0.422358
0.458547
0.554498
0.594095
0.581714
0.350323
0.442033
0.634154
0.662771
0.753309
0.903848
0.688520
0.762054
0.716986
0.643377
0.802083
0.829443
0.676878
0.627972
0.742523
0.770008
0.801612
0.556612
0.684139
0.684977
0.898783
0.821869
0.772911
0.825313
0.823740
0.741582
0.714828
0.860828
0.748600
0.800430
0.856911
0.878769
0.833548
0.661967
0.760144
0.698496
0.800907
0.650617
0.517988
0.522101
0.742723
0.762274
0.805198
0.581868
0.738025
0.466759
0.711458
0.847621
0.486099
0.641918
0.723618
0.858935
0.805609
0.661474
0.821477
0.719696
0.933266
0.708478
0.773156
0.792509
0.785667
0.865508
0.726137
0.731885
0.816879
0.576641
0.650622
0.623046
0.702802
0.777648
0.517210
0.637929
0.545843
0.619490
0.597844
0.431835
0.665169
0.608145
0.602952
0.562190
0.767698
0.747655
0.419247
0.653142
0.455057
0.590318
0.807096
0.464687
0.657625
0.704559
0.629460
0.744027
0.874668
0.491649
0.716212
0.505693
0.591591
0.829286
0.388753
0.564706
0.683374
0.639568
0.835557
0.487097
0.571599
0.617001
0.583200
0.702937
0.540643
0.612081
0.703420
0.809203
0.627200
0.637298
0.652419
0.706199
0.672545
0.625240
0.725555
0.660465
0.735624
0.697418
0.746917
0.759696
0.897144
0.737767
0.866125
0.711794
0.517940
0.398766
0.292293
0.650553
0.301856
0.434444
0.691122
0.610588
0.646343
0.603136
0.588125
0.669797
0.616366
0.513313
0.678894
0.398095
0.538085
0.651446
0.776280
0.456227
0.652735
0.726052
0.648834
0.698255
0.796207
0.450539
0.541486
0.729050
