0.673218
0.713844
0.766329
0.563982
0.738871
0.806167
0.804366
0.423679
0.685457
0.692305
0.670212
0.494186
0.693487
0.624629
0.811591
0.713325
0.725708
0.554146
0.743093
0.687423
0.474374
0.615734
0.658216
0.535904
0.766788
0.836027
0.840548
0.672830
0.673329
0.780926
0.659176
0.763572
0.576703
0.540817
0.642208
0.773302
0.720600
0.506694
0.759259
0.763176
0.591834
0.913042
0.738254
0.765392
0.671923
0.586231
0.900073
0.713246
0.627955
0.565864
0.766434
0.598236
0.792057
0.633020
0.500064
0.578175
0.558562
0.364578
0.509803
0.600433
0.427454
0.440017
0.899251
0.586612
0.537694
0.526392
0.610141
0.391207
0.615251
0.523913
0.507541
0.484653
0.736008
0.578581
0.592122
0.721762
0.756239
0.787886
0.645387
0.537528
0.526525
0.813693
0.773588
0.537390
0.597146
0.657600
0.650984
0.820675
0.548523
0.904002
0.790795
0.719820
0.554409
0.471572
0.789309
0.508491
0.667779
0.691267
0.668764
0.807825
0.560207
0.391630
0.639731
0.495636
0.422405
0.426317
0.529883
0.384118
0.576420
0.788766
0.533007
0.478165
0.541379
0.650427
0.354917
0.560532
0.576805
0.419463
0.455663
0.700785
0.476071
0.389316
0.580828
0.727067
0.649642
0.721736
0.470788
0.509977
0.869177
0.797683
0.499004
0.614843
0.677286
0.601316
0.736003
0.617559
0.786819
0.812494
0.620699
0.689000
0.465305
0.836895
0.424591
0.687577
0.649326
0.875350
0.804028
0.768113
0.613652
0.720923
0.728954
0.648143
0.699615
0.717606
0.825237
0.831111
0.609293
0.782814
0.764307
0.671024
0.725359
0.572459
0.733588
0.619691
0.757499
0.968872
0.863181
0.789263
0.614923
0.754697
0.811328
0.780586
0.720223
0.610203
0.774834
0.850707
0.805003
0.810988
0.807768
0.814489
0.639611
0.771506
0.776080
0.897423
0.634107
0.789229
0.637510
0.825407
0.786671
0.750127
0.781571
0.761891
0.734199
0.619638
0.603131
0.669034
0.541049
0.620242
0.714002
0.683204
0.859858
0.697478
0.644266
0.564146
0.644648
0.626166
0.508738
0.641014
0.538446
0.555896
0.750054
0.861031
0.773060
0.748699
0.672715
0.771447
0.775905
0.723846
0.515490
0.702255
0.769256
0.663056
0.735826
0.719158
0.767963
0.738710
0.695887
0.936033
0.588240
0.694435
0.705877
0.595583
0.900797
0.669794
0.683990
0.786341
0.837772
0.733295
0.768302
0.749177
0.756735
0.627785
0.752771
0.767460
0.897104
0.694142
0.737605
0.664034
0.745748
0.744234
0.871086
0.693112
0.775932
0.777157
0.848314
0.839401
0.876368
0.830231
0.878870
0.840480
0.766198
0.864554
0.699489
0.892857
0.808678
0.805999
0.836355
0.714220
0.816422
0.926677
0.778067
0.763439
0.793622
0.604391
0.766079
0.783221
0.905885
0.812805
0.814536
0.424363
0.783846
0.592901
0.463231
0.559298
0.656867
0.453899
0.557901
0.891805
0.611709
0.576807
0.626455
0.779822
0.410538
0.730662
0.463037
0.615449
0.539614
0.712998
0.659151
0.551721
0.700936
0.787154
0.702896
0.651032
0.597202
0.568011
0.861400
0.818847
0.585208
0.687057
0.681067
0.775434
0.916373
0.613547
0.921712
0.828122
0.780289
0.791425
0.640846
0.900063
0.485419
0.818861
0.756484
0.587681
0.345454
0.484749
0.568248
0.364549
0.484186
0.772589
0.659726
0.485239
0.605179
0.724538
0.257265
0.649167
0.488074
0.529801
0.496096
0.761054
0.551203
0.299753
0.744884
0.834105
0.854187
0.764257
0.251794
0.622744
0.903968
0.886842
0.629740
0.701174
0.788216
0.611207
0.887822
0.664680
0.913668
0.928376
0.724174
0.752249
0.526395
0.918617
0.480949
0.791001
0.650430
0.702767
0.624488
0.511258
0.620279
0.696853
0.789758
0.626672
0.806045
0.632114
0.653665
0.682836
0.476224
0.570433
0.628600
0.602635
0.829380
0.719334
0.791149
0.613845
0.709888
0.696794
0.686904
0.702594
0.592082
0.363254
0.586003
0.727289
0.767286
0.530275
0.780805
0.739010
0.676409
0.856242
0.776605
0.667786
0.667567
0.614431
0.893066
0.661756
0.709848
0.536984
0.470146
0.533254
0.565321
0.655837
0.889495
0.487225
0.517056
0.411679
0.586424
0.433329
0.560435
0.445803
0.499406
0.572620
0.613119
0.598234
0.685284
0.683005
0.720692
0.448284
0.713802
0.676002
0.441701
0.865445
0.760645
0.422770
0.554140
0.608217
0.551017
0.800710
0.448535
0.949408
0.648205
0.654744
0.538642
0.504229
0.923000
0.529577
0.629531
0.379345
0.597490
0.282978
0.304712
0.821368
0.555734
0.525397
0.499166
0.606434
0.283296
0.637595
0.528344
0.411940
0.492839
0.713556
0.616916
0.500479
0.662272
0.743357
0.748021
0.613645
0.438065
0.499726
0.932298
0.893207
0.574133
0.681577
0.727324
0.682469
0.833721
0.612748
0.846282
0.830797
0.670189
0.723112
0.416723
0.901499
0.418763
0.742087
0.538223
0.395170
0.500167
0.931468
0.513730
0.506326
0.516156
0.590241
0.302482
0.521308
0.425228
0.204399
0.415365
0.679849
0.643700
0.571936
0.563029
0.663554
0.675943
0.656473
0.564342
0.389344
0.845334
0.813559
0.579310
0.617532
0.698793
0.650765
0.730051
0.532724
0.875069
0.735525
0.635311
0.631787
0.333626
0.896407
0.367947
0.666230
0.542893
0.569675
0.884999
0.603753
0.609161
0.517797
0.576219
0.512459
0.597238
0.475615
0.599449
0.560911
0.677244
0.577757
0.670015
0.679055
0.777309
0.819201
0.605451
0.634927
0.481024
0.723430
0.673526
0.772133
0.581628
0.561355
0.596859
0.798717
0.527167
0.863164
0.678640
0.690524
0.648498
0.542605
0.868132
0.563535
0.765908
0.316057
0.812678
0.543540
0.494509
0.577015
0.655496
0.186055
0.656036
0.400737
0.465035
0.436299
0.766253
0.513924
0.403283
0.526763
0.699822
0.637409
0.585804
0.389868
0.481630
0.820316
0.789239
0.553207
0.579405
0.613606
0.611981
0.692846
0.492472
0.889702
0.793952
0.709351
0.710347
0.463916
0.856434
0.327503
0.686203
0.855776
0.758510
0.517472
0.592954
0.746279
0.396809
0.704203
0.503854
0.597976
0.473642
0.718251
0.675553
0.618495
0.745325
0.742144
0.772834
0.637746
0.570185
0.492456
0.848565
0.849489
0.731113
0.591719
0.580161
0.668519
0.860411
0.497074
0.936871
0.815139
0.800407
0.711109
0.499879
0.960962
0.408627
0.770311
0.903165
0.796891
0.790553
0.807013
0.864571
0.799893
0.783217
0.888009
0.730513
0.828922
0.804499
0.669728
0.802176
0.929896
0.823248
0.922965
0.690030
0.935708
0.881557
0.899515
0.865373
0.978276
0.897237
0.784082
0.784395
0.890563
0.881802
1.030449
0.726307
0.808788
0.839691
0.888930
0.925501
0.765549
0.542244
0.513560
0.562448
0.527279
0.636271
0.532686
0.416433
0.651025
0.744206
0.626087
0.666435
0.460672
0.740074
0.582679
0.623519
0.581106
0.541868
0.786983
0.728266
0.592716
0.665646
0.651979
0.671534
0.703805
0.555700
0.821183
0.781750
0.569597
0.569707
0.594197
0.721337
0.568235
0.677356
0.492100
0.715382
0.412006
0.679777
0.597287
0.569704
0.476987
0.647945
0.557594
0.502779
0.709049
0.794885
0.650023
0.748182
0.521204
0.536929
0.911448
0.816032
0.562411
0.511055
0.645110
0.528270
0.831342
0.448968
0.908256
0.742339
0.657908
0.528877
0.477576
0.731498
0.528908
0.666306
0.393805
0.488962
0.569987
0.492842
0.499985
0.554987
0.522476
0.664946
0.671182
0.677350
0.750113
0.601393
0.632990
0.596923
0.490176
0.850256
0.776042
0.525387
0.532034
0.611754
0.507235
0.739449
0.409346
0.854780
0.729431
0.609790
0.385432
0.407960
0.861759
0.542924
0.533465
0.636972
0.617347
0.627817
0.535789
0.729225
0.720294
0.792092
0.755223
0.656775
0.730082
0.715342
0.677561
0.632259
0.596348
0.852832
0.790008
0.703807
0.778769
0.801971
0.696013
0.669598
0.689837
0.800804
0.777874
0.586201
0.619722
0.575907
0.865909
0.665208
0.662275
0.594082
0.344652
0.365487
0.328896
0.667604
0.484073
0.350093
0.597535
0.736517
0.670443
0.650538
0.339566
0.451076
0.853363
0.808446
0.521969
0.525069
0.675880
0.545628
0.747622
0.482068
0.894277
0.782891
0.708085
0.618055
0.325463
0.871152
0.323410
0.642655
0.586283
0.461614
0.548772
0.784750
0.754727
0.746154
0.636135
0.510879
0.615373
0.729457
0.679608
0.435506
0.657900
0.640839
0.641443
0.788246
0.620510
0.766550
0.750018
0.657167
0.839766
0.749545
0.668483
0.619007
0.516555
0.794792
0.633691
0.675909
0.491416
0.413884
0.651178
0.649172
0.543836
0.555455
0.735585
0.604720
0.572704
0.592054
0.465522
0.717008
0.640767
0.537848
0.573199
0.546733
0.689049
0.767267
0.410275
0.915933
0.670655
0.665788
0.665923
0.514574
0.899010
0.360845
0.636731
0.435239
0.721180
0.642065
0.553522
0.507765
0.622203
0.637639
0.672646
0.526636
0.481582
0.870815
0.788859
0.543486
0.658397
0.744224
0.667637
0.669674
0.602053
0.797421
0.756105
0.601266
0.615111
0.361913
0.817766
0.424251
0.634934
0.644188
0.628108
0.469903
0.584082
0.686327
0.675120
0.658130
0.504564
0.521439
0.760603
0.687718
0.575477
0.584998
0.591211
0.639931
0.779099
0.474253
0.899252
0.722311
0.699261
0.627137
0.428116
0.795149
0.403348
0.587125
0.761228
0.829832
0.825169
0.855337
0.692493
0.840307
0.806754
0.670841
0.921218
0.862490
0.647740
0.577855
0.726794
0.620701
0.887243
0.589411
0.947437
0.673027
0.854105
0.608692
0.667320
1.014953
0.704145
0.669388
0.555261
0.745982
0.861069
0.768904
0.852842
0.560963
0.648207
0.891375
0.790945
0.634070
0.580524
0.656271
0.557765
0.841452
0.668233
0.905912
0.866838
0.787116
0.656463
0.590323
0.882003
0.612110
0.759232
0.783818
0.876405
0.842364
0.775897
0.336197
0.726679
0.919697
0.880805
0.622572
0.720678
0.828956
0.571640
0.761940
0.774122
0.901082
0.993293
0.712924
0.718183
0.579791
0.842696
0.521389
0.746749
0.675631
0.626467
0.644775
0.656478
0.522166
0.779782
0.773985
0.734101
0.722397
0.605938
0.832126
0.673599
0.552284
0.795369
0.767239
0.720958
0.753392
0.626151
0.818852
0.543997
0.621248
0.787467
0.823101
0.827359
0.627213
0.846111
0.681123
0.744824
0.870006
0.731877
0.855964
0.757364
0.738906
0.854360
0.737720
0.720395
0.782911
0.665075
0.944005
0.684877
0.745923
0.759373
0.851733
0.603735
0.868146
0.790527
0.538965
0.707936
0.558789
0.670382
0.796591
0.574465
0.881332
0.718454
0.765768
0.711471
0.723054
0.887542
0.625659
0.595923
0.714381
0.567474
0.855473
0.803538
0.780805
0.752169
0.581913
0.775435
0.789248
0.600200
1.009351
0.789508
0.747991
0.783148
0.678569
0.732870
0.634302
0.826569
0.701041
0.883329
0.892672
0.730686
0.712766
0.849390
0.600341
0.721269
0.693754
0.921749
0.947211
0.684945
0.691807
0.542686
0.798587
0.550479
0.771455
0.703933
0.702716
0.651321
0.559030
0.463027
0.636776
0.796792
0.437524
0.910271
0.648384
0.687767
0.531525
0.404264
0.854562
0.486320
0.655221
0.440964
0.928524
0.824619
0.752446
0.894257
0.874478
0.777598
0.906976
0.842281
0.870093
0.792803
0.851359
0.908899
0.845506
0.828359
0.817647
0.748463
0.709117
0.752439
0.922669
0.690675
0.918978
0.763206
0.801847
0.737619
0.834715
0.863180
0.704082
0.731949
0.577660
0.711078
0.701062
0.773458
0.622547
0.872989
0.785820
0.717128
0.669674
0.615560
0.911007
0.582866
0.604439
0.663970
0.487212
0.739029
0.322408
0.949507
0.754758
0.880431
0.494036
0.556611
0.812126
0.641452
0.631710
0.738558
0.815941
0.478597
0.943390
0.730078
0.803768
0.658092
0.664677
0.848602
0.598413
0.688457
0.758460
0.556892
0.983269
0.919608
0.761345
0.369256
0.487485
0.904844
0.725412
0.501363
0.790160
0.669048
0.894423
0.765708
0.709315
0.624464
0.821355
0.743600
0.631060
0.966424
0.632750
0.763186
0.457977
0.472574
0.810689
0.490671
0.588903
0.968316
0.777970
0.930983
0.862041
0.957635
0.873232
0.867519
0.808158
0.856678
0.801953
0.842654
0.627279
0.865497
0.750432
0.634891
0.766975
0.692767
0.766944
0.440084
0.818813
0.729097
0.388279
0.911344
0.457844
0.558717
0.895293
0.899213
0.719380
