0.380539
0.118375
0.292962
0.107593
0.556337
0.367575
0.153745
0.376983
0.092192
0.605098
0.072647
0.170312
0.610107
0.133882
0.080868
0.340540
0.547315
0.072484
0.807350
0.099238
0.380066
0.571114
0.818376
0.068310
0.477088
0.550868
0.108107
0.581287
0.437911
0.070779
0.543867
0.627612
0.563777
0.085882
0.482999
0.061804
0.466378
0.519188
0.185772
0.580562
0.086351
0.059954
0.405879
0.431795
0.413648
0.387098
0.344443
0.322978
0.071746
0.332592
0.144010
0.346018
0.106607
0.039763
0.470224
0.050522
0.512927
0.603919
0.468102
0.340792
0.607790
0.550912
0.478090
0.399884
0.097507
0.473518
0.738320
0.495403
0.041644
0.772518
0.753506
0.458326
0.118908
0.181375
0.554586
0.089148
0.081380
0.465721
0.119990
0.683358
0.738352
0.485958
0.051045
0.460160
0.062806
0.696125
0.543899
0.665429
0.495181
0.462097
0.044217
0.053170
0.066057
0.128158
0.068771
0.757401
0.503178
0.227083
0.119087
0.495795
0.311033
0.306535
0.311698
0.212121
0.540614
0.169186
0.159856
0.521678
0.217510
0.200029
0.242173
0.465354
0.195377
0.708729
0.225835
0.320146
0.517376
0.686383
0.137617
0.433523
0.461679
0.255371
0.471219
0.365797
0.212123
0.496323
0.560903
0.526205
0.161063
0.392496
0.209988
0.356524
0.389580
0.286901
0.475695
0.208474
0.206598
0.340345
0.342815
0.349040
0.327919
0.284795
0.361369
0.182523
0.250093
0.355606
0.150116
0.525119
0.164398
0.402785
0.591612
0.323257
0.136144
0.516444
0.371236
0.353750
0.321294
0.263669
0.365248
0.697821
0.385206
0.137513
0.659389
0.680266
0.291634
0.297730
0.247211
0.452783
0.259892
0.174549
0.389589
0.360004
0.595855
0.589371
0.317304
0.176947
0.417104
0.130772
0.574073
0.460011
0.487880
0.381976
0.378087
0.141224
0.147276
0.156344
0.258001
0.097220
0.548438
0.383342
0.488812
0.306789
0.217858
0.296611
0.159389
0.435844
0.167832
0.125213
0.405514
0.159150
0.175887
0.203546
0.458233
0.154016
0.612008
0.176669
0.311681
0.414243
0.589882
0.143268
0.403417
0.444740
0.207516
0.495226
0.333621
0.180798
0.479304
0.427896
0.413786
0.127122
0.404023
0.168908
0.371505
0.369016
0.163615
0.404911
0.161931
0.151871
0.332581
0.346194
0.330836
0.300904
0.272580
0.280995
0.175604
0.089653
0.544336
0.086649
0.703562
0.501012
0.685974
0.562597
0.576777
0.768318
0.708601
0.425624
0.054537
0.678445
0.618013
0.704035
0.089741
0.762352
0.675639
0.694569
0.036225
0.134383
0.760878
0.065215
0.093712
0.660927
0.014884
0.645921
0.741679
0.696899
0.068321
0.634238
0.178716
0.704375
0.618524
0.692890
0.703926
0.649720
0.081831
0.088963
0.087911
0.098717
0.145857
0.894883
0.727867
0.465898
0.012849
0.512055
0.490962
0.481393
0.343676
0.528478
0.562577
0.505333
0.328581
0.068042
0.479370
0.634800
0.503190
0.013308
0.689957
0.664303
0.478283
0.062641
0.110798
0.581429
0.079802
0.018865
0.482365
0.091633
0.588631
0.675559
0.487977
0.036480
0.470072
0.084591
0.640583
0.487943
0.606320
0.504272
0.466845
0.020765
0.019259
0.020693
0.051358
0.034882
0.744594
0.529360
0.462049
0.126813
0.556662
0.214090
0.380403
0.637913
0.219921
0.175599
0.469708
0.562772
0.153298
0.802982
0.157123
0.479770
0.567492
0.816723
0.243153
0.498598
0.634852
0.118393
0.632244
0.520286
0.125166
0.527830
0.640507
0.558196
0.257041
0.561749
0.068924
0.567997
0.544748
0.175979
0.683018
0.150970
0.104964
0.504694
0.533490
0.510340
0.456375
0.468366
0.375381
0.154110
0.512070
0.461569
0.486418
0.349899
0.495843
0.562267
0.510648
0.305817
0.064431
0.482882
0.598016
0.508290
0.010276
0.652518
0.629089
0.487939
0.066305
0.097025
0.587317
0.077823
0.018984
0.489931
0.094032
0.556104
0.638728
0.488688
0.038529
0.480825
0.082994
0.607482
0.464583
0.569172
0.504782
0.469944
0.017085
0.019991
0.019070
0.040758
0.032673
0.719945
0.535853
0.615184
0.045713
0.249059
0.603083
0.068009
0.034934
0.464845
0.665755
0.012886
0.824411
0.009585
0.529835
0.487755
0.785551
0.069068
0.640080
0.681707
0.022904
0.714198
0.565965
0.023619
0.708067
0.612815
0.483793
0.076168
0.617894
0.049118
0.552939
0.518645
0.123372
0.651241
0.013466
0.026792
0.555544
0.562678
0.571408
0.525595
0.467324
0.242449
0.031100
0.676939
0.573929
0.089043
0.574291
0.733165
0.368926
0.413110
0.671750
0.115237
0.668836
0.462153
0.181782
0.142858
0.686540
0.417152
0.336742
0.690996
0.536992
0.409487
0.695431
0.468887
0.092750
0.189495
0.566577
0.474276
0.665665
0.566370
0.225325
0.311763
0.322438
0.671482
0.629415
0.455626
0.480020
0.436622
0.382581
0.416026
0.418795
0.722667
0.197092
0.642991
0.086376
0.024229
0.430996
0.652627
0.024518
0.848396
0.037118
0.493945
0.554189
0.823918
0.029652
0.628190
0.642508
0.070255
0.685003
0.544878
0.033350
0.697938
0.659360
0.534008
0.043456
0.581253
0.088422
0.520952
0.545588
0.185238
0.638752
0.029844
0.048065
0.515842
0.527024
0.534673
0.511132
0.425329
0.264173
0.034702
0.474648
0.148764
0.207659
0.249375
0.483997
0.233797
0.691782
0.245297
0.333315
0.543020
0.657659
0.153372
0.485223
0.457497
0.258453
0.506376
0.372034
0.258191
0.556468
0.543734
0.478628
0.166561
0.405990
0.258182
0.329319
0.430901
0.314623
0.349084
0.237759
0.230216
0.342724
0.360450
0.353826
0.407948
0.267253
0.287470
0.213777
0.509345
0.710632
0.339870
0.467537
0.655022
0.117552
0.649185
0.491117
0.166461
0.068828
0.627143
0.517333
0.379044
0.678815
0.560611
0.446085
0.700658
0.565135
0.058433
0.145238
0.506470
0.497282
0.681391
0.522886
0.183650
0.343351
0.251585
0.657688
0.624223
0.479925
0.497179
0.475832
0.433590
0.421362
0.354601
0.703542
0.082056
0.406814
0.701887
0.087407
0.738892
0.073909
0.566768
0.416754
0.685036
0.084325
0.700577
0.691975
0.065260
0.751563
0.602831
0.104656
0.769575
0.536490
0.392411
0.070220
0.648184
0.122997
0.561307
0.420544
0.145996
0.500307
0.078124
0.086982
0.583485
0.599720
0.601807
0.584974
0.481571
0.119410
0.077538
0.483928
0.683183
0.016584
0.925703
0.022418
0.519475
0.612563
0.894975
0.047661
0.650912
0.704119
0.039566
0.710570
0.576951
0.017928
0.717398
0.727079
0.586141
0.079572
0.612679
0.061666
0.531465
0.612516
0.209471
0.680607
0.011035
0.043478
0.543687
0.561256
0.564404
0.561652
0.467337
0.297754
0.010456
0.367803
0.465046
0.417117
0.488534
0.306281
0.472136
0.447148
0.406055
0.359983
0.310275
0.529010
0.396613
0.309426
0.492335
0.423156
0.385335
0.466897
0.368483
0.352193
0.450935
0.360684
0.305666
0.380659
0.231429
0.472231
0.437249
0.315661
0.307365
0.300546
0.273714
0.267749
0.412902
0.477579
0.653699
0.520331
0.667988
0.052884
0.684309
0.567321
0.660527
0.064687
0.055649
0.733375
0.031724
0.044066
0.652123
0.059286
0.553112
0.658151
0.651558
0.021173
0.620656
0.092389
0.601819
0.574835
0.593534
0.673237
0.622913
0.049676
0.045881
0.055147
0.091012
0.079732
0.804663
0.701896
0.871815
0.009676
0.500423
0.554504
0.841051
0.046989
0.618630
0.670241
0.037418
0.689268
0.543984
0.010414
0.686843
0.666473
0.546071
0.067195
0.591575
0.053083
0.526802
0.579857
0.161353
0.681117
0.006859
0.023746
0.526140
0.534638
0.543728
0.508059
0.444193
0.294370
0.024213
0.869309
0.595992
0.235269
0.073163
0.856761
0.563268
0.408181
0.905155
0.622809
0.532238
0.906684
0.595752
0.134591
0.223998
0.719745
0.582275
0.891348
0.661169
0.246511
0.513432
0.294443
0.870445
0.838134
0.576701
0.592390
0.557937
0.509769
0.543602
0.517848
0.922695
0.526343
0.534783
0.826895
0.067613
0.645774
0.689407
0.028167
0.710574
0.562193
0.017726
0.714209
0.659147
0.529867
0.077637
0.613437
0.059828
0.535763
0.572453
0.159014
0.693614
0.009867
0.032486
0.552970
0.556904
0.571394
0.533383
0.464364
0.275461
0.029910
0.674651
0.633442
0.487776
0.062209
0.080928
0.596942
0.066465
0.018434
0.504091
0.089534
0.560512
0.645434
0.494170
0.024736
0.488698
0.070303
0.605491
0.487681
0.552539
0.521847
0.484394
0.004862
0.016510
0.008143
0.061893
0.022063
0.720044
0.541874
0.196342
0.575606
0.683229
0.589914
0.551916
0.772799
0.628812
0.591840
0.747616
0.158537
0.085067
0.435678
0.707896
0.615085
0.726303
0.189541
0.227552
0.384230
0.543058
0.551171
0.670030
0.677889
0.661135
0.577724
0.595210
0.230150
0.598065
0.825811
0.637925
0.472171
0.868131
0.650278
0.564299
0.888256
0.672527
0.096961
0.194578
0.691189
0.615752
0.871774
0.644167
0.244339
0.511225
0.308673
0.835394
0.817734
0.617441
0.615995
0.607866
0.550862
0.569772
0.485783
0.888924
0.634011
0.648329
0.083928
0.683231
0.548152
0.064405
0.700367
0.649364
0.543946
0.032022
0.573986
0.098818
0.506208
0.533342
0.226093
0.593972
0.061475
0.060002
0.505910
0.522505
0.527996
0.522843
0.416031
0.264580
0.048156
0.103051
0.702983
0.095599
0.060341
0.605374
0.022852
0.570085
0.661477
0.630298
0.071538
0.583900
0.192024
0.643192
0.528241
0.618729
0.642617
0.593568
0.058836
0.075391
0.051438
0.073577
0.106819
0.819273
0.671085
0.770637
0.095033
0.058123
0.682577
0.131877
0.451772
0.564035
0.615001
0.066645
0.670012
0.156653
0.525696
0.539383
0.488791
0.690029
0.645939
0.075481
0.073322
0.065648
0.099559
0.074504
0.737080
0.726901
0.782072
0.648353
0.031973
0.758740
0.693579
0.534249
0.106156
0.684151
0.044083
0.608416
0.556679
0.172007
0.701773
0.035061
0.039924
0.621067
0.639939
0.643117
0.616821
0.538348
0.245447
0.028028
0.070308
0.689027
0.084527
0.649310
0.754255
0.694612
0.025583
0.662438
0.073295
0.680868
0.667421
0.657018
0.709625
0.675394
0.065175
0.043184
0.072036
0.124810
0.108546
0.884330
0.730937
0.555295
0.092945
0.510751
0.616844
0.536103
0.033537
0.542796
0.087613
0.586358
0.490098
0.547989
0.565324
0.531384
0.023516
0.019665
0.016621
0.045667
0.030494
0.738349
0.603231
0.666905
0.714395
0.579280
0.093242
0.594076
0.040951
0.540386
0.608829
0.173942
0.726656
0.016080
0.027079
0.530701
0.543389
0.548300
0.518877
0.455531
0.322611
0.024354
0.625751
0.727853
0.701363
0.077252
0.629445
0.201389
0.682242
0.608528
0.675338
0.711796
0.649788
0.081550
0.100949
0.082452
0.102424
0.146066
0.887983
0.732055
0.178268
0.508950
0.583506
0.694748
0.624419
0.231061
0.348224
0.281649
0.665022
0.634413
0.550823
0.569467
0.538370
0.474959
0.493766
0.373007
0.717799
0.425033
0.673140
0.611998
0.689058
0.203774
0.236485
0.330045
0.536530
0.535699
0.630354
0.658456
0.629786
0.601071
0.559368
0.217329
0.584882
0.580423
0.132529
0.525693
0.433811
0.160481
0.508322
0.075322
0.077617
0.509792
0.527783
0.525305
0.493923
0.412122
0.179430
0.080226
0.577613
0.053290
0.623611
0.569947
0.597433
0.614801
0.573700
0.021273
0.015890
0.030768
0.089005
0.046015
0.785439
0.636271
0.531611
0.576493
0.194853
0.685799
0.056121
0.029568
0.518592
0.533571
0.532075
0.495426
0.454394
0.330380
0.041904
0.620166
0.580679
0.589469
0.541603
0.526881
0.075661
0.057839
0.099513
0.174261
0.077998
0.729601
0.557827
0.337027
0.273372
0.572939
0.552707
0.608369
0.615811
0.600982
0.543128
0.530082
0.237215
0.573834
0.490970
0.159769
0.148643
0.505592
0.525239
0.503979
0.429894
0.419787
0.163326
0.209080
0.667399
0.644998
0.539006
0.575737
0.526167
0.550015
0.490384
0.358656
0.666872
0.032247
0.547783
0.558594
0.564508
0.534573
0.467219
0.275983
0.017866
0.508354
0.524249
0.526214
0.481317
0.426556
0.279581
0.042439
0.020106
0.008348
0.070397
0.026003
0.725089
0.567345
0.020264
0.059264
0.029207
0.753519
0.586410
0.059543
0.028990
0.732818
0.586865
0.077927
0.704125
0.575242
0.618986
0.492534
0.277965
