0.305977
0.176866
0.276779
0.144831
0.142255
0.148250
0.170490
0.368381
0.162968
0.155730
0.144096
0.286337
0.105813
0.144674
0.438232
0.150010
0.161042
0.273149
0.323128
0.129733
0.331872
0.527217
0.212777
0.223732
0.152938
0.164443
0.137419
0.224656
0.329244
0.365722
0.177246
0.131661
0.339235
0.153859
0.182253
0.145471
0.565343
0.253538
0.642486
0.151907
0.140237
0.380719
0.127575
0.478705
0.208460
0.348766
0.185471
0.415137
0.156293
0.306074
0.138036
0.619702
0.616929
0.575825
0.635881
0.059154
0.594488
0.625370
0.570249
0.345609
0.296553
0.597178
0.621918
0.585878
0.607785
0.149377
0.161964
0.234561
0.341852
0.187756
0.575031
0.719259
0.577061
0.254100
0.572748
0.481239
0.110581
0.208461
0.641563
0.600046
0.310188
0.519335
0.637958
0.558671
0.211058
0.261671
0.350080
0.653750
0.525099
0.175801
0.513747
0.313816
0.682653
0.148879
0.653592
0.167936
0.364996
0.123376
0.355296
0.387758
0.374273
0.421473
0.329222
0.385233
0.373196
0.370386
0.064851
0.244454
0.377909
0.640428
0.396530
0.356649
0.152079
0.176467
0.187029
0.116994
0.545615
0.443638
0.488236
0.395920
0.164997
0.317288
0.430039
0.224678
0.243696
0.433697
0.378649
0.163082
0.403417
0.449550
0.363181
0.600536
0.365372
0.692329
0.379350
0.370676
0.248136
0.251496
0.625349
0.452666
0.176665
0.426408
0.278611
0.370666
0.523735
0.557800
0.545937
0.603979
0.184638
0.540673
0.602075
0.508731
0.100809
0.323914
0.576210
0.774952
0.534091
0.568763
0.074004
0.022600
0.274811
0.102929
0.304490
0.562591
0.698078
0.573047
0.257501
0.541035
0.591979
0.106568
0.063717
0.586145
0.565451
0.107656
0.535341
0.615535
0.492153
0.403395
0.430409
0.609895
0.579964
0.486386
0.047661
0.485574
0.581816
0.640032
0.027761
0.598981
0.057191
0.441479
0.015592
0.054102
0.061886
0.666832
0.025927
0.066231
0.030034
0.447948
0.192610
0.071115
0.497516
0.035141
0.085411
0.536295
0.552644
0.309546
0.488311
0.770754
0.085061
0.081138
0.060949
0.315394
0.078130
0.245257
0.624274
0.567522
0.061580
0.039003
0.501155
0.079091
0.056567
0.035125
0.848056
0.426920
0.878461
0.020873
0.052512
0.600700
0.142037
0.697923
0.060629
0.615199
0.036161
0.654648
0.200011
0.050602
0.046174
0.666464
0.021721
0.060961
0.022491
0.491271
0.168632
0.064500
0.455280
0.016256
0.080144
0.571679
0.585391
0.308329
0.527201
0.776227
0.062820
0.071947
0.053537
0.331409
0.077268
0.220244
0.649334
0.592321
0.045822
0.021511
0.532264
0.060711
0.044818
0.024601
0.847524
0.422954
0.864198
0.025105
0.036032
0.630405
0.144391
0.671871
0.037273
0.643290
0.026728
0.684303
0.183512
0.021589
0.613699
0.056341
0.055736
0.062730
0.502398
0.145780
0.024171
0.414166
0.053662
0.029740
0.521170
0.568419
0.235325
0.552733
0.724123
0.117492
0.075506
0.026474
0.243320
0.031590
0.168124
0.597599
0.607542
0.040693
0.029504
0.569719
0.089650
0.025133
0.095086
0.772563
0.304262
0.754248
0.047758
0.083419
0.633917
0.092627
0.584039
0.117061
0.628771
0.050784
0.682007
0.117478
0.687569
0.054289
0.063981
0.073964
0.542158
0.161367
0.033855
0.394198
0.045834
0.032186
0.584334
0.624054
0.264481
0.583016
0.813140
0.113370
0.072013
0.041518
0.280853
0.044128
0.174174
0.663383
0.651700
0.018039
0.017727
0.597262
0.083051
0.024114
0.100390
0.847074
0.367512
0.815838
0.044595
0.090015
0.684636
0.107015
0.632215
0.091450
0.676444
0.045240
0.732449
0.140219
0.650608
0.668743
0.607205
0.407017
0.332145
0.636291
0.648316
0.642651
0.657419
0.172288
0.194883
0.317398
0.416062
0.158322
0.606209
0.748982
0.625554
0.300042
0.612511
0.501699
0.112629
0.280627
0.699810
0.653609
0.417740
0.556116
0.678766
0.604348
0.180337
0.271245
0.303985
0.694874
0.562917
0.232691
0.576368
0.291080
0.718230
0.209479
0.700441
0.235976
0.372698
0.076958
0.035891
0.479227
0.164829
0.091177
0.466119
0.024525
0.078547
0.555829
0.563326
0.297589
0.503429
0.765162
0.046013
0.094654
0.068702
0.314110
0.090476
0.211975
0.632923
0.564304
0.057569
0.041103
0.505569
0.050125
0.051784
0.032904
0.842742
0.424432
0.861768
0.048338
0.041068
0.600120
0.154875
0.660960
0.048414
0.617918
0.035846
0.655352
0.172628
0.073684
0.515918
0.214341
0.049201
0.368477
0.084199
0.069138
0.572960
0.641211
0.266201
0.580842
0.802794
0.121019
0.051774
0.041598
0.296173
0.044197
0.167533
0.652921
0.688546
0.107859
0.046731
0.604798
0.078126
0.056925
0.101829
0.826110
0.308736
0.770967
0.036105
0.091435
0.714558
0.070908
0.578033
0.083416
0.691461
0.076010
0.760421
0.188328
0.452803
0.178818
0.093124
0.500382
0.017791
0.114253
0.534926
0.525579
0.318085
0.485442
0.712430
0.044651
0.100096
0.068254
0.330468
0.107516
0.255093
0.605760
0.536961
0.076311
0.044275
0.494117
0.061136
0.066318
0.016105
0.785164
0.399111
0.829274
0.043106
0.015231
0.567377
0.175361
0.648988
0.047000
0.586201
0.023022
0.614030
0.185932
0.377464
0.528470
0.806148
0.476676
0.495512
0.183648
0.128912
0.318093
0.023055
0.574401
0.521097
0.625279
0.537802
0.285271
0.474579
0.622124
0.269472
0.153119
0.531336
0.499523
0.052316
0.513584
0.571207
0.435731
0.662065
0.536520
0.801490
0.485735
0.450687
0.166042
0.406245
0.770884
0.547288
0.119957
0.515358
0.178468
0.523369
0.157603
0.401634
0.163667
0.143642
0.312176
0.347176
0.122606
0.398228
0.528997
0.206559
0.258777
0.161447
0.126208
0.143115
0.159185
0.347136
0.382569
0.164802
0.143754
0.394465
0.175493
0.187834
0.181658
0.589571
0.258139
0.599665
0.219167
0.169431
0.399781
0.158012
0.448812
0.236445
0.390601
0.196626
0.449511
0.094914
0.347714
0.087510
0.043899
0.534184
0.612209
0.243693
0.591614
0.760241
0.160649
0.063607
0.021419
0.256425
0.021566
0.127437
0.607947
0.667168
0.064112
0.036484
0.612785
0.123482
0.039909
0.124429
0.780000
0.294102
0.733159
0.046948
0.117010
0.688464
0.072535
0.561403
0.128117
0.669520
0.076387
0.736768
0.129015
0.495512
0.401892
0.712586
0.817356
0.454872
0.846132
0.781903
0.481297
0.361242
0.374982
0.469028
0.346089
0.150044
0.708143
0.879525
0.467617
0.410326
0.872664
0.401587
0.397618
0.508473
0.710187
0.340666
0.451230
0.433874
0.507332
0.881820
0.364663
0.280054
0.439270
0.851028
0.483406
0.909911
0.320350
0.088712
0.557107
0.546182
0.301233
0.498090
0.751311
0.048628
0.108633
0.072418
0.326926
0.104249
0.251762
0.633352
0.545600
0.039494
0.027393
0.499860
0.060210
0.055083
0.022693
0.827279
0.428919
0.871743
0.046193
0.025835
0.583215
0.165702
0.680653
0.048981
0.602709
0.020959
0.631778
0.183448
0.522378
0.595979
0.201088
0.549044
0.817400
0.168022
0.104917
0.062735
0.208234
0.027677
0.176082
0.613692
0.636231
0.050697
0.044661
0.565309
0.125157
0.060298
0.143723
0.855588
0.343272
0.791203
0.075170
0.135547
0.669516
0.058231
0.625342
0.142111
0.644175
0.081504
0.720108
0.160792
0.079347
0.243944
0.212835
0.315505
0.602041
0.673181
0.554846
0.205807
0.493689
0.538765
0.034716
0.158874
0.570772
0.553616
0.230624
0.534428
0.596208
0.535170
0.398763
0.380559
0.542901
0.567677
0.524274
0.136796
0.427946
0.532689
0.653743
0.114206
0.604649
0.155834
0.428209
0.330830
0.115044
0.293096
0.578984
0.730462
0.607558
0.300595
0.582170
0.645031
0.114125
0.037459
0.593972
0.592677
0.124028
0.561995
0.633318
0.514559
0.428604
0.487649
0.642392
0.607137
0.507904
0.022636
0.538257
0.622998
0.668251
0.041792
0.618141
0.038638
0.472955
0.367115
0.534237
0.367188
0.376897
0.250290
0.039912
0.189946
0.243984
0.293330
0.395935
0.294088
0.247052
0.355884
0.283607
0.310705
0.334054
0.536158
0.165803
0.546376
0.316393
0.303761
0.402365
0.122947
0.434975
0.394469
0.314130
0.329193
0.419758
0.200035
0.558950
0.533349
0.680404
0.590724
0.344829
0.543613
0.670668
0.288827
0.106638
0.559849
0.546855
0.026628
0.538929
0.609918
0.456598
0.661287
0.600447
0.840708
0.540560
0.478028
0.126403
0.483322
0.797652
0.577448
0.114596
0.555304
0.143854
0.550132
0.719862
0.834378
0.729920
0.527304
0.768862
0.672107
0.230407
0.333581
0.804052
0.787745
0.539394
0.676422
0.757862
0.712220
0.110964
0.394118
0.361693
0.805188
0.674220
0.288959
0.778729
0.388802
0.846395
0.336433
0.823021
0.285397
0.484932
0.126853
0.120415
0.386161
0.177100
0.240689
0.648988
0.571411
0.130555
0.094237
0.532276
0.042316
0.097150
0.033698
0.785007
0.424289
0.808791
0.101700
0.027364
0.600216
0.247384
0.604855
0.039790
0.624154
0.064167
0.646530
0.186956
0.055627
0.387199
0.085483
0.170296
0.738053
0.760943
0.113284
0.075014
0.698280
0.094071
0.035242
0.121930
0.871477
0.378779
0.799617
0.054109
0.113026
0.789885
0.165470
0.590956
0.085258
0.793018
0.094757
0.841013
0.181337
0.272286
0.033841
0.134215
0.622119
0.646572
0.073915
0.038930
0.600508
0.092975
0.030500
0.099076
0.760640
0.279509
0.739783
0.048083
0.086003
0.669526
0.098881
0.556392
0.111609
0.663219
0.066199
0.715963
0.123216
0.195257
0.260313
0.260638
0.381986
0.307794
0.269127
0.347337
0.306441
0.324856
0.354985
0.545251
0.186476
0.523584
0.323033
0.328361
0.385192
0.145889
0.458491
0.413313
0.299095
0.335202
0.400517
0.206105
0.126796
0.576981
0.643999
0.077458
0.043140
0.568665
0.122915
0.059974
0.141870
0.787497
0.269923
0.728140
0.056479
0.134983
0.668286
0.038023
0.567425
0.141040
0.630951
0.089688
0.714941
0.139300
0.557638
0.714788
0.244499
0.184614
0.687524
0.183997
0.167001
0.263565
0.637544
0.190257
0.500919
0.219450
0.247283
0.715304
0.164072
0.300819
0.236857
0.682126
0.247586
0.759251
0.090459
0.190582
0.653052
0.631137
0.299916
0.578201
0.663231
0.604455
0.285855
0.357543
0.441220
0.656038
0.585348
0.157930
0.521161
0.450587
0.720326
0.135660
0.685961
0.170310
0.437391
0.604740
0.620624
0.085931
0.571357
0.658736
0.507120
0.496476
0.592267
0.746249
0.641858
0.516467
0.010958
0.610078
0.712197
0.669511
0.068798
0.630177
0.028460
0.528938
0.027814
0.568119
0.107548
0.044753
0.098638
0.864949
0.441708
0.876730
0.059352
0.098722
0.644646
0.149056
0.704586
0.106911
0.657013
0.048512
0.697342
0.178956
0.554604
0.068861
0.039452
0.064049
0.834070
0.361420
0.820686
0.028413
0.060618
0.654746
0.090386
0.638111
0.064976
0.641076
0.028103
0.701282
0.157975
0.542594
0.626072
0.458886
0.651368
0.609255
0.845500
0.563720
0.476969
0.112048
0.503793
0.805990
0.589201
0.103884
0.560404
0.118374
0.561396
0.068660
0.062600
0.720622
0.328217
0.723198
0.078266
0.049613
0.598312
0.180073
0.523064
0.054783
0.605391
0.079775
0.642620
0.141155
0.091732
0.805696
0.353547
0.788829
0.043046
0.075718
0.688361
0.146546
0.589023
0.087928
0.701345
0.061177
0.740424
0.122715
0.801469
0.443099
0.860361
0.061475
0.017707
0.540933
0.201774
0.664301
0.038736
0.569480
0.044311
0.593418
0.206739
0.310712
0.229093
0.851826
0.746839
0.436152
0.787578
0.289942
0.895686
0.410097
0.874019
0.408617
0.491955
0.271683
0.395598
0.385731
0.565988
0.254950
0.185832
0.477147
0.485131
0.434152
0.566052
0.162797
0.848296
0.800295
0.687208
0.718266
0.097376
0.876440
0.632589
0.871277
0.669148
0.474570
0.067506
0.672643
0.114802
0.670840
0.059146
0.668921
0.040860
0.720485
0.203404
0.542521
0.195463
0.605731
0.050431
0.553738
0.047001
0.586182
0.165971
0.631407
0.667542
0.706216
0.051430
0.664560
0.015392
0.528559
0.566523
0.205606
0.562950
0.156187
0.671347
0.205803
0.671391
0.634826
0.700925
0.671871
0.304846
0.716862
0.045921
0.756835
0.234027
0.668037
0.037112
0.519549
0.707615
0.204341
0.568442
