0.683262
0.370713
0.313780
0.202611
0.098371
0.204173
0.720128
0.281690
0.122499
0.586387
0.702997
0.449013
0.107390
0.684342
0.682654
0.038905
0.108497
0.631685
0.543694
0.647456
0.817479
0.709255
0.759002
0.570950
0.253350
0.586317
0.668521
0.693575
0.732729
0.674896
0.698147
0.299152
0.239687
0.792250
0.695946
0.244992
0.654728
0.712761
0.683426
0.693873
0.648485
0.631251
0.260766
0.651411
0.721723
0.644006
0.655919
0.152665
0.593795
0.401138
0.308132
0.697256
0.594355
0.566823
0.100166
0.568842
0.459859
0.071810
0.082810
0.348434
0.617532
0.076406
0.097778
0.661127
0.614893
0.076986
0.078291
0.038788
0.503514
0.144379
0.068781
0.147822
0.300906
0.478952
0.125042
0.039357
0.029624
0.092742
0.016373
0.353418
0.544548
0.070789
0.112594
0.362114
0.142752
0.057935
0.057319
0.150103
0.126284
0.052760
0.361709
0.108794
0.086570
0.055404
0.032465
0.502033
0.146645
0.183547
0.460421
0.148695
0.102807
0.499469
0.502817
0.177809
0.255048
0.455898
0.350873
0.194101
0.455326
0.418029
0.294256
0.187541
0.411878
0.351622
0.431790
0.705888
0.441602
0.415310
0.392652
0.155576
0.456378
0.370560
0.444414
0.389920
0.467352
0.438499
0.103190
0.095778
0.456157
0.450895
0.105267
0.386054
0.432523
0.356194
0.468654
0.431952
0.336865
0.164836
0.393233
0.450841
0.301480
0.417242
0.143876
0.424458
0.364131
0.223065
0.213750
0.431195
0.414962
0.135361
0.200342
0.424795
0.184544
0.261772
0.408680
0.383295
0.281499
0.266402
0.363787
0.312640
0.303924
0.565066
0.432550
0.361372
0.390369
0.104480
0.345512
0.323716
0.330643
0.312187
0.423183
0.329160
0.096884
0.246447
0.415625
0.357261
0.087576
0.274383
0.376729
0.282877
0.461549
0.406314
0.266227
0.237072
0.377767
0.411256
0.264361
0.319920
0.249198
0.403717
0.308083
0.396936
0.655964
0.203297
0.343616
0.600681
0.755819
0.322254
0.376772
0.713787
0.631526
0.182920
0.366032
0.673353
0.580818
0.666924
0.502627
0.700260
0.770677
0.610221
0.428988
0.502877
0.705149
0.725583
0.715204
0.707737
0.691878
0.431629
0.458980
0.751694
0.667345
0.398628
0.486933
0.734045
0.597584
0.726346
0.724489
0.702161
0.425223
0.647120
0.764698
0.651389
0.650350
0.418353
0.672775
0.041625
0.673746
0.373728
0.054917
0.457944
0.626607
0.434956
0.025447
0.620253
0.607975
0.076622
0.020236
0.566602
0.491955
0.599852
0.819592
0.635830
0.640975
0.520593
0.143738
0.527498
0.571116
0.621558
0.622443
0.617448
0.627795
0.136679
0.071546
0.692307
0.637556
0.101846
0.591945
0.629958
0.582379
0.630399
0.580204
0.519213
0.157082
0.573066
0.638143
0.523704
0.596893
0.052698
0.549387
0.689863
0.464670
0.076126
0.438709
0.612232
0.434980
0.066702
0.627589
0.610700
0.146949
0.053318
0.566260
0.510851
0.594837
0.836734
0.631646
0.617234
0.544032
0.142572
0.490703
0.555661
0.606132
0.581713
0.615686
0.604051
0.106497
0.048507
0.678036
0.627540
0.082077
0.588619
0.613719
0.566594
0.640179
0.589502
0.494418
0.187753
0.573069
0.620192
0.507272
0.593274
0.077696
0.555741
0.585633
0.587403
0.152728
0.061770
0.386047
0.693179
0.048153
0.028269
0.721040
0.699911
0.055016
0.061539
0.092395
0.415825
0.055412
0.117989
0.076769
0.455224
0.673424
0.140595
0.097553
0.081771
0.066923
0.106359
0.506720
0.630193
0.033717
0.084745
0.502356
0.147520
0.055965
0.074020
0.060210
0.077359
0.132624
0.457598
0.056028
0.066115
0.087731
0.051491
0.595734
0.106126
0.381687
0.547438
0.653778
0.370787
0.416209
0.618616
0.547415
0.239218
0.428613
0.585558
0.508349
0.593070
0.567336
0.629707
0.692409
0.535912
0.431775
0.393453
0.683174
0.630092
0.641766
0.601708
0.579289
0.466029
0.510368
0.671388
0.592638
0.450857
0.472765
0.643380
0.526862
0.653673
0.644632
0.637226
0.387625
0.586108
0.672452
0.599035
0.570555
0.420985
0.601894
0.356252
0.523845
0.390356
0.073290
0.519449
0.526710
0.104102
0.072135
0.471033
0.405907
0.472122
0.781835
0.569141
0.523916
0.457199
0.061259
0.459391
0.477429
0.489652
0.498664
0.516386
0.497123
0.068508
0.108461
0.593052
0.541299
0.044634
0.506352
0.523390
0.481974
0.559771
0.499942
0.397285
0.173698
0.495566
0.534863
0.426915
0.484640
0.073254
0.474713
0.134337
0.312005
0.494604
0.113952
0.122337
0.557228
0.488904
0.098149
0.085033
0.086131
0.517976
0.185666
0.051110
0.144965
0.200506
0.467467
0.062472
0.060672
0.067300
0.130680
0.086053
0.225907
0.409121
0.104371
0.153768
0.241658
0.124586
0.093882
0.045120
0.176400
0.133974
0.049219
0.283480
0.106197
0.109027
0.027558
0.083332
0.385612
0.171154
0.449252
0.625571
0.023516
0.051813
0.705645
0.628816
0.017422
0.050060
0.085614
0.604863
0.053778
0.091097
0.045377
0.402475
0.680384
0.093968
0.064846
0.070635
0.026956
0.102049
0.454154
0.537083
0.043379
0.093419
0.447697
0.248901
0.015742
0.109426
0.028797
0.029163
0.094707
0.425659
0.029196
0.010828
0.079176
0.057185
0.506041
0.039991
0.488890
0.437117
0.384992
0.428901
0.494514
0.391505
0.324532
0.302856
0.511890
0.383304
0.463226
0.414222
0.339085
0.378406
0.399935
0.389669
0.325501
0.480114
0.360721
0.366620
0.472425
0.413376
0.274290
0.321022
0.259037
0.397115
0.313326
0.450330
0.424857
0.324335
0.394396
0.405194
0.444916
0.319169
0.295546
0.471796
0.394023
0.629544
0.629401
0.108380
0.015357
0.575687
0.507520
0.620514
0.856613
0.634891
0.664722
0.528990
0.169962
0.570948
0.595318
0.633263
0.645481
0.619815
0.649531
0.185141
0.067970
0.713520
0.637089
0.142314
0.643323
0.638394
0.622900
0.634179
0.576706
0.535338
0.170385
0.590248
0.638695
0.553414
0.615567
0.042715
0.543053
0.049482
0.694318
0.625495
0.020856
0.043137
0.079589
0.550000
0.078242
0.067851
0.036671
0.390173
0.669413
0.081532
0.056170
0.082206
0.024253
0.082719
0.444137
0.555845
0.030282
0.108168
0.442364
0.202237
0.017165
0.086730
0.033684
0.030219
0.093257
0.383599
0.027581
0.024263
0.071908
0.049633
0.510778
0.055660
0.661256
0.637981
0.043023
0.059669
0.112457
0.441224
0.046731
0.105378
0.052925
0.414221
0.616908
0.127126
0.100211
0.081849
0.050721
0.114454
0.436328
0.544107
0.034794
0.081545
0.445920
0.146427
0.046945
0.053644
0.058190
0.073693
0.138812
0.425353
0.029885
0.051842
0.070956
0.070410
0.529047
0.101364
0.105031
0.635173
0.545263
0.664443
0.779651
0.704612
0.750899
0.575397
0.232255
0.517744
0.681237
0.700787
0.709049
0.668432
0.682739
0.237858
0.195029
0.782747
0.698656
0.206441
0.625881
0.712163
0.644338
0.709800
0.675758
0.633436
0.247587
0.640929
0.727065
0.630926
0.659898
0.134497
0.614631
0.577175
0.511963
0.621113
0.861024
0.652957
0.654714
0.530968
0.160844
0.567173
0.583664
0.630925
0.648332
0.620399
0.641950
0.173058
0.067671
0.714737
0.661229
0.130523
0.641678
0.638692
0.622789
0.635878
0.578947
0.534057
0.155469
0.591261
0.640976
0.553368
0.617957
0.041982
0.543335
0.027175
0.069223
0.569975
0.060911
0.082000
0.030771
0.352809
0.647716
0.065465
0.052139
0.073025
0.027119
0.087450
0.405828
0.500991
0.046517
0.084304
0.398250
0.205559
0.014578
0.076689
0.031903
0.020474
0.086827
0.369826
0.018103
0.015067
0.057063
0.044135
0.462457
0.035831
0.063987
0.553296
0.067963
0.109458
0.043286
0.294842
0.603503
0.086531
0.070932
0.076562
0.061794
0.090978
0.354972
0.447891
0.068687
0.089297
0.342925
0.183754
0.043392
0.081159
0.061365
0.050428
0.076794
0.303679
0.040922
0.057470
0.050920
0.037280
0.395088
0.051369
0.522243
0.134946
0.080956
0.138284
0.315764
0.552848
0.082099
0.034955
0.041988
0.108112
0.042398
0.391273
0.565122
0.080352
0.101317
0.376671
0.150063
0.058944
0.081006
0.126705
0.102073
0.043074
0.389207
0.106793
0.082229
0.055207
0.021316
0.512709
0.116686
0.555248
0.524248
0.578728
0.699759
0.591876
0.603368
0.529220
0.496401
0.540375
0.462678
0.715061
0.858285
0.484239
0.533782
0.731704
0.212741
0.560860
0.386060
0.608638
0.645511
0.600334
0.677327
0.542556
0.594752
0.532325
0.496865
0.851645
0.655441
0.178379
0.070089
0.464903
0.690893
0.160236
0.146921
0.103556
0.094318
0.171969
0.496922
0.540110
0.061970
0.053268
0.490717
0.244479
0.058347
0.124946
0.045051
0.063367
0.157624
0.456174
0.053711
0.064557
0.103226
0.083355
0.531192
0.066083
0.137673
0.346268
0.596489
0.047484
0.029422
0.062805
0.081805
0.065862
0.383665
0.570633
0.057188
0.164274
0.404009
0.154527
0.062895
0.056486
0.136801
0.108727
0.065293
0.408716
0.088309
0.063845
0.049841
0.082071
0.542564
0.166068
0.374830
0.680285
0.107839
0.120620
0.143924
0.042212
0.160099
0.414965
0.461949
0.080431
0.131521
0.407140
0.244185
0.050563
0.124824
0.026080
0.032946
0.151230
0.346461
0.021159
0.049926
0.102786
0.097125
0.424929
0.039977
0.416288
0.327690
0.326192
0.332327
0.399431
0.335202
0.041796
0.166986
0.436156
0.416357
0.034545
0.362722
0.382348
0.328366
0.456252
0.384068
0.230615
0.154810
0.381384
0.400953
0.273402
0.333115
0.119961
0.383529
0.642237
0.568521
0.546016
0.664737
0.499694
0.395688
0.568577
0.653473
0.584347
0.401553
0.440067
0.634988
0.493816
0.749574
0.708246
0.542828
0.463975
0.650768
0.671895
0.545623
0.561148
0.562937
0.698236
0.054997
0.098365
0.099718
0.120644
0.367309
0.496800
0.092295
0.160584
0.365292
0.198716
0.066403
0.094602
0.110544
0.078024
0.074777
0.381496
0.073845
0.061907
0.056058
0.091664
0.476992
0.111380
0.042664
0.067909
0.034487
0.393827
0.571853
0.062261
0.113879
0.393898
0.158556
0.041352
0.059824
0.119335
0.084945
0.045786
0.394051
0.081291
0.048942
0.051338
0.039907
0.519256
0.115600
0.098101
0.048942
0.371717
0.543019
0.043509
0.077190
0.378692
0.138343
0.047727
0.048515
0.127246
0.113881
0.042670
0.427219
0.087692
0.068999
0.034361
0.030500
0.528560
0.135454
0.097034
0.446921
0.543805
0.055601
0.130268
0.452813
0.219583
0.033063
0.095947
0.053716
0.054739
0.124699
0.408344
0.030520
0.029148
0.098464
0.078130
0.503705
0.073844
0.396302
0.588347
0.082406
0.136175
0.402484
0.125964
0.069335
0.062171
0.163965
0.140610
0.075521
0.359358
0.121867
0.098853
0.075911
0.039530
0.538147
0.157785
0.136068
0.467323
0.467976
0.018409
0.391596
0.430473
0.347880
0.499365
0.443359
0.293661
0.192400
0.409918
0.449322
0.302860
0.401365
0.145564
0.450113
0.610967
0.564617
0.112258
0.586486
0.546321
0.533619
0.551905
0.506019
0.458575
0.201359
0.495313
0.547645
0.455966
0.549698
0.049127
0.474505
0.077239
0.479536
0.154618
0.025490
0.051364
0.057736
0.064914
0.092529
0.457493
0.039915
0.037014
0.051261
0.046704
0.596092
0.104862
0.455088
0.191361
0.075269
0.098647
0.111677
0.098005
0.120735
0.455971
0.098453
0.085454
0.091819
0.066528
0.547068
0.115072
0.403151
0.429533
0.369092
0.487103
0.425581
0.284587
0.173194
0.412838
0.446264
0.310676
0.389818
0.117201
0.422071
0.197646
0.067701
0.271464
0.266697
0.185049
0.388114
0.199743
0.226135
0.133904
0.140502
0.569289
0.297082
0.069612
0.038831
0.030278
0.073285
0.405913
0.025177
0.012590
0.049341
0.032745
0.518378
0.048871
0.141511
0.127210
0.093725
0.377858
0.075150
0.088888
0.037773
0.060094
0.517227
0.166032
0.018437
0.143115
0.433199
0.032584
0.034124
0.107074
0.087879
0.524617
0.032690
0.102416
0.380097
0.036308
0.022731
0.080602
0.072518
0.468966
0.025929
0.335108
0.117813
0.085921
0.043080
0.048294
0.420432
0.130894
0.391386
0.430968
0.336397
0.369408
0.134788
0.360875
0.026758
0.064581
0.070647
0.475092
0.054748
0.065786
0.060428
0.522021
0.049224
0.040520
0.440841
0.120163
0.503568
0.086422
0.428109
