0.765494
0.795792
0.793149
0.748817
0.764030
0.839021
0.788303
0.928928
0.790395
0.866075
0.688247
0.860552
0.707704
0.742586
0.771179
0.805560
0.891175
0.681976
0.903160
0.746900
0.818146
0.818053
0.823643
0.735973
0.770953
0.850209
0.653423
0.802999
0.720651
0.801571
0.610709
0.866947
0.814974
0.821689
0.760151
0.866198
0.973642
0.714083
0.822930
0.810067
0.747284
0.812129
0.931147
0.850712
0.757621
0.898721
0.858547
0.864089
0.883452
0.714086
0.625347
0.709950
0.687833
0.717296
0.675731
0.676892
0.662311
0.718874
0.650928
0.811000
0.649490
0.661258
0.604998
0.637479
0.672829
0.545519
0.608621
0.643692
0.682437
0.726305
0.730209
0.588779
0.594799
0.794092
0.603554
0.631608
0.584496
0.594396
0.659371
0.702874
0.663628
0.784029
0.754856
0.777704
0.679707
0.541059
0.681383
0.641785
0.686823
0.685707
0.833482
0.696370
0.681302
0.745700
0.968589
0.744858
0.593380
0.472085
0.579814
0.609366
0.659495
0.583789
0.744732
0.617874
0.634414
0.599772
0.556011
0.683537
0.593325
0.515310
0.598823
0.614850
0.499326
0.633917
0.618704
0.809699
0.777786
0.538064
0.730170
0.535095
0.722266
0.704332
0.549502
0.487749
0.593457
0.675425
0.624557
0.761872
0.692706
0.694056
0.756185
0.712167
0.635125
0.575972
0.772342
0.569124
0.643553
0.710556
0.731653
0.649282
0.796892
0.790910
0.654949
0.643970
0.675843
0.488797
0.684460
0.636521
0.782092
0.490486
0.603874
0.537317
0.573871
0.735748
0.477806
0.534318
0.514770
0.569149
0.503716
0.625383
0.658984
0.762821
0.723402
0.580025
0.737023
0.575791
0.681138
0.690631
0.586318
0.597968
0.500425
0.757776
0.674056
0.706819
0.669321
0.616701
0.785778
0.679942
0.549614
0.651537
0.721169
0.625836
0.626874
0.692078
0.615104
0.671914
0.760002
0.794809
0.759210
0.552784
0.433073
0.660425
0.547962
0.756760
0.588679
0.666717
0.571725
0.638486
0.645211
0.462163
0.567695
0.648265
0.625840
0.451433
0.659775
0.454940
0.739690
0.788505
0.629032
0.559306
0.491273
0.759961
0.677972
0.517877
0.406950
0.684516
0.693390
0.662544
0.687147
0.728229
0.618590
0.736742
0.609507
0.556174
0.538685
0.541472
0.634142
0.733780
0.560886
0.737114
0.527285
0.666238
0.794133
0.478548
0.730631
0.636701
0.617827
0.878415
0.499674
0.616288
0.528309
0.547861
0.803497
0.258676
0.563453
0.560906
0.507688
0.438800
0.628862
0.321244
0.737749
0.660263
0.686891
0.584074
0.535919
0.688406
0.693013
0.535964
0.513510
0.627513
0.690646
0.622482
0.633892
0.771054
0.651391
0.795980
0.501344
0.579484
0.646571
0.521751
0.721796
0.681523
0.551167
0.668677
0.577083
0.829389
0.710786
0.608048
0.649480
0.611881
0.681140
0.507007
0.647444
0.477913
0.692399
0.719388
0.651178
0.526191
0.555371
0.677789
0.567739
0.720469
0.550134
0.747321
0.585309
0.579985
0.856381
0.538036
0.664559
0.607998
0.517267
0.560687
0.744244
0.739281
0.632626
0.595150
0.663342
0.770873
0.720728
0.737744
0.523914
0.573010
0.594820
0.671345
0.755907
0.792319
0.585749
0.632910
0.726601
0.851216
0.643940
0.672302
0.657584
0.561304
0.651380
0.580170
0.654091
0.747335
0.653913
0.575285
0.602619
0.607412
0.451930
0.515069
0.556778
0.772625
0.744892
0.616002
0.684642
0.596959
0.771905
0.693745
0.378678
0.492612
0.663980
0.772721
0.658984
0.757574
0.757717
0.688665
0.823433
0.634772
0.584852
0.662870
0.646279
0.639848
0.674973
0.522573
0.643444
0.462858
0.707818
0.897918
0.623779
0.629161
0.720179
0.767768
0.761529
0.803520
0.642124
0.813945
0.723654
0.670989
0.629704
0.680191
0.654404
0.800303
0.642468
0.731322
0.665471
0.878335
0.602025
0.796479
0.630700
0.652933
0.660838
0.732703
0.761293
0.727581
0.691356
0.791839
0.746576
0.819240
0.653482
0.628471
0.592798
0.644023
0.694431
0.749098
0.690573
0.687722
0.611161
0.819591
0.921927
0.646011
0.730612
0.627733
0.465611
0.551168
0.730506
0.459289
0.505867
0.414600
0.614911
0.389958
0.573617
0.585823
0.672017
0.528712
0.665878
0.761094
0.470552
0.551669
0.649680
0.507163
0.479774
0.561301
0.698607
0.585827
0.557503
0.664949
0.696371
0.790862
0.613246
0.492328
0.597328
0.649994
0.546629
0.571335
0.685890
0.641895
0.667594
0.733305
0.834371
0.714156
0.542108
0.540240
0.595182
0.862902
0.656362
0.641330
0.511278
0.669359
0.639137
0.715953
0.660231
0.823454
0.563209
0.698931
0.817837
0.592072
0.726120
0.676804
0.611638
0.669317
0.743178
0.866409
0.671079
0.754465
0.720185
0.727074
0.737750
0.792318
0.621803
0.742078
0.686925
0.731809
0.802512
0.845747
0.556376
0.674400
0.644314
0.859753
0.780945
0.799106
0.621730
0.666521
0.542587
0.430942
0.510509
0.685847
0.406252
0.639707
0.492665
0.684448
0.664553
0.569993
0.761223
0.441990
0.613415
0.538758
0.488133
0.455460
0.554871
0.647193
0.516059
0.586060
0.628053
0.594305
0.662723
0.749346
0.455756
0.537934
0.603106
0.516410
0.639347
0.789943
0.615875
0.660610
0.626231
0.698123
0.665216
0.616307
0.709357
0.631795
0.627322
0.519856
0.671321
0.457932
0.595158
0.658316
0.848846
0.738015
0.697163
0.736065
0.637820
0.815142
0.738255
0.612091
0.563222
0.702144
0.722185
0.700879
0.818753
0.757628
0.804627
0.797753
0.688806
0.700069
0.714609
0.809242
0.710182
0.648912
0.756330
0.590874
0.745908
0.778277
0.649529
0.647781
0.648392
0.796971
0.652421
0.744164
0.772000
0.596455
0.757035
0.740795
0.710899
0.838453
0.586729
0.839407
0.585829
0.798069
0.533646
0.666324
0.495374
0.734406
0.442222
0.683072
0.725064
0.801754
0.823339
0.894662
0.798159
0.600768
0.560418
0.717475
0.622117
0.707958
0.833838
0.803108
0.686901
0.769194
0.910979
0.701883
0.727512
0.595845
0.576903
0.571219
0.425192
0.549741
0.379537
0.676711
0.646815
0.701493
0.635883
0.520353
0.646892
0.695882
0.575192
0.499000
0.615376
0.646735
0.687266
0.594032
0.700523
0.579894
0.771924
0.489936
0.525113
0.570708
0.539527
0.690824
0.643076
0.617741
0.698284
0.635609
0.743145
0.849938
0.645563
0.584728
0.537081
0.494860
0.373406
0.674883
0.496089
0.666816
0.671675
0.470614
0.702939
0.388302
0.579406
0.541490
0.543244
0.370722
0.386058
0.616661
0.504440
0.566709
0.639040
0.529971
0.647830
0.680885
0.465775
0.568868
0.594206
0.363616
0.584656
0.732920
0.679049
0.632980
0.708381
0.797902
0.674280
0.585214
0.577620
0.561417
0.659741
0.630400
0.690095
0.558673
0.723745
0.745901
0.584564
0.677667
0.607583
0.535535
0.576294
0.686704
0.798685
0.691915
0.620325
0.535736
0.690999
0.738286
0.680926
0.574116
0.645123
0.571534
0.660211
0.676130
0.787375
0.469713
0.668727
0.791426
0.826460
0.796803
0.671434
0.596499
0.672740
0.606367
0.695555
0.740587
0.718852
0.702191
0.587016
0.764316
0.717609
0.632673
0.545643
0.654786
0.860893
0.783729
0.735846
0.774872
0.638938
0.842549
0.501293
0.634953
0.658348
0.590665
0.660066
0.780964
0.615013
0.660957
0.566313
0.832911
0.918093
0.740112
0.697842
0.491228
0.389606
0.643666
0.727638
0.528555
0.623006
0.382095
0.677387
0.535616
0.366661
0.293260
0.491410
0.460524
0.473452
0.623332
0.683519
0.607221
0.742105
0.605195
0.449647
0.545788
0.645766
0.471953
0.424347
0.626625
0.647411
0.583500
0.754421
0.704095
0.592640
0.470283
0.672510
0.716162
0.780787
0.730964
0.750386
0.517217
0.777894
0.698262
0.522199
0.567443
0.597683
0.608498
0.692329
0.718382
0.795062
0.677308
0.737914
0.528607
0.623327
0.627519
0.672351
0.651251
0.538018
0.659974
0.688727
0.696294
0.656704
0.845614
0.522351
0.467109
0.708315
0.715648
0.597671
0.627694
0.462427
0.684661
0.635083
0.448909
0.385028
0.620268
0.632311
0.555948
0.657400
0.778749
0.613102
0.840634
0.526905
0.497016
0.597237
0.485650
0.672459
0.670544
0.592315
0.642143
0.554052
0.763137
0.802679
0.612671
0.659071
0.786096
0.747590
0.937760
0.613490
0.699429
0.526745
0.719590
0.657330
0.664715
0.723518
0.802868
0.449535
0.793546
0.569053
0.791305
0.793591
0.628968
0.661987
0.669511
0.711241
0.750033
0.827951
0.708495
0.792359
0.766521
0.947262
0.772048
0.728430
0.722828
0.814287
0.672416
0.564797
0.694738
0.693485
0.737521
0.782034
0.871111
0.778331
0.616776
0.496911
0.741520
0.692455
0.748352
0.526743
0.786790
0.663525
0.695004
0.785720
0.828796
0.681722
0.720102
0.740388
0.911253
0.690619
0.780003
0.751351
0.547982
0.725326
0.578888
0.626725
0.506593
0.561781
0.586835
0.546110
0.685388
0.728341
0.656141
0.731020
0.761068
0.513120
0.559538
0.679430
0.586955
0.676269
0.782898
0.686505
0.625823
0.741671
0.843170
0.604197
0.758432
0.647492
0.927679
0.820819
0.680288
0.659175
0.801564
0.800180
0.778266
0.825755
0.753185
0.819800
0.800762
0.686477
0.707942
0.749234
0.694214
0.752925
0.855286
0.787345
0.851089
0.658767
0.832585
0.792474
0.603894
0.858961
0.580943
0.553839
0.398468
0.339165
0.566581
0.544928
0.487550
0.495055
0.674513
0.528449
0.698599
0.663998
0.432394
0.480311
0.557211
0.432320
0.558972
0.702802
0.603184
0.511410
0.606149
0.791499
0.501337
0.610303
0.699891
0.614499
0.665676
0.674392
0.801387
0.824260
0.509342
0.646247
0.605839
0.781372
0.747273
0.618044
0.602292
0.667551
0.605209
0.771167
0.863385
0.720321
0.770455
0.720291
0.933862
0.769367
0.796634
0.658200
0.593771
0.605723
0.466545
0.675012
0.600006
0.696695
0.677552
0.676676
0.847142
0.558159
0.668034
0.562145
0.646418
0.706889
0.823988
0.643569
0.637807
0.749621
0.823609
0.689678
0.728999
0.431507
0.588493
0.700503
0.573975
0.645661
0.669269
0.656859
0.777246
0.610695
0.405821
0.564355
0.571299
0.569146
0.615017
0.662363
0.619326
0.553358
0.746550
0.834830
0.629063
0.602000
0.530185
0.491171
0.476932
0.632308
0.710667
0.540613
0.757551
0.670794
0.419882
0.425727
0.618990
0.453821
0.520219
0.632089
0.703410
0.533825
0.693169
0.806276
0.554185
0.566169
0.668237
0.555125
0.663578
0.789117
0.516045
0.783256
0.761299
0.573801
0.710672
0.685724
0.517102
0.563342
0.782189
0.738241
0.730501
0.751212
0.832397
0.800660
0.568267
0.687062
0.696883
0.902994
0.780701
0.792190
0.777558
0.653066
0.598634
0.761443
0.596431
0.517373
0.862103
0.804618
0.787844
0.845507
0.831933
0.634509
0.637394
0.763250
0.823078
0.705820
0.784969
0.835967
0.562818
0.635858
0.667199
0.573587
0.673141
0.811190
0.768087
0.673686
0.801162
0.743121
0.631369
0.728506
0.694513
0.607146
0.772197
0.733627
0.559156
0.536327
0.604913
0.612822
0.728971
0.820039
0.688257
0.749028
0.624694
0.928115
0.737529
0.743087
0.712233
0.616798
0.841399
0.634068
0.718242
0.664511
0.667602
0.850529
0.878533
0.748068
0.762970
0.737349
0.858875
0.722136
0.837769
0.695891
0.812451
0.560083
0.553546
0.612867
0.571715
0.726491
0.747273
0.728243
0.684983
0.660425
0.890482
0.678058
0.741980
0.917366
0.697287
0.680073
0.806894
0.762106
0.787581
0.980023
0.778779
0.807743
0.811679
0.830358
0.717098
0.835707
0.688172
0.659705
0.639411
0.800004
0.807229
0.556459
0.733414
0.583800
0.866001
1.011794
0.609716
0.597934
0.492137
0.557425
0.572265
0.617130
0.738594
0.581750
0.601450
0.713093
0.881667
0.593556
0.624140
0.623987
0.553174
0.705871
0.706775
0.717260
0.630226
0.687569
0.858323
0.573767
0.750914
0.674914
0.803917
0.687325
0.655196
0.582712
0.641649
0.878946
0.601632
0.763635
0.594898
0.748968
0.788195
0.725004
0.716649
0.818006
0.636637
0.668457
0.812017
0.652617
0.773811
0.842781
0.775593
0.749627
0.456219
0.837987
0.421549
0.868410
0.856870
0.599122
0.705670
0.712795
0.799054
0.871263
0.793863
0.678161
0.737777
0.831056
0.560664
0.722662
0.925023
0.699859
0.734038
0.665131
0.844263
0.773477
