0.055038
0.038265
0.031812
0.031480
0.081823
0.019865
0.026612
0.027938
0.021159
0.024928
0.032134
0.023723
0.058987
0.391427
0.017327
0.018023
0.030723
0.022653
0.045635
0.072064
0.144012
0.063163
0.020983
0.023570
0.035031
0.024281
0.021538
0.038592
0.034901
0.032893
0.032729
0.035895
0.021193
0.093334
0.025433
0.025288
0.051638
0.030585
0.042190
0.129219
0.039676
0.045538
0.062723
0.045417
0.087177
0.085135
0.038092
0.019879
0.023408
0.126520
0.057898
0.118745
0.059642
0.064393
0.051357
0.065761
0.082639
0.074015
0.058629
0.080787
0.144657
0.321886
0.066029
0.040961
0.092973
0.075533
0.029123
0.084274
0.245513
0.030034
0.102445
0.051260
0.075700
0.097785
0.073790
0.121556
0.089216
0.099236
0.049368
0.093697
0.069232
0.132863
0.044566
0.080166
0.138339
0.061158
0.120272
0.174349
0.134110
0.145281
0.081128
0.146103
0.062124
0.138139
0.090829
0.057471
0.089121
0.054114
0.034499
0.130727
0.048867
0.043381
0.044556
0.042096
0.030205
0.045708
0.017337
0.028492
0.490290
0.027570
0.045632
0.025452
0.021855
0.106686
0.096046
0.095989
0.124458
0.014697
0.046483
0.040585
0.013668
0.021296
0.009698
0.032871
0.026351
0.045007
0.023699
0.032349
0.114577
0.062404
0.017331
0.014454
0.032017
0.029566
0.137941
0.007766
0.016314
0.117996
0.013849
0.164498
0.073707
0.020436
0.028785
0.023129
0.045977
0.042374
0.021289
0.020218
0.030858
0.061999
0.018795
0.022528
0.027714
0.093787
0.424328
0.028120
0.020196
0.030490
0.018338
0.022805
0.040999
0.095321
0.025665
0.035568
0.048893
0.019024
0.026727
0.027701
0.051738
0.036580
0.024270
0.018834
0.042521
0.038247
0.045118
0.018250
0.030257
0.054877
0.041332
0.034625
0.080076
0.053933
0.063362
0.119384
0.057278
0.057322
0.039552
0.032765
0.013021
0.022652
0.111912
0.027155
0.053528
0.052353
0.036842
0.027894
0.044401
0.034328
0.066599
0.454961
0.038238
0.039761
0.023577
0.031166
0.085049
0.079803
0.102240
0.102709
0.016636
0.048964
0.040823
0.022148
0.028004
0.034673
0.032940
0.032869
0.049129
0.038686
0.035328
0.080205
0.043421
0.025955
0.033057
0.050924
0.027819
0.115981
0.023841
0.034216
0.094406
0.032202
0.124760
0.073303
0.043259
0.036626
0.025004
0.058172
0.052905
0.089094
0.117909
0.071207
0.058433
0.079033
0.169892
0.367058
0.083559
0.061014
0.078700
0.068913
0.030960
0.051664
0.160175
0.020685
0.103015
0.100536
0.060543
0.096332
0.086841
0.117625
0.080654
0.077095
0.045414
0.099290
0.103684
0.088931
0.032020
0.077427
0.118956
0.081533
0.093727
0.116522
0.135258
0.150185
0.152742
0.134748
0.036129
0.070332
0.074746
0.066906
0.074519
0.021086
0.023977
0.040624
0.017312
0.021250
0.024405
0.084821
0.412254
0.029435
0.013771
0.019275
0.027332
0.039687
0.059497
0.117763
0.047377
0.023645
0.032304
0.029670
0.025898
0.024233
0.041911
0.022418
0.021713
0.028961
0.042492
0.023630
0.075068
0.014525
0.023651
0.047325
0.044730
0.028620
0.124386
0.042086
0.061020
0.085267
0.045499
0.054863
0.062293
0.038428
0.019789
0.016720
0.014769
0.048966
0.024651
0.017619
0.012467
0.074704
0.419371
0.021826
0.014736
0.023654
0.020018
0.037836
0.063424
0.121955
0.042745
0.033124
0.024931
0.020528
0.026374
0.017619
0.033761
0.022785
0.025188
0.013297
0.030863
0.021251
0.086554
0.023671
0.019567
0.039199
0.025365
0.039442
0.123202
0.044205
0.058299
0.102114
0.049389
0.069893
0.060342
0.021251
0.011326
0.023020
0.042818
0.027601
0.024246
0.018007
0.072171
0.438315
0.029125
0.018568
0.030744
0.028245
0.051638
0.080703
0.124972
0.058888
0.034308
0.020085
0.027696
0.030684
0.021607
0.035505
0.022732
0.032826
0.025848
0.037321
0.013041
0.095984
0.040316
0.027301
0.046106
0.042880
0.045582
0.146600
0.041210
0.053455
0.100366
0.050632
0.081284
0.073418
0.036869
0.015687
0.031325
0.047567
0.056727
0.037667
0.035523
0.370005
0.035145
0.042131
0.044467
0.039541
0.085611
0.088100
0.167504
0.101019
0.028022
0.032566
0.063370
0.038004
0.042130
0.042303
0.048461
0.061770
0.046513
0.052242
0.034403
0.125858
0.047843
0.028616
0.055303
0.044032
0.063876
0.166865
0.039618
0.040135
0.051698
0.059004
0.127840
0.118045
0.058812
0.046757
0.046376
0.013825
0.015900
0.077594
0.477925
0.026257
0.018549
0.011442
0.011376
0.042228
0.058316
0.084938
0.055019
0.012974
0.038084
0.013990
0.012078
0.014348
0.030426
0.015482
0.009085
0.023101
0.021885
0.023112
0.052694
0.023405
0.017522
0.032234
0.037081
0.011609
0.093316
0.030483
0.044183
0.110281
0.029589
0.078490
0.040723
0.020417
0.012793
0.008336
0.018242
0.084505
0.452858
0.026785
0.014724
0.018939
0.018334
0.035090
0.054322
0.101423
0.044588
0.029384
0.029321
0.010038
0.025717
0.016690
0.037671
0.016138
0.018209
0.016018
0.026566
0.022690
0.067507
0.025753
0.020096
0.043069
0.027138
0.027577
0.110440
0.048556
0.067271
0.116107
0.045286
0.070211
0.043852
0.025829
0.013640
0.017626
0.046628
0.453107
0.014270
0.019495
0.015153
0.009927
0.059778
0.067598
0.094116
0.071542
0.013631
0.027432
0.014753
0.013600
0.011157
0.014261
0.013404
0.013828
0.018534
0.018404
0.017881
0.086233
0.033132
0.011791
0.018784
0.020927
0.023096
0.118802
0.019874
0.029808
0.105805
0.024881
0.101520
0.049713
0.012038
0.010669
0.012619
0.423672
0.044557
0.077630
0.070719
0.052766
0.147806
0.118576
0.147252
0.163491
0.044781
0.068008
0.083158
0.050400
0.063785
0.037261
0.076882
0.073654
0.075440
0.065092
0.060805
0.165625
0.096020
0.045467
0.047210
0.045192
0.082810
0.187852
0.035481
0.029232
0.115466
0.051914
0.206818
0.126971
0.062242
0.068829
0.068966
0.409495
0.390236
0.478532
0.450688
0.402726
0.361210
0.653860
0.377915
0.472946
0.387474
0.471333
0.481102
0.464449
0.491530
0.486257
0.501054
0.405569
0.478822
0.435601
0.531408
0.389277
0.438121
0.510903
0.398783
0.539809
0.550342
0.497544
0.497245
0.268952
0.541373
0.393002
0.540129
0.471988
0.442621
0.482874
0.015927
0.033873
0.015353
0.054923
0.071812
0.122044
0.068801
0.021869
0.028344
0.027344
0.020614
0.017876
0.028358
0.035477
0.025879
0.025894
0.030794
0.023451
0.091795
0.032847
0.023889
0.040667
0.015298
0.039100
0.122806
0.030284
0.034385
0.088683
0.037717
0.105478
0.069235
0.028919
0.014868
0.021536
0.027878
0.020123
0.033072
0.061873
0.136856
0.040348
0.028632
0.017409
0.022614
0.025920
0.015857
0.044060
0.027633
0.026056
0.020475
0.031537
0.014105
0.081052
0.020926
0.024039
0.051766
0.024867
0.040967
0.127537
0.044631
0.059041
0.074132
0.051854
0.063855
0.070782
0.033080
0.010080
0.022760
0.016777
0.062583
0.065059
0.088610
0.075345
0.013974
0.035213
0.019290
0.012894
0.012233
0.016768
0.010328
0.013557
0.022398
0.019190
0.024991
0.077553
0.026784
0.009102
0.016039
0.036803
0.013101
0.110272
0.021458
0.042328
0.113930
0.024273
0.099286
0.048993
0.014955
0.018808
0.010577
0.047482
0.049305
0.084171
0.059267
0.013947
0.036794
0.011442
0.011545
0.012983
0.024445
0.023977
0.014193
0.015385
0.015628
0.025100
0.057935
0.026909
0.011828
0.025822
0.021002
0.022987
0.084401
0.025299
0.030209
0.108141
0.029678
0.094663
0.041488
0.013568
0.012573
0.013119
0.055866
0.152722
0.009698
0.074385
0.064186
0.038556
0.068845
0.055727
0.097498
0.060530
0.059785
0.034130
0.072871
0.062205
0.060753
0.025909
0.063160
0.108540
0.065326
0.072130
0.098378
0.108078
0.119381
0.120436
0.111160
0.032586
0.069169
0.065574
0.037732
0.054383
0.113318
0.053967
0.076524
0.090805
0.050838
0.072652
0.078357
0.095505
0.078776
0.067502
0.039814
0.077578
0.086676
0.059084
0.045747
0.058856
0.096370
0.073805
0.078911
0.079901
0.102935
0.113524
0.136412
0.106052
0.081777
0.059964
0.069584
0.065634
0.064322
0.166642
0.090060
0.173369
0.074194
0.085516
0.108841
0.090702
0.093115
0.065574
0.116904
0.100410
0.133371
0.066448
0.133320
0.103454
0.078436
0.139833
0.062886
0.068061
0.093794
0.102687
0.291393
0.077319
0.189324
0.029673
0.085242
0.107227
0.079913
0.093032
0.073611
0.050827
0.081594
0.070046
0.115535
0.071992
0.071260
0.037046
0.087602
0.075214
0.069973
0.028139
0.073253
0.122354
0.075508
0.087654
0.114471
0.126905
0.139642
0.129875
0.126948
0.021689
0.075073
0.078176
0.047230
0.067327
0.037771
0.027407
0.007949
0.016731
0.018485
0.021787
0.014065
0.036295
0.024588
0.022501
0.076630
0.037176
0.014705
0.020014
0.034009
0.014817
0.111949
0.013304
0.021076
0.098564
0.017551
0.117336
0.059454
0.024339
0.021693
0.009992
0.040954
0.035332
0.018903
0.040344
0.029667
0.047177
0.030664
0.032348
0.012352
0.126886
0.043332
0.026757
0.053963
0.026057
0.058686
0.169988
0.047400
0.064895
0.054145
0.058446
0.104651
0.104052
0.042567
0.023029
0.037152
0.023771
0.017138
0.034662
0.018534
0.014876
0.017811
0.022512
0.029935
0.052172
0.032073
0.022067
0.034559
0.030387
0.025070
0.079072
0.043141
0.054794
0.132810
0.042347
0.082116
0.027302
0.016786
0.013855
0.017325
0.010493
0.016284
0.020554
0.011553
0.030302
0.015912
0.021212
0.071424
0.036096
0.012305
0.019242
0.029521
0.013141
0.103360
0.014641
0.025900
0.106063
0.012268
0.113671
0.052990
0.019593
0.015040
0.007705
0.018795
0.014511
0.016680
0.020781
0.012194
0.011757
0.086854
0.032359
0.011724
0.022737
0.020164
0.022843
0.120530
0.021229
0.037048
0.094846
0.024073
0.105915
0.060287
0.014639
0.007374
0.012144
0.018675
0.024340
0.037447
0.020875
0.030364
0.116839
0.055105
0.015975
0.010020
0.033376
0.025906
0.137627
0.009175
0.024272
0.123416
0.017669
0.150551
0.064438
0.015395
0.026268
0.022528
0.016946
0.024211
0.020621
0.021061
0.088319
0.035547
0.017680
0.025301
0.040449
0.017686
0.127663
0.030098
0.051310
0.112882
0.031135
0.092284
0.046610
0.019291
0.017519
0.015027
0.032336
0.024743
0.029887
0.061188
0.032936
0.022077
0.023899
0.037579
0.008586
0.093331
0.028633
0.043460
0.135370
0.018394
0.093216
0.031636
0.017131
0.015687
0.005312
0.028616
0.029848
0.074248
0.018959
0.015462
0.043032
0.025982
0.039997
0.110362
0.047998
0.060248
0.103040
0.056765
0.072940
0.052335
0.022646
0.015961
0.026969
0.026977
0.089024
0.049935
0.017465
0.027669
0.026584
0.029713
0.107964
0.027014
0.044426
0.103893
0.030120
0.125046
0.057587
0.014644
0.022884
0.021675
0.101021
0.043082
0.021494
0.037932
0.032740
0.038239
0.153004
0.028835
0.042585
0.078462
0.037674
0.098331
0.085003
0.034081
0.014646
0.025751
0.069942
0.086841
0.106071
0.110443
0.060022
0.033521
0.110858
0.113268
0.202707
0.099081
0.090117
0.043337
0.089316
0.077005
0.065002
0.028372
0.058584
0.040761
0.038462
0.110099
0.061446
0.075312
0.095564
0.061825
0.048218
0.062563
0.039629
0.024963
0.026077
0.017140
0.020477
0.025700
0.120577
0.018833
0.031726
0.093431
0.026969
0.107315
0.059236
0.015078
0.017276
0.014919
0.039964
0.025073
0.129547
0.011399
0.022673
0.145951
0.016460
0.156554
0.061670
0.016285
0.032919
0.025906
0.053088
0.131487
0.041601
0.048254
0.088533
0.048060
0.123157
0.078386
0.023498
0.022554
0.033308
0.096552
0.027593
0.043239
0.146398
0.015824
0.108017
0.037226
0.026890
0.027167
0.008299
0.140499
0.144268
0.240860
0.131500
0.150455
0.052666
0.102249
0.113606
0.097544
0.010386
0.117620
0.016063
0.159080
0.076571
0.025692
0.030866
0.025649
0.131000
0.026924
0.177506
0.090876
0.040171
0.043187
0.041750
0.144977
0.150811
0.205478
0.126274
0.101582
0.110925
0.155148
0.064691
0.031669
0.035835
0.017807
0.099247
0.117850
0.083213
0.090848
0.043352
0.051995
0.038494
0.016444
0.019551
0.014491
