0.648168
0.796027
0.660812
0.672453
0.463214
0.564977
0.694677
0.763387
0.526459
0.776798
0.584556
0.673249
0.640374
0.691025
0.683919
0.828625
0.660535
0.394425
0.658790
0.641659
0.588347
0.678343
0.682279
0.479095
0.681523
0.387331
0.568681
0.649277
0.683889
0.765474
0.483125
0.561012
0.710807
0.686372
0.565754
0.475998
0.585644
0.718192
0.590046
0.603060
0.804448
0.624681
0.560042
0.665799
0.572455
0.635361
0.720763
0.607235
0.525703
0.874939
0.672426
0.707900
0.568925
0.694926
0.546632
0.779359
0.529643
0.863797
0.642659
0.691143
0.717055
0.605544
0.540556
0.745867
0.536567
0.511405
0.516117
0.603271
0.738993
0.704265
0.587964
0.626958
0.608889
0.661886
0.821082
0.511881
0.726858
0.657770
0.717857
0.753116
0.613486
0.592806
0.599265
0.618395
0.643816
0.635575
0.637706
0.705866
0.755236
0.321566
0.683733
0.659320
0.524677
0.797692
0.646608
0.651221
0.600137
0.812814
0.868728
0.786256
0.796084
0.821586
0.841534
0.887601
0.861237
0.764511
0.918759
0.772376
0.787486
0.938879
0.856213
0.906173
0.748943
0.836453
0.721511
0.808650
0.733432
0.758851
0.875838
0.852873
0.798356
0.934462
0.769400
0.926458
0.664478
0.909306
0.856574
0.786807
0.802970
0.816056
0.742328
0.835927
0.857000
0.876203
0.885733
0.757067
0.834991
0.750717
0.868546
0.856874
0.833238
0.849584
0.738635
0.856233
0.559614
0.504925
0.572243
0.717882
0.706665
0.613939
0.808081
0.589143
0.715609
0.694044
0.688482
0.682108
0.698507
0.691803
0.609070
0.632303
0.534883
0.552720
0.573169
0.564965
0.813552
0.645096
0.757739
0.551477
0.636343
0.668369
0.737206
0.423685
0.465228
0.792247
0.714140
0.692113
0.449338
0.626312
0.538117
0.629057
0.669072
0.789853
0.634349
0.652990
0.526856
0.616206
0.690302
0.657670
0.520123
0.676624
0.578056
0.684161
0.739903
0.720839
0.636218
0.769920
0.688640
0.675424
0.587432
0.700837
0.709685
0.762983
0.752418
0.645036
0.701396
0.631480
0.664244
0.593913
0.689388
0.845135
0.593296
0.851924
0.711953
0.678269
0.670914
0.770171
0.525124
0.671004
0.714950
0.697646
0.674039
0.541851
0.624910
0.681051
0.665520
0.617104
0.783631
0.713547
0.716814
0.458835
0.555770
0.581502
0.652859
0.677520
0.675192
0.518464
0.590037
0.600231
0.438259
0.761114
0.515780
0.571979
0.497556
0.409559
0.567535
0.575120
0.571906
0.412277
0.524515
0.402826
0.453948
0.519652
0.388498
0.638802
0.439024
0.630314
0.612207
0.484470
0.629434
0.581943
0.473834
0.515235
0.689196
0.507125
0.470484
0.380118
0.495165
0.496275
0.597132
0.528444
0.761477
0.507790
0.486341
0.397052
0.503650
0.515495
0.711615
0.436446
0.569633
0.518132
0.708515
0.570524
0.715189
0.699547
0.736539
0.690270
0.512965
0.578413
0.659652
0.631459
0.513456
0.462369
0.505964
0.598750
0.722671
0.524014
0.657587
0.592389
0.660068
0.357558
0.429307
0.680222
0.530596
0.608922
0.445142
0.553284
0.467044
0.643847
0.504748
0.581149
0.582157
0.556194
0.472545
0.697997
0.631401
0.687615
0.586364
0.560793
0.699273
0.604326
0.620785
0.613128
0.684308
0.588169
0.774745
0.713974
0.790556
0.773317
0.542123
0.662500
0.674048
0.619504
0.506870
0.525136
0.514785
0.737268
0.798307
0.528480
0.717047
0.643658
0.727952
0.766521
0.332284
0.702951
0.478812
0.713788
0.697634
0.667696
0.543217
0.655402
0.567516
0.599146
0.721557
0.558655
0.601318
0.664398
0.554490
0.715521
0.649376
0.566880
0.741361
0.633224
0.634647
0.577578
0.549885
0.662075
0.714039
0.670373
0.779891
0.599154
0.746667
0.387288
0.775268
0.600809
0.711799
0.565881
0.743799
0.787471
0.532548
0.865509
0.754100
0.865772
0.764171
0.581622
0.737515
0.670833
0.706752
0.707126
0.815019
0.650922
0.714748
0.534518
0.608030
0.787035
0.817433
0.653384
0.862502
0.711391
0.619327
0.653246
0.646416
0.746166
0.754168
0.488567
0.656941
0.685192
0.590672
0.385566
0.544550
0.549980
0.433098
0.518163
0.506240
0.427770
0.475901
0.495188
0.523256
0.583009
0.450975
0.639744
0.516926
0.666833
0.583441
0.512973
0.430698
0.619231
0.576546
0.588401
0.516671
0.524674
0.499198
0.383413
0.465496
0.559173
0.568901
0.497788
0.767283
0.513400
0.596360
0.470169
0.500102
0.603599
0.462219
0.467880
0.481773
0.897169
0.751674
0.886802
0.673973
0.785892
0.646442
0.842946
0.713551
0.778251
0.676125
0.844030
0.832262
0.731407
0.838866
0.800643
0.872277
0.878599
0.718502
0.765793
0.677016
0.851694
0.886100
0.774557
0.707109
0.760047
0.781016
0.822480
0.747448
0.759511
0.783666
0.915987
0.793216
0.765701
0.713403
0.741181
0.826452
0.736955
0.764842
0.751947
0.714765
0.593477
0.682190
0.695805
0.694794
0.752697
0.604133
0.640203
0.572774
0.550836
0.596130
0.600635
0.677997
0.635293
0.595927
0.689278
0.665302
0.692991
0.727018
0.629675
0.602796
0.779574
0.695906
0.610071
0.466338
0.592269
0.683667
0.655218
0.631397
0.840424
0.650274
0.629602
0.596816
0.647033
0.660193
0.766822
0.578308
0.624038
0.609470
0.676119
0.475978
0.603734
0.715235
0.679741
0.702834
0.623681
0.651503
0.588956
0.553989
0.701585
0.716187
0.768496
0.777548
0.685576
0.456409
0.764718
0.761236
0.691233
0.551283
0.663094
0.549275
0.588904
0.652921
0.666737
0.715876
0.635632
0.939710
0.643684
0.569115
0.548010
0.660246
0.683770
0.544956
0.596836
0.684934
0.659624
0.722793
0.747645
0.683856
0.691853
0.686526
0.574811
0.560708
0.385112
0.622594
0.745362
0.574267
0.682242
0.575102
0.679459
0.714452
0.754208
0.646244
0.627050
0.750561
0.700136
0.463013
0.574509
0.662846
0.607736
0.704550
0.555800
0.896007
0.693832
0.596556
0.528461
0.648994
0.677786
0.811151
0.494110
0.726929
0.619889
0.542710
0.609796
0.526555
0.557757
0.392198
0.574829
0.646963
0.425058
0.634841
0.501990
0.697661
0.712370
0.441518
0.675847
0.528424
0.672122
0.731184
0.659456
0.491982
0.548388
0.565910
0.555520
0.552092
0.562046
0.623534
0.681857
0.523475
0.544588
0.454950
0.552728
0.799665
0.694861
0.542225
0.649156
0.645185
0.626344
0.568423
0.532272
0.642807
0.735352
0.700132
0.627197
0.633414
0.643872
0.700778
0.761780
0.608864
0.465032
0.678985
0.737253
0.580188
0.455301
0.492186
0.578726
0.625736
0.640008
0.710799
0.625597
0.642859
0.804432
0.499130
0.688617
0.639273
0.537320
0.821508
0.508398
0.642762
0.635522
0.789529
0.613255
0.655267
0.434212
0.738138
0.683914
0.464198
0.810725
0.663744
0.854481
0.776475
0.515334
0.676523
0.643514
0.680047
0.724559
0.703528
0.567139
0.618683
0.533009
0.603985
0.698101
0.759670
0.694102
0.815031
0.644667
0.598685
0.582789
0.662772
0.779783
0.660740
0.454188
0.643841
0.625999
0.613927
0.617174
0.706594
0.741978
0.618626
0.653144
0.649126
0.674041
0.690593
0.596429
0.751673
0.767518
0.731335
0.680451
0.690942
0.665260
0.709421
0.645859
0.640428
0.633589
0.593261
0.646033
0.803821
0.580701
0.633611
0.650551
0.603022
0.834506
0.730490
0.664378
0.716200
0.499266
0.492195
0.551860
0.636210
0.566371
0.677888
0.513664
0.647501
0.589338
0.427579
0.590744
0.598807
0.554857
0.572728
0.562732
0.489641
0.546649
0.478220
0.570785
0.628535
0.512169
0.598394
0.677151
0.516165
0.598422
0.553214
0.465142
0.654726
0.638251
0.520031
0.418077
0.499737
0.430843
0.658979
0.551628
0.699279
0.422695
0.683888
0.650215
0.509715
0.752850
0.574403
0.597571
0.487401
0.501276
0.451568
0.594508
0.485302
0.608551
0.525551
0.596286
0.590404
0.709517
0.538960
0.735112
0.613516
0.476866
0.688386
0.640718
0.583715
0.622001
0.550143
0.523442
0.384213
0.669667
0.490415
0.697789
0.709622
0.406863
0.653830
0.533677
0.541464
0.617875
0.652707
0.519229
0.461533
0.463458
0.465014
0.550786
0.558830
0.554083
0.736969
0.539184
0.454678
0.419809
0.497306
0.641969
0.673849
0.404016
0.521102
0.518408
0.575714
0.758834
0.426380
0.696580
0.525275
0.602719
0.690521
0.750140
0.564510
0.568769
0.673155
0.654653
0.547659
0.490822
0.646233
0.495075
0.590372
0.604620
0.762249
0.707597
0.670711
0.540123
0.647199
0.695867
0.763025
0.502788
0.580865
0.653465
0.760035
0.632583
0.741383
0.762138
0.672582
0.641622
0.721716
0.620657
0.658139
0.760083
0.698980
0.441494
0.589210
0.666521
0.582342
0.734837
0.640000
0.907372
0.668170
0.607535
0.443211
0.622918
0.709329
0.762273
0.522200
0.650100
0.716904
0.569058
0.741935
0.661004
0.337757
0.681926
0.477503
0.663602
0.595167
0.689695
0.505026
0.561113
0.428665
0.476650
0.560305
0.666372
0.573197
0.752899
0.543845
0.545441
0.466881
0.534495
0.565638
0.634161
0.420982
0.596438
0.737984
0.250055
0.777630
0.606587
0.745805
0.800758
0.730086
0.774917
0.669772
0.761446
0.629835
0.705803
0.638503
0.699783
0.630794
0.730517
0.872699
0.621371
0.654830
0.722655
0.719879
0.830130
0.742553
0.731020
0.722788
0.772329
0.686350
0.510440
0.727081
0.694331
0.566723
0.659058
0.564715
0.628579
0.587806
0.563184
0.622798
0.336477
0.483122
0.512532
0.666353
0.604519
0.718810
0.446803
0.598735
0.723577
0.700533
0.559443
0.610832
0.706305
0.689174
0.797558
0.813564
0.689902
0.697780
0.807651
0.832177
0.622446
0.629901
0.625165
0.764261
0.659362
0.738631
0.952859
0.588752
0.651426
0.787075
0.703253
0.827088
0.812424
0.693662
0.713724
0.676525
0.751265
0.814947
0.622838
0.431931
0.820858
0.704985
0.714197
0.567474
0.720805
0.655451
0.666586
0.520284
0.838683
0.820004
0.739267
0.684476
0.709821
0.737461
0.793163
0.608644
0.695343
0.627869
0.373764
0.608592
0.666121
0.596510
0.546227
0.611218
0.509619
0.525464
0.593670
0.534120
0.569849
0.643256
0.477895
0.610969
0.523151
0.488360
0.678882
0.562617
0.445983
0.496058
0.749350
0.740142
0.808176
0.583300
0.615408
0.641811
0.643733
0.668325
0.731677
0.621074
0.642128
0.822271
0.663299
0.695858
0.527493
0.650209
0.727387
0.413067
0.658137
0.586975
0.759030
0.711488
0.715747
0.554532
0.750844
0.608297
0.697185
0.764091
0.690849
0.670869
0.748884
0.543624
0.690754
0.650690
0.560450
0.740102
0.458058
0.650717
0.640248
0.561535
0.702237
0.766180
0.603233
0.397723
0.554082
0.602094
0.611743
0.597546
0.743187
0.656289
0.693710
0.502386
0.510202
0.604736
0.693992
0.586349
0.562217
0.648470
0.529632
0.650317
0.450550
0.659994
0.682225
0.694245
0.616897
0.906964
0.742770
0.653583
0.653981
0.594621
0.608305
0.749407
0.581289
0.645248
0.506834
0.699801
0.672688
0.705224
0.637978
0.596933
0.664617
0.702247
0.663984
0.759984
0.653008
0.572186
0.788675
0.477072
0.727534
0.654580
0.570352
0.572304
0.636829
0.632492
0.646775
0.605456
0.766172
0.628096
0.670883
0.588274
0.531643
0.725022
0.635567
0.606797
0.602845
0.504174
0.592115
0.616626
0.648586
0.588056
0.839436
0.622528
0.552783
0.490863
0.606055
0.714539
0.749898
0.510938
0.512808
0.416527
0.639352
0.669773
0.534557
0.750187
0.563806
0.561813
0.507659
0.549049
0.428564
0.616009
0.431085
0.449167
0.674065
0.674868
0.652248
0.778768
0.543346
0.532058
0.633387
0.516939
0.634789
0.623656
0.515193
0.430559
0.564583
0.617768
0.767584
0.667125
0.728127
0.483494
0.651296
0.765654
0.705667
0.616150
0.704272
0.639816
0.655769
0.578009
0.730660
0.521473
0.573524
0.800300
0.637526
0.645148
0.607958
0.777077
0.634048
0.688606
0.551072
0.605224
0.682071
0.679999
0.630937
0.618258
0.736521
0.857186
0.787854
0.737371
0.941818
0.712174
0.776294
0.761171
0.577350
0.607237
0.551453
0.771084
0.613552
0.597539
0.586723
0.571508
0.687746
0.794695
0.725836
0.480394
0.604937
0.518460
0.656721
0.634391
0.524070
0.595858
0.653286
0.621454
0.612710
0.515471
0.811856
0.651207
0.697767
0.692239
0.565124
0.569022
