0.602626
0.742356
0.777414
0.821674
0.855395
0.737480
0.668115
0.766680
0.779761
0.728388
0.559929
0.814004
0.780123
0.745317
0.693341
0.680897
0.769665
0.966113
0.714481
0.772559
0.817995
0.799312
0.741635
0.759970
0.702863
0.856594
0.836676
0.729605
0.810218
0.730188
0.816675
0.850004
0.776852
0.654898
0.608512
0.733665
0.769796
0.866310
0.775305
0.791536
0.748743
0.765647
0.668741
0.746289
0.762337
0.782043
0.948555
0.759707
0.720466
0.734448
0.544426
0.758833
0.882306
0.645107
0.669123
0.702661
0.884960
0.642150
0.660004
0.770352
0.764334
0.742483
0.708042
0.843170
0.705633
0.851588
0.794184
0.570835
0.701487
0.828963
0.789931
0.729877
0.641253
0.890596
0.766308
0.702109
0.731975
0.703298
0.863415
0.879024
0.671309
0.705718
0.652907
0.599689
0.682513
0.778830
0.681892
0.728615
0.689649
0.754434
0.582965
0.666681
0.658948
0.692332
0.862248
0.763485
0.714529
0.644730
0.827881
0.864043
0.592708
0.658793
0.739348
0.721778
0.632843
0.649015
0.694744
0.653779
0.608470
0.625475
0.535755
0.598964
0.810715
0.665751
0.534216
0.742009
0.643649
0.755592
0.640870
0.613668
0.816788
0.604736
0.594908
0.691082
0.747603
0.647884
0.873675
0.757530
0.509742
0.805190
0.624626
0.726952
0.818362
0.718910
0.718165
0.805208
0.607126
0.573335
0.683706
0.781635
0.688949
0.800279
0.612994
0.744887
0.690803
0.788441
0.490855
0.513268
0.563728
0.615292
0.448543
0.578920
0.685940
0.547201
0.475064
0.518881
0.690861
0.622137
0.771343
0.611522
0.489670
0.572444
0.595889
0.632948
0.543606
0.554523
0.688891
0.525183
0.443681
0.668852
0.576185
0.678475
0.780112
0.598539
0.591009
0.712309
0.437083
0.640575
0.832711
0.567168
0.706156
0.554980
0.545406
0.505159
0.631892
0.528616
0.521273
0.746285
0.519203
0.529257
0.770356
0.595815
0.480334
0.702351
0.826228
0.610364
0.640991
0.732642
0.458692
0.562950
0.545139
0.790297
0.808267
0.883397
0.612045
0.616753
0.721498
0.766819
0.763435
0.709359
0.536399
0.629203
0.837730
0.578952
0.671664
0.685887
0.816756
0.840829
0.665333
0.808064
0.723369
0.702610
0.699810
0.713247
0.623616
0.820955
0.719697
0.492964
0.738727
0.734606
0.555871
0.649541
0.695991
0.592548
0.490563
0.646618
0.797116
0.814379
0.748471
0.712355
0.669985
0.796266
0.774395
0.745962
0.644586
0.805392
0.757562
0.857724
0.658934
0.661973
0.775152
0.770296
0.633325
0.740125
0.638777
0.781255
0.811240
0.672610
0.880322
0.632111
0.764901
0.897038
0.843947
0.735649
0.888164
0.695497
0.831882
0.870338
0.687563
0.752606
0.633609
0.738701
0.837049
0.797591
0.738207
0.771427
0.774376
0.852521
0.589984
0.483933
0.543108
0.611126
0.444626
0.510035
0.586746
0.501982
0.431962
0.381150
0.450638
0.561137
0.742400
0.473268
0.449374
0.563270
0.552936
0.605603
0.497686
0.390327
0.621873
0.603462
0.303229
0.635433
0.522504
0.585015
0.750746
0.647833
0.475327
0.694747
0.418015
0.572250
0.773253
0.508543
0.656019
0.650492
0.490571
0.551469
0.565229
0.580703
0.512769
0.682262
0.539586
0.379496
0.531256
0.546699
0.422800
0.572398
0.636399
0.397349
0.448898
0.452556
0.650956
0.610303
0.759311
0.494470
0.487337
0.655620
0.544612
0.544319
0.561007
0.487716
0.629121
0.559515
0.381022
0.645054
0.532713
0.669060
0.792600
0.592228
0.652801
0.645747
0.498466
0.533306
0.746591
0.550282
0.768353
0.613361
0.449601
0.520688
0.594367
0.525474
0.602208
0.714359
0.378620
0.413344
0.637308
0.425826
0.614761
0.514893
0.433233
0.404905
0.458904
0.618977
0.497957
0.511149
0.598330
0.534895
0.505588
0.397404
0.582710
0.546825
0.427016
0.513716
0.527242
0.474097
0.656305
0.581847
0.554894
0.706518
0.637642
0.604690
0.637683
0.444286
0.605755
0.766149
0.469304
0.645634
0.573107
0.602179
0.582094
0.492663
0.598700
0.508825
0.666670
0.643811
0.544755
0.493812
0.597790
0.696725
0.602477
0.550327
0.474210
0.626467
0.494908
0.783898
0.556241
0.605304
0.658201
0.638400
0.586817
0.614943
0.568181
0.631341
0.597680
0.502577
0.797105
0.656337
0.477025
0.812169
0.777453
0.389271
0.806055
0.482764
0.814404
0.885345
0.592987
0.624013
0.682013
0.608255
0.555433
0.560754
0.695061
0.705998
0.617693
0.671408
0.565574
0.516805
0.564067
0.417953
0.428928
0.408239
0.568960
0.566606
0.694400
0.474826
0.419416
0.526210
0.553634
0.624635
0.461736
0.438371
0.576205
0.427276
0.368273
0.629580
0.529560
0.534737
0.725639
0.584884
0.501668
0.649774
0.184739
0.597698
0.803438
0.396260
0.627384
0.604271
0.506600
0.501438
0.531372
0.517974
0.493285
0.739797
0.535862
0.400001
0.623029
0.626661
0.515495
0.476400
0.387972
0.572612
0.841185
0.544548
0.516637
0.661651
0.584894
0.527246
0.617182
0.501938
0.649939
0.617520
0.485320
0.678231
0.594858
0.613514
0.787791
0.548441
0.381437
0.674879
0.540654
0.633030
0.791201
0.524460
0.678178
0.614217
0.524729
0.540711
0.558329
0.585318
0.558938
0.721022
0.552186
0.586276
0.642118
0.645913
0.525078
0.683318
0.615195
0.415907
0.624430
0.596248
0.574272
0.577332
0.611082
0.623332
0.507654
0.553557
0.686131
0.561496
0.720991
0.667148
0.635934
0.766628
0.659066
0.628794
0.758008
0.575894
0.687735
0.846045
0.559710
0.725762
0.655049
0.681785
0.744189
0.588596
0.684687
0.566673
0.717314
0.732608
0.576621
0.284491
0.385387
0.634892
0.573200
0.697758
0.470716
0.464330
0.582790
0.597566
0.635720
0.552517
0.426518
0.573854
0.598748
0.346274
0.660263
0.546478
0.636617
0.787776
0.688737
0.638794
0.704109
0.516438
0.595920
0.728248
0.509899
0.727601
0.685761
0.399733
0.586121
0.610503
0.616657
0.553973
0.698228
0.377167
0.363366
0.391075
0.547960
0.525145
0.643194
0.471278
0.456220
0.553829
0.539086
0.582169
0.543531
0.415769
0.516589
0.567403
0.325052
0.640609
0.492203
0.601560
0.795137
0.621790
0.531472
0.699164
0.485714
0.591465
0.806103
0.526157
0.656345
0.657099
0.434737
0.487413
0.605951
0.620307
0.538531
0.681915
0.408604
0.428464
0.491907
0.560682
0.713603
0.283119
0.443513
0.568127
0.508243
0.446401
0.271339
0.345416
0.428363
0.602040
0.329144
0.637882
0.429278
0.534867
0.726377
0.604344
0.468967
0.576721
0.433780
0.621643
0.772826
0.433306
0.580691
0.556912
0.416128
0.518634
0.440395
0.563790
0.508587
0.645957
0.500436
0.325223
0.540817
0.761073
0.586159
0.604041
0.737039
0.451180
0.619714
0.566954
0.558678
0.689458
0.615092
0.468922
0.696358
0.624923
0.510644
0.731983
0.664393
0.390109
0.766999
0.561440
0.760931
0.840777
0.537540
0.633046
0.713311
0.555194
0.552343
0.604080
0.732073
0.641421
0.793566
0.642385
0.609857
0.627078
0.636203
0.507981
0.611830
0.562870
0.493428
0.633516
0.515454
0.706282
0.459743
0.543267
0.720330
0.581374
0.405381
0.855779
0.641150
0.398555
0.792148
0.493903
0.652966
0.767924
0.602122
0.539926
0.600670
0.668833
0.544114
0.603336
0.705713
0.649931
0.493271
0.700636
0.675778
0.778491
0.736666
0.670359
0.600765
0.758662
0.760888
0.677982
0.682915
0.719647
0.676741
0.732602
0.731963
0.693341
0.802433
0.764175
0.759186
0.830064
0.683618
0.768002
0.921523
0.668141
0.803782
0.757621
0.790888
0.767731
0.765529
0.769562
0.660260
0.761529
0.817919
0.724025
0.496217
0.582869
0.593651
0.620712
0.412355
0.358295
0.539936
0.647807
0.374650
0.691859
0.529415
0.590745
0.771228
0.710749
0.563981
0.706815
0.509964
0.544285
0.890989
0.500643
0.659041
0.662020
0.435086
0.595221
0.594990
0.632739
0.645096
0.672623
0.440944
0.340086
0.555441
0.606575
0.628034
0.573833
0.402706
0.625049
0.513725
0.403599
0.606548
0.568402
0.635715
0.682933
0.557313
0.514220
0.694233
0.385007
0.570111
0.714369
0.453691
0.567798
0.622346
0.547137
0.558945
0.573958
0.564903
0.608300
0.635997
0.550355
0.474500
0.540426
0.689220
0.681929
0.475879
0.667530
0.571262
0.487269
0.751198
0.619504
0.623825
0.687672
0.644006
0.627879
0.770067
0.509089
0.655600
0.854857
0.591507
0.670893
0.687514
0.687135
0.756940
0.642960
0.606226
0.570015
0.651742
0.686502
0.577437
0.626133
0.603732
0.497366
0.525782
0.567021
0.490319
0.621660
0.601717
0.524226
0.728959
0.639948
0.579401
0.727066
0.510899
0.645104
0.819358
0.414134
0.690192
0.614987
0.583236
0.563065
0.498225
0.606044
0.533171
0.631821
0.602647
0.589600
0.595465
0.553340
0.712685
0.575809
0.542407
0.828497
0.447652
0.480440
0.800100
0.646507
0.606984
0.746368
0.628605
0.682001
0.829635
0.661091
0.665117
0.410553
0.644650
0.670719
0.574989
0.630943
0.653738
0.699892
0.702939
0.617014
0.540731
0.592921
0.647216
0.449915
0.678179
0.521366
0.606217
0.829471
0.726664
0.550616
0.660693
0.442470
0.684812
0.838762
0.548081
0.717336
0.648559
0.535272
0.508226
0.495294
0.679394
0.623002
0.800962
0.642486
0.531521
0.497079
0.556669
0.337763
0.626828
0.495336
0.540202
0.712658
0.615691
0.503688
0.663246
0.470423
0.626533
0.775102
0.435454
0.521508
0.484223
0.504687
0.558915
0.461767
0.577314
0.525792
0.661605
0.559808
0.363333
0.700395
0.540744
0.684790
0.645368
0.705025
0.804497
0.769915
0.678018
0.761919
0.610830
0.747510
0.939382
0.527935
0.743887
0.720157
0.599476
0.692774
0.592977
0.665447
0.600936
0.726824
0.744518
0.508897
0.544027
0.767238
0.625300
0.582722
0.720655
0.683513
0.558382
0.776105
0.417845
0.637721
0.876324
0.591560
0.687455
0.586206
0.680884
0.568113
0.608784
0.606915
0.613016
0.733115
0.666010
0.680560
0.612069
0.487699
0.503635
0.716526
0.652611
0.474509
0.717582
0.373794
0.543424
0.872133
0.456638
0.685799
0.650308
0.381170
0.534824
0.548638
0.520489
0.500196
0.670627
0.390982
0.258780
0.784333
0.749967
0.803925
0.595706
0.752687
0.724988
0.645783
0.615742
0.770938
0.632524
0.778529
0.798997
0.656277
0.668668
0.695026
0.724651
0.577053
0.807961
0.626128
0.666935
0.590545
0.769744
0.702809
0.613856
0.730793
0.564901
0.711897
0.847775
0.548343
0.608677
0.511709
0.553000
0.586111
0.633511
0.596276
0.712785
0.756481
0.648480
0.509367
0.727892
0.720173
0.453028
0.783842
0.520463
0.814633
0.918017
0.549744
0.643365
0.582679
0.621742
0.639457
0.569344
0.714304
0.615059
0.644719
0.688542
0.627414
0.760356
0.804512
0.778426
0.694809
0.839219
0.879063
0.705489
0.861603
0.813348
0.751100
0.818608
0.778441
0.746863
0.764220
0.834255
0.879776
0.673429
0.663743
0.735810
0.628995
0.595472
0.726838
0.628003
0.665648
0.593513
0.683500
0.641554
0.704839
0.579629
0.559843
0.646848
0.613841
0.671546
0.731923
0.460207
0.726817
0.819017
0.512629
0.485265
0.675615
0.616863
0.424198
0.564550
0.667277
0.590193
0.627521
0.665846
0.601495
0.612791
0.753336
0.806929
0.639550
0.781886
0.691763
0.749198
0.668086
0.675640
0.698371
0.738049
0.901377
0.787135
0.687790
0.566271
0.773515
0.434187
0.572937
0.585635
0.529260
0.510478
0.454921
0.545339
0.550134
0.677527
0.609332
0.480825
0.694515
0.676251
0.729070
0.773746
0.625238
0.628646
0.684589
0.703236
0.595053
0.726439
0.537648
0.588083
0.790589
0.722465
0.809421
0.713436
0.808154
0.787338
0.817156
0.797605
0.711870
0.785330
0.807815
0.664850
0.629827
0.562934
0.525969
0.537937
0.393889
0.535002
0.764841
0.634997
0.420628
0.593432
0.748163
0.664191
0.662229
0.776143
0.745551
0.655082
0.771495
0.679800
0.656930
0.645389
0.597128
0.571390
0.664830
0.722564
0.733583
0.618671
0.546412
0.525100
0.563506
0.597548
0.676719
0.395454
0.383019
0.522437
0.738877
0.624311
0.759220
0.636624
0.628540
0.666991
0.572965
0.717678
0.728003
0.605554
0.664654
0.733575
0.605255
0.490794
0.739254
0.575042
0.574986
0.698290
0.717894
0.465870
