0.640232
0.862729
0.477315
0.751556
0.514059
0.580621
0.397633
0.513613
0.732827
0.306622
0.661662
0.509034
0.577066
0.646132
0.545147
0.499421
0.544422
0.682648
0.658015
0.543484
0.692382
0.610040
0.641906
0.656113
0.605192
0.501633
0.497772
0.676464
0.491553
0.627116
0.657515
0.566886
0.479038
0.437186
0.469382
0.675891
0.615234
0.485751
0.584783
0.467371
0.662025
0.811891
0.558609
0.505751
0.504228
0.606643
0.600168
0.667013
0.298566
0.755911
0.606081
0.604973
0.501979
0.635065
0.537906
0.660698
0.750209
0.668592
0.728383
0.706892
0.566082
0.649856
0.640732
0.520358
0.649571
0.607594
0.683397
0.532073
0.637567
0.535477
0.663324
0.627401
0.700655
0.664115
0.652759
0.608323
0.645163
0.719969
0.596767
0.611495
0.752658
0.662909
0.516530
0.653639
0.602600
0.529833
0.586052
0.672438
0.672704
0.733361
0.492431
0.639112
0.553056
0.494486
0.568256
0.741851
0.590080
0.838820
0.729862
0.718599
0.835277
0.671438
0.850425
0.709169
0.882860
0.870077
0.787401
0.813445
0.796499
0.824507
0.779529
0.748338
0.874152
0.932513
0.784096
0.715452
0.782672
0.934626
0.985635
0.846402
0.834116
0.800093
0.808940
0.833153
0.775741
0.760450
0.796741
0.895611
0.852739
0.780070
0.904812
0.863485
0.774855
0.767223
0.880638
0.805484
0.853059
0.833784
0.832382
0.716889
0.663420
0.822237
0.881197
0.838902
0.783695
0.615749
0.533240
0.542930
0.698219
0.745996
0.581425
0.695991
0.665815
0.691065
0.733896
0.651200
0.586243
0.691530
0.816183
0.741584
0.600309
0.654383
0.619874
0.711254
0.707063
0.717296
0.561757
0.570800
0.809690
0.659484
0.733351
0.600399
0.652499
0.712373
0.565937
0.376502
0.721927
0.655839
0.606731
0.732376
0.537408
0.722141
0.897485
0.620510
0.652913
0.652585
0.698243
0.595286
0.751651
0.429282
0.729042
0.711504
0.644702
0.817619
0.800427
0.788436
0.817600
0.807973
0.794215
0.781592
0.729646
0.698519
0.722614
0.794018
0.848017
0.773510
0.696770
0.739346
0.765610
0.957474
0.795893
0.736643
0.725514
0.684619
0.765232
0.693902
0.744854
0.703580
0.787865
0.781470
0.710504
0.720288
0.798750
0.697089
0.691581
0.715540
0.720585
0.839899
0.751459
0.825898
0.708615
0.685757
0.759875
0.817892
0.700095
0.635053
0.260625
0.565979
0.668175
0.474299
0.724964
0.632427
0.392007
0.613450
0.610446
0.388202
0.523535
0.467839
0.641781
0.423812
0.702696
0.537161
0.673114
0.626004
0.663843
0.601784
0.560654
0.573925
0.478120
0.661447
0.653259
0.692718
0.679613
0.585542
0.361115
0.739348
0.575486
0.432601
0.551397
0.524130
0.566157
0.536326
0.388001
0.444540
0.380721
0.448320
0.623461
0.658646
0.509141
0.564789
0.696753
0.842672
0.638877
0.664437
0.728528
0.733406
0.771788
0.676035
0.551443
0.681958
0.735641
0.708524
0.666160
0.678498
0.599727
0.552473
0.755761
0.569532
0.643008
0.590238
0.758329
0.623314
0.643382
0.583661
0.691033
0.706105
0.571236
0.462875
0.663432
0.348243
0.559824
0.674397
0.619946
0.600054
0.876413
0.628691
0.640018
0.647373
0.516355
0.600194
0.705213
0.542801
0.476554
0.652459
0.423655
0.664132
0.564062
0.397242
0.576063
0.496330
0.410442
0.428678
0.560289
0.649493
0.408302
0.646054
0.531892
0.642332
0.655457
0.578810
0.513162
0.475872
0.577347
0.386736
0.582731
0.591959
0.609524
0.603427
0.442812
0.347993
0.728274
0.552281
0.429188
0.494262
0.438249
0.551175
0.642578
0.436548
0.410148
0.239668
0.506177
0.535763
0.590699
0.427002
0.823346
0.620446
0.796716
0.612464
0.579387
0.674328
0.545772
0.540574
0.656232
0.682089
0.728621
0.539640
0.812648
0.542481
0.733293
0.604253
0.656490
0.596316
0.647977
0.700240
0.547229
0.701149
0.633994
0.646077
0.741416
0.596429
0.687600
0.785583
0.669236
0.573835
0.716783
0.683551
0.725296
0.692971
0.461744
0.598875
0.530316
0.725114
0.599577
0.578954
0.606219
0.791953
0.865481
0.857061
0.683277
0.809298
0.780738
0.701349
0.694827
0.795237
0.808047
0.694308
0.815582
0.826196
0.879392
0.780395
0.841855
0.857992
0.726379
0.813522
0.787009
0.833144
0.726715
0.834828
0.851221
0.915030
0.748434
0.826414
0.891792
0.690789
0.775241
0.811223
0.788568
0.795585
0.743541
0.714333
0.681706
0.681724
0.768177
0.799668
0.823807
0.794253
0.675960
0.617679
0.733594
0.650578
0.478592
0.625117
0.741974
0.636335
0.620385
0.782884
0.684612
0.642830
0.685143
0.749980
0.566264
0.540046
0.601292
0.583033
0.610516
0.781167
0.678141
0.425567
0.411182
0.484298
0.621076
0.661963
0.571625
0.541766
0.366899
0.638306
0.853107
0.580697
0.424074
0.542892
0.644962
0.685910
0.731777
0.363886
0.742548
0.713380
0.891659
0.714320
0.734410
0.756189
0.762501
0.808015
0.706098
0.828254
0.760424
0.735952
0.829036
0.408331
0.591209
0.640404
0.864538
0.699419
0.760995
0.749985
0.735153
0.768047
0.669544
0.711182
0.749661
0.696861
0.707715
0.780140
0.707831
0.818293
0.897005
0.756867
0.735119
0.670475
0.722348
0.752309
0.825027
0.616626
0.617507
0.765194
0.591818
0.669810
0.672193
0.689359
0.769408
0.606907
0.823042
0.639163
0.725477
0.797940
0.661515
0.626693
0.645512
0.749854
0.619592
0.770812
0.665475
0.572896
0.767491
0.685497
0.697247
0.748503
0.764338
0.593044
0.753023
0.695609
0.727702
0.822071
0.616582
0.581948
0.615774
0.618731
0.583391
0.708220
0.539335
0.663943
0.647963
0.542620
0.493033
0.573540
0.670962
0.521012
0.725183
0.618632
0.736203
0.622183
0.630578
0.677170
0.656030
0.703782
0.355074
0.731943
0.707638
0.712894
0.734993
0.682976
0.522179
0.741992
0.680705
0.516493
0.682597
0.646209
0.653842
0.634214
0.438737
0.539604
0.425081
0.593000
0.711727
0.744955
0.616930
0.773897
0.694766
0.682180
0.790069
0.775927
0.700075
0.736318
0.760556
0.786889
0.818472
0.768936
0.764671
0.761795
0.724161
0.679738
0.804368
0.782575
0.788627
0.807120
0.694830
0.608135
0.893589
0.710221
0.628677
0.729829
0.760414
0.684329
0.853246
0.539663
0.643615
0.633550
0.734065
0.773637
0.763890
0.719580
0.480317
0.638181
0.768277
0.793621
0.542217
0.823503
0.519188
0.701545
0.698572
0.627326
0.630568
0.594499
0.725937
0.596593
0.608206
0.565712
0.517522
0.764233
0.599895
0.695210
0.804292
0.759990
0.565397
0.726889
0.604872
0.691017
0.762459
0.575321
0.539572
0.563197
0.705823
0.575150
0.654629
0.566648
0.543856
0.541407
0.687633
0.384006
0.730145
0.386456
0.545515
0.618578
0.642375
0.525989
0.423870
0.553868
0.540075
0.599937
0.500914
0.615860
0.807092
0.548187
0.431330
0.668101
0.602421
0.406649
0.640134
0.528742
0.581040
0.690846
0.401810
0.432398
0.498052
0.478532
0.471765
0.664417
0.521971
0.728426
0.801930
0.524249
0.714720
0.674964
0.735555
0.727197
0.654531
0.636046
0.624224
0.662366
0.433330
0.642213
0.710309
0.716221
0.786337
0.615640
0.492614
0.800754
0.650680
0.567665
0.702966
0.605569
0.705679
0.710540
0.556093
0.633783
0.499679
0.660921
0.695721
0.669075
0.594723
0.676042
0.503735
0.855839
0.567308
0.698937
0.629848
0.715238
0.736892
0.723476
0.656144
0.550943
0.810162
0.623041
0.821855
0.845532
0.805040
0.669961
0.826324
0.742060
0.527894
0.755604
0.732038
0.558760
0.561355
0.493918
0.667665
0.615400
0.638859
0.610577
0.679632
0.732799
0.680365
0.912535
0.732606
0.609659
0.311020
0.581174
0.616319
0.708197
0.776513
0.683151
0.862058
0.796744
0.682414
0.726193
0.645573
0.659621
0.821918
0.622945
0.742694
0.710693
0.681312
0.728406
0.875324
0.445285
0.634934
0.609712
0.713876
0.658747
0.775833
0.668548
0.746773
0.357494
0.588933
0.610971
0.633194
0.564555
0.554955
0.655784
0.530449
0.690682
0.551616
0.630060
0.740379
0.591115
0.484651
0.729104
0.571425
0.540762
0.622610
0.560103
0.648829
0.638505
0.416554
0.467511
0.488176
0.540888
0.450451
0.573627
0.573418
0.823220
0.723457
0.922162
0.832897
0.705225
0.744005
0.819629
0.760396
0.726434
0.783044
0.777440
0.793056
0.657221
0.538694
0.784977
0.727055
0.718371
0.764120
0.705220
0.729569
0.827189
0.764111
0.791999
0.743601
0.725391
0.727460
0.795995
0.677319
0.592822
0.606139
0.598142
0.635357
0.534451
0.690786
0.539089
0.686396
0.534097
0.564195
0.786329
0.621972
0.594439
0.732763
0.603780
0.526390
0.675426
0.631340
0.696667
0.703397
0.491229
0.553960
0.565329
0.559160
0.502824
0.704965
0.628214
0.703850
0.624204
0.636390
0.651002
0.704835
0.679428
0.688726
0.698769
0.669400
0.685933
0.579871
0.647648
0.645171
0.602011
0.658779
0.669036
0.649292
0.691592
0.906517
0.635731
0.577350
0.650923
0.695270
0.629961
0.669588
0.658098
0.599954
0.604982
0.681870
0.722686
0.639398
0.842294
0.677475
0.654523
0.848777
0.706208
0.664680
0.845492
0.699330
0.652161
0.843854
0.670645
0.788768
0.769121
0.386393
0.675519
0.600122
0.736763
0.664919
0.710444
0.690223
0.616447
0.616052
0.708533
0.568814
0.758996
0.645762
0.605914
0.772576
0.596375
0.653027
0.747309
0.573107
0.620234
0.727647
0.719288
0.726398
0.873663
0.544166
0.630179
0.530293
0.649898
0.680432
0.780094
0.616124
0.405587
0.713066
0.633760
0.702821
0.666736
0.550982
0.775571
0.414151
0.496272
0.740247
0.510949
0.643199
0.768390
0.443280
0.696291
0.820856
0.524707
0.611751
0.544667
0.638108
0.491475
0.737089
0.378320
0.734749
0.621648
0.710542
0.627574
0.650938
0.793904
0.522358
0.510951
0.707228
0.589887
0.466724
0.746514
0.419780
0.604595
0.829585
0.518790
0.558154
0.599974
0.609444
0.507120
0.757726
0.436220
0.653546
0.659172
0.765585
0.738211
0.804469
0.696591
0.680809
0.751848
0.772718
0.591296
0.680408
0.740927
0.640653
0.841830
0.611603
0.605594
0.542309
0.731808
0.735918
0.736810
0.699104
0.666615
0.657259
0.671648
0.711655
0.518338
0.516788
0.781067
0.624409
0.497785
0.703198
0.591197
0.609242
0.727760
0.451532
0.534965
0.437219
0.594996
0.667537
0.692991
0.564883
0.705624
0.769199
0.707898
0.716598
0.715906
0.715151
0.784965
0.600983
0.658010
0.723840
0.645523
0.882452
0.718263
0.539447
0.611328
0.811910
0.724296
0.645707
0.654642
0.667473
0.890441
0.722176
0.678348
0.808235
0.682449
0.521788
0.816683
0.713414
0.703651
0.762433
0.599689
0.682310
0.644257
0.659002
0.262189
0.614514
0.705946
0.779125
0.572210
0.682658
0.819482
0.755961
0.670932
0.748303
0.682373
0.701113
0.929066
0.547715
0.630436
0.646124
0.721544
0.654600
0.723773
0.594097
0.668596
0.745988
0.633045
0.775483
0.767650
0.345116
0.658497
0.883141
0.892095
0.759202
0.557375
0.663642
0.714598
0.775254
0.797073
0.558618
0.454918
0.778271
0.511721
0.644410
0.685680
0.378532
0.671332
0.854611
0.584458
0.578646
0.547192
0.616316
0.590234
0.750340
0.425032
0.737104
0.451472
0.526572
0.643892
0.427820
0.600785
0.801109
0.480884
0.544382
0.464890
0.489709
0.571031
0.732627
0.345589
0.692746
0.751198
0.617321
0.660461
0.837690
0.945766
0.793959
0.630519
0.695181
0.721905
0.785509
0.920105
0.564068
0.630900
0.754457
0.611204
0.639220
0.837338
0.531505
0.683816
0.599973
0.477612
0.557452
0.725027
0.515684
0.661163
0.540218
0.532734
0.712837
0.477928
0.530212
0.494609
0.590813
0.580815
0.674010
0.612285
0.679883
0.756893
0.828477
0.686339
0.507621
0.586764
0.592752
0.719953
0.697644
0.625097
0.679394
0.773632
0.574976
0.556243
0.596179
0.613175
0.610943
0.718220
0.369774
0.806676
0.514363
0.634926
0.619733
0.663295
0.737166
0.761802
0.658918
0.669766
0.852105
0.736160
0.686341
0.735448
0.753585
0.882639
0.542518
0.452064
0.550159
0.529038
0.601103
0.564711
0.422219
0.578521
0.633418
0.655675
0.495826
0.548314
0.597063
0.676107
0.519644
0.574950
0.715931
0.582866
0.545296
0.588853
0.726148
