0.118887
0.147848
0.105523
0.205074
0.108207
0.088331
0.192523
0.123824
0.114653
0.154193
0.103398
0.106489
0.120844
0.151029
0.297893
0.103070
0.127304
0.222745
0.170057
0.173769
0.156284
0.213013
0.187920
0.103597
0.106700
0.094432
0.079499
0.114204
0.113065
0.107874
0.165363
0.095812
0.220441
0.155244
0.089067
0.123320
0.198120
0.112554
0.069397
0.146570
0.138938
0.127515
0.095936
0.196584
0.154619
0.063907
0.117886
0.144122
0.057800
0.015834
0.047530
0.218348
0.022976
0.054382
0.047498
0.025281
0.011015
0.089593
0.026581
0.012871
0.027611
0.016217
0.087642
0.021021
0.015429
0.089684
0.024843
0.035640
0.022056
0.042771
0.046419
0.014833
0.019066
0.019850
0.172526
0.053153
0.010872
0.014183
0.138183
0.023108
0.063193
0.029099
0.060534
0.019537
0.223810
0.019128
0.143015
0.029243
0.017329
0.014551
0.016729
0.194425
0.017911
0.095902
0.023641
0.017680
0.118734
0.070620
0.242663
0.029921
0.062560
0.054360
0.047107
0.020621
0.077542
0.029196
0.018690
0.032967
0.018061
0.082610
0.029867
0.030625
0.112754
0.031727
0.043153
0.025863
0.031747
0.052239
0.026551
0.030604
0.027525
0.203599
0.086758
0.018230
0.024537
0.150390
0.036406
0.068593
0.033856
0.069217
0.034414
0.208566
0.017800
0.155136
0.025584
0.033018
0.018445
0.024494
0.198151
0.023424
0.123341
0.023521
0.031191
0.132200
0.178080
0.037102
0.060004
0.078643
0.025173
0.044776
0.134843
0.056257
0.037701
0.056310
0.060223
0.151314
0.035916
0.029304
0.074488
0.049605
0.061419
0.054404
0.096542
0.069425
0.030586
0.029439
0.044634
0.152555
0.024473
0.039680
0.037038
0.143087
0.024959
0.092797
0.074728
0.070871
0.026424
0.227612
0.042979
0.125009
0.050742
0.035428
0.054757
0.039104
0.228350
0.066599
0.090190
0.051051
0.031498
0.121916
0.165494
0.259641
0.269419
0.203524
0.228283
0.269370
0.257304
0.198651
0.244144
0.214623
0.317556
0.224908
0.233472
0.168744
0.220729
0.256441
0.237767
0.266578
0.193110
0.237165
0.215341
0.234557
0.318013
0.185957
0.232612
0.225765
0.290882
0.150889
0.199596
0.273854
0.261455
0.208240
0.350752
0.193949
0.276689
0.230236
0.222383
0.201157
0.213037
0.369699
0.259918
0.213598
0.228440
0.238925
0.278897
0.064712
0.056425
0.023193
0.023520
0.091853
0.045521
0.016515
0.049287
0.022278
0.110044
0.026954
0.022703
0.062441
0.027581
0.037289
0.028081
0.054100
0.035118
0.028087
0.024129
0.037767
0.177250
0.039568
0.023973
0.023108
0.146652
0.013855
0.047763
0.052974
0.069256
0.023404
0.205447
0.018492
0.141535
0.030768
0.019882
0.018146
0.022903
0.189458
0.032113
0.094670
0.027322
0.025161
0.128937
0.117367
0.078203
0.053431
0.043292
0.013425
0.047349
0.031581
0.094145
0.197770
0.041715
0.063673
0.185950
0.083967
0.078482
0.069982
0.138642
0.132437
0.030133
0.034021
0.027001
0.084587
0.079287
0.045150
0.031667
0.096601
0.068213
0.170428
0.073942
0.013568
0.060307
0.108851
0.042649
0.047604
0.095387
0.080391
0.056268
0.026142
0.226361
0.073700
0.051905
0.027667
0.067862
0.038635
0.037903
0.052885
0.157616
0.080023
0.042846
0.086848
0.034665
0.072622
0.057730
0.039693
0.083812
0.054097
0.052664
0.043831
0.059159
0.071667
0.061432
0.057037
0.069355
0.250783
0.074412
0.056272
0.057778
0.197474
0.059454
0.066145
0.072177
0.131772
0.053980
0.301694
0.070003
0.223712
0.048164
0.035711
0.052450
0.066058
0.237838
0.039986
0.170913
0.069158
0.040264
0.205724
0.028988
0.140435
0.055669
0.020519
0.055377
0.025835
0.093594
0.032273
0.017402
0.050847
0.033526
0.040017
0.029839
0.059615
0.042121
0.027424
0.023849
0.036362
0.191805
0.021674
0.029202
0.028590
0.161139
0.020821
0.049559
0.057620
0.091932
0.016262
0.268790
0.037656
0.171609
0.035166
0.010021
0.035615
0.035972
0.207781
0.031209
0.116008
0.044818
0.014995
0.154841
0.096719
0.029795
0.014845
0.024792
0.018441
0.086872
0.010040
0.013049
0.086844
0.017275
0.028651
0.028241
0.034925
0.044912
0.010706
0.015803
0.027591
0.172699
0.050808
0.006079
0.010024
0.138475
0.019640
0.060341
0.018683
0.057546
0.016858
0.226737
0.015050
0.137783
0.025850
0.018656
0.015394
0.010520
0.202312
0.017440
0.092771
0.028517
0.016998
0.114211
0.044722
0.088588
0.064834
0.122985
0.216771
0.095321
0.121622
0.232769
0.113943
0.109327
0.087815
0.165924
0.152837
0.079154
0.082749
0.069233
0.148791
0.149644
0.090209
0.073253
0.138098
0.119348
0.190760
0.112092
0.045899
0.115124
0.076642
0.068523
0.096100
0.140351
0.128969
0.076047
0.062971
0.241111
0.108146
0.097460
0.040162
0.118360
0.079808
0.025934
0.017193
0.054608
0.141622
0.030851
0.040687
0.159967
0.053323
0.054969
0.037295
0.092530
0.097470
0.015295
0.020512
0.012008
0.123099
0.069023
0.022933
0.019223
0.110953
0.051499
0.128653
0.047634
0.024443
0.041226
0.146423
0.028695
0.081871
0.059885
0.051687
0.030342
0.016071
0.214337
0.042965
0.070577
0.013548
0.040520
0.065559
0.033343
0.018229
0.096150
0.016213
0.018202
0.081421
0.029357
0.040195
0.026281
0.049721
0.050034
0.018214
0.015329
0.021294
0.162229
0.046090
0.016018
0.015133
0.133694
0.015707
0.064610
0.038906
0.061270
0.022293
0.209563
0.017604
0.126507
0.027315
0.020850
0.014366
0.014871
0.202169
0.025265
0.091916
0.023007
0.023962
0.109638
0.055242
0.107813
0.032611
0.042207
0.136143
0.038009
0.047284
0.038648
0.079661
0.079855
0.017260
0.018252
0.021020
0.140212
0.066415
0.022969
0.016952
0.101659
0.049966
0.106241
0.031606
0.041063
0.030793
0.193095
0.026241
0.114764
0.063879
0.050267
0.032484
0.019476
0.241156
0.033599
0.090421
0.023899
0.038488
0.086158
0.064540
0.029749
0.022082
0.065318
0.025379
0.037248
0.022734
0.025010
0.033821
0.034052
0.032565
0.042773
0.233460
0.063470
0.023736
0.031122
0.179697
0.024643
0.036766
0.038396
0.100428
0.029385
0.268912
0.028645
0.192434
0.017655
0.016787
0.019327
0.032933
0.203360
0.020889
0.129913
0.039905
0.022226
0.169123
0.114876
0.089284
0.101844
0.061381
0.078938
0.074410
0.050976
0.084122
0.110918
0.096492
0.133421
0.375776
0.133528
0.094780
0.102966
0.236028
0.116494
0.060634
0.071407
0.213958
0.088210
0.412072
0.106008
0.344830
0.087808
0.082014
0.079812
0.114042
0.337914
0.058981
0.277244
0.120439
0.077981
0.299747
0.016825
0.089912
0.030430
0.039996
0.041021
0.049432
0.057368
0.014086
0.018485
0.026315
0.142471
0.052715
0.012496
0.011396
0.123229
0.017032
0.077970
0.027522
0.048800
0.021789
0.205515
0.016638
0.109525
0.029377
0.025683
0.023361
0.011465
0.197476
0.027534
0.073979
0.032444
0.025264
0.096303
0.071915
0.018951
0.023778
0.025807
0.041045
0.047069
0.016128
0.016625
0.036990
0.179133
0.034092
0.013223
0.017221
0.136432
0.018490
0.060039
0.032136
0.068747
0.014983
0.238387
0.027906
0.149113
0.022497
0.010320
0.023847
0.025223
0.208905
0.021541
0.107687
0.034844
0.007745
0.136164
0.060454
0.081473
0.081459
0.079777
0.041484
0.104934
0.091010
0.133316
0.307656
0.068890
0.096493
0.094796
0.240168
0.058743
0.028521
0.109604
0.194854
0.064954
0.378861
0.090865
0.294204
0.077131
0.052317
0.084230
0.103091
0.284454
0.083139
0.209899
0.120475
0.068342
0.273983
0.022053
0.024513
0.028781
0.028973
0.025187
0.026187
0.052750
0.224955
0.050939
0.018032
0.023863
0.152054
0.030145
0.036497
0.025747
0.089356
0.018316
0.261017
0.024535
0.191988
0.030634
0.018410
0.018450
0.030228
0.235601
0.022331
0.140085
0.041147
0.014522
0.167612
0.019084
0.056475
0.044398
0.033765
0.030108
0.056609
0.227852
0.052051
0.035459
0.027502
0.156407
0.049908
0.055751
0.040070
0.088478
0.034540
0.238174
0.047758
0.190403
0.053293
0.028292
0.033357
0.039497
0.229600
0.025063
0.143413
0.036734
0.022380
0.169550
0.054679
0.038653
0.027824
0.025183
0.034575
0.211803
0.050084
0.029570
0.028346
0.158987
0.043727
0.053376
0.042990
0.079443
0.030184
0.225631
0.037172
0.180343
0.039803
0.020578
0.019763
0.032080
0.220661
0.023904
0.133802
0.018123
0.017492
0.150323
0.043213
0.059373
0.063880
0.083529
0.292829
0.106570
0.037487
0.056300
0.201520
0.048883
0.040484
0.037679
0.142034
0.047019
0.321929
0.044672
0.248869
0.025455
0.038984
0.039839
0.060238
0.229683
0.035926
0.196220
0.080327
0.041710
0.224264
0.061054
0.062886
0.073966
0.275291
0.076940
0.051878
0.055712
0.222429
0.039726
0.017879
0.065567
0.137658
0.042755
0.304468
0.048025
0.246711
0.041784
0.030016
0.043409
0.059931
0.192256
0.053386
0.171361
0.068422
0.037464
0.220122
0.010075
0.013872
0.145073
0.040961
0.005909
0.006373
0.127124
0.026849
0.082500
0.031941
0.037829
0.011513
0.200822
0.015489
0.112333
0.035575
0.021936
0.022939
0.009324
0.206258
0.024691
0.079126
0.019395
0.014016
0.092921
0.022183
0.147754
0.029594
0.013974
0.006923
0.107422
0.025907
0.075145
0.033361
0.048183
0.012565
0.201771
0.018339
0.114981
0.041183
0.025521
0.019080
0.011810
0.226476
0.020783
0.084850
0.018737
0.016751
0.097534
0.134176
0.061790
0.021269
0.017954
0.133256
0.038199
0.105281
0.051256
0.042336
0.029974
0.188396
0.026025
0.105405
0.048989
0.037045
0.033013
0.017151
0.183684
0.037718
0.074212
0.020055
0.032400
0.083268
0.170765
0.163389
0.145162
0.097629
0.169171
0.326754
0.192139
0.083597
0.176126
0.160124
0.161378
0.042335
0.230718
0.202459
0.176628
0.137947
0.289223
0.200904
0.072242
0.149894
0.201994
0.040414
0.049693
0.043214
0.144403
0.038542
0.080691
0.080256
0.092725
0.028567
0.260219
0.060023
0.154427
0.069991
0.037508
0.054532
0.052050
0.258733
0.057474
0.111708
0.059444
0.032551
0.145179
0.009066
0.131462
0.020370
0.067820
0.022523
0.049031
0.012284
0.217028
0.011632
0.128851
0.022724
0.018152
0.015668
0.011258
0.199679
0.018535
0.091985
0.025805
0.013113
0.108972
0.116619
0.024543
0.073009
0.028494
0.042074
0.012546
0.196925
0.013211
0.114668
0.039350
0.022810
0.018628
0.007625
0.202224
0.016983
0.081510
0.017904
0.017715
0.097237
0.144117
0.252470
0.116600
0.099860
0.138710
0.185854
0.130238
0.107817
0.190861
0.163467
0.123662
0.121466
0.347834
0.135587
0.125671
0.124833
0.156767
0.105310
0.054155
0.048908
0.072223
0.019912
0.229818
0.018741
0.133763
0.023499
0.020611
0.025890
0.024760
0.192375
0.039826
0.087429
0.044090
0.026359
0.125502
0.080713
0.180619
0.050916
0.361344
0.064597
0.295304
0.050833
0.040337
0.055877
0.081278
0.237290
0.053417
0.216091
0.094298
0.048262
0.265819
0.077526
0.039446
0.249525
0.036294
0.165210
0.046483
0.041184
0.025167
0.030427
0.240210
0.023546
0.126494
0.047240
0.036130
0.134399
0.070838
0.099899
0.048805
0.049061
0.100205
0.085899
0.063885
0.037569
0.226482
0.083880
0.039496
0.035169
0.075486
0.039952
0.251162
0.017895
0.152277
0.031348
0.015352
0.025982
0.022057
0.222880
0.020933
0.106858
0.035717
0.009875
0.133242
0.184970
0.083411
0.268240
0.267774
0.207667
0.177426
0.315194
0.259589
0.134930
0.146618
0.253049
0.102156
0.117798
0.030854
0.030504
0.016683
0.009934
0.198238
0.030548
0.083786
0.022702
0.027623
0.099734
0.183197
0.183991
0.142416
0.100368
0.268309
0.179665
0.043326
0.110593
0.171305
0.020066
0.023641
0.033435
0.039414
0.193127
0.038283
0.139463
0.053678
0.023096
0.170549
0.025901
0.031008
0.196444
0.020606
0.125081
0.037484
0.007644
0.161313
0.015101
0.212735
0.021129
0.103140
0.022127
0.024925
0.119295
0.195256
0.027714
0.070031
0.016437
0.026902
0.079143
0.227378
0.230288
0.210304
0.209286
0.262314
0.131363
0.034584
0.019803
0.150626
0.083288
0.120797
0.039815
0.032184
0.087717
0.151802
