0.759759
0.676546
0.479909
0.642887
0.555112
0.671864
0.837918
0.674577
0.705666
0.628754
0.758551
0.797746
0.321483
0.463880
0.924834
0.707081
0.730980
0.687282
0.711927
0.699196
0.599211
0.716348
0.679793
0.663542
0.744020
0.587039
0.759451
0.740008
0.899805
0.588781
0.549770
0.786710
0.559078
0.600993
0.627399
0.729965
0.851949
0.609599
0.633865
0.766711
0.646293
0.708045
0.614202
0.855835
0.794919
0.573806
0.778827
0.399209
0.529023
0.728921
0.686517
0.672356
0.688939
0.649749
0.671411
0.771749
0.715513
0.608927
0.635277
0.752841
0.680221
0.778973
0.688426
0.687941
0.704647
0.773247
0.666597
0.624597
0.612622
0.736849
0.691320
0.694517
0.642098
0.586643
0.708771
0.613529
0.824538
0.711290
0.632601
0.715066
0.689036
0.769700
0.604134
0.746271
0.689053
0.699058
0.624960
0.714531
0.697169
0.792102
0.745105
0.605518
0.788595
0.651351
0.547023
0.727843
0.728582
0.581064
0.695620
0.719948
0.730057
0.712811
0.752877
0.836455
0.448922
0.782609
0.827273
0.637175
0.703586
0.830552
0.757266
0.804325
0.691033
0.562851
0.777868
0.651902
0.724891
0.661893
0.634313
0.548432
0.610621
0.702828
0.824793
0.840585
0.658082
0.597901
0.822848
0.750706
0.677956
0.793065
0.828670
0.769654
0.665401
0.546854
0.649158
0.707210
0.816044
0.306224
0.830609
0.628801
0.717911
0.732887
0.655455
0.781551
0.558813
0.425948
0.626138
0.647207
0.571573
0.538315
0.549016
0.651915
0.610507
0.529422
0.590637
0.750718
0.637377
0.691436
0.629104
0.688961
0.692001
0.541189
0.634398
0.705602
0.670998
0.665245
0.509423
0.621555
0.705169
0.777134
0.600204
0.513558
0.749994
0.412299
0.575332
0.569757
0.639271
0.723910
0.559434
0.540401
0.580461
0.631240
0.611163
0.448029
0.757815
0.698978
0.513743
0.690277
0.473880
0.634371
0.532295
0.667843
0.668182
0.584067
0.565120
0.533312
0.533415
0.651896
0.494116
0.675671
0.776398
0.669697
0.620201
0.516323
0.551096
0.634983
0.595835
0.609413
0.613599
0.635508
0.575741
0.554502
0.709161
0.659797
0.769061
0.622367
0.469428
0.666618
0.408099
0.691354
0.464688
0.709407
0.625200
0.565213
0.496933
0.698503
0.482569
0.688268
0.586336
0.629816
0.639511
0.479572
0.555408
0.562624
0.721941
0.642491
0.630357
0.544760
0.491480
0.511704
0.580050
0.587141
0.523957
0.690654
0.770463
0.636792
0.635349
0.503328
0.620108
0.654142
0.580130
0.549284
0.658522
0.600164
0.649429
0.444444
0.665430
0.713329
0.776747
0.544683
0.430024
0.659448
0.481724
0.552541
0.475176
0.649879
0.632562
0.509491
0.533097
0.623064
0.498469
0.494284
0.639828
0.719384
0.683432
0.510889
0.592414
0.537861
0.565530
0.740185
0.543684
0.648676
0.547716
0.548078
0.722539
0.665043
0.614284
0.784457
0.782388
0.657299
0.714893
0.618533
0.683761
0.623512
0.720534
0.654128
0.654031
0.690268
0.632229
0.738400
0.654987
0.887020
0.690038
0.597216
0.666936
0.587936
0.637433
0.599587
0.646164
0.605079
0.611615
0.628905
0.762292
0.612978
0.628953
0.635588
0.743452
0.685898
0.701991
0.615374
0.629767
0.738929
0.722128
0.662734
0.701962
0.609435
0.543348
0.752800
0.815995
0.662411
0.713034
0.718058
0.681234
0.695442
0.747386
0.650575
0.674369
0.750383
0.741564
0.695551
0.645956
0.558043
0.643389
0.717387
0.648990
0.607660
0.761058
0.628685
0.666534
0.678976
0.812369
0.611837
0.719218
0.687309
0.821259
0.607965
0.722044
0.657468
0.661667
0.831411
0.693785
0.554989
0.697998
0.782785
0.554012
0.444773
0.610842
0.541754
0.588332
0.570562
0.743662
0.646473
0.639301
0.502491
0.607521
0.698373
0.612053
0.547382
0.616360
0.510258
0.570177
0.524935
0.684588
0.679676
0.798150
0.650446
0.608431
0.630106
0.538909
0.557594
0.555697
0.664245
0.691898
0.543060
0.640713
0.727418
0.582378
0.530260
0.666451
0.818833
0.599162
0.633164
0.549362
0.541667
0.645381
0.605612
0.596694
0.485279
0.595140
0.689468
0.745715
0.608508
0.507233
0.573086
0.669250
0.686308
0.635839
0.592007
0.603778
0.649570
0.632369
0.536189
0.646652
0.679993
0.796440
0.660821
0.588593
0.735475
0.501649
0.687949
0.440932
0.741445
0.700168
0.600876
0.667200
0.748415
0.570840
0.572669
0.745404
0.776689
0.506189
0.630026
0.604894
0.634084
0.681668
0.579507
0.674026
0.531498
0.605105
0.746033
0.652368
0.629444
0.604896
0.342580
0.636973
0.579914
0.577096
0.405019
0.312230
0.341220
0.376504
0.602429
0.683778
0.746982
0.546445
0.455378
0.508645
0.563612
0.537693
0.572683
0.678126
0.631866
0.399255
0.527786
0.512470
0.547267
0.594673
0.553950
0.774028
0.469550
0.585076
0.434715
0.590226
0.545090
0.689727
0.649471
0.687803
0.703890
0.733393
0.626169
0.634067
0.648818
0.618668
0.636809
0.747465
0.606364
0.645454
0.674976
0.604095
0.695443
0.588322
0.655448
0.716989
0.639863
0.630750
0.592673
0.689164
0.565583
0.614871
0.480005
0.610575
0.636989
0.714659
0.335310
0.643943
0.697938
0.774674
0.763293
0.630070
0.449139
0.661533
0.697203
0.721861
0.728435
0.676396
0.588853
0.746308
0.602318
0.739789
0.691309
0.644444
0.592301
0.794561
0.738471
0.698839
0.630644
0.670511
0.718981
0.834214
0.644911
0.653402
0.756087
0.600308
0.600328
0.528751
0.810274
0.799758
0.643836
0.716798
0.710120
0.677103
0.636163
0.767725
0.740341
0.527556
0.701419
0.741567
0.668518
0.737947
0.423893
0.903355
0.680869
0.697885
0.601416
0.612592
0.674370
0.558764
0.627018
0.521778
0.600314
0.679596
0.552453
0.793425
0.737517
0.838197
0.617711
0.438002
0.775970
0.528673
0.608489
0.548028
0.798268
0.753874
0.609582
0.639575
0.818576
0.534082
0.719814
0.570824
0.842708
0.714912
0.532567
0.608587
0.503381
0.585589
0.858546
0.744962
0.792048
0.735309
0.700333
0.751180
0.665326
0.674585
0.663799
0.753213
0.659567
0.724558
0.804275
0.686876
0.779726
0.718736
0.574455
0.858569
0.624210
0.644048
0.722530
0.784422
0.839353
0.641328
0.748985
0.914068
0.660207
0.748415
0.641200
0.956088
0.771306
0.648588
0.708339
0.483520
0.685497
0.722171
0.751039
0.769326
0.846632
0.702316
0.751540
0.796185
0.848009
0.788473
0.663075
0.732829
0.691166
0.574900
0.853861
0.730381
0.804936
0.648561
0.766151
0.803743
0.770228
0.699457
0.736123
0.724370
0.701405
0.825313
0.827693
0.831616
0.785527
0.741554
0.757971
0.681664
0.671183
0.711015
0.890571
0.648548
0.585055
0.747441
0.588585
0.619400
0.608554
0.760783
0.691085
0.688351
0.586059
0.743585
0.767860
0.874350
0.680196
0.555441
0.843704
0.636840
0.586296
0.537359
0.763885
0.772366
0.667745
0.479496
0.803318
0.653952
0.726480
0.691687
0.796441
0.660521
0.453158
0.716566
0.610120
0.721583
0.652768
0.559651
0.689781
0.613781
0.678444
0.683481
0.647439
0.649899
0.557135
0.564867
0.706790
0.865642
0.663912
0.632913
0.696068
0.551763
0.689813
0.614270
0.624575
0.663302
0.605091
0.613837
0.758438
0.612369
0.718772
0.739620
0.773079
0.670810
0.558758
0.664164
0.583937
0.696923
0.632600
0.605409
0.635569
0.510965
0.674485
0.618785
0.661549
0.508953
0.700137
0.758996
0.793942
0.667823
0.554818
0.697530
0.605886
0.641577
0.540888
0.762335
0.714697
0.691309
0.577628
0.739833
0.481077
0.665020
0.673565
0.737564
0.681568
0.568244
0.650859
0.643004
0.702206
0.703747
0.645895
0.675080
0.458480
0.517866
0.343408
0.558005
0.579681
0.728752
0.846302
0.631638
0.581659
0.734312
0.568227
0.646945
0.602701
0.748084
0.674372
0.539093
0.492561
0.629009
0.611283
0.735940
0.707906
0.720709
0.531957
0.612322
0.544527
0.678949
0.673013
0.607874
0.723188
0.700312
0.685585
0.673995
0.588184
0.702621
0.628489
0.822104
0.745684
0.622290
0.742420
0.672090
0.732950
0.533151
0.697046
0.689311
0.738285
0.641357
0.760331
0.589991
0.739493
0.688181
0.804277
0.730368
0.605656
0.617182
0.691144
0.725668
0.598644
0.586226
0.653647
0.644984
0.523030
0.622066
0.610280
0.748378
0.603998
0.542490
0.739227
0.520115
0.664665
0.505673
0.716501
0.649075
0.567735
0.569455
0.665179
0.555538
0.749165
0.606115
0.755492
0.737158
0.513550
0.563023
0.572411
0.633086
0.595860
0.550896
0.587579
0.510570
0.700269
0.708389
0.899439
0.608344
0.518846
0.682115
0.494343
0.574399
0.642225
0.734958
0.811248
0.619603
0.570258
0.804321
0.662672
0.596747
0.672852
0.860206
0.653362
0.526609
0.668972
0.539899
0.710198
0.395748
0.458555
0.579463
0.671382
0.664397
0.903308
0.721526
0.592786
0.651782
0.628546
0.733846
0.615851
0.717443
0.694779
0.630184
0.636915
0.665157
0.643770
0.699850
0.718196
0.829401
0.624159
0.618000
0.585966
0.682369
0.689653
0.520329
0.439354
0.692397
0.625311
0.850389
0.607315
0.552489
0.479329
0.618921
0.570548
0.606186
0.647365
0.657482
0.485104
0.593046
0.599372
0.631339
0.602665
0.699011
0.811159
0.609167
0.628578
0.526593
0.663694
0.549054
0.602564
0.502202
0.666830
0.831178
0.638953
0.634919
0.692049
0.561868
0.645906
0.654386
0.725117
0.687652
0.521613
0.476203
0.597576
0.705936
0.718745
0.711158
0.784159
0.390686
0.583726
0.572380
0.638523
0.722840
0.621462
0.620984
0.823872
0.366053
0.517119
0.570779
0.583901
0.552288
0.517997
0.625940
0.628262
0.432243
0.540529
0.607714
0.586517
0.545473
0.549536
0.695863
0.642212
0.535131
0.507090
0.570602
0.504050
0.700172
0.829300
0.629526
0.684564
0.755440
0.641716
0.694127
0.705656
0.724231
0.715767
0.576253
0.591898
0.754066
0.753966
0.725217
0.735787
0.767105
0.667115
0.610292
0.707189
0.631600
0.737024
0.888018
0.654809
0.652357
0.667268
0.644650
0.718545
0.706087
0.648438
0.631113
0.584334
0.743304
0.763073
0.686483
0.822247
0.754794
0.765304
0.803409
0.631692
0.597830
0.593733
0.751533
0.855728
0.747582
0.832814
0.870963
0.900898
0.813439
0.932254
0.746897
0.889760
0.838323
0.829226
0.609370
0.858309
0.803234
0.881084
0.893437
0.887431
0.556394
0.847106
0.872608
0.545063
0.747174
0.565574
0.605923
0.620441
0.716527
0.637749
0.542947
0.598960
0.691567
0.669684
0.688486
0.632650
0.719587
0.694055
0.533055
0.732536
0.490758
0.560381
0.727607
0.503206
0.520008
0.486816
0.719077
0.675322
0.542011
0.512298
0.792004
0.446827
0.632277
0.491467
0.745126
0.691293
0.430209
0.547612
0.561771
0.647439
0.718011
0.729321
0.755607
0.654099
0.706463
0.611615
0.746426
0.567620
0.687482
0.691996
0.790038
0.756050
0.799298
0.765702
0.601552
0.746607
0.718490
0.519152
0.498715
0.579435
0.652582
0.521912
0.527181
0.686525
0.593079
0.583910
0.661245
0.748374
0.614487
0.426820
0.634028
0.407158
0.632783
0.618233
0.809593
0.760224
0.439009
0.593456
0.740257
0.630940
0.594692
0.730287
0.845686
0.671006
0.670461
0.683582
0.575484
0.648136
0.709618
0.614385
0.651492
0.514376
0.704571
0.507235
0.641530
0.692827
0.658037
0.485336
0.472959
0.588461
0.633450
0.607734
0.637224
0.648865
0.682049
0.771482
0.713697
0.750316
0.720102
0.869069
0.811129
0.596853
0.729190
0.651082
0.696826
0.683798
0.714949
0.709793
0.504794
0.819102
0.732090
0.762378
0.781595
0.628709
0.587274
0.731706
0.738556
0.592016
0.632099
0.631128
0.541891
0.695930
0.747993
0.611269
0.588732
0.584400
0.555079
0.581434
0.640418
0.618929
0.706267
0.571665
0.697578
0.508004
0.464511
0.620468
0.585866
0.678327
0.757809
0.797474
0.813302
0.789063
0.618304
0.773894
0.693031
0.752687
0.696316
0.650515
0.638185
0.806722
0.744706
0.607371
0.500310
0.644727
0.680946
0.739800
0.776049
0.718296
0.735434
0.689967
0.627720
0.658804
0.779112
0.786335
0.648954
0.653190
0.602490
0.711653
0.818109
0.794301
0.765297
0.774134
0.895191
0.637254
0.726428
0.706265
0.759753
0.700721
0.503859
0.672987
0.737856
0.669034
0.596438
