0.028833
0.070783
0.012360
0.066238
0.031306
0.071684
0.018294
0.060709
0.037735
0.021424
0.052699
0.038907
0.012846
0.013264
0.010167
0.062742
0.075433
0.017824
0.016515
0.019233
0.020736
0.014348
0.020606
0.018709
0.050537
0.033896
0.026293
0.077573
0.037999
0.251119
0.012622
0.050223
0.028303
0.021648
0.017194
0.038844
0.037633
0.017735
0.023001
0.033320
0.075034
0.065197
0.037101
0.039127
0.029577
0.012450
0.055486
0.131464
0.028326
0.060866
0.024508
0.043960
0.021438
0.050385
0.039969
0.024095
0.014479
0.023869
0.024253
0.035008
0.014561
0.020103
0.026159
0.116641
0.036463
0.019504
0.025536
0.014476
0.023863
0.023201
0.015344
0.037029
0.043087
0.049429
0.011460
0.146888
0.047164
0.181259
0.020256
0.016750
0.027359
0.015767
0.034553
0.016178
0.017290
0.009768
0.022422
0.020840
0.043494
0.046949
0.012163
0.020001
0.068991
0.028809
0.018774
0.224630
0.049269
0.045268
0.112858
0.069077
0.010009
0.041049
0.107713
0.080308
0.048223
0.069128
0.028072
0.056617
0.040748
0.064856
0.099344
0.120587
0.079701
0.061348
0.052421
0.031117
0.082866
0.066068
0.053023
0.015625
0.030732
0.083520
0.108992
0.031036
0.143046
0.059347
0.060068
0.030340
0.085250
0.082566
0.078769
0.035752
0.067648
0.065712
0.046611
0.105096
0.006322
0.071453
0.036316
0.054470
0.068255
0.081461
0.186397
0.124423
0.060489
0.032413
0.048078
0.016266
0.058677
0.036606
0.021957
0.046707
0.026705
0.014882
0.012829
0.017492
0.065105
0.078019
0.023220
0.015015
0.020696
0.012831
0.025612
0.021226
0.013990
0.028228
0.018328
0.025719
0.086333
0.019362
0.206874
0.012318
0.031255
0.016420
0.030454
0.030523
0.030946
0.019382
0.020276
0.023278
0.024901
0.078856
0.043875
0.028777
0.024187
0.028647
0.015446
0.047822
0.155122
0.048800
0.040775
0.095927
0.102877
0.033486
0.052141
0.056543
0.061180
0.081768
0.061095
0.072756
0.059357
0.183351
0.030777
0.075108
0.072896
0.052347
0.066573
0.053394
0.035492
0.085190
0.078445
0.102024
0.048505
0.207018
0.089355
0.184788
0.044062
0.048819
0.081217
0.071683
0.058478
0.047601
0.056712
0.050690
0.076680
0.045255
0.050117
0.099058
0.041091
0.049910
0.121181
0.067029
0.034581
0.280012
0.084607
0.059141
0.048887
0.032969
0.021995
0.026203
0.027845
0.041647
0.018918
0.024548
0.018867
0.120533
0.037200
0.042967
0.033348
0.020371
0.028180
0.032807
0.013084
0.040836
0.040921
0.053553
0.026965
0.136098
0.047293
0.196860
0.029314
0.037818
0.036913
0.038987
0.023308
0.026876
0.033076
0.019990
0.039814
0.022094
0.029794
0.054639
0.020624
0.025321
0.062002
0.027597
0.020948
0.209929
0.059004
0.047924
0.091975
0.073139
0.050282
0.060944
0.034671
0.055955
0.043532
0.062521
0.113476
0.097991
0.079169
0.062496
0.043196
0.034476
0.076007
0.059544
0.062233
0.024345
0.043741
0.077207
0.131462
0.045718
0.118036
0.056188
0.057458
0.037939
0.075978
0.071818
0.073038
0.035021
0.061147
0.066392
0.036464
0.083332
0.007332
0.063977
0.036433
0.067530
0.062709
0.068566
0.216339
0.116481
0.085673
0.047960
0.024844
0.049205
0.020046
0.019404
0.014475
0.023947
0.047850
0.106133
0.028820
0.019252
0.029202
0.016007
0.034774
0.034135
0.020899
0.030750
0.012141
0.044194
0.066233
0.025012
0.232576
0.025976
0.053188
0.016301
0.033641
0.039981
0.051747
0.031381
0.027126
0.020248
0.045576
0.088320
0.039777
0.047207
0.034139
0.015996
0.019710
0.072665
0.122459
0.053809
0.013714
0.047285
0.029015
0.064473
0.038332
0.059325
0.046754
0.178903
0.013233
0.049676
0.052667
0.037702
0.059189
0.040214
0.033004
0.080716
0.078879
0.094135
0.027619
0.210563
0.085343
0.189408
0.047558
0.030179
0.056850
0.039222
0.051962
0.022377
0.040759
0.028698
0.046171
0.046230
0.036363
0.084304
0.024381
0.035242
0.120221
0.055989
0.012759
0.285446
0.066118
0.025972
0.015136
0.035082
0.014599
0.032203
0.026800
0.134734
0.032263
0.027807
0.027134
0.024010
0.035950
0.026991
0.018587
0.051211
0.053117
0.057462
0.018312
0.161790
0.055920
0.201276
0.033893
0.023299
0.031115
0.022229
0.037739
0.014786
0.024926
0.012563
0.019912
0.037401
0.036311
0.062097
0.016219
0.019984
0.078069
0.030173
0.017973
0.235555
0.051029
0.022321
0.015859
0.014591
0.017145
0.013612
0.091856
0.057981
0.025126
0.030445
0.020178
0.013383
0.018074
0.013397
0.031497
0.032514
0.033159
0.031839
0.097490
0.037347
0.210894
0.022606
0.032340
0.018333
0.026200
0.023371
0.042306
0.024415
0.014374
0.015540
0.030776
0.041990
0.039932
0.034977
0.017100
0.037005
0.027263
0.036712
0.158666
0.049549
0.024764
0.025390
0.040851
0.037106
0.150194
0.039339
0.041695
0.048829
0.036665
0.037733
0.039597
0.022546
0.062880
0.046254
0.058024
0.031202
0.172222
0.061071
0.191009
0.046774
0.023153
0.032783
0.035637
0.049302
0.034329
0.020934
0.018542
0.020802
0.044097
0.023856
0.050771
0.025040
0.016690
0.082133
0.043023
0.022556
0.239260
0.077247
0.022934
0.025954
0.032325
0.093194
0.079694
0.042006
0.035690
0.032288
0.017189
0.043547
0.029378
0.040735
0.018448
0.019733
0.046915
0.105786
0.026798
0.183203
0.037400
0.034280
0.013497
0.044264
0.046474
0.048729
0.018630
0.028127
0.020878
0.040179
0.057999
0.023706
0.039995
0.014086
0.039620
0.033726
0.049649
0.169128
0.078441
0.009571
0.012244
0.088034
0.054946
0.015870
0.013112
0.014083
0.016346
0.017749
0.011994
0.023930
0.033902
0.029287
0.017354
0.107388
0.032736
0.216224
0.018348
0.029939
0.018220
0.016460
0.024407
0.021383
0.020904
0.007812
0.012492
0.028052
0.051556
0.046366
0.017568
0.019008
0.038467
0.010531
0.033156
0.174125
0.039714
0.015471
0.072339
0.076629
0.018809
0.018352
0.014950
0.010799
0.023848
0.019898
0.014829
0.026658
0.023356
0.026549
0.084055
0.024786
0.212110
0.016800
0.035082
0.016533
0.024512
0.030461
0.032368
0.022678
0.016831
0.021488
0.022812
0.068568
0.035999
0.028309
0.024850
0.027054
0.020159
0.043490
0.147732
0.050700
0.071697
0.057505
0.024647
0.015915
0.012548
0.016759
0.013580
0.012042
0.023175
0.042809
0.033026
0.024646
0.079479
0.036290
0.227052
0.015768
0.045185
0.023204
0.022386
0.009641
0.033103
0.035026
0.013700
0.022700
0.030087
0.053306
0.053384
0.031466
0.027892
0.030693
0.014226
0.039899
0.139881
0.030256
0.197997
0.085129
0.062675
0.090993
0.058012
0.089158
0.103736
0.049345
0.096127
0.048593
0.113553
0.028582
0.061407
0.306434
0.077011
0.140124
0.064639
0.094309
0.087355
0.131122
0.117000
0.097553
0.094843
0.117723
0.183824
0.104337
0.135884
0.117664
0.030500
0.072686
0.160520
0.079814
0.074631
0.073730
0.073134
0.048561
0.074461
0.049099
0.039584
0.098105
0.093818
0.113562
0.042465
0.221475
0.104562
0.190051
0.061721
0.053583
0.075466
0.054711
0.054695
0.047023
0.058919
0.043840
0.066385
0.058065
0.031363
0.096182
0.043112
0.047776
0.135850
0.068903
0.023011
0.296305
0.077096
0.025358
0.026303
0.025228
0.017570
0.025273
0.030456
0.062319
0.048160
0.017393
0.117369
0.054737
0.243828
0.020796
0.029545
0.028216
0.008209
0.038811
0.033514
0.029653
0.012584
0.012163
0.041869
0.075075
0.068854
0.032656
0.041395
0.054676
0.027576
0.046102
0.176225
0.032039
0.016458
0.020970
0.022072
0.021547
0.018895
0.039326
0.023955
0.023563
0.087366
0.028254
0.219897
0.014168
0.045736
0.022376
0.023577
0.030185
0.021962
0.032863
0.019019
0.025559
0.038567
0.081576
0.054163
0.028819
0.030514
0.031754
0.012190
0.051102
0.159489
0.029413
0.017314
0.016102
0.013954
0.029464
0.037453
0.038404
0.019759
0.103863
0.039992
0.195298
0.013035
0.036616
0.025898
0.017471
0.017142
0.023899
0.027457
0.012471
0.027821
0.019170
0.049403
0.038997
0.023452
0.022535
0.044343
0.019447
0.030162
0.173185
0.037856
0.027603
0.019236
0.015456
0.019523
0.014278
0.030953
0.076654
0.016628
0.190412
0.016935
0.031907
0.009011
0.030037
0.030118
0.038584
0.022219
0.017691
0.024036
0.025205
0.060580
0.026160
0.033604
0.019821
0.022619
0.023993
0.040835
0.146178
0.050987
0.016667
0.031460
0.063483
0.051742
0.019565
0.103712
0.056393
0.239406
0.012720
0.045095
0.033857
0.010988
0.019596
0.035561
0.038539
0.012482
0.019395
0.038496
0.059492
0.070598
0.038560
0.036824
0.049780
0.023762
0.041938
0.162526
0.017258
0.029451
0.037604
0.038803
0.014487
0.119931
0.040690
0.207449
0.014678
0.027625
0.028046
0.022343
0.021762
0.022451
0.023082
0.008272
0.021393
0.025092
0.035248
0.053194
0.017202
0.017598
0.048039
0.018617
0.024271
0.187318
0.041385
0.034039
0.018492
0.030403
0.063508
0.017563
0.236450
0.019619
0.049461
0.020076
0.039817
0.041826
0.042857
0.036172
0.027581
0.036406
0.038401
0.096044
0.052588
0.045804
0.037461
0.020958
0.026955
0.064217
0.131295
0.048642
0.017028
0.055835
0.106696
0.013687
0.156162
0.039210
0.040804
0.020587
0.070309
0.061899
0.047888
0.023570
0.043410
0.049029
0.033421
0.074656
0.014691
0.039612
0.016749
0.041090
0.044269
0.054726
0.181685
0.102808
0.051611
0.062406
0.006913
0.212967
0.034487
0.052959
0.013838
0.055867
0.054970
0.055169
0.032757
0.038853
0.036883
0.051409
0.097983
0.033020
0.050731
0.029032
0.015255
0.030359
0.073443
0.125760
0.074578
0.142175
0.049656
0.223798
0.020458
0.021449
0.033100
0.016577
0.037242
0.014147
0.023083
0.007869
0.023195
0.033029
0.056749
0.068394
0.015375
0.027892
0.069949
0.029261
0.024423
0.206113
0.041047
0.074303
0.346018
0.097575
0.175012
0.085485
0.124109
0.092113
0.163191
0.145573
0.121931
0.118446
0.133430
0.201329
0.117667
0.165503
0.132378
0.029449
0.092882
0.188312
0.034874
0.104114
0.200548
0.036318
0.047980
0.014948
0.064759
0.058579
0.049271
0.032595
0.042581
0.048198
0.046239
0.094382
0.033275
0.046200
0.025438
0.025344
0.037818
0.062260
0.140885
0.082636
0.203306
0.172881
0.190821
0.239430
0.232703
0.191006
0.163915
0.220239
0.227172
0.152534
0.199823
0.132487
0.191068
0.167069
0.263176
0.230839
0.174847
0.454398
0.286849
0.036134
0.028298
0.021311
0.025214
0.025597
0.027496
0.015690
0.025670
0.022350
0.070361
0.053085
0.027465
0.029321
0.039767
0.019437
0.042549
0.167110
0.030651
0.027971
0.037524
0.064271
0.022414
0.009200
0.022018
0.026800
0.032697
0.053607
0.048388
0.017703
0.018330
0.085800
0.049399
0.020451
0.246829
0.083876
0.033454
0.041405
0.038680
0.018236
0.022353
0.019996
0.036056
0.068048
0.024958
0.035498
0.016296
0.030104
0.027966
0.043540
0.154165
0.058650
0.030643
0.032614
0.034799
0.009750
0.013768
0.043037
0.061294
0.069611
0.033208
0.040033
0.060226
0.025635
0.040450
0.185209
0.022175
0.049341
0.053614
0.023969
0.037964
0.033064
0.050339
0.068173
0.045387
0.044312
0.046830
0.019427
0.050173
0.155658
0.032309
0.024483
0.018234
0.034362
0.031435
0.062214
0.064689
0.008922
0.025479
0.079917
0.033359
0.023126
0.237660
0.058835
0.020090
0.019848
0.025395
0.058575
0.029356
0.020206
0.010520
0.063510
0.035530
0.029170
0.216073
0.077787
0.011167
0.027782
0.039906
0.052782
0.015281
0.019476
0.050037
0.018183
0.023158
0.185554
0.034768
0.043137
0.061110
0.056531
0.030937
0.025525
0.048811
0.023020
0.044441
0.175461
0.044921
0.056588
0.037749
0.028518
0.027485
0.064511
0.037344
0.032773
0.211791
0.073564
0.077914
0.045863
0.040821
0.110933
0.064538
0.026241
0.267689
0.093888
0.056586
0.026734
0.057637
0.060037
0.060373
0.196867
0.110327
0.019018
0.075956
0.028341
0.019167
0.238393
0.067265
0.054834
0.033171
0.022228
0.201475
0.075322
0.031853
0.099335
0.081849
0.062896
0.054871
0.161388
0.034317
0.259842
0.075563
0.163282
