0.666200
0.718203
0.508016
0.418750
0.551123
0.525716
0.575230
0.548458
0.456009
0.730412
0.608280
0.730810
0.689516
0.504873
0.501453
0.385790
0.675750
0.648270
0.669544
0.431782
0.540692
0.613305
0.564586
0.511427
0.702420
0.439296
0.354884
0.671661
0.753499
0.644672
0.599279
0.462437
0.442764
0.528188
0.557616
0.607828
0.710197
0.600751
0.471066
0.433393
0.608184
0.520138
0.663838
0.570351
0.662878
0.488625
0.615527
0.407469
0.609921
0.842351
0.730288
0.665264
0.739792
0.764193
0.666015
0.909433
0.673202
0.809177
0.684114
0.789693
0.748340
0.703616
0.815243
0.741844
0.827367
0.737379
0.726707
0.685012
0.763368
0.856253
0.721410
0.648234
0.714501
0.725917
0.561972
0.676476
0.791896
0.776503
0.672919
0.616766
0.723128
0.813704
0.773713
0.668560
1.035331
0.823268
0.744367
0.647913
0.724991
0.759181
0.739598
0.682444
0.798859
0.788232
0.936560
0.584039
0.636632
0.705265
0.637826
0.751020
0.811480
0.761326
0.771094
0.748177
0.879934
0.768034
0.737821
0.805474
0.583114
0.728688
0.640401
0.799089
0.688464
0.662088
0.649728
0.690933
0.776706
0.691081
0.683526
0.912193
0.748760
0.667021
0.826439
0.919559
0.813416
0.742349
0.673890
0.689364
0.682525
0.673786
0.709147
0.690963
0.822367
0.758908
0.706429
0.712304
0.776492
0.728044
0.772583
0.620961
0.696799
0.777556
0.744672
0.643191
0.548228
0.475295
0.607869
0.602790
0.566054
0.492416
0.759441
0.642591
0.520133
0.710789
0.546673
0.598909
0.546567
0.631038
0.574368
0.679107
0.588319
0.490788
0.629559
0.488498
0.616905
0.743593
0.579027
0.460606
0.635365
0.828245
0.643830
0.583280
0.540182
0.499096
0.459610
0.514243
0.608040
0.752752
0.700403
0.378926
0.628805
0.676189
0.580483
0.643537
0.566158
0.573633
0.569083
0.655725
0.553351
0.691672
0.635782
0.672288
0.510776
0.618105
0.503145
0.799378
0.570762
0.720341
0.538728
0.566723
0.602701
0.471197
0.652090
0.559775
0.664805
0.481095
0.554036
0.696548
0.437779
0.462673
0.706989
0.625613
0.385548
0.733522
0.637300
0.545746
0.540073
0.444740
0.469523
0.518303
0.526981
0.598076
0.725655
0.681437
0.566693
0.477457
0.622768
0.555939
0.645255
0.546492
0.653902
0.535912
0.706189
0.501898
0.668599
0.558614
0.560424
0.688456
0.590782
0.726643
0.658140
0.695649
0.711612
0.540110
0.628088
0.634934
0.607502
0.635985
0.652720
0.559224
0.589054
0.779340
0.614904
0.681016
0.712015
0.560757
0.543908
0.455129
0.930167
0.686907
0.732891
0.637283
0.634808
0.571542
0.639787
0.642078
0.765310
0.771363
0.322870
0.587586
0.686412
0.409530
0.634630
0.648968
0.539313
0.533980
0.719117
0.635906
0.748075
0.505732
0.580734
0.500331
0.800311
0.671658
0.634857
0.770618
0.563183
0.601242
0.526580
0.638833
0.636783
0.607281
0.442117
0.498254
0.590923
0.609310
0.596661
0.735094
0.685973
0.553916
0.730641
0.929748
0.740130
0.649930
0.678303
0.565203
0.536319
0.629326
0.628783
0.722420
0.604436
0.632269
0.482338
0.651477
0.601244
0.678419
0.545504
0.689433
0.595556
0.478643
0.549363
0.676105
0.589664
0.491027
0.798432
0.603550
0.723552
0.559964
0.511464
0.710234
0.623929
0.482963
0.564305
0.577717
0.344999
0.615700
0.765092
0.586726
0.578298
0.597954
0.656572
0.511674
0.706644
0.773101
0.544993
0.651804
0.586455
0.516521
0.526900
0.571334
0.603363
0.816811
0.625395
0.599500
0.484463
0.622811
0.463074
0.585671
0.457658
0.594249
0.519078
0.707093
0.531464
0.767694
0.615517
0.872592
0.718817
0.736513
0.761586
0.650768
0.661011
0.583654
0.627182
0.675413
0.770460
0.495291
0.523380
0.544085
0.618038
0.659369
0.777313
0.733461
0.580010
0.825278
0.917646
0.713980
0.618878
0.654940
0.520798
0.537116
0.365910
0.721449
0.693080
0.624924
0.644387
0.535559
0.735299
0.629546
0.725935
0.556373
0.699336
0.575946
0.438132
0.614606
0.680928
0.766481
0.631616
0.702736
0.690248
0.457727
0.645396
0.504550
0.634386
0.592399
0.696856
0.492884
0.534695
0.624521
0.592619
0.580753
0.688633
0.551633
0.460935
0.732121
0.860310
0.601327
0.567541
0.535133
0.511040
0.496305
0.616968
0.715398
0.818320
0.509296
0.542281
0.506061
0.677799
0.594970
0.597941
0.412995
0.635259
0.494152
0.544664
0.439969
0.677058
0.676475
0.912783
0.867066
0.660706
0.854051
0.754229
0.746353
0.691299
0.651276
0.668181
0.855298
0.886169
0.807551
0.801988
0.593717
0.703387
0.739446
0.615631
0.839131
0.830283
0.735889
0.779549
0.768564
0.779217
0.880145
0.721027
0.868291
0.798706
0.713126
0.799211
0.679888
0.761535
0.701432
0.738040
0.675619
0.818076
0.962804
0.808312
0.852341
0.739926
0.723804
0.557102
0.753730
0.622572
0.668804
0.400050
0.591624
0.487518
0.679418
0.735476
0.478474
0.553651
0.656923
0.633759
0.516022
0.612255
0.842941
0.626674
0.442274
0.624477
0.576343
0.566664
0.672750
0.579807
0.825901
0.667655
0.591212
0.526384
0.682264
0.557718
0.642479
0.519645
0.594708
0.609190
0.790096
0.710364
0.724096
0.837541
0.661818
0.729820
0.719623
0.814747
0.692172
0.752762
0.678481
0.700472
0.701847
0.639666
0.737255
0.783050
0.813900
0.642464
0.785496
0.944176
0.717817
0.704721
0.727902
0.688967
0.579968
0.639863
0.696284
0.752702
0.829523
0.735650
0.712960
0.732270
0.700629
0.660206
0.710523
0.624502
0.709405
0.721203
0.700304
0.785888
0.707806
0.763315
0.763513
0.713146
0.718818
0.719593
0.557592
0.734242
0.866662
0.664761
0.671265
0.672569
0.731122
0.572643
0.781045
0.895564
0.499471
0.804750
0.729177
0.657053
0.515583
0.703615
0.679230
0.892708
0.763841
0.753393
0.657229
0.798208
0.500983
0.672417
0.636694
0.774287
0.592286
0.812672
0.665460
0.852116
0.629680
0.462698
0.639998
0.515498
0.541532
0.427597
0.613179
0.678069
0.601851
0.508619
0.635486
0.607321
0.467071
0.629468
0.823358
0.592493
0.549903
0.510936
0.502812
0.463322
0.685967
0.527494
0.788887
0.581861
0.544668
0.448226
0.533449
0.567856
0.569179
0.526645
0.445768
0.473785
0.579827
0.464330
0.707999
0.388758
0.791961
0.648361
0.729182
0.483435
0.602440
0.554377
0.624736
0.615485
0.783364
0.690389
0.534651
0.777967
0.790739
0.692977
0.645520
0.519792
0.666676
0.585916
0.670575
0.706555
0.786497
0.684538
0.457439
0.546715
0.627753
0.689318
0.777722
0.605915
0.747932
0.549382
0.685982
0.572390
0.567145
0.698767
0.565930
0.662238
0.359805
0.463015
0.408216
0.566395
0.476916
0.664110
0.612179
0.442235
0.688349
0.747880
0.694179
0.469498
0.417690
0.478651
0.530264
0.591660
0.633824
0.666204
0.529705
0.515263
0.448852
0.639751
0.679525
0.725630
0.532033
0.686589
0.548497
0.592082
0.346343
0.447580
0.650042
0.592994
0.523099
0.676381
0.799570
0.646512
0.711327
0.691789
0.611023
0.603923
0.682510
0.852141
0.712672
0.695365
0.673211
0.552413
0.648996
0.728507
0.711343
0.762133
0.734851
0.686322
0.624185
0.828681
0.583932
0.740839
0.574107
0.632440
0.681965
0.734489
0.687137
0.847381
0.685075
0.456882
0.676834
0.688069
0.486331
0.499161
0.646690
0.657536
0.544750
0.623873
0.789082
0.612085
0.316906
0.524055
0.602547
0.564276
0.671654
0.668592
0.752513
0.626983
0.519453
0.618060
0.644427
0.598716
0.645852
0.460818
0.643828
0.566511
0.741684
0.635864
0.725019
0.513911
0.701975
0.790988
0.721903
0.654419
0.686246
0.587957
0.598757
0.658154
0.860749
0.686828
0.790322
0.702891
0.665897
0.662743
0.743269
0.642976
0.778770
0.823585
0.650155
0.624853
0.649380
0.642115
0.684119
0.645581
0.601542
0.669576
0.817641
0.683537
0.740255
0.546804
0.566814
0.534681
0.428058
0.566215
0.598202
0.413241
0.617004
0.796767
0.472269
0.486962
0.461563
0.461316
0.429293
0.570657
0.576945
0.674143
0.427961
0.517253
0.317694
0.588264
0.457841
0.602500
0.383826
0.602988
0.406092
0.562701
0.472547
0.583648
0.502415
0.525368
0.646335
0.772903
0.696359
0.481227
0.782606
0.897373
0.718024
0.655574
0.674671
0.500005
0.503175
0.521633
0.609294
0.703496
0.574685
0.552395
0.582444
0.660648
0.593350
0.686839
0.552931
0.701868
0.650770
0.471685
0.569424
0.573274
0.642062
0.675236
0.789827
0.800668
0.595848
0.822280
0.904648
0.765289
0.668185
0.713860
0.664974
0.587119
0.624266
0.679150
0.709346
0.651088
0.705642
0.637525
0.729366
0.798768
0.794012
0.623939
0.810321
0.671485
0.588491
0.614753
0.562693
0.518856
0.744885
0.645886
0.440360
0.694131
0.759369
0.582467
0.470436
0.534069
0.524878
0.475934
0.444073
0.590451
0.733909
0.682600
0.596036
0.569938
0.720717
0.579463
0.623174
0.532490
0.633787
0.608152
0.693802
0.632422
0.704106
0.654665
0.632301
0.500925
0.689631
0.740342
0.559574
0.417999
0.504734
0.557800
0.577355
0.626981
0.635628
0.704568
0.663714
0.583328
0.441785
0.599108
0.680716
0.613329
0.549040
0.622003
0.497087
0.701870
0.425050
0.634572
0.785271
0.656947
0.713687
0.790797
0.671115
0.638791
0.614536
0.651281
0.653578
0.787816
0.715289
0.916527
0.804953
0.749684
0.589719
0.729738
0.698163
0.585319
0.696039
0.705108
0.641947
0.829131
0.640312
0.759419
0.536884
0.645140
0.766836
0.651968
0.663433
0.563091
0.612347
0.660258
0.651077
0.726506
0.802336
0.706865
0.503024
0.650272
0.735265
0.572363
0.650122
0.627442
0.616683
0.589139
0.791794
0.679276
0.724295
0.631868
0.739779
0.602607
0.493402
0.429054
0.421649
0.450743
0.417821
0.536221
0.749768
0.636799
0.458564
0.407086
0.610264
0.455875
0.598868
0.474179
0.619035
0.471202
0.618949
0.474922
0.603260
0.938342
0.750338
0.696602
0.712156
0.735481
0.677876
0.756321
0.664855
0.695321
0.825555
0.553825
0.613147
0.747680
0.570979
0.720284
0.647340
0.650797
0.695594
0.911016
0.709729
0.789633
0.819105
0.722833
0.632551
0.778502
0.833417
0.839418
0.868808
1.027903
0.909086
0.802476
0.810237
0.841046
0.878622
0.842912
0.799894
0.866688
0.857409
0.925759
0.772202
0.780949
0.651662
0.643917
0.545857
0.427822
0.727701
0.650076
0.784980
0.650351
0.679384
0.558710
0.704282
0.515674
0.566511
0.552182
0.675789
0.427747
0.766037
0.675273
0.835061
0.418422
0.572461
0.577227
0.628531
0.736699
0.829065
0.589292
0.581896
0.543160
0.745805
0.730466
0.657884
0.526113
0.675878
0.598753
0.686924
0.570428
0.599963
0.561550
0.606717
0.562382
0.687705
0.822053
0.661971
0.468958
0.491680
0.663462
0.683253
0.610418
0.590096
0.661906
0.558382
0.740214
0.483719
0.520172
0.360771
0.544165
0.565850
0.735347
0.635269
0.619710
0.467028
0.725065
0.507372
0.624423
0.541744
0.615152
0.463391
0.553909
0.508168
0.664375
0.531234
0.518285
0.709418
0.574700
0.604590
0.432507
0.647062
0.419652
0.537398
0.459011
0.539574
0.372155
0.499997
0.568019
0.717682
0.636900
0.787284
0.752555
0.546025
0.524731
0.649232
0.583228
0.703796
0.616477
0.624016
0.618990
0.643763
0.594095
0.645878
0.774258
0.744636
0.645341
0.601076
0.506283
0.585995
0.615886
0.647931
0.561035
0.635381
0.758679
0.594798
0.744231
0.825375
0.822875
0.724818
0.754609
0.730289
0.849004
0.797385
0.855849
0.762754
0.708065
0.815899
0.825263
0.688926
0.627988
0.807004
0.744524
0.744947
0.483727
0.782108
0.643036
0.578183
0.630151
0.701542
0.615317
0.529907
0.504640
0.682278
0.603953
0.570794
0.502815
0.713768
0.544213
0.626897
0.627696
0.559910
0.614772
0.516497
0.610836
0.436694
0.618364
0.472670
0.676559
0.653324
0.677365
0.689009
0.588048
0.664149
0.735621
0.601278
0.744401
0.568226
0.539911
0.606361
0.409992
0.662665
0.645779
0.802616
0.614376
0.568837
0.575125
0.731714
0.716085
0.702933
0.637705
0.553340
0.516299
0.541800
0.676028
0.621094
0.733226
0.682341
0.826718
0.600403
0.542503
0.755176
0.635906
0.725891
0.538799
