0.053076
0.076130
0.036814
0.015645
0.046218
0.050862
0.023040
0.038720
0.063780
0.023491
0.286071
0.016958
0.041307
0.031270
0.108005
0.042095
0.050058
0.042752
0.046215
0.013098
0.022131
0.024975
0.032828
0.037985
0.380827
0.031965
0.023892
0.059969
0.029686
0.012121
0.027472
0.064233
0.020277
0.173710
0.077074
0.041578
0.042947
0.021530
0.012624
0.021628
0.016852
0.014665
0.012263
0.368842
0.020108
0.013483
0.033014
0.031592
0.161598
0.019835
0.078572
0.056092
0.024958
0.015462
0.021143
0.022465
0.149739
0.022848
0.170087
0.076638
0.031571
0.014537
0.033351
0.034900
0.119734
0.091317
0.052043
0.038034
0.018337
0.043285
0.026656
0.055478
0.348995
0.123294
0.047681
0.031231
0.017587
0.056137
0.081573
0.041081
0.070262
0.136685
0.029001
0.038122
0.024035
0.070496
0.050091
0.042470
0.035988
0.030356
0.050106
0.222495
0.035184
0.042705
0.016118
0.058729
0.057618
0.108092
0.068686
0.017622
0.010127
0.035210
0.028964
0.189101
0.033642
0.189873
0.108249
0.037531
0.023009
0.018543
0.040341
0.133951
0.111499
0.074046
0.062482
0.034546
0.055380
0.032583
0.085016
0.387570
0.164243
0.048702
0.021953
0.024234
0.077695
0.111271
0.046201
0.089286
0.142407
0.034228
0.041414
0.027371
0.090257
0.078100
0.051956
0.043518
0.052103
0.065457
0.222205
0.040056
0.063937
0.021882
0.071184
0.044494
0.036483
0.089310
0.080260
0.052813
0.082797
0.043744
0.057782
0.294457
0.030108
0.079205
0.057780
0.146035
0.084966
0.064463
0.064842
0.072176
0.043233
0.062673
0.057534
0.057550
0.054869
0.371923
0.045572
0.063430
0.115350
0.058570
0.035237
0.044049
0.110488
0.031503
0.222749
0.137754
0.087690
0.089428
0.054669
0.035723
0.059259
0.047376
0.044334
0.039018
0.381198
0.041852
0.043608
0.066898
0.076820
0.188661
0.049275
0.046127
0.018403
0.042989
0.073454
0.025030
0.318713
0.027894
0.052826
0.036140
0.115063
0.051549
0.042455
0.068510
0.076500
0.020022
0.029011
0.041273
0.036436
0.059100
0.427723
0.044479
0.017843
0.059494
0.032970
0.011144
0.029307
0.079752
0.009886
0.202651
0.086427
0.040883
0.044323
0.016891
0.026451
0.023247
0.018548
0.023137
0.010315
0.368161
0.013870
0.033655
0.035392
0.022301
0.170679
0.015559
0.021685
0.012698
0.154752
0.019225
0.227657
0.073300
0.021759
0.016509
0.033142
0.023346
0.107850
0.090229
0.051783
0.039369
0.020200
0.029893
0.022790
0.054252
0.394361
0.119743
0.034672
0.013266
0.015035
0.049626
0.083044
0.045203
0.062129
0.159897
0.031763
0.026223
0.015376
0.057940
0.046744
0.030217
0.020679
0.024436
0.040494
0.275713
0.030804
0.035069
0.011473
0.045793
0.059597
0.016594
0.014704
0.155405
0.014225
0.201916
0.072647
0.020129
0.018813
0.033823
0.021425
0.110366
0.078575
0.052762
0.039509
0.021629
0.033054
0.017942
0.059334
0.375532
0.123167
0.029156
0.017310
0.014557
0.049710
0.082180
0.036593
0.060008
0.126284
0.029165
0.031320
0.018242
0.059541
0.049292
0.029518
0.025858
0.033598
0.040383
0.244875
0.024103
0.040293
0.009876
0.048983
0.060856
0.010618
0.116138
0.005655
0.252131
0.036630
0.020041
0.018951
0.063456
0.022696
0.078743
0.064519
0.051953
0.019877
0.011046
0.022215
0.018702
0.041098
0.394935
0.073738
0.016894
0.024213
0.012765
0.020934
0.047578
0.049575
0.028836
0.164920
0.040134
0.024981
0.016307
0.026850
0.025663
0.015347
0.011797
0.014662
0.019394
0.299756
0.013045
0.023143
0.009635
0.022581
0.103294
0.155282
0.008200
0.234321
0.057042
0.010100
0.023156
0.051460
0.016762
0.108303
0.078030
0.047558
0.029818
0.017188
0.020805
0.019443
0.041224
0.391574
0.102349
0.031300
0.013828
0.016251
0.037675
0.072863
0.043230
0.052168
0.144418
0.025512
0.026579
0.010360
0.043055
0.036107
0.023138
0.017442
0.020577
0.035202
0.275960
0.026789
0.028110
0.009255
0.036769
0.074751
0.122115
0.351539
0.057214
0.155331
0.117080
0.229524
0.157202
0.054810
0.109120
0.121993
0.081825
0.112045
0.117676
0.130250
0.108812
0.363126
0.039680
0.113981
0.183965
0.119838
0.069424
0.056930
0.177412
0.057837
0.292200
0.207825
0.147903
0.151716
0.091164
0.073378
0.112587
0.099861
0.086916
0.071084
0.471167
0.098296
0.086156
0.138946
0.126503
0.286931
0.238100
0.037947
0.014913
0.019161
0.062669
0.015239
0.085517
0.055307
0.038207
0.016070
0.011686
0.014048
0.012743
0.035056
0.388117
0.075341
0.019380
0.023128
0.012868
0.022835
0.050816
0.040320
0.032824
0.136593
0.033882
0.027378
0.012089
0.030638
0.020164
0.014057
0.009902
0.014350
0.021149
0.282590
0.014331
0.018309
0.007808
0.030258
0.093760
0.295089
0.234233
0.209732
0.158729
0.244536
0.372319
0.286802
0.191825
0.250121
0.219646
0.237078
0.236478
0.251002
0.152718
0.365113
0.298543
0.228179
0.212294
0.303258
0.292060
0.199675
0.315048
0.200827
0.173965
0.272389
0.210822
0.343529
0.266825
0.283215
0.262000
0.248415
0.301905
0.186474
0.273014
0.243605
0.225690
0.344416
0.141122
0.055208
0.056083
0.141659
0.058285
0.057540
0.043525
0.057217
0.023855
0.040042
0.028416
0.051673
0.040564
0.361503
0.017084
0.042054
0.088222
0.048836
0.016399
0.026355
0.095666
0.020619
0.202180
0.098480
0.073020
0.059362
0.029229
0.017299
0.034716
0.028883
0.026689
0.023303
0.380787
0.036506
0.020074
0.052457
0.055598
0.187073
0.024657
0.055951
0.010035
0.112275
0.056926
0.043210
0.036532
0.025171
0.013666
0.015678
0.037516
0.384651
0.104212
0.030904
0.027029
0.020552
0.047884
0.081617
0.028822
0.062510
0.130608
0.032394
0.029939
0.020252
0.050734
0.037433
0.020014
0.020306
0.029066
0.037342
0.274618
0.028153
0.025781
0.011971
0.043078
0.079814
0.044133
0.025416
0.080169
0.066396
0.039706
0.027012
0.014304
0.027239
0.013966
0.044810
0.368933
0.093790
0.029533
0.032157
0.010398
0.040925
0.059441
0.030658
0.049548
0.150711
0.042672
0.020374
0.025090
0.050946
0.032791
0.024931
0.018332
0.019840
0.025541
0.265493
0.017566
0.026661
0.011097
0.039444
0.077340
0.058016
0.185968
0.135649
0.089128
0.097399
0.052693
0.073604
0.062868
0.103326
0.360782
0.205651
0.083434
0.037138
0.043735
0.117311
0.147033
0.064193
0.135873
0.161524
0.038014
0.065588
0.047312
0.130481
0.105399
0.082657
0.073965
0.076803
0.104252
0.216399
0.078212
0.084086
0.042412
0.108755
0.036417
0.109348
0.043972
0.040898
0.038169
0.024272
0.014880
0.014906
0.050334
0.397106
0.103790
0.023149
0.028467
0.024439
0.049276
0.079864
0.024889
0.066368
0.126760
0.032948
0.027375
0.024239
0.045934
0.035237
0.014283
0.023117
0.035167
0.033503
0.301878
0.028094
0.028603
0.011420
0.036464
0.094619
0.106016
0.130665
0.075584
0.080307
0.094993
0.099888
0.118021
0.420773
0.048428
0.065588
0.118887
0.093369
0.045934
0.031697
0.129647
0.034277
0.281626
0.159502
0.088101
0.103891
0.042774
0.068995
0.076023
0.073841
0.073491
0.038654
0.463388
0.065865
0.083846
0.100721
0.066965
0.258612
0.047271
0.051896
0.062853
0.035190
0.047510
0.064267
0.376387
0.066992
0.043890
0.109024
0.062640
0.062137
0.078338
0.064397
0.079391
0.147671
0.109082
0.078928
0.087493
0.070542
0.037652
0.035794
0.051844
0.064618
0.048825
0.374304
0.045604
0.033546
0.057590
0.075029
0.185176
0.034617
0.042292
0.028172
0.030117
0.034442
0.327607
0.092423
0.064900
0.073607
0.036190
0.062548
0.088158
0.047787
0.080392
0.120093
0.070583
0.061145
0.058075
0.086724
0.030364
0.049602
0.037659
0.035820
0.055163
0.278906
0.050288
0.022440
0.036975
0.082992
0.095702
0.020082
0.024118
0.022118
0.031763
0.366005
0.047354
0.028861
0.054709
0.022956
0.017025
0.042202
0.056149
0.027070
0.142570
0.060469
0.040948
0.031556
0.035437
0.013913
0.020408
0.012527
0.009524
0.017764
0.299513
0.017585
0.013140
0.025071
0.038590
0.126303
0.021986
0.024820
0.046012
0.361230
0.074015
0.023815
0.025847
0.012376
0.023809
0.047656
0.044641
0.038093
0.162977
0.030477
0.030587
0.015298
0.034121
0.024292
0.020448
0.015357
0.012290
0.023189
0.284776
0.021677
0.019557
0.010663
0.034381
0.094570
0.017892
0.026702
0.367716
0.066655
0.028460
0.042197
0.021181
0.032710
0.057246
0.043782
0.045598
0.143956
0.046339
0.039098
0.025900
0.039906
0.016271
0.017130
0.012911
0.019839
0.026979
0.305188
0.023327
0.009284
0.016588
0.046354
0.106539
0.033254
0.394539
0.093509
0.024345
0.040693
0.013876
0.042130
0.073487
0.025608
0.052296
0.120377
0.050216
0.022290
0.029311
0.050705
0.027635
0.017155
0.014558
0.024409
0.026169
0.267547
0.013469
0.021986
0.008545
0.037103
0.083713
0.363116
0.069984
0.064412
0.080700
0.037548
0.049332
0.078188
0.075459
0.057908
0.152390
0.085508
0.061858
0.055180
0.066607
0.025064
0.047450
0.032722
0.027263
0.044955
0.284600
0.042978
0.019898
0.037766
0.072534
0.115116
0.402570
0.427365
0.403410
0.369525
0.404238
0.351297
0.365604
0.399537
0.360338
0.358135
0.415622
0.367441
0.435832
0.378809
0.411654
0.402106
0.376797
0.407439
0.413415
0.411151
0.361632
0.386936
0.479933
0.369892
0.070866
0.138741
0.088590
0.030452
0.030557
0.146143
0.032542
0.255676
0.156054
0.109539
0.105690
0.041255
0.032177
0.065565
0.060310
0.052324
0.039450
0.456124
0.066767
0.046827
0.096834
0.076604
0.263058
0.041265
0.025160
0.027533
0.054408
0.048172
0.037695
0.166779
0.062585
0.026286
0.036330
0.026755
0.032718
0.008466
0.017974
0.030566
0.015019
0.349258
0.010713
0.030326
0.019711
0.017610
0.141459
0.029593
0.057512
0.089774
0.051083
0.070677
0.161747
0.018974
0.036788
0.012127
0.059764
0.065755
0.039996
0.034593
0.040184
0.054325
0.283809
0.045709
0.054188
0.021584
0.049777
0.074743
0.034703
0.062493
0.040142
0.045923
0.146987
0.039965
0.023711
0.021919
0.050159
0.028130
0.022234
0.013126
0.014053
0.027209
0.261158
0.016599
0.019952
0.008243
0.037336
0.071707
0.025656
0.087088
0.009022
0.204079
0.080624
0.053472
0.040973
0.013024
0.017175
0.026776
0.018432
0.014283
0.013610
0.373262
0.024328
0.022943
0.035841
0.032962
0.165647
0.104843
0.017634
0.227901
0.106432
0.074480
0.066149
0.025297
0.032436
0.053792
0.048777
0.043249
0.030472
0.407151
0.050203
0.050036
0.070240
0.059329
0.213446
0.101285
0.094801
0.045785
0.033232
0.046517
0.088098
0.065205
0.040956
0.049699
0.061525
0.059573
0.255324
0.045967
0.054592
0.032324
0.061501
0.091481
0.222760
0.098219
0.061978
0.049981
0.017021
0.027042
0.038278
0.027180
0.026384
0.016003
0.382583
0.030046
0.037302
0.050339
0.042114
0.185775
0.121833
0.161760
0.144236
0.218530
0.165508
0.154552
0.163586
0.173124
0.185879
0.229119
0.157130
0.150954
0.139854
0.204659
0.157543
0.058373
0.014362
0.085555
0.073723
0.051634
0.049890
0.053518
0.077403
0.229746
0.064943
0.059177
0.031220
0.078354
0.066015
0.039196
0.050163
0.047870
0.027076
0.029085
0.035061
0.029906
0.307379
0.025911
0.043809
0.021579
0.022094
0.106494
0.047992
0.043194
0.027946
0.020989
0.025116
0.040866
0.260299
0.032838
0.034289
0.015952
0.048834
0.078157
0.026809
0.029062
0.030958
0.032704
0.016348
0.417649
0.032900
0.040489
0.043100
0.023353
0.196415
0.022363
0.015123
0.013635
0.016453
0.344148
0.022851
0.007957
0.029200
0.040796
0.145935
0.010235
0.022291
0.013651
0.329633
0.011848
0.018891
0.015902
0.021935
0.128801
0.008536
0.013431
0.307212
0.010716
0.010298
0.013406
0.028293
0.107041
0.017821
0.303292
0.020589
0.009742
0.018356
0.036250
0.105471
0.354977
0.012524
0.021091
0.027113
0.021015
0.154151
0.307889
0.312471
0.266208
0.386006
0.139573
0.021367
0.015245
0.025486
0.119847
0.021551
0.046214
0.116198
0.033077
0.071963
0.166191
