0.735169
0.621874
0.562268
0.471779
0.654910
0.546546
0.889427
0.598510
0.746701
0.626999
0.684526
0.669024
0.568980
0.740421
0.555240
0.689725
0.679952
0.586172
0.678699
0.703728
0.740080
0.759755
0.721359
0.452601
0.752015
0.444371
0.602974
0.821419
0.665336
0.755379
0.718162
0.610934
0.653590
0.676927
0.523687
0.677893
0.718218
0.780977
0.728524
0.519134
0.513733
0.624587
0.611921
0.669108
0.597644
0.680416
0.670332
0.587918
0.575439
0.608997
0.674590
0.617626
0.629790
0.627418
1.003900
0.759982
0.826472
0.743543
0.512005
0.731454
0.742375
0.840703
0.605056
0.759286
0.656031
0.587835
0.585498
0.797374
0.758343
0.740575
0.809619
0.582583
0.785703
0.695309
0.620674
0.831039
0.729606
0.713772
0.726132
0.710431
0.787725
0.595865
0.769372
0.731004
0.799393
0.825263
0.822154
0.579878
0.557595
0.653953
0.636195
0.709340
0.536530
0.737916
0.779827
0.710536
0.721296
0.529003
0.569485
0.602712
0.602130
0.945367
0.647142
0.662847
0.621817
0.429763
0.620713
0.635945
0.775211
0.411803
0.568124
0.443344
0.532055
0.499088
0.671174
0.688522
0.687585
0.593396
0.524262
0.671987
0.545624
0.570844
0.610352
0.596083
0.619349
0.713016
0.645499
0.675692
0.606910
0.690738
0.625465
0.576770
0.665958
0.637080
0.467775
0.559377
0.537351
0.572315
0.565154
0.542188
0.557109
0.577568
0.520007
0.542523
0.473367
0.500134
0.412527
0.929405
0.587392
0.739381
0.480878
0.505291
0.712976
0.600958
0.784885
0.472256
0.545218
0.509285
0.462447
0.642366
0.624924
0.707312
0.753653
0.671055
0.469281
0.688148
0.416740
0.590542
0.706268
0.535946
0.692437
0.542197
0.546996
0.677453
0.675518
0.675435
0.603609
0.771861
0.804042
0.669472
0.386221
0.516926
0.469263
0.462453
0.617359
0.438459
0.632907
0.692875
0.496070
0.550767
0.468502
0.497461
0.880875
0.548014
0.752328
0.518514
0.545940
0.561689
0.602834
0.778088
0.393778
0.493448
0.547241
0.461852
0.645579
0.661174
0.697242
0.576825
0.560277
0.383953
0.577005
0.467279
0.513597
0.611308
0.547399
0.664149
0.586492
0.581100
0.677149
0.625020
0.570831
0.528849
0.719759
0.774592
0.763847
0.335643
0.428913
0.553643
0.499540
0.519430
0.450900
0.521806
0.578128
0.447281
0.355915
0.429527
1.007662
0.632347
0.727258
0.512833
0.449551
0.701375
0.642331
0.819507
0.477435
0.568668
0.555119
0.459804
0.533828
0.537625
0.714303
0.643059
0.604821
0.575504
0.631818
0.574141
0.599744
0.659950
0.551324
0.725169
0.452616
0.570417
0.638206
0.624706
0.694730
0.564308
0.813762
0.782965
0.787714
0.322632
0.456051
0.593319
0.603409
0.579333
0.516894
0.601009
0.708742
0.517953
0.570093
0.928044
0.531563
0.778453
0.502741
0.490305
0.696460
0.637451
0.837397
0.530800
0.506764
0.579229
0.439012
0.644028
0.512363
0.752767
0.723594
0.721645
0.508486
0.703712
0.551618
0.633821
0.718519
0.441332
0.759340
0.499624
0.516375
0.587740
0.640807
0.753044
0.614938
0.751097
0.777974
0.709668
0.368882
0.190934
0.575383
0.557735
0.623196
0.454762
0.650893
0.721939
0.523154
0.585766
0.838412
0.990024
0.928718
0.933904
0.897000
0.927087
0.892555
0.907751
0.972789
0.950496
1.005603
1.024234
0.957112
0.920604
0.952160
0.904289
0.860745
0.975702
0.906113
0.944858
0.920044
0.978589
0.959260
0.904341
0.917204
0.984539
0.947907
0.950057
0.906717
0.974623
1.008880
0.968731
0.936059
0.935924
0.941708
0.929454
0.861256
0.914207
0.922552
0.997280
0.932053
0.852010
0.759060
0.668721
0.639693
0.738461
0.583168
0.703112
0.532238
0.643131
0.690957
0.576840
0.732409
0.608053
0.837599
0.776368
0.739975
0.503830
0.659246
0.595445
0.649179
0.726333
0.653479
0.810908
0.682048
0.540625
0.677870
0.730102
0.728665
0.673368
0.751149
0.804949
0.717077
0.470255
0.601651
0.541803
0.583202
0.704391
0.537570
0.664097
0.720138
0.542589
0.577412
0.738214
0.712658
0.784679
0.846565
0.820432
0.746507
0.751965
0.620727
0.684509
0.730039
0.800947
0.854027
0.833671
0.739969
0.812273
0.868856
0.808571
0.840084
0.700363
0.818716
0.914697
0.798116
0.795818
0.758778
0.843922
0.818961
0.835581
0.424721
0.384540
0.466136
0.727528
0.784686
0.815639
0.831819
0.839750
0.757082
0.688036
0.603806
0.723667
0.750875
0.480992
0.674956
0.538740
0.691747
0.590050
0.336443
0.453396
0.461487
0.749567
0.561884
0.624624
0.558381
0.676418
0.581344
0.632222
0.570087
0.553786
0.656516
0.558872
0.742337
0.532693
0.460260
0.600185
0.692886
0.673544
0.453436
0.769642
0.786341
0.709849
0.388850
0.512081
0.584139
0.558459
0.656244
0.529431
0.601388
0.728280
0.535243
0.522614
0.613762
0.604801
0.718531
0.496170
0.498348
0.356551
0.447023
0.604648
0.592777
0.748383
0.595818
0.652096
0.636596
0.557420
0.621049
0.574133
0.607422
0.575555
0.781522
0.526082
0.547767
0.676248
0.573981
0.669689
0.568453
0.664354
0.741744
0.633291
0.377724
0.523850
0.551084
0.582457
0.623297
0.579623
0.636983
0.765075
0.589087
0.607699
0.729721
0.912688
0.607360
0.541393
0.675587
0.633405
0.691640
0.725002
0.815397
0.543156
0.811088
0.588717
0.707570
0.698161
0.690114
0.785280
0.575318
0.773084
0.828838
0.700828
0.668388
0.543407
0.673558
0.500665
0.673083
0.800475
0.765441
0.528762
0.616830
0.656930
0.651964
0.683487
0.734375
0.595942
0.714455
0.639298
0.480077
0.772472
0.584671
0.712436
0.656705
0.604239
0.697596
0.629539
0.715479
0.631059
0.789431
0.577648
0.734012
0.533036
0.453861
0.692232
0.683543
0.696571
0.727078
0.499034
0.592077
0.649424
0.652190
0.658437
0.778252
0.901655
0.783471
0.556598
0.668398
0.481423
0.583818
0.617388
0.541907
0.700331
0.772508
0.610691
0.625541
0.827474
0.836070
0.775465
0.737967
0.861462
0.903252
0.840237
0.871611
0.897998
0.718033
0.908282
0.741279
0.784926
0.888657
0.917887
0.884176
0.805655
0.775559
0.918720
0.904335
0.767995
0.858739
0.912643
0.983328
0.853464
0.747186
0.825217
0.761724
0.760851
0.846037
0.746014
0.878020
0.877164
0.788152
0.734131
0.541505
0.429754
0.458129
0.525213
0.604098
0.694903
0.599211
0.460334
0.440617
0.608749
0.498329
0.476986
0.625606
0.541074
0.547811
0.603784
0.580800
0.603155
0.537602
0.539655
0.542804
0.681633
0.728486
0.613125
0.339276
0.424900
0.487088
0.485343
0.415297
0.495296
0.557629
0.591414
0.400468
0.473688
0.414451
0.492309
0.709964
0.567388
0.742146
0.544859
0.639011
0.513841
0.473956
0.673560
0.601998
0.698132
0.434818
0.727317
0.640737
0.415827
0.601308
0.645511
0.652067
0.385143
0.709302
0.652286
0.667755
0.404622
0.485262
0.578414
0.573000
0.674595
0.598248
0.518647
0.601355
0.492981
0.521305
0.510905
0.556168
0.675712
0.748458
0.596499
0.503466
0.620732
0.602480
0.628004
0.599451
0.606481
0.589970
0.653313
0.652314
0.560429
0.674538
0.620961
0.560242
0.565445
0.599188
0.611162
0.414367
0.452059
0.557232
0.533851
0.617629
0.506665
0.567572
0.606942
0.687312
0.473207
0.594818
0.558424
0.548578
0.709554
0.590099
0.619183
0.523277
0.675980
0.525108
0.570782
0.611075
0.538722
0.719913
0.491926
0.515054
0.567684
0.544362
0.634411
0.562654
0.684759
0.683574
0.699482
0.306583
0.421904
0.531502
0.601611
0.586164
0.498838
0.535465
0.566302
0.491178
0.518523
0.722883
0.775352
0.695266
0.631816
0.617546
0.787238
0.636694
0.662790
0.756082
0.607315
0.626619
0.716835
0.703661
0.639558
0.505727
0.688463
0.688851
0.689202
0.706730
0.682094
0.534452
0.585356
0.652535
0.723220
0.645146
0.553287
0.677208
0.688711
0.487893
0.703861
0.744151
0.645080
0.803961
0.616641
0.555561
0.730020
0.546116
0.785419
0.512718
0.792931
0.578580
0.524122
0.383510
0.650098
0.770304
0.577858
0.753820
0.680624
0.814070
0.464577
0.513910
0.639752
0.695294
0.690899
0.641331
0.729418
0.561543
0.574875
0.609146
0.703878
0.903725
0.703877
0.835859
0.544357
0.685944
0.945220
0.769930
0.797968
0.793284
0.757155
0.769785
0.757826
0.784504
0.712045
0.836977
0.897663
0.932738
0.625569
0.698503
0.697607
0.627985
0.697259
0.653242
0.807719
0.725652
0.714605
0.626810
0.693980
0.679641
0.590179
0.726642
0.582081
0.727331
0.544725
0.698582
0.749801
0.582893
0.582234
0.500705
0.560331
0.359624
0.746141
0.776590
0.762349
0.515708
0.629923
0.652370
0.684852
0.630725
0.688314
0.679591
0.743644
0.619280
0.595763
0.671723
0.733369
0.719226
0.733097
0.406253
0.667419
0.740522
0.690325
0.748430
0.801131
0.778289
0.723803
0.750801
0.767331
0.654706
0.683437
0.542220
0.638099
0.760050
0.792002
0.634567
0.765066
0.481667
0.752325
0.539344
0.678868
0.659525
0.427234
0.536831
0.777747
0.594974
0.619934
0.639337
0.531340
0.652816
0.617331
0.643968
0.561166
0.772694
0.831954
0.781237
0.383448
0.437756
0.486457
0.510325
0.596194
0.408516
0.555934
0.536358
0.466357
0.467680
0.740149
0.618036
0.725832
0.660741
0.754169
0.775628
0.550685
0.678883
0.691737
0.703726
0.504872
0.755366
0.715893
0.731508
0.530569
0.684164
0.722841
0.682062
0.727015
0.671198
0.765807
0.751808
0.630510
0.682983
0.635850
0.763568
0.654083
0.651676
0.649724
0.636318
0.792031
0.618655
0.560923
0.634257
0.802983
0.885358
0.778536
0.433597
0.545516
0.485567
0.479639
0.522243
0.467698
0.642623
0.679811
0.486684
0.525304
0.791679
0.620886
0.508297
0.708614
0.426177
0.535751
0.615509
0.587304
0.559883
0.783508
0.885017
0.798144
0.539556
0.603224
0.483339
0.512441
0.550015
0.522110
0.695662
0.703736
0.585109
0.575332
0.715919
0.879758
0.755314
0.730426
0.752856
0.824263
0.813522
0.833520
0.759159
0.697106
0.724173
0.642125
0.711007
0.735341
0.841394
0.823943
0.775750
0.528870
0.728112
0.670458
0.671840
0.726881
0.615718
0.512510
0.498021
0.554603
0.712726
0.465673
0.784248
0.722827
0.730973
0.370155
0.435544
0.600114
0.635617
0.603143
0.588947
0.683062
0.652342
0.536485
0.509890
0.774835
0.587106
0.802967
0.712274
0.512005
0.593458
0.831324
0.916829
0.801489
0.627716
0.665907
0.530265
0.627934
0.494834
0.574909
0.698390
0.649048
0.615778
0.700234
0.552728
0.727339
0.769721
0.747213
0.665337
0.862551
0.844563
0.835804
0.432629
0.522723
0.699616
0.641434
0.742538
0.635059
0.718969
0.755661
0.654942
0.680432
0.576969
0.626500
0.632051
0.425753
0.752786
0.743885
0.672081
0.447114
0.526185
0.472484
0.576140
0.621699
0.479601
0.660981
0.676403
0.525065
0.601975
0.608393
0.741942
0.538537
0.623837
0.597681
0.748937
0.557067
0.565522
0.728850
0.693080
0.719565
0.666313
0.810055
0.584944
0.574401
0.634923
0.580398
0.557195
0.712279
0.834108
0.755732
0.539268
0.566176
0.584068
0.615672
0.611942
0.648681
0.682325
0.685566
0.592946
0.636714
0.593905
0.781804
0.882647
0.696876
0.591994
0.653603
0.592404
0.617089
0.568247
0.603444
0.735588
0.732544
0.630645
0.656839
0.784369
0.764158
0.770851
0.397555
0.577588
0.575018
0.523900
0.575517
0.573842
0.683832
0.685538
0.524087
0.552075
0.392431
0.408063
0.704819
0.789187
0.745559
0.715506
0.732043
0.707482
0.734091
0.673988
0.732878
0.771097
0.447228
0.732869
0.772748
0.873966
0.906981
0.808781
0.768270
0.723129
0.600392
0.712815
0.788963
0.685824
0.733357
0.708306
0.743486
0.682661
0.709800
0.823014
0.769590
0.652908
0.816430
0.304191
0.448832
0.467412
0.516011
0.452800
0.519522
0.610584
0.331220
0.376490
0.595875
0.584096
0.556788
0.509690
0.619023
0.642920
0.455885
0.536781
0.421138
0.526733
0.479509
0.618836
0.651372
0.528021
0.529353
0.555631
0.484015
0.659684
0.704317
0.607335
0.529504
0.567335
0.657722
0.756377
0.499665
0.593357
0.657370
0.607276
0.549881
0.555635
0.627614
0.588721
0.590935
0.608351
0.537167
0.450235
