0.101006
0.228062
0.209699
0.175527
0.240981
0.102606
0.231231
0.233660
0.365961
0.146701
0.243710
0.283590
0.249493
0.202306
0.169387
0.210295
0.145748
0.288101
0.142464
0.174317
0.154501
0.111518
0.171357
0.154094
0.161192
0.117052
0.262160
0.228762
0.102079
0.156175
0.225112
0.150539
0.157384
0.102924
0.159656
0.150406
0.264737
0.181688
0.243260
0.155826
0.133960
0.116362
0.218313
0.191441
0.240976
0.222731
0.278177
0.202769
0.280421
0.146925
0.124617
0.128567
0.144585
0.045609
0.197231
0.122429
0.456184
0.073128
0.161478
0.178231
0.129897
0.141380
0.079120
0.154997
0.104693
0.161147
0.071345
0.104653
0.124370
0.059101
0.124059
0.090503
0.093428
0.189937
0.157392
0.117689
0.036284
0.061471
0.141587
0.054314
0.077100
0.057278
0.049890
0.090404
0.172513
0.091637
0.174661
0.067946
0.071821
0.046880
0.145471
0.094631
0.143432
0.123879
0.168575
0.126614
0.170488
0.014264
0.019060
0.022227
0.095540
0.042808
0.029002
0.528679
0.125111
0.032383
0.032075
0.029913
0.023782
0.043736
0.032775
0.032202
0.031709
0.030885
0.024079
0.034850
0.047888
0.038964
0.035729
0.034208
0.433680
0.057555
0.048885
0.072362
0.080589
0.016385
0.073927
0.052249
0.070611
0.077180
0.040839
0.025771
0.030583
0.022258
0.049865
0.038954
0.064376
0.010578
0.047666
0.011554
0.043299
0.043214
0.021779
0.047952
0.027741
0.013843
0.082214
0.048309
0.022347
0.518537
0.109892
0.034266
0.020802
0.021990
0.029338
0.021133
0.033411
0.029762
0.025326
0.025543
0.019457
0.040194
0.041428
0.042151
0.026541
0.023327
0.403567
0.043262
0.020623
0.056571
0.049931
0.009272
0.053651
0.037851
0.052295
0.054781
0.038435
0.017532
0.009890
0.021622
0.040341
0.027511
0.047082
0.011711
0.026856
0.008978
0.030098
0.034422
0.011095
0.032488
0.032603
0.071208
0.033820
0.030988
0.487170
0.125816
0.029991
0.054906
0.041982
0.019758
0.036262
0.026318
0.016462
0.048488
0.032516
0.016592
0.012123
0.035145
0.032062
0.017167
0.022323
0.389581
0.070640
0.072526
0.059814
0.067502
0.029495
0.058493
0.030362
0.056710
0.068819
0.031441
0.034290
0.039532
0.025279
0.056298
0.025437
0.051666
0.020604
0.040519
0.029787
0.040592
0.063855
0.018920
0.053431
0.101179
0.042286
0.021924
0.539649
0.150219
0.016058
0.018954
0.015356
0.039979
0.032552
0.027805
0.049295
0.018265
0.050975
0.018509
0.054756
0.068028
0.060508
0.032404
0.032655
0.454217
0.057757
0.030914
0.084160
0.066071
0.010771
0.069329
0.041501
0.080271
0.069191
0.052475
0.021970
0.026446
0.020259
0.064795
0.039495
0.071922
0.014648
0.038722
0.010186
0.038745
0.037949
0.011624
0.020567
0.127274
0.082734
0.488776
0.071856
0.110760
0.130979
0.103674
0.102834
0.050705
0.103447
0.064231
0.122344
0.043593
0.068521
0.070642
0.039925
0.091127
0.040443
0.054307
0.214649
0.115662
0.105929
0.036991
0.061282
0.098419
0.051776
0.058054
0.038775
0.049818
0.049093
0.121902
0.062226
0.121394
0.052916
0.035933
0.034397
0.092776
0.066306
0.098724
0.096438
0.130794
0.081100
0.140999
0.071517
0.441881
0.205433
0.031845
0.050489
0.071131
0.034016
0.086687
0.017081
0.047632
0.076330
0.086101
0.031875
0.036070
0.091444
0.051718
0.061290
0.075357
0.482121
0.124575
0.098812
0.130817
0.128887
0.037164
0.123833
0.087258
0.119110
0.140835
0.078978
0.055332
0.074798
0.031645
0.126722
0.067577
0.113671
0.024193
0.097124
0.049699
0.081713
0.091820
0.041181
0.066085
0.575443
0.102657
0.033329
0.036505
0.015213
0.044279
0.020965
0.053837
0.048771
0.013247
0.039137
0.028746
0.055130
0.049026
0.058507
0.022438
0.021450
0.417191
0.032763
0.036860
0.062460
0.043427
0.027470
0.047947
0.024828
0.056029
0.044603
0.036672
0.024935
0.024712
0.040965
0.039010
0.034589
0.046711
0.033393
0.019359
0.016478
0.019213
0.027463
0.024213
0.035069
0.571413
0.518336
0.532213
0.591532
0.468428
0.530975
0.455860
0.442335
0.609535
0.489021
0.471612
0.445589
0.462454
0.434512
0.520181
0.540763
0.541630
0.655828
0.538144
0.497349
0.521797
0.518829
0.530267
0.530861
0.492652
0.571429
0.508735
0.550991
0.522577
0.515589
0.562012
0.492613
0.491850
0.493505
0.560483
0.557691
0.555071
0.604266
0.520639
0.551093
0.181663
0.157047
0.128611
0.128288
0.073961
0.175184
0.098194
0.135498
0.052784
0.119700
0.118047
0.055009
0.099373
0.086285
0.081586
0.193970
0.088268
0.105556
0.043117
0.055370
0.129978
0.062454
0.090908
0.038743
0.054118
0.089781
0.142579
0.081041
0.171537
0.042087
0.070887
0.035735
0.139999
0.073165
0.123704
0.089479
0.113701
0.135273
0.178517
0.038234
0.031563
0.043982
0.051434
0.018257
0.055256
0.034580
0.071739
0.020248
0.052166
0.079416
0.061964
0.040026
0.045753
0.476905
0.083709
0.066646
0.107817
0.091121
0.021455
0.090335
0.050159
0.098579
0.094614
0.053837
0.035582
0.050132
0.030577
0.089302
0.053391
0.089067
0.022406
0.059754
0.022905
0.055486
0.054998
0.022899
0.032705
0.038305
0.045893
0.052340
0.044752
0.063375
0.030397
0.064979
0.038581
0.069382
0.087931
0.062485
0.056692
0.057932
0.491547
0.063714
0.034289
0.110065
0.083014
0.014870
0.091140
0.073540
0.096810
0.096485
0.081208
0.017527
0.039834
0.032922
0.089794
0.060499
0.090920
0.028967
0.053541
0.018240
0.042922
0.040482
0.034008
0.027994
0.047426
0.033688
0.047720
0.060203
0.013584
0.053024
0.029834
0.070301
0.062830
0.070728
0.037954
0.033332
0.439248
0.047579
0.031732
0.073330
0.060748
0.024850
0.063399
0.035581
0.077845
0.055628
0.047481
0.029987
0.028970
0.034026
0.047356
0.048893
0.067486
0.030046
0.036397
0.016694
0.034797
0.034280
0.022209
0.029452
0.052464
0.028828
0.018764
0.051879
0.039474
0.020809
0.017498
0.048491
0.013732
0.039002
0.047483
0.416214
0.080039
0.066843
0.068473
0.078172
0.028844
0.066377
0.049702
0.073683
0.082554
0.063201
0.036093
0.050099
0.020304
0.071781
0.038136
0.063458
0.024851
0.053616
0.033579
0.039571
0.063665
0.030707
0.047893
0.057786
0.036962
0.034563
0.020561
0.029058
0.050020
0.029725
0.055704
0.014073
0.014305
0.319597
0.041337
0.027828
0.032349
0.017903
0.035016
0.028057
0.017841
0.026895
0.023872
0.033558
0.039085
0.010192
0.056894
0.022679
0.017830
0.020709
0.040711
0.006515
0.030309
0.027987
0.047032
0.025658
0.052096
0.039402
0.057388
0.065344
0.017956
0.037514
0.068989
0.044966
0.047214
0.055400
0.437578
0.107497
0.069649
0.100647
0.100588
0.025783
0.101162
0.065876
0.094768
0.109250
0.057061
0.040826
0.050080
0.028962
0.092014
0.054854
0.087000
0.018171
0.073081
0.036210
0.070754
0.077193
0.026661
0.044468
0.067898
0.020911
0.026334
0.007067
0.019951
0.020277
0.025016
0.028273
0.337673
0.077097
0.071636
0.041729
0.056473
0.034918
0.044643
0.037898
0.043043
0.060949
0.039494
0.049755
0.039551
0.033929
0.051676
0.021014
0.036291
0.030042
0.043288
0.041443
0.043833
0.076993
0.031494
0.071416
0.058927
0.039188
0.075721
0.078919
0.074546
0.042701
0.043093
0.472517
0.038813
0.036292
0.093096
0.064533
0.026202
0.073932
0.047627
0.090629
0.067676
0.062467
0.022142
0.034167
0.039868
0.059927
0.056726
0.077066
0.032464
0.031725
0.013863
0.029860
0.027253
0.030877
0.029476
0.033129
0.033741
0.011727
0.035031
0.023068
0.021402
0.290745
0.054091
0.045670
0.017032
0.033294
0.041216
0.030787
0.034108
0.019300
0.031729
0.030949
0.054342
0.019830
0.058613
0.016595
0.014873
0.014903
0.039622
0.024589
0.037210
0.039086
0.062995
0.037492
0.080816
0.025440
0.040985
0.031930
0.020249
0.027798
0.383331
0.066548
0.045397
0.054617
0.053451
0.018332
0.051164
0.028554
0.053875
0.057785
0.038995
0.033720
0.027881
0.026808
0.053980
0.021840
0.044874
0.016023
0.035492
0.022441
0.035839
0.050855
0.013314
0.035419
0.034278
0.021964
0.027261
0.037877
0.362658
0.089460
0.091424
0.057830
0.073944
0.041683
0.056918
0.043597
0.057689
0.076771
0.047825
0.055737
0.053954
0.035496
0.070324
0.024808
0.050888
0.032251
0.054384
0.048440
0.050879
0.085282
0.036044
0.075533
0.041005
0.028053
0.023664
0.264167
0.072263
0.065693
0.015205
0.037574
0.056293
0.034840
0.032862
0.016201
0.036793
0.021995
0.071237
0.031394
0.073967
0.021161
0.023224
0.016197
0.052945
0.037650
0.054605
0.049399
0.082068
0.049163
0.100263
0.043233
0.052835
0.364107
0.086909
0.075549
0.059739
0.067997
0.039795
0.064547
0.056769
0.060719
0.081860
0.062342
0.057340
0.056099
0.043280
0.068253
0.033867
0.052614
0.039290
0.058367
0.049317
0.044283
0.067470
0.050516
0.075064
0.011367
0.328740
0.049035
0.055248
0.036298
0.033495
0.032651
0.028789
0.013918
0.032088
0.032814
0.027449
0.040804
0.024464
0.042489
0.036077
0.010029
0.028838
0.034103
0.017126
0.030679
0.030794
0.054450
0.021672
0.055609
0.340752
0.039764
0.046251
0.034303
0.031260
0.031014
0.028308
0.013694
0.026404
0.029206
0.025076
0.040639
0.020334
0.045426
0.025194
0.014888
0.026734
0.036463
0.017454
0.027718
0.028059
0.047765
0.020362
0.057875
0.413963
0.389149
0.230488
0.288377
0.437512
0.295823
0.339341
0.232189
0.285165
0.322703
0.464661
0.344036
0.475609
0.277316
0.305867
0.243303
0.433438
0.344179
0.442767
0.406253
0.459401
0.416151
0.498318
0.057911
0.077757
0.047694
0.053222
0.056436
0.048972
0.065207
0.051366
0.068507
0.047474
0.042067
0.078268
0.050367
0.054499
0.057589
0.068536
0.027119
0.039372
0.026688
0.026566
0.056278
0.075380
0.065149
0.048012
0.034382
0.069024
0.057387
0.062000
0.057823
0.067594
0.039985
0.016691
0.059947
0.042604
0.052509
0.058455
0.046881
0.035393
0.032407
0.047594
0.044600
0.038434
0.044002
0.029867
0.077458
0.023849
0.034071
0.016125
0.020066
0.042643
0.094660
0.038584
0.094736
0.019568
0.024868
0.014394
0.080422
0.037561
0.073898
0.059391
0.097347
0.063227
0.111198
0.062631
0.019433
0.022805
0.027199
0.018863
0.052728
0.068615
0.032521
0.092592
0.035005
0.027432
0.018410
0.075134
0.015367
0.062900
0.027810
0.057172
0.053839
0.081207
0.063487
0.044714
0.068430
0.070881
0.049828
0.018057
0.025949
0.018334
0.061448
0.033791
0.063172
0.010772
0.039427
0.007933
0.031862
0.033289
0.014912
0.025890
0.017170
0.033127
0.011696
0.060170
0.077374
0.044516
0.079584
0.040760
0.019053
0.021133
0.076712
0.024028
0.063844
0.034771
0.076947
0.050819
0.079363
0.034946
0.021251
0.038070
0.051845
0.033286
0.054806
0.037988
0.017663
0.027422
0.051262
0.016938
0.041499
0.022472
0.054345
0.026387
0.054168
0.030057
0.035824
0.083307
0.031609
0.100775
0.021701
0.025668
0.009495
0.076326
0.031747
0.065725
0.050465
0.080384
0.062700
0.111810
0.053170
0.081506
0.035781
0.094247
0.027521
0.026462
0.021902
0.082590
0.022316
0.063642
0.040995
0.076263
0.055442
0.087366
0.061679
0.028795
0.069236
0.030748
0.034842
0.036662
0.040126
0.043274
0.044306
0.056880
0.067622
0.039606
0.092723
0.034343
0.027310
0.072779
0.052727
0.076444
0.025568
0.035305
0.017254
0.029365
0.036583
0.022182
0.022240
0.051191
0.022042
0.025780
0.030299
0.028304
0.018260
0.021806
0.035943
0.041117
0.022929
0.052501
0.087661
0.046956
0.089707
0.017504
0.060446
0.024267
0.049225
0.059457
0.016507
0.027686
0.034107
0.021324
0.063597
0.028608
0.049003
0.052029
0.061733
0.055363
0.097911
0.019298
0.036251
0.020782
0.036280
0.030713
0.060888
0.025871
0.064265
0.066984
0.024458
0.060020
0.039877
0.071928
0.054047
0.097473
0.049205
0.014025
0.044597
0.046204
0.013064
0.040521
0.031660
0.016220
0.040036
0.030519
0.051565
0.028278
0.028147
0.017580
0.030569
0.024605
0.033123
0.044295
0.048024
0.053221
0.025376
