0.021190
0.009594
0.063931
0.051224
0.025920
0.019826
0.095346
0.078347
0.055873
0.105216
0.090975
0.058467
0.053430
0.040365
0.072524
0.019941
0.010392
0.065543
0.088146
0.078093
0.045648
0.039437
0.087940
0.067059
0.098964
0.056332
0.070022
0.022092
0.103594
0.126731
0.457316
0.083888
0.081472
0.050471
0.015036
0.097533
0.225349
0.163608
0.033919
0.181798
0.024938
0.082857
0.127381
0.077931
0.048805
0.040681
0.079814
0.064672
0.045630
0.022126
0.080197
0.051885
0.041852
0.036689
0.103976
0.122513
0.048539
0.140352
0.128148
0.046317
0.077641
0.063083
0.080068
0.027739
0.032377
0.053146
0.121240
0.065200
0.069769
0.062451
0.130082
0.098628
0.145508
0.076027
0.098155
0.043328
0.124129
0.165660
0.486087
0.108681
0.116575
0.070078
0.042059
0.092564
0.259204
0.203278
0.062363
0.212565
0.037194
0.105581
0.160757
0.065676
0.070660
0.044483
0.098713
0.061857
0.065592
0.057353
0.036675
0.023689
0.027077
0.100258
0.090275
0.043850
0.123479
0.103401
0.054931
0.042476
0.035917
0.048443
0.022062
0.010235
0.043847
0.088319
0.048684
0.038092
0.035291
0.094201
0.068704
0.111193
0.054592
0.070524
0.015074
0.094685
0.145391
0.470437
0.086121
0.078204
0.056188
0.011908
0.070833
0.254475
0.163985
0.040158
0.183751
0.015835
0.076835
0.139917
0.052934
0.040526
0.028079
0.072510
0.048649
0.033364
0.038018
0.022150
0.057141
0.131447
0.066024
0.042493
0.069783
0.044713
0.129052
0.014557
0.021727
0.057425
0.025926
0.054917
0.057048
0.050239
0.098925
0.016413
0.012795
0.038001
0.016250
0.083014
0.010682
0.026490
0.031164
0.051986
0.114324
0.386356
0.021954
0.032622
0.021416
0.047172
0.061560
0.191306
0.088231
0.025488
0.099842
0.039522
0.014311
0.063324
0.104881
0.012943
0.058320
0.029444
0.058066
0.020114
0.020841
0.068117
0.135074
0.125998
0.014822
0.129000
0.113856
0.094844
0.027538
0.019149
0.026387
0.022180
0.038327
0.013440
0.105581
0.033148
0.028334
0.024920
0.105885
0.060303
0.147491
0.037791
0.066329
0.022502
0.048813
0.183860
0.504688
0.070831
0.091720
0.050028
0.039072
0.023969
0.290289
0.170864
0.051196
0.196048
0.012128
0.048636
0.148565
0.041263
0.023831
0.021901
0.039393
0.025626
0.027584
0.036757
0.121005
0.062760
0.021346
0.073299
0.055806
0.093746
0.016390
0.008511
0.051433
0.007913
0.022266
0.040988
0.061053
0.062620
0.009988
0.008580
0.052294
0.026963
0.083465
0.014861
0.031229
0.010330
0.063687
0.107319
0.411326
0.035579
0.045899
0.018371
0.015690
0.055887
0.206465
0.110597
0.016636
0.126220
0.010994
0.028040
0.082983
0.069863
0.012965
0.032374
0.039078
0.046709
0.016354
0.056064
0.058580
0.065469
0.095797
0.071859
0.047526
0.055203
0.050598
0.076308
0.032926
0.025217
0.084733
0.060816
0.092795
0.043434
0.042469
0.072236
0.060219
0.070222
0.055470
0.051932
0.037804
0.109178
0.109470
0.414792
0.072758
0.059946
0.050870
0.031260
0.110123
0.200638
0.127326
0.031271
0.150856
0.040311
0.072604
0.103520
0.088790
0.052368
0.065369
0.092409
0.069956
0.045520
0.129815
0.142537
0.156420
0.168009
0.056291
0.136152
0.128840
0.136638
0.104573
0.093326
0.141831
0.110733
0.135711
0.125915
0.126788
0.168479
0.153381
0.133214
0.136746
0.126598
0.124701
0.165492
0.187322
0.487571
0.159539
0.144832
0.147684
0.113600
0.188811
0.287691
0.206594
0.126042
0.240494
0.103690
0.166263
0.198647
0.132704
0.139758
0.134080
0.174230
0.115899
0.127149
0.126197
0.050247
0.030712
0.148090
0.071110
0.069971
0.149692
0.076511
0.081765
0.166260
0.020099
0.186513
0.058806
0.059828
0.031392
0.050073
0.012881
0.054359
0.041416
0.071183
0.127606
0.040307
0.281961
0.051605
0.036702
0.046178
0.067569
0.173954
0.086989
0.061287
0.042467
0.070919
0.093470
0.067365
0.033670
0.188080
0.069145
0.135765
0.113061
0.147397
0.073464
0.121020
0.103197
0.097069
0.037704
0.030097
0.042315
0.023359
0.049532
0.021949
0.111567
0.041030
0.033503
0.030462
0.105797
0.059885
0.150647
0.038438
0.060561
0.033408
0.073975
0.167717
0.463704
0.062847
0.086509
0.042977
0.048075
0.032928
0.275007
0.154793
0.050594
0.174516
0.024178
0.043980
0.132875
0.045266
0.032095
0.032288
0.051532
0.034839
0.032884
0.038228
0.200604
0.086092
0.077919
0.178820
0.078260
0.104025
0.167910
0.068983
0.209999
0.080924
0.069528
0.063887
0.053758
0.072961
0.051932
0.042673
0.094019
0.113664
0.052299
0.304984
0.043327
0.056396
0.049296
0.092618
0.187271
0.109173
0.065218
0.060638
0.085690
0.111632
0.068321
0.044257
0.220694
0.084777
0.138399
0.090715
0.160442
0.088540
0.191908
0.057262
0.061084
0.148561
0.069091
0.094294
0.152784
0.040625
0.200723
0.049312
0.043899
0.016102
0.018704
0.041285
0.037802
0.020803
0.072516
0.106143
0.045719
0.270266
0.019870
0.019282
0.026413
0.074371
0.152264
0.094312
0.038746
0.030791
0.044581
0.098845
0.034551
0.012243
0.203394
0.051245
0.135654
0.076321
0.151386
0.063678
0.121272
0.112988
0.086139
0.077639
0.067395
0.092566
0.138600
0.068661
0.109250
0.110926
0.180043
0.163040
0.163670
0.129346
0.143351
0.088960
0.166800
0.219477
0.534639
0.167794
0.162737
0.129168
0.089770
0.126406
0.312067
0.254851
0.113205
0.273871
0.070045
0.163671
0.220909
0.058046
0.121137
0.085691
0.176275
0.069138
0.106588
0.010549
0.034363
0.026932
0.039854
0.046576
0.060134
0.073945
0.006938
0.006254
0.040532
0.019037
0.086463
0.013493
0.026825
0.016102
0.039348
0.129120
0.425667
0.027397
0.033614
0.028575
0.027845
0.042463
0.221580
0.099129
0.022768
0.119798
0.023648
0.016068
0.084080
0.084149
0.006335
0.043369
0.027875
0.044326
0.006836
0.046602
0.015808
0.029658
0.041141
0.063643
0.069683
0.011197
0.007534
0.053736
0.025543
0.089145
0.013894
0.032123
0.013429
0.041903
0.121319
0.430735
0.033633
0.048122
0.027240
0.021386
0.051706
0.219265
0.112299
0.022320
0.134050
0.013456
0.025112
0.090406
0.080253
0.010248
0.034538
0.025625
0.045319
0.015274
0.053650
0.052816
0.025629
0.122499
0.027236
0.041763
0.043403
0.123379
0.087267
0.163140
0.065659
0.090711
0.038239
0.061618
0.230146
0.541272
0.098963
0.103366
0.084692
0.057817
0.018727
0.336084
0.192012
0.073738
0.224509
0.031045
0.069192
0.185090
0.029509
0.041410
0.033295
0.067714
0.015397
0.033370
0.021991
0.034897
0.073978
0.064617
0.023280
0.015563
0.068718
0.038674
0.100705
0.021831
0.045555
0.018389
0.064178
0.120167
0.432101
0.044906
0.063622
0.025688
0.023466
0.060350
0.209164
0.136680
0.025781
0.147726
0.013859
0.042727
0.095532
0.068081
0.022727
0.030005
0.042330
0.038518
0.026850
0.054606
0.084239
0.059175
0.032856
0.031363
0.087729
0.061453
0.097363
0.047060
0.062426
0.015065
0.087615
0.133988
0.472149
0.081051
0.074121
0.053304
0.007939
0.080811
0.247318
0.151590
0.029999
0.182568
0.014969
0.072255
0.133680
0.065802
0.039750
0.028111
0.066323
0.051854
0.033216
0.136684
0.024661
0.053208
0.046891
0.143053
0.091617
0.190023
0.062116
0.096886
0.041991
0.063445
0.226766
0.540233
0.097989
0.122618
0.080976
0.059027
0.022714
0.337895
0.209072
0.081944
0.233723
0.025130
0.076138
0.190063
0.031600
0.046249
0.019372
0.052281
0.018795
0.045005
0.159221
0.051251
0.053375
0.039647
0.047485
0.024601
0.050657
0.036674
0.068016
0.104190
0.071754
0.295123
0.048564
0.032850
0.050401
0.071141
0.144538
0.130154
0.059836
0.051325
0.067429
0.083125
0.055714
0.048303
0.160130
0.056222
0.121934
0.095774
0.125151
0.064026
0.071824
0.077226
0.184107
0.137870
0.207431
0.100663
0.128988
0.056655
0.109807
0.261171
0.581234
0.147771
0.151558
0.118553
0.068618
0.039606
0.387824
0.244237
0.108086
0.277463
0.033572
0.116118
0.240418
0.006755
0.078701
0.031296
0.108573
0.025326
0.064137
0.005723
0.036122
0.018538
0.072052
0.014441
0.024433
0.015300
0.058190
0.111910
0.401832
0.030126
0.031263
0.021225
0.023530
0.051953
0.208230
0.093874
0.015271
0.110850
0.019970
0.016688
0.074669
0.079090
0.006850
0.048175
0.042154
0.049408
0.010467
0.036689
0.015082
0.076555
0.009644
0.020934
0.013417
0.043977
0.107849
0.405374
0.022363
0.030930
0.017767
0.023195
0.050386
0.194858
0.093495
0.015096
0.111036
0.020154
0.014053
0.069284
0.084896
0.005781
0.041940
0.027776
0.044802
0.010049
0.017136
0.038576
0.034517
0.025952
0.063201
0.096976
0.069099
0.309135
0.024863
0.018665
0.032128
0.065140
0.132164
0.117871
0.060395
0.030899
0.052986
0.087188
0.032747
0.024503
0.188841
0.038453
0.130208
0.076691
0.134069
0.053861
0.063580
0.013504
0.013246
0.036084
0.059871
0.084991
0.348255
0.010899
0.017210
0.017337
0.043509
0.091451
0.159947
0.061376
0.017182
0.071808
0.054273
0.011070
0.038412
0.145145
0.014099
0.085193
0.033204
0.096296
0.027207
0.071332
0.054232
0.090152
0.147321
0.041653
0.253576
0.066120
0.043349
0.067983
0.085164
0.193488
0.100699
0.053098
0.056643
0.061931
0.112312
0.080802
0.044181
0.209576
0.085423
0.160247
0.131774
0.166145
0.088341
0.018341
0.026149
0.052214
0.092214
0.373386
0.011320
0.031107
0.015165
0.038795
0.069193
0.172823
0.078525
0.018336
0.092618
0.033978
0.013668
0.052912
0.110904
0.012257
0.056704
0.030121
0.061881
0.018396
0.041796
0.065254
0.075849
0.341235
0.012755
0.016038
0.021626
0.046979
0.098351
0.150628
0.049819
0.021813
0.072396
0.057478
0.017366
0.038629
0.137331
0.024709
0.087292
0.048277
0.094863
0.030684
0.061966
0.127024
0.441561
0.051411
0.051171
0.030085
0.008581
0.052399
0.230719
0.122106
0.018252
0.147639
0.011866
0.038441
0.105546
0.064055
0.015056
0.024774
0.040027
0.046281
0.011461
0.192373
0.494906
0.063452
0.092376
0.074586
0.078651
0.059892
0.252830
0.154667
0.079351
0.185798
0.062469
0.056005
0.135755
0.119182
0.042429
0.067229
0.026443
0.065475
0.054433
0.179022
0.074827
0.073246
0.075844
0.119415
0.240887
0.075382
0.047220
0.080741
0.056757
0.152425
0.105683
0.039061
0.267523
0.125320
0.194872
0.153931
0.219519
0.126757
0.320525
0.315588
0.341060
0.443994
0.538690
0.210299
0.200333
0.372072
0.155955
0.480288
0.359237
0.224449
0.578090
0.416813
0.522628
0.441386
0.535784
0.426905
0.023245
0.018736
0.064221
0.096672
0.138225
0.052329
0.028517
0.062528
0.066681
0.013570
0.028002
0.155944
0.026009
0.095810
0.041483
0.097891
0.035118
0.034969
0.053621
0.119695
0.145959
0.038910
0.029440
0.053147
0.074293
0.023477
0.036424
0.159278
0.034254
0.109382
0.065330
0.115497
0.035274
0.042180
0.082580
0.145045
0.078853
0.013907
0.086224
0.046596
0.019335
0.041250
0.118985
0.020157
0.068907
0.049592
0.084907
0.031680
0.077789
0.229574
0.127593
0.022460
0.151936
0.016470
0.055919
0.112265
0.077351
0.027011
0.033818
0.053971
0.063746
0.024282
0.337143
0.203682
0.087392
0.224744
0.045061
0.067166
0.186620
0.044518
0.046573
0.042507
0.060635
0.030436
0.047356
0.130702
0.166826
0.107351
0.264551
0.185608
0.060785
0.385727
0.212783
0.309857
0.241789
0.317794
0.229926
0.080270
0.036805
0.155145
0.063581
0.040716
0.253517
0.100873
0.187717
0.117646
0.202007
0.097481
0.102545
0.036201
0.027071
0.057239
0.111041
0.019791
0.058741
0.050697
0.078264
0.021790
0.179673
0.081240
0.031215
0.283685
0.114345
0.227113
0.146050
0.229685
0.127084
0.053340
0.133440
0.041974
0.023079
0.019635
0.048119
0.028313
0.021746
0.051437
0.123802
0.013673
0.078235
0.033720
0.076713
0.020616
0.243040
0.076549
0.177011
0.108136
0.182378
0.092512
0.084602
0.036981
0.121580
0.028343
0.074557
0.045961
0.025759
0.052357
0.012524
0.049651
0.027981
0.039386
0.071151
0.036558
0.040491
