0.056662
0.013439
0.040427
0.094085
0.072772
0.058730
0.039561
0.019176
0.022581
0.025076
0.115398
0.074944
0.099673
0.018658
0.009928
0.044141
0.254713
0.087846
0.017969
0.082786
0.069087
0.025471
0.006197
0.078725
0.103542
0.020608
0.017872
0.018710
0.089644
0.018871
0.030774
0.025969
0.036425
0.039538
0.090447
0.032899
0.019243
0.055427
0.015846
0.018291
0.049885
0.042427
0.022969
0.041408
0.028143
0.116568
0.066278
0.024139
0.038672
0.038540
0.020945
0.017241
0.015605
0.038815
0.021839
0.050718
0.024052
0.031469
0.021999
0.050701
0.016411
0.055696
0.041437
0.011554
0.160261
0.087365
0.036420
0.031518
0.059320
0.032018
0.067818
0.012923
0.018927
0.063493
0.078968
0.052120
0.014195
0.038977
0.016997
0.038762
0.016355
0.019844
0.049077
0.012996
0.040645
0.012017
0.044775
0.033856
0.010171
0.009857
0.017050
0.015068
0.021536
0.021034
0.008645
0.063170
0.052811
0.030844
0.065301
0.052322
0.045792
0.030052
0.031920
0.015703
0.026730
0.089949
0.062841
0.075308
0.032937
0.013304
0.034295
0.218968
0.077252
0.015769
0.064008
0.060777
0.020486
0.021799
0.060287
0.076841
0.033133
0.022624
0.027072
0.067687
0.020764
0.028152
0.034260
0.025234
0.035782
0.073456
0.021087
0.018463
0.037690
0.014618
0.019838
0.037545
0.029631
0.015000
0.033078
0.021295
0.090678
0.045506
0.035433
0.026014
0.039657
0.016677
0.043007
0.018212
0.028021
0.026324
0.028615
0.051388
0.051479
0.040298
0.038751
0.028113
0.020999
0.183753
0.075684
0.040579
0.037794
0.069723
0.022277
0.050749
0.028904
0.041281
0.047541
0.054894
0.030869
0.036928
0.031253
0.022709
0.036128
0.011831
0.025117
0.034517
0.010462
0.039411
0.026523
0.032045
0.035115
0.021944
0.016954
0.018421
0.018635
0.026181
0.056110
0.017918
0.040133
0.042830
0.016735
0.057654
0.050313
0.095523
0.043957
0.052427
0.016023
0.072709
0.022651
0.097711
0.080775
0.018546
0.129162
0.120807
0.062763
0.043255
0.066179
0.063875
0.113259
0.010709
0.008680
0.098186
0.121692
0.091601
0.006655
0.070262
0.037269
0.065221
0.028340
0.038981
0.072292
0.028433
0.068640
0.015348
0.082548
0.060277
0.022594
0.027814
0.038531
0.028003
0.042310
0.027967
0.015294
0.106784
0.083184
0.052035
0.032001
0.064844
0.040549
0.034589
0.028638
0.062829
0.024751
0.067810
0.059828
0.016947
0.141253
0.103729
0.061495
0.041035
0.073880
0.051548
0.089347
0.014011
0.013801
0.066991
0.094830
0.056174
0.016464
0.050731
0.030622
0.049081
0.018644
0.028597
0.045184
0.015253
0.055452
0.020875
0.063369
0.050414
0.016014
0.021970
0.031214
0.022825
0.037187
0.034212
0.009352
0.071474
0.059959
0.037500
0.062013
0.042365
0.042151
0.071148
0.084290
0.042092
0.066849
0.051693
0.047546
0.129886
0.126550
0.050642
0.083450
0.039461
0.032539
0.064822
0.040110
0.065588
0.086429
0.063814
0.060132
0.054487
0.035449
0.034842
0.048196
0.032088
0.040964
0.101296
0.039682
0.038625
0.030263
0.058883
0.034449
0.049983
0.039120
0.033822
0.037479
0.030893
0.067409
0.047671
0.059560
0.068269
0.034750
0.029757
0.035555
0.059043
0.044531
0.035682
0.046217
0.029861
0.024827
0.191694
0.061972
0.034549
0.038179
0.073792
0.024406
0.049299
0.034799
0.050453
0.051170
0.052862
0.035453
0.045059
0.033451
0.025763
0.040562
0.017408
0.029448
0.044314
0.022426
0.028898
0.034114
0.034231
0.027265
0.023170
0.022771
0.017170
0.019599
0.024123
0.045491
0.021949
0.033236
0.031322
0.033786
0.029795
0.106403
0.067170
0.090291
0.013609
0.009733
0.046398
0.267401
0.075452
0.030594
0.071559
0.086137
0.017386
0.016287
0.074510
0.096631
0.026764
0.030555
0.014981
0.085061
0.028941
0.032158
0.027811
0.038395
0.036958
0.064706
0.030991
0.033026
0.059957
0.018233
0.034881
0.048676
0.035265
0.029634
0.041322
0.028914
0.102439
0.057870
0.017610
0.045357
0.020403
0.070886
0.071368
0.052727
0.030915
0.018262
0.015886
0.199281
0.094038
0.011121
0.057904
0.057168
0.017753
0.031444
0.038378
0.056777
0.038405
0.037998
0.035333
0.041462
0.015776
0.019502
0.026066
0.017715
0.025782
0.079994
0.015461
0.019459
0.017965
0.013665
0.015765
0.030487
0.014225
0.009521
0.024086
0.016490
0.067625
0.033666
0.051404
0.049367
0.073054
0.074259
0.063617
0.018198
0.024341
0.019492
0.184554
0.116041
0.026831
0.079152
0.048230
0.028828
0.030635
0.039876
0.050975
0.019467
0.040691
0.020325
0.047008
0.011449
0.012772
0.008562
0.021739
0.017414
0.089095
0.018275
0.013892
0.023046
0.027740
0.014587
0.025584
0.023657
0.016164
0.024300
0.015202
0.074851
0.039416
0.030156
0.048687
0.063466
0.023443
0.116226
0.101514
0.035026
0.137686
0.116432
0.085998
0.037210
0.087203
0.083777
0.132678
0.018519
0.015817
0.118931
0.152327
0.109857
0.015577
0.095166
0.048560
0.083333
0.046120
0.049217
0.063627
0.044720
0.093854
0.035103
0.110305
0.083247
0.024859
0.045197
0.057729
0.035783
0.060303
0.022803
0.022787
0.116915
0.094808
0.078598
0.086109
0.065164
0.054950
0.224456
0.038094
0.056882
0.025738
0.124083
0.068850
0.079813
0.073527
0.079258
0.074102
0.101984
0.065963
0.069189
0.084821
0.049373
0.076677
0.053152
0.053644
0.034172
0.050795
0.078286
0.071298
0.075038
0.073223
0.038971
0.059211
0.048384
0.030888
0.056287
0.085157
0.054303
0.064145
0.036318
0.100817
0.083636
0.032551
0.123029
0.120244
0.074075
0.047234
0.075892
0.061200
0.116364
0.012620
0.023715
0.113062
0.121352
0.094572
0.018421
0.068710
0.044933
0.073356
0.035118
0.045008
0.069427
0.037921
0.070591
0.026182
0.085717
0.062477
0.033015
0.030407
0.044421
0.034875
0.047043
0.015398
0.015865
0.100559
0.086391
0.014813
0.045550
0.262244
0.106666
0.033183
0.092783
0.076874
0.028987
0.018805
0.078891
0.095472
0.014089
0.028542
0.010059
0.088297
0.016881
0.028374
0.015246
0.043058
0.029379
0.091648
0.034118
0.021808
0.057241
0.017495
0.025666
0.051052
0.039691
0.030694
0.044128
0.026654
0.114270
0.067304
0.019612
0.051079
0.036801
0.253513
0.078385
0.014601
0.068328
0.066665
0.012044
0.009259
0.067208
0.086761
0.024396
0.021813
0.014633
0.075020
0.018952
0.024336
0.023141
0.031372
0.029890
0.070756
0.023386
0.020015
0.045586
0.008438
0.020631
0.042974
0.025557
0.018128
0.034531
0.019232
0.094887
0.050247
0.022477
0.035565
0.168435
0.092732
0.027247
0.038990
0.061511
0.034146
0.056186
0.016291
0.023839
0.044064
0.072092
0.043164
0.016254
0.031467
0.014316
0.026008
0.011212
0.016212
0.059911
0.012077
0.029605
0.010304
0.038864
0.025404
0.010359
0.012448
0.012941
0.011063
0.018614
0.038946
0.014464
0.056776
0.053115
0.308338
0.229435
0.222839
0.147997
0.217705
0.278171
0.124398
0.137981
0.266961
0.269315
0.248759
0.128201
0.194271
0.183716
0.208197
0.164019
0.184557
0.247368
0.178397
0.212718
0.135968
0.262407
0.188902
0.163427
0.188649
0.185283
0.167620
0.185659
0.152030
0.160971
0.257589
0.225061
0.078411
0.040335
0.180320
0.083830
0.095561
0.118371
0.132291
0.096030
0.109456
0.089546
0.119089
0.120580
0.095953
0.118036
0.083247
0.093024
0.041353
0.081460
0.108313
0.121654
0.082746
0.107199
0.078868
0.089753
0.082427
0.074697
0.087690
0.123528
0.087090
0.084359
0.047146
0.061398
0.065328
0.021772
0.019295
0.059987
0.076446
0.033179
0.035512
0.032819
0.058910
0.024004
0.019836
0.024820
0.030285
0.029400
0.087017
0.027825
0.020107
0.033535
0.016850
0.014990
0.037394
0.023902
0.012740
0.025262
0.017814
0.084038
0.048129
0.041817
0.038306
0.123107
0.061496
0.097459
0.043710
0.050473
0.089719
0.115642
0.080540
0.042067
0.090465
0.052036
0.083130
0.040701
0.047231
0.018489
0.037843
0.083206
0.057108
0.072880
0.079232
0.032247
0.039782
0.049406
0.031529
0.054409
0.050495
0.026948
0.086090
0.055405
0.053667
0.076882
0.057786
0.072429
0.097170
0.084303
0.083761
0.066307
0.044445
0.041893
0.047302
0.056799
0.053789
0.146234
0.058735
0.054434
0.038898
0.081429
0.040478
0.066097
0.054916
0.051496
0.060206
0.045942
0.090987
0.067011
0.087498
0.099240
0.025926
0.049127
0.071388
0.048254
0.027999
0.030832
0.060300
0.021106
0.023590
0.030236
0.021017
0.032722
0.069743
0.023317
0.024598
0.031802
0.015210
0.024362
0.042196
0.017336
0.016922
0.032527
0.019277
0.073501
0.039495
0.034046
0.049570
0.095993
0.120650
0.024102
0.019659
0.019954
0.105659
0.023236
0.034927
0.027161
0.047907
0.046604
0.102244
0.044853
0.024213
0.065833
0.017744
0.024189
0.063738
0.048896
0.029974
0.050653
0.034721
0.129991
0.080542
0.023363
0.047710
0.012676
0.087570
0.106815
0.077614
0.007958
0.054297
0.030739
0.053174
0.020876
0.030596
0.064823
0.022038
0.056633
0.013720
0.072036
0.049870
0.020923
0.020922
0.034021
0.024623
0.035544
0.021327
0.011029
0.086651
0.079362
0.095723
0.130181
0.089078
0.010453
0.074069
0.037126
0.061538
0.035468
0.037461
0.071453
0.033392
0.071602
0.022124
0.091429
0.065936
0.021707
0.030677
0.046536
0.031782
0.047115
0.021495
0.015126
0.102566
0.086931
0.038052
0.010848
0.091620
0.029870
0.033692
0.021272
0.048052
0.031938
0.090751
0.037739
0.025237
0.066576
0.026651
0.030227
0.045491
0.050029
0.034730
0.042949
0.030925
0.121347
0.070766
0.022555
0.037593
0.027682
0.121984
0.024590
0.050233
0.042724
0.054376
0.061372
0.118884
0.051585
0.025674
0.074192
0.018223
0.032524
0.078223
0.058660
0.038272
0.067622
0.040864
0.141075
0.090400
0.029820
0.052063
0.085010
0.022370
0.027262
0.020660
0.037038
0.027734
0.073148
0.029152
0.022178
0.057968
0.020333
0.025459
0.041495
0.040443
0.026092
0.035632
0.025290
0.109877
0.059651
0.010723
0.030840
0.064122
0.032088
0.057028
0.028956
0.032611
0.069447
0.027058
0.067280
0.014466
0.080583
0.054290
0.020762
0.023036
0.035788
0.023069
0.039615
0.023721
0.013269
0.100954
0.081189
0.018297
0.013754
0.025733
0.027141
0.100225
0.025983
0.011267
0.028078
0.017719
0.008243
0.042724
0.026741
0.013861
0.031770
0.020305
0.088309
0.049836
0.031454
0.050260
0.010267
0.018412
0.010333
0.070527
0.016109
0.017893
0.015534
0.031114
0.012870
0.016732
0.013530
0.009493
0.009268
0.010548
0.052999
0.025202
0.034263
0.042460
0.032423
0.015012
0.098005
0.028447
0.015232
0.031703
0.030253
0.012905
0.033655
0.026821
0.020815
0.025628
0.015595
0.082273
0.047641
0.029924
0.053687
0.024244
0.051786
0.012269
0.027091
0.012880
0.031785
0.023569
0.016345
0.015871
0.010531
0.013948
0.021654
0.050126
0.018558
0.044207
0.046401
0.064651
0.017053
0.025747
0.024753
0.035669
0.022234
0.017991
0.016596
0.021706
0.013224
0.011297
0.051092
0.023619
0.039591
0.043841
0.044913
0.100865
0.081933
0.078240
0.100207
0.046934
0.055335
0.064899
0.050420
0.074700
0.075854
0.040261
0.078605
0.054449
0.029055
0.017436
0.026442
0.027492
0.013836
0.011531
0.012203
0.014802
0.014520
0.052564
0.016040
0.042531
0.039013
0.033737
0.019626
0.009987
0.038148
0.029960
0.016604
0.031212
0.012755
0.085502
0.050091
0.024271
0.043722
0.046141
0.025445
0.020247
0.013425
0.014119
0.017338
0.022353
0.038100
0.019213
0.071546
0.068070
0.024117
0.049799
0.026942
0.019331
0.041068
0.024361
0.099441
0.055168
0.031983
0.041915
0.032945
0.025742
0.009968
0.022151
0.015422
0.077071
0.043973
0.032549
0.041141
0.022893
0.018100
0.010132
0.020940
0.037395
0.016170
0.050339
0.040220
0.014036
0.017808
0.016025
0.035759
0.011738
0.053251
0.052254
0.010802
0.013518
0.059641
0.026456
0.035078
0.033320
0.016422
0.046770
0.018028
0.042834
0.034630
0.058995
0.029535
0.031449
0.036650
0.019546
0.114601
0.097850
0.068771
0.054513
0.035433
