0.035064
0.080020
0.381965
0.136325
0.063164
0.062576
0.097753
0.087489
0.076883
0.127968
0.124547
0.047561
0.062380
0.031327
0.060791
0.035923
0.057726
0.047560
0.024725
0.069010
0.050734
0.056496
0.038728
0.052949
0.040874
0.052870
0.065559
0.047148
0.025590
0.077829
0.317181
0.097941
0.070766
0.084324
0.115138
0.407212
0.040233
0.077756
0.018404
0.447874
0.108559
0.106839
0.096617
0.164630
0.058438
0.126038
0.041590
0.070117
0.118824
0.061967
0.268035
0.079093
0.028449
0.024605
0.038214
0.059296
0.044696
0.051936
0.067272
0.019064
0.048483
0.033567
0.034099
0.014177
0.027078
0.021040
0.009380
0.028760
0.017272
0.029566
0.079870
0.027160
0.017681
0.013917
0.045911
0.012144
0.021442
0.030988
0.223990
0.049196
0.037265
0.046570
0.044725
0.347622
0.021326
0.053540
0.033223
0.341566
0.040319
0.048226
0.034563
0.080325
0.036125
0.065931
0.011312
0.028671
0.070520
0.222733
0.025328
0.051871
0.018796
0.087731
0.026296
0.024486
0.088401
0.045684
0.032129
0.010541
0.025895
0.024616
0.037808
0.026993
0.023831
0.043909
0.021578
0.035500
0.023210
0.108952
0.030266
0.038116
0.041307
0.034426
0.032546
0.053122
0.029276
0.159894
0.022391
0.029596
0.007793
0.055977
0.261502
0.025508
0.043885
0.055551
0.223780
0.038317
0.056866
0.068908
0.088601
0.032552
0.051422
0.038730
0.039998
0.037862
0.143180
0.244727
0.206171
0.206736
0.232356
0.223762
0.157221
0.136897
0.249801
0.238962
0.281660
0.240712
0.260230
0.214078
0.229631
0.289162
0.197830
0.230233
0.237955
0.430223
0.261469
0.244454
0.227405
0.279978
0.222012
0.324214
0.180446
0.041064
0.179704
0.228145
0.191973
0.132670
0.151256
0.267573
0.195946
0.337480
0.094559
0.152218
0.148133
0.182083
0.098075
0.274298
0.138440
0.244069
0.221632
0.170719
0.062880
0.029057
0.079674
0.045509
0.041986
0.071301
0.032795
0.049071
0.038672
0.061813
0.037659
0.064186
0.041767
0.042336
0.076535
0.032460
0.050423
0.039356
0.166472
0.046902
0.058470
0.055821
0.062916
0.045505
0.086012
0.030975
0.088444
0.024344
0.039489
0.015919
0.038889
0.199395
0.053495
0.049140
0.096286
0.158424
0.027538
0.047716
0.067004
0.060815
0.054207
0.030251
0.054711
0.054284
0.032851
0.026583
0.025498
0.042851
0.028148
0.069897
0.037790
0.033393
0.054353
0.032135
0.021751
0.031981
0.027225
0.018799
0.028753
0.027448
0.032263
0.027388
0.116383
0.048339
0.020250
0.020495
0.038068
0.019520
0.038114
0.025987
0.186764
0.039529
0.051097
0.034217
0.043588
0.297986
0.025523
0.051702
0.041777
0.303388
0.040092
0.053283
0.033288
0.075929
0.035194
0.057343
0.020941
0.040843
0.047161
0.046231
0.028039
0.018561
0.050183
0.027207
0.012799
0.018972
0.020553
0.012488
0.015564
0.009863
0.007976
0.023034
0.006264
0.012439
0.010819
0.106238
0.017642
0.015887
0.013650
0.026423
0.005986
0.035338
0.012396
0.156470
0.013673
0.022829
0.010920
0.026822
0.272630
0.012904
0.033059
0.044159
0.238647
0.016641
0.027594
0.032638
0.053448
0.020846
0.034636
0.015063
0.018920
0.026396
0.054396
0.042882
0.046114
0.039856
0.056333
0.079348
0.065682
0.046757
0.049532
0.043976
0.044811
0.050975
0.037482
0.049121
0.049159
0.169470
0.071215
0.034148
0.028592
0.057567
0.032667
0.069452
0.036944
0.170683
0.049589
0.074540
0.059923
0.029915
0.296047
0.051157
0.062874
0.081279
0.286499
0.039608
0.043416
0.023095
0.048217
0.063555
0.059148
0.034322
0.049421
0.054944
0.011651
0.072100
0.044631
0.037009
0.019660
0.036573
0.030537
0.039810
0.029645
0.035417
0.049033
0.018714
0.040832
0.028298
0.146066
0.053584
0.028509
0.034953
0.014114
0.033057
0.055854
0.032780
0.174173
0.016266
0.052294
0.020847
0.044997
0.287788
0.029391
0.063662
0.069890
0.250117
0.036969
0.049167
0.043475
0.080583
0.035365
0.058974
0.039389
0.043687
0.042827
0.063901
0.030109
0.026673
0.025390
0.025149
0.016133
0.029805
0.025758
0.023203
0.033233
0.012530
0.035123
0.019792
0.131836
0.039998
0.020550
0.027589
0.009718
0.020660
0.042813
0.028529
0.177176
0.014746
0.042929
0.015984
0.041986
0.297142
0.017879
0.055718
0.054868
0.245351
0.029210
0.047911
0.038203
0.073208
0.025595
0.043176
0.027095
0.030444
0.038690
0.050743
0.060456
0.071673
0.089268
0.074542
0.049304
0.049491
0.057345
0.064979
0.041355
0.041193
0.067461
0.184830
0.068146
0.053902
0.037614
0.084173
0.042556
0.096203
0.040111
0.139364
0.046585
0.055854
0.064407
0.021351
0.271271
0.071981
0.062798
0.111406
0.244921
0.026105
0.018753
0.027706
0.030450
0.084084
0.047650
0.047006
0.038135
0.068015
0.054536
0.055107
0.051676
0.033257
0.053789
0.030490
0.033766
0.065336
0.025598
0.048126
0.039394
0.176837
0.064366
0.039044
0.038569
0.055943
0.032670
0.089203
0.023547
0.102429
0.024558
0.055894
0.030381
0.025038
0.201800
0.049618
0.033819
0.090742
0.186834
0.026070
0.027841
0.034589
0.030120
0.059509
0.021121
0.042254
0.041456
0.026459
0.025912
0.025562
0.016477
0.016481
0.016838
0.012095
0.019353
0.015965
0.020169
0.012252
0.094534
0.019746
0.016721
0.020685
0.025416
0.010441
0.015280
0.024105
0.200804
0.030506
0.029663
0.023489
0.043160
0.332409
0.008231
0.046406
0.038348
0.286175
0.032057
0.050066
0.037659
0.083340
0.010416
0.060908
0.019375
0.030257
0.047713
0.024015
0.027357
0.026734
0.021386
0.025826
0.035871
0.017452
0.023780
0.019880
0.099243
0.027144
0.031830
0.033964
0.029378
0.027531
0.042597
0.030722
0.176526
0.021899
0.029536
0.015787
0.049307
0.278784
0.024023
0.045317
0.050021
0.260251
0.038573
0.046809
0.060125
0.086395
0.030285
0.058903
0.032091
0.035726
0.044385
0.016639
0.021049
0.022768
0.017121
0.016682
0.024379
0.027964
0.020189
0.060352
0.027466
0.018387
0.027004
0.028591
0.018557
0.027997
0.037713
0.220678
0.037574
0.035595
0.028444
0.066509
0.306302
0.014667
0.040865
0.018589
0.313431
0.053855
0.060723
0.061777
0.101528
0.028445
0.056572
0.020806
0.032183
0.052443
0.028662
0.016917
0.013674
0.026944
0.015269
0.030672
0.006778
0.101858
0.028112
0.019695
0.027081
0.022525
0.015498
0.024809
0.027062
0.185151
0.026334
0.037323
0.017034
0.047743
0.296279
0.010396
0.037950
0.040152
0.265170
0.036772
0.055117
0.045305
0.081902
0.010443
0.048462
0.021746
0.035661
0.030123
0.019725
0.011946
0.009553
0.015541
0.009551
0.025833
0.081511
0.017445
0.010670
0.010020
0.032525
0.009409
0.027490
0.020923
0.207870
0.032643
0.021220
0.032521
0.042012
0.332889
0.014382
0.042831
0.026823
0.312460
0.030871
0.037455
0.038961
0.076112
0.030185
0.051958
0.008859
0.011644
0.061016
0.011708
0.025880
0.010608
0.014988
0.010309
0.102496
0.032183
0.015629
0.016430
0.032623
0.010772
0.033544
0.014010
0.160025
0.021234
0.037583
0.018327
0.027199
0.261868
0.016951
0.023400
0.045809
0.261782
0.026974
0.026206
0.023809
0.053376
0.025069
0.046407
0.017382
0.029625
0.026567
0.017175
0.012979
0.015319
0.014531
0.087860
0.019536
0.011644
0.012195
0.030847
0.007787
0.027158
0.011038
0.175536
0.026548
0.022002
0.017949
0.035293
0.294926
0.009517
0.029434
0.027287
0.274365
0.027427
0.039189
0.033110
0.065548
0.020037
0.045921
0.011382
0.022051
0.038051
0.025992
0.018478
0.025871
0.059663
0.020498
0.014496
0.015665
0.033944
0.012651
0.016630
0.033345
0.238522
0.044340
0.028989
0.037518
0.056728
0.351768
0.013615
0.048497
0.020165
0.343191
0.044121
0.054747
0.046526
0.094554
0.031111
0.060877
0.008317
0.021728
0.071215
0.013611
0.011830
0.123972
0.025038
0.012869
0.012671
0.022671
0.007947
0.040007
0.013846
0.151887
0.009352
0.027465
0.011503
0.020556
0.275428
0.013966
0.037192
0.052262
0.229342
0.011663
0.023832
0.025808
0.046895
0.021623
0.033707
0.016219
0.015295
0.025446
0.023811
0.092577
0.018737
0.018687
0.011076
0.043520
0.010450
0.037888
0.016716
0.174001
0.026840
0.021943
0.026268
0.030294
0.282418
0.023467
0.040167
0.039331
0.283508
0.023357
0.026143
0.036696
0.060350
0.037567
0.047188
0.011773
0.016252
0.045069
0.101443
0.027565
0.020292
0.024953
0.024253
0.012987
0.022295
0.027013
0.182873
0.022925
0.039544
0.015088
0.039250
0.295339
0.011593
0.036396
0.043591
0.262421
0.032175
0.045322
0.038418
0.073339
0.010645
0.053599
0.021345
0.036794
0.028054
0.080984
0.094687
0.103822
0.123654
0.096467
0.064663
0.127744
0.359532
0.150476
0.093293
0.122760
0.177368
0.411468
0.085035
0.108410
0.041276
0.487656
0.163474
0.160990
0.158914
0.226019
0.105318
0.159116
0.084559
0.113785
0.169481
0.030783
0.022694
0.044064
0.019215
0.034109
0.031073
0.206729
0.037381
0.013226
0.027250
0.052786
0.329822
0.019958
0.046876
0.032962
0.284282
0.035619
0.054519
0.067795
0.088512
0.032206
0.056144
0.019297
0.021529
0.057466
0.010514
0.022375
0.008561
0.026437
0.018910
0.193958
0.027166
0.034127
0.028141
0.038282
0.309968
0.010744
0.037831
0.032198
0.298666
0.029953
0.037355
0.026671
0.070246
0.023636
0.046382
0.010960
0.018775
0.048028
0.035480
0.006809
0.037874
0.013851
0.184577
0.025462
0.026221
0.027713
0.023946
0.304839
0.017563
0.037843
0.037019
0.282545
0.019703
0.025039
0.023780
0.050484
0.034622
0.046157
0.009350
0.012124
0.042420
0.028521
0.032553
0.042121
0.225004
0.025248
0.053809
0.028464
0.063585
0.346080
0.016236
0.072274
0.055116
0.289091
0.046776
0.066982
0.049309
0.105171
0.020998
0.068794
0.033223
0.041527
0.056503
0.027570
0.014237
0.175308
0.020548
0.024140
0.020972
0.024733
0.295828
0.011490
0.031801
0.033893
0.274674
0.018825
0.027154
0.024134
0.052512
0.022801
0.037841
0.007358
0.015374
0.037260
0.050408
0.266323
0.061206
0.050543
0.046404
0.079830
0.386715
0.014817
0.064448
0.027900
0.367893
0.068263
0.086778
0.061656
0.132222
0.017375
0.094528
0.026470
0.054884
0.080949
0.129131
0.020214
0.024796
0.018265
0.017625
0.250550
0.025489
0.027899
0.053886
0.240216
0.015750
0.023671
0.024825
0.042352
0.038293
0.034168
0.016850
0.023790
0.035174
0.130540
0.171628
0.137377
0.104393
0.088472
0.218112
0.145114
0.269560
0.118203
0.116694
0.113156
0.152958
0.087410
0.219819
0.098338
0.188148
0.181351
0.127366
0.032667
0.010577
0.021752
0.248144
0.031162
0.045735
0.073724
0.200641
0.012784
0.023629
0.034727
0.044465
0.038535
0.028113
0.028423
0.026212
0.029310
0.027440
0.046298
0.290169
0.032547
0.041762
0.045332
0.271605
0.029635
0.044683
0.063524
0.078372
0.044867
0.039483
0.021218
0.019844
0.064217
0.033069
0.251624
0.021216
0.039432
0.058236
0.205231
0.019452
0.039096
0.045664
0.063092
0.027467
0.035548
0.027061
0.031702
0.025870
0.235297
0.051397
0.040031
0.092417
0.201869
0.010681
0.011117
0.018376
0.011870
0.062541
0.033845
0.033704
0.035877
0.035619
0.343981
0.227400
0.363763
0.228000
0.254012
0.218963
0.279638
0.208780
0.349688
0.199734
0.302563
0.306154
0.215397
0.045228
0.029171
0.292992
0.036881
0.057238
0.041463
0.090549
0.008794
0.061313
0.016775
0.025997
0.045832
0.059559
0.264488
0.048226
0.035409
0.048638
0.055051
0.057946
0.044125
0.032918
0.048378
0.043700
0.392998
0.081933
0.091042
0.084685
0.136308
0.047884
0.092427
0.027968
0.049845
0.093546
0.191122
0.217652
0.259871
0.173810
0.287873
0.189184
0.305176
0.261027
0.183882
0.016718
0.026769
0.027739
0.045838
0.023443
0.027125
0.018307
0.035281
0.024252
0.017663
0.070879
0.028782
0.034172
0.029362
0.039858
0.034835
0.051279
0.052214
0.033100
0.042441
0.046720
0.106063
0.041703
0.065418
0.057603
0.048835
0.074209
0.032260
0.043030
0.046325
0.040810
0.034276
0.054520
0.017056
0.053437
0.053499
