0.346075
0.633880
0.542098
0.587367
0.469885
0.786117
0.418503
0.556074
0.652895
0.480620
0.629042
0.662833
0.579027
0.485446
0.541572
0.466135
0.450486
0.537546
0.611064
0.419800
0.440965
0.502497
0.497034
0.432193
0.491142
0.635902
0.601506
0.570013
0.667376
0.475731
0.400403
0.628716
0.436929
0.552448
0.705193
0.618735
0.598476
0.515861
0.655450
0.783487
0.629222
0.497259
0.651930
0.498716
0.739358
0.519638
0.583382
0.603295
0.388331
0.552350
0.623682
0.574257
0.503720
0.800716
0.492257
0.527492
0.706301
0.383406
0.711002
0.644945
0.618825
0.457900
0.596690
0.571845
0.376865
0.482580
0.621259
0.587481
0.507330
0.586288
0.529545
0.462051
0.517373
0.697660
0.689421
0.582461
0.675214
0.498340
0.445387
0.615178
0.493751
0.563127
0.706531
0.604177
0.586808
0.531346
0.718711
0.892731
0.630927
0.476313
0.559527
0.522061
0.812429
0.556962
0.631329
0.678100
0.428956
0.614310
0.573108
0.575517
0.480751
0.730325
0.803199
0.532640
0.430975
0.648587
0.717020
0.524514
0.644519
0.505726
0.595570
0.688440
0.526958
0.589923
0.718295
0.623165
0.520397
0.676697
0.577272
0.646906
0.782480
0.685526
0.571060
0.613603
0.488817
0.596880
0.651019
0.590836
0.826874
0.693719
0.400860
0.497966
0.606299
0.515117
0.609229
0.615150
0.576063
0.162647
0.512182
0.507156
0.528576
0.728419
0.727746
0.476243
0.460652
0.433585
0.591942
0.547248
0.743169
0.539559
0.438241
0.545528
0.636216
0.382842
0.491007
0.292654
0.401908
0.602784
0.574754
0.394177
0.613558
0.365391
0.441176
0.493829
0.384665
0.405127
0.719452
0.546279
0.497823
0.599808
0.434636
0.588179
0.610979
0.623469
0.596486
0.739942
0.470944
0.462879
0.588127
0.630743
0.619849
0.530217
0.576503
0.543377
0.458034
0.568084
0.533268
0.748239
0.657067
0.363689
0.446066
0.536569
0.658838
0.713524
0.540918
0.523627
0.512652
0.615531
0.546399
0.576582
0.432579
0.513067
0.513441
0.534578
0.303531
0.759932
0.532437
0.289980
0.531888
0.499705
0.560145
0.701088
0.545711
0.498860
0.650552
0.409658
0.632656
0.662939
0.665553
0.719601
0.662114
0.413830
0.478835
0.569391
0.653218
0.567326
0.529263
0.615890
0.539962
0.511124
0.437070
0.504480
0.760975
0.691545
0.446872
0.589791
0.491138
0.683698
0.488213
0.463292
0.448642
0.579847
0.519771
0.422006
0.470448
0.429126
0.536247
0.383799
0.473661
0.567668
0.466059
0.420153
0.443158
0.441047
0.451342
0.586089
0.576576
0.557127
0.584454
0.296796
0.598098
0.563312
0.495277
0.586069
0.639289
0.423983
0.417243
0.578581
0.640968
0.654103
0.477176
0.488739
0.584280
0.451868
0.529955
0.516405
0.693851
0.645333
0.382856
0.771947
0.815722
0.456275
0.650985
0.594572
0.751281
0.551297
0.758171
0.543650
0.532035
0.792804
0.557327
0.642605
0.774338
0.731277
0.527584
0.682058
0.770639
0.701844
0.853185
0.714293
0.679008
0.719365
0.440608
0.723902
0.714324
0.825918
0.830694
0.787563
0.300465
0.494725
0.716164
0.779806
0.424104
0.689549
0.695866
0.512206
0.468981
0.256207
0.642359
0.799680
0.790735
0.512561
0.712877
0.679662
0.575400
0.580660
0.571644
0.610014
0.398006
0.653668
0.608318
0.517487
0.514350
0.653430
0.536319
0.503348
0.607196
0.552985
0.472128
0.476335
0.597226
0.701929
0.560791
0.692863
0.477394
0.549379
0.726511
0.534923
0.553091
0.777182
0.677302
0.606749
0.361491
0.815260
0.884073
0.556980
0.677899
0.742492
0.492426
0.717011
0.612296
0.714471
0.650716
0.435026
0.755739
0.668843
0.738090
0.779451
0.735247
0.613230
0.717518
0.635824
0.572577
0.653679
0.761524
0.603692
0.673030
0.720262
0.723022
0.670635
0.696422
0.701943
0.769638
0.748371
0.728516
0.623937
0.558141
0.683087
0.702861
0.630765
0.815734
0.724839
0.744632
0.688993
0.830233
0.863020
0.765822
0.593385
0.783342
0.629876
0.832264
0.681916
0.681185
0.742560
0.609202
0.598818
0.545907
0.731926
0.523826
0.664299
0.505296
0.396870
0.678842
0.463959
0.606201
0.618421
0.539993
0.481932
0.626982
0.589688
0.592277
0.749531
0.673468
0.551294
0.641884
0.410241
0.593396
0.704286
0.657170
0.740816
0.763997
0.290333
0.499281
0.700254
0.667864
0.467938
0.715413
0.586173
0.505871
0.477514
0.496189
0.392463
0.771506
0.647020
0.499157
0.534399
0.621461
0.458627
0.471784
0.400944
0.476996
0.542628
0.477401
0.460774
0.605471
0.402892
0.471095
0.549306
0.408661
0.479288
0.711020
0.579556
0.565709
0.582394
0.372358
0.593561
0.585680
0.618348
0.632756
0.699002
0.483166
0.488997
0.488501
0.704127
0.698768
0.527181
0.463060
0.379168
0.356884
0.615545
0.581533
0.652564
0.680210
0.303600
0.573968
0.615995
0.616904
0.430855
0.511185
0.643602
0.566625
0.539157
0.710522
0.609993
0.476292
0.643950
0.613637
0.584300
0.594046
0.562189
0.609166
0.492939
0.414712
0.664383
0.653810
0.734615
0.723422
0.599550
0.495606
0.598688
0.594813
0.720170
0.676080
0.522695
0.746027
0.616720
0.426836
0.571925
0.508217
0.783739
0.659240
0.513037
0.673650
0.617899
0.608501
0.698465
0.660188
0.559585
0.611889
0.664922
0.665034
0.628806
0.718292
0.644180
0.643517
0.589859
0.684361
0.734234
0.739254
0.600076
0.723957
0.688519
0.676019
0.769269
0.704862
0.641550
0.654415
0.581055
0.799687
0.761477
0.509763
0.719911
0.766187
0.667438
0.705244
0.693683
0.832729
0.736110
0.556035
0.532882
0.376215
0.519345
0.597273
0.618457
0.531813
0.559284
0.434621
0.510783
0.514036
0.445468
0.497095
0.711821
0.545654
0.478129
0.654717
0.460851
0.580304
0.602725
0.633306
0.653747
0.723472
0.506168
0.473380
0.557200
0.568882
0.605423
0.557879
0.529252
0.546222
0.376800
0.594704
0.486946
0.709824
0.691636
0.336230
0.501388
0.542570
0.504006
0.572444
0.569909
0.572982
0.382890
0.556450
0.474515
0.253025
0.412204
0.603801
0.662547
0.527122
0.563147
0.483088
0.547283
0.636870
0.530016
0.452730
0.757332
0.595894
0.393330
0.437253
0.682466
0.831797
0.588992
0.569068
0.621076
0.554572
0.724205
0.604561
0.614534
0.608056
0.405574
0.391361
0.587768
0.558660
0.361086
0.629070
0.461191
0.351694
0.524291
0.447914
0.476983
0.687779
0.410746
0.542384
0.461228
0.426616
0.572792
0.575068
0.716785
0.653118
0.682842
0.430408
0.494408
0.584806
0.533013
0.561256
0.560043
0.547512
0.474491
0.362648
0.531731
0.487059
0.665570
0.645786
0.358614
0.614514
0.543275
0.497350
0.574829
0.390884
0.432579
0.466443
0.441585
0.432632
0.715752
0.549484
0.522108
0.603281
0.354005
0.429923
0.542539
0.646549
0.649270
0.717814
0.429240
0.488785
0.632358
0.663709
0.600574
0.590997
0.486353
0.530384
0.432638
0.581963
0.424282
0.643160
0.611867
0.331618
0.581717
0.633827
0.646740
0.519439
0.555733
0.601416
0.493784
0.566704
0.650263
0.663168
0.504897
0.612060
0.519908
0.480677
0.626086
0.533795
0.485369
0.653439
0.609594
0.544183
0.487358
0.717856
0.841178
0.571601
0.512524
0.679913
0.571537
0.722808
0.493886
0.515077
0.521541
0.461623
0.617559
0.582865
0.570123
0.521433
0.622711
0.579975
0.583630
0.655368
0.709520
0.674865
0.718102
0.333568
0.599681
0.651282
0.510023
0.744131
0.748344
0.395712
0.573428
0.582152
0.790790
0.745955
0.589672
0.529925
0.577979
0.453057
0.574461
0.558451
0.749488
0.705426
0.460032
0.737043
0.495837
0.309184
0.489023
0.498599
0.499164
0.743410
0.601603
0.656888
0.649419
0.457071
0.619882
0.576490
0.749488
0.701104
0.767305
0.539601
0.536119
0.636135
0.678197
0.611039
0.559876
0.648603
0.560200
0.503129
0.539996
0.617549
0.761064
0.741077
0.430569
0.544650
0.690397
0.673775
0.570944
0.592535
0.589905
0.687277
0.699206
0.767337
0.586763
0.681961
0.697674
0.610650
0.676362
0.761321
0.645511
0.701141
0.584141
0.761724
0.810211
0.687204
0.606222
0.733429
0.544570
0.809860
0.595628
0.744260
0.667593
0.506143
0.449418
0.471520
0.255399
0.318243
0.725039
0.555444
0.538254
0.546419
0.431358
0.505287
0.537724
0.571412
0.512473
0.724183
0.525203
0.414708
0.481192
0.626484
0.699355
0.508725
0.426205
0.543386
0.491258
0.669459
0.532282
0.663300
0.635664
0.319933
0.514502
0.479816
0.476003
0.665024
0.497831
0.553303
0.607678
0.361999
0.501152
0.603768
0.643623
0.663163
0.605911
0.359257
0.455057
0.576993
0.593570
0.498767
0.540053
0.521639
0.487858
0.413544
0.410384
0.473760
0.639428
0.707383
0.356348
0.470235
0.537867
0.729218
0.664491
0.603839
0.641736
0.479762
0.489891
0.555432
0.704261
0.567313
0.729545
0.595638
0.534661
0.617556
0.652537
0.751960
0.614889
0.578733
0.670985
0.564316
0.681989
0.605859
0.684236
0.770987
0.403095
0.343716
0.621753
0.573196
0.481034
0.551603
0.471345
0.501593
0.558733
0.470623
0.479437
0.740885
0.516382
0.391191
0.452601
0.596174
0.783550
0.558495
0.508592
0.514291
0.538905
0.705262
0.506730
0.615949
0.575167
0.330387
0.668326
0.583634
0.536497
0.594779
0.487745
0.559267
0.560669
0.516847
0.578917
0.720813
0.539534
0.484795
0.482988
0.665742
0.757635
0.478004
0.528571
0.629832
0.497204
0.682175
0.554256
0.680098
0.662947
0.335238
0.686336
0.716602
0.690515
0.575926
0.709815
0.772074
0.712353
0.709903
0.698209
0.705548
0.766069
0.633482
0.800189
0.853266
0.660806
0.779825
0.791326
0.618513
0.809009
0.636562
0.834718
0.779623
0.632526
0.627607
0.619019
0.589438
0.687455
0.774567
0.766030
0.659543
0.641255
0.563315
0.654531
0.611425
0.493188
0.736963
0.551797
0.671369
0.650403
0.490306
0.714785
0.564756
0.806679
0.673311
0.499182
0.653920
0.553519
0.501404
0.681505
0.540473
0.696501
0.630938
0.571374
0.593235
0.497684
0.653070
0.758342
0.560776
0.569624
0.592738
0.566366
0.691701
0.301476
0.668881
0.626287
0.455686
0.562914
0.566770
0.653517
0.718028
0.599820
0.691179
0.591983
0.515262
0.628112
0.589667
0.762035
0.735046
0.733212
0.510694
0.507797
0.715179
0.580541
0.690875
0.659178
0.581467
0.452301
0.602863
0.632648
0.608562
0.673094
0.345078
0.404438
0.501740
0.675547
0.547317
0.552764
0.505756
0.463252
0.335889
0.416313
0.455159
0.657704
0.606835
0.331617
0.649620
0.613942
0.566946
0.748939
0.593472
0.630619
0.566074
0.654708
0.793197
0.713714
0.529830
0.605155
0.553378
0.685024
0.430880
0.525141
0.658383
0.436942
0.622987
0.687964
0.740331
0.645858
0.583141
0.705811
0.753582
0.777639
0.469200
0.442632
0.646863
0.630923
0.750433
0.678112
0.650598
0.700924
0.437635
0.696548
0.723320
0.648220
0.631107
0.605106
0.704096
0.904401
0.658617
0.536204
0.620860
0.686996
0.803547
0.542413
0.689893
0.610435
0.522018
0.793628
0.688574
0.576289
0.573116
0.769375
0.895858
0.702252
0.637754
0.770191
0.613961
0.776530
0.719832
0.654313
0.658476
0.528556
0.678351
0.694240
0.695267
0.774925
0.789197
0.612597
0.671050
0.728283
0.669558
0.756534
0.667209
0.842570
0.768963
0.612130
0.344879
0.587052
0.640705
0.397790
0.573429
0.590962
0.395777
0.362867
0.313873
0.447436
0.723061
0.672527
0.423864
0.593182
0.630992
0.538217
0.580921
0.568059
0.455967
0.534843
0.464982
0.599585
0.660519
0.655462
0.445587
0.726155
0.833874
0.463975
0.572407
0.640488
0.497302
0.632919
0.544810
0.725241
0.626705
0.366028
0.777846
0.713935
0.667414
0.523663
0.657136
0.760218
0.576766
0.701828
0.757040
0.614406
0.753748
0.751156
0.573835
0.614607
0.380144
0.722094
0.880802
0.829151
0.644277
0.575756
0.670099
0.537838
0.606848
0.581372
0.809664
0.690957
0.388966
0.606940
0.541995
0.695211
0.576545
0.595366
0.710430
0.336459
0.496115
0.527579
0.543594
0.713761
0.716399
0.506929
0.505531
0.478690
0.706748
0.693140
0.348228
0.647917
0.772207
0.741130
0.511004
0.674675
0.596131
0.437618
0.721981
0.570848
0.595662
