0.093585
0.141746
0.086236
0.045443
0.203973
0.023664
0.040905
0.151379
0.098537
0.130323
0.055002
0.103177
0.102065
0.149572
0.089693
0.081389
0.119482
0.033472
0.246265
0.034024
0.075305
0.017745
0.020408
0.042668
0.047203
0.085998
0.050814
0.063146
0.079870
0.108494
0.024672
0.086192
0.033676
0.041804
0.027118
0.040086
0.080902
0.075926
0.126529
0.017366
0.015117
0.144535
0.071971
0.027742
0.048663
0.035437
0.082759
0.051824
0.037302
0.023325
0.026320
0.036694
0.349768
0.051668
0.053256
0.063401
0.034224
0.033480
0.035841
0.041522
0.054840
0.067498
0.022579
0.020302
0.021804
0.040992
0.093400
0.048251
0.011131
0.059998
0.053871
0.022923
0.023056
0.034679
0.117195
0.026738
0.026829
0.067746
0.057582
0.036334
0.080425
0.039672
0.048842
0.047629
0.020612
0.037552
0.056075
0.091777
0.077710
0.050305
0.030016
0.048376
0.042507
0.034971
0.015259
0.065745
0.024853
0.033582
0.052947
0.397093
0.088098
0.072912
0.035498
0.022907
0.023516
0.045578
0.041886
0.042811
0.036072
0.038506
0.033995
0.020651
0.069097
0.089110
0.087764
0.025819
0.101996
0.086624
0.046451
0.046391
0.031874
0.161604
0.034196
0.056938
0.111637
0.083181
0.034180
0.122944
0.069588
0.080580
0.063257
0.016775
0.032150
0.038724
0.152445
0.119377
0.026171
0.040458
0.077032
0.065451
0.055583
0.022880
0.092409
0.052364
0.031988
0.331309
0.036291
0.046812
0.077440
0.032222
0.048374
0.035752
0.053495
0.058239
0.077032
0.035830
0.017599
0.046744
0.041782
0.111465
0.058228
0.020125
0.062831
0.044332
0.030419
0.025386
0.031160
0.131271
0.017744
0.047725
0.072537
0.053684
0.017977
0.063981
0.050575
0.047751
0.046789
0.016825
0.027723
0.051529
0.096852
0.063175
0.058800
0.022909
0.050351
0.055250
0.034472
0.026322
0.059942
0.034306
0.307708
0.029005
0.023662
0.051990
0.021514
0.043572
0.017015
0.032741
0.034579
0.056652
0.038644
0.030395
0.038783
0.020214
0.140033
0.028289
0.017150
0.026951
0.015933
0.013588
0.015170
0.031306
0.073914
0.018513
0.061193
0.086802
0.023645
0.026031
0.048446
0.035992
0.019129
0.014407
0.023461
0.012785
0.040104
0.054809
0.039716
0.048645
0.023079
0.015700
0.023928
0.009166
0.022680
0.043150
0.016261
0.239042
0.276433
0.434292
0.369280
0.428294
0.278337
0.412188
0.358038
0.439520
0.328802
0.349683
0.405302
0.269984
0.516544
0.281293
0.347531
0.238953
0.268201
0.298665
0.301013
0.374704
0.291318
0.314246
0.298182
0.345547
0.249602
0.349699
0.185726
0.289527
0.261579
0.298744
0.330454
0.345628
0.415033
0.197843
0.189769
0.432547
0.362555
0.267737
0.306418
0.281777
0.364675
0.315665
0.288674
0.037541
0.117439
0.059219
0.087466
0.036980
0.067912
0.084481
0.122733
0.044615
0.032386
0.076944
0.017350
0.163225
0.026222
0.035356
0.020396
0.017679
0.024496
0.019084
0.051564
0.077022
0.037343
0.047407
0.062821
0.020832
0.038679
0.021059
0.030188
0.027875
0.033275
0.043607
0.045711
0.082838
0.035353
0.018674
0.103033
0.039464
0.019524
0.041336
0.021015
0.050693
0.044655
0.021058
0.069695
0.042275
0.068025
0.027799
0.062832
0.040124
0.076149
0.057016
0.052136
0.071549
0.038270
0.174317
0.042868
0.035905
0.038502
0.017631
0.024641
0.034048
0.057558
0.058954
0.021439
0.075095
0.117652
0.038038
0.046264
0.045669
0.054523
0.027333
0.020066
0.039362
0.031656
0.058940
0.054510
0.042385
0.084023
0.037543
0.025607
0.032884
0.027330
0.035949
0.058985
0.030193
0.023335
0.027203
0.060861
0.032401
0.034523
0.010982
0.065161
0.062680
0.040688
0.091420
0.115443
0.105900
0.048201
0.121232
0.087802
0.060891
0.074463
0.052497
0.133552
0.061617
0.117617
0.164475
0.095707
0.055466
0.148930
0.104175
0.094139
0.060866
0.046764
0.032136
0.018957
0.165601
0.145783
0.025537
0.053630
0.077945
0.072493
0.071571
0.037464
0.107258
0.073732
0.017369
0.028307
0.021289
0.024704
0.032876
0.041138
0.026178
0.025187
0.043516
0.110567
0.060871
0.016076
0.069180
0.046145
0.030722
0.031541
0.028877
0.110141
0.022357
0.074778
0.113028
0.047736
0.022103
0.089830
0.059843
0.051777
0.032025
0.016411
0.005341
0.011988
0.109881
0.085844
0.026099
0.026658
0.041691
0.046696
0.032999
0.015869
0.073122
0.034743
0.050009
0.021695
0.050380
0.035148
0.041847
0.028461
0.019700
0.061520
0.091552
0.074988
0.023499
0.100251
0.071762
0.049585
0.044450
0.029232
0.141353
0.043051
0.076586
0.111241
0.067766
0.032260
0.121429
0.070125
0.080414
0.051272
0.029938
0.025036
0.020676
0.143097
0.125719
0.019920
0.027136
0.061215
0.060961
0.060520
0.017258
0.085602
0.051231
0.049480
0.037365
0.062547
0.044258
0.038270
0.041375
0.029462
0.148703
0.038777
0.024293
0.032015
0.029879
0.023571
0.020941
0.044273
0.082003
0.018421
0.054034
0.100498
0.029032
0.031489
0.046135
0.041983
0.024687
0.021318
0.023072
0.018561
0.051746
0.066332
0.046003
0.052970
0.036766
0.021872
0.031052
0.017110
0.028394
0.065264
0.026199
0.056087
0.035493
0.040503
0.026888
0.024003
0.048879
0.086401
0.057201
0.024513
0.080386
0.054272
0.039211
0.034510
0.020028
0.115141
0.047749
0.082593
0.093574
0.053258
0.028594
0.104582
0.061891
0.066334
0.044054
0.038519
0.026366
0.022944
0.122452
0.108223
0.028241
0.027850
0.047120
0.042719
0.043715
0.022834
0.056797
0.042509
0.040374
0.075957
0.068514
0.053474
0.073252
0.167467
0.079427
0.039541
0.075287
0.059527
0.042599
0.058535
0.065840
0.097520
0.032111
0.088313
0.161142
0.070033
0.057211
0.108484
0.077698
0.058642
0.038528
0.031021
0.022318
0.042081
0.114767
0.084961
0.056515
0.058034
0.054851
0.045660
0.042450
0.031887
0.098245
0.049841
0.076910
0.069354
0.046375
0.099354
0.133274
0.116308
0.053708
0.122224
0.091389
0.065905
0.079343
0.047371
0.140728
0.062750
0.119210
0.172413
0.098328
0.058175
0.160227
0.104844
0.095127
0.060382
0.049065
0.037229
0.027026
0.172660
0.144131
0.028856
0.052925
0.086435
0.074467
0.073243
0.040259
0.096967
0.078826
0.016967
0.026312
0.030399
0.072295
0.035918
0.023894
0.066242
0.053885
0.026153
0.024679
0.030050
0.122400
0.042841
0.033628
0.047717
0.052035
0.034805
0.067365
0.037909
0.057498
0.054224
0.029700
0.045625
0.060786
0.090238
0.079566
0.048925
0.033500
0.039469
0.039204
0.034866
0.032633
0.052836
0.025458
0.028436
0.027509
0.078539
0.038862
0.013353
0.060231
0.040392
0.025274
0.016124
0.017832
0.118591
0.029569
0.040799
0.049571
0.041240
0.014878
0.064459
0.036174
0.049129
0.042669
0.020659
0.026569
0.039743
0.092137
0.072971
0.042287
0.014860
0.036396
0.044186
0.033531
0.020286
0.045637
0.025050
0.050266
0.073701
0.056645
0.020368
0.083187
0.073584
0.037140
0.030612
0.024543
0.143822
0.038251
0.052453
0.083301
0.065188
0.035690
0.108603
0.055085
0.068944
0.053920
0.026853
0.033216
0.044026
0.131287
0.111318
0.018380
0.038148
0.055695
0.044862
0.042038
0.021007
0.073968
0.038851
0.142883
0.010232
0.028347
0.021356
0.019973
0.016996
0.010879
0.031191
0.078144
0.032518
0.045512
0.056589
0.009818
0.036164
0.035592
0.014732
0.022886
0.029349
0.034504
0.036619
0.072924
0.038185
0.035217
0.069341
0.030939
0.014364
0.027220
0.013744
0.040140
0.036474
0.010845
0.144213
0.100432
0.209147
0.179937
0.134207
0.116032
0.090879
0.278368
0.134829
0.131711
0.100635
0.177767
0.092714
0.184842
0.160498
0.184278
0.179232
0.118252
0.132181
0.118137
0.257993
0.236357
0.082862
0.115246
0.163416
0.147091
0.149708
0.107076
0.148348
0.142343
0.037630
0.024822
0.024877
0.023151
0.018153
0.046465
0.071712
0.043054
0.042962
0.051840
0.019496
0.054308
0.037388
0.017555
0.027393
0.037324
0.048935
0.051386
0.095119
0.039081
0.041694
0.084174
0.045436
0.014814
0.021209
0.019821
0.047935
0.042231
0.015204
0.043089
0.032538
0.016828
0.012172
0.024259
0.098548
0.017190
0.039319
0.069371
0.038298
0.018494
0.064445
0.035842
0.037677
0.023597
0.013647
0.015239
0.032639
0.081355
0.062161
0.041004
0.015041
0.028802
0.031178
0.021276
0.009543
0.054411
0.017122
0.018223
0.024161
0.027064
0.068700
0.048398
0.044537
0.053964
0.086575
0.021015
0.065592
0.035420
0.024344
0.014685
0.023787
0.053672
0.051727
0.100648
0.018569
0.016171
0.113358
0.054682
0.017457
0.032661
0.014995
0.058756
0.052191
0.019031
0.019834
0.023605
0.048009
0.044659
0.029607
0.067100
0.089687
0.017833
0.044083
0.034571
0.032825
0.018468
0.015029
0.040517
0.031316
0.063856
0.029179
0.023995
0.090805
0.027807
0.013182
0.030899
0.018449
0.038805
0.038186
0.017869
0.014710
0.029433
0.063006
0.020581
0.035639
0.072050
0.026176
0.036727
0.053949
0.020257
0.014811
0.021639
0.022036
0.026113
0.054071
0.044911
0.038596
0.057171
0.025471
0.018591
0.020775
0.007967
0.020661
0.038542
0.005723
0.023203
0.089892
0.019560
0.036728
0.052718
0.021045
0.019350
0.039857
0.022731
0.025467
0.024353
0.022376
0.024963
0.055862
0.058726
0.043130
0.052075
0.020095
0.017821
0.023867
0.012781
0.022414
0.040526
0.012217
0.128903
0.032903
0.061359
0.068383
0.042031
0.019579
0.089449
0.038143
0.052580
0.043665
0.024895
0.029452
0.043582
0.109131
0.088713
0.025310
0.016703
0.047070
0.043020
0.033408
0.026216
0.037987
0.031409
0.098960
0.117799
0.169900
0.068395
0.132001
0.093905
0.073721
0.058864
0.056309
0.106275
0.092881
0.120737
0.046804
0.063870
0.168228
0.095357
0.051697
0.067968
0.064684
0.096539
0.099671
0.062925
0.052643
0.099396
0.038845
0.024604
0.056133
0.044237
0.028820
0.025252
0.015308
0.017730
0.047320
0.077265
0.050673
0.052392
0.026444
0.035263
0.035882
0.020526
0.017477
0.059270
0.024025
0.056633
0.061253
0.066948
0.071969
0.027637
0.058538
0.065202
0.039211
0.071301
0.107589
0.078386
0.063493
0.095471
0.061448
0.050772
0.047366
0.043181
0.045907
0.071451
0.029466
0.084981
0.078529
0.082434
0.056272
0.089085
0.109995
0.085946
0.110036
0.142959
0.108381
0.106214
0.119919
0.074762
0.078554
0.081755
0.075883
0.092825
0.072798
0.061980
0.042451
0.037915
0.025172
0.027405
0.024336
0.042634
0.036302
0.074328
0.039057
0.029642
0.079063
0.039389
0.012216
0.028391
0.019479
0.043543
0.044207
0.019961
0.060999
0.056733
0.055384
0.038633
0.021867
0.018201
0.031891
0.110759
0.075664
0.036415
0.018156
0.040293
0.047167
0.034608
0.024110
0.057648
0.040274
0.059902
0.044235
0.056797
0.071903
0.072910
0.118751
0.042560
0.028366
0.135462
0.073400
0.032948
0.057599
0.043064
0.079509
0.073718
0.048938
0.028251
0.036396
0.034891
0.051018
0.092028
0.043145
0.041309
0.083760
0.039655
0.024775
0.027455
0.019520
0.045576
0.039711
0.009522
0.026247
0.042199
0.039212
0.083291
0.029045
0.028424
0.086197
0.045149
0.024322
0.032957
0.012546
0.044903
0.046101
0.017239
0.031747
0.018837
0.046185
0.054244
0.039501
0.067132
0.026045
0.014345
0.026425
0.017538
0.029457
0.052428
0.020531
0.014608
0.036303
0.089785
0.061362
0.039585
0.022860
0.035906
0.034983
0.023819
0.015224
0.057587
0.021443
0.017209
0.091282
0.065530
0.032724
0.020186
0.029017
0.038557
0.023925
0.017019
0.064086
0.029165
0.142155
0.117487
0.036632
0.032074
0.061917
0.070801
0.061213
0.027415
0.090250
0.061963
0.019586
0.167660
0.086629
0.036792
0.059299
0.042542
0.093619
0.067832
0.037313
0.142749
0.070057
0.028817
0.047132
0.028525
0.073184
0.059012
0.031820
0.042504
0.075788
0.069396
0.061895
0.036766
0.088387
0.066416
0.034961
0.044190
0.032606
0.019664
0.042236
0.026763
0.016481
0.013999
0.036137
0.045884
0.013911
0.016049
0.032106
0.043089
0.017084
0.030362
0.039577
0.007802
0.060598
0.024749
0.035622
