0.614275
0.526906
0.345438
0.415896
0.523105
0.445389
0.548855
0.526824
0.530521
0.672181
0.530063
0.386223
0.802373
0.528574
0.525980
0.705375
0.444333
0.564975
0.579404
0.618576
0.572133
0.719632
0.397871
0.702049
0.697449
0.566318
0.489510
0.553287
0.633614
0.539639
0.492625
0.703926
0.481524
0.539491
0.492908
0.635091
0.463585
0.688353
0.494994
0.427273
0.535940
0.438395
0.577381
0.607988
0.552400
0.595389
0.654748
0.633409
0.649934
0.540026
0.554464
0.532484
0.723039
0.470780
0.740352
0.581526
0.672326
0.739489
0.652146
0.537829
0.756323
0.598370
0.576999
0.629778
0.511187
0.662589
0.678373
0.652038
0.575599
0.656521
0.555462
0.708793
0.675643
0.693035
0.321030
0.651726
0.743048
0.712867
0.638379
0.730596
0.636678
0.520613
0.559916
0.779519
0.605255
0.668207
0.564803
0.607931
0.683728
0.646528
0.592342
0.606559
0.503301
0.659294
0.678336
0.629988
0.762665
0.423185
0.421439
0.785002
0.577064
0.551228
0.605375
0.676239
0.768622
0.630401
0.496489
0.747788
0.600811
0.424754
0.707123
0.470291
0.607954
0.609780
0.596990
0.541236
0.713040
0.345162
0.707385
0.650829
0.468210
0.462149
0.413663
0.644735
0.742744
0.594480
0.693959
0.590773
0.363212
0.630893
0.614658
0.489765
0.638434
0.629452
0.372771
0.540391
0.565023
0.582520
0.528584
0.565810
0.602642
0.608265
0.563881
0.688982
0.302200
0.586579
0.412895
0.560492
0.507306
0.565308
0.760885
0.369399
0.386554
0.761913
0.578076
0.405288
0.639273
0.393192
0.493131
0.543207
0.598561
0.516134
0.645436
0.467885
0.638979
0.653153
0.489162
0.349182
0.418001
0.609062
0.604322
0.468419
0.729305
0.443285
0.521820
0.567842
0.648673
0.451305
0.650792
0.581775
0.298758
0.570186
0.541247
0.463212
0.506642
0.509708
0.572701
0.625526
0.598993
0.645250
0.495499
0.360843
0.616914
0.543796
0.642651
0.733933
0.461347
0.355660
0.773457
0.602380
0.397280
0.633323
0.478157
0.404512
0.651831
0.630218
0.509849
0.720227
0.419818
0.693778
0.667461
0.423877
0.322513
0.427355
0.601489
0.657770
0.528092
0.828652
0.541566
0.528801
0.555827
0.645286
0.371272
0.700156
0.593453
0.344967
0.573249
0.664899
0.409951
0.451058
0.598272
0.655659
0.670816
0.648428
0.605291
0.545384
0.840075
0.719131
0.755251
0.811412
0.649391
0.547283
0.928117
0.651423
0.725974
0.787647
0.719368
0.423974
0.808899
0.878581
0.759612
0.786881
0.653450
0.820979
0.773075
0.706473
0.638083
0.736395
0.646503
0.414998
0.762779
0.797202
0.712447
0.732138
0.612641
0.861436
0.632399
0.770695
0.701768
0.644961
0.739944
0.755480
0.568641
0.782884
0.700774
0.730107
0.802113
0.804511
0.830608
0.711927
0.595020
0.590555
0.715563
0.440933
0.397000
0.856429
0.574204
0.493565
0.707386
0.539944
0.495051
0.672309
0.700187
0.598627
0.690738
0.504939
0.785248
0.759625
0.640129
0.370072
0.525363
0.762801
0.609922
0.618055
0.709925
0.548820
0.552624
0.561063
0.826492
0.415415
0.787489
0.528143
0.487255
0.632278
0.676284
0.511851
0.603961
0.573005
0.629429
0.722702
0.668619
0.688571
0.634619
0.713717
0.751756
0.714191
0.647809
0.811422
0.568932
0.577416
0.840285
0.569647
0.780872
0.554789
0.586991
0.650527
0.777112
0.613436
0.690681
0.799321
0.651605
0.685059
0.686955
0.741038
0.748022
0.610082
0.743991
0.646780
0.650757
0.788314
0.518995
0.646433
0.732558
0.674272
0.629067
0.539019
0.637372
0.779316
0.739672
0.659700
0.574567
0.680953
0.597887
0.707382
0.514636
0.703435
0.562532
0.443608
0.711467
0.587589
0.645886
0.660502
0.276131
0.684086
0.623805
0.572285
0.448180
0.719304
0.580018
0.699815
0.681392
0.582009
0.512770
0.703123
0.576215
0.747555
0.383680
0.763269
0.585052
0.525125
0.606455
0.674061
0.603746
0.680325
0.559919
0.557510
0.568894
0.573339
0.613598
0.475256
0.439506
0.577732
0.623675
0.682930
0.584117
0.720615
0.587872
0.504955
0.831075
0.685824
0.630812
0.776239
0.512431
0.741971
0.675791
0.636379
0.511644
0.654822
0.648242
0.777587
0.675201
0.636988
0.664718
0.713453
0.585990
0.673901
0.462943
0.744246
0.597679
0.658529
0.623763
0.610489
0.559143
0.803422
0.544970
0.537947
0.661556
0.551832
0.655502
0.638009
0.536922
0.736752
0.677418
0.576015
0.650330
0.853669
0.634141
0.776412
0.703360
0.791002
0.833687
0.691711
0.788392
0.878554
0.725271
0.801147
0.919076
0.612892
0.750911
0.884370
0.781715
0.653327
0.797256
0.730852
0.808788
0.853702
0.664945
0.866027
0.693885
0.832671
0.773637
0.805056
0.762138
0.808769
0.769252
0.624802
0.822720
0.797579
0.824093
0.720158
0.862887
0.895852
0.770647
0.612572
0.450025
0.881605
0.648962
0.579357
0.693454
0.492904
0.634746
0.684836
0.721229
0.555091
0.642480
0.645206
0.649780
0.726534
0.635099
0.435837
0.627046
0.670353
0.665512
0.567573
0.801505
0.448161
0.614058
0.527035
0.784371
0.518264
0.759584
0.670481
0.482800
0.685798
0.624024
0.569949
0.582946
0.554105
0.617029
0.720385
0.758098
0.768025
0.767440
0.486594
0.474015
0.553869
0.432381
0.496986
0.650520
0.618535
0.541245
0.748759
0.446899
0.660087
0.663957
0.476808
0.386543
0.498662
0.531474
0.614213
0.525799
0.691075
0.482917
0.512448
0.531569
0.682960
0.469901
0.676170
0.541195
0.411657
0.583822
0.551046
0.450812
0.461138
0.495828
0.634172
0.661339
0.600691
0.581856
0.828080
0.778788
0.733926
0.608310
0.847026
0.844414
0.789399
0.654422
0.879704
0.798857
0.843104
0.618966
0.647121
0.784494
0.788607
0.763317
0.953540
0.720100
0.980937
0.832823
0.716100
0.869027
0.854041
0.827598
0.755661
0.837132
0.742348
0.797309
0.888700
0.835219
0.751990
0.782337
0.834444
0.788537
0.855117
0.773997
0.578924
0.719019
0.566513
0.665339
0.549176
0.478785
0.649341
0.749283
0.657770
0.718024
0.807919
0.700078
0.616681
0.704672
0.357722
0.695246
0.533153
0.770129
0.655412
0.520014
0.668034
0.840115
0.672620
0.566107
0.605837
0.645387
0.587154
0.670022
0.656389
0.738198
0.514602
0.439138
0.657895
0.632837
0.710014
0.693867
0.595414
0.612144
0.690003
0.627920
0.592874
0.807655
0.453614
0.746612
0.766869
0.501620
0.465787
0.437690
0.742482
0.797129
0.569679
0.836726
0.568012
0.589837
0.677944
0.683843
0.477609
0.761883
0.614136
0.427677
0.631592
0.720873
0.594478
0.664808
0.618701
0.643516
0.630493
0.555981
0.696222
0.632494
0.810888
0.776208
0.780411
0.702429
0.843419
0.739956
0.765939
0.743390
0.677804
0.595281
0.709687
0.724985
0.778096
0.678472
0.901811
0.698747
0.762216
0.666970
0.918066
0.711814
0.786889
0.715181
0.618197
0.782839
0.771039
0.748422
0.637910
0.739552
0.726296
0.747873
0.750581
0.684553
0.662085
0.519071
0.554384
0.334228
0.605279
0.538028
0.643133
0.609132
0.520156
0.447674
0.621254
0.534129
0.664484
0.371734
0.764456
0.484943
0.438594
0.578822
0.574332
0.548219
0.575517
0.533458
0.454779
0.515581
0.536336
0.594384
0.441159
0.415932
0.530787
0.552595
0.641670
0.625065
0.699018
0.751203
0.666193
0.717171
0.600367
0.778206
0.753839
0.596317
0.496107
0.617022
0.680754
0.614586
0.701605
0.748754
0.693600
0.690191
0.639191
0.845631
0.599852
0.737564
0.706111
0.529613
0.673484
0.762956
0.205629
0.692820
0.739788
0.681412
0.703931
0.698801
0.756379
0.412992
0.644298
0.602812
0.648125
0.721110
0.736576
0.728917
0.663289
0.732220
0.736427
0.631857
0.566207
0.828488
0.671866
0.655685
0.714939
0.712519
0.677341
0.698695
0.621432
0.702826
0.621074
0.638424
0.668431
0.710384
0.652210
0.393882
0.648872
0.582403
0.740714
0.642234
0.728934
0.634683
0.752631
0.810877
0.693086
0.633323
0.752535
0.630083
0.807931
0.568603
0.842896
0.726501
0.591664
0.757269
0.717873
0.722990
0.661060
0.648334
0.695163
0.645896
0.664071
0.653952
0.723182
0.482318
0.408589
0.714584
0.602194
0.667698
0.552233
0.581706
0.738948
0.622011
0.586505
0.492002
0.652356
0.560286
0.707173
0.420687
0.828417
0.563255
0.510727
0.621989
0.623269
0.545385
0.637615
0.548171
0.545996
0.623141
0.597153
0.606107
0.570831
0.504991
0.639798
0.549694
0.659618
0.631852
0.747184
0.829934
0.634785
0.857722
0.710673
0.826378
0.783603
0.638777
0.689819
0.799549
0.715708
0.747087
0.583056
0.797634
0.613877
0.709370
0.591113
0.757731
0.749639
0.663149
0.717914
0.777419
0.720376
0.605023
0.572122
0.713923
0.855721
0.766020
0.651675
0.562757
0.409919
0.515519
0.680544
0.655584
0.635272
0.697716
0.661137
0.425805
0.612617
0.663514
0.482481
0.688887
0.543499
0.440600
0.564948
0.615690
0.603327
0.578858
0.556477
0.703888
0.682698
0.646172
0.666515
0.823319
0.700993
0.605141
0.750426
0.790070
0.788146
0.672816
0.682467
0.504308
0.756789
0.773977
0.756575
0.704351
0.800344
0.720226
0.695538
0.670783
0.780656
0.725176
0.714579
0.707283
0.611749
0.738809
0.806581
0.794764
0.627701
0.707279
0.750820
0.676397
0.753360
0.639674
0.858328
0.706859
0.726949
0.711463
0.703309
0.592850
0.902811
0.669715
0.677575
0.815276
0.753391
0.756584
0.574283
0.725681
0.775450
0.725295
0.654610
0.733504
0.571347
0.472922
0.647284
0.832163
0.572004
0.884828
0.639040
0.628109
0.765342
0.551846
0.577631
0.740056
0.716759
0.456232
0.679831
0.739575
0.635993
0.460327
0.655172
0.720761
0.696011
0.668723
0.651287
0.533275
0.668141
0.678939
0.564522
0.614514
0.438534
0.476457
0.613460
0.763295
0.472347
0.657667
0.561119
0.451854
0.622680
0.633901
0.415280
0.510808
0.498383
0.629600
0.673674
0.654043
0.648111
0.797271
0.799181
0.650038
0.837142
0.604742
0.635672
0.689880
0.745269
0.486390
0.785649
0.652512
0.337621
0.622410
0.692403
0.653143
0.582573
0.729217
0.756636
0.757029
0.719853
0.779285
0.701240
0.594232
0.817685
0.696694
0.557427
0.686512
0.780052
0.766529
0.463911
0.771018
0.646396
0.711055
0.674290
0.660864
0.643269
0.606638
0.688442
0.702796
0.712852
0.650842
0.710757
0.661066
0.732256
0.796414
0.638870
0.726098
0.632930
0.831322
0.629183
0.702244
0.659406
0.653013
0.719936
0.789704
0.711257
0.612080
0.705595
0.741567
0.808479
0.840974
0.534316
0.609846
0.643927
0.685421
0.565724
0.704775
0.463205
0.493642
0.653913
0.603674
0.633068
0.532000
0.464902
0.553286
0.626152
0.578109
0.632764
0.656581
0.648745
0.760222
0.812744
0.756471
0.823153
0.688973
0.785229
0.647709
0.684951
0.699670
0.820292
0.665076
0.727154
0.773130
0.803912
0.833800
0.623227
0.591637
0.729146
0.544471
0.699965
0.549197
0.499160
0.674007
0.578413
0.569495
0.625677
0.578100
0.602874
0.616320
0.751013
0.719058
0.635455
0.711794
0.655063
0.533810
0.638750
0.542334
0.575723
0.663677
0.600048
0.559197
0.409169
0.626647
0.699360
0.747230
0.659605
0.790698
0.477671
0.727322
0.564666
0.585051
0.662916
0.545572
0.636462
0.655496
0.602923
0.704419
0.591663
0.723742
0.757162
0.632796
0.820367
0.735438
0.683526
0.655575
0.690604
0.805048
0.654730
0.659926
0.735330
0.664892
0.736441
0.791062
0.833859
0.503334
0.457338
0.591839
0.611858
0.581137
0.609211
0.597711
0.643643
0.581555
0.646587
0.749787
0.799448
0.666416
0.664169
0.770532
0.682881
0.750247
0.624442
0.718918
0.696465
0.899593
0.692103
0.582820
0.598017
0.521176
0.606937
0.655387
0.430230
0.612015
0.575259
0.678778
0.759647
0.578411
0.550341
0.555750
0.510839
0.566907
0.671110
0.657205
0.709724
0.678195
0.576949
0.675125
0.684377
0.576072
0.614260
0.625461
0.751807
0.716516
0.684170
0.680573
0.524665
0.599789
0.622799
0.679780
0.735740
0.677975
0.590394
0.667686
0.668943
0.698130
0.757492
0.630281
0.759335
0.721367
0.721330
0.554239
0.548076
0.646631
0.683681
0.749281
0.604456
0.686875
0.818661
0.784460
0.860296
0.700027
