0.309849
0.349916
0.427818
0.558399
0.261624
0.471155
0.382317
0.597415
0.231705
0.492030
0.334317
0.341216
0.334520
0.436348
0.253491
0.258355
0.418756
0.403629
0.379651
0.370197
0.490195
0.347515
0.254157
0.266382
0.449704
0.321600
0.281034
0.309399
0.360254
0.372070
0.341685
0.420567
0.317250
0.300347
0.441370
0.277484
0.474617
0.213058
0.405929
0.282070
0.420233
0.407682
0.268642
0.430189
0.217502
0.315251
0.374206
0.474851
0.219932
0.033755
0.084350
0.123870
0.230842
0.068830
0.021002
0.508797
0.037996
0.076575
0.019046
0.019152
0.030608
0.045075
0.070916
0.268738
0.037815
0.046088
0.050232
0.053403
0.090308
0.040905
0.026613
0.030297
0.063509
0.012736
0.241451
0.021248
0.011778
0.016298
0.030175
0.040886
0.034292
0.045359
0.049653
0.034124
0.083347
0.053575
0.040184
0.034385
0.045617
0.036754
0.021263
0.046312
0.101654
0.045193
0.051583
0.326319
0.037312
0.091153
0.082053
0.266611
0.046258
0.044231
0.603051
0.062590
0.073125
0.046476
0.021869
0.024708
0.053395
0.046931
0.376217
0.029826
0.043114
0.034824
0.075741
0.071537
0.015344
0.042731
0.038299
0.037189
0.028863
0.258912
0.013308
0.023030
0.026807
0.018555
0.019799
0.024077
0.031362
0.038555
0.038457
0.059555
0.083942
0.025243
0.023532
0.044717
0.022829
0.040047
0.027957
0.109072
0.026209
0.022724
0.369839
0.043100
0.106990
0.299062
0.076708
0.072160
0.591194
0.076023
0.033737
0.051067
0.062930
0.064961
0.043202
0.165478
0.390897
0.043903
0.030236
0.074459
0.027097
0.091688
0.096879
0.131384
0.067105
0.067022
0.059538
0.389633
0.079580
0.065687
0.075032
0.063446
0.083921
0.107757
0.129619
0.045869
0.121481
0.060965
0.107691
0.040867
0.110730
0.067701
0.050299
0.119875
0.082126
0.201588
0.118613
0.087605
0.401437
0.141612
0.357780
0.038642
0.101710
0.684997
0.181525
0.057737
0.111580
0.086814
0.091886
0.064699
0.161491
0.499978
0.043536
0.056976
0.061739
0.116203
0.043893
0.081757
0.173138
0.147604
0.033704
0.103438
0.408207
0.102761
0.084312
0.083698
0.073562
0.059293
0.113487
0.131842
0.035758
0.144744
0.033962
0.199354
0.064655
0.122237
0.061606
0.057027
0.150435
0.062353
0.225288
0.101792
0.057332
0.478296
0.186339
0.333360
0.275149
0.667764
0.183471
0.350551
0.251244
0.260146
0.223196
0.300288
0.241313
0.320788
0.293235
0.266975
0.289755
0.289097
0.316917
0.281785
0.250950
0.228092
0.305277
0.226788
0.387006
0.221810
0.264781
0.265588
0.240095
0.252513
0.281421
0.183346
0.295856
0.251596
0.340041
0.158231
0.271733
0.235370
0.300270
0.294966
0.230224
0.276202
0.080783
0.214944
0.270348
0.551911
0.201216
0.060898
0.602195
0.122639
0.034135
0.065712
0.043408
0.064887
0.028978
0.108878
0.440409
0.016669
0.041842
0.048580
0.068413
0.049348
0.054128
0.110339
0.088221
0.018090
0.059569
0.363741
0.062992
0.039117
0.049562
0.047098
0.036691
0.072241
0.089179
0.018666
0.108531
0.024176
0.136140
0.045014
0.071059
0.027735
0.026989
0.082758
0.039660
0.183423
0.074541
0.031254
0.391940
0.124750
0.521121
0.058836
0.049991
0.028025
0.029232
0.038618
0.033753
0.105672
0.319061
0.033310
0.041324
0.040902
0.048575
0.074246
0.048016
0.054432
0.057178
0.056910
0.035406
0.261580
0.037508
0.013121
0.020062
0.039612
0.035432
0.048634
0.068489
0.039699
0.056731
0.068275
0.084894
0.028671
0.055291
0.039424
0.028833
0.051997
0.034918
0.142326
0.060488
0.064695
0.338199
0.074895
0.521627
0.578212
0.475640
0.579812
0.609841
0.558221
0.597999
0.526480
0.592121
0.604541
0.632667
0.483189
0.728036
0.623802
0.503220
0.549187
0.652275
0.565029
0.504113
0.578769
0.535119
0.535636
0.621865
0.627163
0.549516
0.594635
0.595663
0.554142
0.665783
0.460777
0.608846
0.563626
0.599911
0.603171
0.480615
0.642013
0.599023
0.630693
0.608681
0.273495
0.540336
0.113254
0.039619
0.041739
0.033692
0.084754
0.066830
0.282927
0.071853
0.063418
0.077371
0.055183
0.140162
0.068355
0.044078
0.025573
0.101047
0.034541
0.241419
0.031073
0.049068
0.060921
0.045020
0.076819
0.063888
0.050276
0.088549
0.050041
0.122151
0.031499
0.058009
0.040560
0.086249
0.065453
0.043223
0.086234
0.073296
0.055777
0.076575
0.345580
0.029892
0.048439
0.060045
0.069847
0.019772
0.166151
0.415123
0.022931
0.028416
0.057297
0.039614
0.068809
0.083521
0.129405
0.099222
0.040975
0.067276
0.391364
0.079497
0.044602
0.052174
0.064581
0.056003
0.097281
0.129834
0.019066
0.122846
0.037041
0.134740
0.036470
0.108391
0.044705
0.031218
0.115305
0.054534
0.227207
0.113725
0.070340
0.384420
0.155977
0.030323
0.039960
0.032114
0.092587
0.287794
0.032961
0.032381
0.048064
0.023603
0.091950
0.052618
0.046154
0.033142
0.061597
0.023033
0.273902
0.034683
0.019662
0.018995
0.035349
0.051516
0.043596
0.067256
0.037678
0.047874
0.069814
0.047901
0.036089
0.049020
0.040321
0.036735
0.034946
0.053244
0.129835
0.067016
0.055636
0.295925
0.060797
0.015734
0.033364
0.048703
0.344582
0.016868
0.026705
0.024751
0.046316
0.056831
0.015411
0.035455
0.028644
0.028213
0.010180
0.254882
0.012414
0.013238
0.021583
0.009951
0.027544
0.026836
0.038867
0.031215
0.032551
0.041824
0.073689
0.020703
0.018304
0.026143
0.014398
0.031067
0.031012
0.108977
0.024488
0.019428
0.368697
0.040580
0.050735
0.054336
0.352946
0.029222
0.028666
0.033552
0.061578
0.068484
0.027835
0.047128
0.034179
0.042102
0.021128
0.273143
0.011492
0.025491
0.031607
0.013972
0.025066
0.045125
0.030158
0.039711
0.039429
0.061870
0.072784
0.023726
0.025309
0.046265
0.024216
0.046079
0.032716
0.084681
0.022103
0.031526
0.389441
0.039774
0.124164
0.383883
0.015326
0.018388
0.039362
0.031041
0.052256
0.057668
0.089740
0.073931
0.030786
0.036963
0.341120
0.051496
0.024184
0.024618
0.036111
0.037439
0.074443
0.089662
0.013630
0.087299
0.030362
0.099712
0.029875
0.069427
0.026098
0.023581
0.074140
0.038430
0.172121
0.073335
0.045591
0.391720
0.111405
0.358405
0.088410
0.106142
0.072224
0.124340
0.136854
0.034367
0.037844
0.055178
0.087872
0.063138
0.202154
0.036181
0.073697
0.084434
0.050081
0.078612
0.044970
0.032520
0.111053
0.040839
0.117646
0.083910
0.094866
0.014502
0.089436
0.080306
0.040381
0.091856
0.073532
0.030107
0.039024
0.362585
0.020526
0.396994
0.374936
0.359152
0.331518
0.460955
0.367799
0.249373
0.306829
0.443487
0.301611
0.311540
0.333285
0.333093
0.334308
0.366140
0.413428
0.324855
0.373748
0.411671
0.276860
0.454191
0.227953
0.379257
0.346087
0.394262
0.398633
0.295682
0.430236
0.328925
0.368368
0.409210
0.403386
0.284494
0.013911
0.028438
0.040406
0.039523
0.032884
0.077240
0.052208
0.011044
0.025690
0.331489
0.031213
0.014822
0.023619
0.019024
0.022625
0.048613
0.064777
0.006434
0.069416
0.019466
0.099806
0.016809
0.046667
0.018023
0.006158
0.058960
0.023561
0.151103
0.048945
0.021585
0.392224
0.086442
0.026933
0.029944
0.047828
0.044957
0.085897
0.059817
0.026639
0.026764
0.325302
0.036406
0.029452
0.031314
0.019467
0.036208
0.066193
0.074569
0.013361
0.069787
0.030842
0.088502
0.018217
0.057312
0.034591
0.022604
0.078202
0.037550
0.144107
0.052678
0.037109
0.421093
0.091994
0.053604
0.038962
0.019957
0.059651
0.064319
0.030380
0.037079
0.256741
0.034420
0.035266
0.035118
0.017719
0.036248
0.044664
0.066289
0.031725
0.042536
0.029401
0.094619
0.027515
0.041115
0.026328
0.029754
0.068704
0.036034
0.141225
0.037329
0.029891
0.396832
0.076173
0.102647
0.075529
0.081308
0.056395
0.067976
0.044942
0.306958
0.059607
0.044926
0.051245
0.050572
0.078092
0.079891
0.105260
0.044421
0.082306
0.065320
0.062886
0.045680
0.074495
0.053836
0.049539
0.076598
0.081923
0.168831
0.093922
0.068513
0.325692
0.100311
0.062019
0.138565
0.105980
0.026218
0.070205
0.383626
0.083185
0.064805
0.062270
0.045131
0.043135
0.092416
0.095657
0.036737
0.112603
0.021740
0.176378
0.048783
0.096908
0.030860
0.046205
0.119198
0.029110
0.184614
0.073859
0.054811
0.485538
0.147884
0.035783
0.042128
0.032519
0.028667
0.219765
0.018605
0.028693
0.033438
0.016657
0.034062
0.016458
0.040834
0.045919
0.023998
0.048165
0.093365
0.031956
0.017287
0.035512
0.025196
0.042945
0.037989
0.116342
0.022600
0.018018
0.382289
0.042103
0.038115
0.098096
0.036010
0.164532
0.028274
0.041863
0.044648
0.049217
0.072953
0.028811
0.047439
0.096076
0.012829
0.121760
0.052134
0.070331
0.023679
0.078113
0.066585
0.022846
0.084316
0.097051
0.045730
0.060874
0.295550
0.016266
0.072065
0.024157
0.256564
0.027474
0.036426
0.045997
0.033328
0.062719
0.032141
0.043733
0.069138
0.041012
0.089091
0.050542
0.046289
0.034019
0.058768
0.045312
0.029311
0.065618
0.096429
0.052342
0.052955
0.321950
0.032818
0.042873
0.347281
0.046909
0.035712
0.043892
0.025466
0.027100
0.057948
0.065994
0.016933
0.083191
0.012933
0.133431
0.028445
0.055014
0.021518
0.016526
0.080987
0.024609
0.155087
0.047819
0.017632
0.429300
0.103668
0.261632
0.014166
0.016192
0.020079
0.014905
0.036608
0.032388
0.042734
0.038695
0.031640
0.058522
0.056957
0.025185
0.029746
0.034966
0.026244
0.031951
0.040967
0.101556
0.036950
0.034514
0.378082
0.039280
0.242817
0.267040
0.267337
0.275545
0.315809
0.189963
0.255989
0.347405
0.165091
0.366508
0.228960
0.303747
0.205662
0.308336
0.309555
0.209465
0.332913
0.251941
0.235195
0.285774
0.392440
0.183117
0.019104
0.024546
0.011816
0.024481
0.029277
0.024104
0.044073
0.025512
0.069987
0.053208
0.025983
0.013033
0.046885
0.026361
0.028006
0.036343
0.082278
0.020304
0.024607
0.374468
0.022898
0.008527
0.021135
0.023243
0.028484
0.049233
0.024151
0.043006
0.051025
0.072492
0.022244
0.031582
0.024090
0.012443
0.029397
0.026555
0.123736
0.042638
0.035066
0.351890
0.053337
0.023939
0.023847
0.036146
0.053381
0.026181
0.041485
0.054877
0.074434
0.027238
0.038901
0.028549
0.022795
0.032195
0.026499
0.127443
0.046600
0.040260
0.354889
0.060445
0.022349
0.035289
0.033696
0.027411
0.038306
0.036517
0.070370
0.018631
0.020437
0.028413
0.019653
0.041607
0.025760
0.097559
0.017482
0.017233
0.410284
0.045464
0.051841
0.034963
0.024892
0.065750
0.046541
0.102786
0.021698
0.043360
0.030584
0.020400
0.056857
0.008536
0.113794
0.034492
0.028505
0.403713
0.074582
0.049829
0.063374
0.021786
0.076203
0.084764
0.044276
0.026004
0.044552
0.038234
0.028785
0.054881
0.122226
0.044496
0.040337
0.325947
0.038759
0.077501
0.047779
0.101720
0.075407
0.060821
0.022667
0.069160
0.058701
0.037351
0.044820
0.042365
0.019010
0.037423
0.369613
0.027753
0.084956
0.019769
0.108667
0.022690
0.063162
0.022029
0.015614
0.073965
0.024173
0.162608
0.061720
0.030867
0.407439
0.108702
0.103819
0.066008
0.059790
0.025045
0.067322
0.060206
0.036129
0.073166
0.100588
0.040520
0.052468
0.339786
0.023079
0.148297
0.036280
0.079352
0.021831
0.026725
0.103309
0.039925
0.195324
0.073363
0.034832
0.444282
0.136790
0.090980
0.060902
0.109694
0.102490
0.049092
0.123091
0.080536
0.082350
0.094285
0.312201
0.048921
0.051838
0.033190
0.011983
0.066852
0.023793
0.142323
0.046963
0.038356
0.397928
0.079332
0.051746
0.041093
0.019760
0.053697
0.073211
0.013989
0.022510
0.356309
0.015320
0.022272
0.055725
0.024348
0.154054
0.058615
0.032911
0.377831
0.091817
0.055258
0.021351
0.146139
0.044657
0.025351
0.390363
0.076238
0.065631
0.085867
0.042989
0.047234
0.294716
0.023111
0.133293
0.044325
0.036868
0.411846
0.086758
0.063174
0.110496
0.424602
0.058079
0.024463
0.410385
0.032825
0.391210
0.059488
0.333032
