0.520808
0.693862
0.581915
0.487016
0.732619
0.483312
0.499840
0.586818
0.636065
0.787567
0.578962
0.559347
0.553310
0.199640
0.434709
0.537277
0.625769
0.549906
0.495748
0.444438
0.639166
0.582089
0.535934
0.506460
0.417941
0.557345
0.887268
0.472110
0.452486
0.707697
0.465091
0.608241
0.594181
0.498844
0.505325
0.486534
0.501499
0.645823
0.400015
0.575498
0.607481
0.611084
0.467378
0.679033
0.631463
0.743746
0.414891
0.480561
0.493601
0.731435
0.345755
0.457202
0.634551
0.463096
0.517393
0.567744
0.629351
0.746252
0.342693
0.555553
0.564198
0.571112
0.440736
0.501384
0.509212
0.656721
0.429212
0.392027
0.698779
0.611413
0.518542
0.460099
0.441928
0.511639
0.763829
0.388882
0.475199
0.699536
0.548086
0.581805
0.570301
0.512179
0.534051
0.410920
0.503434
0.570028
0.346763
0.559944
0.640557
0.545629
0.400382
0.638972
0.586367
0.549860
0.344280
0.611849
0.528442
0.858500
0.745687
0.851992
0.624376
0.753120
0.757556
0.800628
0.928747
0.822843
0.766280
0.583230
0.795962
0.709354
0.702127
0.887402
0.825196
0.778386
0.668069
0.598254
0.698440
0.619002
0.735813
0.776232
0.718266
0.960709
0.711866
0.687884
0.758790
0.659101
0.756191
0.790846
0.724643
0.810559
0.653183
0.760141
0.668604
0.661712
0.810935
0.801155
0.846624
0.775914
0.841128
0.855161
0.744370
0.677230
0.724747
0.774014
0.258715
0.737071
0.554024
0.544499
0.559321
0.613553
0.665884
0.422143
0.560724
0.672095
0.623096
0.443437
0.584387
0.517966
0.603329
0.440714
0.444569
0.750585
0.582843
0.569822
0.432823
0.472091
0.609423
0.816536
0.444375
0.499597
0.784132
0.616394
0.517472
0.571555
0.644326
0.409081
0.413102
0.518115
0.669745
0.471082
0.640370
0.632352
0.615570
0.377293
0.729459
0.586274
0.634814
0.463425
0.596034
0.468596
0.730852
0.493652
0.507445
0.533696
0.604075
0.688306
0.538524
0.541537
0.613373
0.525223
0.372248
0.514743
0.500261
0.575850
0.424129
0.388917
0.681681
0.554263
0.502222
0.452581
0.412499
0.567563
0.809146
0.487523
0.470059
0.707382
0.582899
0.519345
0.558006
0.561572
0.328266
0.394500
0.473241
0.608039
0.397165
0.642358
0.597715
0.600453
0.362013
0.709656
0.542849
0.624744
0.369739
0.573489
0.423693
0.624476
0.640444
0.736412
0.754287
0.691865
0.741983
0.680778
0.693386
0.758010
0.631175
0.693063
0.768464
0.725207
0.701038
0.612528
0.767646
0.814333
0.778060
0.634023
0.616450
0.712363
0.870864
0.667277
0.693552
0.799765
0.674837
0.724625
0.701460
0.700065
0.718256
0.686726
0.709105
0.809439
0.597934
0.913084
0.826235
0.746152
0.684935
0.829100
0.777369
0.758012
0.644146
0.694342
0.691168
0.406186
0.498201
0.495332
0.714144
0.563148
0.460037
0.277646
0.474276
0.332348
0.232698
0.664533
0.544692
0.346726
0.392517
0.591344
0.437603
0.408992
0.464240
0.399846
0.394769
0.744814
0.447670
0.376698
0.602371
0.502320
0.524631
0.432433
0.602337
0.407385
0.509422
0.452613
0.487501
0.336776
0.733258
0.599294
0.591903
0.401782
0.697514
0.434004
0.674631
0.290576
0.438517
0.492075
0.549797
0.637953
0.769110
0.469034
0.493505
0.472250
0.501954
0.408055
0.432240
0.596310
0.562979
0.411776
0.393173
0.701442
0.412922
0.547548
0.444743
0.411083
0.474636
0.833739
0.425784
0.420312
0.463037
0.457648
0.590225
0.476881
0.613595
0.460250
0.492992
0.421549
0.546496
0.373259
0.720956
0.533684
0.533592
0.503338
0.771633
0.563063
0.699713
0.353062
0.530259
0.446528
0.527157
0.684447
0.601180
0.606541
0.525983
0.612093
0.470116
0.587670
0.467204
0.621121
0.450420
0.494128
0.737009
0.653510
0.572003
0.501970
0.501480
0.488930
0.836848
0.559988
0.513978
0.762668
0.571581
0.589796
0.528764
0.661919
0.484756
0.563902
0.439594
0.592737
0.459621
0.713852
0.628470
0.658655
0.494160
0.800644
0.485066
0.753730
0.462674
0.597333
0.593708
0.657649
0.664126
0.598906
0.546282
0.614575
0.593180
0.564934
0.672692
0.646579
0.500444
0.541418
0.788658
0.597651
0.697570
0.581612
0.528704
0.613350
0.778148
0.632900
0.580452
0.773710
0.632612
0.644539
0.696226
0.673074
0.600922
0.561718
0.597080
0.673691
0.532545
0.710969
0.694092
0.714185
0.507392
0.815005
0.509697
0.749431
0.572884
0.676323
0.594331
0.799166
0.813324
0.795324
0.795826
0.667198
0.821657
0.780363
0.728559
0.717734
0.737391
0.855931
0.781716
0.810242
0.743611
0.581649
0.849195
0.795790
0.853550
0.781839
0.930571
0.800692
0.721448
0.723393
0.801904
0.670614
0.753924
0.755689
0.838139
0.698144
0.777226
0.663031
0.816734
0.643950
0.920223
0.652329
0.721876
0.787812
0.828909
0.723126
0.586005
0.604530
0.588845
0.514449
0.592615
0.568430
0.602771
0.427940
0.510267
0.677895
0.606714
0.596286
0.521993
0.474983
0.532299
0.888270
0.257023
0.467146
0.653615
0.567951
0.609956
0.433025
0.618714
0.517531
0.488257
0.502269
0.537834
0.453041
0.675921
0.565294
0.451822
0.504943
0.693875
0.527382
0.750312
0.449570
0.650489
0.558336
0.562855
0.571970
0.475277
0.477209
0.661625
0.568758
0.469042
0.419459
0.636255
0.561281
0.589425
0.237706
0.448922
0.438334
0.828030
0.448916
0.467444
0.612478
0.495155
0.640755
0.566372
0.586169
0.490040
0.520960
0.529033
0.631573
0.410004
0.695617
0.629821
0.523805
0.544002
0.601383
0.575989
0.713466
0.446950
0.475176
0.564122
0.578268
0.443569
0.447608
0.617975
0.614263
0.491833
0.453949
0.594060
0.528948
0.431770
0.534761
0.544050
0.497929
0.752395
0.524190
0.488713
0.652879
0.560908
0.568530
0.566865
0.572567
0.533809
0.522733
0.537736
0.465873
0.394950
0.729132
0.632647
0.555274
0.536356
0.686241
0.456663
0.702971
0.406875
0.489497
0.579122
0.478758
0.511462
0.666167
0.572083
0.517304
0.442775
0.681317
0.548024
0.592760
0.547171
0.368094
0.590224
0.886299
0.495810
0.421271
0.761984
0.538849
0.627123
0.627935
0.555784
0.533191
0.517301
0.529167
0.652177
0.453743
0.621227
0.680782
0.647119
0.474416
0.644973
0.585239
0.769049
0.432572
0.543060
0.546315
0.369557
0.543336
0.455207
0.365831
0.337265
0.601083
0.519909
0.537130
0.429126
0.383043
0.511419
0.706519
0.505994
0.446639
0.652413
0.555059
0.501823
0.479684
0.537321
0.348239
0.463552
0.403288
0.573815
0.298668
0.665427
0.563357
0.599401
0.421709
0.719815
0.500792
0.699100
0.282530
0.488562
0.393645
0.683305
0.634116
0.376206
0.419864
0.658923
0.489589
0.487809
0.490996
0.489916
0.416620
0.798373
0.523787
0.454819
0.580224
0.566453
0.641608
0.496901
0.646225
0.462279
0.568285
0.520341
0.548404
0.366978
0.778561
0.632482
0.646618
0.494460
0.716058
0.519907
0.694327
0.313070
0.490922
0.513746
0.685653
0.539809
0.557006
0.807425
0.697962
0.643004
0.535738
0.583712
0.609978
0.867341
0.572394
0.578901
0.800575
0.713069
0.533992
0.689973
0.663592
0.559816
0.501499
0.512096
0.631914
0.449063
0.730099
0.713207
0.609976
0.511058
0.778575
0.608124
0.799207
0.447012
0.714578
0.558337
0.554762
0.457229
0.699155
0.640074
0.666405
0.539690
0.442044
0.617642
0.720955
0.523314
0.531948
0.663774
0.559652
0.501351
0.602592
0.658123
0.493202
0.577959
0.368353
0.646208
0.540064
0.702409
0.626232
0.613245
0.554191
0.811815
0.556305
0.757978
0.549848
0.416572
0.539296
0.369204
0.660222
0.531521
0.455812
0.437950
0.414836
0.417227
0.860656
0.420730
0.372041
0.593497
0.499503
0.515484
0.403336
0.551184
0.284012
0.444739
0.464781
0.533238
0.327238
0.692678
0.611600
0.537195
0.389859
0.648872
0.428861
0.719863
0.284037
0.498786
0.451938
0.548195
0.501572
0.460637
0.358722
0.337824
0.431762
0.729821
0.452107
0.322906
0.610333
0.444921
0.452104
0.539396
0.462236
0.383027
0.398005
0.382108
0.547009
0.287888
0.558182
0.586917
0.508651
0.420883
0.648691
0.541773
0.614426
0.343662
0.417683
0.379227
0.728567
0.589408
0.636906
0.660960
0.651424
0.820788
0.639913
0.549215
0.754844
0.656026
0.667536
0.752150
0.662076
0.695232
0.592342
0.721222
0.704060
0.573640
0.668744
0.755406
0.717902
0.672165
0.819672
0.682339
0.773434
0.627123
0.613427
0.645888
0.596318
0.540693
0.495326
0.605824
0.884614
0.507611
0.543314
0.617825
0.606511
0.623648
0.542837
0.721970
0.531453
0.585842
0.538350
0.619528
0.491001
0.735955
0.608917
0.701010
0.566805
0.787151
0.627757
0.706479
0.503035
0.596455
0.559153
0.489539
0.558039
0.518252
0.878655
0.465398
0.523099
0.677103
0.554603
0.561962
0.634621
0.578117
0.496331
0.528739
0.582564
0.474329
0.448522
0.702303
0.672166
0.512661
0.466989
0.711931
0.614451
0.647933
0.487736
0.477758
0.566004
0.411658
0.424355
0.845687
0.429445
0.443146
0.606144
0.455372
0.555288
0.588498
0.557482
0.444984
0.417995
0.487338
0.595760
0.336993
0.594257
0.583087
0.487200
0.453280
0.679164
0.599851
0.612674
0.409393
0.498873
0.489286
0.480402
0.754347
0.425883
0.349007
0.666939
0.437803
0.531374
0.458157
0.530372
0.379437
0.408563
0.351463
0.575787
0.375725
0.558920
0.478403
0.576809
0.380364
0.696787
0.481970
0.579052
0.413750
0.462681
0.439597
0.821692
0.435142
0.402935
0.564683
0.510143
0.615860
0.570297
0.570372
0.530002
0.463836
0.460265
0.506131
0.413160
0.719633
0.653852
0.527955
0.506990
0.679988
0.542186
0.748029
0.406628
0.505437
0.573324
0.908660
0.817241
0.928351
0.921007
0.792616
0.850600
0.834338
0.812186
0.799265
0.672511
0.824279
0.821081
0.836492
0.849116
0.888849
0.856404
0.931630
0.841410
0.875888
0.801204
0.765012
0.828022
0.378041
0.593030
0.425142
0.564335
0.436033
0.595584
0.461030
0.450211
0.452658
0.522495
0.408964
0.709758
0.661788
0.512308
0.463107
0.698115
0.582766
0.704423
0.389565
0.487815
0.530566
0.661158
0.381084
0.460868
0.515269
0.471756
0.462256
0.435312
0.410845
0.501656
0.354003
0.605001
0.585367
0.566301
0.435388
0.702514
0.495038
0.720347
0.320409
0.479427
0.501672
0.620661
0.770338
0.554441
0.734717
0.624814
0.668008
0.657830
0.688338
0.608879
0.885799
0.650419
0.659323
0.777749
0.838921
0.747767
0.798661
0.606935
0.657427
0.667117
0.642189
0.563191
0.560504
0.544285
0.513765
0.490544
0.597228
0.469454
0.534127
0.513381
0.612503
0.563454
0.709550
0.652952
0.607731
0.453814
0.451614
0.569543
0.644072
0.616025
0.493609
0.541013
0.503026
0.642000
0.506438
0.685518
0.724612
0.595985
0.473091
0.776960
0.525252
0.758083
0.540199
0.560310
0.476554
0.652151
0.409722
0.641339
0.531887
0.582433
0.518984
0.770995
0.498132
0.618234
0.570505
0.727854
0.590443
0.748554
0.495191
0.521124
0.591220
0.608059
0.482969
0.625476
0.615612
0.479147
0.626443
0.637236
0.589897
0.526750
0.568363
0.669861
0.699127
0.540837
0.577324
0.596327
0.498499
0.429287
0.611260
0.427390
0.632614
0.513561
0.560334
0.416372
0.711010
0.470314
0.640024
0.409359
0.470499
0.421313
0.483035
0.577534
0.348713
0.606156
0.604999
0.511158
0.419231
0.651746
0.537923
0.618552
0.386384
0.613583
0.513428
0.572061
0.409562
0.637390
0.569399
0.531041
0.450159
0.804200
0.534117
0.731000
0.380986
0.517959
0.476007
0.503544
0.866821
0.690434
0.571771
0.573821
0.804693
0.540610
0.791689
0.509062
0.537871
0.657858
0.632030
0.576709
0.440747
0.341184
0.611861
0.479022
0.655185
0.179569
0.515868
0.409223
0.534819
0.748562
0.648453
0.771308
0.795231
0.462052
0.695613
0.701969
0.623106
0.616658
0.609498
0.818025
0.585953
0.552882
0.613661
0.665736
0.605494
0.619121
0.679156
0.595269
0.732673
0.482994
0.671501
0.568243
0.756776
0.487723
0.636126
0.425003
0.551202
0.456876
0.724376
0.779050
0.628777
0.730619
0.748736
0.781606
0.477440
0.573760
0.572771
0.730343
0.716805
0.711705
0.545620
0.454860
0.561618
