0.175152
0.118770
0.326780
0.151286
0.087711
0.153526
0.270330
0.120513
0.188175
0.231224
0.273271
0.161093
0.132703
0.187297
0.146151
0.120417
0.112335
0.405764
0.276531
0.127872
0.148746
0.168419
0.154459
0.156956
0.172300
0.126201
0.201412
0.159826
0.128362
0.158830
0.132654
0.143691
0.140078
0.255604
0.151331
0.185034
0.148708
0.167829
0.162451
0.134876
0.137075
0.156637
0.215310
0.195116
0.132304
0.177684
0.115136
0.224476
0.273611
0.036363
0.094894
0.018542
0.087406
0.048382
0.035442
0.083017
0.037038
0.094740
0.038942
0.030279
0.034940
0.017903
0.020842
0.023199
0.037589
0.195239
0.034250
0.053737
0.023286
0.046531
0.065362
0.017555
0.037558
0.020308
0.039994
0.039160
0.032225
0.017957
0.042495
0.015373
0.025095
0.052128
0.021735
0.026267
0.016690
0.041897
0.052066
0.023923
0.014596
0.041059
0.027323
0.030716
0.027560
0.026690
0.046581
0.032984
0.065708
0.149596
0.014026
0.038826
0.027320
0.079319
0.042584
0.028152
0.072697
0.098041
0.025448
0.008516
0.038670
0.021315
0.011194
0.015837
0.224756
0.086448
0.014982
0.029286
0.018201
0.041084
0.015385
0.040401
0.011084
0.031880
0.018036
0.017254
0.013983
0.018288
0.013214
0.010237
0.071980
0.011168
0.023334
0.028167
0.018412
0.029418
0.014415
0.014246
0.018179
0.036093
0.049419
0.016954
0.017501
0.015603
0.045655
0.106823
0.112614
0.249725
0.147367
0.090968
0.254099
0.105281
0.251529
0.040960
0.094902
0.141031
0.072378
0.136196
0.134835
0.174574
0.089276
0.042966
0.201275
0.170280
0.157810
0.133210
0.129533
0.184604
0.118059
0.084415
0.155701
0.135426
0.105947
0.170310
0.108771
0.139978
0.041187
0.142913
0.103983
0.142779
0.164667
0.213135
0.137343
0.125230
0.167963
0.092749
0.119643
0.164420
0.117062
0.189891
0.067938
0.038297
0.053364
0.022884
0.052882
0.052197
0.022647
0.085777
0.064044
0.016103
0.014921
0.017310
0.019128
0.011931
0.014613
0.187521
0.053022
0.025953
0.019345
0.030189
0.039506
0.010658
0.030824
0.007409
0.021109
0.022135
0.007797
0.011730
0.020411
0.007569
0.006479
0.044301
0.011655
0.009969
0.018914
0.022653
0.033909
0.012551
0.009753
0.017279
0.022827
0.031000
0.014892
0.010968
0.018549
0.020021
0.079973
0.069372
0.169951
0.035309
0.100100
0.127764
0.184312
0.060699
0.034513
0.094369
0.065692
0.047323
0.021807
0.301502
0.173660
0.030563
0.045339
0.074272
0.080121
0.054855
0.052877
0.045588
0.104813
0.069371
0.042724
0.063648
0.043772
0.054249
0.044384
0.159960
0.050303
0.080315
0.055457
0.061523
0.049489
0.040843
0.056237
0.046765
0.103840
0.108271
0.037364
0.070124
0.033331
0.115547
0.205118
0.078319
0.038318
0.040794
0.084053
0.096940
0.046129
0.023268
0.043096
0.046836
0.018462
0.033825
0.244399
0.079172
0.028773
0.048008
0.026567
0.062637
0.038971
0.044726
0.029763
0.024157
0.016954
0.028368
0.024049
0.014648
0.029884
0.014951
0.060355
0.020645
0.021162
0.042357
0.017590
0.029085
0.032840
0.029431
0.018770
0.040458
0.019855
0.043732
0.012992
0.017131
0.040194
0.100761
0.128812
0.042524
0.085407
0.046454
0.076056
0.084684
0.043329
0.060331
0.065354
0.098503
0.197602
0.030140
0.110785
0.075854
0.069787
0.117043
0.055271
0.082741
0.065909
0.046999
0.058534
0.074160
0.048890
0.080142
0.054646
0.058946
0.044657
0.060659
0.038091
0.057596
0.070460
0.093395
0.075480
0.053825
0.075754
0.032191
0.048834
0.077122
0.051375
0.094870
0.035085
0.059814
0.080055
0.073182
0.183590
0.084541
0.043782
0.093762
0.063172
0.040982
0.029763
0.343346
0.160610
0.031251
0.052572
0.057020
0.116763
0.053416
0.042037
0.058221
0.084155
0.042101
0.050861
0.054898
0.019852
0.057350
0.034280
0.150225
0.039701
0.060248
0.047371
0.033232
0.023443
0.050905
0.051025
0.027723
0.085100
0.072198
0.042257
0.053315
0.021438
0.103361
0.197841
0.070305
0.070498
0.040535
0.037121
0.033141
0.033416
0.030944
0.045524
0.202851
0.054301
0.049005
0.052168
0.032701
0.061573
0.029922
0.060243
0.031362
0.025360
0.029564
0.038406
0.022204
0.041377
0.026098
0.027895
0.049636
0.028407
0.022854
0.040846
0.034693
0.057199
0.037998
0.032488
0.038002
0.014260
0.044545
0.039219
0.023541
0.043539
0.030237
0.073975
0.174645
0.128892
0.087911
0.118768
0.088039
0.082043
0.092135
0.351885
0.151260
0.080751
0.088619
0.052696
0.157442
0.075163
0.092324
0.098493
0.088908
0.045866
0.101365
0.078233
0.071708
0.085106
0.067305
0.152196
0.063140
0.078647
0.090709
0.055140
0.054060
0.093785
0.076729
0.056769
0.083210
0.094422
0.075068
0.071341
0.070702
0.114789
0.182405
0.060814
0.092990
0.035663
0.082187
0.079487
0.114559
0.141732
0.014220
0.131929
0.091510
0.098423
0.090677
0.074272
0.108014
0.068819
0.055971
0.097231
0.086234
0.062062
0.108914
0.063370
0.082727
0.032532
0.080562
0.058717
0.078794
0.102579
0.132281
0.074830
0.071035
0.105296
0.055347
0.064713
0.097835
0.064315
0.125152
0.041861
0.025364
0.019789
0.013187
0.032065
0.027878
0.026980
0.162335
0.058841
0.038371
0.031482
0.046252
0.028820
0.020401
0.044568
0.016683
0.030314
0.047441
0.021211
0.019641
0.040074
0.019147
0.022291
0.044135
0.025456
0.025701
0.034941
0.042829
0.058759
0.012709
0.024622
0.036543
0.035293
0.054693
0.029968
0.025348
0.040784
0.029327
0.074936
0.034079
0.024284
0.010609
0.016148
0.220641
0.081678
0.014682
0.025959
0.020435
0.035211
0.016817
0.032510
0.011307
0.031916
0.020674
0.018292
0.011839
0.017978
0.011804
0.009885
0.067142
0.010037
0.024405
0.025879
0.019700
0.029399
0.012170
0.015930
0.019908
0.036413
0.041467
0.022449
0.015518
0.017650
0.042080
0.105369
0.031325
0.027824
0.043316
0.160705
0.030867
0.055662
0.035737
0.047649
0.049302
0.023043
0.045442
0.022296
0.025124
0.042552
0.028265
0.018902
0.045473
0.020687
0.024381
0.027213
0.027963
0.020120
0.030437
0.043347
0.064283
0.024851
0.026386
0.043150
0.024883
0.034333
0.039674
0.021829
0.049369
0.021848
0.046959
0.015271
0.026757
0.223964
0.072429
0.031392
0.018557
0.032855
0.050293
0.011465
0.026113
0.015366
0.048690
0.028953
0.024566
0.015690
0.035475
0.014063
0.021309
0.076349
0.017867
0.033121
0.016403
0.032270
0.041101
0.022210
0.014938
0.039372
0.031074
0.040799
0.025054
0.031256
0.032869
0.047248
0.107455
0.019504
0.229471
0.069463
0.020707
0.023246
0.022332
0.044787
0.014631
0.028914
0.008501
0.032925
0.015325
0.016333
0.009946
0.016139
0.008541
0.007785
0.063695
0.008362
0.020487
0.015916
0.019019
0.028152
0.015084
0.011376
0.022529
0.031121
0.026611
0.021113
0.014088
0.016301
0.040381
0.094084
0.246406
0.104567
0.013952
0.016929
0.042004
0.049842
0.018645
0.025437
0.017366
0.051145
0.034543
0.015256
0.025672
0.017034
0.020858
0.013826
0.096043
0.016782
0.033072
0.022616
0.026617
0.024516
0.011518
0.018158
0.016424
0.049320
0.055635
0.008158
0.029419
0.011111
0.055542
0.135767
0.132906
0.287093
0.246543
0.250155
0.203069
0.210134
0.264658
0.191081
0.171604
0.248422
0.188884
0.198474
0.260119
0.187284
0.224463
0.120549
0.239893
0.186820
0.236291
0.268749
0.308062
0.220399
0.208293
0.255091
0.194908
0.234017
0.246051
0.212084
0.274755
0.138321
0.140604
0.120253
0.085862
0.082697
0.097338
0.067484
0.095614
0.061311
0.044441
0.077921
0.072619
0.050825
0.093546
0.053710
0.068748
0.020569
0.070872
0.043301
0.065396
0.088234
0.120193
0.074502
0.061130
0.093103
0.035644
0.051224
0.092267
0.051655
0.109183
0.026753
0.029647
0.022527
0.024788
0.048642
0.024253
0.026313
0.026355
0.054927
0.027043
0.027817
0.027554
0.019760
0.031724
0.015834
0.106495
0.015619
0.037406
0.034359
0.020234
0.017772
0.018193
0.031032
0.017847
0.051697
0.053542
0.021135
0.025955
0.008844
0.069079
0.147629
0.040299
0.053551
0.013229
0.012853
0.020061
0.061599
0.036180
0.023513
0.025366
0.033220
0.022388
0.018457
0.092184
0.017213
0.036070
0.018410
0.036300
0.027736
0.015496
0.020893
0.028697
0.044963
0.046686
0.016086
0.031871
0.023323
0.056499
0.123432
0.054194
0.029029
0.044574
0.028521
0.032684
0.009734
0.037550
0.018248
0.030172
0.029127
0.017982
0.069289
0.016223
0.027884
0.043790
0.018363
0.031357
0.030456
0.030071
0.027459
0.032677
0.038606
0.040478
0.017125
0.026224
0.050782
0.104674
0.048678
0.073438
0.031731
0.051779
0.060521
0.038560
0.045135
0.068696
0.043547
0.045376
0.068713
0.049633
0.055585
0.073252
0.064362
0.078980
0.033278
0.048878
0.062974
0.065465
0.071399
0.057100
0.048805
0.056132
0.053918
0.107041
0.024846
0.013033
0.035593
0.024635
0.020339
0.010342
0.025944
0.008631
0.011788
0.065684
0.009125
0.020585
0.016779
0.022882
0.027607
0.012780
0.010396
0.020186
0.029644
0.042249
0.014044
0.018376
0.025345
0.037114
0.095668
0.033739
0.067808
0.039523
0.033928
0.029685
0.029472
0.035866
0.025144
0.103319
0.024437
0.042218
0.019992
0.034785
0.025818
0.026134
0.035657
0.033829
0.046677
0.041080
0.030724
0.036663
0.027824
0.064448
0.143550
0.032121
0.025040
0.008438
0.010273
0.027627
0.006468
0.010550
0.053129
0.013160
0.021746
0.018727
0.029199
0.040422
0.013084
0.011213
0.027046
0.029932
0.038149
0.018150
0.017563
0.023013
0.032257
0.085003
0.029003
0.032623
0.021219
0.035370
0.026877
0.023524
0.023398
0.029572
0.013495
0.054908
0.030579
0.057383
0.034428
0.028742
0.029969
0.028673
0.030124
0.049838
0.013537
0.044551
0.013827
0.057849
0.029668
0.017111
0.022821
0.022506
0.011736
0.066033
0.012034
0.023104
0.036507
0.010896
0.020007
0.030610
0.021103
0.017472
0.029697
0.028688
0.032445
0.013903
0.019671
0.045777
0.106530
0.019659
0.024990
0.014633
0.010841
0.058793
0.021744
0.020850
0.026046
0.034188
0.041650
0.016747
0.015124
0.025407
0.039685
0.040672
0.021231
0.023412
0.019084
0.031117
0.101376
0.023794
0.008315
0.010342
0.047094
0.008252
0.016043
0.019380
0.018399
0.033187
0.014121
0.012799
0.022045
0.017071
0.027786
0.023848
0.010564
0.025849
0.027580
0.076856
0.024521
0.010755
0.082361
0.015753
0.020339
0.025932
0.017401
0.021210
0.019746
0.020052
0.013067
0.045489
0.033881
0.025873
0.019106
0.011711
0.047623
0.119932
0.011145
0.051693
0.010625
0.018690
0.016884
0.026869
0.037728
0.015280
0.007355
0.025011
0.026919
0.034988
0.020218
0.015605
0.027282
0.028687
0.080477
0.056861
0.005916
0.011116
0.019365
0.013183
0.019888
0.011165
0.010219
0.009473
0.026829
0.026898
0.015232
0.007982
0.009547
0.031189
0.095225
0.065822
0.032082
0.080286
0.076360
0.113984
0.068209
0.059398
0.079143
0.039686
0.050656
0.091598
0.040135
0.092414
0.015798
0.027043
0.019050
0.018966
0.009277
0.015462
0.011454
0.010845
0.010834
0.025195
0.031278
0.013694
0.008364
0.014668
0.039977
0.097766
0.027814
0.025146
0.042156
0.022498
0.018179
0.022010
0.021181
0.025791
0.030745
0.009414
0.028748
0.012510
0.063475
0.033392
0.039537
0.021400
0.017577
0.035878
0.032690
0.040616
0.020682
0.029209
0.032149
0.047477
0.103282
0.012673
0.023438
0.022884
0.009705
0.033377
0.036377
0.025270
0.012405
0.018424
0.050930
0.117228
0.029369
0.032112
0.010695
0.057262
0.047076
0.024753
0.027538
0.016267
0.074679
0.158701
0.012904
0.019355
0.036904
0.042091
0.013207
0.019326
0.020118
0.039652
0.098569
0.020991
0.033304
0.033814
0.016301
0.018660
0.023557
0.030878
0.090332
0.040728
0.041707
0.016559
0.014185
0.012150
0.046819
0.120216
0.036389
0.041425
0.020725
0.048794
0.026124
0.068327
0.057424
0.021794
0.039880
0.034281
0.082420
0.027200
0.019682
0.053791
0.122974
0.021134
0.024302
0.072873
0.058000
0.136279
0.049200
