0.678052
0.760657
0.670993
0.782328
0.834216
0.820816
0.673398
0.743955
0.715994
0.746412
0.769517
0.806876
0.901660
0.688288
0.647300
0.988683
0.922885
0.800860
0.753583
0.702648
0.815464
0.861419
0.713936
0.761549
0.747424
0.837811
0.818793
0.811634
0.747857
0.742091
0.771014
0.731848
0.997092
0.691399
0.867133
0.641647
0.763406
0.778956
0.791775
0.732155
0.750512
0.785488
0.736950
0.804353
0.858669
0.753598
0.645260
0.832543
0.629375
0.556103
0.399519
0.425032
0.555647
0.610213
0.496483
0.444844
0.551512
0.588524
0.347715
0.656160
0.704425
0.589201
0.502339
0.677157
0.750996
0.706987
0.380063
0.610410
0.496775
0.556248
0.452097
0.477835
0.576889
0.607648
0.449063
0.504441
0.502964
0.447171
0.384838
0.303119
0.798337
0.325625
0.647171
0.397519
0.488602
0.430185
0.830150
0.537093
0.395411
0.501528
0.594846
0.567293
0.640256
0.586472
0.441740
0.605877
0.556712
0.730327
0.740312
0.526235
0.784526
0.695261
0.685678
0.755160
0.749767
0.642039
0.813815
0.870452
0.617172
0.582184
0.861129
0.894736
0.644883
0.622881
0.795299
0.822283
0.706226
0.768201
0.708869
0.702461
0.845990
0.399481
0.759187
0.648287
0.707707
0.514599
0.450355
0.751735
0.478097
0.747409
0.715175
0.593615
0.744045
0.833137
0.784756
0.589557
0.809330
0.802518
0.794588
0.670146
0.722393
0.712530
0.816025
0.787284
0.438534
0.589370
0.678321
0.461947
0.469677
0.668141
0.663289
0.492002
0.654043
0.834929
0.585051
0.571347
0.805128
0.614514
0.677969
0.551271
0.629599
0.481363
0.567964
0.370071
0.561119
0.632982
0.677849
0.628260
0.321030
0.521820
0.476457
0.512770
0.567801
0.890762
0.392251
0.784494
0.489509
0.622922
0.498383
0.781894
0.622680
0.557875
0.529690
0.496107
0.636652
0.736341
0.679718
0.505455
0.634935
0.616681
0.729409
0.784339
0.596593
0.605708
0.696695
0.671866
0.563256
0.751013
0.792742
0.708307
0.639040
0.754541
0.656581
0.888529
0.605289
0.602874
0.640318
0.665651
0.548820
0.549197
0.744539
0.667906
0.625333
0.636678
0.643518
0.623227
0.585052
0.537922
0.871681
0.551417
0.832823
0.481524
0.664345
0.578100
0.787003
0.674007
0.528305
0.656087
0.693600
0.645059
0.750575
0.684405
0.567927
0.682950
0.655412
0.640185
0.568533
0.509362
0.805511
0.675660
0.634492
0.724764
0.843730
0.545597
0.679080
0.867153
0.712827
0.549068
0.609258
0.771189
0.638918
0.729697
0.665985
0.686707
0.637768
0.830854
0.539200
0.631104
0.666890
0.535657
0.444665
0.479678
0.911982
0.437106
0.761135
0.630917
0.626716
0.636706
0.891874
0.672912
0.706462
0.782925
0.825879
0.710017
0.722402
0.794326
0.698151
0.786635
0.733989
0.609782
0.585291
0.602198
0.772536
0.547114
0.603502
0.769560
0.644215
0.632844
0.818487
0.776921
0.613239
0.573286
0.810528
0.752502
0.739788
0.745060
0.781066
0.629790
0.829660
0.645451
0.683651
0.673965
0.536608
0.628062
0.669928
0.904546
0.650084
0.639667
0.685711
0.646169
0.624704
0.837164
0.745327
0.725249
0.751550
0.790271
0.816199
0.673051
0.779889
0.700057
0.735758
0.697001
0.553619
0.715313
0.669504
0.584586
0.551481
0.836444
0.623758
0.487594
0.813182
0.685544
0.684683
0.516867
0.648608
0.685331
0.683488
0.493638
0.545915
0.595941
0.679697
0.598387
0.579188
0.543750
0.606960
0.537324
0.570042
0.788347
0.531888
0.820462
0.562723
0.634375
0.543507
0.844317
0.659526
0.615225
0.556104
0.623351
0.671735
0.667957
0.681640
0.509864
0.723881
0.621174
0.611366
0.604573
0.462573
0.649691
0.707276
0.465055
0.593129
0.760399
0.736490
0.522106
0.496037
0.555838
0.468076
0.675058
0.594412
0.544035
0.414416
0.650591
0.537562
0.485740
0.629923
0.379394
0.410745
0.465674
0.870147
0.433111
0.682317
0.530759
0.591134
0.309156
0.758360
0.551208
0.553000
0.689128
0.693400
0.673414
0.659736
0.591589
0.575576
0.644256
0.548150
0.736427
0.560286
0.712852
0.775676
0.718866
0.647284
0.805448
0.817684
0.733645
0.593103
0.688442
0.701944
0.733726
0.762801
0.771018
0.636299
0.768144
0.673038
0.743048
0.690222
0.557427
0.576215
0.639290
0.895828
0.628433
0.763317
0.633614
0.663089
0.606638
0.849018
0.711055
0.631893
0.796462
0.680754
0.787654
0.733268
0.689894
0.676044
0.632553
0.357723
0.644298
0.582403
0.798421
0.569516
0.728917
0.755246
0.828488
0.745205
0.711138
0.393882
0.715068
0.884232
0.672309
0.621433
0.698927
0.654079
0.704791
0.678373
0.728444
0.655685
0.623805
0.567469
0.926834
0.673496
0.844414
0.579403
0.784787
0.652210
0.823306
0.621074
0.660309
0.686755
0.699018
0.659153
0.835429
0.526188
0.689443
0.755032
0.549176
0.659618
0.693409
0.696106
0.586505
0.701015
0.828417
0.782906
0.494148
0.639798
0.615414
0.728805
0.598627
0.548171
0.631982
0.665563
0.495788
0.575599
0.641890
0.510727
0.448180
0.463872
0.862144
0.522153
0.654422
0.572133
0.561228
0.504992
0.904807
0.623141
0.484957
0.642160
0.666193
0.651101
0.708113
0.634451
0.591435
0.643881
0.649341
0.849415
0.680358
0.668724
0.830766
0.803912
0.818157
0.665103
0.686875
0.814527
0.792666
0.668619
0.678778
0.733906
0.762709
0.722532
0.629988
0.606402
0.747230
0.682930
0.710159
0.788832
0.716595
0.855117
0.633409
0.801210
0.683681
0.915406
0.751807
0.674551
0.651481
0.698801
0.701821
0.716836
0.778971
0.641593
0.733272
0.632837
0.860793
0.854350
0.866831
0.753278
0.726010
0.782608
0.805588
0.854285
0.839216
0.843082
0.720215
0.773497
0.846173
0.807741
0.742644
0.841750
0.760671
0.733073
0.753233
0.908231
0.847371
0.791041
0.789510
0.814707
0.691960
0.965758
0.848098
0.767949
0.885715
0.870216
0.751853
0.848868
0.839391
0.855686
0.776314
0.812175
0.631087
0.845307
0.761532
0.385300
0.666251
0.503261
0.624218
0.676124
0.693502
0.657888
0.452991
0.754799
0.488723
0.616352
0.668237
0.567205
0.549717
0.429953
0.891575
0.475724
0.686171
0.610006
0.676611
0.523295
0.532777
0.553063
0.616817
0.780270
0.720626
0.781038
0.749462
0.476067
0.667620
0.762167
0.557328
0.844552
0.884828
0.712950
0.611498
0.720761
0.722824
0.659013
0.640129
0.716759
0.661844
0.769369
0.559869
0.693035
0.524256
0.628109
0.582009
0.533150
0.789375
0.529947
0.647121
0.566318
0.499021
0.655172
0.804626
0.679831
0.533890
0.726370
0.596317
0.797664
0.584313
0.693478
0.634932
0.713557
0.700078
0.836345
0.965543
0.723299
0.699206
0.824511
0.900062
0.778179
0.717227
0.734518
0.753500
0.833540
0.765436
0.854281
0.839653
0.756853
0.801638
0.812476
0.822765
0.866608
0.740067
0.691623
0.774819
0.982596
0.662037
0.688810
0.764659
0.801966
0.843108
0.678048
0.866889
0.754700
0.721410
0.713917
0.654517
0.800526
0.727154
0.639594
0.838403
0.709925
0.688974
0.799945
0.836702
0.807004
0.730596
0.846759
0.648745
0.763269
0.737436
0.906242
0.734221
0.980937
0.703926
0.901220
0.665076
0.836400
0.647709
0.875377
0.777307
0.748754
0.671227
0.905588
0.879059
0.769551
0.807697
0.770129
0.714449
0.792365
0.693281
0.733211
0.734519
0.754633
0.470232
0.926997
0.622145
0.691763
0.780402
0.582131
0.608165
0.554145
0.924550
0.539791
0.733862
0.750386
0.802223
0.637473
0.751094
0.556685
0.784852
0.900067
0.737099
0.871207
0.822886
0.778185
0.809943
0.778461
0.691807
0.717776
0.648102
0.553453
0.630799
0.567507
0.604549
0.771780
0.473317
0.604681
0.526515
0.561661
0.484478
0.478932
0.811705
0.495213
0.633331
0.586571
0.535848
0.594760
0.815310
0.668105
0.518473
0.701150
0.693375
0.742567
0.604642
0.700750
0.511053
0.579420
0.650906
0.671420
0.837300
0.629429
0.612015
0.626999
0.642575
0.710625
0.659294
0.766257
0.626647
0.577732
0.613246
0.935439
0.640309
0.834444
0.595389
0.733822
0.548076
0.664798
0.614260
0.635397
0.657418
0.681412
0.702808
0.796985
0.381871
0.675501
0.702934
0.439139
0.735912
0.568963
0.642813
0.641083
0.722142
0.698789
0.581921
0.758678
0.424078
0.643947
0.609564
0.981757
0.511177
0.803797
0.567226
0.662304
0.514104
0.778033
0.676295
0.662902
0.676449
0.618816
0.664428
0.853928
0.682921
0.683441
0.709816
0.645240
0.630439
0.811131
0.634253
0.782017
0.630000
0.721425
0.373694
0.714179
0.641858
0.609101
0.791136
0.552323
0.563317
0.730549
0.610188
0.735319
0.777060
0.783311
0.682440
0.709402
0.739293
0.920089
0.591061
0.811926
0.586823
0.833084
0.747683
0.528143
0.665320
0.665383
0.678561
0.470780
0.548128
0.552624
0.595020
0.610129
0.912237
0.519154
0.856429
0.445388
0.696567
0.573005
0.836156
0.632278
0.596778
0.364476
0.495051
0.670380
0.807056
0.718528
0.451621
0.674803
0.574204
0.554968
0.717558
0.612951
0.564803
0.698565
0.638750
0.559919
0.579707
0.914857
0.598048
0.837132
0.494994
0.692372
0.430230
0.852972
0.598017
0.545357
0.597723
0.706111
0.431522
0.827095
0.643692
0.614214
0.694411
0.605837
0.740668
0.633061
0.561125
0.614810
0.509892
0.510180
0.610499
0.784059
0.558434
0.624005
0.616374
0.563368
0.396688
0.727685
0.600401
0.586276
0.760665
0.729975
0.764155
0.618080
0.593392
0.562827
0.706529
0.525420
0.767277
0.720988
0.838585
0.760528
0.728484
0.700749
0.809956
0.739799
0.835115
0.626974
0.756593
0.696862
0.915482
0.728217
0.683901
0.530022
0.771478
0.785765
0.810161
0.802635
0.689296
0.728442
0.701592
0.667455
0.522922
0.564300
0.476280
0.314982
0.756049
0.510248
0.641480
0.615301
0.555217
0.590610
0.695867
0.639457
0.468066
0.763234
0.784453
0.757218
0.610898
0.644567
0.585445
0.747293
0.687774
0.689995
0.520613
0.581526
0.637517
0.824547
0.537300
0.756323
0.614275
0.642675
0.503301
0.813675
0.683728
0.571549
0.621316
0.662589
0.656187
0.718133
0.731047
0.614703
0.706177
0.598370
0.602752
0.537959
0.573381
0.745734
0.553430
0.566366
0.550572
0.528705
0.677693
0.788808
0.742464
0.547830
0.706193
0.684384
0.810058
0.520973
0.741063
0.579602
0.779630
0.690630
0.525125
0.534628
0.909618
0.464591
0.716100
0.539491
0.589409
0.409169
0.746476
0.575723
0.595488
0.719674
0.690191
0.714192
0.738741
0.628948
0.636557
0.702939
0.520014
0.392518
0.830596
0.398912
0.711467
0.526824
0.535107
0.439506
0.781922
0.568895
0.486200
0.627276
0.684086
0.676240
0.641889
0.566960
0.565168
0.710049
0.587590
0.830448
0.363397
0.717214
0.515691
0.608458
0.536609
0.762225
0.512870
0.512429
0.692918
0.718439
0.650339
0.674287
0.634440
0.549130
0.697385
0.648947
0.853743
0.827934
0.890928
0.834253
0.940399
0.923885
0.956719
0.694542
0.903300
0.879508
0.950345
0.740072
0.965845
0.779137
0.803500
0.904930
0.696821
0.502407
0.536208
0.544099
0.757150
0.601191
0.502746
0.665453
0.664532
0.751170
0.697373
0.620319
0.582853
0.740423
0.592935
0.802373
0.659200
0.782337
0.777984
0.797309
0.683371
0.910968
0.847026
0.932919
0.692247
0.810840
0.771058
0.758681
0.828080
0.649097
0.552400
0.766988
0.535940
0.492208
0.482376
0.564975
0.617866
0.780141
0.741913
0.508704
0.625448
0.528574
0.645023
0.849193
0.670123
0.533221
0.771172
0.792132
0.784905
0.330472
0.727235
0.657791
0.716368
0.676623
0.724666
0.576072
0.533684
0.641906
0.739788
0.538841
0.786730
0.465687
0.587252
0.740243
0.514602
0.755081
0.698907
0.877340
0.811057
0.963665
0.867453
0.561690
0.785906
0.883545
0.730690
0.650430
0.725645
0.673484
0.660413
0.726439
0.769436
0.675778
0.686897
0.587154
0.648949
0.682759
0.658704
0.648410
0.605510
0.602011
0.677247
0.598145
0.548844
0.621658
0.861590
0.686411
0.512584
0.732816
0.672378
0.754063
0.848699
0.712111
0.604727
0.593557
0.665339
0.867617
0.730613
0.740114
0.745189
0.733600
0.830673
0.711138
0.724163
0.759169
0.700107
0.822038
0.571413
0.627127
0.588955
0.725292
