0.072582
0.027712
0.074791
0.034655
0.046480
0.066707
0.046679
0.034811
0.015503
0.008457
0.016885
0.020960
0.019973
0.076548
0.019135
0.056821
0.021351
0.039230
0.081428
0.022419
0.097641
0.021048
0.015899
0.038357
0.084664
0.045636
0.022220
0.031054
0.048422
0.031099
0.024258
0.068714
0.028075
0.029890
0.065928
0.026055
0.016749
0.021001
0.058381
0.018774
0.074449
0.017582
0.019714
0.024273
0.032058
0.153899
0.077127
0.052467
0.073148
0.073975
0.014295
0.085538
0.069363
0.010355
0.101243
0.027159
0.057721
0.060351
0.036489
0.095372
0.029725
0.058512
0.041769
0.045641
0.042688
0.104060
0.080395
0.072856
0.089865
0.062086
0.050448
0.112643
0.033732
0.095241
0.078327
0.074435
0.129612
0.051068
0.047918
0.098369
0.040805
0.085132
0.007849
0.092262
0.042035
0.037853
0.104912
0.034197
0.014814
0.050576
0.078095
0.092548
0.048428
0.107963
0.008536
0.139402
0.044606
0.076370
0.025791
0.010888
0.069711
0.024093
0.027780
0.018859
0.024649
0.025938
0.016518
0.035627
0.093015
0.027592
0.054133
0.040661
0.011028
0.106230
0.022268
0.061718
0.025013
0.054271
0.013022
0.110043
0.010282
0.016295
0.026132
0.089064
0.012048
0.016678
0.112873
0.054954
0.011611
0.074133
0.010942
0.020828
0.035781
0.018428
0.023744
0.091638
0.044745
0.049969
0.036128
0.013482
0.113512
0.082596
0.021950
0.105893
0.087858
0.076845
0.014386
0.103496
0.031598
0.065561
0.064883
0.043737
0.098139
0.030905
0.067062
0.051746
0.048190
0.042788
0.101515
0.083496
0.077684
0.088109
0.067278
0.056087
0.114272
0.044121
0.093156
0.086827
0.076953
0.132219
0.052450
0.055143
0.104819
0.043955
0.082434
0.013353
0.088361
0.046145
0.045602
0.100399
0.040440
0.016407
0.051527
0.082677
0.091485
0.053526
0.113042
0.012831
0.134717
0.044350
0.042633
0.075107
0.008549
0.049290
0.031979
0.031035
0.036079
0.024492
0.044297
0.101491
0.034115
0.051949
0.039446
0.022962
0.105510
0.026711
0.076235
0.033763
0.058215
0.024289
0.123580
0.032394
0.029251
0.054796
0.069463
0.025546
0.025232
0.100359
0.057753
0.017723
0.089494
0.019248
0.032957
0.049818
0.040737
0.037687
0.107466
0.042364
0.046343
0.041659
0.036484
0.139660
0.100100
0.033072
0.105738
0.074802
0.041692
0.027140
0.023307
0.045649
0.031495
0.029424
0.043215
0.096753
0.034912
0.065310
0.058267
0.022317
0.121121
0.022181
0.055109
0.037701
0.072571
0.028035
0.114111
0.014567
0.022233
0.024868
0.119056
0.023946
0.020183
0.136532
0.074530
0.031335
0.073184
0.028356
0.026764
0.041623
0.021537
0.031026
0.089990
0.066715
0.072592
0.064114
0.016827
0.089014
0.080541
0.039740
0.117556
0.091970
0.027704
0.059755
0.054455
0.035251
0.088338
0.030507
0.065864
0.045021
0.043058
0.033331
0.098451
0.073052
0.072894
0.079495
0.055684
0.049502
0.104414
0.041069
0.087950
0.079803
0.072909
0.115855
0.042752
0.048882
0.097026
0.031357
0.072892
0.012009
0.082972
0.044409
0.039783
0.100904
0.032013
0.021631
0.040542
0.071391
0.078723
0.048290
0.111475
0.014595
0.129575
0.047668
0.059991
0.041668
0.040573
0.051145
0.022931
0.060135
0.119752
0.046629
0.062134
0.054820
0.022122
0.123366
0.036315
0.078275
0.040424
0.077281
0.022174
0.145153
0.025491
0.032526
0.058019
0.083298
0.024928
0.033824
0.119953
0.072250
0.016054
0.105421
0.019649
0.042440
0.062899
0.032287
0.048527
0.130215
0.058907
0.062016
0.043449
0.040360
0.141158
0.116454
0.028654
0.126416
0.021658
0.031246
0.014641
0.047104
0.017046
0.060338
0.024301
0.043087
0.024476
0.052950
0.083061
0.032594
0.051925
0.031844
0.038700
0.055206
0.055073
0.042442
0.037876
0.029067
0.097868
0.018935
0.023926
0.102291
0.033478
0.040031
0.029751
0.044476
0.020263
0.021638
0.052267
0.012165
0.035393
0.034059
0.052020
0.054797
0.018892
0.081588
0.032962
0.079284
0.065204
0.019017
0.008901
0.018987
0.017345
0.063264
0.009434
0.046300
0.026310
0.029746
0.083602
0.011692
0.077117
0.016377
0.031305
0.030231
0.076996
0.032122
0.012138
0.018976
0.072765
0.025362
0.012154
0.078806
0.039197
0.029033
0.057609
0.024357
0.010463
0.015019
0.045893
0.012026
0.066463
0.030923
0.031970
0.036987
0.018853
0.122331
0.064113
0.051759
0.074078
0.015693
0.024820
0.015351
0.055712
0.015038
0.033499
0.014035
0.038527
0.057902
0.031394
0.102759
0.015678
0.012256
0.036959
0.064402
0.047397
0.025750
0.041308
0.052164
0.020747
0.020656
0.050313
0.019043
0.023990
0.056956
0.025975
0.013841
0.017695
0.062753
0.014899
0.063061
0.009939
0.012835
0.017064
0.023738
0.162880
0.063469
0.053875
0.053773
0.029854
0.005968
0.045574
0.007549
0.033410
0.015028
0.042015
0.064519
0.019790
0.080160
0.012851
0.019840
0.044871
0.049001
0.044209
0.022806
0.028182
0.072169
0.025099
0.013219
0.065749
0.024526
0.033198
0.035911
0.030984
0.006884
0.007494
0.063469
0.005735
0.040910
0.017949
0.025156
0.040946
0.017757
0.123092
0.042877
0.067311
0.046846
0.038541
0.099245
0.030223
0.066203
0.042245
0.022469
0.104102
0.016449
0.085240
0.016429
0.052628
0.019330
0.126427
0.018278
0.013746
0.024577
0.068497
0.026731
0.026068
0.099427
0.058042
0.016778
0.091512
0.013329
0.022023
0.033832
0.035451
0.028288
0.111747
0.044050
0.041076
0.030652
0.031332
0.144869
0.107032
0.032782
0.106753
0.039864
0.011377
0.029521
0.011656
0.055595
0.054883
0.029787
0.091025
0.017518
0.013575
0.058571
0.038165
0.055724
0.033373
0.034456
0.069805
0.027808
0.020943
0.054693
0.017531
0.039075
0.028666
0.040309
0.007423
0.007272
0.073742
0.006870
0.028298
0.014584
0.025567
0.040668
0.022756
0.134147
0.034061
0.081701
0.029635
0.040988
0.032524
0.044447
0.112901
0.044540
0.094010
0.169976
0.055307
0.048016
0.112511
0.027251
0.119125
0.077332
0.094299
0.134199
0.078475
0.062363
0.041541
0.051462
0.100466
0.061355
0.108209
0.048810
0.035401
0.148384
0.050086
0.046475
0.054196
0.058078
0.080407
0.060812
0.212622
0.051460
0.147479
0.029129
0.025782
0.019982
0.041233
0.058006
0.024123
0.095595
0.015651
0.021612
0.042315
0.051001
0.048214
0.019404
0.035451
0.077110
0.027144
0.010847
0.052352
0.028747
0.036251
0.042650
0.033596
0.007100
0.010429
0.062338
0.010149
0.048297
0.022880
0.025715
0.034695
0.019725
0.142109
0.047116
0.065520
0.046494
0.026492
0.070894
0.030470
0.063531
0.128252
0.031881
0.039629
0.074011
0.039184
0.076038
0.061105
0.081414
0.098673
0.037907
0.030701
0.043566
0.029699
0.053546
0.046309
0.059339
0.032736
0.035976
0.097439
0.031517
0.049488
0.029152
0.040626
0.040815
0.032495
0.171929
0.043366
0.097492
0.035458
0.059975
0.047627
0.037750
0.101694
0.018265
0.014736
0.059026
0.045839
0.060555
0.041213
0.049033
0.052251
0.026888
0.026198
0.048493
0.008405
0.039192
0.041135
0.043298
0.020871
0.016151
0.082018
0.016216
0.040269
0.006673
0.019224
0.024126
0.033399
0.155367
0.045265
0.082772
0.038249
0.131796
0.027687
0.078762
0.041183
0.073257
0.012429
0.142777
0.016359
0.020257
0.043573
0.098317
0.028035
0.025993
0.128201
0.080687
0.017558
0.103273
0.012724
0.035394
0.053155
0.020602
0.044431
0.125769
0.062856
0.061270
0.051906
0.029364
0.140504
0.111308
0.008176
0.132373
0.104109
0.200180
0.053268
0.050944
0.130220
0.045448
0.132523
0.108498
0.120470
0.105900
0.082215
0.072388
0.027379
0.042099
0.099664
0.072177
0.105757
0.067943
0.056860
0.167193
0.059149
0.069198
0.042618
0.046055
0.056289
0.075813
0.251694
0.072597
0.160444
0.035909
0.077470
0.022312
0.046213
0.035603
0.104902
0.029375
0.021082
0.028684
0.071733
0.029323
0.014118
0.107308
0.054820
0.029987
0.068466
0.020438
0.022967
0.028933
0.040410
0.025298
0.084817
0.040309
0.038816
0.049091
0.032402
0.118471
0.082810
0.045294
0.097973
0.101508
0.133280
0.076642
0.171242
0.052810
0.078318
0.055543
0.174872
0.057644
0.079268
0.231125
0.118255
0.071225
0.098153
0.082789
0.078201
0.101414
0.044730
0.071775
0.120903
0.119336
0.147454
0.127581
0.066673
0.030978
0.107308
0.094825
0.179394
0.029482
0.038701
0.070213
0.037680
0.025622
0.035261
0.060204
0.025466
0.019071
0.059769
0.028957
0.025598
0.057497
0.025016
0.013441
0.016170
0.064653
0.013460
0.067201
0.019631
0.021413
0.022385
0.024840
0.153627
0.069816
0.061079
0.057360
0.078098
0.039988
0.082729
0.048987
0.058125
0.049025
0.043364
0.034587
0.038954
0.010949
0.054966
0.044866
0.054963
0.024649
0.016464
0.101582
0.022569
0.042378
0.009376
0.014335
0.033090
0.042806
0.184689
0.049093
0.096449
0.032674
0.152169
0.017168
0.016510
0.035890
0.098069
0.032311
0.036052
0.121962
0.083311
0.017648
0.117954
0.019138
0.034663
0.059129
0.025150
0.044724
0.133439
0.065369
0.064712
0.042507
0.029199
0.142420
0.126682
0.014070
0.138508
0.146472
0.109637
0.113439
0.131230
0.081956
0.071193
0.057494
0.036608
0.115258
0.030843
0.121388
0.060807
0.040801
0.171116
0.050507
0.020101
0.047317
0.061498
0.095309
0.073191
0.198993
0.023638
0.183205
0.014452
0.022979
0.025530
0.108732
0.022967
0.031896
0.143791
0.079296
0.018316
0.094768
0.018798
0.035860
0.053291
0.012778
0.040072
0.119783
0.069598
0.076585
0.049940
0.025126
0.104375
0.106124
0.026475
0.136366
0.019246
0.085396
0.030118
0.020873
0.095116
0.058964
0.028321
0.081292
0.025495
0.015344
0.026780
0.033216
0.026128
0.093460
0.048979
0.049346
0.041267
0.023266
0.135223
0.089586
0.034760
0.101211
0.098412
0.035788
0.039340
0.123419
0.062347
0.037317
0.076579
0.039718
0.022676
0.032631
0.037894
0.023995
0.085845
0.060241
0.068910
0.055410
0.026816
0.099162
0.085548
0.060546
0.108125
0.082497
0.083804
0.084897
0.054144
0.071835
0.126476
0.075745
0.077816
0.073533
0.132193
0.075577
0.127510
0.046855
0.042326
0.050124
0.100084
0.252454
0.141883
0.105185
0.107529
0.018860
0.098338
0.034482
0.013278
0.050864
0.019897
0.023824
0.030219
0.029548
0.018992
0.068081
0.031183
0.043050
0.031577
0.016815
0.109327
0.056636
0.043431
0.080042
0.079439
0.036417
0.029900
0.044611
0.023011
0.014665
0.020873
0.041975
0.017417
0.060281
0.028033
0.032508
0.037726
0.018436
0.119022
0.052392
0.048454
0.069904
0.046214
0.103899
0.096414
0.107187
0.064964
0.054390
0.178771
0.068599
0.085808
0.042757
0.037488
0.054549
0.087101
0.294626
0.093620
0.151964
0.035285
0.052377
0.036191
0.057923
0.030919
0.022330
0.100275
0.022340
0.036153
0.007631
0.024197
0.027513
0.041999
0.169645
0.039241
0.106232
0.032717
0.083952
0.007038
0.027376
0.042403
0.031265
0.027349
0.104319
0.039530
0.043867
0.031873
0.022567
0.137212
0.094901
0.024450
0.099657
0.085833
0.042711
0.034317
0.105984
0.033104
0.016512
0.043126
0.069566
0.086439
0.051367
0.115952
0.005603
0.138905
0.040186
0.027128
0.041460
0.030683
0.030283
0.110546
0.039888
0.040253
0.034912
0.026593
0.142893
0.099317
0.022580
0.105239
0.010445
0.051872
0.006006
0.049532
0.024283
0.031466
0.036551
0.012681
0.123629
0.049958
0.056656
0.050712
0.075719
0.009482
0.038654
0.020660
0.024424
0.041761
0.026214
0.148687
0.039314
0.082423
0.035855
0.058401
0.134109
0.091162
0.102013
0.069909
0.040507
0.094642
0.116726
0.027257
0.166700
0.042050
0.019008
0.030061
0.035863
0.013202
0.114647
0.040215
0.067955
0.046697
0.047648
0.072253
0.095641
0.061939
0.143449
0.012650
0.164359
0.029749
0.010907
0.022539
0.037045
0.173405
0.050294
0.083797
0.037281
0.026593
0.048444
0.207788
0.077617
0.079892
0.046766
0.040117
0.195377
0.093866
0.062341
0.078607
0.105973
0.052925
0.047536
0.073369
0.124844
0.163767
0.221578
0.150174
0.038045
0.168756
