0.794707
0.472651
0.604778
0.623197
0.598977
0.677179
0.531563
0.676725
0.721375
0.565498
0.658624
0.801372
0.600446
0.516983
0.638447
0.557735
0.564712
0.755873
0.622779
0.759340
0.737597
0.832961
0.613847
0.490305
0.644057
0.652007
0.584550
0.670271
0.623196
0.510758
0.639785
0.647715
0.637451
0.602130
0.608466
0.702912
0.607110
0.530800
0.548134
0.615332
0.633774
0.618067
0.600154
0.653064
0.823838
0.674402
0.751097
0.631956
0.667410
0.813186
0.769297
0.603853
0.638891
0.626243
0.856491
0.735129
0.695542
0.817695
0.722090
0.826020
0.627927
0.872182
0.712914
0.739277
0.745734
0.688229
0.812988
0.744449
0.778129
0.761328
0.687465
0.652147
0.682002
0.733852
0.805217
0.757061
0.749130
0.679052
0.818634
0.793940
0.723267
0.712576
0.651947
0.714337
0.811937
0.729711
0.775524
0.658950
0.771383
0.731404
0.755660
0.792526
0.717919
0.633192
0.845600
0.728649
0.604966
0.360959
0.527177
0.514517
0.622671
0.444770
0.580827
0.674289
0.393430
0.505545
0.668255
0.534103
0.420596
0.420847
0.491285
0.369112
0.545571
0.457560
0.650103
0.597908
0.577168
0.447241
0.543610
0.509640
0.588382
0.490710
0.519444
0.528164
0.318792
0.411111
0.489608
0.567677
0.503896
0.393706
0.574844
0.404984
0.318132
0.422178
0.584700
0.564390
0.502218
0.462164
0.529367
0.777980
0.566992
0.662236
0.421181
0.556450
0.580079
0.595241
0.680775
0.492801
0.683897
0.714002
0.417211
0.595546
0.705777
0.574616
0.603750
0.441431
0.572646
0.489560
0.622578
0.454373
0.651361
0.436741
0.619935
0.466112
0.640316
0.551069
0.651960
0.543448
0.592832
0.598420
0.422791
0.432615
0.521616
0.581924
0.514877
0.531226
0.615910
0.415767
0.405825
0.473196
0.635737
0.628623
0.656396
0.504834
0.566348
0.748660
0.640206
0.591460
0.511637
0.649942
0.496872
0.573941
0.707849
0.592503
0.682864
0.531479
0.560838
0.571946
0.452839
0.667937
0.642598
0.587336
0.569155
0.414278
0.527256
0.748816
0.661399
0.642888
0.485570
0.487025
0.505262
0.607163
0.607361
0.715568
0.670694
0.536639
0.554437
0.596123
0.497639
0.529266
0.472525
0.534925
0.534334
0.512223
0.612192
0.699668
0.670235
0.386489
0.644259
0.666341
0.686002
0.416351
0.700490
0.402649
0.429368
0.358911
0.697185
0.402931
0.702573
0.592817
0.517480
0.472895
0.484123
0.687349
0.492593
0.486486
0.430148
0.557336
0.520132
0.652094
0.678916
0.646295
0.519344
0.572878
0.494907
0.658826
0.606069
0.603623
0.527360
0.497157
0.568058
0.598801
0.627808
0.621948
0.491601
0.515575
0.643616
0.434088
0.557653
0.564982
0.553147
0.666273
0.562908
0.494824
0.711727
0.603896
0.842845
0.556792
0.393330
0.767517
0.264061
0.708187
0.659255
0.672845
0.697503
0.397545
0.716084
0.648261
0.670048
0.575388
0.683634
0.699577
0.684527
0.787315
0.657572
0.557167
0.588807
0.662640
0.655297
0.693132
0.645409
0.455088
0.542521
0.650419
0.669033
0.628224
0.597508
0.509682
0.608075
0.737817
0.473198
0.661999
0.571483
0.670464
0.681180
0.632941
0.612129
0.682708
0.523039
0.856261
0.571663
0.504078
0.767446
0.794277
0.637094
0.679337
0.811897
0.707280
0.623622
0.640665
0.583202
0.633616
0.733678
0.617738
0.810908
0.702359
0.756109
0.609686
0.639693
0.665751
0.708366
0.665335
0.745208
0.704391
0.572591
0.586194
0.656659
0.583168
0.647142
0.609511
0.725054
0.644753
0.532238
0.600635
0.746848
0.735778
0.705876
0.600672
0.664667
0.813237
0.735630
0.751149
0.716241
0.781533
0.560794
0.675448
0.656626
0.571405
0.578335
0.728634
0.641403
0.682112
0.514009
0.541317
0.694671
0.697102
0.807672
0.549946
0.590843
0.519069
0.649437
0.638940
0.728759
0.709312
0.469218
0.545604
0.610201
0.714046
0.706584
0.584977
0.559831
0.556583
0.768679
0.486452
0.541942
0.558080
0.607897
0.716223
0.571280
0.618489
0.774563
0.606906
0.823565
0.492617
0.570255
0.737392
0.749001
0.818349
0.819700
0.778751
0.743840
0.794065
0.615027
0.592534
0.717403
0.798448
0.813530
0.653244
0.754907
0.598963
0.725777
0.598098
0.800298
0.793411
0.700553
0.510711
0.717702
0.711907
0.920530
0.631078
0.593536
0.667806
0.748019
0.651397
0.628937
0.634603
0.396646
0.722660
0.649439
0.692575
0.741712
0.693366
0.813662
0.502303
0.817048
0.593507
0.708889
0.538062
0.466188
0.548918
0.565636
0.571561
0.695566
0.516595
0.652043
0.638974
0.678724
0.512140
0.568222
0.541801
0.705033
0.617319
0.585104
0.587751
0.470310
0.510514
0.534873
0.553714
0.524264
0.577950
0.592008
0.275961
0.452881
0.518617
0.645519
0.622345
0.585608
0.602184
0.539734
0.798794
0.589955
0.704712
0.510787
0.702938
0.450977
0.522359
0.683122
0.586845
0.472297
0.535699
0.629768
0.462123
0.458976
0.732004
0.528596
0.567275
0.673830
0.421657
0.666099
0.603575
0.662409
0.557300
0.575376
0.583727
0.541263
0.621961
0.606859
0.548230
0.622398
0.554177
0.466935
0.647148
0.723447
0.638517
0.648977
0.526007
0.574390
0.711813
0.597987
0.799191
0.621187
0.523057
0.670724
0.747178
0.696126
0.609428
0.637634
0.594265
0.635929
0.537225
0.821313
0.565742
0.624334
0.662380
0.533848
0.815781
0.701648
0.794846
0.663789
0.718440
0.643438
0.709905
0.671166
0.617642
0.654422
0.553887
0.693958
0.605795
0.698690
0.746285
0.661222
0.730730
0.717952
0.660809
0.793604
0.659878
0.856275
0.683538
0.593777
0.711652
0.573950
0.566139
0.565953
0.620386
0.597723
0.658270
0.751967
0.692809
0.435459
0.689380
0.582029
0.753720
0.648722
0.649968
0.488554
0.532579
0.592702
0.659224
0.527105
0.624778
0.545330
0.653975
0.584120
0.437367
0.678931
0.680350
0.730154
0.562172
0.615906
0.563441
0.721568
0.482502
0.776524
0.597322
0.413153
0.662848
0.652496
0.531535
0.760284
0.593053
0.741186
0.701626
0.781069
0.667656
0.621431
0.602993
0.682490
0.572304
0.573218
0.636329
0.565911
0.665044
0.579637
0.709200
0.651601
0.561995
0.655921
0.545669
0.580383
0.634455
0.730376
0.759395
0.650640
0.716996
0.608219
0.853618
0.642515
0.703700
0.580150
0.788816
0.547284
0.475919
0.623036
0.554234
0.623423
0.522667
0.641115
0.495766
0.675540
0.536007
0.634033
0.603286
0.583548
0.576545
0.475411
0.467129
0.571423
0.701475
0.584262
0.556027
0.566005
0.544565
0.414507
0.506064
0.538398
0.633590
0.702790
0.545411
0.556122
0.641631
0.595384
0.749662
0.546805
0.534093
0.568310
0.661258
0.483795
0.627934
0.704684
0.711144
0.510993
0.582457
0.439271
0.669334
0.538324
0.616924
0.555631
0.636753
0.614313
0.603965
0.583817
0.572315
0.583142
0.551228
0.582448
0.485343
0.614011
0.682095
0.660942
0.620666
0.613674
0.561009
0.813629
0.640536
0.715506
0.611037
0.571856
0.501330
0.535896
0.667313
0.593049
0.609867
0.451647
0.658833
0.548365
0.593958
0.580832
0.573479
0.549009
0.457374
0.495230
0.628035
0.695992
0.565336
0.470349
0.578405
0.555075
0.395114
0.511892
0.648671
0.585411
0.655392
0.488962
0.515120
0.620885
0.546001
0.761806
0.455322
0.558065
0.607114
0.758035
0.724528
0.652397
0.533640
0.641993
0.653422
0.628441
0.659925
0.779019
0.731308
0.599783
0.597552
0.753608
0.706744
0.595152
0.577230
0.601843
0.651117
0.546115
0.580794
0.754101
0.691367
0.487800
0.661816
0.705457
0.802560
0.525470
0.700137
0.488556
0.487558
0.667303
0.523228
0.653277
0.537015
0.666787
0.298239
0.684446
0.570272
0.664739
0.669930
0.475713
0.606795
0.213861
0.675840
0.528283
0.560128
0.623562
0.507487
0.508692
0.630764
0.733546
0.682630
0.628996
0.597990
0.557160
0.768872
0.617430
0.734416
0.592106
0.622819
0.736392
0.640639
0.578987
0.781522
0.613225
0.664644
0.651361
0.651942
0.494834
0.674503
0.575135
0.682243
0.696571
0.619349
0.667923
0.603010
0.688750
0.547810
0.700011
0.703404
0.644352
0.753567
0.700548
0.599873
0.717937
0.585775
0.831324
0.691469
0.704121
0.696608
0.633283
0.737745
0.641742
0.616907
0.591519
0.777610
0.729476
0.628658
0.602044
0.621107
0.752306
0.671970
0.687710
0.696242
0.580556
0.550616
0.621439
0.733000
0.745569
0.730024
0.711280
0.733205
0.648134
0.658035
0.665655
0.666697
0.724024
0.575378
0.707165
0.637403
0.683367
0.673721
0.689927
0.633390
0.619764
0.557057
0.698344
0.692225
0.596575
0.546411
0.641756
0.605244
0.565169
0.622874
0.726352
0.698263
0.687528
0.624129
0.727558
0.705679
0.641233
0.749819
0.642490
0.675745
0.685664
0.580258
0.700681
0.587942
0.544856
0.592340
0.482807
0.416125
0.597827
0.567302
0.555187
0.526297
0.566463
0.547849
0.410916
0.491452
0.655635
0.641489
0.537208
0.589848
0.537218
0.720762
0.398358
0.739507
0.552813
0.508396
0.548155
0.564280
0.629193
0.670306
0.623297
0.518313
0.661922
0.609989
0.604801
0.429763
0.494816
0.562322
0.607178
0.496170
0.543706
0.509851
0.578708
0.568137
0.646832
0.634975
0.716611
0.620961
0.664354
0.464564
0.667345
0.681916
0.583188
0.696442
0.635026
0.604232
0.574029
0.348788
0.619607
0.474909
0.548274
0.504329
0.623810
0.526900
0.641438
0.668095
0.649160
0.648581
0.579770
0.577817
0.752678
0.605232
0.737723
0.584168
0.593262
0.713487
0.789838
0.533166
0.504394
0.633994
0.697433
0.792228
0.530246
0.469304
0.669197
0.685880
0.560963
0.659059
0.730486
0.702198
0.588799
0.582880
0.756785
0.611412
0.579854
0.551476
0.501410
0.683684
0.593992
0.619255
0.638160
0.622558
0.660934
0.614492
0.633093
0.576227
0.628894
0.587999
0.528215
0.621264
0.693798
0.699284
0.648864
0.677094
0.649508
0.753696
0.647235
0.714027
0.667356
0.671565
0.600906
0.549777
0.635108
0.664331
0.728951
0.612506
0.648386
0.644812
0.662776
0.564532
0.507109
0.510788
0.604608
0.681930
0.572134
0.508180
0.785556
0.682608
0.801803
0.677266
0.681211
0.497888
0.547136
0.659919
0.617388
0.565154
0.521216
0.648717
0.684431
0.415297
0.591922
0.590361
0.661659
0.680428
0.575926
0.543866
0.722838
0.522725
0.732043
0.576506
0.595593
0.477417
0.458305
0.630175
0.483945
0.338406
0.601585
0.509683
0.341400
0.461985
0.500901
0.546255
0.578542
0.464226
0.566474
0.631302
0.549694
0.687441
0.435117
0.568053
0.641322
0.681569
0.486229
0.488456
0.514023
0.559049
0.360872
0.488648
0.636899
0.662663
0.649960
0.534607
0.598531
0.746996
0.493001
0.683058
0.494537
0.687784
0.657168
0.524418
0.557022
0.676617
0.598176
0.520439
0.687858
0.665993
0.711832
0.675151
0.636691
0.566565
0.690902
0.664068
0.716953
0.594131
0.670908
0.635945
0.623089
0.741715
0.604222
0.584671
0.657820
0.717154
0.707373
0.579655
0.731134
0.738951
0.748189
0.607663
0.778252
0.702193
0.629079
0.459571
0.529611
0.574648
0.411803
0.551419
0.602300
0.598959
0.585005
0.603161
0.620932
0.679382
0.535053
0.576770
0.490902
0.747463
0.580464
0.512526
0.381550
0.581158
0.561042
0.641744
0.557463
0.536953
0.590902
0.622455
0.435213
0.658696
0.459685
0.591626
0.679543
0.509193
0.600368
0.654272
0.671890
0.664365
0.673631
0.588212
0.735371
0.485741
0.777433
0.577423
0.663240
0.482789
0.567876
0.702059
0.625737
0.569399
0.588741
0.619541
0.787462
0.633610
0.702624
0.542599
0.655313
0.383234
0.486544
0.557737
0.592053
0.489979
0.530517
0.662292
0.479826
0.681633
0.386632
0.519961
0.298983
0.347712
0.640645
0.546210
0.600334
0.750898
0.608896
0.680437
0.505457
0.704375
0.353138
0.744529
0.609530
0.647728
0.711382
0.712988
0.825087
0.583055
0.731434
0.706072
0.643557
0.556986
0.748764
0.720351
0.864264
0.587643
0.723510
0.676079
0.720714
0.800179
0.573561
0.696914
0.644726
0.487201
0.611636
0.746795
0.645006
0.705154
0.612311
0.543048
0.721371
0.662594
0.806721
0.569373
0.649901
0.606590
0.770809
0.760857
0.742391
0.681184
0.550242
0.508111
0.709684
0.859799
0.658497
