0.835637
0.696429
0.753632
0.885130
0.622062
0.879458
0.672386
0.742381
0.695891
0.736515
0.802187
0.524667
0.687275
0.835361
0.862392
0.835245
0.704087
0.869614
0.913656
0.814096
0.804218
0.392422
0.727959
0.842871
0.833235
0.855632
0.759936
0.878355
0.703055
0.843969
0.700363
0.768103
0.730544
0.689491
0.844967
0.700767
0.686931
0.758931
0.705930
0.774450
0.893399
0.723413
0.702377
0.816731
0.685235
0.713758
0.779853
0.714169
0.956066
0.680466
0.696472
0.670505
0.621746
0.800277
0.614513
0.597716
0.629580
0.673248
0.689517
0.628737
0.659698
0.643482
0.668042
0.669801
0.565328
0.526418
0.775469
0.535475
0.556110
0.691645
0.625809
0.590801
0.611070
0.720107
0.622332
0.799999
0.521913
0.803191
0.586490
0.584246
0.643827
0.626465
0.689321
0.624736
0.551246
0.637915
0.638125
0.619515
0.716699
0.641434
0.584055
0.645661
0.521519
0.500819
0.729946
0.693530
0.688819
0.713159
0.752064
0.481642
0.594898
0.518636
0.476949
0.540041
0.671445
0.549380
0.567277
0.588322
0.685155
0.682618
0.633446
0.495152
0.709491
0.795388
0.653012
0.557281
0.601137
0.593861
0.634787
0.695339
0.667051
0.615177
0.679476
0.436492
0.716824
0.656057
0.649923
0.360180
0.503863
0.729620
0.380443
0.511040
0.591114
0.564535
0.660428
0.738711
0.594028
0.525089
0.671480
0.448437
0.542118
0.723233
0.658386
0.690659
0.788400
0.596369
0.624873
0.594340
0.627395
0.703949
0.618197
0.703333
0.651873
0.696125
0.675283
0.848885
0.842556
0.594191
0.785789
0.850366
0.746437
0.651787
0.534044
0.668895
0.786840
0.736554
0.754619
0.624379
0.792553
0.645605
0.737031
0.723020
0.680552
0.518376
0.684881
0.751135
0.683666
0.648275
0.785960
0.639555
0.713400
0.680041
0.648957
0.705020
0.731211
0.631083
0.685110
0.491095
0.716437
0.706595
0.653600
0.645665
0.580336
0.696161
0.550291
0.795903
0.733511
0.807589
0.751454
0.640534
0.747202
0.759767
0.691240
0.622680
0.714519
0.655924
0.671785
0.793724
0.787781
0.798367
0.576985
0.665203
0.712972
0.764697
0.671764
0.610365
0.776455
0.554552
0.651953
0.629428
0.601282
0.659077
0.725106
0.744388
0.678014
0.655325
0.725540
0.646989
0.776695
0.622010
0.639193
0.714357
0.799695
0.812367
0.693689
0.669065
0.459775
0.440700
0.439362
0.675426
0.577420
0.552356
0.534402
0.468267
0.678205
0.584509
0.500281
0.602245
0.758934
0.555270
0.489513
0.572372
0.562029
0.663926
0.611912
0.572707
0.526960
0.548590
0.429358
0.581516
0.609324
0.498128
0.565420
0.500611
0.599647
0.492922
0.420068
0.526140
0.441120
0.442056
0.636009
0.480220
0.606062
0.624289
0.361184
0.510933
0.526685
0.621840
0.591536
0.625476
0.705703
0.629415
0.846486
0.736454
0.821716
0.772527
0.753298
0.705201
0.817833
0.649687
0.755981
0.646314
0.822803
0.671915
0.742973
0.813965
0.717711
0.745360
0.644225
0.768291
0.712441
0.676398
0.729947
0.873960
0.612088
0.472730
0.635000
0.795043
0.602127
0.797126
0.780773
0.689067
0.693278
0.699506
0.742815
0.728394
0.692505
0.623363
0.748866
0.712385
0.809115
0.605444
0.586005
0.420272
0.673043
0.499469
0.541920
0.661793
0.503102
0.687386
0.615843
0.411370
0.579512
0.722960
0.560718
0.508088
0.590667
0.530228
0.596715
0.585083
0.678628
0.566328
0.603353
0.461499
0.560090
0.521279
0.453279
0.473773
0.441842
0.537581
0.516887
0.559332
0.548829
0.438435
0.573171
0.577893
0.499699
0.516369
0.607929
0.407613
0.505649
0.565100
0.660718
0.699399
0.569511
0.642330
0.660518
0.676587
0.603416
0.632973
0.655416
0.587567
0.563055
0.652760
0.862927
0.679456
0.582633
0.712135
0.649073
0.690772
0.727534
0.630691
0.527026
0.732494
0.421312
0.735260
0.655290
0.623619
0.589094
0.630883
0.732790
0.537490
0.463073
0.632674
0.630838
0.692753
0.725137
0.543436
0.508261
0.743537
0.513721
0.602065
0.573086
0.648285
0.586839
0.755384
0.567998
0.585022
0.591746
0.521453
0.619897
0.580493
0.531036
0.550810
0.670853
0.462083
0.575417
0.605598
0.558665
0.629423
0.637830
0.612368
0.590816
0.615991
0.443740
0.545482
0.567076
0.471349
0.485645
0.390271
0.501462
0.501816
0.525637
0.472807
0.449407
0.514299
0.601111
0.499919
0.580876
0.581603
0.371723
0.492390
0.723041
0.761754
0.673727
0.793086
0.684498
0.556835
0.709567
0.776712
0.828331
0.755127
0.719285
0.956306
0.721808
0.717532
0.628985
0.711346
0.742037
0.643106
0.835077
0.633303
0.867362
0.627786
0.873945
0.655541
0.712183
0.732767
0.691442
0.780453
0.749120
0.495330
0.791941
0.669078
0.755033
0.783501
0.475934
0.585288
0.673406
0.600736
0.685116
0.597745
0.542642
0.748918
0.675700
0.688982
0.555671
0.762200
0.669640
0.581922
0.753921
0.754460
0.677988
0.570789
0.728458
0.683610
0.745591
0.773663
0.674449
0.687975
0.733809
0.583079
0.719379
0.630543
0.632417
0.527723
0.641512
0.690032
0.542888
0.550535
0.642505
0.424342
0.649396
0.759205
0.670892
0.650767
0.750015
0.530740
0.610152
0.819998
0.825381
0.685093
0.653829
0.780966
0.800842
0.775795
0.536119
0.766781
0.872658
0.695174
0.716361
0.337985
0.470403
0.622152
0.776263
0.740582
0.649591
0.841093
0.577256
0.826987
0.611215
0.740758
0.515490
0.490330
0.813606
0.601963
0.646246
0.679469
0.631658
0.750764
0.825834
0.610208
0.560108
0.799152
0.560800
0.643758
0.728629
0.632951
0.784847
0.670511
0.609892
0.704768
0.654915
0.647115
0.871226
0.687500
0.608053
0.725978
0.652863
0.713468
0.483658
0.690379
0.673931
0.776630
0.492388
0.835089
0.604904
0.616627
0.621793
0.633733
0.758792
0.534921
0.495220
0.575101
0.674438
0.600314
0.807889
0.558566
0.656143
0.430305
0.533708
0.543378
0.688760
0.744946
0.684926
0.724744
0.640046
0.692190
0.672845
0.719206
0.551866
0.605168
0.738522
0.738408
0.736306
0.623660
0.692437
0.605208
0.569689
0.536148
0.557997
0.607144
0.452833
0.634836
0.594111
0.627940
0.649463
0.530637
0.567412
0.344064
0.506368
0.492662
0.440204
0.750577
0.697236
0.509320
0.600677
0.548063
0.757969
0.679550
0.465164
0.709639
0.652494
0.849845
0.671413
0.660925
0.862512
0.734407
0.699051
0.601225
0.754269
0.773492
0.712218
0.650465
0.812607
0.762331
0.685867
0.768337
0.667528
0.846806
0.636613
0.686000
0.570598
0.729982
0.738932
0.781321
0.652328
0.629462
0.450951
0.651651
0.630166
0.784838
0.869579
0.677665
0.691418
0.826445
0.812116
0.664135
0.665122
0.806313
0.736854
0.762274
0.646388
0.739563
0.637719
0.611786
0.567951
0.703885
0.736636
0.642537
0.709513
0.567974
0.697352
0.524126
0.642725
0.584686
0.614475
0.681725
0.794046
0.635826
0.708071
0.700614
0.570022
0.632326
0.774026
0.811754
0.790655
0.656883
0.769064
0.646453
0.596211
0.625474
0.538143
0.543563
0.707942
0.637937
0.598141
0.644374
0.344564
0.721710
0.584261
0.552339
0.466495
0.516541
0.743483
0.472025
0.592344
0.639531
0.554484
0.580880
0.739505
0.620193
0.489271
0.677505
0.394414
0.517832
0.677639
0.645549
0.734971
0.762102
0.367415
0.592450
0.856816
0.654519
0.666173
0.555913
0.674386
0.658162
0.745809
0.556907
0.691709
0.576478
0.502314
0.722900
0.641377
0.590338
0.722610
0.539898
0.620068
0.711501
0.640292
0.630381
0.640391
0.594315
0.488892
0.588261
0.611443
0.693840
0.731226
0.687635
0.766943
0.795265
0.864952
0.853920
0.800235
0.802195
0.581947
0.894552
0.830442
0.790073
0.747580
0.896405
0.565577
0.662293
0.713488
0.807657
0.754063
0.812120
0.741828
0.715414
0.678718
0.780228
0.745941
0.818240
0.745095
0.725613
0.727490
0.951788
0.958464
0.806673
0.616561
0.730635
0.605089
0.648193
0.650864
0.711235
0.525396
0.688213
0.518102
0.547999
0.534221
0.529774
0.678790
0.483083
0.567592
0.645856
0.478614
0.565725
0.606671
0.567374
0.662307
0.628437
0.547610
0.573717
0.488119
0.556459
0.698404
0.687998
0.708929
0.700488
0.650416
0.672539
0.608524
0.643294
0.580080
0.602693
0.535148
0.697397
0.608129
0.551470
0.604547
0.599841
0.674887
0.514170
0.546193
0.626518
0.624267
0.591313
0.575005
0.579994
0.626310
0.594902
0.517279
0.588461
0.618564
0.647291
0.682195
0.595609
0.681682
0.816412
0.820702
0.583656
0.833258
0.643717
0.789737
0.675262
0.745680
0.541412
0.604453
0.793517
0.606105
0.648473
0.731477
0.626157
0.689233
0.794899
0.659270
0.604883
0.828731
0.554325
0.643875
0.596930
0.622505
0.876382
0.580482
0.756434
0.825932
0.604329
0.773177
0.518530
0.792678
0.567804
0.675208
0.609630
0.509447
0.772846
0.602982
0.607135
0.610500
0.693511
0.705662
0.761547
0.634544
0.489578
0.663125
0.500728
0.583004
0.713609
0.739223
0.754886
0.685248
0.727402
0.597831
0.729928
0.525740
0.761186
0.726160
0.698289
0.630885
0.573967
0.777751
0.594834
0.620934
0.569677
0.714945
0.704589
0.735007
0.662622
0.480946
0.731443
0.523858
0.540065
0.768692
0.608412
0.753579
0.741960
0.698360
0.677176
0.568255
0.717927
0.650034
0.547494
0.670688
0.604427
0.637251
0.653562
0.589183
0.550587
0.708501
0.664658
0.660180
0.555863
0.739430
0.487666
0.583668
0.597940
0.766838
0.790244
0.697161
0.708144
0.731912
0.611075
0.750795
0.802109
0.528784
0.663341
0.657455
0.786600
0.468175
0.667417
0.706163
0.657427
0.607472
0.707162
0.694162
0.700088
0.720111
0.653511
0.639101
0.746212
0.809425
0.587131
0.766721
0.433756
0.664488
0.537190
0.584715
0.651302
0.560573
0.656220
0.556957
0.508253
0.597449
0.610459
0.619295
0.690126
0.538910
0.586153
0.750861
0.473137
0.578602
0.675616
0.632821
0.747149
0.611610
0.656805
0.695737
0.620718
0.748424
0.638018
0.744931
0.643646
0.648510
0.671844
0.590655
0.568502
0.690435
0.652905
0.765581
0.720157
0.629217
0.693226
0.712180
0.835942
0.748208
0.672666
0.480003
0.487790
0.481928
0.471071
0.629565
0.451775
0.392257
0.511785
0.570844
0.496724
0.666272
0.512885
0.470257
0.601806
0.310404
0.442659
0.704697
0.611090
0.610216
0.759909
0.589566
0.714310
0.574631
0.244165
0.682894
0.708927
0.744677
0.530659
0.677764
0.706373
0.681440
0.798415
0.746622
0.610845
0.682154
0.780345
0.829193
0.775561
0.574738
0.642096
0.578197
0.685149
0.659482
0.517040
0.616095
0.615036
0.621583
0.690998
0.612218
0.609325
0.705464
0.485466
0.509514
0.756758
0.685699
0.796340
0.548090
0.580234
0.618684
0.584529
0.524748
0.576825
0.495143
0.505058
0.540934
0.483318
0.645318
0.516943
0.468314
0.570440
0.600896
0.717995
0.602656
0.536156
0.737161
0.470259
0.655475
0.632712
0.580879
0.600310
0.655971
0.655841
0.571810
0.674177
0.416964
0.586094
0.676886
0.708981
0.734450
0.525360
0.433624
0.543719
0.502135
0.514624
0.557595
0.689373
0.501436
0.539398
0.613729
0.416502
0.510058
0.730931
0.709289
0.688867
0.704462
0.610201
0.760155
0.606412
0.626446
0.735445
0.723260
0.784178
0.706170
0.592765
0.687439
0.798268
0.817983
0.775597
0.564532
0.519050
0.527658
0.588554
0.751948
0.587820
0.549596
0.640989
0.457126
0.436212
0.712580
0.690774
0.675232
0.541569
0.537806
0.540859
0.695794
0.504227
0.535437
0.614881
0.467127
0.443934
0.604674
0.622542
0.534666
0.624323
0.572967
0.657815
0.506529
0.524256
0.615693
0.449682
0.465194
0.740873
0.757244
0.825027
0.553910
0.657142
0.446841
0.696373
0.703584
0.483615
0.629704
0.587844
0.669564
0.701282
0.588572
0.618459
0.654481
0.597999
0.393619
0.537140
0.698515
0.826972
0.683530
0.662055
0.708850
0.756448
0.610714
0.718777
0.606634
0.794467
0.793189
0.640277
0.579092
0.461814
0.586565
0.668209
0.715862
0.632766
0.684647
0.392913
0.499231
0.610176
0.555613
0.764558
0.553254
0.577807
0.682519
0.846519
0.692025
0.405075
0.625901
0.619853
0.678612
0.759206
0.730192
0.699139
0.596141
0.744640
0.815048
