0.054986
0.044228
0.113582
0.051708
0.050931
0.041072
0.041033
0.040771
0.079040
0.124532
0.066172
0.031181
0.048424
0.022077
0.063310
0.110075
0.041070
0.094839
0.071863
0.042759
0.113715
0.114798
0.051449
0.059506
0.076093
0.074807
0.043527
0.036180
0.032544
0.056260
0.035889
0.103991
0.034893
0.052892
0.064953
0.064847
0.033743
0.063019
0.037946
0.036582
0.039045
0.082565
0.040060
0.037446
0.041433
0.051858
0.048722
0.048625
0.052767
0.011575
0.042843
0.017484
0.010411
0.025502
0.047831
0.026661
0.030931
0.041487
0.036028
0.039704
0.031001
0.025302
0.019493
0.024691
0.013348
0.197906
0.020520
0.031302
0.097440
0.037259
0.027545
0.018409
0.041678
0.028948
0.102251
0.031195
0.023410
0.045003
0.019777
0.030576
0.025536
0.028747
0.027973
0.010716
0.030389
0.007866
0.014145
0.017995
0.028208
0.110506
0.030324
0.035874
0.023659
0.027149
0.012577
0.041565
0.049481
0.059351
0.010954
0.013465
0.023780
0.030709
0.022083
0.038426
0.053850
0.022037
0.022272
0.025722
0.016128
0.026619
0.047377
0.011310
0.172844
0.023150
0.020998
0.074821
0.047514
0.024197
0.016040
0.036767
0.020929
0.086570
0.019979
0.011754
0.048126
0.012460
0.029917
0.015889
0.029468
0.023842
0.015408
0.014573
0.012385
0.010402
0.011173
0.014776
0.096317
0.028715
0.032638
0.015939
0.021172
0.018574
0.026701
0.030700
0.041829
0.040899
0.061428
0.071886
0.078476
0.053040
0.038300
0.066471
0.074499
0.043767
0.070304
0.063103
0.015387
0.043616
0.276795
0.020950
0.047755
0.073773
0.014971
0.029891
0.042779
0.033172
0.049089
0.155398
0.063809
0.064787
0.062133
0.062420
0.037319
0.061079
0.021649
0.029215
0.025890
0.072101
0.046908
0.039508
0.047697
0.066302
0.158647
0.077661
0.070436
0.044576
0.067549
0.059018
0.058168
0.098246
0.012703
0.024902
0.029620
0.017479
0.022148
0.034714
0.026458
0.027253
0.024218
0.026668
0.034193
0.042586
0.012464
0.197640
0.012556
0.022352
0.051357
0.030537
0.012349
0.015811
0.030824
0.010957
0.100507
0.022125
0.016984
0.027934
0.013320
0.019683
0.022693
0.019936
0.014586
0.012630
0.018458
0.020363
0.010006
0.014355
0.022466
0.103774
0.027823
0.033515
0.010959
0.018528
0.027524
0.026637
0.033813
0.020410
0.042934
0.020287
0.023401
0.032169
0.031105
0.034543
0.024433
0.021323
0.020671
0.035151
0.008750
0.199104
0.014788
0.025704
0.076980
0.028961
0.014578
0.014550
0.038379
0.022897
0.105087
0.025406
0.023195
0.029406
0.018638
0.024403
0.027581
0.021795
0.022731
0.011572
0.033701
0.013162
0.014952
0.014562
0.026726
0.119281
0.024622
0.029764
0.012987
0.025426
0.014376
0.034200
0.041445
0.030234
0.018980
0.046320
0.056851
0.043675
0.023994
0.020142
0.015403
0.028394
0.057109
0.011851
0.139792
0.023599
0.025983
0.075643
0.057965
0.023652
0.021920
0.043130
0.038567
0.065627
0.026121
0.016499
0.033337
0.020091
0.044036
0.022886
0.028553
0.023599
0.018376
0.024797
0.023192
0.020466
0.012488
0.019051
0.069195
0.026446
0.019294
0.016935
0.011012
0.032695
0.027074
0.024104
0.046527
0.074869
0.096507
0.026618
0.008407
0.025341
0.023132
0.050901
0.081619
0.025639
0.120802
0.035936
0.013611
0.048240
0.079429
0.030590
0.028502
0.026904
0.042574
0.044351
0.014986
0.021526
0.050231
0.018763
0.063650
0.014867
0.031373
0.025569
0.039417
0.013836
0.051976
0.020380
0.019923
0.011497
0.065980
0.059056
0.042694
0.018261
0.036673
0.053259
0.010059
0.039786
0.023626
0.044770
0.050834
0.037558
0.034950
0.025081
0.038814
0.071554
0.020270
0.163427
0.032304
0.042461
0.090226
0.061418
0.027369
0.032927
0.061987
0.029682
0.092583
0.032658
0.020918
0.022278
0.024074
0.043458
0.038493
0.039834
0.034993
0.028578
0.031567
0.029378
0.026259
0.023529
0.035638
0.090786
0.013109
0.027251
0.024811
0.011614
0.036336
0.047443
0.028534
0.024669
0.065743
0.072561
0.048367
0.055284
0.048548
0.047243
0.036242
0.249657
0.033060
0.056728
0.091785
0.034572
0.031181
0.037841
0.065265
0.030456
0.149784
0.055317
0.050295
0.025378
0.043677
0.033343
0.057393
0.042539
0.041787
0.030448
0.058569
0.037088
0.035911
0.041422
0.067625
0.151708
0.025705
0.044116
0.034869
0.035247
0.041818
0.071674
0.067622
0.076413
0.095571
0.064113
0.074364
0.060847
0.038262
0.047764
0.301549
0.024901
0.073039
0.100910
0.018666
0.034000
0.047968
0.068951
0.041767
0.198113
0.079363
0.071445
0.045166
0.068150
0.023397
0.085903
0.050424
0.040035
0.029668
0.087529
0.039738
0.053898
0.058059
0.079470
0.180026
0.055278
0.076977
0.050228
0.050710
0.062540
0.083087
0.082981
0.024941
0.038910
0.030049
0.029903
0.067181
0.027173
0.182658
0.030014
0.018941
0.051944
0.062476
0.033697
0.013702
0.029566
0.029262
0.098051
0.022472
0.030379
0.063864
0.019069
0.040449
0.020353
0.043968
0.029258
0.033142
0.025452
0.033740
0.023641
0.020838
0.015081
0.122021
0.067047
0.061427
0.020002
0.049970
0.042614
0.015496
0.054627
0.021515
0.016037
0.042146
0.080891
0.018811
0.113577
0.034542
0.014365
0.055679
0.079905
0.028588
0.026191
0.030508
0.038555
0.041601
0.011010
0.011584
0.048799
0.013371
0.061133
0.011923
0.028002
0.026257
0.034818
0.010660
0.043724
0.016147
0.013501
0.007009
0.060249
0.048087
0.034766
0.018313
0.030670
0.043700
0.009660
0.028265
0.018688
0.041443
0.043940
0.013660
0.155824
0.017787
0.017292
0.059347
0.049373
0.022095
0.025666
0.027786
0.032591
0.067232
0.022796
0.012976
0.036415
0.026263
0.041996
0.018570
0.014731
0.017175
0.019030
0.022173
0.029411
0.018972
0.012516
0.020527
0.081857
0.029232
0.017264
0.018972
0.026273
0.040586
0.021083
0.036660
0.030751
0.063998
0.012652
0.121497
0.029537
0.017748
0.083955
0.067259
0.022974
0.023875
0.039091
0.041597
0.057007
0.019047
0.012788
0.041894
0.019381
0.052208
0.014042
0.028804
0.025163
0.025476
0.017467
0.022815
0.015247
0.008535
0.011443
0.079300
0.028537
0.023216
0.015637
0.026866
0.028154
0.017766
0.032321
0.051134
0.018202
0.189457
0.032436
0.036872
0.091765
0.058909
0.038675
0.017816
0.043702
0.042155
0.100214
0.034804
0.035419
0.050390
0.023120
0.042584
0.027464
0.047756
0.042286
0.025770
0.042908
0.019134
0.027975
0.020470
0.030522
0.113392
0.052456
0.047219
0.027438
0.037078
0.020027
0.040846
0.051563
0.041807
0.271039
0.025055
0.052458
0.103843
0.021564
0.043311
0.039067
0.047232
0.049310
0.153477
0.067336
0.060147
0.071441
0.060438
0.034249
0.057250
0.032017
0.036745
0.020295
0.068610
0.028776
0.039422
0.046465
0.064658
0.158334
0.063490
0.062687
0.049434
0.062693
0.044680
0.068582
0.095332
0.169921
0.013934
0.018326
0.064225
0.038843
0.014491
0.015197
0.027720
0.023329
0.076967
0.018997
0.010192
0.029522
0.011457
0.028066
0.013975
0.016365
0.017339
0.009951
0.018799
0.013122
0.009116
0.004708
0.013954
0.087637
0.028058
0.022233
0.009016
0.016571
0.016296
0.019969
0.029713
0.212031
0.145551
0.241551
0.301473
0.190122
0.182602
0.201700
0.221966
0.049559
0.133438
0.137701
0.182363
0.154599
0.271155
0.140376
0.190553
0.187702
0.209419
0.131889
0.207255
0.170102
0.154860
0.128558
0.072863
0.163767
0.140096
0.167742
0.159078
0.198697
0.146710
0.133449
0.023630
0.056256
0.020492
0.010287
0.015792
0.023775
0.022629
0.113695
0.031418
0.025762
0.031623
0.027309
0.017924
0.028881
0.014694
0.007216
0.007765
0.033976
0.019691
0.015565
0.016442
0.024616
0.114727
0.039799
0.042011
0.015516
0.027256
0.036407
0.024850
0.047569
0.046041
0.051902
0.017499
0.012666
0.015637
0.027581
0.063593
0.009865
0.018816
0.045391
0.016067
0.044147
0.012360
0.020370
0.019964
0.022720
0.016913
0.032654
0.014705
0.012443
0.011441
0.085781
0.044149
0.030661
0.012063
0.037509
0.037608
0.009848
0.040481
0.071993
0.052235
0.055789
0.037886
0.042271
0.130927
0.055265
0.064802
0.078829
0.055450
0.058826
0.059901
0.054529
0.050237
0.065521
0.057177
0.091100
0.060467
0.057529
0.061202
0.145170
0.104723
0.083261
0.045857
0.076186
0.099279
0.042427
0.076141
0.025222
0.038648
0.040362
0.032135
0.178521
0.063517
0.061532
0.056524
0.056475
0.014731
0.065445
0.028286
0.030122
0.021408
0.072035
0.034232
0.040833
0.044616
0.068646
0.175736
0.065346
0.067108
0.037910
0.057654
0.046876
0.063106
0.084640
0.018258
0.022313
0.023944
0.099879
0.022268
0.025287
0.023564
0.023493
0.027002
0.028838
0.012770
0.010653
0.015823
0.032697
0.028868
0.014683
0.014764
0.025380
0.107321
0.035664
0.034825
0.009801
0.029234
0.034593
0.021921
0.041125
0.022730
0.020500
0.091294
0.015624
0.023649
0.043109
0.013441
0.026325
0.016910
0.027927
0.018493
0.013232
0.024679
0.018652
0.014827
0.011595
0.015752
0.103049
0.042468
0.037851
0.011342
0.029615
0.028187
0.019548
0.041082
0.029203
0.095103
0.022056
0.033704
0.061891
0.027261
0.037417
0.025482
0.021577
0.022984
0.024631
0.034073
0.042394
0.024862
0.022381
0.027151
0.104295
0.070515
0.051308
0.024572
0.049905
0.051483
0.018779
0.058166
0.119169
0.025356
0.024200
0.043891
0.019501
0.016266
0.034737
0.030641
0.026379
0.017599
0.029033
0.028725
0.025175
0.023492
0.033575
0.114666
0.040329
0.041186
0.023344
0.029399
0.040584
0.035045
0.037411
0.054544
0.057855
0.104288
0.065295
0.157199
0.054143
0.088042
0.095822
0.107133
0.053296
0.113821
0.077039
0.067907
0.055542
0.040078
0.093619
0.062231
0.077948
0.079624
0.100366
0.064602
0.069772
0.014674
0.047715
0.009262
0.049844
0.015328
0.027168
0.026961
0.028041
0.016278
0.037930
0.018687
0.013380
0.012327
0.069138
0.042704
0.032231
0.015965
0.029848
0.036824
0.015791
0.027201
0.041784
0.011100
0.041430
0.012652
0.022981
0.022951
0.020042
0.008365
0.023750
0.014433
0.007839
0.011448
0.063697
0.025521
0.020375
0.018102
0.014321
0.031281
0.019994
0.019387
0.041157
0.054272
0.051467
0.035926
0.034659
0.040385
0.051907
0.050849
0.034968
0.035881
0.052334
0.112345
0.027452
0.035491
0.027254
0.033310
0.049646
0.052497
0.056939
0.037538
0.011630
0.028462
0.026130
0.020611
0.011401
0.025939
0.012533
0.009975
0.011708
0.076637
0.037319
0.030521
0.012748
0.020671
0.023496
0.018652
0.025970
0.048414
0.034549
0.024364
0.016786
0.049427
0.021873
0.033752
0.029958
0.047934
0.151319
0.055954
0.056814
0.027906
0.037484
0.040360
0.046474
0.057843
0.025932
0.025198
0.025059
0.008240
0.026379
0.009593
0.007346
0.009060
0.078448
0.042229
0.029547
0.013866
0.029280
0.028146
0.011922
0.039320
0.015478
0.016597
0.029875
0.031653
0.013252
0.017116
0.030244
0.103159
0.037753
0.030510
0.017713
0.033334
0.036550
0.025348
0.051877
0.014528
0.025005
0.026456
0.014665
0.014286
0.021204
0.100316
0.044221
0.038825
0.013196
0.025932
0.041578
0.016108
0.044130
0.028069
0.009998
0.012948
0.012812
0.023829
0.104125
0.032757
0.031322
0.017652
0.022099
0.025345
0.029307
0.040583
0.031835
0.012616
0.012500
0.011158
0.068412
0.038023
0.028158
0.017735
0.023273
0.037276
0.015252
0.030997
0.017778
0.015298
0.028623
0.119403
0.033217
0.034515
0.022989
0.027093
0.016300
0.038798
0.048698
0.007939
0.014341
0.094030
0.031799
0.029907
0.009702
0.023496
0.020920
0.016382
0.042525
0.010174
0.082127
0.030875
0.021539
0.007621
0.017202
0.021663
0.011793
0.029016
0.069839
0.046344
0.036825
0.015076
0.028908
0.036641
0.007745
0.027377
0.102651
0.078857
0.100157
0.065217
0.121771
0.088170
0.054505
0.017128
0.035079
0.024243
0.041025
0.059135
0.042869
0.027179
0.025461
0.039344
0.042290
0.038695
0.023538
0.023030
0.013531
0.037139
0.037764
0.038307
0.020822
0.047310
0.055726
0.042018
