0.035160
0.035666
0.021583
0.033729
0.094046
0.076741
0.014683
0.047050
0.028853
0.017307
0.094950
0.037901
0.114767
0.052965
0.040683
0.012631
0.058408
0.067517
0.059586
0.040598
0.050196
0.093188
0.070130
0.081368
0.093247
0.068528
0.038728
0.054721
0.031353
0.020343
0.044910
0.041531
0.020909
0.044339
0.021518
0.022540
0.022994
0.042214
0.069632
0.027097
0.040380
0.018095
0.040233
0.048242
0.030555
0.017690
0.032786
0.068516
0.065081
0.062125
0.027105
0.031756
0.102262
0.071510
0.023545
0.052371
0.038464
0.037659
0.116993
0.012602
0.128443
0.062101
0.019933
0.029300
0.056781
0.089918
0.077933
0.052499
0.059289
0.105072
0.064120
0.092843
0.124428
0.081718
0.064212
0.061787
0.022374
0.026950
0.058530
0.058484
0.033028
0.043953
0.031307
0.042966
0.062073
0.054747
0.082914
0.052516
0.054527
0.036177
0.062481
0.066755
0.032817
0.034429
0.017900
0.083942
0.067130
0.063198
0.049158
0.149945
0.143054
0.062192
0.046889
0.059373
0.059974
0.139741
0.082189
0.105633
0.087678
0.085687
0.032729
0.020119
0.090276
0.142057
0.104390
0.099919
0.130108
0.106752
0.140342
0.136056
0.133133
0.085537
0.093732
0.076065
0.046135
0.045314
0.021041
0.070049
0.094221
0.026653
0.062546
0.018584
0.052910
0.115522
0.019173
0.096709
0.025118
0.085968
0.120996
0.047390
0.058946
0.080449
0.141070
0.042331
0.023926
0.053401
0.035192
0.012525
0.028822
0.014453
0.013342
0.066859
0.025220
0.102994
0.026795
0.022253
0.010826
0.077957
0.056825
0.035059
0.016747
0.020903
0.059711
0.036191
0.041203
0.072512
0.033463
0.021361
0.023820
0.012167
0.014804
0.037983
0.052699
0.015740
0.024384
0.023943
0.022336
0.052307
0.022806
0.045151
0.039864
0.018314
0.027268
0.025974
0.029595
0.023479
0.010260
0.015249
0.038126
0.060695
0.099409
0.072926
0.034732
0.035999
0.029509
0.040799
0.089369
0.043488
0.106323
0.051025
0.048619
0.022403
0.063425
0.077296
0.079411
0.052764
0.050518
0.086959
0.048907
0.077448
0.094586
0.077295
0.056740
0.054050
0.039586
0.022103
0.021068
0.042831
0.053625
0.050126
0.028798
0.048675
0.049497
0.039692
0.060313
0.044099
0.051994
0.039667
0.034981
0.077804
0.022804
0.033021
0.039690
0.078852
0.042609
0.014946
0.063636
0.059195
0.080447
0.063556
0.054311
0.097642
0.156009
0.033916
0.075748
0.071436
0.176533
0.076671
0.027221
0.028459
0.016058
0.049621
0.037963
0.026345
0.069755
0.012326
0.027983
0.015705
0.061226
0.075556
0.105875
0.129282
0.059216
0.050639
0.094350
0.071996
0.137659
0.065949
0.071948
0.104732
0.026853
0.097692
0.053080
0.030621
0.078755
0.049129
0.067426
0.020136
0.151106
0.042070
0.059491
0.064963
0.050765
0.066632
0.069742
0.170057
0.038130
0.047806
0.059828
0.160865
0.089029
0.013633
0.018168
0.013849
0.063604
0.024546
0.027398
0.082508
0.014232
0.032364
0.019014
0.040688
0.059285
0.099088
0.127651
0.045633
0.030654
0.077580
0.061700
0.133382
0.066011
0.063533
0.101799
0.021795
0.090886
0.044415
0.021373
0.060401
0.036952
0.041265
0.012427
0.142048
0.039120
0.026120
0.015981
0.087363
0.022461
0.125532
0.036780
0.014412
0.014581
0.069295
0.067302
0.037391
0.022163
0.030314
0.080123
0.045924
0.060263
0.092002
0.045759
0.033198
0.035163
0.009105
0.014468
0.055676
0.060063
0.008604
0.020978
0.027789
0.020203
0.050578
0.041032
0.064705
0.040171
0.023951
0.027272
0.037557
0.030518
0.020991
0.009912
0.009126
0.047194
0.081793
0.023768
0.041400
0.065146
0.056667
0.079998
0.023733
0.052613
0.018437
0.059142
0.045819
0.075699
0.043450
0.033936
0.055332
0.029680
0.054145
0.068484
0.055543
0.039579
0.027425
0.039413
0.022727
0.028294
0.037961
0.043574
0.041397
0.033027
0.041794
0.044617
0.015831
0.058560
0.028667
0.041069
0.030678
0.035749
0.069019
0.021074
0.026562
0.048600
0.070458
0.041877
0.028213
0.073835
0.031261
0.091832
0.031535
0.036403
0.012580
0.072197
0.060318
0.064297
0.034806
0.042555
0.071083
0.044219
0.058060
0.073962
0.057515
0.040916
0.042719
0.026144
0.017012
0.028223
0.047732
0.030423
0.030598
0.032228
0.032935
0.038026
0.018816
0.050074
0.043646
0.039410
0.030765
0.025450
0.061595
0.023934
0.018483
0.032460
0.069288
0.045150
0.074454
0.038156
0.098375
0.039006
0.032774
0.019111
0.079164
0.047703
0.038603
0.017024
0.029895
0.064816
0.061332
0.048486
0.075244
0.038145
0.019243
0.030460
0.026135
0.016003
0.050721
0.050404
0.010397
0.039063
0.034083
0.009109
0.049115
0.029324
0.058317
0.030531
0.015530
0.027765
0.038615
0.026641
0.035030
0.010149
0.024545
0.039519
0.071785
0.115781
0.067587
0.031029
0.116910
0.073831
0.178288
0.029812
0.069424
0.051500
0.039542
0.008439
0.069377
0.020795
0.007794
0.040778
0.036826
0.035463
0.093622
0.067589
0.066561
0.094601
0.087506
0.091156
0.103205
0.066968
0.103004
0.052901
0.018004
0.095097
0.046592
0.086425
0.037290
0.080583
0.075650
0.070004
0.100465
0.053819
0.104522
0.135539
0.055205
0.018416
0.028719
0.081306
0.091578
0.074700
0.047618
0.060224
0.103155
0.065616
0.088600
0.125242
0.080097
0.067845
0.062405
0.019079
0.031589
0.065491
0.078707
0.027965
0.044393
0.044922
0.046856
0.068048
0.053998
0.087027
0.066900
0.053518
0.044115
0.062434
0.063730
0.038319
0.031306
0.018172
0.087302
0.080166
0.071462
0.152825
0.088787
0.125268
0.031885
0.171062
0.115840
0.109230
0.055033
0.151679
0.099357
0.058868
0.127603
0.092553
0.096374
0.132297
0.076441
0.054617
0.058830
0.120822
0.152787
0.110504
0.079119
0.078105
0.053592
0.066480
0.072031
0.104850
0.075627
0.100511
0.161056
0.096768
0.108911
0.136064
0.152641
0.055746
0.054000
0.026734
0.110173
0.027200
0.049190
0.025073
0.017300
0.025194
0.036800
0.024635
0.039666
0.028342
0.024121
0.012889
0.037389
0.028785
0.039535
0.063615
0.040430
0.039765
0.055873
0.038667
0.064719
0.020268
0.033746
0.056072
0.023610
0.044066
0.025601
0.049319
0.033409
0.028520
0.044077
0.043305
0.068618
0.031334
0.077232
0.097098
0.055800
0.037033
0.048031
0.101633
0.050842
0.079041
0.126794
0.062348
0.056895
0.049394
0.008206
0.030638
0.079719
0.080740
0.018321
0.022908
0.038819
0.044025
0.084694
0.057111
0.090573
0.065042
0.041299
0.045268
0.060955
0.046788
0.035770
0.023177
0.003421
0.067226
0.100616
0.050538
0.049600
0.061019
0.032522
0.033854
0.067935
0.044380
0.060670
0.077409
0.055298
0.032320
0.033619
0.020132
0.009900
0.025103
0.032499
0.021333
0.034158
0.016112
0.023601
0.023245
0.018360
0.055086
0.021496
0.032646
0.012555
0.028872
0.051426
0.015209
0.011848
0.024945
0.063877
0.042882
0.115650
0.166034
0.122058
0.121379
0.158011
0.119580
0.170648
0.172233
0.159321
0.114427
0.115798
0.074868
0.051921
0.070831
0.031259
0.079622
0.099392
0.035246
0.072827
0.045110
0.076502
0.141929
0.032103
0.115570
0.034357
0.116734
0.143839
0.050981
0.074844
0.075989
0.170398
0.057213
0.088821
0.050207
0.048024
0.020967
0.084705
0.043103
0.027328
0.058299
0.037159
0.039627
0.078780
0.040680
0.047938
0.053674
0.061324
0.087415
0.077034
0.036538
0.061511
0.032672
0.038778
0.049243
0.042151
0.048373
0.050571
0.082708
0.059145
0.053200
0.081712
0.074582
0.065019
0.014625
0.019982
0.069764
0.047913
0.031858
0.076183
0.014203
0.023393
0.028362
0.046401
0.058884
0.104154
0.123774
0.036841
0.035187
0.080351
0.046642
0.121357
0.072763
0.062269
0.097776
0.017171
0.086598
0.040079
0.007913
0.068744
0.033142
0.046543
0.007403
0.152030
0.009029
0.046714
0.035667
0.022342
0.055248
0.010578
0.013546
0.013445
0.028428
0.027418
0.065790
0.084086
0.019669
0.027063
0.053139
0.020897
0.082765
0.037724
0.041172
0.061394
0.004180
0.052250
0.027198
0.015898
0.040720
0.013196
0.027857
0.015879
0.100170
0.036674
0.026915
0.017832
0.049055
0.009277
0.012807
0.004542
0.034046
0.032329
0.058668
0.082160
0.033621
0.033563
0.053296
0.031523
0.084258
0.034658
0.036830
0.061089
0.009397
0.054335
0.027635
0.021269
0.037595
0.021749
0.036915
0.015022
0.095973
0.070639
0.021257
0.015163
0.039845
0.033431
0.027402
0.080893
0.059076
0.065801
0.082684
0.074247
0.086673
0.096114
0.056880
0.101141
0.044489
0.026635
0.081707
0.039541
0.072656
0.045939
0.073558
0.069593
0.063704
0.087177
0.056100
0.096584
0.046081
0.080395
0.040283
0.048325
0.029307
0.043218
0.048048
0.067306
0.097017
0.056965
0.028219
0.055828
0.068589
0.101231
0.053142
0.061097
0.081337
0.040342
0.074290
0.031415
0.056149
0.037300
0.035699
0.048816
0.045320
0.100948
0.028545
0.014203
0.021055
0.016843
0.062772
0.056255
0.072628
0.105404
0.055963
0.053690
0.088310
0.050322
0.112840
0.043572
0.028428
0.089729
0.019458
0.083383
0.033479
0.041076
0.065313
0.044653
0.067365
0.021526
0.111955
0.047947
0.039054
0.045492
0.104576
0.068989
0.066900
0.089548
0.089718
0.094553
0.103341
0.060968
0.094925
0.055273
0.017587
0.090037
0.050375
0.084258
0.037545
0.087287
0.078090
0.072020
0.111140
0.063413
0.101292
0.011275
0.012331
0.048985
0.053614
0.084255
0.105450
0.040368
0.039009
0.076656
0.043800
0.112452
0.049857
0.042639
0.086440
0.010842
0.077543
0.033967
0.020075
0.066045
0.033179
0.051507
0.008068
0.123434
0.012764
0.040180
0.033222
0.055725
0.061190
0.026716
0.040924
0.048789
0.022749
0.068494
0.030481
0.035705
0.047724
0.009144
0.041636
0.025832
0.021191
0.048510
0.021432
0.044538
0.017000
0.085633
0.036307
0.032393
0.056975
0.072196
0.034438
0.038187
0.055129
0.031921
0.081598
0.029431
0.038867
0.055626
0.011221
0.049339
0.029726
0.027496
0.037839
0.023640
0.040059
0.021387
0.089610
0.022053
0.060684
0.069189
0.013809
0.022188
0.033653
0.036051
0.068719
0.041854
0.073422
0.053063
0.030863
0.033285
0.046896
0.037449
0.027762
0.018446
0.005116
0.054647
0.081588
0.029529
0.032279
0.021907
0.037045
0.025228
0.013434
0.033770
0.021571
0.045696
0.022578
0.027640
0.017632
0.031184
0.051754
0.009851
0.014078
0.021591
0.059967
0.047672
0.032901
0.066893
0.070372
0.041345
0.052227
0.032494
0.020153
0.052052
0.037374
0.061320
0.037365
0.037781
0.099581
0.034293
0.045288
0.068287
0.096413
0.018309
0.064576
0.085926
0.030124
0.044535
0.026508
0.038703
0.075366
0.018290
0.073779
0.019373
0.062973
0.110677
0.043198
0.051783
0.070888
0.117365
0.032381
0.026877
0.036305
0.017484
0.057337
0.037958
0.072514
0.040159
0.019272
0.028074
0.047769
0.025118
0.036851
0.011294
0.014933
0.046506
0.086105
0.041487
0.047490
0.084852
0.049256
0.070578
0.071296
0.030478
0.057951
0.034858
0.038964
0.037489
0.019646
0.023168
0.043450
0.101630
0.039090
0.035659
0.037303
0.072597
0.024656
0.051909
0.020035
0.049994
0.069519
0.026102
0.024364
0.033895
0.081776
0.052575
0.043211
0.032650
0.047657
0.026728
0.018962
0.023041
0.040654
0.037232
0.030415
0.016897
0.033794
0.048808
0.071084
0.038981
0.081349
0.022537
0.080608
0.017765
0.060470
0.104776
0.040272
0.048367
0.076305
0.123356
0.035332
0.046021
0.028735
0.035480
0.029891
0.036626
0.064855
0.032593
0.026495
0.048543
0.064607
0.033506
0.081229
0.042089
0.067040
0.026039
0.074956
0.052044
0.055311
0.074892
0.052507
0.081810
0.053924
0.011961
0.063219
0.079574
0.033280
0.032610
0.056823
0.095187
0.041012
0.048450
0.028584
0.017377
0.041982
0.014501
0.031241
0.016439
0.095013
0.052661
0.069937
0.026289
0.028472
0.038556
0.089034
0.040370
0.049571
0.032332
0.024488
0.051715
0.039162
0.077865
0.064167
0.028202
0.038528
0.013738
0.140047
0.023101
0.030353
0.071608
0.057405
0.018780
0.038670
0.074140
0.054590
0.091147
0.141058
