0.087026
0.028310
0.037848
0.042156
0.031650
0.058655
0.030880
0.053678
0.012147
0.040881
0.021538
0.026159
0.037656
0.041461
0.196476
0.060725
0.022549
0.015287
0.015907
0.035071
0.132659
0.046263
0.022196
0.075821
0.032527
0.020306
0.053580
0.058457
0.031389
0.043938
0.025743
0.035217
0.031976
0.030044
0.021814
0.038379
0.024357
0.016436
0.237546
0.065950
0.029811
0.063545
0.029412
0.051564
0.129987
0.041557
0.039863
0.016605
0.060088
0.120609
0.063324
0.143651
0.077819
0.175347
0.139553
0.157661
0.079106
0.163319
0.094488
0.119336
0.137077
0.154315
0.265691
0.183033
0.109407
0.085570
0.091116
0.072638
0.125520
0.148748
0.101465
0.146029
0.125247
0.071098
0.157302
0.137317
0.083476
0.153360
0.120624
0.125497
0.099816
0.126153
0.109927
0.042640
0.061439
0.091155
0.189628
0.090261
0.062018
0.174803
0.050482
0.167681
0.066877
0.035184
0.137851
0.096532
0.146657
0.061001
0.016732
0.052043
0.018361
0.009006
0.013171
0.026147
0.015562
0.023671
0.018081
0.012903
0.016744
0.251538
0.026831
0.007239
0.019180
0.025767
0.045879
0.109253
0.020447
0.015136
0.040450
0.011411
0.025908
0.017014
0.025563
0.017391
0.011082
0.009304
0.007779
0.054162
0.005674
0.012383
0.071976
0.061682
0.017761
0.285112
0.056620
0.057066
0.024503
0.044268
0.027572
0.182101
0.064247
0.008653
0.011656
0.031517
0.081318
0.011215
0.108371
0.069679
0.076258
0.023901
0.091228
0.048948
0.060706
0.076342
0.096778
0.183525
0.110857
0.054224
0.038313
0.035386
0.041834
0.117576
0.092801
0.039524
0.076657
0.070399
0.024697
0.102200
0.102286
0.056088
0.084347
0.063353
0.059050
0.044887
0.063608
0.046887
0.015712
0.016198
0.028113
0.166645
0.060199
0.012745
0.123117
0.026499
0.108517
0.073238
0.025828
0.075428
0.041325
0.106203
0.072787
0.028804
0.018265
0.015710
0.038218
0.015829
0.030440
0.034780
0.033138
0.032584
0.270673
0.024581
0.020814
0.028248
0.037247
0.053757
0.099372
0.025804
0.036271
0.033773
0.030780
0.030319
0.021551
0.050245
0.032689
0.021547
0.026649
0.020605
0.070159
0.013427
0.029088
0.103800
0.081705
0.038797
0.293356
0.094704
0.086447
0.031064
0.075444
0.052064
0.208428
0.076875
0.020673
0.025394
0.029894
0.102969
0.061792
0.070857
0.022944
0.080179
0.052383
0.041867
0.068798
0.089262
0.155242
0.104983
0.043563
0.035150
0.025311
0.028180
0.108274
0.083114
0.028931
0.062624
0.066349
0.027908
0.085233
0.080941
0.048872
0.072005
0.058473
0.056409
0.042960
0.052847
0.049400
0.024587
0.013885
0.019345
0.144041
0.069756
0.013421
0.117514
0.027911
0.102467
0.082012
0.031024
0.069274
0.032747
0.102465
0.015689
0.020485
0.055759
0.013615
0.032670
0.049347
0.016366
0.021294
0.330322
0.019168
0.032096
0.047342
0.063227
0.090759
0.150731
0.020066
0.045490
0.068900
0.019220
0.052379
0.021945
0.045131
0.049896
0.025541
0.020461
0.014050
0.093102
0.023226
0.029620
0.121417
0.114240
0.046425
0.369418
0.079862
0.101179
0.010196
0.080644
0.023601
0.256920
0.116975
0.014912
0.033787
0.036785
0.020300
0.029351
0.017072
0.020813
0.023435
0.014163
0.018960
0.264067
0.027638
0.013726
0.030554
0.024781
0.059942
0.134234
0.020280
0.023941
0.049709
0.012574
0.030281
0.024093
0.036649
0.027581
0.014999
0.010368
0.010632
0.060143
0.013515
0.014940
0.085628
0.069141
0.020529
0.307721
0.064514
0.062816
0.023782
0.055399
0.024864
0.196977
0.073281
0.007736
0.016447
0.039394
0.042491
0.017474
0.035134
0.043266
0.024100
0.030248
0.276564
0.022789
0.023910
0.031480
0.051853
0.063808
0.114925
0.031065
0.033160
0.030087
0.022487
0.035604
0.025951
0.054188
0.040237
0.023732
0.026962
0.011705
0.079685
0.016560
0.026926
0.100561
0.090864
0.037209
0.299840
0.078030
0.086705
0.026607
0.070900
0.043027
0.217125
0.087292
0.018379
0.026116
0.027716
0.042031
0.022101
0.027357
0.034190
0.048044
0.204179
0.057737
0.023107
0.017723
0.015047
0.027681
0.110726
0.047131
0.023496
0.061242
0.032407
0.008376
0.054157
0.063833
0.033994
0.043787
0.025879
0.026450
0.026049
0.024982
0.020815
0.027617
0.021332
0.011474
0.222310
0.061537
0.022733
0.063165
0.024995
0.054652
0.112880
0.033288
0.040137
0.011797
0.057680
0.027421
0.036036
0.023300
0.026501
0.281694
0.016290
0.023724
0.029692
0.048069
0.063897
0.119066
0.019703
0.036388
0.054297
0.025665
0.040171
0.016065
0.044696
0.044032
0.026199
0.023512
0.015108
0.078608
0.014742
0.030367
0.111207
0.091784
0.038418
0.325044
0.093169
0.088405
0.022123
0.076867
0.035779
0.237812
0.100109
0.017478
0.022828
0.032456
0.041095
0.023554
0.033246
0.269928
0.036711
0.025519
0.021841
0.031750
0.046653
0.136589
0.028631
0.032077
0.065044
0.017784
0.018234
0.040527
0.052068
0.031874
0.039751
0.021344
0.019964
0.058228
0.028726
0.020359
0.058720
0.045684
0.023815
0.281993
0.048926
0.047257
0.035497
0.035753
0.042849
0.171050
0.050090
0.021070
0.016979
0.042522
0.030176
0.030926
0.197043
0.052576
0.011111
0.029249
0.019063
0.038127
0.105233
0.025924
0.022563
0.048766
0.034697
0.033711
0.025764
0.024477
0.021971
0.021758
0.018036
0.029464
0.053992
0.016893
0.022301
0.067811
0.047229
0.020814
0.264154
0.077773
0.041133
0.054358
0.045125
0.049313
0.163463
0.059098
0.026024
0.020630
0.063226
0.020869
0.266311
0.029842
0.019912
0.037071
0.041588
0.065642
0.143264
0.024828
0.029949
0.064455
0.013952
0.034342
0.026135
0.033691
0.037764
0.021556
0.015772
0.013751
0.058463
0.017226
0.021486
0.084157
0.075638
0.024342
0.318940
0.054095
0.065861
0.020946
0.048228
0.025875
0.204756
0.077669
0.017363
0.018544
0.042267
0.282373
0.026931
0.018279
0.033003
0.052111
0.075972
0.157925
0.014331
0.039596
0.070997
0.015527
0.051900
0.019679
0.034277
0.030788
0.018199
0.009305
0.019103
0.094510
0.023883
0.014647
0.101580
0.089249
0.047238
0.362450
0.080421
0.084215
0.013596
0.071086
0.026233
0.241395
0.094968
0.011928
0.032460
0.038908
0.301082
0.224214
0.220942
0.196107
0.193227
0.260522
0.287178
0.200012
0.245180
0.279822
0.224979
0.284729
0.265664
0.226526
0.252498
0.257762
0.265579
0.196257
0.234844
0.241998
0.194478
0.168762
0.203577
0.200600
0.274788
0.183291
0.337510
0.218362
0.298146
0.205159
0.185354
0.280542
0.225054
0.296126
0.036293
0.041471
0.067357
0.080394
0.138781
0.025839
0.060912
0.066195
0.032940
0.055139
0.026185
0.060238
0.055154
0.030711
0.033662
0.026282
0.100362
0.029218
0.034641
0.130732
0.113651
0.059403
0.374118
0.101597
0.113917
0.022242
0.098714
0.045454
0.276003
0.112616
0.023711
0.033896
0.025125
0.016724
0.020027
0.038052
0.102925
0.017658
0.015725
0.036629
0.017590
0.023334
0.016839
0.027673
0.012340
0.016195
0.010455
0.014303
0.054910
0.010383
0.010325
0.062318
0.049597
0.017764
0.269733
0.061396
0.044823
0.034463
0.040277
0.035020
0.170612
0.052128
0.013113
0.014630
0.035022
0.026847
0.027485
0.098142
0.035166
0.023006
0.049788
0.028658
0.016622
0.035511
0.053010
0.022111
0.035132
0.023783
0.023568
0.052958
0.022602
0.018249
0.046988
0.037556
0.024352
0.246105
0.069160
0.041173
0.049162
0.036388
0.055554
0.146544
0.040487
0.028952
0.013279
0.037381
0.030800
0.115495
0.050255
0.018744
0.056498
0.036379
0.020900
0.054904
0.052872
0.026694
0.036275
0.028881
0.034727
0.028947
0.028062
0.026440
0.042396
0.022720
0.010567
0.218211
0.064287
0.027325
0.075857
0.033197
0.056027
0.117278
0.037502
0.036414
0.017348
0.066862
0.082470
0.066252
0.038838
0.052448
0.061057
0.026343
0.065035
0.064800
0.036715
0.061806
0.053500
0.052918
0.059500
0.043926
0.051073
0.046382
0.029459
0.032371
0.174242
0.075846
0.039174
0.094153
0.038562
0.094996
0.123575
0.034972
0.061535
0.028319
0.070411
0.121212
0.106307
0.080641
0.156878
0.089639
0.105991
0.119843
0.092533
0.123373
0.130191
0.113221
0.133847
0.091128
0.128951
0.134696
0.135283
0.111527
0.212195
0.164325
0.126545
0.161282
0.123256
0.191477
0.179520
0.103099
0.131865
0.106020
0.127295
0.041286
0.055197
0.026170
0.041915
0.008547
0.027386
0.029751
0.019853
0.013258
0.019390
0.096729
0.021120
0.021662
0.104830
0.086674
0.044221
0.344433
0.087010
0.076225
0.018141
0.068126
0.039955
0.233418
0.092585
0.012092
0.031166
0.043424
0.046589
0.026169
0.024478
0.041760
0.034181
0.018486
0.026931
0.021161
0.018734
0.042871
0.017679
0.023334
0.048337
0.039409
0.011506
0.214084
0.049143
0.035108
0.058356
0.028551
0.045062
0.135898
0.050142
0.026179
0.020311
0.059572
0.057526
0.046718
0.047908
0.069133
0.043637
0.052363
0.059836
0.042417
0.098137
0.040419
0.055229
0.104471
0.089682
0.050507
0.242234
0.096774
0.083457
0.077192
0.080434
0.089796
0.192764
0.075227
0.047537
0.048925
0.053576
0.034106
0.032805
0.038600
0.027623
0.027322
0.013363
0.011018
0.070058
0.023276
0.014890
0.073065
0.066375
0.026388
0.315861
0.048484
0.063382
0.021500
0.045325
0.015115
0.199005
0.072347
0.011535
0.020042
0.032784
0.048096
0.060932
0.029730
0.042565
0.028453
0.024111
0.033376
0.024187
0.023465
0.034265
0.028776
0.014878
0.215916
0.057241
0.028090
0.058566
0.023651
0.062931
0.111594
0.026479
0.037504
0.014362
0.052127
0.026148
0.032569
0.018870
0.020518
0.022576
0.097853
0.016804
0.030778
0.117512
0.098695
0.047470
0.333313
0.100741
0.088560
0.020507
0.078986
0.047309
0.239634
0.098468
0.016347
0.031029
0.040426
0.026392
0.024787
0.028243
0.037060
0.094270
0.029749
0.042878
0.105212
0.086993
0.044210
0.307753
0.073151
0.077051
0.046969
0.059720
0.055339
0.211486
0.090897
0.026446
0.041383
0.075628
0.023376
0.019982
0.026325
0.066263
0.020869
0.020135
0.058380
0.049801
0.027769
0.252101
0.053793
0.048486
0.048950
0.038298
0.052497
0.153758
0.040633
0.021868
0.027051
0.044227
0.014026
0.019779
0.071145
0.011808
0.021813
0.100551
0.080556
0.034659
0.312005
0.079040
0.077884
0.027734
0.068520
0.042635
0.209704
0.083052
0.013481
0.027692
0.046090
0.010249
0.064887
0.013312
0.006489
0.068907
0.058721
0.023596
0.305060
0.059869
0.050850
0.021940
0.043471
0.025532
0.186699
0.068770
0.009069
0.018881
0.045119
0.065347
0.011132
0.013603
0.071835
0.067438
0.022493
0.291403
0.054184
0.058144
0.022055
0.046867
0.024367
0.193630
0.070266
0.008870
0.016888
0.033589
0.050329
0.057675
0.045107
0.040634
0.025028
0.213968
0.079349
0.043511
0.110425
0.044192
0.086631
0.097516
0.051367
0.083340
0.038105
0.093955
0.018172
0.076756
0.064284
0.020594
0.271463
0.070061
0.060994
0.029000
0.051013
0.038006
0.182284
0.064992
0.016538
0.015764
0.036385
0.054381
0.048808
0.022422
0.296537
0.053429
0.042804
0.032480
0.040066
0.031921
0.173782
0.055262
0.013626
0.018026
0.041016
0.015699
0.036272
0.177419
0.054071
0.014002
0.130942
0.018097
0.102539
0.065357
0.028368
0.091758
0.051152
0.110021
0.027025
0.170274
0.066607
0.011697
0.120978
0.022559
0.100574
0.077977
0.026065
0.075971
0.038296
0.105965
0.214144
0.045082
0.022073
0.061857
0.019656
0.048403
0.118158
0.039258
0.030921
0.009905
0.061901
0.266796
0.185821
0.389417
0.204042
0.369260
0.121011
0.176258
0.320816
0.253027
0.337272
0.055590
0.091886
0.034494
0.071472
0.160321
0.064031
0.060578
0.058667
0.090439
0.114362
0.015747
0.090880
0.078347
0.032255
0.068787
0.038481
0.110762
0.090194
0.031925
0.271925
0.116168
0.018605
0.042128
0.033073
0.074481
0.089699
0.032983
0.058084
0.031345
0.089580
0.242640
0.115433
0.028099
0.043625
0.046453
0.073507
0.216376
0.148091
0.243798
0.078747
0.044691
0.090779
0.022288
0.036317
0.040285
