0.636063
0.604337
0.664186
0.604617
0.624649
0.725844
0.627164
0.520812
0.577301
0.591731
0.590518
0.767249
0.391128
0.653028
0.513551
0.575958
0.525973
0.669605
0.427851
0.528112
0.474084
0.545013
0.480243
0.641371
0.441620
0.624083
0.638927
0.620688
0.402892
0.421823
0.578205
0.440913
0.642043
0.489385
0.552432
0.510611
0.565365
0.620175
0.504143
0.567829
0.576988
0.585245
0.623100
0.499654
0.634572
0.633173
0.565901
0.402926
0.670131
0.718023
0.751529
0.626737
0.814654
0.745211
0.599966
0.710202
0.609413
0.601299
0.402491
0.703193
0.618275
0.439072
0.574431
0.725291
0.598633
0.736714
0.587265
0.679655
0.582801
0.759696
0.483668
0.789623
0.623654
0.586894
0.654807
0.681300
0.637160
0.597719
0.628564
0.653388
0.644224
0.605848
0.627797
0.562903
0.576233
0.732496
0.635140
0.572490
0.840569
0.644152
0.697005
0.638107
0.520718
0.587291
0.720097
0.549155
0.682337
0.703499
0.493450
0.604081
0.692548
0.711919
0.567980
0.819949
0.778249
0.631130
0.790527
0.535380
0.593999
0.610919
0.595816
0.659701
0.633920
0.474372
0.690162
0.546538
0.678331
0.460557
0.841147
0.506383
0.729658
0.731878
0.658622
0.513831
0.774839
0.598185
0.628491
0.677726
0.505198
0.597154
0.605687
0.743580
0.770859
0.464931
0.659660
0.719531
0.625528
0.743645
0.564368
0.628333
0.607108
0.591639
0.532830
0.793745
0.748874
0.709797
0.861618
0.716213
0.735203
0.786722
0.819374
0.763060
0.898371
0.689291
0.728620
0.648003
0.534108
0.714635
0.648445
0.501418
0.777855
0.727548
0.797164
0.692577
0.887516
0.648636
0.733133
0.763637
0.731103
0.704764
0.797850
0.721895
0.759740
0.765407
0.599793
0.724832
0.605521
0.706632
0.771789
0.587126
0.735485
0.842543
0.584791
0.779055
0.631423
0.781462
0.754571
0.780267
0.629050
0.793749
0.482262
0.643247
0.619794
0.596485
0.592228
0.634697
0.581665
0.753605
0.587919
0.630613
0.520117
0.655169
0.570681
0.560390
0.453036
0.642057
0.501765
0.569880
0.337155
0.761365
0.458565
0.626453
0.674057
0.672967
0.515036
0.579877
0.524759
0.541306
0.666001
0.543940
0.506182
0.472822
0.594184
0.630911
0.567143
0.564107
0.815474
0.647261
0.636594
0.584891
0.576350
0.429864
0.543222
0.473879
0.778262
0.653878
0.707864
0.618907
0.717824
0.644231
0.690880
0.789095
0.677504
0.760705
0.439657
0.397092
0.698566
0.605817
0.548182
0.677038
0.646163
0.479189
0.480671
0.872710
0.574340
0.718746
0.757390
0.724465
0.585971
0.712034
0.580286
0.602279
0.740886
0.605317
0.502244
0.540832
0.643995
0.666793
0.409566
0.733222
0.742407
0.570799
0.690239
0.572804
0.734899
0.631202
0.615600
0.594695
0.799425
0.784675
0.805393
0.740615
0.656276
0.783574
0.643239
0.764917
0.794789
0.740922
0.742448
0.690417
0.688644
0.764636
0.813869
0.697302
0.711322
0.625280
0.944310
0.731342
0.784483
0.814573
0.775153
0.699817
0.683458
0.871264
0.687912
0.830805
0.724042
0.610183
0.656665
0.661686
0.724835
0.701103
0.683805
0.875362
0.653062
0.680152
0.708328
0.788380
0.805627
0.728356
0.698407
0.775397
0.733677
0.688431
0.736087
0.783265
0.852376
0.651785
0.500747
0.491531
0.677275
0.637500
0.604990
0.614472
0.736141
0.635074
0.706656
0.657265
0.778715
0.640172
0.636262
0.785673
0.630844
0.558707
0.714537
0.704766
0.716869
0.668444
0.542877
0.665665
0.539423
0.616560
0.806239
0.627638
0.382685
0.836889
0.728361
0.706578
0.606095
0.735457
0.549376
0.774531
0.502343
0.765143
0.742107
0.711447
0.608533
0.731858
0.534805
0.629853
0.620474
0.616881
0.561061
0.587458
0.509102
0.491895
0.420567
0.694929
0.529852
0.606150
0.401756
0.663209
0.678873
0.609704
0.480536
0.591968
0.447270
0.486373
0.640657
0.470592
0.654253
0.612043
0.694898
0.772378
0.524347
0.698071
0.557907
0.655383
0.654494
0.600720
0.673472
0.593994
0.538194
0.508405
0.475689
0.595206
0.685143
0.841266
0.661925
0.736043
0.626831
0.770340
0.685683
0.714315
0.550155
0.703844
0.584252
0.618503
0.626026
0.839643
0.603856
0.656994
0.653934
0.504094
0.610913
0.556408
0.612959
0.625902
0.778425
0.633573
0.604313
0.465198
0.585115
0.727367
0.693249
0.624857
0.666609
0.718605
0.671757
0.696131
0.757435
0.498996
0.795127
0.539936
0.788520
0.634130
0.665151
0.587157
0.733017
0.629502
0.735493
0.699816
0.715984
0.615035
0.678319
0.613904
0.572299
0.580729
0.838212
0.691756
0.745574
0.774674
0.695791
0.595913
0.433302
0.659090
0.620381
0.666121
0.717103
0.596771
0.576049
0.649426
0.634585
0.671659
0.697122
0.740696
0.607715
0.657340
0.578568
0.668688
0.682684
0.746032
0.597030
0.804383
0.686265
0.547391
0.495119
0.567913
0.653353
0.658280
0.694369
0.492190
0.629924
0.507720
0.660589
0.437539
0.795171
0.555750
0.581388
0.597114
0.656084
0.577141
0.592230
0.479764
0.625953
0.687943
0.574253
0.575128
0.577930
0.624118
0.762915
0.580793
0.648383
0.738912
0.615378
0.684643
0.629862
0.516316
0.634541
0.639984
0.466607
0.650487
0.638500
0.666271
0.745433
0.791966
0.821722
0.686783
0.770952
0.739500
0.703258
0.745464
0.662113
0.870987
0.739861
0.761617
0.724395
0.764432
0.710471
0.745573
0.778390
0.714648
0.768101
0.751291
0.679690
0.757069
0.721604
0.785366
0.686931
0.814270
0.842968
0.642424
0.660885
0.675450
0.695407
0.810664
0.855891
0.744676
0.739956
0.534499
0.541262
0.573340
0.543050
0.740985
0.455948
0.456584
0.498552
0.627273
0.442767
0.680030
0.474243
0.564305
0.538782
0.608966
0.435146
0.553811
0.533357
0.478673
0.604875
0.489136
0.540687
0.561302
0.530299
0.708551
0.482106
0.629712
0.708625
0.571083
0.617716
0.554552
0.537184
0.626534
0.625077
0.412545
0.634308
0.540036
0.651455
0.701229
0.636878
0.594164
0.658291
0.571418
0.768389
0.529959
0.753963
0.616476
0.541187
0.354463
0.657010
0.649271
0.708050
0.627760
0.689397
0.620348
0.568392
0.668840
0.615948
0.565394
0.797538
0.615925
0.482892
0.836887
0.590957
0.706190
0.664796
0.609526
0.560373
0.727102
0.567097
0.670954
0.503385
0.624641
0.557651
0.426620
0.624009
0.535853
0.497608
0.496459
0.771096
0.490473
0.518822
0.708058
0.613767
0.482150
0.651184
0.517011
0.557199
0.669930
0.424594
0.501688
0.457281
0.569125
0.663127
0.372104
0.470195
0.793036
0.548147
0.641086
0.501916
0.628826
0.544639
0.710160
0.435342
0.740213
0.675572
0.591134
0.458451
0.550635
0.577549
0.625631
0.562166
0.810700
0.490938
0.656757
0.641054
0.699713
0.583578
0.729320
0.587414
0.646312
0.701326
0.548448
0.649967
0.596368
0.550130
0.721696
0.402442
0.603391
0.770057
0.520141
0.606391
0.560009
0.699448
0.651579
0.630378
0.489593
0.757280
0.693087
0.500442
0.595183
0.536477
0.715125
0.572970
0.771985
0.488471
0.694080
0.737319
0.700813
0.547054
0.531355
0.540902
0.501684
0.644096
0.542381
0.591365
0.493595
0.646471
0.711856
0.579070
0.531676
0.816188
0.618105
0.651190
0.633321
0.651440
0.581383
0.688182
0.490700
0.711967
0.550956
0.680517
0.548290
0.624577
0.621844
0.867868
0.514790
0.646362
0.754514
0.536046
0.587948
0.696379
0.571560
0.628444
0.720760
0.497048
0.642433
0.584606
0.742992
0.725890
0.573027
0.521131
0.727320
0.571117
0.650229
0.497862
0.742977
0.450235
0.695554
0.594149
0.723282
0.604974
0.423126
0.554243
0.429289
0.745776
0.267734
0.529615
0.646259
0.566339
0.394078
0.527215
0.433612
0.554886
0.597618
0.293152
0.475820
0.349916
0.608606
0.553255
0.388568
0.551572
0.672805
0.487670
0.650187
0.348372
0.528440
0.454577
0.449873
0.294945
0.741670
0.489277
0.645175
0.589735
0.641507
0.534544
0.572376
0.663203
0.714448
0.489350
0.610286
0.499763
0.559023
0.677278
0.638676
0.644240
0.618029
0.601751
0.763814
0.563396
0.654462
0.794595
0.640666
0.686366
0.700336
0.700882
0.652858
0.698916
0.527542
0.609275
0.646295
0.474046
0.654464
0.437328
0.590365
0.553961
0.598278
0.427357
0.504865
0.515500
0.450375
0.630714
0.516740
0.512438
0.511439
0.560334
0.675648
0.539858
0.500461
0.702805
0.585716
0.632690
0.572055
0.592503
0.559556
0.604841
0.406275
0.517018
0.569382
0.851924
0.615431
0.691494
0.761417
0.690376
0.508437
0.679267
0.613088
0.529064
0.701576
0.624053
0.509704
0.510929
0.639157
0.630392
0.459045
0.692623
0.774032
0.653094
0.585913
0.574523
0.720720
0.705736
0.736995
0.525778
0.782286
0.745260
0.475773
0.686149
0.611185
0.641095
0.441783
0.544370
0.466384
0.558945
0.647791
0.499311
0.441423
0.471734
0.532393
0.694817
0.475180
0.610601
0.717448
0.519766
0.585746
0.497032
0.398155
0.511241
0.522515
0.432888
0.679028
0.697376
0.882720
0.747120
0.866581
0.608472
0.768447
0.700207
0.638053
0.849934
0.772655
0.905609
0.805430
0.714535
0.832454
0.778901
0.735030
0.811438
0.829219
0.820822
0.876516
0.755954
0.807805
0.761405
0.621707
0.774185
0.571352
0.623885
0.538199
0.425264
0.540735
0.465887
0.449871
0.553513
0.310244
0.510414
0.447687
0.661246
0.578810
0.490276
0.549185
0.690664
0.586229
0.586732
0.438231
0.608500
0.424373
0.489759
0.315351
0.699109
0.625576
0.592632
0.642178
0.673866
0.651488
0.672536
0.644845
0.578498
0.621788
0.540472
0.583646
0.754465
0.625557
0.556442
0.822834
0.655592
0.725888
0.651566
0.768229
0.600739
0.699394
0.527298
0.541728
0.728308
0.661868
0.681016
0.738557
0.616126
0.680620
0.668899
0.656974
0.671830
0.510684
0.836109
0.644926
0.668323
0.887673
0.692442
0.696703
0.731878
0.699598
0.738164
0.815232
0.601985
0.711495
0.639499
0.671089
0.569233
0.675695
0.681326
0.500648
0.486936
0.550462
0.708489
0.781628
0.643091
0.507351
0.338600
0.744370
0.663746
0.680433
0.754404
0.412311
0.779210
0.578686
0.732083
0.548461
0.511033
0.452134
0.683234
0.398782
0.544974
0.471162
0.655340
0.619150
0.409270
0.606195
0.681410
0.585746
0.665847
0.460725
0.610266
0.607701
0.566370
0.316960
0.630710
0.601701
0.518011
0.714924
0.591081
0.604511
0.575658
0.587508
0.607226
0.684277
0.653405
0.643090
0.640884
0.684504
0.587240
0.665048
0.649407
0.578357
0.530596
0.736621
0.562867
0.699332
0.519410
0.570823
0.564483
0.680182
0.747858
0.500030
0.622218
0.593631
0.577311
0.688427
0.579255
0.566738
0.490724
0.599524
0.477903
0.684420
0.649129
0.569781
0.532216
0.551806
0.664950
0.626576
0.542447
0.690204
0.711644
0.618878
0.604544
0.627642
0.649927
0.660886
0.688168
0.510149
0.651493
0.667661
0.668799
0.629001
0.671586
0.731422
0.692540
0.598324
0.895841
0.769613
0.679916
0.734823
0.643152
0.618346
0.782140
0.602505
0.815028
0.551637
0.471878
0.686420
0.613363
0.366558
0.511826
0.642000
0.542638
0.644229
0.275028
0.650565
0.472738
0.501497
0.396933
0.726511
0.454620
0.632709
0.579074
0.537307
0.631524
0.735402
0.548261
0.622366
0.573994
0.607920
0.604518
0.628797
0.533917
0.743045
0.560970
0.611463
0.451901
0.564720
0.741999
0.506413
0.630535
0.468280
0.653193
0.523759
0.652458
0.357631
0.746054
0.812749
0.616473
0.559929
0.860410
0.619495
0.676942
0.696306
0.646868
0.693961
0.708092
0.479073
0.634325
0.678833
0.762823
0.825590
0.653121
0.738391
0.612488
0.749633
0.776801
0.668845
0.657497
0.876813
0.624799
0.686781
0.476799
0.630173
0.361367
0.624915
0.607409
0.622516
0.450799
0.727495
0.798990
0.739270
0.594316
0.686898
0.714969
0.436805
0.761787
0.506080
0.806849
0.713165
0.785335
0.716725
0.857515
0.603779
0.695671
0.708420
0.707370
0.666926
0.477724
0.664631
0.639269
0.631165
0.520706
0.743816
0.687072
0.631306
0.683167
0.762284
0.523903
0.794708
0.692037
0.582904
0.505646
0.456155
0.761328
0.695135
0.739520
0.560454
0.729209
0.638543
0.526156
0.806926
0.536469
0.726472
0.621489
