0.033177
0.010264
0.033084
0.017416
0.015643
0.018025
0.033401
0.039104
0.066478
0.061508
0.051522
0.026019
0.026698
0.040004
0.048097
0.022961
0.054724
0.030266
0.033322
0.092485
0.049488
0.040932
0.049064
0.040509
0.047109
0.120368
0.025373
0.034255
0.019380
0.059341
0.052855
0.018863
0.051118
0.028302
0.493893
0.082708
0.046719
0.010994
0.035455
0.020568
0.047181
0.101836
0.231915
0.021743
0.117753
0.044093
0.044488
0.050564
0.104370
0.030843
0.014250
0.027874
0.016771
0.028093
0.010903
0.014274
0.025525
0.036693
0.125792
0.016544
0.066194
0.022238
0.131981
0.010173
0.017674
0.027019
0.034545
0.178076
0.014515
0.013786
0.016953
0.067768
0.017052
0.075227
0.018211
0.063040
0.017327
0.050507
0.017927
0.045839
0.017287
0.007981
0.498888
0.027755
0.060909
0.020119
0.012747
0.065809
0.069633
0.044821
0.150785
0.022992
0.212264
0.098699
0.011097
0.039422
0.045829
0.026026
0.007899
0.021515
0.012267
0.029747
0.037703
0.075419
0.039925
0.049735
0.027737
0.036450
0.050074
0.058463
0.020634
0.046668
0.018232
0.015077
0.110502
0.041148
0.043703
0.052487
0.021900
0.046612
0.087832
0.018620
0.018867
0.018267
0.039429
0.039704
0.008712
0.048372
0.029206
0.534097
0.073557
0.067145
0.010673
0.025486
0.016794
0.035681
0.084642
0.210507
0.012492
0.108201
0.032019
0.047455
0.030718
0.113487
0.019395
0.012087
0.014688
0.014783
0.018906
0.041015
0.023021
0.119012
0.023909
0.077664
0.022318
0.121630
0.010650
0.012322
0.026110
0.030025
0.184298
0.009645
0.018576
0.019100
0.053242
0.013422
0.072118
0.010681
0.045810
0.016763
0.056014
0.016164
0.039405
0.023096
0.010140
0.515992
0.022741
0.072392
0.010444
0.011286
0.049968
0.071583
0.044669
0.161737
0.017746
0.196692
0.094485
0.018298
0.028833
0.058177
0.017200
0.015782
0.032412
0.038941
0.074291
0.032541
0.062813
0.027090
0.048222
0.044585
0.068114
0.016286
0.035645
0.014867
0.016458
0.123570
0.029747
0.041659
0.042651
0.019646
0.036875
0.074219
0.014459
0.018496
0.020696
0.032707
0.038051
0.006402
0.051193
0.024709
0.516245
0.060473
0.076781
0.012200
0.020099
0.024215
0.037977
0.071340
0.193500
0.006225
0.115965
0.039762
0.043793
0.021964
0.107652
0.016890
0.016721
0.017648
0.036904
0.042928
0.099504
0.022354
0.056573
0.019515
0.087221
0.008470
0.024460
0.031306
0.035022
0.142082
0.020130
0.019824
0.025869
0.055121
0.013433
0.096676
0.016725
0.051793
0.011523
0.061216
0.034657
0.032565
0.031446
0.012397
0.489689
0.045106
0.050057
0.007749
0.020031
0.045300
0.064077
0.066258
0.184331
0.017872
0.171530
0.080944
0.015951
0.035627
0.062933
0.019686
0.023374
0.060419
0.035274
0.075587
0.023476
0.048494
0.032749
0.075744
0.017000
0.035967
0.029473
0.026079
0.127887
0.028282
0.033211
0.039976
0.036777
0.032795
0.098003
0.013620
0.029078
0.018593
0.060980
0.026163
0.025001
0.033280
0.021504
0.522767
0.056131
0.062125
0.006932
0.023387
0.028491
0.055082
0.073201
0.205249
0.015778
0.143550
0.061299
0.033161
0.037830
0.080699
0.003111
0.026317
0.036087
0.130625
0.017778
0.074923
0.024487
0.129405
0.012052
0.021188
0.034096
0.035587
0.182680
0.018330
0.017044
0.024701
0.072506
0.016379
0.086239
0.018169
0.065054
0.019925
0.067074
0.017439
0.053040
0.010622
0.012519
0.536140
0.030978
0.064385
0.019246
0.015761
0.063456
0.086332
0.051877
0.167060
0.028632
0.217412
0.106739
0.009570
0.043077
0.039521
0.023150
0.043758
0.145196
0.023228
0.083305
0.024754
0.136832
0.014186
0.024822
0.042613
0.044583
0.190844
0.018989
0.018536
0.026610
0.082814
0.015023
0.095711
0.024226
0.076359
0.025769
0.078117
0.021444
0.061959
0.012381
0.014742
0.532229
0.036236
0.063886
0.023492
0.021410
0.075954
0.096722
0.053670
0.168324
0.033800
0.231542
0.120720
0.007373
0.047684
0.034381
0.079390
0.189332
0.038019
0.103554
0.021629
0.176716
0.040633
0.032579
0.076765
0.092253
0.216137
0.041462
0.012833
0.033413
0.133059
0.027955
0.133175
0.048282
0.127696
0.049902
0.121422
0.048316
0.101768
0.018820
0.024821
0.468453
0.041968
0.069666
0.049831
0.047574
0.120744
0.138697
0.081792
0.188385
0.073801
0.287065
0.164393
0.014623
0.088587
0.029078
0.139399
0.038334
0.103000
0.055581
0.148251
0.037277
0.022493
0.020707
0.025345
0.224349
0.029993
0.052391
0.049833
0.051532
0.044244
0.040096
0.019666
0.045072
0.037624
0.046155
0.027654
0.051747
0.043924
0.040250
0.574955
0.030453
0.135824
0.040731
0.015790
0.064932
0.082839
0.042009
0.153151
0.030371
0.201862
0.104398
0.052600
0.025312
0.094605
0.105436
0.049644
0.139654
0.023569
0.107438
0.158189
0.090074
0.083397
0.047379
0.148536
0.138100
0.145934
0.046911
0.158612
0.200917
0.099011
0.044250
0.095221
0.105985
0.142608
0.038393
0.157328
0.121031
0.500597
0.197297
0.115078
0.073481
0.121430
0.031515
0.054101
0.215093
0.354345
0.076489
0.033460
0.013245
0.159908
0.122823
0.240406
0.048140
0.020908
0.105029
0.021998
0.024558
0.024839
0.039148
0.143032
0.033588
0.023136
0.028357
0.060365
0.033671
0.091321
0.009397
0.050289
0.030714
0.063261
0.029266
0.040149
0.020942
0.014120
0.478505
0.037495
0.064635
0.020367
0.018935
0.054135
0.079263
0.065140
0.199300
0.028413
0.183681
0.085417
0.025533
0.052143
0.062635
0.069866
0.054504
0.062156
0.094584
0.060705
0.057494
0.073584
0.089143
0.075436
0.090798
0.059208
0.096276
0.150705
0.053806
0.056044
0.053132
0.072571
0.083934
0.037649
0.091786
0.060320
0.484627
0.132128
0.065797
0.043919
0.074044
0.051012
0.047841
0.135360
0.271432
0.056081
0.112816
0.045830
0.082125
0.093311
0.149249
0.127312
0.029703
0.023432
0.054869
0.065665
0.166681
0.031490
0.011337
0.023307
0.092564
0.022669
0.123310
0.023258
0.086055
0.030808
0.094003
0.036724
0.067127
0.023341
0.015452
0.438373
0.035296
0.054746
0.023910
0.030521
0.077545
0.104087
0.076631
0.200711
0.045322
0.227658
0.120215
0.017145
0.069325
0.037697
0.106882
0.155240
0.106384
0.100767
0.041854
0.150090
0.132163
0.150997
0.059096
0.148659
0.224069
0.100264
0.062970
0.097693
0.133236
0.151929
0.048615
0.155598
0.121099
0.478681
0.199990
0.102147
0.072447
0.127248
0.046238
0.079117
0.226096
0.379161
0.079312
0.042905
0.033819
0.151825
0.129983
0.230036
0.024867
0.024577
0.026037
0.162722
0.011715
0.025637
0.021919
0.052355
0.011981
0.077565
0.017338
0.049656
0.012879
0.045993
0.023622
0.031519
0.026772
0.009841
0.522734
0.038938
0.058449
0.012745
0.012267
0.049074
0.060774
0.048881
0.158637
0.012616
0.183588
0.086007
0.014604
0.026909
0.059572
0.033083
0.044378
0.220881
0.016110
0.018430
0.025718
0.072941
0.017906
0.060759
0.013393
0.067244
0.031318
0.065991
0.022735
0.060774
0.020482
0.015068
0.526326
0.011855
0.101800
0.031246
0.013443
0.082661
0.097810
0.039519
0.157077
0.035718
0.231915
0.121903
0.019769
0.036739
0.054720
0.012846
0.166718
0.032149
0.050371
0.040078
0.034758
0.044891
0.047049
0.015117
0.025989
0.027933
0.023810
0.032908
0.023678
0.047839
0.028557
0.551860
0.048848
0.104405
0.027362
0.014419
0.037577
0.048191
0.051261
0.158819
0.017118
0.154434
0.065422
0.048952
0.021726
0.107780
0.164606
0.034938
0.058430
0.056221
0.026940
0.049759
0.050997
0.023104
0.025055
0.024740
0.014205
0.033283
0.022815
0.057823
0.037870
0.580267
0.064829
0.101325
0.027697
0.020414
0.034967
0.038907
0.055542
0.156619
0.015583
0.143546
0.056931
0.053453
0.020614
0.114576
0.211824
0.178029
0.200481
0.123167
0.209892
0.303557
0.158579
0.125233
0.152008
0.192887
0.210273
0.096429
0.206842
0.170165
0.431246
0.269884
0.122870
0.122465
0.191395
0.101056
0.107646
0.287731
0.448791
0.140075
0.077735
0.066239
0.200098
0.201327
0.273515
0.025972
0.020868
0.068678
0.014211
0.060679
0.021852
0.064600
0.023120
0.051404
0.013444
0.053356
0.028742
0.014197
0.544374
0.024400
0.087955
0.025855
0.015215
0.078048
0.073686
0.024810
0.127898
0.024925
0.228140
0.119506
0.015140
0.032145
0.050825
0.024391
0.085492
0.022173
0.109912
0.024802
0.080906
0.026831
0.086762
0.027580
0.063400
0.013752
0.012834
0.466075
0.031990
0.057443
0.022563
0.029426
0.076984
0.095106
0.069710
0.190493
0.041739
0.225549
0.113831
0.013131
0.063918
0.039959
0.093639
0.022809
0.090006
0.028116
0.078198
0.036333
0.077128
0.029301
0.064569
0.029898
0.014167
0.470243
0.022673
0.070877
0.030157
0.022555
0.077295
0.098193
0.051736
0.144165
0.039952
0.240775
0.130147
0.021425
0.057781
0.036066
0.084614
0.097766
0.039177
0.008942
0.050459
0.044319
0.070825
0.015585
0.090949
0.065169
0.548143
0.103209
0.126401
0.040406
0.049431
0.029058
0.039981
0.114074
0.253709
0.022702
0.073121
0.026056
0.095513
0.045569
0.174052
0.089474
0.025535
0.083615
0.023362
0.074026
0.033544
0.063861
0.025112
0.015042
0.509995
0.027285
0.074636
0.026510
0.020007
0.081931
0.098758
0.052329
0.155032
0.031544
0.237232
0.129557
0.008777
0.036889
0.043438
0.068603
0.090734
0.083325
0.043812
0.062264
0.090240
0.105508
0.081660
0.688171
0.071456
0.196626
0.098933
0.051958
0.128386
0.102173
0.032217
0.093777
0.072799
0.257871
0.152418
0.094387
0.040912
0.150267
0.031333
0.022205
0.047197
0.021018
0.028999
0.025039
0.013070
0.505896
0.029335
0.079059
0.012950
0.009676
0.041641
0.065708
0.052614
0.183634
0.016470
0.166012
0.073802
0.027020
0.030736
0.073569
0.049073
0.045997
0.061163
0.013633
0.083623
0.057311
0.556055
0.093528
0.118603
0.033864
0.044426
0.019749
0.043715
0.103419
0.240783
0.023853
0.083044
0.029781
0.090228
0.047077
0.160642
0.044934
0.029547
0.032919
0.034920
0.019883
0.533314
0.051204
0.063432
0.013652
0.019856
0.040810
0.047860
0.063690
0.169218
0.018481
0.171354
0.074449
0.024855
0.031902
0.075673
0.054354
0.036903
0.090721
0.059559
0.597281
0.087008
0.129538
0.057399
0.038341
0.061211
0.040245
0.059113
0.139881
0.032313
0.163543
0.073140
0.078290
0.031777
0.146968
0.058920
0.024534
0.020521
0.550116
0.028955
0.086211
0.028441
0.018767
0.073349
0.075115
0.027924
0.138399
0.033591
0.231058
0.116495
0.025298
0.046761
0.055874
0.075440
0.041639
0.523305
0.092182
0.082274
0.021545
0.037199
0.019308
0.030035
0.097690
0.224352
0.014788
0.083583
0.021012
0.068416
0.035508
0.141632
0.018098
0.509938
0.025191
0.080341
0.033383
0.024897
0.082255
0.115244
0.064594
0.189056
0.046674
0.248659
0.131935
0.017257
0.063815
0.036434
0.494509
0.028993
0.054636
0.014145
0.013334
0.060949
0.075451
0.048805
0.164305
0.024754
0.204845
0.097829
0.009348
0.041528
0.045669
0.514325
0.422804
0.488435
0.536063
0.512331
0.554304
0.628957
0.715028
0.520232
0.551241
0.521720
0.515196
0.600593
0.484528
0.124517
0.052433
0.021750
0.106052
0.132985
0.043674
0.143109
0.054640
0.282161
0.163921
0.032315
0.059094
0.044167
0.043745
0.089006
0.084109
0.107510
0.141776
0.257307
0.075737
0.208968
0.115492
0.058952
0.121153
0.092403
0.021543
0.027745
0.050737
0.073061
0.201152
0.013982
0.146310
0.059099
0.026696
0.037842
0.077415
0.054143
0.072235
0.039277
0.143614
0.016793
0.194175
0.092044
0.024275
0.020727
0.063630
0.051647
0.131789
0.257548
0.030175
0.087375
0.030114
0.090428
0.060054
0.154346
0.104034
0.214918
0.041768
0.104391
0.039969
0.097806
0.063297
0.180665
0.084095
0.063831
0.299753
0.176689
0.047273
0.051865
0.080777
0.179680
0.446623
0.313792
0.154868
0.143346
0.169156
0.129994
0.052003
0.039786
0.019609
0.097674
0.034832
0.250713
0.173476
0.352319
0.132840
0.084351
0.219692
0.051927
0.028620
0.117779
