0.022083
0.018022
0.014041
0.017983
0.022534
0.103682
0.560170
0.013232
0.009173
0.248575
0.013414
0.062561
0.015316
0.011076
0.016128
0.020567
0.009598
0.042246
0.032224
0.028298
0.027048
0.031361
0.029137
0.045657
0.042529
0.250066
0.027953
0.087226
0.037852
0.119306
0.027438
0.044234
0.152550
0.028476
0.016277
0.010367
0.018032
0.184112
0.033447
0.021279
0.215788
0.021730
0.024091
0.024384
0.017226
0.113744
0.057494
0.200688
0.234503
0.013720
0.022066
0.031828
0.018772
0.169525
0.547873
0.015323
0.023142
0.253057
0.022365
0.102122
0.039329
0.017434
0.020752
0.027052
0.028472
0.074024
0.043081
0.060153
0.057742
0.062084
0.049892
0.029242
0.033982
0.306565
0.048147
0.114055
0.073281
0.125409
0.049178
0.023656
0.152205
0.018803
0.016632
0.027177
0.029610
0.208986
0.024705
0.041814
0.257477
0.044039
0.014871
0.017395
0.013913
0.115190
0.038647
0.195110
0.306869
0.015226
0.019388
0.017011
0.154081
0.536709
0.011460
0.016814
0.269171
0.017077
0.099321
0.033941
0.011180
0.021319
0.016924
0.022046
0.054940
0.029340
0.049124
0.050529
0.050472
0.036843
0.028847
0.034752
0.284920
0.045148
0.101162
0.068480
0.131666
0.043863
0.021690
0.160187
0.020201
0.011212
0.022255
0.019974
0.218927
0.022808
0.027771
0.238926
0.035521
0.014580
0.010022
0.010898
0.119335
0.042072
0.204888
0.292802
0.024366
0.020564
0.132154
0.547827
0.011992
0.009924
0.249919
0.011481
0.093541
0.024665
0.009825
0.012814
0.021694
0.012232
0.033283
0.016064
0.027182
0.028241
0.035930
0.034111
0.028007
0.025256
0.243450
0.043606
0.087397
0.059478
0.128756
0.047707
0.028149
0.163718
0.023727
0.006634
0.015435
0.026474
0.187419
0.030415
0.023769
0.236865
0.016175
0.015719
0.013017
0.016353
0.118939
0.050779
0.198521
0.256786
0.030664
0.103876
0.524981
0.031188
0.021480
0.269297
0.022539
0.058564
0.020148
0.020247
0.026888
0.019079
0.023914
0.051487
0.038466
0.035237
0.034256
0.034643
0.034493
0.045609
0.055572
0.253000
0.036571
0.095110
0.039263
0.127443
0.026868
0.054240
0.166423
0.032571
0.021986
0.021061
0.016901
0.209422
0.037094
0.027957
0.172112
0.021590
0.032416
0.025347
0.025564
0.128819
0.059537
0.216491
0.242564
0.183903
0.586586
0.015113
0.018703
0.202856
0.015893
0.098878
0.034326
0.013810
0.031185
0.019920
0.026178
0.062267
0.038007
0.066687
0.064532
0.070282
0.047240
0.030794
0.021258
0.311350
0.051547
0.142242
0.066311
0.091064
0.059133
0.018426
0.116766
0.008826
0.015368
0.027830
0.031331
0.171289
0.012534
0.049074
0.294948
0.048046
0.016792
0.010050
0.013081
0.078166
0.030927
0.140660
0.331892
0.556865
0.147619
0.111715
0.385800
0.142635
0.055991
0.089387
0.131526
0.114076
0.129682
0.098079
0.104969
0.143154
0.069780
0.062111
0.053967
0.098600
0.198813
0.199902
0.152370
0.090853
0.074687
0.064119
0.246996
0.078070
0.231290
0.288465
0.176216
0.141829
0.093906
0.102976
0.248703
0.178298
0.080308
0.100255
0.088675
0.157098
0.171642
0.154624
0.273359
0.218947
0.381161
0.083870
0.561082
0.562113
0.820753
0.581838
0.581118
0.589172
0.564949
0.513530
0.557520
0.549878
0.539972
0.509144
0.501638
0.556129
0.560865
0.631066
0.509100
0.625479
0.526746
0.607627
0.514367
0.617223
0.756289
0.560293
0.540410
0.818299
0.581872
0.541767
0.584319
0.505848
0.717586
0.585897
0.538631
0.464151
0.508473
0.527766
0.568065
0.600654
0.772463
0.512931
0.827352
0.592861
0.011877
0.238274
0.013297
0.095990
0.031317
0.010796
0.019605
0.021687
0.015510
0.046304
0.029134
0.045259
0.042738
0.053683
0.036620
0.041047
0.025180
0.273479
0.042631
0.105239
0.060422
0.113977
0.049912
0.023057
0.138694
0.019724
0.011325
0.016893
0.027515
0.184725
0.022468
0.025763
0.269515
0.038581
0.013402
0.014826
0.013091
0.102624
0.048796
0.185594
0.293339
0.236890
0.012402
0.067951
0.015779
0.005861
0.014403
0.014438
0.007656
0.031516
0.025394
0.027551
0.024798
0.029911
0.022018
0.035848
0.026824
0.239909
0.028116
0.085825
0.037424
0.112167
0.032585
0.037793
0.144289
0.017956
0.010922
0.008829
0.018614
0.173797
0.024170
0.015705
0.227231
0.021208
0.017364
0.017674
0.014295
0.104350
0.051375
0.181894
0.251138
0.222790
0.266650
0.234586
0.244480
0.281606
0.252673
0.255607
0.286566
0.274951
0.305652
0.298744
0.303167
0.239157
0.256829
0.222499
0.529811
0.257822
0.380496
0.227060
0.060652
0.299152
0.250206
0.074240
0.217531
0.256076
0.242407
0.270005
0.087522
0.217658
0.299630
0.562986
0.280319
0.233806
0.233669
0.234455
0.083457
0.240584
0.064233
0.550629
0.082763
0.015693
0.009786
0.026460
0.026874
0.022546
0.041208
0.027386
0.037610
0.042193
0.046849
0.030405
0.037766
0.026683
0.280716
0.038271
0.109222
0.048058
0.100808
0.039055
0.034365
0.136081
0.024503
0.013564
0.017683
0.031512
0.181771
0.031138
0.032461
0.248314
0.029650
0.022269
0.017339
0.015323
0.093614
0.058338
0.178424
0.282929
0.036092
0.072747
0.077964
0.073626
0.060153
0.094999
0.118462
0.075062
0.054950
0.041459
0.055968
0.141130
0.125360
0.229971
0.033136
0.119249
0.020804
0.131357
0.035703
0.159341
0.159304
0.093617
0.089891
0.050164
0.065475
0.174283
0.090827
0.062536
0.154662
0.070496
0.090351
0.106405
0.089250
0.156956
0.130493
0.250158
0.180443
0.015929
0.031780
0.029199
0.020297
0.041950
0.045542
0.031527
0.026319
0.021153
0.016538
0.060135
0.048844
0.243688
0.016666
0.090017
0.018709
0.100119
0.016924
0.073427
0.136983
0.036289
0.027560
0.012027
0.030104
0.175801
0.041684
0.024435
0.189470
0.024094
0.036697
0.037226
0.026324
0.101619
0.078244
0.194934
0.220582
0.015453
0.012773
0.010204
0.036310
0.026329
0.036568
0.032036
0.034010
0.023385
0.033524
0.020810
0.255087
0.025473
0.097752
0.047330
0.113067
0.031361
0.031662
0.143830
0.013725
0.007319
0.010827
0.021404
0.187829
0.017513
0.019219
0.232867
0.025220
0.014349
0.014105
0.008468
0.103490
0.045048
0.185471
0.267556
0.022397
0.010182
0.048264
0.031110
0.030351
0.021739
0.032466
0.042382
0.036225
0.040171
0.234848
0.037492
0.076107
0.057633
0.151306
0.040931
0.038302
0.182036
0.026293
0.010681
0.016654
0.020970
0.200657
0.032075
0.021205
0.214828
0.017315
0.015778
0.026255
0.023803
0.148812
0.044107
0.232676
0.230025
0.014418
0.049266
0.043190
0.049459
0.034242
0.037638
0.028150
0.043744
0.029604
0.237857
0.027608
0.109880
0.050500
0.114162
0.036671
0.040035
0.142242
0.013723
0.013227
0.014220
0.018728
0.190542
0.015392
0.022906
0.223153
0.034154
0.019170
0.015543
0.013131
0.111682
0.042320
0.181630
0.269332
0.035369
0.030861
0.028076
0.016712
0.023939
0.026667
0.048267
0.036485
0.215917
0.024096
0.081104
0.038529
0.126641
0.035015
0.045705
0.155968
0.025867
0.013075
0.008167
0.019081
0.176933
0.027350
0.013268
0.211984
0.019496
0.019262
0.025615
0.018174
0.121431
0.051520
0.202799
0.220860
0.024271
0.028016
0.041088
0.040252
0.051299
0.073822
0.060707
0.165599
0.067019
0.089946
0.071704
0.168609
0.060458
0.077656
0.209982
0.064861
0.042426
0.042527
0.044126
0.196265
0.067338
0.032393
0.207609
0.039263
0.055050
0.051920
0.061925
0.164511
0.096699
0.243190
0.230707
0.027961
0.050875
0.057871
0.062288
0.031375
0.047937
0.232114
0.078243
0.096292
0.087601
0.162735
0.068705
0.033491
0.208457
0.046451
0.025214
0.042899
0.035497
0.206480
0.051146
0.036848
0.240122
0.026490
0.034950
0.029371
0.042901
0.153346
0.060356
0.233300
0.263983
0.023345
0.026944
0.051740
0.062052
0.075505
0.167572
0.055278
0.062064
0.053562
0.177721
0.038990
0.082202
0.225969
0.069077
0.036239
0.034555
0.037179
0.209577
0.078415
0.025362
0.160251
0.013986
0.052060
0.057764
0.057189
0.178943
0.098276
0.275869
0.178650
0.013464
0.029762
0.083427
0.059936
0.177456
0.025072
0.060229
0.036080
0.156059
0.031741
0.092724
0.191242
0.054782
0.031144
0.016505
0.040885
0.202772
0.062271
0.013078
0.160302
0.019993
0.049123
0.054545
0.044841
0.161413
0.101867
0.254798
0.164854
0.023277
0.082580
0.074121
0.180743
0.021995
0.053971
0.033055
0.156667
0.025738
0.104925
0.189138
0.061003
0.040012
0.019118
0.036971
0.200100
0.065117
0.018803
0.139541
0.022902
0.051079
0.057003
0.048226
0.164395
0.103703
0.259353
0.155306
0.075164
0.049119
0.245846
0.016297
0.084539
0.025095
0.096036
0.032559
0.084331
0.121103
0.039823
0.035538
0.015330
0.039868
0.179724
0.043091
0.021912
0.205617
0.040888
0.045242
0.040698
0.026936
0.094043
0.092061
0.185436
0.232640
0.050618
0.314671
0.091170
0.130254
0.107005
0.152120
0.086124
0.022478
0.194852
0.033920
0.028521
0.056937
0.039628
0.216569
0.043209
0.067768
0.280219
0.040108
0.027925
0.027588
0.036236
0.137695
0.029656
0.201587
0.330269
0.286580
0.053491
0.155022
0.085923
0.107610
0.074374
0.033372
0.127315
0.016983
0.019043
0.034186
0.063661
0.179451
0.023011
0.050799
0.315293
0.062315
0.026905
0.021559
0.022079
0.092226
0.060521
0.150586
0.339277
0.235701
0.207544
0.245435
0.416430
0.218988
0.331655
0.461248
0.297575
0.249065
0.237391
0.237571
0.356965
0.298516
0.193470
0.190276
0.216688
0.277245
0.292189
0.295823
0.434585
0.323965
0.507692
0.187949
0.096598
0.025005
0.107748
0.017701
0.094930
0.131359
0.040824
0.036958
0.013458
0.043625
0.186271
0.041722
0.023489
0.187248
0.046201
0.044253
0.051720
0.031456
0.115156
0.091872
0.207755
0.209846
0.100623
0.243686
0.085816
0.162432
0.288828
0.132939
0.096930
0.081540
0.080668
0.276179
0.147302
0.061053
0.140148
0.066502
0.113281
0.119956
0.114112
0.255536
0.174883
0.363550
0.117848
0.095779
0.032097
0.120020
0.123729
0.064039
0.061409
0.026587
0.048360
0.159099
0.067009
0.039786
0.181102
0.049145
0.067428
0.070732
0.054647
0.104526
0.112757
0.194652
0.208463
0.143476
0.145555
0.020825
0.093515
0.126018
0.105440
0.141012
0.087163
0.095832
0.149176
0.396299
0.153688
0.115400
0.110283
0.101718
0.021754
0.142733
0.063542
0.415314
0.098894
0.181011
0.054783
0.043176
0.024044
0.034492
0.230354
0.058954
0.025161
0.143822
0.040295
0.055794
0.057074
0.044159
0.149878
0.101921
0.252938
0.199810
0.171848
0.027089
0.024613
0.056243
0.046501
0.214233
0.028225
0.069905
0.338388
0.064350
0.021562
0.018418
0.029377
0.124596
0.023712
0.185272
0.378361
0.116965
0.158089
0.132838
0.175516
0.094059
0.112396
0.181454
0.458710
0.199389
0.138299
0.136182
0.126274
0.030278
0.167164
0.059507
0.465331
0.013342
0.023291
0.032105
0.176727
0.008112
0.041187
0.279812
0.047541
0.013236
0.010916
0.013369
0.086128
0.033146
0.147978
0.325200
0.015490
0.024809
0.194170
0.020993
0.023882
0.239027
0.024049
0.010096
0.011361
0.011770
0.120241
0.041421
0.198323
0.267045
0.023776
0.174313
0.028020
0.012729
0.206157
0.024213
0.021625
0.022660
0.014416
0.106515
0.066706
0.191172
0.227845
0.202422
0.031343
0.026693
0.192500
0.028269
0.025111
0.026244
0.028799
0.139939
0.039879
0.218199
0.239670
0.175721
0.216408
0.443478
0.199485
0.171733
0.192172
0.193202
0.122091
0.192789
0.133731
0.389963
0.045297
0.288725
0.058112
0.014523
0.014943
0.016743
0.088118
0.026433
0.150512
0.332913
0.172109
0.025536
0.035391
0.037096
0.029844
0.145112
0.086300
0.241376
0.202307
0.175326
0.265895
0.267498
0.259821
0.422540
0.319531
0.537298
0.132604
0.036161
0.039910
0.039192
0.154137
0.070897
0.243275
0.200055
0.013420
0.016473
0.111937
0.026749
0.184742
0.300472
0.011505
0.098855
0.038904
0.164234
0.318768
0.087706
0.044864
0.166015
0.294936
0.134233
0.037228
0.454927
0.185571
0.364350
0.565464
