0.635551
0.673778
0.740216
0.785355
0.797142
0.795409
0.637802
0.784602
0.660287
0.702446
0.733258
0.813254
0.616884
0.666095
0.836701
0.824080
0.645624
0.726485
0.819579
0.610751
0.648091
0.799657
0.656938
0.812742
0.783182
0.756499
0.686579
0.685776
0.694531
0.732779
0.653120
0.784514
0.829524
0.812649
0.733505
0.769631
0.687959
0.733341
0.796784
0.512264
0.657639
0.771703
0.693069
0.805349
0.831282
0.752247
0.768116
0.778320
0.620174
0.400842
0.581557
0.564898
0.694474
0.590730
0.406134
0.556188
0.466334
0.633459
0.622369
0.781605
0.397720
0.415645
0.552380
0.662614
0.379132
0.555724
0.678352
0.501603
0.357414
0.497764
0.670823
0.559913
0.584500
0.574530
0.553226
0.462209
0.721690
0.449757
0.539428
0.534156
0.650888
0.637731
0.558445
0.586176
0.443048
0.580740
0.574168
0.532368
0.609126
0.556306
0.448323
0.559761
0.563816
0.643161
0.670100
0.562948
0.397522
0.556358
0.624024
0.593807
0.524784
0.410569
0.563046
0.452048
0.644731
0.704901
0.745027
0.302428
0.441943
0.621754
0.643341
0.477013
0.606635
0.631412
0.543027
0.390560
0.540532
0.653364
0.635659
0.570171
0.547924
0.535015
0.584891
0.626877
0.429786
0.576237
0.482647
0.605319
0.575055
0.572760
0.644620
0.514126
0.540518
0.541096
0.580109
0.662872
0.539580
0.486785
0.552533
0.539495
0.697205
0.562593
0.588754
0.478933
0.670309
0.757914
0.555249
0.635538
0.749446
0.506233
0.791017
0.677920
0.843071
0.626778
0.473708
0.731268
0.504694
0.610035
0.742343
0.637913
0.590430
0.546549
0.674296
0.661973
0.622027
0.639894
0.704564
0.609284
0.525024
0.719490
0.671527
0.517170
0.621224
0.716313
0.648979
0.713428
0.624929
0.728309
0.658774
0.706047
0.502910
0.599380
0.600599
0.623729
0.706855
0.693558
0.709183
0.713755
0.575497
0.669694
0.661123
0.657095
0.442333
0.644140
0.499284
0.709026
0.668281
0.854767
0.653435
0.702504
0.576507
0.739514
0.579373
0.512591
0.689192
0.688098
0.731507
0.521726
0.668699
0.693406
0.534357
0.590491
0.654193
0.488149
0.814750
0.481989
0.644940
0.541923
0.745708
0.743466
0.531914
0.594759
0.624145
0.625689
0.582502
0.561925
0.670101
0.621293
0.486448
0.546302
0.592692
0.668486
0.841371
0.605085
0.613135
0.678306
0.591267
0.722289
0.646845
0.755159
0.645121
0.898201
0.571354
0.645935
0.691696
0.787853
0.657000
0.617517
0.775933
0.691929
0.711394
0.632060
0.668714
0.781727
0.735340
0.622241
0.619184
0.644059
0.746965
0.567530
0.652216
0.610677
0.698846
0.701173
0.629550
0.585278
0.654786
0.664492
0.657396
0.658456
0.665208
0.580903
0.630822
0.657025
0.546910
0.743195
0.614672
0.616551
0.642905
0.527920
0.647514
0.538864
0.713738
0.739738
0.819474
0.526382
0.575047
0.641546
0.690209
0.490829
0.601192
0.748302
0.561425
0.615674
0.589142
0.618674
0.664478
0.682435
0.610077
0.645275
0.601011
0.728292
0.575802
0.565036
0.341274
0.733982
0.719268
0.616859
0.562201
0.534381
0.672369
0.605350
0.656039
0.644149
0.658450
0.583772
0.532076
0.669475
0.790066
0.570195
0.459783
0.549754
0.452003
0.378468
0.541859
0.619270
0.774897
0.420411
0.460735
0.469723
0.621527
0.368542
0.567720
0.621565
0.493896
0.496294
0.469416
0.543154
0.643645
0.460115
0.439528
0.538853
0.434652
0.697054
0.283609
0.539737
0.453203
0.631329
0.598791
0.525531
0.529777
0.363285
0.496766
0.524260
0.478956
0.606023
0.640866
0.363996
0.458158
0.534348
0.635868
0.713541
0.468153
0.313168
0.530973
0.699706
0.780333
0.791821
0.621089
0.721820
0.544146
0.742325
0.517604
0.638260
0.719157
0.698215
0.642347
0.600819
0.637891
0.708403
0.573979
0.606638
0.685964
0.525095
0.739457
0.521049
0.675840
0.526251
0.752014
0.681951
0.625789
0.663976
0.544448
0.658753
0.660386
0.642269
0.858082
0.703259
0.520483
0.613109
0.564002
0.745422
0.723622
0.607065
0.611244
0.560947
0.654727
0.769559
0.508416
0.505843
0.503337
0.483108
0.405344
0.546135
0.560556
0.523205
0.552962
0.495271
0.561487
0.592464
0.419349
0.513156
0.514477
0.391802
0.622828
0.419289
0.470397
0.533474
0.580334
0.543606
0.482301
0.546877
0.474919
0.567953
0.582870
0.485780
0.578219
0.587887
0.324121
0.522890
0.549630
0.634227
0.656656
0.515300
0.453494
0.615017
0.872010
0.698978
0.644340
0.693864
0.791065
0.629199
0.763210
0.801550
0.731505
0.659851
0.664817
0.664472
0.740319
0.647091
0.579397
0.639323
0.617729
0.767914
0.570676
0.663778
0.719511
0.758745
0.763088
0.729365
0.727555
0.661529
0.699205
0.753523
0.737813
0.784970
0.786810
0.614811
0.728691
0.714694
0.761768
0.808681
0.638059
0.655472
0.916679
0.682474
0.645934
0.756466
0.750723
0.677789
0.594204
0.746657
0.649155
0.661954
0.666487
0.571854
0.772387
0.746367
0.627390
0.603477
0.672120
0.864270
0.573281
0.684557
0.726370
0.772703
0.720829
0.649797
0.597782
0.766126
0.723376
0.799246
0.644933
0.613923
0.562599
0.699644
0.751553
0.709474
0.576870
0.756105
0.642849
0.679015
0.673656
0.826222
0.680631
0.825246
0.717468
0.828843
0.805706
0.713166
0.741740
0.742496
0.857915
0.726491
0.691208
0.785853
0.856272
0.760276
0.506922
0.751251
0.805267
0.754954
0.793604
0.804342
0.810635
0.868180
0.750793
0.669604
0.839278
0.759588
0.879666
0.812906
0.776358
0.837566
0.838516
0.876182
0.759712
0.799940
0.721549
0.442856
0.621169
0.711564
0.478944
0.609121
0.674539
0.543938
0.272673
0.535794
0.675753
0.652076
0.621132
0.589398
0.546256
0.610777
0.648042
0.445967
0.601703
0.434978
0.582921
0.649072
0.605459
0.619932
0.449430
0.576704
0.471591
0.555756
0.624351
0.592206
0.511314
0.658318
0.568998
0.723002
0.498982
0.639576
0.380917
0.672240
0.581417
0.531024
0.659560
0.715036
0.528283
0.348715
0.622616
0.624130
0.640760
0.709872
0.638321
0.554031
0.634382
0.666788
0.560464
0.480196
0.626210
0.688308
0.662300
0.643095
0.619045
0.627857
0.654470
0.645630
0.598979
0.591686
0.593342
0.649165
0.641765
0.674957
0.729853
0.698125
0.573860
0.513914
0.652815
0.536923
0.577603
0.589686
0.625315
0.669645
0.463440
0.559022
0.532510
0.323758
0.518362
0.680533
0.444897
0.693736
0.421134
0.616961
0.582477
0.673035
0.677882
0.505931
0.552721
0.597959
0.429317
0.603541
0.691502
0.711564
0.675704
0.483544
0.451909
0.572869
0.650611
0.775232
0.530314
0.620122
0.617880
0.679419
0.543526
0.628744
0.718612
0.669142
0.703482
0.585379
0.551686
0.764265
0.608766
0.634530
0.649068
0.656835
0.572005
0.729268
0.749265
0.591989
0.604740
0.662058
0.681142
0.690785
0.724193
0.537753
0.734186
0.629680
0.566118
0.690757
0.734385
0.640020
0.740852
0.647209
0.722458
0.574564
0.579372
0.472391
0.555481
0.494437
0.598556
0.608667
0.519871
0.552098
0.565220
0.452624
0.656925
0.410635
0.552757
0.487085
0.609490
0.546123
0.511506
0.534957
0.316069
0.592370
0.599595
0.488216
0.626277
0.597499
0.417006
0.526188
0.566465
0.685585
0.683039
0.559535
0.380446
0.657958
0.524814
0.642513
0.514580
0.595917
0.662155
0.626228
0.626563
0.583487
0.554507
0.785749
0.486713
0.601175
0.631090
0.800714
0.711594
0.358537
0.551338
0.646407
0.667879
0.658440
0.634717
0.618610
0.477773
0.546476
0.527888
0.622223
0.665998
0.700399
0.566241
0.620364
0.663891
0.653648
0.686945
0.655756
0.638791
0.631974
0.799690
0.585991
0.703696
0.669383
0.643562
0.712667
0.645388
0.771827
0.616496
0.635753
0.737592
0.700414
0.721189
0.783118
0.570571
0.740632
0.665380
0.580713
0.645006
0.693472
0.696303
0.798078
0.709895
0.646965
0.584258
0.560252
0.613924
0.667942
0.652689
0.629469
0.568981
0.536072
0.656044
0.508907
0.351397
0.574972
0.707960
0.659889
0.466556
0.603890
0.564454
0.659023
0.688417
0.578608
0.568544
0.575810
0.539621
0.599784
0.708990
0.667719
0.706769
0.599032
0.463054
0.645807
0.670350
0.656240
0.664080
0.645547
0.569909
0.616861
0.710665
0.604474
0.624707
0.553037
0.673350
0.662529
0.645777
0.638632
0.608357
0.663038
0.590576
0.616208
0.673476
0.668859
0.601298
0.713709
0.663038
0.732541
0.568119
0.663626
0.504170
0.610696
0.563320
0.547795
0.446719
0.615233
0.390481
0.710126
0.300350
0.552246
0.503832
0.629157
0.611243
0.540289
0.511555
0.477557
0.559823
0.607165
0.603075
0.664483
0.550504
0.399850
0.523698
0.567087
0.642529
0.762337
0.486469
0.550944
0.663830
0.615260
0.585035
0.657090
0.528692
0.793870
0.561975
0.504449
0.631521
0.655275
0.733627
0.535526
0.565082
0.633717
0.682132
0.684736
0.657396
0.646690
0.676955
0.609212
0.516313
0.633011
0.718724
0.780935
0.552608
0.690800
0.498339
0.598968
0.643688
0.511410
0.730508
0.589486
0.601745
0.658126
0.718023
0.569768
0.622107
0.564994
0.578585
0.584140
0.511543
0.565303
0.743809
0.564104
0.574586
0.556306
0.663111
0.674890
0.762481
0.552915
0.612992
0.524475
0.653537
0.422901
0.722100
0.492638
0.596387
0.604987
0.627460
0.658118
0.552253
0.624364
0.545145
0.465026
0.623912
0.572193
0.761513
0.708962
0.466788
0.516580
0.615077
0.615479
0.742842
0.576870
0.553455
0.668067
0.412939
0.751466
0.399589
0.583588
0.613709
0.557001
0.635725
0.587319
0.429857
0.536635
0.495939
0.540889
0.655171
0.692830
0.714571
0.547113
0.542626
0.587502
0.718696
0.754213
0.456097
0.517411
0.557378
0.795828
0.509488
0.495188
0.655197
0.659934
0.707487
0.609777
0.524860
0.686277
0.640887
0.637142
0.599870
0.587099
0.559795
0.566284
0.629387
0.701159
0.545737
0.728018
0.515873
0.532139
0.717001
0.400037
0.410806
0.564607
0.537437
0.693960
0.526185
0.413404
0.483716
0.503278
0.570808
0.503195
0.621758
0.656329
0.363775
0.500291
0.535916
0.582248
0.785506
0.404878
0.512761
0.716938
0.683080
0.738910
0.797476
0.652539
0.736663
0.783551
0.732981
0.700121
0.787175
0.703083
0.852580
0.772559
0.730075
0.777710
0.776731
0.840571
0.758424
0.725450
0.699117
0.524768
0.450410
0.615919
0.626178
0.458692
0.455604
0.436460
0.477473
0.502194
0.565566
0.620263
0.572273
0.392088
0.429473
0.503665
0.566341
0.738876
0.481634
0.415865
0.643177
0.616067
0.723147
0.553801
0.536033
0.627079
0.607887
0.664226
0.639109
0.549091
0.576050
0.608391
0.591301
0.672971
0.619317
0.754170
0.478050
0.560010
0.643962
0.618379
0.577623
0.641864
0.440714
0.576448
0.531655
0.525338
0.681243
0.663343
0.436052
0.556712
0.546939
0.755615
0.648716
0.632298
0.467209
0.760736
0.618886
0.659998
0.600580
0.606997
0.631703
0.740383
0.761217
0.741616
0.651111
0.691205
0.642960
0.768095
0.672457
0.581286
0.614756
0.651899
0.686953
0.536765
0.728122
0.727161
0.453354
0.816157
0.652303
0.503148
0.738566
0.721498
0.751603
0.725823
0.737506
0.618648
0.525981
0.565746
0.557795
0.589621
0.638914
0.617730
0.556149
0.498493
0.535876
0.602035
0.703183
0.681928
0.501857
0.594475
0.585188
0.645146
0.539710
0.627091
0.660204
0.657624
0.612585
0.609305
0.697412
0.679417
0.686298
0.353866
0.549336
0.629733
0.555089
0.457196
0.730096
0.659612
0.385858
0.523258
0.539007
0.741794
0.644384
0.561507
0.348615
0.500858
0.615940
0.689121
0.691500
0.561861
0.603804
0.536983
0.712058
0.797038
0.531613
0.568708
0.640939
0.730093
0.715073
0.573578
0.531194
0.523177
0.738927
0.740117
0.584284
0.544528
0.664160
0.578404
0.391456
0.717888
0.668441
0.656563
0.728231
0.695234
0.475471
0.579940
0.621396
0.685351
0.745184
0.626399
0.798413
0.633342
0.650657
0.611834
0.638219
0.602637
0.613298
0.691730
0.642380
0.669400
0.501173
0.463169
0.594034
0.704690
0.590820
0.472277
0.495923
0.659332
0.827297
0.547449
0.609819
0.727991
0.738692
0.616587
0.585338
0.850346
0.665110
0.712835
0.644200
0.650567
0.510326
