0.520771
0.606891
0.629137
0.637654
0.607226
0.603279
0.677748
0.493675
0.586417
0.592759
0.631335
0.656652
0.487270
0.586593
0.493281
0.465300
0.509983
0.661977
0.582117
0.604561
0.552416
0.629039
0.769450
0.526822
0.525638
0.610845
0.548588
0.518727
0.598566
0.656828
0.537899
0.726269
0.511742
0.717589
0.462370
0.639978
0.485537
0.609322
0.655242
0.531246
0.673787
0.722527
0.584382
0.538582
0.696850
0.661136
0.538813
0.567054
0.487077
0.562703
0.532511
0.789614
0.541386
0.599626
0.584600
0.386075
0.509410
0.475611
0.531333
0.632855
0.484155
0.786886
0.458744
0.268985
0.519695
0.620518
0.554070
0.505162
0.473176
0.519906
0.635252
0.392425
0.551895
0.518714
0.442743
0.444878
0.566320
0.556749
0.302281
0.698554
0.387664
0.604798
0.358333
0.640535
0.537682
0.514552
0.648437
0.488885
0.652639
0.640336
0.501240
0.397416
0.717410
0.524789
0.527467
0.521146
0.394194
0.707742
0.680833
0.651515
0.673046
0.760332
0.482810
0.568774
0.653092
0.685090
0.654310
0.637546
0.489395
0.641028
0.467313
0.617114
0.711307
0.633422
0.585778
0.630397
0.756542
0.657666
0.552082
0.536365
0.582127
0.504547
0.473146
0.699571
0.741462
0.565382
0.723222
0.577896
0.774721
0.464965
0.642654
0.605224
0.711943
0.576884
0.624804
0.609402
0.688154
0.650640
0.489974
0.619570
0.648012
0.666868
0.626051
0.493789
0.830899
0.694342
0.671010
0.785129
0.555278
0.714776
0.624723
0.576435
0.815359
0.534413
0.860876
0.546294
0.519976
0.543643
0.700045
0.640697
0.742812
0.573619
0.636798
0.740539
0.496977
0.677667
0.589497
0.615386
0.608356
0.607801
0.464154
0.552391
0.824915
0.598634
0.801460
0.508413
0.720860
0.581558
0.596756
0.759638
0.632777
0.772447
0.717951
0.597448
0.560896
0.829913
0.714361
0.573126
0.654571
0.582020
0.695906
0.744030
0.712800
0.690372
0.840246
0.733783
0.770688
0.737425
0.754730
0.622531
0.734840
0.733648
0.645320
0.575042
0.818416
0.774383
0.738786
0.892511
0.849812
0.758663
0.627990
0.733640
0.763847
0.596810
0.779432
0.861643
0.758692
0.693587
0.631251
0.833211
0.738841
0.691544
0.744028
0.785858
0.675447
0.531699
0.717831
0.751553
0.810240
0.709463
0.682469
0.758622
0.816376
0.634809
0.701169
0.633493
0.744698
0.571654
0.604621
0.673223
0.566974
0.690797
0.580563
0.787398
0.536703
0.476995
0.516562
0.700160
0.574872
0.697429
0.627627
0.693102
0.786303
0.599661
0.507084
0.632246
0.605544
0.517863
0.717064
0.711401
0.497878
0.811206
0.524209
0.821929
0.492266
0.515968
0.584194
0.708715
0.431671
0.474152
0.463287
0.611620
0.637584
0.512473
0.500839
0.831214
0.623661
0.542385
0.451162
0.723561
0.556429
0.698883
0.586465
0.489684
0.763798
0.397562
0.758068
0.578745
0.489115
0.610380
0.599246
0.748369
0.724098
0.524029
0.790196
0.761431
0.550349
0.517244
0.624606
0.609572
0.573322
0.749686
0.728426
0.522236
0.770099
0.571907
0.836789
0.593808
0.581769
0.647512
0.660121
0.622583
0.544278
0.605821
0.694551
0.692297
0.542859
0.740092
0.712321
0.696018
0.623864
0.529266
0.636505
0.629781
0.411323
0.749531
0.824060
0.755120
0.743758
0.629182
0.609372
0.641608
0.652301
0.780046
0.672028
0.749162
0.756356
0.538266
0.616967
0.699073
0.717534
0.596816
0.524201
0.744244
0.779673
0.595313
0.400768
0.536683
0.553168
0.645621
0.721956
0.704848
0.748604
0.746942
0.623628
0.783775
0.700710
0.620079
0.637280
0.802993
0.757532
0.683264
0.664871
0.619964
0.570090
0.479432
0.456318
0.569831
0.468344
0.675650
0.370164
0.191935
0.428258
0.642579
0.515146
0.463160
0.514624
0.574867
0.642661
0.226407
0.484734
0.484013
0.353906
0.407927
0.542334
0.606674
0.415209
0.668381
0.464110
0.621937
0.250525
0.559112
0.517466
0.520587
0.578827
0.468873
0.651157
0.625023
0.490565
0.330447
0.721049
0.639581
0.473548
0.542171
0.312724
0.468900
0.730905
0.734742
0.660018
0.693651
0.549706
0.481367
0.639749
0.782921
0.469525
0.617521
0.700750
0.617254
0.621815
0.535865
0.612733
0.633944
0.472504
0.561012
0.474559
0.672418
0.520188
0.675802
0.479891
0.680416
0.490530
0.698892
0.694564
0.528546
0.710272
0.638161
0.700693
0.728838
0.649474
0.597133
0.755441
0.756154
0.456413
0.666225
0.488008
0.604446
0.788334
0.606034
0.667974
0.526162
0.454846
0.445730
0.593950
0.666500
0.501403
0.606275
0.629783
0.674064
0.477098
0.614928
0.642358
0.501072
0.566861
0.526996
0.664013
0.416683
0.492877
0.428256
0.735705
0.522088
0.655092
0.639625
0.604153
0.686383
0.611183
0.711537
0.704568
0.623397
0.512403
0.833073
0.587928
0.543400
0.652827
0.515276
0.712708
0.486018
0.812442
0.499379
0.450185
0.468669
0.677156
0.706917
0.672786
0.389958
0.687026
0.771289
0.467525
0.531506
0.495280
0.618204
0.521295
0.616653
0.635142
0.474579
0.769078
0.550396
0.821568
0.455517
0.589670
0.621564
0.694543
0.535588
0.568879
0.589603
0.664011
0.669277
0.430857
0.695061
0.634999
0.602635
0.591147
0.453667
0.736100
0.631541
0.649891
0.562799
0.711483
0.723156
0.587976
0.676398
0.746036
0.792532
0.810806
0.603754
0.650503
0.526267
0.699365
0.580491
0.841956
0.768228
0.704749
0.783600
0.680134
0.695022
0.594380
0.765271
0.726658
0.712700
0.712245
0.657466
0.697536
0.769716
0.640888
0.620533
0.797105
0.721494
0.721689
0.651742
0.543168
0.782330
0.517227
0.439701
0.548593
0.712814
0.622588
0.729500
0.405926
0.714949
0.707327
0.492168
0.516064
0.557299
0.586421
0.553169
0.653367
0.577009
0.426613
0.716703
0.535229
0.723296
0.510813
0.585713
0.461002
0.544739
0.604556
0.547760
0.664321
0.757796
0.660062
0.494770
0.761313
0.551201
0.580071
0.561593
0.512005
0.778625
0.672359
0.642722
0.699121
0.775207
0.692442
0.806863
0.916002
0.703860
0.724629
0.568034
0.719208
0.665743
0.642115
0.855789
0.818671
0.736829
0.672300
0.646524
0.798336
0.683626
0.705839
0.683641
0.798757
0.771401
0.603792
0.682092
0.622460
0.689473
0.674067
0.738908
0.780249
0.863882
0.739286
0.651787
0.370756
0.381406
0.641590
0.539925
0.510594
0.506313
0.302432
0.672623
0.366817
0.506752
0.526137
0.425109
0.457901
0.451611
0.581409
0.476338
0.611612
0.468715
0.630263
0.401118
0.592057
0.511756
0.470942
0.566242
0.452215
0.620270
0.671704
0.492171
0.434489
0.669187
0.765871
0.311401
0.444970
0.371321
0.442930
0.629785
0.503692
0.502069
0.485545
0.569290
0.631858
0.262038
0.458012
0.467990
0.325320
0.388387
0.538687
0.588573
0.342162
0.716630
0.400222
0.612902
0.217103
0.578065
0.468325
0.517317
0.560918
0.452553
0.596076
0.626161
0.424574
0.310446
0.702021
0.640658
0.498316
0.469649
0.251865
0.631684
0.609488
0.608917
0.434305
0.515500
0.743581
0.468933
0.525341
0.445905
0.552433
0.537849
0.525312
0.605155
0.436482
0.683679
0.519254
0.748706
0.442294
0.581836
0.442872
0.610351
0.546720
0.494407
0.654299
0.630690
0.598592
0.452548
0.691482
0.617551
0.410026
0.468969
0.443293
0.776716
0.693846
0.714363
0.792191
0.766164
0.666918
0.647002
0.707092
0.654095
0.547811
0.790659
0.748049
0.582465
0.724191
0.527434
0.810097
0.649191
0.676406
0.668830
0.713153
0.755821
0.480420
0.751420
0.631442
0.588841
0.601808
0.759246
0.699501
0.718050
0.552718
0.620364
0.683308
0.692586
0.614260
0.736844
0.542550
0.604593
0.523379
0.537224
0.561852
0.606811
0.611473
0.573442
0.730294
0.520450
0.704545
0.458518
0.807714
0.643199
0.418812
0.685665
0.652997
0.771538
0.711257
0.639966
0.601054
0.819382
0.771066
0.427324
0.595983
0.453506
0.703152
0.685279
0.664418
0.350018
0.694993
0.594250
0.440900
0.562212
0.633508
0.728956
0.536681
0.709037
0.494087
0.645973
0.534374
0.715840
0.626058
0.656440
0.680334
0.552480
0.723369
0.730217
0.587590
0.598919
0.719156
0.724652
0.639395
0.617390
0.487128
0.647574
0.790995
0.482730
0.552717
0.471982
0.652412
0.543235
0.514153
0.648627
0.438296
0.753806
0.514192
0.792035
0.505766
0.609512
0.444042
0.650769
0.649449
0.606213
0.682594
0.737011
0.711268
0.450279
0.746571
0.502632
0.528325
0.484899
0.543414
0.789106
0.578089
0.729173
0.658374
0.564562
0.676477
0.453922
0.717171
0.595374
0.773733
0.663201
0.764362
0.592281
0.794057
0.639390
0.623526
0.800464
0.690169
0.810941
0.744488
0.663942
0.601610
0.814632
0.797780
0.390352
0.648796
0.613880
0.602879
0.734686
0.755356
0.578518
0.624090
0.747225
0.620050
0.597676
0.539131
0.607515
0.567215
0.638905
0.747264
0.735927
0.622342
0.829582
0.607813
0.736699
0.656068
0.574416
0.677373
0.879554
0.865771
0.733329
0.753987
0.650306
0.528538
0.443042
0.372956
0.438964
0.480213
0.622455
0.373232
0.673095
0.447447
0.570807
0.339886
0.579644
0.527218
0.525011
0.667972
0.474773
0.664466
0.623477
0.510831
0.394474
0.738296
0.648812
0.483784
0.531541
0.333409
0.610754
0.521076
0.452366
0.637438
0.714512
0.527379
0.710828
0.536708
0.758071
0.449227
0.469576
0.592143
0.661794
0.512627
0.543768
0.571077
0.628211
0.681279
0.424294
0.583821
0.712172
0.595434
0.590735
0.487780
0.594504
0.500219
0.597116
0.566619
0.558508
0.719839
0.548028
0.667795
0.455963
0.710158
0.589922
0.590545
0.636905
0.605734
0.736457
0.773706
0.618970
0.505933
0.744093
0.591043
0.521848
0.518820
0.460611
0.306183
0.553730
0.660839
0.455113
0.704760
0.463789
0.668985
0.310180
0.653126
0.615235
0.596115
0.679904
0.510194
0.725168
0.640299
0.414236
0.508735
0.756180
0.729114
0.509438
0.552996
0.374815
0.627315
0.619059
0.455175
0.601132
0.426366
0.581539
0.368504
0.537261
0.585798
0.631651
0.538474
0.492770
0.598892
0.667166
0.527057
0.449826
0.602212
0.627127
0.529012
0.469708
0.386344
0.690122
0.537186
0.740242
0.550518
0.807477
0.526015
0.722047
0.613923
0.636681
0.745206
0.677210
0.823512
0.776078
0.725500
0.595738
0.790666
0.596481
0.353092
0.668194
0.582081
0.608409
0.677625
0.535027
0.609150
0.544903
0.799113
0.628483
0.510934
0.710110
0.632544
0.750165
0.828083
0.492087
0.599581
0.857243
0.752589
0.546147
0.565586
0.605927
0.699278
0.325933
0.685394
0.422835
0.469341
0.434398
0.575591
0.574233
0.493004
0.545292
0.590694
0.594257
0.421745
0.679427
0.491478
0.553375
0.527878
0.424907
0.581981
0.633692
0.712671
0.741662
0.807428
0.648492
0.725865
0.609086
0.715085
0.801979
0.732724
0.655064
0.796695
0.773160
0.674275
0.714619
0.672364
0.637352
0.443094
0.562336
0.555007
0.480151
0.543281
0.409680
0.573564
0.593777
0.543729
0.442108
0.646311
0.586409
0.515378
0.437840
0.416774
0.636089
0.813531
0.724877
0.656614
0.844539
0.655429
0.822871
0.850567
0.618197
0.666979
0.894703
0.837001
0.719597
0.652268
0.619762
0.573273
0.488153
0.516853
0.562886
0.482246
0.614059
0.615646
0.479086
0.371993
0.699168
0.649085
0.434851
0.526318
0.286718
0.569353
0.740489
0.561024
0.610060
0.482002
0.680867
0.783270
0.550626
0.581432
0.765135
0.749724
0.610844
0.588469
0.651742
0.639802
0.578157
0.682841
0.679407
0.564102
0.497944
0.712915
0.594532
0.567674
0.468689
0.518928
0.740074
0.555855
0.734088
0.767274
0.621991
0.602963
0.854381
0.767396
0.527741
0.656133
0.538082
0.626315
0.480874
0.817265
0.803375
0.547496
0.370344
0.694443
0.657570
0.670807
0.528797
0.546057
0.459892
0.480132
0.420753
0.627021
0.770404
0.539781
0.471909
0.406785
0.705077
0.767121
0.564782
0.395596
0.792060
0.770672
0.688982
0.573464
0.644819
0.596322
0.838218
0.819241
0.702117
0.714023
0.646459
0.559721
0.827080
0.832240
0.615045
0.514698
0.460844
0.625707
0.639219
0.550699
0.468139
0.386964
0.798722
0.770140
0.693571
0.626834
0.656988
0.703510
0.718919
0.554926
0.491247
0.441093
