0.668878
0.596421
0.459265
0.649800
0.592042
0.582955
0.574559
0.417988
0.543140
0.691462
0.630726
0.499442
0.639334
0.547978
0.479396
0.522784
0.543780
0.562374
0.407228
0.356698
0.418664
0.592061
0.476050
0.467992
0.649859
0.583779
0.662943
0.573842
0.549495
0.465000
0.586848
0.506018
0.574419
0.615070
0.485693
0.433894
0.694983
0.437260
0.762117
0.573365
0.570135
0.636007
0.549117
0.567080
0.589805
0.633412
0.571827
0.500486
0.637287
0.855264
0.621285
0.810110
0.782940
0.795853
0.793134
0.646208
0.668034
0.811122
0.799006
0.724728
0.663573
0.676071
0.731065
0.738947
0.633797
0.692187
0.598693
0.674416
0.679183
0.712259
0.701647
0.761947
0.801717
0.697757
0.722777
0.763810
0.756135
0.615628
0.428159
0.774006
0.739066
0.719351
0.803071
0.604506
0.713229
0.687299
0.913932
0.791066
0.861677
0.694323
0.783518
0.786458
0.890907
0.695339
0.739232
0.843858
0.710109
0.583076
0.658723
0.510116
0.692893
0.600436
0.660409
0.611335
0.735438
0.798434
0.585492
0.710580
0.487312
0.646272
0.710903
0.714316
0.549145
0.526122
0.514016
0.535395
0.793221
0.618380
0.546328
0.556609
0.620673
0.640205
0.521617
0.731296
0.627941
0.747262
0.636996
0.739347
0.681173
0.652699
0.605782
0.627735
0.704501
0.717285
0.664077
0.583413
0.688450
0.695489
0.682031
0.709230
0.681800
0.366692
0.575941
0.710548
0.647694
0.554271
0.583849
0.543010
0.485389
0.509763
0.674839
0.641759
0.404903
0.501598
0.529104
0.510758
0.601978
0.464989
0.534164
0.353926
0.318507
0.423971
0.705183
0.381320
0.488836
0.557064
0.584182
0.539201
0.535517
0.535932
0.420550
0.537026
0.462643
0.657121
0.527631
0.627286
0.309586
0.492245
0.504922
0.740502
0.604887
0.535953
0.658500
0.578047
0.705807
0.685804
0.513800
0.516306
0.602218
0.613978
0.392620
0.699915
0.665237
0.648255
0.672831
0.718248
0.823199
0.641342
0.494577
0.567489
0.657362
0.764657
0.698973
0.670132
0.543435
0.607415
0.770650
0.839651
0.579151
0.346480
0.686873
0.738175
0.699258
0.617008
0.639342
0.628232
0.756243
0.689208
0.770334
0.663912
0.653456
0.666869
0.641304
0.601170
0.689346
0.742144
0.653808
0.765077
0.704800
0.740530
0.697363
0.564634
0.643590
0.714118
0.606390
0.625420
0.539502
0.532529
0.567548
0.701256
0.694135
0.528326
0.419231
0.452041
0.592242
0.656401
0.591476
0.385400
0.541992
0.509878
0.571659
0.770916
0.462296
0.379277
0.527756
0.635602
0.640968
0.444928
0.601784
0.562247
0.746949
0.567428
0.672142
0.613455
0.658379
0.554925
0.602770
0.612813
0.621310
0.605636
0.556406
0.667192
0.696632
0.643046
0.677305
0.607481
0.439195
0.669393
0.550371
0.436014
0.595552
0.612021
0.624547
0.764730
0.579235
0.553974
0.457144
0.623713
0.760931
0.615844
0.629496
0.542440
0.531867
0.617341
0.750082
0.587076
0.440659
0.670188
0.646326
0.651624
0.720082
0.580034
0.486934
0.756307
0.558212
0.726572
0.609994
0.590781
0.558451
0.653153
0.586856
0.639817
0.616709
0.529157
0.669427
0.564849
0.682972
0.694107
0.580081
0.628884
0.615202
0.622039
0.582823
0.509901
0.646150
0.672576
0.418532
0.553598
0.367642
0.628201
0.704270
0.562597
0.600367
0.480445
0.526262
0.552976
0.679611
0.458751
0.402652
0.603917
0.536543
0.599903
0.638856
0.618412
0.548913
0.659106
0.533274
0.685921
0.553493
0.552939
0.595461
0.646076
0.607127
0.560626
0.611865
0.535151
0.752878
0.563713
0.667485
0.660748
0.574602
0.507014
0.571274
0.578853
0.516267
0.645780
0.473840
0.457840
0.529250
0.575981
0.358912
0.596470
0.470576
0.577037
0.460148
0.322117
0.491548
0.537219
0.568154
0.453860
0.637854
0.620001
0.557847
0.588473
0.539203
0.476786
0.563684
0.460463
0.665104
0.539399
0.513564
0.354172
0.613774
0.346691
0.711804
0.533791
0.540553
0.600711
0.565394
0.547416
0.555797
0.594224
0.588204
0.567261
0.435205
0.710886
0.610834
0.437355
0.517395
0.586978
0.577044
0.769183
0.471685
0.542292
0.443040
0.502598
0.529994
0.636140
0.465903
0.473236
0.580364
0.593272
0.612478
0.536374
0.572862
0.500712
0.463783
0.555129
0.618533
0.555676
0.577992
0.508546
0.617590
0.557550
0.609405
0.561644
0.564908
0.726928
0.628459
0.538201
0.708649
0.451958
0.529527
0.539022
0.594720
0.800065
0.607244
0.643925
0.721651
0.715005
0.799692
0.681495
0.801311
0.578112
0.658859
0.612877
0.755531
0.634091
0.508545
0.760334
0.771569
0.622423
0.690405
0.668294
0.676197
0.753991
0.758047
0.866034
0.556661
0.558431
0.703851
0.703908
0.683245
0.623784
0.673177
0.673436
0.780247
0.466737
0.855521
0.781573
0.683706
0.616673
0.670497
0.696699
0.651191
0.705321
0.816656
0.534793
0.785926
0.525592
0.728506
0.669012
0.584941
0.632533
0.587721
0.635420
0.725279
0.715449
0.818530
0.678698
0.696239
0.689101
0.728127
0.671324
0.529417
0.608468
0.712154
0.731161
0.611340
0.787899
0.676621
0.805394
0.752066
0.696602
0.841526
0.828078
0.662817
0.685873
0.692291
0.747291
0.760740
0.721744
0.452427
0.499461
0.546382
0.713976
0.413866
0.531262
0.416356
0.415728
0.461296
0.654323
0.375422
0.458021
0.553551
0.595879
0.454474
0.437748
0.564876
0.450443
0.535572
0.491618
0.667099
0.382394
0.575613
0.420274
0.450446
0.526155
0.704660
0.552223
0.583658
0.680799
0.584530
0.645630
0.687449
0.380509
0.464234
0.581430
0.516490
0.491356
0.589813
0.696747
0.468290
0.548025
0.517775
0.487033
0.519192
0.718941
0.458934
0.369575
0.551215
0.615144
0.520618
0.473015
0.527655
0.506779
0.591155
0.565698
0.679193
0.495136
0.647422
0.486247
0.451598
0.541491
0.650913
0.632947
0.604884
0.613041
0.599579
0.748071
0.622868
0.434966
0.544819
0.637396
0.454383
0.569921
0.710174
0.614907
0.534540
0.418177
0.490131
0.570561
0.767249
0.537413
0.391451
0.569225
0.496485
0.620444
0.618768
0.624293
0.412972
0.677467
0.542977
0.755911
0.594852
0.593917
0.527225
0.606497
0.528898
0.647195
0.547780
0.615646
0.578989
0.594214
0.651217
0.743690
0.557670
0.510201
0.600564
0.580773
0.658535
0.538464
0.574679
0.510400
0.332877
0.544170
0.613357
0.624319
0.505366
0.623800
0.632208
0.556259
0.629312
0.577820
0.527081
0.685810
0.490829
0.710286
0.567911
0.539084
0.384194
0.678805
0.512778
0.809946
0.591611
0.551806
0.743615
0.595800
0.600950
0.575061
0.602683
0.609775
0.544076
0.564770
0.636021
0.549637
0.598149
0.549422
0.571058
0.757793
0.628523
0.646795
0.732025
0.665696
0.757050
0.691632
0.737637
0.630583
0.708919
0.644250
0.703421
0.756073
0.604609
0.588655
0.775099
0.565886
0.769734
0.692769
0.701020
0.650573
0.743623
0.725845
0.571130
0.818062
0.620065
0.671174
0.706822
0.471152
0.445819
0.489193
0.464412
0.600190
0.479321
0.511619
0.576942
0.720749
0.522111
0.519438
0.503362
0.549784
0.478707
0.438985
0.613994
0.502840
0.542554
0.486541
0.642036
0.561024
0.731690
0.619669
0.588906
0.682303
0.633624
0.631439
0.662725
0.470622
0.557451
0.639821
0.599878
0.520777
0.516537
0.524679
0.743511
0.518894
0.558445
0.581491
0.650556
0.680488
0.482847
0.668355
0.541139
0.665173
0.551739
0.694116
0.621484
0.686920
0.463377
0.596442
0.565228
0.738583
0.600569
0.574098
0.703650
0.662193
0.698240
0.657223
0.586397
0.356609
0.682200
0.616207
0.392106
0.363731
0.603295
0.364552
0.336901
0.523011
0.531879
0.579767
0.576035
0.522642
0.379522
0.398272
0.599794
0.585833
0.468542
0.535139
0.448979
0.621252
0.412802
0.638208
0.525105
0.539186
0.627545
0.458616
0.593008
0.613799
0.417224
0.361905
0.479700
0.572582
0.415932
0.593294
0.434523
0.386909
0.555881
0.533381
0.556327
0.533799
0.498476
0.403238
0.604897
0.440964
0.575984
0.534880
0.512358
0.233060
0.569646
0.424564
0.744760
0.474213
0.421130
0.634297
0.549016
0.558430
0.533561
0.530712
0.520736
0.524969
0.539402
0.663488
0.431069
0.468244
0.512845
0.558542
0.529291
0.495744
0.615542
0.518826
0.498155
0.609129
0.614132
0.563047
0.539302
0.513846
0.613650
0.517280
0.697256
0.601694
0.610952
0.589263
0.550793
0.669902
0.628523
0.610921
0.416827
0.466642
0.585513
0.673975
0.698499
0.702976
0.773795
0.695835
0.761872
0.602316
0.644089
0.682615
0.681767
0.633849
0.634722
0.626768
0.613061
0.830607
0.705000
0.761961
0.714853
0.686828
0.745904
0.739517
0.605977
0.689545
0.666331
0.725225
0.726983
0.672763
0.390083
0.565906
0.595880
0.536883
0.497720
0.495950
0.541616
0.509930
0.594934
0.631723
0.529156
0.625934
0.467683
0.559113
0.545316
0.671044
0.584874
0.576571
0.709226
0.598015
0.675205
0.703016
0.414248
0.496311
0.634477
0.585938
0.587368
0.603119
0.581517
0.546274
0.492933
0.449613
0.632038
0.575114
0.689737
0.480945
0.485203
0.496801
0.560883
0.425710
0.513388
0.521986
0.461707
0.658449
0.417081
0.606977
0.575645
0.483671
0.420950
0.452101
0.460190
0.556639
0.524155
0.400659
0.666283
0.628228
0.661574
0.633168
0.659754
0.579984
0.560728
0.582987
0.638749
0.659477
0.664726
0.635306
0.627773
0.705434
0.655825
0.682070
0.702321
0.681583
0.488332
0.590068
0.645830
0.655229
0.626509
0.727659
0.488323
0.700529
0.634493
0.779541
0.652003
0.678478
0.546972
0.619312
0.587724
0.808025
0.630892
0.670200
0.665055
0.713678
0.750618
0.781511
0.635200
0.623499
0.684010
0.590674
0.595688
0.655294
0.635322
0.612006
0.543858
0.717028
0.226643
0.563710
0.579260
0.570078
0.653189
0.697198
0.664388
0.639846
0.635825
0.619407
0.689086
0.709540
0.624772
0.571469
0.642851
0.635102
0.671002
0.531927
0.639091
0.589003
0.659731
0.623875
0.604809
0.542120
0.332854
0.606281
0.689972
0.620705
0.638463
0.659202
0.680561
0.703531
0.678415
0.566889
0.503710
0.663207
0.539692
0.549268
0.676961
0.604256
0.679489
0.613307
0.642181
0.538919
0.709224
0.567088
0.788654
0.646095
0.623687
0.752943
0.554127
0.688141
0.628147
0.528713
0.667465
0.581469
0.614788
0.591930
0.462308
0.715752
0.532183
0.558065
0.418804
0.477232
0.400939
0.722793
0.482861
0.573777
0.580046
0.530996
0.637552
0.662144
0.458961
0.539455
0.623392
0.565124
0.700008
0.715771
0.641053
0.666141
0.587074
0.686175
0.602013
0.776286
0.763293
0.729413
0.686804
0.717128
0.714750
0.808592
0.534232
0.585653
0.638907
0.605561
0.669808
0.648821
0.527175
0.406946
0.559511
0.544778
0.754191
0.685444
0.533666
0.660102
0.699787
0.627468
0.682264
0.626939
0.621093
0.679125
0.653799
0.743088
0.687259
0.651345
0.783584
0.728799
0.777045
0.766026
0.676772
0.783192
0.742957
0.485802
0.681128
0.636861
0.724508
0.691856
0.766824
0.585107
0.563182
0.636944
0.623841
0.679707
0.449801
0.601098
0.726742
0.546595
0.677244
0.703353
0.527809
0.482653
0.630691
0.621793
0.581333
0.736507
0.551377
0.549700
0.615141
0.507668
0.558847
0.501003
0.631179
0.577609
0.674258
0.639064
0.435100
0.661769
0.534400
0.452601
0.795762
0.568703
0.490159
0.622853
0.587671
0.596934
0.611208
0.551358
0.575298
0.604389
0.518716
0.567943
0.785213
0.703486
0.730857
0.655278
0.656273
0.847115
0.766987
0.517169
0.644106
0.769514
0.476219
0.748576
0.610672
0.570096
0.648646
0.508944
0.652932
0.544602
0.613344
0.596985
0.607067
0.506032
0.725967
0.652521
0.767002
0.637563
0.686737
0.702111
0.757162
0.632874
0.610650
0.760650
0.633263
0.778414
0.629090
0.706414
0.755293
0.686982
0.554352
0.664709
0.653626
0.681452
0.606903
0.647264
0.540740
0.606589
0.576818
0.533658
0.641554
0.693959
0.684678
0.678364
0.694458
0.609538
0.663553
0.679533
0.690877
0.673714
0.665830
0.547866
0.561640
0.639187
0.649296
0.702877
0.698971
0.693948
0.772551
0.741829
0.634636
0.542187
0.679721
0.597611
0.717761
0.607914
0.546415
0.602742
0.591158
