0.013590
0.017497
0.027223
0.026536
0.010928
0.010376
0.012881
0.040557
0.017154
0.019212
0.046685
0.044936
0.020434
0.010244
0.018505
0.013608
0.009823
0.067693
0.006632
0.016316
0.014879
0.012017
0.014595
0.050055
0.009778
0.028487
0.014309
0.016669
0.013895
0.037617
0.013198
0.020801
0.014105
0.016444
0.045666
0.009371
0.070981
0.016916
0.011413
0.060659
0.009330
0.005531
0.008718
0.017959
0.019131
0.019739
0.021992
0.024831
0.019006
0.025730
0.048774
0.048763
0.032367
0.026667
0.028030
0.056878
0.025733
0.023135
0.055216
0.062567
0.042151
0.025205
0.036440
0.030822
0.024857
0.087034
0.013294
0.037665
0.030667
0.022747
0.038642
0.063616
0.021253
0.040914
0.024843
0.026026
0.029940
0.061430
0.024936
0.030193
0.021703
0.033695
0.059685
0.021735
0.085725
0.035119
0.019602
0.066445
0.019492
0.012320
0.022681
0.035067
0.030169
0.041704
0.039039
0.043482
0.020833
0.041941
0.027012
0.019114
0.016472
0.010241
0.043835
0.015722
0.025318
0.081466
0.051666
0.026002
0.013727
0.032855
0.013951
0.014035
0.070676
0.016268
0.024670
0.015872
0.009018
0.023926
0.067015
0.007054
0.014805
0.020780
0.025933
0.022614
0.027986
0.020883
0.033113
0.015330
0.031561
0.032930
0.021828
0.077410
0.012153
0.027175
0.049973
0.022744
0.019320
0.012494
0.026490
0.020193
0.019252
0.026729
0.028840
0.034723
0.032259
0.027171
0.027656
0.030639
0.044511
0.047643
0.051233
0.043141
0.039413
0.035554
0.031402
0.016638
0.041157
0.020853
0.069389
0.022447
0.015118
0.030133
0.033091
0.024490
0.053670
0.032546
0.063607
0.043368
0.027678
0.015366
0.066635
0.034171
0.017878
0.046307
0.027471
0.053811
0.021022
0.064706
0.040901
0.025429
0.105023
0.027673
0.022978
0.039175
0.036115
0.024848
0.032386
0.031419
0.025351
0.058047
0.021085
0.030811
0.022008
0.034857
0.025763
0.047946
0.079426
0.045390
0.026138
0.024645
0.022804
0.024356
0.014845
0.051811
0.030073
0.028886
0.016603
0.033013
0.012718
0.041356
0.025822
0.037725
0.050222
0.032682
0.017773
0.043651
0.035385
0.028035
0.039153
0.030563
0.052375
0.026043
0.054868
0.024305
0.034782
0.087028
0.027974
0.028519
0.028141
0.020697
0.029108
0.022852
0.048671
0.024150
0.051807
0.013771
0.011482
0.047404
0.025406
0.018084
0.052372
0.051421
0.021989
0.014157
0.028073
0.016043
0.012968
0.076193
0.016985
0.013009
0.017961
0.021539
0.017888
0.057006
0.013853
0.030748
0.013002
0.031117
0.017130
0.025350
0.016115
0.032851
0.015966
0.020269
0.049606
0.010206
0.086224
0.015083
0.016358
0.061439
0.016096
0.014739
0.014733
0.024022
0.027360
0.016632
0.021707
0.024704
0.020363
0.015813
0.045534
0.019178
0.033957
0.064327
0.040064
0.017404
0.007180
0.020188
0.006122
0.017065
0.064489
0.012899
0.013970
0.016566
0.012663
0.022782
0.054167
0.010811
0.017560
0.021317
0.014467
0.015894
0.028206
0.012950
0.025092
0.018378
0.021043
0.028657
0.020065
0.068594
0.018066
0.021038
0.058769
0.019916
0.013828
0.012304
0.019067
0.019198
0.016463
0.019249
0.025689
0.034927
0.052741
0.026307
0.021712
0.053335
0.060177
0.030029
0.016823
0.030637
0.015382
0.009032
0.087214
0.010992
0.021330
0.021155
0.014298
0.020608
0.072985
0.007789
0.023886
0.015550
0.029968
0.020880
0.031484
0.021178
0.031817
0.010396
0.033266
0.050420
0.010707
0.090687
0.008845
0.014173
0.064931
0.016865
0.015290
0.011195
0.032373
0.027017
0.021842
0.016783
0.032485
0.025954
0.028040
0.070968
0.109055
0.025510
0.028016
0.033859
0.019744
0.046589
0.030521
0.023736
0.046359
0.033486
0.030644
0.042539
0.025021
0.027901
0.036509
0.055834
0.074521
0.030627
0.022665
0.071050
0.035836
0.020903
0.067461
0.028684
0.037789
0.050061
0.019745
0.050065
0.063423
0.083656
0.043882
0.040691
0.045877
0.023620
0.023436
0.023066
0.075591
0.017180
0.077825
0.034421
0.096190
0.034557
0.019156
0.013587
0.023543
0.014957
0.016408
0.034624
0.023818
0.028850
0.015892
0.017316
0.018381
0.036600
0.013004
0.017615
0.037423
0.020985
0.020387
0.040607
0.019359
0.027576
0.031020
0.027290
0.023229
0.033315
0.045604
0.017063
0.039629
0.041908
0.023742
0.023359
0.012960
0.013317
0.011534
0.012873
0.051381
0.020439
0.039554
0.057289
0.086390
0.045929
0.029356
0.052908
0.036726
0.025747
0.106043
0.022824
0.038691
0.034220
0.029513
0.037372
0.087366
0.024409
0.044537
0.011755
0.050715
0.038767
0.045323
0.031670
0.053124
0.021567
0.042388
0.069093
0.020476
0.121141
0.027071
0.025997
0.058664
0.025434
0.023085
0.022030
0.044195
0.041896
0.040751
0.036003
0.050498
0.012862
0.105574
0.081505
0.075550
0.064253
0.078849
0.049736
0.161364
0.039040
0.055898
0.077858
0.068175
0.065542
0.114897
0.066094
0.112716
0.048051
0.075383
0.055541
0.112326
0.075950
0.060699
0.057637
0.063115
0.135593
0.031639
0.149808
0.071807
0.025478
0.156979
0.037224
0.038400
0.066912
0.084324
0.077543
0.086845
0.045096
0.078391
0.046636
0.032525
0.032861
0.022059
0.043652
0.040144
0.025295
0.050819
0.024910
0.039937
0.041011
0.038447
0.027174
0.039723
0.051455
0.075683
0.031348
0.026286
0.065819
0.038068
0.025522
0.067751
0.030542
0.029097
0.051467
0.029231
0.055368
0.061759
0.078269
0.046736
0.044183
0.049119
0.029894
0.020710
0.023090
0.068879
0.013120
0.093328
0.019810
0.017298
0.014641
0.018921
0.042577
0.031305
0.017428
0.015232
0.023192
0.015180
0.035374
0.022473
0.027953
0.040242
0.022534
0.014203
0.041683
0.027982
0.027547
0.038483
0.018892
0.029684
0.030269
0.045023
0.026341
0.039592
0.080523
0.026118
0.023870
0.023941
0.009235
0.019586
0.014537
0.047554
0.016454
0.051154
0.020217
0.009784
0.015659
0.050781
0.014922
0.015009
0.015047
0.012572
0.019752
0.048966
0.008915
0.015069
0.023592
0.016392
0.016106
0.020824
0.010212
0.022553
0.018697
0.020580
0.024721
0.020052
0.062028
0.017627
0.024948
0.042702
0.020901
0.015204
0.010503
0.016735
0.016911
0.012334
0.024275
0.019840
0.036268
0.024698
0.015594
0.036695
0.020854
0.017020
0.015553
0.022168
0.011912
0.023896
0.023424
0.044809
0.048594
0.011200
0.007547
0.058843
0.022861
0.010678
0.046327
0.016226
0.036561
0.025745
0.029442
0.033494
0.032544
0.085965
0.019809
0.016786
0.027781
0.013201
0.013771
0.019735
0.043678
0.014271
0.058047
0.017915
0.061148
0.019717
0.021652
0.015480
0.012319
0.021212
0.054528
0.011646
0.008822
0.025751
0.019538
0.020239
0.022708
0.019456
0.033260
0.019242
0.028437
0.029052
0.024569
0.069327
0.013664
0.028466
0.055176
0.020764
0.018499
0.010876
0.016822
0.022291
0.016820
0.029257
0.027766
0.037596
0.058074
0.009294
0.016023
0.013830
0.016197
0.008106
0.044874
0.009668
0.030696
0.024788
0.022302
0.008060
0.045280
0.021525
0.015081
0.020328
0.019832
0.043245
0.010276
0.059116
0.011719
0.015797
0.072314
0.010468
0.011273
0.012412
0.017322
0.014085
0.014758
0.027822
0.016588
0.028491
0.078180
0.059069
0.049773
0.063112
0.043843
0.027870
0.063009
0.066055
0.113369
0.047020
0.048284
0.089054
0.061873
0.047060
0.104055
0.056698
0.033247
0.089386
0.015409
0.073451
0.103282
0.090943
0.073675
0.072818
0.066900
0.035389
0.033116
0.039187
0.118425
0.031555
0.116384
0.019948
0.020478
0.012758
0.021057
0.060624
0.010580
0.035318
0.016916
0.017841
0.015093
0.047176
0.018839
0.018023
0.015308
0.024704
0.050429
0.009831
0.077690
0.018899
0.007886
0.068971
0.009056
0.005650
0.012505
0.028267
0.021113
0.027329
0.017170
0.030762
0.021892
0.018624
0.021882
0.021656
0.043881
0.015141
0.035875
0.026494
0.022151
0.010278
0.035184
0.017064
0.018000
0.028559
0.012429
0.034075
0.014538
0.061063
0.026724
0.023051
0.070340
0.021428
0.016070
0.025326
0.021279
0.018320
0.012219
0.023613
0.012087
0.043402
0.020391
0.011077
0.031956
0.017662
0.029650
0.033406
0.019647
0.011211
0.039439
0.023355
0.021604
0.032294
0.012402
0.037027
0.023238
0.050122
0.023649
0.031129
0.073965
0.023410
0.015596
0.022424
0.008880
0.018453
0.017920
0.040084
0.019311
0.042611
0.021582
0.062621
0.008447
0.019150
0.021039
0.014893
0.021178
0.032809
0.018518
0.029813
0.019498
0.030973
0.028786
0.021141
0.070091
0.015127
0.024414
0.050081
0.014828
0.012868
0.009272
0.025633
0.014512
0.022194
0.025673
0.027452
0.038185
0.034932
0.020761
0.037909
0.039078
0.024347
0.010455
0.049827
0.027530
0.019298
0.036234
0.018620
0.043990
0.021054
0.045811
0.019217
0.029903
0.081974
0.018254
0.018337
0.019576
0.011561
0.015315
0.017266
0.043297
0.015822
0.044880
0.057877
0.074897
0.091386
0.041904
0.027988
0.093843
0.049815
0.033648
0.087144
0.027435
0.058495
0.060732
0.021041
0.069740
0.073006
0.107445
0.053057
0.048541
0.064444
0.021361
0.032870
0.034724
0.101300
0.024230
0.089325
0.015279
0.017051
0.017916
0.016880
0.026166
0.011012
0.024530
0.012666
0.025209
0.030369
0.015297
0.069255
0.009736
0.019646
0.043739
0.015680
0.013450
0.007003
0.023115
0.016950
0.011928
0.020033
0.022039
0.028219
0.036532
0.033386
0.036613
0.020932
0.025694
0.048693
0.023697
0.047524
0.023530
0.041015
0.081822
0.017752
0.047437
0.038255
0.039758
0.037440
0.015817
0.030044
0.029264
0.020569
0.040590
0.037293
0.052716
0.042480
0.033816
0.033328
0.024691
0.049989
0.009632
0.036473
0.063803
0.014404
0.124798
0.021652
0.015163
0.056715
0.019717
0.016543
0.016347
0.045390
0.040861
0.035250
0.017102
0.047737
0.014337
0.016973
0.048646
0.016423
0.016618
0.037101
0.023737
0.028615
0.030276
0.041242
0.033051
0.031430
0.071767
0.020833
0.015561
0.021830
0.021564
0.018151
0.025766
0.035751
0.027539
0.052712
0.050210
0.019060
0.008154
0.030476
0.009811
0.038242
0.014781
0.041794
0.024664
0.021265
0.077914
0.015630
0.012123
0.021231
0.010815
0.012357
0.012540
0.032809
0.009864
0.043109
0.031134
0.067481
0.031947
0.052450
0.043182
0.042781
0.115174
0.033084
0.053044
0.043843
0.047839
0.044439
0.028512
0.049014
0.054174
0.032445
0.036994
0.051845
0.056161
0.025137
0.021734
0.022148
0.033989
0.020374
0.064107
0.023465
0.025778
0.041376
0.023153
0.018138
0.015104
0.025283
0.020720
0.014030
0.026119
0.024457
0.034404
0.040769
0.016551
0.042876
0.023098
0.035434
0.038634
0.026781
0.091068
0.024174
0.018117
0.032475
0.020430
0.015161
0.023660
0.039992
0.015195
0.054375
0.037909
0.058358
0.014692
0.111458
0.016639
0.012421
0.054055
0.021523
0.017737
0.011898
0.041705
0.035894
0.029776
0.016324
0.042309
0.019717
0.048685
0.021266
0.049261
0.038151
0.028620
0.086180
0.024669
0.016726
0.032681
0.012129
0.022079
0.019801
0.039435
0.015333
0.046174
0.061452
0.049215
0.041280
0.072011
0.048535
0.055211
0.049296
0.036430
0.033260
0.022166
0.024058
0.064175
0.030896
0.086960
0.088394
0.020489
0.005821
0.076235
0.010500
0.008634
0.018254
0.030070
0.027249
0.025351
0.016219
0.026382
0.021583
0.084299
0.099615
0.125230
0.074862
0.071488
0.078964
0.035015
0.036376
0.046416
0.118182
0.033569
0.126775
0.026688
0.052873
0.018929
0.022601
0.007929
0.028698
0.023842
0.018070
0.028334
0.030685
0.032071
0.084828
0.013004
0.010277
0.020113
0.039351
0.034067
0.035975
0.014228
0.037476
0.019871
0.071705
0.070901
0.041502
0.073504
0.059228
0.047954
0.076514
0.070530
0.073225
0.005387
0.013856
0.027197
0.022619
0.027281
0.027816
0.028841
0.023744
0.014993
0.022549
0.020862
0.026160
0.023315
0.026401
0.022827
0.025655
0.021021
0.017838
0.024290
0.030208
0.025868
0.015197
0.014546
0.051638
0.012742
0.050452
0.012905
0.044996
0.009556
0.051168
0.039341
0.008836
0.047047
0.048138
0.038066
0.058112
