0.793109
0.618289
0.600976
0.603552
0.691209
0.617785
0.635988
0.712447
0.840191
0.643528
0.711430
0.646809
0.618230
0.664514
0.668140
0.630065
0.682005
0.717161
0.601762
0.695956
0.645349
0.614014
0.767429
0.804038
0.608966
0.632920
0.758885
0.591583
0.546653
0.596941
0.575071
0.741686
0.730228
0.510873
0.500305
0.670674
0.836787
0.626826
0.738196
0.561523
0.724269
0.777415
0.534231
0.628142
0.567185
0.624939
0.572913
0.635558
0.579527
0.741821
0.668426
0.667453
0.609183
0.695063
0.648975
0.674553
0.871585
0.696539
0.689681
0.777696
0.740120
0.680757
0.684337
0.598892
0.641888
0.626691
0.877677
0.709160
0.683864
0.613796
0.861896
0.607499
0.787441
0.654358
0.588972
0.599853
0.833477
0.759875
0.674011
0.560385
0.708786
0.673019
0.711354
0.786820
0.765482
0.704486
0.739644
0.756568
0.664871
0.801959
0.743758
0.694534
0.740083
0.613133
0.852987
0.845732
0.747883
0.648049
0.742523
0.637297
0.581990
0.763138
0.717869
0.733328
0.620135
0.714165
0.658359
0.687782
0.789150
0.734704
0.707337
0.750777
0.562420
0.740489
0.773143
0.672445
0.638595
0.735841
0.811221
0.654888
0.580154
0.822726
0.695591
0.777169
0.681769
0.484244
0.630275
0.344641
0.611809
0.598038
0.739690
0.719472
0.590509
0.809882
0.528709
0.662290
0.686608
0.634716
0.700117
0.525513
0.794697
0.568599
0.551184
0.598059
0.580403
0.588761
0.546872
0.450288
0.539587
0.730311
0.584139
0.601585
0.605699
0.689284
0.516561
0.465428
0.536776
0.438259
0.576579
0.701861
0.561972
0.526559
0.440306
0.690701
0.603008
0.660585
0.532850
0.608805
0.478798
0.565564
0.471269
0.573705
0.645436
0.647310
0.396986
0.390730
0.603563
0.685832
0.601118
0.603556
0.470733
0.492108
0.718568
0.444700
0.490304
0.438028
0.585109
0.678239
0.609257
0.592506
0.728169
0.530959
0.661387
0.693019
0.853516
0.671120
0.713178
0.728497
0.776000
0.505036
0.601435
0.613651
0.534763
0.610391
0.817683
0.676722
0.605977
0.516978
0.710221
0.658852
0.712868
0.664994
0.671951
0.411027
0.716777
0.672366
0.541940
0.635093
0.810016
0.584951
0.593890
0.736066
0.771162
0.515873
0.700423
0.682711
0.737318
0.687756
0.643235
0.700983
0.633643
0.390280
0.805696
0.780037
0.726692
0.722523
0.594970
0.647074
0.833556
0.709511
0.620282
0.686726
0.666516
0.789040
0.652419
0.660081
0.594880
0.600113
0.888466
0.571242
0.664983
0.615348
0.866135
0.618161
0.815010
0.565935
0.708665
0.700516
0.847430
0.668391
0.650370
0.541036
0.577059
0.567783
0.651062
0.627365
0.730981
0.639243
0.764016
0.609722
0.560067
0.735004
0.605476
0.655109
0.607699
0.738455
0.726869
0.667569
0.564622
0.568554
0.593464
0.753542
0.553331
0.746505
0.624003
0.714934
0.579297
0.524629
0.429848
0.555961
0.559967
0.745979
0.641596
0.535234
0.519277
0.728745
0.789122
0.645007
0.524459
0.673778
0.462849
0.595691
0.582638
0.398249
0.639793
0.678468
0.473837
0.498524
0.665752
0.694195
0.654830
0.607450
0.485472
0.627362
0.698467
0.422964
0.572467
0.632543
0.621491
0.754607
0.696898
0.666026
0.583300
0.795185
0.660194
0.691624
0.662374
0.666707
0.576286
0.536928
0.489861
0.532525
0.644001
0.719916
0.597003
0.578475
0.611164
0.589007
0.615220
0.717751
0.548259
0.502458
0.575913
0.595103
0.510104
0.639894
0.663678
0.603189
0.419818
0.554136
0.704093
0.700515
0.675910
0.574715
0.619875
0.541330
0.597473
0.482252
0.450807
0.593722
0.682306
0.755726
0.693047
0.570724
0.686759
0.479809
0.630681
0.626368
0.738101
0.519654
0.476390
0.569724
0.448883
0.681545
0.732839
0.642041
0.523145
0.572824
0.813475
0.775577
0.698056
0.559518
0.459725
0.451857
0.585589
0.551663
0.666695
0.814383
0.654197
0.440684
0.427884
0.698916
0.600769
0.653142
0.661723
0.434808
0.425056
0.859158
0.492330
0.543396
0.523571
0.643324
0.725626
0.564778
0.603954
0.718443
0.759618
0.867808
0.809337
0.654681
0.591294
0.771669
0.765470
0.740179
0.955324
0.699850
0.766911
0.771162
0.852445
0.872328
0.748064
0.812796
0.833527
0.698921
0.676711
0.653831
0.783788
0.787993
0.764740
0.703465
0.647654
0.742999
0.744680
0.776730
0.786919
0.688495
0.640772
0.882168
0.739823
0.593944
0.708049
0.766486
0.821020
0.822164
0.709169
0.644817
0.712397
0.762230
0.558276
0.571334
0.601887
0.564113
0.568259
0.762255
0.741792
0.502817
0.542722
0.770691
0.689827
0.266743
0.553257
0.657592
0.496554
0.648172
0.599327
0.593880
0.549325
0.747651
0.495776
0.442158
0.652485
0.631159
0.567669
0.747186
0.455874
0.667766
0.831046
0.633324
0.597211
0.566279
0.585890
0.723339
0.710040
0.667627
0.820415
0.825545
0.718824
0.722397
0.657806
0.620214
0.647141
0.822688
0.816573
0.393667
0.553026
0.920798
0.641371
0.721058
0.674168
0.671483
0.623432
0.764210
0.721392
0.661007
0.613502
0.715172
0.610433
0.570053
0.705686
0.625670
0.654375
0.826751
0.547022
0.689930
0.960585
0.667466
0.610726
0.481026
0.633725
0.819456
0.647805
0.670944
0.691785
0.662901
0.558795
0.623512
0.727365
0.662376
0.815391
0.656198
0.714243
0.611275
0.784006
0.799082
0.800625
0.619570
0.767421
0.634189
0.688911
0.610323
0.560826
0.777889
0.734455
0.531895
0.586182
0.721933
0.776054
0.656073
0.737854
0.579308
0.604474
0.761627
0.548097
0.663270
0.714918
0.806880
0.668469
0.799366
0.649926
0.676224
0.657318
0.749806
0.805810
0.706909
0.861458
0.627106
0.777229
0.672495
0.752699
0.793190
0.823049
0.702714
0.828978
0.618269
0.682279
0.611647
0.622803
0.692096
0.671504
0.606759
0.617123
0.658519
0.837866
0.777133
0.668944
0.732283
0.630390
0.643469
0.621817
0.784019
0.693580
0.836694
0.735100
0.848539
0.574673
0.423905
0.618902
0.508158
0.694107
0.759856
0.557217
0.575828
0.507223
0.727478
0.613703
0.670735
0.724536
0.588184
0.338749
0.443856
0.526472
0.634519
0.727020
0.759503
0.489795
0.471272
0.655342
0.723914
0.676940
0.630465
0.610716
0.592308
0.791634
0.566170
0.500195
0.550801
0.509838
0.800013
0.804523
0.633311
0.520129
0.510262
0.662282
0.802539
0.540009
0.518514
0.519808
0.748956
0.642148
0.683927
0.619023
0.633030
0.438190
0.540322
0.432668
0.589719
0.715764
0.650934
0.424366
0.427238
0.617991
0.641701
0.619161
0.551843
0.476801
0.443320
0.786839
0.500291
0.503030
0.540795
0.572698
0.760502
0.680888
0.572180
0.544870
0.659748
0.772149
0.704838
0.535680
0.590170
0.734410
0.638273
0.690885
0.573368
0.589022
0.594341
0.646397
0.555526
0.546688
0.676212
0.672727
0.436833
0.475621
0.677080
0.703720
0.647870
0.661696
0.524240
0.615954
0.771093
0.432572
0.563103
0.593186
0.628151
0.777399
0.658927
0.646965
0.547889
0.766367
0.727367
0.412437
0.508547
0.814515
0.609897
0.658676
0.571921
0.399815
0.398788
0.665279
0.577782
0.584149
0.639764
0.717618
0.436900
0.453566
0.635260
0.658271
0.615029
0.655147
0.508961
0.584859
0.800463
0.502348
0.566947
0.516938
0.574056
0.834593
0.637953
0.622315
0.792910
0.653682
0.554460
0.631141
0.734285
0.727522
0.638294
0.460421
0.672352
0.516899
0.766995
0.643077
0.422716
0.567567
0.744620
0.586396
0.561872
0.680177
0.727510
0.493243
0.667454
0.634174
0.704363
0.706849
0.585759
0.620513
0.650223
0.765238
0.748773
0.725789
0.730610
0.812785
0.726949
0.824012
0.733567
0.897659
0.747670
0.698294
0.818414
0.662434
0.592539
0.700122
0.731356
0.900456
0.818995
0.578149
0.593493
0.776365
0.880031
0.816053
0.752117
0.753031
0.742812
0.819480
0.590381
0.758807
0.652822
0.827688
0.730390
0.674800
0.684229
0.773786
0.592106
0.766114
0.758096
0.824239
0.738969
0.761184
0.529268
0.600912
0.528240
0.675900
0.801019
0.692037
0.606912
0.595881
0.637876
0.721108
0.784845
0.512108
0.722811
0.385937
0.679471
0.600389
0.635097
0.709696
0.730813
0.729577
0.789864
0.564216
0.448107
0.816612
0.679186
0.576411
0.481217
0.590251
0.514396
0.668120
0.580657
0.543611
0.660313
0.694997
0.432822
0.413148
0.550789
0.537860
0.562238
0.707769
0.426149
0.615835
0.846744
0.497623
0.530849
0.509137
0.551675
0.817617
0.568744
0.637304
0.815804
0.602034
0.632267
0.591306
0.570708
0.412872
0.629829
0.559434
0.519779
0.540691
0.597728
0.430782
0.382192
0.593138
0.641001
0.622912
0.649616
0.540225
0.578274
0.838258
0.549962
0.597368
0.419518
0.501412
0.754286
0.671038
0.486838
0.883932
0.822064
0.737662
0.802509
0.679675
0.750196
0.702928
0.738372
0.835443
0.840664
0.673400
0.692160
0.842141
0.808537
0.723598
0.678745
0.824277
0.736907
0.518554
0.765297
0.693201
0.784420
0.799519
0.812467
0.786384
0.792543
0.765683
0.712122
0.641392
0.612237
0.820191
0.720010
0.690618
0.437383
0.695267
0.631405
0.663283
0.776686
0.809653
0.718822
0.747630
0.736393
0.738101
0.842690
0.715201
0.728413
0.651512
0.633903
0.890472
0.816930
0.756748
0.661073
0.772373
0.602301
0.630272
0.643569
0.635424
0.602027
0.818250
0.600161
0.545558
0.734774
0.776195
0.605938
0.821465
0.533757
0.813260
0.879421
0.739590
0.695781
0.633684
0.664996
0.760389
0.701186
0.755226
0.702912
0.591373
0.703999
0.613846
0.503640
0.628324
0.647248
0.492368
0.525629
0.662795
0.707936
0.525463
0.723491
0.483023
0.609339
0.708819
0.466600
0.535424
0.619004
0.744968
0.688320
0.571983
0.656763
0.546999
0.679626
0.624426
0.674748
0.697285
0.698794
0.573605
0.594497
0.752644
0.745213
0.749394
0.625663
0.633537
0.643627
0.800877
0.617794
0.603812
0.652930
0.666627
0.846030
0.723675
0.715153
0.519083
0.503536
0.481269
0.585035
0.693938
0.458386
0.385484
0.588797
0.587936
0.550437
0.539798
0.557898
0.530142
0.713194
0.541045
0.544885
0.478960
0.450271
0.811070
0.691322
0.550392
0.461377
0.671527
0.825843
0.785922
0.485040
0.494647
0.664680
0.752690
0.749096
0.600920
0.614935
0.613325
0.813027
0.602912
0.596807
0.587313
0.653484
0.723653
0.761015
0.611113
0.629637
0.793968
0.597765
0.404930
0.400296
0.471969
0.682098
0.621922
0.384641
0.513516
0.454622
0.653565
0.476626
0.505939
0.544706
0.640395
0.699121
0.679110
0.490029
0.556706
0.639473
0.518010
0.519462
0.639113
0.683039
0.544223
0.706918
0.511772
0.609424
0.736846
0.463951
0.651141
0.563603
0.679018
0.624975
0.583305
0.630497
0.726342
0.619056
0.667930
0.729594
0.794131
0.600341
0.824258
0.685349
0.763669
0.831220
0.754927
0.745082
0.628047
0.651657
0.797326
0.851845
0.677308
0.538283
0.590085
0.746458
0.716358
0.775269
0.710750
0.587158
0.530892
0.709824
0.573011
0.613492
0.547704
0.753621
0.744267
0.625733
0.439759
0.271754
0.481565
0.583319
0.579153
0.560382
0.372162
0.477154
0.668964
0.351701
0.429610
0.408014
0.519162
0.638829
0.581380
0.388054
0.482794
0.552356
0.575465
0.573141
0.360340
0.496438
0.762005
0.358605
0.505270
0.271973
0.523882
0.658893
0.523740
0.410494
0.662825
0.670200
0.548945
0.597465
0.541231
0.751239
0.608023
0.672309
0.599243
0.665360
0.829884
0.752683
0.510787
0.705625
0.743548
0.580564
0.638771
0.820948
0.640491
0.651652
0.623727
0.700014
0.870365
0.642811
0.720044
0.733528
0.592051
0.734089
0.643920
0.638549
0.621790
0.648768
0.671780
0.760811
0.678632
0.719162
0.693682
0.453420
0.598427
0.598256
0.616281
0.704343
0.777851
0.847842
0.804086
0.582010
0.520715
0.827765
0.452173
0.487365
0.481284
0.602607
0.669152
0.433951
0.563140
0.725036
0.532846
0.496976
0.535253
0.732429
0.697284
0.642016
0.415094
0.713093
0.822492
0.808190
0.895208
0.785861
0.883969
0.711306
0.509909
0.503855
0.693724
0.623585
0.549768
0.559968
0.555765
0.636064
0.732095
0.675676
0.678416
0.605601
0.623450
0.562178
0.459607
0.892505
0.801632
0.658899
0.695740
0.701072
0.702423
