0.018542
0.094034
0.020257
0.047552
0.031193
0.024771
0.014758
0.013711
0.020870
0.093831
0.020221
0.031945
0.028811
0.058893
0.097574
0.014589
0.040414
0.017438
0.033259
0.023497
0.047585
0.035058
0.038380
0.025190
0.022369
0.012860
0.053390
0.018286
0.108523
0.034905
0.030134
0.059811
0.040309
0.020311
0.011475
0.013678
0.016813
0.034489
0.005790
0.067025
0.025495
0.060072
0.015153
0.027680
0.011993
0.099462
0.026324
0.024684
0.016935
0.072087
0.011657
0.035587
0.016007
0.016239
0.010048
0.012491
0.013031
0.062848
0.023950
0.016599
0.028952
0.030818
0.083028
0.010039
0.031728
0.009175
0.020305
0.039036
0.047279
0.021475
0.021521
0.027658
0.014115
0.029375
0.032693
0.023364
0.081941
0.026356
0.026029
0.031375
0.013497
0.015650
0.007207
0.011782
0.021941
0.017061
0.014224
0.051146
0.013658
0.038684
0.012209
0.023605
0.013054
0.067713
0.024450
0.012773
0.014094
0.104694
0.130792
0.098731
0.082978
0.057161
0.060230
0.073567
0.029226
0.080433
0.071293
0.134984
0.030906
0.220441
0.092695
0.116040
0.062094
0.055600
0.158328
0.149195
0.034053
0.093990
0.121794
0.058996
0.098802
0.018830
0.076123
0.031990
0.110918
0.114899
0.023819
0.054740
0.058902
0.069900
0.078894
0.085716
0.038894
0.087178
0.033757
0.072335
0.122987
0.075474
0.091672
0.054980
0.019852
0.074808
0.072806
0.082550
0.020452
0.012191
0.023636
0.020824
0.018287
0.017826
0.096372
0.031593
0.017188
0.025995
0.053678
0.065425
0.014345
0.032784
0.020758
0.030417
0.029596
0.038808
0.032886
0.024312
0.018601
0.029743
0.028989
0.053332
0.025712
0.112248
0.022148
0.022529
0.052836
0.022324
0.015717
0.011851
0.014317
0.021234
0.033596
0.020095
0.077118
0.022137
0.035993
0.015713
0.026812
0.024324
0.105476
0.024810
0.015882
0.017116
0.013811
0.048119
0.049138
0.043728
0.037624
0.137246
0.047628
0.018677
0.049253
0.088854
0.079196
0.044288
0.058423
0.054876
0.065995
0.047379
0.035953
0.054656
0.048891
0.020141
0.051438
0.050691
0.076058
0.039929
0.158391
0.045449
0.045564
0.082799
0.030696
0.026110
0.036604
0.047712
0.039363
0.066406
0.048114
0.108297
0.055652
0.061568
0.044020
0.063380
0.052726
0.134109
0.025137
0.042639
0.045404
0.021305
0.022917
0.025446
0.022767
0.102769
0.029281
0.011009
0.029871
0.053489
0.066453
0.022871
0.032107
0.025204
0.033623
0.034958
0.031063
0.038164
0.021946
0.015744
0.027735
0.037350
0.052612
0.025071
0.120229
0.028551
0.030043
0.055164
0.015211
0.017577
0.016863
0.025495
0.022601
0.038258
0.027835
0.081081
0.025994
0.034266
0.025239
0.033553
0.030754
0.100332
0.022676
0.018511
0.026582
0.010236
0.024222
0.026198
0.084344
0.017694
0.024003
0.018786
0.042141
0.068967
0.013335
0.016240
0.015564
0.024604
0.027942
0.051746
0.043518
0.010835
0.029674
0.014352
0.036584
0.045970
0.019013
0.099867
0.028895
0.051002
0.051416
0.026549
0.027741
0.014644
0.026205
0.016560
0.028244
0.013073
0.075502
0.015504
0.033546
0.017682
0.015281
0.022410
0.084504
0.033482
0.018734
0.013726
0.007754
0.015351
0.058916
0.016062
0.018765
0.027137
0.029025
0.091648
0.010128
0.028169
0.005531
0.010860
0.037212
0.049785
0.021521
0.018468
0.031369
0.010649
0.024680
0.025740
0.014618
0.075383
0.027500
0.038618
0.030671
0.018646
0.013936
0.004304
0.010971
0.013906
0.014096
0.008974
0.050333
0.010627
0.039791
0.010839
0.017810
0.008849
0.061872
0.022594
0.013071
0.011053
0.013170
0.061405
0.027139
0.018855
0.036030
0.034963
0.105202
0.016712
0.043358
0.007318
0.010651
0.040427
0.042392
0.014691
0.032048
0.028056
0.019255
0.017643
0.026893
0.018157
0.077377
0.029588
0.030249
0.032395
0.018318
0.009576
0.005101
0.007688
0.017506
0.014407
0.014785
0.046564
0.014181
0.045173
0.010741
0.025554
0.006270
0.066705
0.016047
0.017154
0.015307
0.070759
0.021206
0.014644
0.023557
0.036133
0.079726
0.019023
0.033288
0.015987
0.023703
0.041331
0.045605
0.026095
0.024532
0.022440
0.012857
0.030952
0.026366
0.017035
0.089001
0.021333
0.024494
0.042319
0.019178
0.013902
0.007434
0.014744
0.024124
0.023571
0.016284
0.065331
0.016028
0.038358
0.014981
0.024847
0.017249
0.065756
0.026776
0.014019
0.014201
0.086054
0.072343
0.121769
0.023054
0.208103
0.077917
0.107291
0.057391
0.052719
0.153132
0.140902
0.043446
0.088558
0.122918
0.062789
0.095942
0.027622
0.079858
0.017080
0.101469
0.110913
0.026810
0.053596
0.067717
0.068701
0.070520
0.086560
0.030766
0.084475
0.030744
0.064715
0.106183
0.069815
0.075527
0.054259
0.021747
0.086526
0.071519
0.078401
0.024542
0.027734
0.048296
0.089718
0.018507
0.030365
0.026420
0.040997
0.034106
0.060556
0.041058
0.026887
0.032615
0.015855
0.034407
0.042902
0.015631
0.096803
0.043146
0.045083
0.055046
0.034688
0.025821
0.016821
0.030661
0.023658
0.035771
0.011551
0.067877
0.029500
0.061163
0.025211
0.029103
0.023603
0.081721
0.033867
0.026504
0.023579
0.033223
0.038331
0.082145
0.026318
0.033106
0.023975
0.028983
0.045684
0.037662
0.026173
0.022316
0.017189
0.018624
0.034536
0.029707
0.015636
0.090595
0.029485
0.036832
0.039712
0.008971
0.009065
0.013796
0.026111
0.021074
0.028179
0.026432
0.064547
0.024361
0.038513
0.022847
0.027886
0.023142
0.073047
0.015129
0.018558
0.020771
0.072372
0.042753
0.019655
0.013973
0.029530
0.041504
0.015729
0.040308
0.071628
0.016725
0.022528
0.025662
0.039831
0.072350
0.022677
0.144565
0.021082
0.047927
0.090520
0.046873
0.041814
0.021680
0.030974
0.024416
0.053033
0.016747
0.119187
0.024384
0.028267
0.025560
0.016454
0.039179
0.124385
0.047850
0.027332
0.016648
0.139071
0.043986
0.060489
0.025632
0.026599
0.100005
0.096724
0.025857
0.038701
0.073394
0.029424
0.064336
0.017055
0.046216
0.030453
0.062628
0.061859
0.015907
0.026293
0.038059
0.034463
0.039280
0.053823
0.013893
0.047388
0.032878
0.028367
0.064129
0.040323
0.038473
0.031391
0.025665
0.058193
0.033532
0.042108
0.073964
0.037579
0.091552
0.105328
0.059866
0.081638
0.143404
0.046824
0.074283
0.086621
0.126168
0.149924
0.087820
0.233691
0.046016
0.088664
0.161713
0.101707
0.102311
0.079491
0.091948
0.082286
0.125594
0.078762
0.211671
0.083490
0.044005
0.079771
0.067174
0.112641
0.211691
0.119078
0.061961
0.063029
0.026289
0.012710
0.022979
0.025096
0.049752
0.036518
0.019866
0.031307
0.020930
0.028053
0.047141
0.021888
0.096118
0.024326
0.037299
0.049493
0.027892
0.023065
0.009959
0.011335
0.017099
0.021756
0.009136
0.065953
0.016527
0.038140
0.008775
0.021104
0.018273
0.084153
0.032314
0.017492
0.014477
0.032188
0.042756
0.030640
0.057684
0.069531
0.011310
0.036416
0.025191
0.056833
0.068752
0.027427
0.125812
0.024138
0.057544
0.079391
0.045112
0.045512
0.027588
0.040876
0.027719
0.051335
0.024058
0.108457
0.029182
0.023400
0.028627
0.012304
0.042702
0.113410
0.056294
0.021625
0.019299
0.006524
0.041848
0.046880
0.021618
0.020884
0.032127
0.016344
0.025769
0.030236
0.020662
0.074079
0.025714
0.030132
0.032274
0.018852
0.016736
0.005989
0.006338
0.017302
0.011330
0.013083
0.052146
0.008170
0.033546
0.010992
0.017325
0.007127
0.065542
0.029192
0.011054
0.013303
0.058229
0.052162
0.022226
0.027822
0.044735
0.026725
0.035754
0.025860
0.027761
0.068805
0.030402
0.044568
0.028816
0.020730
0.021494
0.012476
0.011843
0.023952
0.010931
0.028057
0.052728
0.011955
0.032899
0.018322
0.024160
0.016008
0.060038
0.032643
0.017245
0.022648
0.045605
0.080864
0.036216
0.026120
0.042839
0.033119
0.097990
0.031532
0.171027
0.033141
0.056715
0.108868
0.061430
0.046992
0.030957
0.040039
0.026351
0.068031
0.021611
0.123297
0.039448
0.049145
0.029496
0.032464
0.045699
0.154280
0.044062
0.041294
0.028929
0.072301
0.052605
0.022733
0.058724
0.043013
0.089118
0.042993
0.170817
0.045364
0.048702
0.103556
0.046589
0.044464
0.038581
0.042807
0.039331
0.069127
0.047897
0.130301
0.048272
0.047836
0.050119
0.051204
0.051340
0.148807
0.041128
0.049262
0.047604
0.053954
0.051646
0.030940
0.035506
0.015686
0.033200
0.052588
0.055372
0.043218
0.011503
0.018400
0.013624
0.019843
0.022872
0.035597
0.014781
0.037570
0.023149
0.032710
0.072833
0.027111
0.048258
0.016981
0.046220
0.021913
0.027631
0.035707
0.033228
0.019190
0.053599
0.049383
0.026137
0.104454
0.022302
0.047178
0.057429
0.028662
0.033369
0.019136
0.029755
0.027550
0.035023
0.022233
0.091962
0.016106
0.020614
0.025212
0.013372
0.035133
0.089525
0.047755
0.016264
0.015515
0.032000
0.021983
0.065578
0.017945
0.144634
0.032228
0.032110
0.081939
0.031075
0.020012
0.021283
0.028781
0.018921
0.051624
0.025210
0.104379
0.033751
0.044708
0.028632
0.032344
0.030503
0.122304
0.022520
0.031401
0.025817
0.035424
0.023896
0.013895
0.077850
0.032089
0.043783
0.037943
0.023034
0.021593
0.012264
0.025597
0.022619
0.023889
0.012458
0.058317
0.016900
0.043361
0.018539
0.019344
0.017558
0.055096
0.030371
0.018134
0.012555
0.056734
0.017372
0.109727
0.051196
0.043315
0.063166
0.042113
0.021852
0.020706
0.022163
0.018049
0.038636
0.020481
0.063620
0.033518
0.072315
0.025542
0.034784
0.019019
0.103023
0.017734
0.041419
0.030236
0.036314
0.037689
0.059713
0.066211
0.013694
0.022248
0.025473
0.029001
0.038177
0.047490
0.016397
0.046058
0.032622
0.032720
0.071424
0.036968
0.048106
0.028030
0.017658
0.038628
0.036333
0.040210
0.095509
0.028623
0.047149
0.051127
0.026235
0.013928
0.012594
0.023207
0.006900
0.030924
0.014102
0.067338
0.024062
0.044349
0.017287
0.019692
0.017543
0.081311
0.016283
0.021804
0.013770
0.129330
0.124396
0.032451
0.074174
0.083479
0.085590
0.089404
0.106657
0.043129
0.099250
0.024787
0.076430
0.132711
0.087179
0.090398
0.070544
0.027390
0.104140
0.090918
0.099059
0.044194
0.073319
0.032915
0.029511
0.019373
0.024267
0.021649
0.040470
0.029163
0.106767
0.023516
0.013351
0.016154
0.026722
0.034786
0.108698
0.043806
0.014180
0.016584
0.069445
0.042627
0.030974
0.023706
0.021309
0.048288
0.049267
0.033746
0.090418
0.036061
0.056850
0.037494
0.045824
0.032348
0.116855
0.052259
0.026693
0.038828
0.026116
0.032992
0.035114
0.040837
0.055928
0.019265
0.055462
0.017962
0.040838
0.084698
0.045308
0.055839
0.032562
0.029826
0.043987
0.039416
0.047809
0.012571
0.016407
0.024597
0.026588
0.016203
0.035082
0.051140
0.021803
0.038826
0.022069
0.036052
0.021536
0.054057
0.019906
0.019254
0.027677
0.009615
0.014398
0.014026
0.020125
0.022086
0.051311
0.024071
0.048121
0.013890
0.033829
0.011919
0.068514
0.009868
0.017206
0.019858
0.006411
0.013039
0.017409
0.008826
0.056876
0.009963
0.033998
0.008602
0.017101
0.008272
0.072764
0.018888
0.009059
0.008392
0.018773
0.017473
0.015352
0.060821
0.014547
0.037995
0.010914
0.024819
0.010809
0.081113
0.028534
0.013503
0.016403
0.029572
0.015598
0.073405
0.025328
0.036232
0.011317
0.021684
0.015278
0.094068
0.017394
0.018859
0.014423
0.029096
0.030542
0.017163
0.047591
0.015730
0.032322
0.014695
0.034514
0.033323
0.022565
0.029265
0.068524
0.017405
0.047557
0.012575
0.016680
0.013010
0.087811
0.030329
0.018952
0.010220
0.062053
0.122855
0.060699
0.078341
0.044123
0.036453
0.057104
0.067265
0.076137
0.027401
0.015660
0.014070
0.019098
0.067724
0.035703
0.016400
0.015606
0.030942
0.026317
0.052153
0.116558
0.063868
0.021887
0.033017
0.021523
0.012265
0.073496
0.025030
0.012825
0.012330
0.024774
0.088616
0.044597
0.018598
0.012654
0.063021
0.022416
0.018190
0.015607
0.085708
0.078695
0.084144
0.033880
0.029395
0.012800
