0.024080
0.055022
0.022033
0.020687
0.081322
0.287571
0.084907
0.027499
0.033734
0.017799
0.471553
0.022768
0.028478
0.017105
0.018677
0.015067
0.070181
0.030136
0.028284
0.016863
0.043358
0.032256
0.038883
0.011591
0.010102
0.287358
0.037544
0.047283
0.074491
0.051009
0.016608
0.020300
0.019591
0.041655
0.020304
0.082424
0.008866
0.016763
0.013402
0.031788
0.020455
0.013048
0.033422
0.037281
0.064353
0.017863
0.028751
0.035505
0.041808
0.053524
0.053368
0.049712
0.150221
0.361683
0.147976
0.020098
0.050760
0.042594
0.538147
0.011443
0.028336
0.044265
0.027745
0.035001
0.096406
0.020647
0.059777
0.014192
0.094208
0.075428
0.060679
0.024186
0.029720
0.360186
0.078080
0.087560
0.135932
0.083652
0.026150
0.051579
0.045843
0.063052
0.042647
0.109538
0.016599
0.046443
0.018356
0.076896
0.039269
0.042717
0.074801
0.031516
0.056190
0.027778
0.024661
0.077677
0.061006
0.089938
0.047758
0.175015
0.415249
0.160043
0.087248
0.105799
0.087438
0.604362
0.037300
0.064462
0.074209
0.068050
0.076233
0.074772
0.068621
0.104041
0.068653
0.103278
0.100976
0.112526
0.070479
0.060690
0.411378
0.109775
0.130395
0.106694
0.051130
0.058078
0.087933
0.080867
0.035340
0.071876
0.062276
0.045087
0.078327
0.058021
0.098118
0.089580
0.077640
0.111162
0.091799
0.044705
0.056673
0.053311
0.110247
0.117336
0.051369
0.041157
0.204111
0.043239
0.044085
0.034058
0.020853
0.383673
0.050330
0.033285
0.013617
0.043678
0.011200
0.079337
0.033408
0.017545
0.038238
0.023465
0.015447
0.042295
0.016612
0.023036
0.195370
0.009161
0.022316
0.049577
0.059521
0.019873
0.017324
0.020491
0.059125
0.024204
0.102525
0.032357
0.027079
0.033187
0.012913
0.024995
0.008684
0.017686
0.053893
0.090641
0.023058
0.048288
0.026595
0.033524
0.103890
0.319981
0.103308
0.054920
0.057117
0.045188
0.505911
0.038143
0.067443
0.036820
0.045366
0.045132
0.060048
0.061258
0.057864
0.039333
0.056663
0.054607
0.050342
0.037197
0.029647
0.320205
0.062075
0.065064
0.085157
0.039099
0.042468
0.036670
0.045434
0.043202
0.047250
0.059522
0.027913
0.029067
0.032065
0.049498
0.043795
0.039117
0.051059
0.060830
0.054569
0.042526
0.052583
0.055824
0.075432
0.108492
0.022662
0.122047
0.071860
0.054075
0.261265
0.133048
0.106620
0.043009
0.102020
0.068722
0.154505
0.113316
0.043492
0.125916
0.020042
0.030817
0.075203
0.086358
0.084181
0.097400
0.042917
0.027341
0.043041
0.112778
0.074785
0.050888
0.048845
0.129018
0.065799
0.178175
0.101501
0.057441
0.108163
0.025730
0.065382
0.053243
0.024163
0.120355
0.181237
0.078668
0.122595
0.030209
0.077453
0.174282
0.306914
0.227530
0.220509
0.164592
0.348193
0.299567
0.216407
0.293943
0.251875
0.383603
0.296289
0.194043
0.330855
0.161682
0.199453
0.233901
0.278011
0.299588
0.056194
0.191308
0.151933
0.207146
0.344710
0.266556
0.211125
0.222320
0.377454
0.263519
0.412765
0.309905
0.230723
0.318874
0.183816
0.225837
0.235060
0.170273
0.289248
0.417087
0.273489
0.334876
0.172602
0.200502
0.134768
0.085639
0.069586
0.298775
0.125258
0.103380
0.051695
0.116770
0.073985
0.142528
0.113893
0.060372
0.129186
0.035968
0.034398
0.101831
0.088048
0.083764
0.133675
0.044067
0.041511
0.040501
0.087861
0.074002
0.070377
0.061973
0.102159
0.060893
0.151231
0.103390
0.077009
0.112277
0.032275
0.085536
0.057445
0.035717
0.143758
0.164129
0.080174
0.125608
0.053175
0.106509
0.039728
0.034363
0.505770
0.030431
0.037968
0.036369
0.022455
0.029585
0.098551
0.029975
0.041808
0.008390
0.081128
0.063364
0.031236
0.022858
0.029260
0.313053
0.065173
0.063839
0.129330
0.100903
0.031662
0.032719
0.039173
0.084213
0.044731
0.123448
0.028608
0.037790
0.017930
0.065907
0.025459
0.035202
0.058756
0.020359
0.067928
0.035950
0.039429
0.057445
0.038232
0.010928
0.408153
0.046957
0.062846
0.025640
0.031020
0.039869
0.135612
0.038047
0.021470
0.042876
0.047816
0.046152
0.022992
0.042982
0.039900
0.233581
0.051169
0.029753
0.102129
0.105639
0.025188
0.033509
0.019951
0.099579
0.028142
0.147081
0.039691
0.022289
0.043772
0.045343
0.017904
0.036867
0.023790
0.036850
0.114331
0.028664
0.048331
0.026422
0.033214
0.403257
0.036356
0.042845
0.011276
0.017789
0.021298
0.110789
0.033965
0.012600
0.035479
0.028574
0.024276
0.022261
0.026367
0.023220
0.229181
0.038460
0.025924
0.072837
0.082680
0.014673
0.019872
0.007079
0.074551
0.015282
0.127397
0.025029
0.010550
0.028650
0.026268
0.013979
0.016376
0.015544
0.032010
0.100237
0.015886
0.034323
0.012153
0.033610
0.525037
0.480819
0.398552
0.482877
0.438163
0.588715
0.474183
0.373091
0.519800
0.344251
0.367748
0.434577
0.461328
0.478425
0.108592
0.378480
0.331716
0.389467
0.522554
0.435786
0.414127
0.400782
0.548560
0.427467
0.613005
0.493856
0.425096
0.505416
0.367552
0.425392
0.418063
0.341703
0.483353
0.606895
0.446242
0.516988
0.361550
0.409396
0.030961
0.034676
0.024573
0.036694
0.094394
0.021009
0.051474
0.021181
0.075867
0.062986
0.059521
0.029381
0.030552
0.348973
0.073759
0.076091
0.109751
0.069905
0.017462
0.048774
0.037397
0.048989
0.031645
0.096980
0.011400
0.037214
0.018534
0.063664
0.038181
0.037341
0.062023
0.033150
0.058525
0.018222
0.019396
0.062325
0.064680
0.029878
0.037907
0.020970
0.077662
0.034064
0.052753
0.033550
0.066047
0.057113
0.069876
0.020785
0.024912
0.284409
0.057585
0.078187
0.082530
0.067424
0.026113
0.042837
0.035275
0.043739
0.033953
0.104636
0.018559
0.054062
0.025721
0.046277
0.047874
0.027043
0.061293
0.054533
0.067703
0.026284
0.028974
0.065449
0.060602
0.025890
0.015582
0.084873
0.034755
0.015291
0.034975
0.018157
0.018671
0.026414
0.020324
0.018527
0.208317
0.031097
0.024834
0.050742
0.059321
0.012699
0.013520
0.006112
0.055083
0.015110
0.103845
0.019796
0.013587
0.025079
0.012918
0.018137
0.011025
0.011537
0.037511
0.082785
0.013832
0.033376
0.014692
0.038247
0.032279
0.115689
0.033188
0.030245
0.024434
0.058249
0.049355
0.033759
0.033743
0.027460
0.305351
0.070372
0.056374
0.099913
0.095297
0.017316
0.034347
0.020587
0.074659
0.022255
0.122276
0.018959
0.021574
0.021552
0.057342
0.021448
0.030429
0.045243
0.020339
0.078432
0.019416
0.024066
0.032465
0.040837
0.063169
0.028192
0.027542
0.022228
0.035681
0.027672
0.039719
0.005899
0.011426
0.244444
0.025753
0.043398
0.062994
0.056218
0.019619
0.013222
0.018692
0.046761
0.023814
0.087471
0.018878
0.025072
0.015719
0.022633
0.029157
0.006504
0.033146
0.040555
0.072105
0.018278
0.030063
0.034110
0.036746
0.107465
0.122179
0.077602
0.105842
0.098526
0.108781
0.057596
0.051741
0.360927
0.083955
0.138649
0.094004
0.025613
0.096986
0.075965
0.102651
0.033502
0.101129
0.038123
0.073437
0.099873
0.065801
0.080324
0.111096
0.069369
0.117896
0.130999
0.052366
0.093943
0.090792
0.128707
0.136531
0.037853
0.022583
0.066876
0.052175
0.052206
0.027128
0.037450
0.298288
0.048383
0.056402
0.110024
0.090970
0.014165
0.038259
0.036064
0.074813
0.036403
0.123200
0.023782
0.036186
0.025532
0.058540
0.026142
0.033563
0.052739
0.025513
0.086414
0.015799
0.027454
0.055579
0.036201
0.043991
0.024726
0.020254
0.026174
0.033501
0.038290
0.199675
0.030993
0.019749
0.069705
0.096943
0.021191
0.021325
0.014825
0.089525
0.026633
0.136389
0.037246
0.014955
0.037403
0.029977
0.017207
0.020125
0.012089
0.034983
0.116256
0.023332
0.049974
0.013447
0.027204
0.077843
0.055858
0.040592
0.013802
0.018537
0.330748
0.055068
0.068036
0.117765
0.077410
0.024451
0.030078
0.039171
0.062046
0.037243
0.094360
0.017352
0.033341
0.008859
0.061055
0.028690
0.026958
0.060484
0.024112
0.059255
0.026899
0.028396
0.060347
0.042785
0.020109
0.047782
0.049982
0.045715
0.161218
0.029211
0.022057
0.028583
0.070878
0.037515
0.021397
0.024486
0.079714
0.038550
0.115983
0.052112
0.025410
0.058651
0.014354
0.036406
0.024144
0.013468
0.072899
0.118888
0.036855
0.069841
0.013706
0.048090
0.049895
0.035252
0.035057
0.193268
0.019689
0.023251
0.038416
0.064930
0.026489
0.025499
0.023060
0.068251
0.023531
0.111674
0.045406
0.022817
0.046169
0.016866
0.035784
0.016022
0.019848
0.064926
0.108550
0.029454
0.057435
0.018899
0.054816
0.041381
0.038359
0.237428
0.060391
0.039903
0.106477
0.104740
0.039913
0.025080
0.026602
0.103145
0.044479
0.141411
0.047098
0.022460
0.040330
0.050016
0.021711
0.040828
0.028946
0.029141
0.100653
0.040471
0.056842
0.030895
0.042203
0.010823
0.270658
0.030640
0.051401
0.080063
0.052315
0.021840
0.018757
0.026222
0.043495
0.029359
0.082906
0.015604
0.029526
0.011773
0.031066
0.030341
0.011159
0.040253
0.040172
0.060899
0.021410
0.031803
0.046670
0.043689
0.283880
0.039808
0.056898
0.070556
0.042660
0.020841
0.020805
0.021400
0.033258
0.020553
0.074182
0.014991
0.026282
0.013408
0.029935
0.031102
0.012493
0.039555
0.047267
0.054499
0.019466
0.025571
0.041522
0.052932
0.190400
0.161818
0.192259
0.317934
0.258195
0.219153
0.217833
0.347345
0.248401
0.397797
0.307671
0.244558
0.315888
0.177959
0.241027
0.231855
0.168520
0.304310
0.399437
0.267550
0.328367
0.186829
0.223666
0.027175
0.052731
0.063248
0.038532
0.025229
0.042332
0.075649
0.045328
0.104744
0.054385
0.039737
0.052478
0.021298
0.036725
0.019525
0.028334
0.078565
0.106873
0.043215
0.076686
0.039591
0.044270
0.062657
0.100054
0.037194
0.026649
0.029363
0.109802
0.042670
0.145115
0.061465
0.027818
0.063507
0.022841
0.025478
0.033221
0.009959
0.061840
0.131542
0.043797
0.081029
0.015118
0.033049
0.053239
0.069266
0.058661
0.061514
0.061694
0.060524
0.090977
0.080371
0.068925
0.091321
0.029621
0.088866
0.048571
0.056151
0.134569
0.120583
0.069191
0.095531
0.051530
0.100463
0.067106
0.064556
0.075787
0.013898
0.063884
0.029796
0.056065
0.075043
0.059520
0.052181
0.090170
0.051067
0.081185
0.126045
0.051469
0.066925
0.076688
0.093320
0.125976
0.025968
0.013243
0.053663
0.010890
0.105374
0.013088
0.018530
0.019573
0.032906
0.018546
0.016332
0.028797
0.028854
0.075652
0.004288
0.017689
0.027133
0.036716
0.018914
0.066465
0.031713
0.094086
0.028082
0.014315
0.022952
0.019213
0.016578
0.011519
0.020718
0.038988
0.083988
0.026124
0.044504
0.018989
0.025761
0.063755
0.011025
0.120294
0.022034
0.011320
0.029470
0.021163
0.020072
0.017048
0.015657
0.035622
0.094355
0.013078
0.027439
0.012658
0.036856
0.050019
0.039135
0.037828
0.072071
0.044085
0.056878
0.088156
0.045553
0.086509
0.107704
0.045056
0.050289
0.049848
0.092454
0.119077
0.107851
0.021435
0.021849
0.029131
0.030113
0.031123
0.019253
0.028893
0.049138
0.086040
0.011986
0.023499
0.025350
0.054895
0.084244
0.109719
0.078733
0.102009
0.131797
0.086172
0.133323
0.148989
0.057379
0.103569
0.102286
0.134561
0.146655
0.022885
0.010081
0.040317
0.029176
0.019112
0.045543
0.031883
0.059547
0.011482
0.012756
0.043787
0.047348
0.025980
0.028637
0.014292
0.019500
0.018759
0.027737
0.091785
0.018327
0.033765
0.012602
0.032716
0.047263
0.029207
0.016807
0.050226
0.027035
0.055739
0.017599
0.019317
0.047297
0.048151
0.036891
0.014677
0.015361
0.074835
0.101991
0.032741
0.058248
0.020470
0.051724
0.024449
0.020665
0.025902
0.096738
0.024599
0.045043
0.022691
0.021012
0.023543
0.044793
0.078303
0.016120
0.033735
0.022446
0.038648
0.056265
0.121183
0.030848
0.064709
0.010986
0.040471
0.097214
0.030033
0.035174
0.047050
0.035368
0.077431
0.071829
0.122775
0.122482
0.013019
0.027925
0.041234
0.052776
0.061357
0.035269
