0.554453
0.594317
0.630036
0.620979
0.672311
0.597130
0.467530
0.508037
0.580911
0.366111
0.642144
0.707384
0.559197
0.640514
0.445178
0.595528
0.671126
0.497635
0.657509
0.617057
0.674414
0.616811
0.582490
0.603377
0.660276
0.656652
0.433309
0.557224
0.594217
0.607087
0.517760
0.685737
0.671536
0.426415
0.673509
0.635815
0.503269
0.318480
0.526727
0.487916
0.561145
0.537699
0.506159
0.718030
0.630520
0.499690
0.583792
0.498410
0.585121
0.568332
0.620133
0.489893
0.731609
0.705858
0.577835
0.560818
0.572501
0.582423
0.812044
0.690479
0.555210
0.683446
0.350604
0.613200
0.520987
0.520187
0.559683
0.716876
0.598631
0.653001
0.481448
0.653880
0.627564
0.634515
0.562701
0.495936
0.640238
0.591315
0.610915
0.660937
0.660759
0.592617
0.638592
0.600790
0.671470
0.631020
0.558700
0.507356
0.623928
0.620525
0.520840
0.774733
0.541871
0.707480
0.621623
0.647497
0.491374
0.565486
0.702579
0.735189
0.775538
0.417740
0.562886
0.611430
0.532364
0.692360
0.531666
0.609522
0.672674
0.468570
0.759198
0.723316
0.432541
0.639762
0.756809
0.615932
0.534641
0.507249
0.578955
0.756427
0.404887
0.617355
0.574338
0.686573
0.542213
0.733548
0.629753
0.439589
0.695624
0.608881
0.645066
0.617625
0.617025
0.446389
0.665341
0.540673
0.537698
0.528302
0.724190
0.463560
0.685946
0.544296
0.593791
0.551657
0.664883
0.542621
0.712215
0.563554
0.477390
0.621637
0.557301
0.737369
0.713276
0.476871
0.710102
0.395530
0.554818
0.564064
0.495113
0.636145
0.764852
0.652489
0.606207
0.523709
0.563642
0.687300
0.589058
0.575446
0.428748
0.707058
0.497113
0.539837
0.663771
0.560971
0.645189
0.627192
0.641882
0.530897
0.731066
0.498300
0.549048
0.533246
0.508599
0.554727
0.668566
0.565157
0.652068
0.551391
0.619559
0.508442
0.735444
0.663168
0.649451
0.624660
0.685379
0.653642
0.781760
0.726980
0.560949
0.669490
0.566894
0.673260
0.691336
0.583976
0.753228
0.782855
0.619248
0.739281
0.621874
0.652090
0.667696
0.668448
0.600065
0.673316
0.632053
0.657146
0.684114
0.615134
0.663769
0.670381
0.597524
0.573783
0.702045
0.698140
0.651539
0.603048
0.626495
0.649974
0.500668
0.790522
0.639026
0.597101
0.665098
0.678050
0.524136
0.650196
0.700031
0.489876
0.717140
0.629657
0.816615
0.754052
0.537996
0.735389
0.526740
0.637898
0.590040
0.594520
0.758880
0.729785
0.781145
0.721920
0.614136
0.490672
0.638228
0.797202
0.572952
0.491149
0.744149
0.577780
0.591610
0.687399
0.703300
0.654037
0.703732
0.679353
0.441341
0.689861
0.425342
0.661092
0.676404
0.588229
0.678432
0.609301
0.604620
0.669269
0.575053
0.598571
0.496424
0.753038
0.619142
0.702537
0.731571
0.802620
0.727302
0.610971
0.570968
0.550468
0.733125
0.764811
0.690666
0.628084
0.676605
0.672480
0.736843
0.668616
0.607998
0.809045
0.743410
0.724584
0.710892
0.750956
0.705925
0.567268
0.749408
0.734006
0.592612
0.541377
0.774697
0.672615
0.768566
0.663811
0.671283
0.742142
0.706257
0.547037
0.701999
0.747790
0.590162
0.623747
0.738267
0.627844
0.665780
0.496545
0.471717
0.697935
0.568035
0.594945
0.653185
0.522199
0.666012
0.660801
0.518950
0.677133
0.648679
0.733787
0.665061
0.506330
0.605635
0.694256
0.470506
0.643226
0.603305
0.641426
0.620198
0.736662
0.627413
0.617135
0.521461
0.651402
0.652105
0.604667
0.569967
0.502665
0.663019
0.536709
0.654294
0.565965
0.791266
0.507156
0.647256
0.573878
0.530447
0.540316
0.639564
0.507201
0.718767
0.707238
0.488377
0.641197
0.346561
0.644593
0.624864
0.491413
0.611115
0.646270
0.634707
0.573035
0.566842
0.486015
0.615924
0.679313
0.583303
0.434460
0.592150
0.489087
0.474567
0.588003
0.616106
0.582965
0.583574
0.605302
0.405380
0.437411
0.411911
0.532001
0.536848
0.543383
0.458002
0.677706
0.561407
0.580387
0.459592
0.541153
0.500396
0.647359
0.834901
0.560744
0.586263
0.616972
0.485612
0.726273
0.657856
0.651532
0.638648
0.745001
0.703960
0.723913
0.597286
0.579335
0.742468
0.601499
0.664495
0.580599
0.662604
0.572172
0.662600
0.575299
0.676847
0.642971
0.656846
0.733352
0.623613
0.677140
0.619693
0.501525
0.659733
0.657540
0.529283
0.761009
0.648961
0.652895
0.610129
0.646267
0.507098
0.503130
0.711408
0.576734
0.719192
0.503504
0.593169
0.589762
0.357869
0.677710
0.713043
0.714563
0.518686
0.578390
0.562425
0.519250
0.664353
0.484571
0.571838
0.633394
0.570916
0.473782
0.699825
0.576877
0.534350
0.705038
0.627577
0.428308
0.488475
0.478085
0.482744
0.598532
0.482422
0.568453
0.692962
0.493452
0.601499
0.546364
0.456403
0.567200
0.569035
0.753957
0.679682
0.707270
0.796179
0.821044
0.743874
0.838070
0.816320
0.777107
0.705868
0.817246
0.733729
0.734298
0.748599
0.787846
0.774734
0.785697
0.813685
0.795295
0.800968
0.741989
0.785133
0.869957
0.806811
0.750829
0.677616
0.715714
0.810827
0.726438
0.646358
0.743803
0.771855
0.739869
0.806058
0.572137
0.712361
0.753615
0.740120
0.679498
0.659025
0.751813
0.864064
0.696633
0.655346
0.615423
0.665756
0.749602
0.697200
0.552934
0.833434
0.483151
0.824393
0.730189
0.647238
0.729415
0.800667
0.589791
0.625795
0.652213
0.747964
0.799153
0.674693
0.690489
0.702826
0.765447
0.683651
0.734963
0.596143
0.576026
0.646636
0.705691
0.530698
0.825238
0.549515
0.682871
0.353980
0.519395
0.548440
0.572556
0.593423
0.727722
0.649536
0.624109
0.479323
0.522956
0.644839
0.681033
0.420747
0.354687
0.626714
0.405393
0.512828
0.606114
0.645263
0.598972
0.571492
0.558027
0.546999
0.682390
0.374870
0.467941
0.553409
0.624651
0.447641
0.678290
0.555661
0.547867
0.631606
0.623634
0.486295
0.583225
0.766440
0.790824
0.629054
0.623646
0.807054
0.623141
0.703279
0.679431
0.609008
0.796695
0.669179
0.740812
0.718363
0.725365
0.723741
0.704903
0.686796
0.653783
0.737883
0.638800
0.647742
0.710972
0.747564
0.705881
0.688830
0.764283
0.568811
0.526214
0.766453
0.666048
0.642658
0.600884
0.711774
0.635861
0.508045
0.549252
0.378308
0.467088
0.634348
0.542290
0.522549
0.407645
0.474162
0.585832
0.533755
0.423172
0.301803
0.547304
0.472446
0.474385
0.574991
0.522001
0.510256
0.503101
0.614210
0.489365
0.559102
0.353526
0.407452
0.539357
0.441729
0.361302
0.693692
0.432054
0.545056
0.400273
0.540920
0.391954
0.650526
0.600793
0.617916
0.744215
0.773282
0.741228
0.612385
0.615101
0.630400
0.758304
0.538472
0.520897
0.681109
0.615857
0.522048
0.737452
0.654364
0.574125
0.692997
0.520578
0.587889
0.619902
0.540287
0.605164
0.696835
0.598647
0.686811
0.690581
0.530764
0.694709
0.648798
0.703905
0.536082
0.564300
0.712345
0.833547
0.776868
0.721121
0.598949
0.567487
0.621286
0.756681
0.617429
0.568179
0.720655
0.607429
0.671135
0.787103
0.649468
0.654750
0.729233
0.576124
0.556368
0.719070
0.542572
0.614771
0.754905
0.611656
0.682258
0.742331
0.563621
0.719807
0.749534
0.527704
0.522517
0.577484
0.671129
0.631060
0.397722
0.520745
0.507705
0.594244
0.476160
0.494532
0.574741
0.560747
0.553862
0.507910
0.629569
0.368724
0.542305
0.622641
0.541901
0.487077
0.595184
0.526169
0.517935
0.621223
0.289131
0.451166
0.687363
0.245668
0.559173
0.536812
0.563405
0.541812
0.689972
0.623715
0.679551
0.602570
0.623016
0.748765
0.690379
0.669222
0.616548
0.715648
0.642776
0.596268
0.761717
0.651603
0.648133
0.613087
0.675910
0.657150
0.707254
0.605464
0.677532
0.706305
0.670097
0.541033
0.699406
0.591192
0.652876
0.631202
0.739363
0.615952
0.769186
0.719200
0.716550
0.686195
0.756064
0.658485
0.761036
0.765016
0.687976
0.837300
0.677890
0.810951
0.797827
0.454724
0.672501
0.767546
0.657613
0.647250
0.742910
0.754262
0.777580
0.763897
0.593893
0.687487
0.760191
0.679284
0.710011
0.770063
0.662036
0.671512
0.681439
0.595376
0.782731
0.542221
0.654353
0.699668
0.669863
0.783771
0.637194
0.593195
0.599647
0.678775
0.677052
0.765311
0.712340
0.778206
0.708953
0.673692
0.558073
0.649807
0.402002
0.684104
0.663091
0.577674
0.612163
0.720527
0.657327
0.599570
0.597953
0.615818
0.563568
0.667193
0.593390
0.662875
0.674695
0.558518
0.630804
0.521747
0.711333
0.725034
0.721772
0.609479
0.708919
0.603669
0.654403
0.665021
0.508032
0.540975
0.681762
0.461895
0.666384
0.592691
0.601898
0.663576
0.634070
0.661858
0.661983
0.563300
0.432643
0.698833
0.509756
0.507877
0.640034
0.688994
0.577186
0.556581
0.626060
0.627604
0.672764
0.464932
0.526464
0.478571
0.631699
0.569520
0.710511
0.554101
0.681439
0.518119
0.584930
0.603603
0.586400
0.536829
0.583515
0.534714
0.534538
0.608972
0.607635
0.576353
0.479822
0.651194
0.680342
0.668355
0.484615
0.660897
0.478375
0.624887
0.616807
0.508114
0.498929
0.577731
0.455336
0.406581
0.519639
0.412575
0.450295
0.780009
0.639984
0.688433
0.688886
0.671947
0.685817
0.812108
0.700098
0.639302
0.746750
0.669968
0.571745
0.711527
0.597001
0.622086
0.801409
0.673742
0.678907
0.797825
0.592938
0.720506
0.729362
0.501308
0.551800
0.718043
0.701290
0.611854
0.676784
0.701054
0.681351
0.327443
0.663145
0.764322
0.665540
0.722312
0.751549
0.695598
0.682402
0.698331
0.473360
0.534169
0.785865
0.512668
0.599952
0.585109
0.727873
0.485669
0.377151
0.664464
0.503074
0.494874
0.700757
0.572862
0.573940
0.665167
0.613107
0.576350
0.571769
0.462052
0.453705
0.641050
0.517425
0.570850
0.716185
0.555274
0.586201
0.652550
0.557740
0.498568
0.652111
0.407902
0.476305
0.602298
0.646280
0.653767
0.646155
0.644555
0.556550
0.634744
0.369981
0.532265
0.573630
0.598413
0.552943
0.674186
0.538550
0.693396
0.460053
0.600619
0.463849
0.767503
0.635491
0.602561
0.608546
0.624625
0.796261
0.647684
0.577299
0.691078
0.618556
0.613606
0.678537
0.632355
0.424934
0.831159
0.538116
0.522949
0.641359
0.652857
0.655053
0.575207
0.657639
0.641421
0.724097
0.578024
0.619302
0.589849
0.638823
0.470358
0.450773
0.633373
0.639774
0.615740
0.671513
0.597106
0.754897
0.643640
0.673496
0.476597
0.702831
0.619331
0.505288
0.669233
0.632348
0.465890
0.673578
0.552701
0.492801
0.618056
0.543544
0.561001
0.658016
0.617461
0.522313
0.479265
0.610341
0.597743
0.692051
0.811359
0.766934
0.712645
0.649157
0.662710
0.575825
0.689874
0.554146
0.689592
0.489215
0.662869
0.561180
0.714422
0.542830
0.746976
0.685840
0.665496
0.737748
0.653242
0.665865
0.762260
0.664273
0.664409
0.733981
0.367911
0.525356
0.715400
0.384036
0.497709
0.594020
0.650812
0.543953
0.621922
0.651279
0.540908
0.520053
0.648777
0.597848
0.662584
0.630106
0.531053
0.689810
0.630470
0.485171
0.667274
0.597941
0.595337
0.637922
0.681633
0.727150
0.604679
0.615909
0.673872
0.719744
0.561588
0.743970
0.682897
0.686429
0.672107
0.756050
0.590993
0.668261
0.686396
0.606920
0.643553
0.750180
0.659676
0.575597
0.855871
0.513178
0.702669
0.753239
0.744373
0.585629
0.530799
0.407226
0.604388
0.601950
0.573958
0.564286
0.596790
0.558572
0.580197
0.542810
0.453345
0.530007
0.576552
0.666395
0.682572
0.633469
0.656522
0.626108
0.656026
0.749254
0.628479
0.660998
0.629550
0.541357
0.480540
0.602582
0.560585
0.643400
0.490907
0.620745
0.460745
0.452273
0.488754
0.630118
0.535906
0.500733
0.768161
0.623754
0.592007
0.664401
0.612356
0.575404
0.724937
0.541559
0.705801
0.683555
0.622720
0.587182
0.576782
0.633316
0.539617
0.717808
0.445241
0.581988
0.536797
0.575724
0.571588
0.639750
0.512541
0.415086
0.586415
0.616395
0.524280
0.681947
0.745522
0.636116
0.771674
0.617299
0.616824
0.569534
0.628347
0.525863
0.653768
0.485493
0.637200
0.574044
0.514965
0.594576
