0.046010
0.048015
0.043380
0.031343
0.040536
0.048170
0.117629
0.074078
0.027492
0.061633
0.019799
0.088273
0.067680
0.018179
0.027719
0.042076
0.073029
0.048658
0.104032
0.168480
0.075118
0.061778
0.052404
0.033359
0.034663
0.056279
0.043070
0.037923
0.093445
0.051780
0.068311
0.110395
0.057822
0.120413
0.152568
0.083754
0.065862
0.077751
0.071135
0.030185
0.055347
0.026730
0.049866
0.034041
0.091675
0.117325
0.131903
0.082107
0.052373
0.022319
0.026823
0.012576
0.028974
0.016827
0.038375
0.019404
0.021530
0.027251
0.021836
0.032214
0.024512
0.052581
0.030949
0.060884
0.032791
0.046501
0.043021
0.097559
0.026643
0.047826
0.020754
0.022423
0.028251
0.033702
0.071154
0.014215
0.041161
0.015416
0.041157
0.037366
0.083817
0.058604
0.071327
0.036344
0.029383
0.054105
0.035395
0.034310
0.031944
0.011896
0.029445
0.023043
0.045320
0.059599
0.079554
0.022688
0.027676
0.018702
0.012132
0.012923
0.029291
0.058373
0.032334
0.019358
0.007893
0.021029
0.034639
0.010319
0.061166
0.035542
0.076080
0.014578
0.043367
0.021824
0.150349
0.016061
0.040331
0.014597
0.018537
0.017582
0.019513
0.048795
0.022997
0.019329
0.022945
0.052388
0.038105
0.076948
0.054752
0.087919
0.020818
0.011615
0.032519
0.055205
0.031014
0.006999
0.019595
0.009293
0.014134
0.058211
0.032633
0.043853
0.022143
0.013719
0.013124
0.035073
0.021495
0.069543
0.040389
0.013501
0.021035
0.021446
0.055343
0.028120
0.045410
0.038280
0.038637
0.039286
0.054222
0.053836
0.147810
0.025532
0.040676
0.018770
0.021980
0.009349
0.036603
0.063136
0.011712
0.046901
0.023074
0.049652
0.060178
0.040845
0.087826
0.107234
0.043172
0.027215
0.056789
0.040037
0.030990
0.025419
0.021256
0.024747
0.021288
0.071034
0.067672
0.080089
0.038096
0.013712
0.019526
0.016281
0.051301
0.025766
0.011765
0.016151
0.011573
0.032079
0.019911
0.037276
0.023959
0.047244
0.026911
0.039633
0.040243
0.118800
0.021773
0.039653
0.012167
0.009807
0.009934
0.025910
0.056311
0.007264
0.036888
0.012608
0.034723
0.043247
0.062808
0.060386
0.081384
0.031488
0.019353
0.042911
0.039245
0.027690
0.021109
0.011363
0.017757
0.012582
0.048746
0.054297
0.072157
0.024694
0.015611
0.051997
0.082515
0.052563
0.028614
0.021827
0.022577
0.043285
0.024479
0.067830
0.036042
0.086697
0.016962
0.023184
0.027918
0.174922
0.037918
0.055357
0.032358
0.025036
0.031654
0.024664
0.033301
0.033758
0.024764
0.037506
0.066674
0.053391
0.098263
0.055318
0.111094
0.022039
0.020962
0.029172
0.082983
0.034793
0.013904
0.025224
0.017599
0.009532
0.076497
0.032698
0.040279
0.035077
0.038850
0.040792
0.017231
0.018327
0.033601
0.032373
0.045523
0.038359
0.041137
0.032818
0.041203
0.051111
0.071172
0.066228
0.091802
0.028481
0.061927
0.026167
0.026231
0.020193
0.056616
0.097955
0.011793
0.062976
0.016520
0.043282
0.049140
0.059177
0.075684
0.071875
0.058743
0.042632
0.078453
0.021863
0.048553
0.046155
0.017156
0.044095
0.039312
0.036692
0.088358
0.108525
0.032455
0.021344
0.032258
0.063085
0.049905
0.085115
0.032006
0.050463
0.118235
0.085151
0.117402
0.056214
0.106855
0.059258
0.079936
0.032640
0.106011
0.046310
0.070609
0.067300
0.079705
0.140479
0.053199
0.059686
0.042485
0.075162
0.019154
0.138335
0.042677
0.026881
0.057205
0.051818
0.107712
0.053465
0.098565
0.071609
0.063282
0.069656
0.080091
0.045210
0.074608
0.101648
0.025811
0.056158
0.036034
0.036560
0.044227
0.033814
0.038886
0.067866
0.036393
0.079237
0.051100
0.078055
0.058379
0.086403
0.029826
0.066826
0.034592
0.032587
0.031724
0.061116
0.104623
0.024986
0.055368
0.021419
0.052211
0.037447
0.092033
0.057299
0.052638
0.058649
0.042748
0.069576
0.026071
0.062072
0.047272
0.029475
0.048289
0.048719
0.020128
0.076865
0.100143
0.031909
0.031219
0.024723
0.017726
0.051301
0.031650
0.032013
0.026349
0.034548
0.033758
0.052014
0.059188
0.137421
0.024329
0.053745
0.021863
0.023570
0.010925
0.042619
0.061581
0.013939
0.047850
0.017474
0.053592
0.053365
0.038987
0.071884
0.095381
0.041434
0.028499
0.059964
0.035474
0.030000
0.027751
0.014221
0.028551
0.023332
0.056335
0.069152
0.080506
0.037304
0.017474
0.028908
0.029150
0.007666
0.075467
0.049247
0.088126
0.011115
0.052534
0.017838
0.155404
0.009527
0.046400
0.010973
0.023826
0.023417
0.020212
0.056507
0.025761
0.013753
0.025544
0.058049
0.028911
0.087770
0.051174
0.080077
0.014821
0.006566
0.037007
0.062296
0.035906
0.008348
0.027717
0.008430
0.019993
0.059565
0.025062
0.040524
0.015433
0.012352
0.050594
0.029759
0.026818
0.017051
0.050923
0.041902
0.043280
0.062603
0.146113
0.043185
0.026527
0.023875
0.012558
0.019487
0.027975
0.042328
0.018565
0.053066
0.026442
0.041216
0.072789
0.063059
0.090938
0.115174
0.048119
0.030983
0.039008
0.051966
0.015966
0.024333
0.010846
0.018725
0.013250
0.070471
0.071095
0.088910
0.048204
0.023432
0.030110
0.095224
0.054940
0.102600
0.035537
0.075636
0.036509
0.107534
0.031443
0.075588
0.035486
0.044757
0.049953
0.053282
0.097335
0.038849
0.039695
0.042511
0.050200
0.015082
0.125807
0.022478
0.033840
0.036735
0.030456
0.057959
0.066401
0.069860
0.039644
0.044399
0.041602
0.048019
0.047562
0.045538
0.070696
0.012220
0.046806
0.075496
0.056553
0.093930
0.015902
0.060854
0.018283
0.145798
0.013418
0.043024
0.008526
0.030059
0.034163
0.014126
0.067387
0.028581
0.016910
0.024250
0.053389
0.030856
0.097050
0.057612
0.085150
0.017895
0.011838
0.041573
0.062848
0.033437
0.011917
0.028993
0.008428
0.024703
0.070359
0.026899
0.040931
0.019825
0.015751
0.031401
0.024434
0.100681
0.093538
0.131727
0.144721
0.081181
0.064755
0.054919
0.045085
0.037090
0.072307
0.090600
0.033857
0.121702
0.049998
0.059322
0.120903
0.037873
0.142940
0.149512
0.112990
0.084372
0.099759
0.049242
0.034837
0.076286
0.030233
0.065518
0.056413
0.091398
0.150666
0.168048
0.094869
0.049157
0.053168
0.059737
0.058300
0.087174
0.127275
0.061174
0.046921
0.050362
0.022745
0.024428
0.061087
0.059539
0.028933
0.076998
0.039009
0.048625
0.079897
0.068771
0.085328
0.101507
0.071063
0.049571
0.044976
0.045872
0.039239
0.043845
0.020125
0.044334
0.032039
0.047751
0.097234
0.119727
0.057370
0.042810
0.111303
0.103762
0.141944
0.140014
0.084816
0.092784
0.068346
0.063931
0.040215
0.101378
0.120781
0.032053
0.135328
0.059202
0.066433
0.118948
0.025785
0.141753
0.144635
0.119339
0.098260
0.130958
0.049088
0.063812
0.094459
0.045588
0.091094
0.071051
0.108960
0.163501
0.175045
0.093255
0.063197
0.041060
0.011536
0.168992
0.020626
0.067836
0.026433
0.034278
0.040091
0.028371
0.057563
0.041150
0.008464
0.034922
0.073386
0.028961
0.117712
0.039255
0.085831
0.005097
0.010987
0.037593
0.086134
0.052339
0.013625
0.038420
0.017785
0.020899
0.070253
0.013196
0.021845
0.017709
0.034575
0.054767
0.196286
0.072009
0.084317
0.061436
0.039962
0.054747
0.055465
0.033318
0.053051
0.049555
0.063461
0.095940
0.087180
0.131441
0.081862
0.143724
0.044589
0.049566
0.061131
0.115370
0.065356
0.043558
0.046988
0.049783
0.021567
0.099932
0.060230
0.067469
0.063292
0.073060
0.173947
0.025543
0.078153
0.033789
0.047988
0.058035
0.028290
0.072841
0.056390
0.006926
0.048186
0.083301
0.029803
0.147406
0.043358
0.088944
0.010194
0.016752
0.047785
0.104560
0.068741
0.020538
0.055975
0.024707
0.034877
0.083270
0.009014
0.019488
0.020680
0.044727
0.131466
0.150266
0.133690
0.134653
0.139130
0.170062
0.242146
0.111187
0.178962
0.100083
0.073619
0.117456
0.181005
0.133623
0.089658
0.169617
0.159461
0.204377
0.076556
0.169389
0.174279
0.117292
0.166420
0.165842
0.091834
0.202392
0.230222
0.116798
0.138075
0.060242
0.011592
0.036944
0.026602
0.032974
0.083049
0.028150
0.021142
0.020210
0.060603
0.021305
0.080880
0.050623
0.064571
0.022117
0.012943
0.061345
0.046938
0.049506
0.021388
0.035102
0.021066
0.037735
0.051973
0.034645
0.051191
0.015225
0.012800
0.040303
0.034779
0.042629
0.037581
0.063209
0.050477
0.071394
0.051653
0.041780
0.096461
0.084750
0.124854
0.136926
0.072851
0.048944
0.048108
0.064669
0.031786
0.039447
0.041013
0.031057
0.042857
0.095341
0.089965
0.110315
0.072693
0.034620
0.023704
0.022557
0.018786
0.068550
0.018051
0.029451
0.017741
0.046278
0.038545
0.074742
0.070378
0.083697
0.028317
0.014541
0.054848
0.050150
0.030576
0.020625
0.026312
0.012184
0.025532
0.064856
0.045970
0.065779
0.024463
0.009315
0.015702
0.029165
0.051683
0.018226
0.045204
0.020694
0.038230
0.061407
0.076831
0.078470
0.098361
0.041016
0.025957
0.036375
0.054236
0.032997
0.026747
0.018486
0.020912
0.013677
0.053870
0.061325
0.083270
0.037497
0.022927
0.042456
0.062683
0.014514
0.050996
0.019456
0.043742
0.059019
0.038611
0.077533
0.093555
0.047644
0.027954
0.050480
0.035717
0.035326
0.027476
0.022539
0.026854
0.023364
0.052238
0.073095
0.086438
0.039189
0.014378
0.046262
0.040107
0.029221
0.036613
0.059065
0.061602
0.102215
0.088224
0.122531
0.028718
0.020849
0.039210
0.083957
0.019404
0.017898
0.033803
0.008820
0.021478
0.094231
0.038286
0.055464
0.040514
0.028253
0.075813
0.061846
0.088793
0.113314
0.114314
0.120744
0.116611
0.178918
0.062422
0.050823
0.052598
0.129993
0.044298
0.036897
0.058916
0.040822
0.034888
0.124050
0.072083
0.087474
0.086733
0.072097
0.053176
0.015761
0.036573
0.049377
0.053855
0.071887
0.082975
0.045421
0.032208
0.061157
0.031549
0.032980
0.034123
0.014144
0.031944
0.023272
0.053695
0.072374
0.090591
0.030259
0.020124
0.042333
0.086710
0.032485
0.136252
0.045894
0.092102
0.007478
0.010475
0.043107
0.098149
0.061085
0.015020
0.051486
0.018583
0.030053
0.079303
0.006566
0.017215
0.024756
0.036797
0.034638
0.043023
0.067345
0.067679
0.077755
0.037691
0.029892
0.065683
0.030503
0.042342
0.035751
0.019382
0.027437
0.028122
0.049408
0.062780
0.077136
0.030967
0.017127
0.073879
0.085821
0.091759
0.087765
0.074378
0.064185
0.082843
0.047880
0.060312
0.064186
0.040812
0.052924
0.053623
0.073913
0.104404
0.120885
0.054347
0.048215
0.133887
0.016762
0.029680
0.030841
0.032391
0.077232
0.068083
0.086743
0.045649
0.056473
0.049690
0.060080
0.052322
0.038986
0.057161
0.010116
0.049353
0.163610
0.169714
0.128897
0.100926
0.133292
0.049084
0.062507
0.090424
0.061788
0.088715
0.086187
0.118069
0.167915
0.171683
0.111161
0.054296
0.039806
0.042291
0.050761
0.083572
0.097604
0.113389
0.060275
0.074794
0.072090
0.071658
0.062369
0.049036
0.059278
0.027979
0.081420
0.088668
0.081742
0.124358
0.077700
0.139569
0.102111
0.097077
0.105247
0.114375
0.052895
0.103117
0.131358
0.045144
0.091912
0.010278
0.043732
0.095475
0.059838
0.017865
0.046662
0.019568
0.025275
0.081993
0.008718
0.020231
0.018789
0.039386
0.030392
0.073600
0.040459
0.009565
0.035134
0.008835
0.021405
0.062735
0.017210
0.039355
0.017947
0.019325
0.107677
0.049603
0.028635
0.052228
0.029375
0.034103
0.086037
0.045691
0.070550
0.053692
0.055326
0.060825
0.072014
0.034209
0.070696
0.072936
0.044201
0.128238
0.144922
0.060969
0.037202
0.028870
0.020787
0.022580
0.027936
0.091446
0.079639
0.095937
0.060241
0.030546
0.027534
0.007146
0.016463
0.070881
0.025454
0.034718
0.027682
0.019856
0.026266
0.017575
0.053841
0.071429
0.085814
0.036201
0.023300
0.014617
0.075309
0.029427
0.046273
0.030963
0.015106
0.075493
0.042884
0.053166
0.036893
0.030618
0.100010
0.129567
0.049813
0.058712
0.014323
0.031051
0.058217
0.051795
0.074747
0.033952
