0.563135
0.674399
0.544552
0.532444
0.569373
0.752210
0.328821
0.609374
0.715537
0.619702
0.573892
0.572062
0.646877
0.667721
0.791235
0.685949
0.599653
0.467456
0.573133
0.553183
0.517641
0.640542
0.621079
0.454233
0.676200
0.564278
0.643396
0.443403
0.430023
0.611141
0.483045
0.684307
0.667078
0.535462
0.503118
0.532273
0.691120
0.455002
0.452144
0.637753
0.568630
0.570563
0.412908
0.727989
0.522908
0.326787
0.702470
0.590459
0.474595
0.519042
0.698969
0.446036
0.503230
0.626723
0.381697
0.619814
0.717817
0.475119
0.548846
0.290921
0.570418
0.650155
0.675429
0.620963
0.526056
0.493581
0.421535
0.576986
0.414988
0.610484
0.563291
0.657945
0.575270
0.680962
0.564594
0.464204
0.406449
0.588989
0.468999
0.666769
0.526878
0.518464
0.578063
0.578645
0.529277
0.595964
0.383886
0.364599
0.612398
0.503049
0.420651
0.753867
0.487094
0.489237
0.570026
0.544758
0.559170
0.589608
0.655349
0.604906
0.738369
0.585680
0.426364
0.725881
0.558591
0.582251
0.587265
0.692120
0.742610
0.564274
0.642345
0.666258
0.659234
0.424879
0.575221
0.540083
0.788433
0.614616
0.696934
0.672772
0.651283
0.601645
0.500249
0.584288
0.645672
0.521648
0.708932
0.628713
0.690608
0.653108
0.583091
0.660913
0.713111
0.480847
0.546987
0.719524
0.768564
0.482571
0.692057
0.603333
0.603321
0.484271
0.523478
0.667759
0.719911
0.660793
0.763327
0.552617
0.621444
0.834617
0.502611
0.475194
0.692643
0.687718
0.700733
0.751304
0.771887
0.739033
0.619872
0.648573
0.639379
0.663564
0.827872
0.572700
0.517269
0.721403
0.369788
0.637863
0.462604
0.513965
0.664947
0.549939
0.767016
0.720613
0.599129
0.668974
0.475125
0.799584
0.616117
0.553920
0.688596
0.645311
0.765026
0.480908
0.630757
0.647471
0.512330
0.705366
0.383031
0.682931
0.490715
0.617640
0.428389
0.711605
0.741729
0.666926
0.614201
0.456570
0.615903
0.653867
0.701746
0.734116
0.549618
0.374976
0.555097
0.524656
0.326832
0.550115
0.661304
0.727399
0.622208
0.685066
0.620457
0.560133
0.458867
0.686097
0.508496
0.622279
0.637777
0.596707
0.581027
0.593161
0.559504
0.613351
0.450282
0.436587
0.645677
0.546695
0.533777
0.758983
0.547136
0.409432
0.649791
0.669575
0.484801
0.699051
0.465765
0.676744
0.746351
0.640018
0.444235
0.487469
0.764820
0.767780
0.683267
0.820814
0.539862
0.597920
0.631759
0.643384
0.512823
0.757113
0.658212
0.675722
0.688228
0.634079
0.619419
0.479079
0.496009
0.558616
0.564428
0.655785
0.574881
0.742022
0.502928
0.625718
0.633535
0.656277
0.470660
0.616845
0.671494
0.596998
0.553838
0.752602
0.525342
0.497309
0.419165
0.640214
0.645043
0.668717
0.742432
0.893934
0.739887
0.755243
0.620450
0.655349
0.700834
0.811661
0.701315
0.648411
0.593395
0.621889
0.591264
0.508891
0.576057
0.846979
0.763462
0.730070
0.746311
0.737527
0.670573
0.687326
0.742670
0.616621
0.726470
0.806970
0.711114
0.778456
0.530998
0.674140
0.670498
0.647494
0.586233
0.660855
0.530412
0.765909
0.659908
0.623239
0.653013
0.752359
0.626707
0.646382
0.626281
0.744169
0.523202
0.547848
0.470850
0.568357
0.690905
0.754676
0.674027
0.533483
0.401805
0.479669
0.523529
0.489847
0.631660
0.537513
0.533364
0.677260
0.595472
0.576406
0.357568
0.325763
0.505673
0.466313
0.708663
0.595802
0.455696
0.487615
0.563790
0.676763
0.448791
0.331967
0.467844
0.585651
0.469983
0.353773
0.775316
0.518869
0.329071
0.591926
0.510610
0.480103
0.671443
0.558066
0.579260
0.720150
0.707029
0.600540
0.586970
0.685687
0.761487
0.750467
0.489510
0.637206
0.576519
0.805479
0.745281
0.643272
0.697071
0.675294
0.716170
0.523509
0.676811
0.720635
0.626133
0.668283
0.748353
0.747301
0.626630
0.628919
0.684187
0.642794
0.537093
0.646704
0.616322
0.793526
0.517996
0.607237
0.673052
0.673635
0.663498
0.572287
0.594130
0.705132
0.717384
0.697043
0.814620
0.867003
0.692684
0.933959
0.774066
0.719682
0.709335
0.810714
0.661321
0.775243
0.813182
0.772543
0.490939
0.850540
0.585831
0.766229
0.738614
0.777819
0.712293
0.624383
0.605360
0.840782
0.700648
0.830306
0.697990
0.821632
0.637750
0.778807
0.820270
0.746561
0.692549
0.802760
0.731880
0.792758
0.747268
0.785246
0.748953
0.506347
0.551090
0.571491
0.665651
0.718689
0.674774
0.658793
0.644977
0.546150
0.600300
0.596485
0.814542
0.594020
0.601733
0.643381
0.553669
0.621031
0.434338
0.492635
0.622822
0.515555
0.624078
0.681994
0.574837
0.658232
0.522325
0.628285
0.628181
0.504141
0.486528
0.586958
0.752888
0.486467
0.711336
0.626403
0.568876
0.659499
0.467089
0.696052
0.543495
0.734622
0.670445
0.766524
0.791501
0.640459
0.676932
0.626516
0.665557
0.593117
0.770563
0.714565
0.658582
0.628444
0.536380
0.610264
0.408527
0.478352
0.635157
0.519411
0.710493
0.610743
0.711521
0.587989
0.581338
0.673946
0.638056
0.500453
0.636451
0.526755
0.738692
0.540375
0.655173
0.636442
0.534316
0.596927
0.542824
0.642999
0.583360
0.735952
0.712379
0.728285
0.533520
0.539236
0.539154
0.642889
0.435927
0.487380
0.583368
0.652736
0.579684
0.667467
0.565805
0.508164
0.491136
0.663076
0.504958
0.640515
0.469859
0.594619
0.572646
0.562568
0.591131
0.629000
0.437726
0.480725
0.672911
0.569119
0.492379
0.814823
0.509340
0.479398
0.573704
0.592723
0.573066
0.653589
0.711596
0.705667
0.747738
0.597454
0.553987
0.541182
0.576380
0.741522
0.738224
0.738120
0.764607
0.702851
0.654825
0.614550
0.624497
0.674642
0.624514
0.435663
0.786631
0.620190
0.733084
0.547664
0.698004
0.646922
0.618851
0.668547
0.585954
0.609704
0.629478
0.660873
0.646964
0.624847
0.836237
0.658415
0.568757
0.794359
0.605335
0.739404
0.667086
0.564686
0.526760
0.663976
0.736743
0.806204
0.716458
0.740950
0.698343
0.630983
0.597588
0.685627
0.690306
0.640371
0.701452
0.848022
0.602144
0.682033
0.719969
0.619418
0.512366
0.599537
0.637889
0.499338
0.725619
0.672364
0.507792
0.636721
0.658896
0.800446
0.556340
0.575742
0.781870
0.755182
0.662971
0.574879
0.646113
0.640297
0.844407
0.754256
0.678912
0.777104
0.718997
0.730728
0.757249
0.673860
0.722672
0.718447
0.738081
0.754959
0.748841
0.683033
0.744973
0.713140
0.748578
0.677711
0.728164
0.782377
0.728144
0.725898
0.753383
0.725948
0.685233
0.591367
0.663421
0.706342
0.762254
0.704469
0.592124
0.579786
0.648891
0.731052
0.703345
0.781659
0.754543
0.845302
0.815408
0.628602
0.707907
0.746835
0.586432
0.743894
0.781973
0.619168
0.749381
0.736049
0.735405
0.681548
0.678112
0.550054
0.691259
0.846270
0.714178
0.690034
0.658658
0.643952
0.819091
0.626103
0.609027
0.469291
0.591772
0.701100
0.415646
0.617548
0.685375
0.709819
0.616953
0.742342
0.583022
0.612612
0.477254
0.573416
0.583948
0.694845
0.631413
0.660846
0.505838
0.685792
0.534781
0.674592
0.518910
0.535211
0.713890
0.501739
0.617293
0.798804
0.619237
0.569271
0.624052
0.677115
0.562961
0.532195
0.522092
0.400708
0.598165
0.552346
0.571309
0.698178
0.647516
0.531456
0.549983
0.374853
0.565024
0.434027
0.690461
0.696009
0.492522
0.551154
0.531903
0.575228
0.492329
0.445313
0.470128
0.612382
0.434796
0.482158
0.712375
0.521539
0.387127
0.635406
0.540493
0.473586
0.496759
0.458328
0.624060
0.623727
0.667485
0.667335
0.671929
0.631377
0.495641
0.503018
0.599143
0.457743
0.575455
0.633411
0.525016
0.609571
0.554353
0.524651
0.573043
0.440958
0.464015
0.555611
0.612313
0.464279
0.540415
0.583626
0.564886
0.644427
0.515862
0.556987
0.549061
0.704536
0.708024
0.698991
0.669991
0.660619
0.460702
0.488439
0.474574
0.650495
0.471929
0.706352
0.783783
0.560919
0.633290
0.576897
0.582431
0.468800
0.521443
0.551582
0.490340
0.663317
0.603297
0.621877
0.578843
0.485443
0.633950
0.526230
0.602472
0.465786
0.603265
0.661771
0.498710
0.650268
0.594399
0.531918
0.525559
0.634064
0.441495
0.478716
0.531525
0.596796
0.571280
0.478731
0.395400
0.602803
0.413279
0.441672
0.621646
0.597858
0.450284
0.644357
0.473021
0.406750
0.644264
0.583423
0.353930
0.765467
0.834742
0.672155
0.829922
0.661844
0.700285
0.696411
0.740187
0.653963
0.663387
0.711576
0.733784
0.687204
0.747371
0.667406
0.712821
0.628334
0.625174
0.779391
0.683316
0.721782
0.745888
0.570432
0.614414
0.775542
0.722308
0.569046
0.665043
0.740654
0.621906
0.702926
0.521089
0.634945
0.570881
0.578698
0.731167
0.680486
0.597802
0.719867
0.615941
0.748935
0.664881
0.573391
0.585368
0.835644
0.758623
0.542607
0.808602
0.684370
0.572540
0.618640
0.544820
0.675725
0.733774
0.532471
0.681627
0.562619
0.587204
0.705414
0.629946
0.832689
0.704664
0.626315
0.609328
0.506439
0.823145
0.563676
0.554298
0.721032
0.624190
0.612366
0.401952
0.766562
0.605628
0.493512
0.696491
0.574127
0.669966
0.731618
0.588713
0.618378
0.648404
0.751427
0.586145
0.672536
0.481615
0.699348
0.683065
0.690353
0.540171
0.708299
0.530455
0.579672
0.748147
0.743182
0.630426
0.783846
0.615275
0.647113
0.799360
0.651380
0.616338
0.654588
0.466079
0.541440
0.702781
0.563660
0.794110
0.697032
0.622597
0.630534
0.486069
0.731155
0.598755
0.513948
0.717936
0.645596
0.684801
0.524062
0.681283
0.616205
0.464255
0.733300
0.481625
0.653354
0.571506
0.501892
0.609852
0.497909
0.742581
0.660913
0.634498
0.522454
0.641080
0.539175
0.681036
0.449683
0.564009
0.584530
0.598434
0.580355
0.653344
0.533392
0.610015
0.588141
0.581618
0.629683
0.388898
0.507200
0.461149
0.688065
0.554225
0.556471
0.566552
0.523489
0.636851
0.534033
0.330366
0.544741
0.542654
0.649434
0.433287
0.599097
0.497799
0.448812
0.596593
0.442461
0.580251
0.604326
0.398519
0.767646
0.671794
0.496376
0.532348
0.537198
0.612721
0.510882
0.397355
0.454652
0.538575
0.459648
0.453914
0.725287
0.582892
0.379740
0.569022
0.460498
0.546554
0.578452
0.667785
0.665235
0.457356
0.561915
0.703998
0.665046
0.633876
0.572628
0.589006
0.718182
0.667726
0.572691
0.598690
0.575615
0.566915
0.536836
0.551946
0.650599
0.662115
0.629216
0.446482
0.543356
0.347055
0.413440
0.568255
0.356306
0.406708
0.485596
0.657579
0.507904
0.568861
0.494028
0.443870
0.602808
0.471853
0.520554
0.648738
0.746637
0.742740
0.692028
0.676167
0.749086
0.680997
0.674657
0.712301
0.770796
0.650297
0.637753
0.637219
0.719795
0.789314
0.672124
0.612678
0.683086
0.633345
0.683319
0.644534
0.736055
0.522034
0.677188
0.767116
0.700890
0.598749
0.858008
0.608158
0.618207
0.707479
0.677603
0.701447
0.611976
0.593548
0.628273
0.476255
0.541745
0.492349
0.595720
0.645549
0.491847
0.646409
0.573009
0.478523
0.678026
0.567978
0.592377
0.606259
0.618114
0.646396
0.451963
0.612857
0.619811
0.591413
0.518214
0.786094
0.557475
0.559872
0.611360
0.680576
0.468518
0.632115
0.625884
0.472705
0.603792
0.448498
0.702666
0.514111
0.623314
0.559198
0.482943
0.674361
0.452719
0.618492
0.696844
0.471839
0.506466
0.627307
0.684080
0.665892
0.649084
0.560903
0.646483
0.712256
0.672317
0.600663
0.517478
0.599760
0.614145
0.629672
0.514915
0.675630
0.688035
0.404063
0.725744
0.551459
0.569058
0.448659
0.527922
0.534983
0.345238
0.674188
0.481978
0.378180
0.562319
0.503780
0.502940
0.658544
0.598659
0.523334
0.717894
0.535972
0.520414
0.562383
0.512126
0.531513
0.705112
0.625699
0.546051
0.607195
0.571826
0.755590
0.592324
0.600190
0.602565
0.827742
0.592345
0.600325
0.684373
0.735177
0.638620
0.674597
0.529372
0.366983
0.655467
0.517879
0.483506
0.650257
0.729312
0.808059
0.597976
0.661388
0.537974
0.657509
0.605498
0.540431
0.664070
0.482342
0.412760
0.617829
0.786468
0.677131
