0.521336
0.572181
0.583579
0.421629
0.698539
0.484776
0.527821
0.433830
0.488474
0.422719
0.360099
0.276526
0.439970
0.370614
0.420058
0.374922
0.844514
0.512898
0.567627
0.678978
0.643864
0.472350
0.629689
0.395140
0.701667
0.457706
0.503557
0.356865
0.489294
0.320507
0.468987
0.587920
0.668667
0.493540
0.574829
0.558104
0.720938
0.355279
0.668936
0.521309
0.619144
0.610931
0.459833
0.554772
0.589552
0.484680
0.432221
0.471737
0.630188
0.536168
0.789485
0.506106
0.636481
0.572037
0.501800
0.657058
0.576779
0.562596
0.589813
0.530091
0.437807
0.460171
0.510261
0.422951
0.812547
0.546949
0.533633
0.764827
0.676429
0.653219
0.574828
0.524571
0.679646
0.624614
0.502716
0.518511
0.525416
0.515947
0.502003
0.664772
0.708989
0.435325
0.534451
0.649490
0.600599
0.430815
0.788304
0.433222
0.760687
0.687080
0.627374
0.601738
0.723844
0.584260
0.458984
0.387038
0.612607
0.766172
0.532530
0.839259
0.668253
0.446897
0.665280
0.642069
0.582749
0.631339
0.533855
0.466346
0.582244
0.651436
0.545530
0.867650
0.689728
0.706294
0.810880
0.746091
0.637525
0.690828
0.613646
0.819662
0.619128
0.508084
0.590830
0.715712
0.569177
0.535813
0.771420
0.830133
0.594602
0.656580
0.729080
0.710412
0.561455
0.798814
0.569973
0.809308
0.805879
0.570849
0.750986
0.786412
0.686841
0.621396
0.546687
0.795578
0.702094
0.829735
0.643241
0.558005
0.757229
0.653702
0.516695
0.670489
0.599055
0.640215
0.620724
0.710946
0.669098
0.879071
0.687872
0.747658
0.730444
0.716114
0.545725
0.648757
0.606816
0.712716
0.681858
0.520704
0.619047
0.746651
0.652443
0.581004
0.804816
0.872948
0.737119
0.714845
0.790935
0.775969
0.674352
0.724855
0.589081
0.500246
0.709793
0.682409
0.640137
0.666911
0.703657
0.545327
0.673378
0.768277
0.574613
0.571521
0.511575
0.578473
0.526334
0.499701
0.517067
0.450622
0.508860
0.395158
0.531136
0.485478
0.869758
0.505084
0.492630
0.635878
0.660445
0.598133
0.648441
0.490103
0.702718
0.591185
0.616571
0.509853
0.500279
0.443773
0.513294
0.621416
0.740302
0.468954
0.524651
0.605878
0.602719
0.464048
0.726105
0.574668
0.663899
0.609020
0.475200
0.562404
0.693172
0.523013
0.477292
0.454588
0.664219
0.673366
0.756653
0.848807
0.671715
0.692618
0.651296
0.682344
0.759641
0.592222
0.629516
0.709661
0.890109
0.661748
0.603330
0.733032
0.842336
0.722340
0.618235
0.616159
0.804069
0.811793
0.728574
0.645674
0.729254
0.665308
0.692079
0.683380
0.699598
0.590827
0.652922
0.659464
0.518755
0.564285
0.788508
0.689811
0.755058
0.628891
0.702791
0.716852
0.887883
0.686354
0.684886
0.593489
0.715642
0.593849
0.638361
0.599548
0.574715
0.560695
0.487798
0.473832
0.551821
0.421709
0.454910
0.929774
0.614298
0.673109
0.738959
0.784683
0.673660
0.690672
0.551550
0.830048
0.399785
0.582421
0.481763
0.608449
0.585747
0.533185
0.684863
0.610252
0.563282
0.579378
0.671864
0.748600
0.414293
0.554000
0.575936
0.718944
0.662206
0.548583
0.718486
0.722804
0.611691
0.601532
0.596295
0.680151
0.664193
0.636630
0.577863
0.664384
0.570731
0.520179
0.590141
0.580264
0.570772
0.866710
0.661506
0.683141
0.723192
0.661603
0.548149
0.654001
0.560209
0.740116
0.663343
0.538518
0.530757
0.671767
0.595134
0.640917
0.762955
0.751542
0.668995
0.622281
0.696113
0.734749
0.546699
0.827358
0.512603
0.583310
0.720594
0.540982
0.568855
0.655769
0.661777
0.523452
0.472921
0.771358
0.622984
0.492704
0.601604
0.548210
0.570317
0.483626
0.547227
0.520986
0.917813
0.622393
0.568324
0.802068
0.687565
0.442646
0.732345
0.614092
0.794852
0.576517
0.689265
0.580287
0.631135
0.442343
0.620882
0.698760
0.756716
0.620562
0.708939
0.672857
0.802456
0.570325
0.809232
0.635468
0.768191
0.765068
0.573730
0.643261
0.638180
0.627765
0.471995
0.638238
0.776787
0.523059
0.460747
0.503491
0.479733
0.465453
0.534595
0.486898
0.715182
0.543638
0.561214
0.656054
0.657561
0.548144
0.628622
0.399089
0.690964
0.634255
0.656579
0.475359
0.628361
0.476885
0.415601
0.519581
0.734580
0.579333
0.645760
0.706345
0.709120
0.529755
0.691059
0.541280
0.782348
0.505349
0.484470
0.657418
0.646319
0.455199
0.433146
0.562156
0.717578
0.495210
0.508277
0.488908
0.245379
0.440310
0.456503
0.791704
0.429650
0.552287
0.665300
0.589834
0.422042
0.507740
0.403784
0.642899
0.565643
0.528492
0.452523
0.606149
0.420018
0.426407
0.568305
0.686657
0.474970
0.512227
0.570608
0.658129
0.419647
0.685557
0.442689
0.612698
0.619220
0.528424
0.583202
0.587599
0.482575
0.310179
0.497778
0.647937
0.340150
0.519026
0.415467
0.452175
0.418840
0.828207
0.488383
0.559876
0.732101
0.754595
0.602551
0.582386
0.399168
0.720443
0.505258
0.646230
0.383532
0.554628
0.487795
0.440601
0.566447
0.702852
0.425735
0.529307
0.624083
0.700102
0.447501
0.700908
0.580895
0.731072
0.608606
0.545640
0.634839
0.741444
0.445730
0.524701
0.603366
0.615123
0.417179
0.432418
0.512773
0.483211
0.824647
0.573719
0.623700
0.713562
0.744899
0.588459
0.625274
0.453333
0.729143
0.486180
0.513562
0.418555
0.533626
0.486694
0.433097
0.579302
0.769886
0.471743
0.543299
0.619495
0.651024
0.474432
0.658040
0.555164
0.642468
0.585963
0.487171
0.600016
0.693945
0.545957
0.481827
0.474113
0.696851
0.492613
0.476992
0.411141
0.844994
0.536822
0.650813
0.770872
0.713098
0.548207
0.551937
0.424727
0.742371
0.487086
0.513577
0.426038
0.526933
0.494603
0.424357
0.595597
0.688953
0.485611
0.491651
0.698650
0.658420
0.466643
0.654311
0.457325
0.711608
0.655036
0.447074
0.638780
0.725961
0.510842
0.508629
0.442444
0.655942
0.378948
0.373533
0.734691
0.358260
0.397712
0.682320
0.557887
0.475055
0.518632
0.370727
0.558622
0.573236
0.540995
0.377047
0.529364
0.351395
0.415704
0.500610
0.657418
0.395628
0.503939
0.503580
0.585894
0.343838
0.695276
0.490451
0.653897
0.575859
0.510013
0.547220
0.645439
0.447295
0.280515
0.450144
0.561362
0.348552
0.891046
0.497919
0.587380
0.702466
0.624373
0.547496
0.620172
0.412050
0.710117
0.452520
0.551991
0.433882
0.556586
0.506454
0.551459
0.631442
0.428384
0.500953
0.546500
0.633597
0.693555
0.309262
0.662883
0.562223
0.687100
0.659875
0.534526
0.641370
0.658230
0.467760
0.462599
0.556503
0.707876
0.804667
0.480965
0.556165
0.719264
0.692954
0.509147
0.613715
0.412472
0.701100
0.374657
0.484253
0.320622
0.509225
0.416829
0.479638
0.593123
0.659834
0.419044
0.578193
0.641200
0.690608
0.300563
0.642729
0.447854
0.698612
0.579978
0.488897
0.565695
0.607128
0.412116
0.431715
0.504142
0.630579
0.816099
0.833209
0.923469
0.692404
0.812671
0.850542
0.758209
0.739193
0.914804
0.860132
0.810129
0.813010
0.759322
0.816309
0.774794
0.925196
0.828128
0.890870
0.779737
0.792367
0.755973
0.911508
0.794566
0.870662
0.565862
0.809132
0.802926
0.906445
0.757815
0.683752
0.793787
0.929635
0.427852
0.694259
0.591199
0.586647
0.599114
0.471036
0.580867
0.677364
0.635184
0.477038
0.642561
0.518102
0.540058
0.584497
0.805499
0.507264
0.387442
0.576304
0.604054
0.496853
0.798557
0.579502
0.695803
0.588509
0.563504
0.596718
0.718526
0.497095
0.461208
0.503666
0.608394
0.601465
0.667207
0.556335
0.607648
0.578362
0.668419
0.700658
0.668677
0.576379
0.594580
0.397905
0.572408
0.605847
0.792345
0.531684
0.584309
0.527573
0.560472
0.532088
0.771509
0.605947
0.722474
0.662372
0.612608
0.642049
0.757259
0.603942
0.448170
0.527468
0.580980
0.666194
0.670056
0.710940
0.676376
0.848328
0.749949
0.690729
0.687164
0.704785
0.612057
0.701582
0.633041
0.699571
0.709861
0.725471
0.641539
0.769832
0.739163
0.742054
0.650948
0.685135
0.635544
0.684651
0.720295
0.716918
0.662906
0.670434
0.669210
0.806447
0.671711
0.697703
0.597920
0.646450
0.831380
0.729983
0.610195
0.699298
0.569579
0.712708
0.658754
0.769555
0.671905
0.616297
0.579543
0.697568
0.715944
0.808128
0.683478
0.659592
0.652251
0.620158
0.688013
0.617846
0.549901
0.577823
0.647014
0.899190
0.516021
0.522675
0.700802
0.594568
0.433577
0.455219
0.608639
0.414879
0.563517
0.665920
0.732711
0.612132
0.641874
0.660193
0.687122
0.509885
0.719427
0.496814
0.522869
0.681981
0.624994
0.524181
0.678030
0.536157
0.449414
0.555718
0.780981
0.444449
0.696050
0.698604
0.517297
0.464061
0.635135
0.568013
0.555556
0.704466
0.801489
0.564383
0.526298
0.739379
0.587892
0.533073
0.761119
0.511827
0.712989
0.727710
0.706855
0.655666
0.796273
0.592259
0.566051
0.420214
0.690570
0.637861
0.578048
0.511533
0.304320
0.579527
0.406544
0.363278
0.538030
0.689306
0.425983
0.524625
0.647501
0.526826
0.404828
0.617324
0.396682
0.666256
0.563654
0.524666
0.566010
0.667820
0.457779
0.402259
0.426898
0.675351
0.839744
0.767057
0.682086
0.778860
0.651845
0.732645
0.798289
0.844664
0.732302
0.786867
0.731634
0.698848
0.678400
0.865407
0.690641
0.733415
0.682413
0.703332
0.611173
0.717521
0.639797
0.491718
0.601707
0.721138
0.525832
0.491834
0.575948
0.583059
0.529142
0.701198
0.689784
0.536544
0.646686
0.764161
0.787681
0.414186
0.442254
0.598115
0.755602
0.766893
0.629259
0.719144
0.708550
0.627986
0.632841
0.644049
0.752525
0.489499
0.614613
0.533899
0.558608
0.738741
0.738804
0.555528
0.628018
0.767491
0.581586
0.459930
0.687317
0.396232
0.596083
0.731992
0.670348
0.576974
0.761270
0.638303
0.534685
0.418151
0.718058
0.508828
0.355781
0.407970
0.547203
0.702020
0.419268
0.489826
0.556444
0.617388
0.382631
0.662041
0.458669
0.568933
0.593975
0.524991
0.570581
0.606948
0.432484
0.434224
0.441070
0.727464
0.416934
0.580152
0.734700
0.794619
0.560877
0.558527
0.572589
0.700568
0.474349
0.648492
0.618816
0.710514
0.702276
0.702801
0.708409
0.793346
0.590312
0.539060
0.541221
0.689630
0.406181
0.543041
0.747375
0.477332
0.603918
0.466062
0.615453
0.367956
0.661376
0.434941
0.571025
0.556047
0.558012
0.587150
0.576066
0.492420
0.315528
0.417885
0.642512
0.586194
0.780454
0.437898
0.571967
0.592509
0.598480
0.463499
0.635605
0.485556
0.711727
0.638063
0.592837
0.666423
0.702306
0.574977
0.459415
0.476097
0.679505
0.757306
0.531513
0.740475
0.583387
0.678694
0.616021
0.734101
0.640896
0.818559
0.541065
0.568479
0.671290
0.644824
0.485762
0.577123
0.617636
0.676177
0.743689
0.752162
0.785014
0.797709
0.515950
0.729874
0.675769
0.760256
0.761089
0.624856
0.658772
0.760849
0.631557
0.702269
0.791447
0.843289
0.560850
0.623531
0.550279
0.441155
0.659514
0.505557
0.762113
0.540931
0.609259
0.540479
0.708021
0.450328
0.501091
0.490422
0.530642
0.661352
0.600888
0.597087
0.772251
0.626036
0.732595
0.684989
0.622871
0.693706
0.807105
0.542038
0.588521
0.501191
0.692983
0.660265
0.639605
0.738319
0.659183
0.651863
0.569071
0.617358
0.668160
0.634812
0.542678
0.548683
0.612721
0.760219
0.621611
0.788940
0.649966
0.781868
0.721814
0.736038
0.657131
0.878162
0.688148
0.569512
0.509633
0.798845
0.626186
0.430791
0.679646
0.680033
0.545757
0.582759
0.713083
0.522604
0.362210
0.458428
0.636296
0.707833
0.794079
0.692599
0.729268
0.779102
0.763326
0.690259
0.744684
0.756156
0.814355
0.585167
0.583469
0.639632
0.468085
0.654945
0.553730
0.422287
0.450091
0.673182
0.686049
0.653188
0.566977
0.701142
0.718875
0.636395
0.652129
0.868220
0.597232
0.550143
0.664133
0.440219
0.550094
0.582720
0.620197
0.656006
0.609771
0.458493
0.519895
0.516542
0.772211
0.676367
0.518996
0.537985
0.609414
0.672539
0.617395
0.569381
0.671521
0.758081
0.449962
0.552840
0.651404
0.387590
0.656987
0.580806
