0.528657
0.598140
0.706229
0.818722
0.494499
0.607405
0.648766
0.640359
0.910048
0.514653
0.699958
0.823651
0.629383
0.728207
0.624780
0.509131
0.511496
0.526647
0.666010
0.845265
0.554869
0.756130
0.711545
0.534255
0.485965
0.639741
0.582101
0.455976
0.593809
0.669578
0.705544
0.558493
0.682776
0.650788
0.360508
0.679527
0.596850
0.658875
0.555267
0.692290
0.485951
0.787020
0.575032
0.741634
0.632753
0.792448
0.487504
0.726348
0.515219
0.693522
0.804707
0.966828
0.588252
0.605077
0.794615
0.732161
0.921728
0.765430
0.768242
0.803236
0.699649
0.744419
0.793485
0.758057
0.852956
0.625391
0.732952
0.749127
0.637287
0.954490
0.761908
0.715118
0.648347
0.661630
0.683081
0.606392
0.754526
0.754205
0.857548
0.627042
0.665694
0.797268
0.783577
0.780482
0.722992
0.763888
0.661201
0.795677
0.598189
0.834593
0.724858
0.735225
0.661203
0.784754
0.666833
0.684236
0.664460
0.762760
0.927967
0.557565
0.691675
0.800395
0.772818
0.889142
0.554462
0.722101
0.925419
0.754248
0.761993
0.845588
0.832388
0.774577
0.689628
0.788065
0.970484
0.614718
0.859083
0.784519
0.675205
0.598056
0.823484
0.747425
0.484278
0.680717
0.629841
0.719052
0.723338
0.842635
0.662695
0.741694
0.781083
0.744070
0.597065
0.478000
0.787966
0.582786
0.689226
0.570170
0.926601
0.679795
0.863256
0.640075
0.821930
0.679701
0.888273
0.735078
0.613490
0.688271
0.476257
0.870072
0.623028
0.779475
0.823758
0.649093
0.687162
0.649089
0.774911
0.797397
0.627143
0.439575
0.840815
0.783804
0.782150
0.810438
0.591848
0.577839
0.670132
0.635245
0.675508
0.677840
0.773420
0.579623
0.526201
0.706745
0.743034
0.761058
0.797945
0.610423
0.708108
0.694380
0.688707
0.648070
0.726138
0.690178
0.771182
0.576983
0.817310
0.595119
0.775441
0.563220
0.892053
0.705589
0.759859
0.768274
0.822599
0.834889
0.771254
0.933041
0.719406
0.758415
0.588733
0.886800
0.745059
0.648543
0.683610
0.898448
0.816233
0.602841
0.846812
0.667589
0.751949
0.724943
0.636907
0.790672
0.510826
0.886039
0.758017
0.770871
0.741336
0.845761
0.873849
0.792743
0.685728
0.711414
0.834901
0.941969
0.770732
0.724059
0.813950
0.841676
0.669987
0.943734
0.808757
0.862275
0.688260
0.598876
0.707546
0.637533
0.842817
0.620080
0.579351
0.694059
0.658052
0.752267
0.666567
0.698053
0.761986
0.552657
0.667656
0.801536
0.467826
0.853268
0.718620
0.604661
0.439591
0.560389
0.616929
0.460781
0.676409
0.615664
0.758057
0.550871
0.711448
0.607460
0.699137
0.654231
0.693629
0.639090
0.296421
0.644925
0.552721
0.753454
0.581300
0.760224
0.636291
0.778861
0.595931
0.630579
0.488173
0.673173
0.522500
0.735576
0.708950
0.711113
0.804225
0.595895
0.670008
0.564375
0.845423
0.718183
0.593737
0.439984
0.814581
0.660615
0.696192
0.711020
0.556752
0.467229
0.425266
0.458280
0.634491
0.562997
0.724216
0.697562
0.382321
0.585324
0.752498
0.737707
0.738518
0.541173
0.568262
0.561986
0.756563
0.616828
0.616494
0.656563
0.733085
0.521555
0.731465
0.511011
0.560825
0.506695
0.654984
0.888552
0.625032
0.719740
0.811170
0.636230
0.777809
0.578144
0.663581
0.679967
0.665492
0.509469
0.876357
0.714928
0.805943
0.738815
0.514774
0.599831
0.611598
0.527563
0.652926
0.615009
0.781857
0.760304
0.563318
0.756853
0.788701
0.650019
0.818361
0.667408
0.693127
0.646105
0.779815
0.656211
0.749796
0.651766
0.683640
0.505823
0.754554
0.433204
0.721299
0.467719
0.775956
0.637086
0.741972
0.789316
0.534426
0.572743
0.536928
0.731611
0.724484
0.564134
0.499398
0.749262
0.671047
0.759186
0.676654
0.563817
0.474277
0.553035
0.540782
0.656118
0.566763
0.694772
0.651626
0.427628
0.587736
0.707757
0.701452
0.756212
0.573918
0.634322
0.664823
0.683616
0.578700
0.592034
0.626051
0.661299
0.540664
0.719008
0.505073
0.766722
0.588332
0.890316
0.819352
0.931234
0.668259
0.676032
0.670398
0.922604
0.918738
0.823509
0.787248
0.898848
0.786595
0.764037
0.752373
0.725623
0.708322
0.544250
0.632944
0.821617
0.767499
0.887700
0.823834
0.719893
0.723917
0.866552
0.896772
0.718197
0.678898
0.874634
0.790260
0.801260
0.801233
0.675363
0.811124
0.900454
0.704607
0.974209
0.869517
0.797385
0.786652
0.671881
0.855615
0.632579
0.699556
0.645247
0.652179
0.645050
0.569959
0.635562
0.872582
0.533392
0.804251
0.688913
0.497818
0.464785
0.686608
0.532938
0.502195
0.636722
0.665244
0.634229
0.548900
0.782606
0.599609
0.532257
0.753162
0.647099
0.628046
0.552499
0.782361
0.512239
0.756368
0.579722
0.788029
0.551305
0.664282
0.614344
0.861607
0.536810
0.833533
0.608482
0.726352
0.609524
0.909032
0.789552
0.715786
0.713596
0.892220
0.501578
0.718425
0.789298
0.544729
0.523630
0.654210
0.587469
0.673208
0.691619
0.753179
0.788207
0.616548
0.699597
0.589861
0.765792
0.644656
0.658916
0.709915
0.517094
0.847081
0.586159
0.656353
0.673357
0.830267
0.647321
0.844155
0.704773
0.793478
0.609147
0.858900
0.935223
0.761815
0.833181
0.947675
0.753409
0.778146
0.762272
0.823864
0.904499
0.928637
0.798430
0.722822
0.766840
0.677566
0.832859
0.833802
0.914793
0.872168
0.716202
0.831612
0.854179
0.938385
0.860000
0.802548
0.886742
0.829713
0.866855
0.828482
0.876896
0.833879
0.648135
0.799863
0.806863
0.752562
0.780112
0.724682
0.408850
0.468605
0.796853
0.824834
0.689333
0.584920
0.766733
0.632081
0.670925
0.598986
0.458041
0.494706
0.543465
0.480330
0.577248
0.546422
0.753792
0.675049
0.505524
0.550232
0.713850
0.753117
0.646768
0.501840
0.682776
0.630009
0.726875
0.540439
0.524958
0.623544
0.680824
0.518587
0.824486
0.711725
0.763447
0.495705
0.586712
0.817124
0.814850
0.707095
0.647039
0.897043
0.668728
0.697927
0.650386
0.539894
0.624007
0.720607
0.625573
0.679231
0.636410
0.758532
0.729656
0.622568
0.720036
0.731810
0.792796
0.655649
0.542486
0.761171
0.735500
0.795411
0.537377
0.519463
0.591576
0.845946
0.619468
0.839363
0.747008
0.813269
0.724380
0.726639
0.678943
0.655747
0.538112
0.815855
0.616916
0.424459
0.671994
0.386760
0.422565
0.492198
0.333590
0.582733
0.413757
0.671517
0.610772
0.497457
0.547508
0.702784
0.658574
0.547183
0.462010
0.583432
0.638092
0.753290
0.556787
0.518833
0.584435
0.687490
0.454106
0.850225
0.653406
0.719696
0.416726
0.638345
0.694096
0.811171
0.916097
0.802984
0.884367
0.785477
0.658260
0.737090
0.767133
0.740575
0.769137
0.762875
0.797513
0.863310
0.718822
0.850154
0.830577
0.432233
0.754966
0.797248
0.770566
0.766431
0.789428
0.625171
0.933755
0.792531
0.790937
0.715061
0.774951
0.594430
0.767999
0.728217
0.716099
0.788881
0.901087
0.664598
0.741108
0.869886
0.653603
0.729964
0.766804
0.714729
0.691510
0.711412
0.839311
0.779986
0.755967
0.828057
0.754774
0.387422
0.832135
0.717734
0.800439
0.664394
0.873941
0.643406
0.881460
0.723259
0.786990
0.774439
0.705286
0.563977
0.842129
0.662188
0.585586
0.819979
0.687894
0.744871
0.710995
0.605070
0.491413
0.575229
0.536623
0.537352
0.504186
0.624852
0.638860
0.509738
0.683673
0.647828
0.742263
0.671003
0.607931
0.623958
0.660452
0.683258
0.581427
0.751477
0.662276
0.680155
0.549711
0.773233
0.538274
0.683959
0.508786
0.746343
0.698967
0.740067
0.736719
0.489518
0.442157
0.405056
0.444025
0.617544
0.567962
0.723697
0.541184
0.273854
0.587929
0.718207
0.734630
0.685060
0.456033
0.584222
0.638056
0.691438
0.641573
0.664784
0.615675
0.650449
0.385524
0.786297
0.478915
0.737286
0.474030
0.939785
0.958474
0.905095
0.871608
0.808968
0.753567
0.801681
0.870375
0.974513
0.917118
0.860279
0.740511
0.874753
0.932111
0.942485
0.911767
0.745598
0.950101
0.919193
0.940187
0.886457
0.961838
0.958033
0.490225
0.826554
0.786230
0.820108
0.839139
0.786650
0.785044
0.740347
0.537947
0.459098
0.608874
0.562955
0.624738
0.604428
0.789429
0.777228
0.552716
0.662045
0.596696
0.616227
0.660544
0.645194
0.745598
0.402194
0.767845
0.531222
0.706553
0.557379
0.764977
0.610821
0.779081
0.659462
0.758296
0.596815
0.823000
0.557933
0.621592
0.769411
0.563717
0.687680
0.580784
0.670059
0.725846
0.716398
0.722201
0.834693
0.748174
0.677241
0.588932
0.649677
0.791440
0.846472
0.712464
0.685431
0.742752
0.874840
0.680121
0.966186
0.855158
0.847670
0.567113
0.554779
0.654725
0.639157
0.589030
0.732668
0.631020
0.797918
0.860647
0.680929
0.644220
0.758819
0.778223
0.725545
0.677407
0.702203
0.750222
0.788926
0.573477
0.672712
0.665988
0.804074
0.665925
0.831605
0.744957
0.743334
0.705244
0.323215
0.538234
0.358868
0.476374
0.421447
0.578602
0.583986
0.430677
0.563600
0.637786
0.617865
0.631349
0.486922
0.461177
0.547149
0.711973
0.329569
0.573116
0.411133
0.763079
0.370600
0.798691
0.576336
0.719875
0.417915
0.390780
0.381165
0.427990
0.422028
0.463058
0.560550
0.305044
0.542927
0.618942
0.661873
0.509813
0.487235
0.405893
0.443324
0.601439
0.412427
0.540945
0.371490
0.728022
0.371338
0.795837
0.503564
0.732034
0.370762
0.407063
0.643961
0.579234
0.752425
0.673778
0.306065
0.471200
0.726808
0.743542
0.607793
0.553823
0.645302
0.521862
0.662021
0.677405
0.680456
0.688873
0.745208
0.434079
0.751144
0.501999
0.642321
0.480606
0.527624
0.456811
0.672242
0.547172
0.375224
0.480211
0.604779
0.665692
0.570001
0.374147
0.539825
0.601957
0.729031
0.486981
0.572659
0.498101
0.627690
0.396146
0.808481
0.597291
0.711304
0.409463
0.597932
0.587761
0.622990
0.591050
0.762242
0.673826
0.693901
0.701865
0.539531
0.566481
0.544554
0.704243
0.542922
0.670404
0.521772
0.807423
0.528232
0.801693
0.608177
0.681719
0.448774
0.644029
0.579220
0.536073
0.615727
0.695096
0.736980
0.592546
0.553190
0.547210
0.592710
0.612937
0.474862
0.538215
0.528589
0.814914
0.418382
0.928591
0.632874
0.760233
0.511913
0.669021
0.568999
0.770170
0.765085
0.735169
0.657797
0.746908
0.372857
0.633533
0.727306
0.602476
0.822932
0.556126
0.887357
0.630531
0.898911
0.724625
0.886742
0.575735
0.562605
0.752108
0.596097
0.813918
0.742441
0.587785
0.646566
0.700331
0.754904
0.670002
0.705065
0.592675
0.809587
0.582908
0.986857
0.721311
0.915532
0.621261
0.535801
0.666781
0.656022
0.594043
0.497092
0.495497
0.530856
0.632717
0.526719
0.639966
0.540472
0.640229
0.361299
0.774813
0.462309
0.700176
0.474400
0.785030
0.782631
0.641485
0.577029
0.682696
0.720961
0.626899
0.616703
0.688949
0.653613
0.777773
0.556385
0.898550
0.641766
0.785641
0.630323
0.771162
0.755229
0.648541
0.683150
0.570417
0.774486
0.607320
0.722651
0.702579
0.769801
0.719522
0.797580
0.754725
0.890347
0.642478
0.741038
0.718677
0.738806
0.693412
0.765801
0.580006
0.882563
0.708194
0.794204
0.735062
0.769962
0.581762
0.827713
0.698456
0.641102
0.636108
0.647419
0.691119
0.624155
0.695031
0.653108
0.895829
0.596980
0.910440
0.699667
0.768379
0.627415
0.645887
0.685549
0.744700
0.507444
0.586546
0.510926
0.559801
0.415351
0.824504
0.686391
0.755118
0.491024
0.573217
0.759374
0.504783
0.663755
0.547534
0.854865
0.527028
0.935690
0.633121
0.826932
0.561649
0.675094
0.529085
0.717632
0.583862
0.820367
0.541440
0.795193
0.536626
0.736418
0.441979
0.696974
0.767302
0.706044
0.836012
0.726605
0.940630
0.705288
0.843255
0.674801
0.621423
0.398179
0.732420
0.455640
0.804758
0.577005
0.760874
0.575201
0.589555
0.885563
0.609075
0.876778
0.743472
0.774127
0.692641
0.844546
0.523477
0.916805
0.672890
0.823597
0.575534
0.688506
0.699747
0.676739
0.762960
0.624470
0.806364
0.557055
0.727571
0.469890
0.638442
0.773076
0.765282
0.605963
0.547704
0.672089
