0.027501
0.016238
0.014469
0.038808
0.019574
0.087708
0.076332
0.046290
0.022029
0.032392
0.078148
0.022679
0.012241
0.027661
0.023374
0.022176
0.027200
0.054026
0.073195
0.019377
0.043360
0.013259
0.050282
0.027255
0.013873
0.016709
0.046795
0.022088
0.019472
0.062586
0.018983
0.013820
0.012550
0.020233
0.039986
0.023287
0.024381
0.017936
0.061296
0.016235
0.054852
0.020232
0.033689
0.042526
0.020162
0.014660
0.027131
0.028738
0.091105
0.012471
0.025599
0.057336
0.017394
0.083606
0.112850
0.040749
0.032480
0.065804
0.102287
0.031883
0.017733
0.052455
0.035642
0.026154
0.041318
0.038504
0.063738
0.023983
0.077702
0.029227
0.047548
0.035128
0.034277
0.017125
0.069023
0.024490
0.022411
0.087078
0.026862
0.021377
0.020837
0.039844
0.066813
0.042589
0.034169
0.042930
0.106602
0.021392
0.028713
0.029343
0.062450
0.069437
0.025777
0.039264
0.040372
0.039896
0.138494
0.011999
0.047693
0.014158
0.091709
0.090143
0.047072
0.022281
0.043368
0.076607
0.021829
0.010927
0.032328
0.027886
0.022634
0.029011
0.035340
0.071675
0.019435
0.051882
0.014748
0.035133
0.031663
0.019758
0.007160
0.055796
0.020776
0.019245
0.062079
0.024511
0.013800
0.011068
0.027132
0.042896
0.026995
0.027244
0.029358
0.071731
0.016247
0.032924
0.022433
0.042749
0.045098
0.022236
0.018522
0.035164
0.032068
0.102844
0.029963
0.021153
0.110174
0.052213
0.058971
0.018237
0.022709
0.052183
0.018409
0.011834
0.020077
0.018531
0.024577
0.018356
0.040969
0.081165
0.024276
0.029233
0.008830
0.034387
0.031862
0.006176
0.007331
0.043653
0.019120
0.010471
0.038107
0.022213
0.007773
0.006689
0.018494
0.023224
0.010216
0.024394
0.020092
0.047811
0.014387
0.045971
0.024501
0.023932
0.031283
0.022189
0.009184
0.034278
0.029393
0.076426
0.042603
0.132940
0.049145
0.096486
0.039729
0.068184
0.046133
0.035048
0.041208
0.029890
0.013858
0.051289
0.030971
0.073243
0.130617
0.062088
0.042834
0.039780
0.060808
0.031810
0.030977
0.026427
0.017832
0.025837
0.030121
0.031350
0.051096
0.023823
0.037864
0.035812
0.046714
0.036432
0.027243
0.055030
0.067680
0.034472
0.070864
0.071415
0.030275
0.045387
0.044677
0.043658
0.079444
0.078803
0.081677
0.060779
0.086933
0.026838
0.011048
0.055336
0.103896
0.034402
0.017722
0.040624
0.020148
0.013883
0.026864
0.040428
0.054887
0.015779
0.065856
0.016365
0.056288
0.017542
0.025555
0.015014
0.057517
0.011928
0.018330
0.079579
0.015863
0.020017
0.011103
0.029111
0.065160
0.030329
0.014697
0.024984
0.097501
0.014646
0.037495
0.026581
0.047451
0.040546
0.008504
0.026963
0.030050
0.030646
0.129810
0.194673
0.035098
0.068367
0.136081
0.250575
0.139990
0.085014
0.155609
0.095134
0.067169
0.105621
0.118817
0.058781
0.058209
0.187865
0.088380
0.168484
0.083506
0.111557
0.105406
0.162598
0.080109
0.106341
0.216704
0.061109
0.108992
0.081755
0.110807
0.187389
0.116559
0.083077
0.084925
0.229209
0.095452
0.130470
0.077301
0.139270
0.123904
0.064399
0.109176
0.054450
0.074639
0.271381
0.128812
0.058402
0.057191
0.071836
0.076056
0.084684
0.043329
0.060331
0.093023
0.045452
0.120543
0.150260
0.110785
0.037532
0.063862
0.117043
0.078117
0.041218
0.065909
0.077675
0.083145
0.050501
0.044563
0.080142
0.054646
0.058946
0.071741
0.051947
0.038091
0.057596
0.070460
0.053432
0.075480
0.125287
0.115641
0.032191
0.048834
0.070431
0.051375
0.099545
0.099742
0.059814
0.032922
0.072598
0.174400
0.084541
0.043782
0.093762
0.063172
0.037730
0.050378
0.081053
0.042993
0.031251
0.111208
0.043596
0.116763
0.053183
0.055366
0.058221
0.126243
0.046015
0.052437
0.146753
0.019852
0.057350
0.034280
0.066413
0.111092
0.060248
0.047371
0.033232
0.149656
0.050905
0.081505
0.038574
0.085100
0.072198
0.020875
0.053315
0.019617
0.027741
0.197841
0.042643
0.100896
0.040168
0.021218
0.035665
0.016312
0.020341
0.021693
0.046427
0.052468
0.019592
0.055840
0.014506
0.064587
0.019984
0.018297
0.017960
0.063892
0.017869
0.015545
0.068911
0.019954
0.019283
0.009299
0.023352
0.060136
0.024083
0.014237
0.018772
0.081906
0.020727
0.059948
0.031916
0.029604
0.031062
0.007763
0.019803
0.028362
0.029967
0.114274
0.069766
0.047741
0.036873
0.043302
0.055948
0.047368
0.032450
0.071596
0.091004
0.047246
0.032628
0.027984
0.068916
0.072303
0.019239
0.041513
0.088073
0.052018
0.035773
0.059261
0.038147
0.038790
0.024460
0.039128
0.025724
0.019525
0.064423
0.019585
0.042192
0.043922
0.083483
0.035282
0.033146
0.044410
0.044872
0.014862
0.034797
0.025667
0.084997
0.042635
0.071682
0.039490
0.070663
0.103028
0.064706
0.098189
0.219322
0.114709
0.031297
0.074310
0.054176
0.095866
0.054551
0.057872
0.042827
0.074244
0.067574
0.012922
0.101434
0.056303
0.074297
0.067031
0.020808
0.054380
0.089764
0.092539
0.033782
0.070397
0.092827
0.103426
0.049747
0.073852
0.106159
0.062170
0.132015
0.117836
0.052961
0.019789
0.013187
0.032065
0.026518
0.038666
0.042725
0.117454
0.038371
0.032649
0.027121
0.028820
0.028722
0.021788
0.016683
0.032570
0.025749
0.018442
0.034932
0.040074
0.019147
0.022291
0.021445
0.025429
0.025701
0.034941
0.042829
0.045579
0.012709
0.041709
0.039341
0.035293
0.054693
0.038318
0.025348
0.066461
0.058756
0.074936
0.034079
0.024284
0.016712
0.023165
0.033525
0.075528
0.014682
0.048563
0.013196
0.035211
0.026493
0.015947
0.011307
0.049839
0.014844
0.016930
0.055927
0.017978
0.011804
0.009885
0.015833
0.038550
0.024405
0.025879
0.019700
0.067469
0.012170
0.045167
0.015724
0.036413
0.041467
0.020078
0.015518
0.031114
0.024308
0.105369
0.031325
0.042190
0.031183
0.064420
0.128237
0.055662
0.016832
0.029582
0.049302
0.036338
0.017495
0.022296
0.035312
0.036386
0.022568
0.024189
0.045473
0.020687
0.024381
0.028381
0.022121
0.020120
0.030437
0.043347
0.030992
0.024851
0.060440
0.059715
0.024883
0.034333
0.039058
0.021829
0.071035
0.065802
0.046959
0.031629
0.025185
0.048942
0.078321
0.031392
0.055323
0.022136
0.050293
0.017057
0.023027
0.015366
0.035457
0.009221
0.018027
0.048872
0.035475
0.014063
0.021309
0.019906
0.056303
0.033121
0.016403
0.032270
0.079959
0.022210
0.060501
0.044388
0.031074
0.040799
0.022591
0.031256
0.054306
0.052766
0.107455
0.037437
0.033572
0.060119
0.014740
0.067317
0.019312
0.048370
0.023379
0.028512
0.023123
0.058857
0.017317
0.022228
0.082942
0.020499
0.029157
0.012974
0.020799
0.060531
0.032852
0.030848
0.025277
0.089157
0.011724
0.044454
0.020356
0.051043
0.052771
0.018492
0.028097
0.033401
0.028260
0.131629
0.056818
0.086970
0.041760
0.034327
0.022067
0.064007
0.035618
0.014427
0.018785
0.056791
0.025990
0.021380
0.044640
0.025686
0.017322
0.015924
0.029629
0.037606
0.018258
0.022491
0.021471
0.061634
0.028451
0.058590
0.045356
0.028494
0.025184
0.024179
0.017530
0.039055
0.033637
0.087696
0.080557
0.040535
0.087223
0.043772
0.032684
0.054153
0.054702
0.033157
0.080444
0.034497
0.042390
0.085021
0.061172
0.046270
0.040016
0.038167
0.073336
0.062112
0.061720
0.052297
0.103256
0.035950
0.037873
0.041853
0.071526
0.081164
0.053580
0.052854
0.073356
0.056792
0.147440
0.055062
0.157485
0.071113
0.134930
0.079648
0.084542
0.079949
0.165078
0.072380
0.073890
0.185419
0.067316
0.081826
0.061842
0.082625
0.155148
0.100819
0.083750
0.058790
0.187281
0.080215
0.100927
0.064255
0.115157
0.118637
0.052504
0.084871
0.054102
0.053392
0.238596
0.076326
0.016040
0.048642
0.029187
0.029249
0.026355
0.077893
0.017652
0.027753
0.093706
0.019760
0.031724
0.015834
0.023412
0.069634
0.037406
0.034359
0.020234
0.099647
0.018193
0.060319
0.008334
0.051697
0.053542
0.017589
0.025955
0.022843
0.021420
0.147629
0.042618
0.064965
0.067686
0.019840
0.039447
0.050141
0.058914
0.037811
0.020213
0.054058
0.034317
0.037267
0.045223
0.010118
0.020303
0.054194
0.047038
0.014645
0.044030
0.083158
0.070629
0.023927
0.032189
0.056083
0.022124
0.075418
0.066731
0.034933
0.041608
0.031100
0.011848
0.013428
0.052661
0.018884
0.016281
0.057891
0.016192
0.015465
0.007992
0.019530
0.037116
0.015008
0.023351
0.015722
0.058640
0.013930
0.054875
0.015767
0.030820
0.030036
0.016013
0.010804
0.027396
0.024575
0.088413
0.067563
0.048003
0.031731
0.049133
0.039479
0.046249
0.054123
0.068696
0.043547
0.045376
0.035000
0.043762
0.055585
0.073252
0.064362
0.067168
0.033278
0.049893
0.045998
0.065465
0.071399
0.071170
0.048805
0.086092
0.069858
0.107041
0.032571
0.024933
0.049944
0.015316
0.019612
0.069555
0.034993
0.024632
0.025170
0.024953
0.073828
0.041021
0.011614
0.036837
0.098114
0.016524
0.060089
0.045822
0.041410
0.058467
0.019193
0.038665
0.061534
0.061136
0.127549
0.014557
0.046964
0.024749
0.011280
0.037054
0.017852
0.009386
0.006833
0.018771
0.021176
0.007062
0.023110
0.015607
0.040055
0.015954
0.058789
0.029724
0.018571
0.023545
0.018543
0.004651
0.031831
0.027453
0.067280
0.037304
0.015819
0.011567
0.042372
0.027627
0.006468
0.010550
0.019419
0.034173
0.021746
0.018727
0.029199
0.059189
0.013084
0.032679
0.031068
0.029932
0.038149
0.021169
0.017563
0.044472
0.039283
0.085003
0.040916
0.047325
0.035962
0.067752
0.038272
0.053815
0.047072
0.045562
0.051453
0.049008
0.078946
0.063062
0.039767
0.065655
0.082456
0.051446
0.062146
0.068897
0.059635
0.100508
0.098553
0.076170
0.018924
0.056746
0.024259
0.018605
0.015660
0.016003
0.054392
0.032775
0.022360
0.025198
0.086430
0.013164
0.044420
0.026193
0.039795
0.040369
0.017364
0.028943
0.043026
0.036803
0.126781
0.045422
0.024676
0.010288
0.010120
0.021000
0.035555
0.015280
0.018123
0.025156
0.058450
0.011996
0.043605
0.034338
0.024612
0.044137
0.016232
0.017947
0.043711
0.038243
0.087951
0.082140
0.038720
0.053909
0.047556
0.019908
0.038565
0.063414
0.074474
0.029434
0.053587
0.088195
0.093008
0.032240
0.046069
0.077399
0.045210
0.110790
0.097052
0.045691
0.024521
0.010755
0.033708
0.052561
0.020339
0.025932
0.017401
0.085186
0.019746
0.060026
0.021965
0.045489
0.033881
0.011374
0.019106
0.013657
0.018469
0.119932
0.011145
0.019899
0.032058
0.018690
0.016884
0.026869
0.056591
0.015280
0.047152
0.035690
0.026919
0.034988
0.019305
0.015605
0.043768
0.040460
0.080477
0.017803
0.034389
0.011116
0.019365
0.013183
0.060657
0.011165
0.044369
0.019143
0.026829
0.026898
0.009461
0.007982
0.020395
0.017796
0.095225
0.043436
0.033897
0.032342
0.020114
0.058420
0.012789
0.068330
0.027872
0.031387
0.040109
0.025675
0.020187
0.051398
0.037316
0.101642
0.019183
0.062946
0.047747
0.013478
0.041121
0.068168
0.057194
0.029058
0.041770
0.061972
0.022437
0.070201
0.059531
0.043282
0.027814
0.025146
0.040333
0.022498
0.060087
0.037116
0.021181
0.025791
0.025928
0.009414
0.034362
0.035155
0.063475
0.033392
0.085374
0.021400
0.061695
0.049062
0.032690
0.040616
0.015283
0.029209
0.050301
0.056284
0.103282
0.068480
0.023438
0.072607
0.017872
0.033377
0.036377
0.015558
0.012405
0.021390
0.014190
0.117228
0.064884
0.110230
0.089550
0.036027
0.057158
0.087621
0.038170
0.102809
0.090053
0.028943
0.041107
0.023580
0.036904
0.042091
0.017377
0.019326
0.042499
0.036737
0.098569
0.059736
0.081331
0.089050
0.059862
0.063944
0.076108
0.068651
0.137342
0.054671
0.058568
0.027199
0.024243
0.022860
0.017623
0.139671
0.036389
0.037245
0.020725
0.057921
0.057508
0.068327
0.033690
0.021794
0.047867
0.045197
0.082420
0.019487
0.024740
0.025537
0.124979
0.027952
0.022821
0.072873
0.010750
0.145947
0.140818
