0.720146
0.545436
0.544767
0.653116
0.681557
0.505803
0.727533
0.649680
0.624534
0.733582
0.674641
0.845500
0.643895
0.767380
0.672286
0.650897
0.786422
0.672098
0.626342
0.696686
0.772132
0.754226
0.774066
0.707536
0.728546
0.681248
0.740167
0.747921
0.736119
0.700077
0.699189
0.742530
0.649783
0.646004
0.749836
0.653412
0.673510
0.613400
0.546582
0.642044
0.684047
0.666498
0.710574
0.687445
0.640378
0.610142
0.610873
0.686772
0.638411
0.745951
0.641984
0.623534
0.558184
0.535410
0.724743
0.599625
0.504840
0.714287
0.728765
0.708061
0.630596
0.651158
0.623560
0.697228
0.658794
0.496366
0.576612
0.645614
0.715452
0.740747
0.751449
0.616178
0.635427
0.749739
0.653151
0.439616
0.633961
0.623558
0.681313
0.798725
0.566716
0.651571
0.603928
0.493336
0.643198
0.682821
0.635958
0.589127
0.560255
0.679655
0.651394
0.683155
0.699900
0.512308
0.550185
0.354791
0.521764
0.487860
0.665814
0.708550
0.524756
0.628233
0.571094
0.683105
0.719709
0.752786
0.790676
0.737693
0.755942
0.719711
0.593040
0.774340
0.743218
0.635294
0.731920
0.743544
0.806125
0.741218
0.705902
0.718537
0.776064
0.688884
0.676558
0.678759
0.707458
0.712314
0.830640
0.666175
0.565493
0.767179
0.683531
0.611448
0.590934
0.653727
0.593974
0.650874
0.628779
0.729090
0.685582
0.569361
0.530383
0.659612
0.732186
0.728861
0.590952
0.507049
0.479296
0.681746
0.593899
0.438410
0.588928
0.648101
0.782638
0.622513
0.710719
0.565807
0.596681
0.665967
0.541292
0.428064
0.604999
0.575326
0.702672
0.737279
0.637800
0.576245
0.701379
0.579665
0.681189
0.603392
0.600021
0.737170
0.804558
0.562716
0.585474
0.632081
0.499583
0.452105
0.401191
0.654516
0.549788
0.590129
0.459735
0.665161
0.513043
0.566980
0.343780
0.500513
0.561198
0.578500
0.637700
0.469402
0.760208
0.619197
0.595476
0.682783
0.715804
0.709124
0.542947
0.608603
0.525498
0.409332
0.649611
0.601616
0.618675
0.462131
0.465968
0.559884
0.590769
0.679065
0.487321
0.694078
0.525377
0.613257
0.523226
0.435834
0.728509
0.833499
0.585743
0.532920
0.545788
0.411740
0.524567
0.567815
0.610292
0.369718
0.596797
0.471112
0.696270
0.429029
0.689418
0.421233
0.557217
0.641836
0.619330
0.558074
0.664433
0.493073
0.276452
0.650336
0.647136
0.681854
0.578598
0.702954
0.595532
0.631216
0.659931
0.298336
0.612176
0.487193
0.643302
0.632969
0.630098
0.613960
0.474167
0.602870
0.472992
0.624277
0.416486
0.496273
0.678021
0.806819
0.399966
0.553956
0.602831
0.531485
0.574013
0.517412
0.708310
0.599072
0.514088
0.553030
0.628254
0.515278
0.641326
0.439250
0.497920
0.390529
0.420131
0.703065
0.460772
0.539930
0.609835
0.641974
0.586741
0.604429
0.556239
0.422908
0.481135
0.592830
0.518034
0.445512
0.520319
0.576399
0.674873
0.650837
0.466520
0.549209
0.668201
0.512989
0.513006
0.569301
0.496159
0.515284
0.684111
0.505859
0.448828
0.516715
0.345752
0.527782
0.546321
0.522187
0.378312
0.530538
0.556099
0.565406
0.546226
0.502335
0.353351
0.333222
0.491725
0.568442
0.601302
0.654025
0.746520
0.743501
0.883607
0.673122
0.895021
0.829780
0.733916
0.760062
0.711260
0.710599
0.753449
0.805168
0.862299
0.886345
0.703642
0.681763
0.788907
0.680609
0.679160
0.586954
0.771724
0.822499
0.861567
0.698972
0.728861
0.697168
0.794344
0.630509
0.760539
0.614104
0.816601
0.660152
0.768685
0.699598
0.834720
0.642244
0.646900
0.811677
0.688176
0.648629
0.575057
0.757452
0.693490
0.621480
0.477827
0.598795
0.563997
0.644234
0.543865
0.662853
0.683922
0.638317
0.672497
0.703571
0.658890
0.584112
0.581507
0.693309
0.545097
0.420813
0.491732
0.598763
0.620563
0.736025
0.347069
0.442093
0.719932
0.563710
0.523900
0.562129
0.522701
0.547420
0.380456
0.598707
0.683521
0.684691
0.582299
0.429211
0.505094
0.558800
0.574218
0.664577
0.568524
0.789407
0.605346
0.653360
0.564240
0.678113
0.657144
0.183669
0.428478
0.550252
0.571837
0.623604
0.580363
0.647538
0.453385
0.690877
0.543429
0.662645
0.441687
0.535340
0.741964
0.777473
0.461411
0.657259
0.495779
0.501320
0.414830
0.656932
0.667592
0.610795
0.439245
0.603584
0.600554
0.537058
0.607873
0.405547
0.514159
0.311345
0.422780
0.727570
0.825932
0.676115
0.766047
0.667482
0.595694
0.780842
0.691540
0.634216
0.701791
0.729649
0.635134
0.792766
0.691236
0.625134
0.781737
0.752260
0.809402
0.761360
0.634295
0.839821
0.844906
0.627251
0.779130
0.739461
0.608000
0.724891
0.665269
0.849750
0.683135
0.737267
0.637206
0.683330
0.643084
0.684302
0.544903
0.672260
0.660607
0.702261
0.820065
0.730206
0.656152
0.616872
0.692874
0.790395
0.602452
0.625751
0.686586
0.735018
0.768532
0.672056
0.744283
0.647915
0.618151
0.702344
0.706458
0.662783
0.673846
0.773622
0.786168
0.605068
0.758783
0.782091
0.697386
0.695308
0.760369
0.715409
0.713098
0.588612
0.754942
0.599627
0.653834
0.618864
0.568959
0.685502
0.628847
0.717492
0.710330
0.538989
0.732706
0.715391
0.745841
0.762140
0.771456
0.717625
0.792232
0.843013
0.788579
0.683879
0.733730
0.907263
0.683289
0.577527
0.695407
0.711308
0.540453
0.915625
0.725642
0.673234
0.796862
0.641276
0.776580
0.719909
0.733008
0.662919
0.742850
0.773808
0.866342
0.782728
0.746325
0.632017
0.591863
0.734030
0.702349
0.707709
0.661482
0.657841
0.659824
0.670213
0.656703
0.551799
0.728450
0.788670
0.797769
0.581276
0.657833
0.746649
0.607575
0.644030
0.570960
0.657149
0.746181
0.813229
0.526741
0.630452
0.622147
0.563639
0.652713
0.654927
0.510860
0.614320
0.625129
0.670281
0.665894
0.651988
0.644727
0.588107
0.571685
0.621973
0.587571
0.453310
0.619364
0.710105
0.660976
0.649797
0.676575
0.707019
0.641362
0.571587
0.734066
0.594707
0.664727
0.646360
0.629821
0.660084
0.652885
0.444164
0.639385
0.570120
0.676845
0.712420
0.558591
0.704105
0.762260
0.672299
0.602613
0.475401
0.724657
0.752119
0.623982
0.709425
0.559576
0.584891
0.688332
0.787449
0.556264
0.374058
0.592082
0.553737
0.592180
0.583095
0.619935
0.668211
0.743912
0.609842
0.725173
0.614613
0.653352
0.670101
0.513242
0.640063
0.699447
0.509675
0.569734
0.633739
0.456524
0.577186
0.622272
0.642731
0.452083
0.462793
0.564198
0.615506
0.516294
0.664241
0.451146
0.479150
0.592819
0.676719
0.714845
0.658274
0.621682
0.498031
0.595421
0.539870
0.632870
0.636440
0.570937
0.645784
0.492055
0.606211
0.624323
0.526890
0.643164
0.793411
0.602831
0.575618
0.608130
0.483425
0.577354
0.604049
0.688482
0.310833
0.605324
0.461464
0.690640
0.492598
0.674273
0.490108
0.561988
0.702745
0.709713
0.658190
0.671184
0.711315
0.711903
0.768952
0.754040
0.759859
0.647822
0.829306
0.676043
0.626448
0.609712
0.653372
0.777751
0.845093
0.595834
0.501070
0.633488
0.555600
0.627174
0.741881
0.641126
0.624419
0.580676
0.703884
0.668580
0.701543
0.726121
0.607758
0.623648
0.657033
0.576341
0.450755
0.596195
0.655193
0.685249
0.672069
0.614296
0.555621
0.710959
0.550907
0.585336
0.530506
0.516258
0.685983
0.789950
0.560251
0.695795
0.436135
0.456079
0.524574
0.679910
0.676384
0.584098
0.531626
0.658918
0.494737
0.603302
0.619665
0.480199
0.467541
0.286026
0.365304
0.620620
0.663628
0.663617
0.716126
0.504012
0.589104
0.734422
0.647271
0.656516
0.630781
0.584439
0.719433
0.734679
0.653453
0.665450
0.447419
0.389014
0.491828
0.616417
0.642158
0.612079
0.569278
0.626045
0.532837
0.548279
0.388330
0.451630
0.436304
0.536193
0.601386
0.521871
0.555814
0.590345
0.680131
0.476373
0.628996
0.474906
0.732579
0.592116
0.472526
0.700609
0.829109
0.597858
0.599267
0.663117
0.463126
0.534899
0.599353
0.703181
0.514639
0.611628
0.473573
0.663078
0.382767
0.671458
0.407673
0.519136
0.517568
0.642660
0.477715
0.518113
0.742746
0.536802
0.830452
0.574006
0.732388
0.614020
0.466345
0.781254
0.880351
0.585912
0.596529
0.640806
0.492663
0.390837
0.695708
0.781817
0.476067
0.574423
0.450463
0.793592
0.335612
0.751018
0.412859
0.642888
0.661993
0.742135
0.471966
0.795727
0.465035
0.768847
0.727393
0.817115
0.665393
0.567110
0.831388
0.905014
0.624820
0.666089
0.787553
0.605038
0.615889
0.688296
0.850937
0.681275
0.638806
0.529531
0.819543
0.373397
0.780246
0.526632
0.714223
0.726862
0.774525
0.727098
0.463094
0.773323
0.700498
0.750789
0.521264
0.562855
0.835158
0.838965
0.540400
0.594341
0.745657
0.616425
0.627531
0.747700
0.819416
0.647715
0.546260
0.675353
0.799212
0.502564
0.759043
0.541861
0.676126
0.702985
0.779499
0.701278
0.773897
0.546797
0.657306
0.575225
0.621613
0.679779
0.880639
0.563620
0.626744
0.601429
0.468579
0.600570
0.650856
0.650513
0.599386
0.671842
0.644545
0.663820
0.675480
0.464920
0.497028
0.418348
0.691063
0.688153
0.656911
0.511842
0.680696
0.417482
0.473791
0.815601
0.797681
0.527615
0.596242
0.630223
0.450547
0.554048
0.611209
0.771544
0.583134
0.569443
0.551055
0.749323
0.411918
0.629383
0.406875
0.579786
0.546343
0.667066
0.654558
0.738789
0.656796
0.710064
0.755129
0.680234
0.664935
0.757108
0.813374
0.725933
0.772819
0.634671
0.751668
0.638507
0.705399
0.766327
0.732062
0.669581
0.737566
0.650423
0.690132
0.696923
0.739703
0.613696
0.382513
0.562838
0.638229
0.794201
0.490030
0.577941
0.577554
0.511208
0.474215
0.610211
0.603720
0.443060
0.562297
0.565053
0.804690
0.524468
0.659088
0.433663
0.488750
0.579228
0.668248
0.632152
0.559832
0.657101
0.755257
0.561733
0.594707
0.642263
0.550820
0.630134
0.720244
0.630206
0.543978
0.577275
0.688828
0.646762
0.788697
0.669087
0.542108
0.550693
0.569616
0.578188
0.593740
0.766996
0.788590
0.428324
0.601783
0.527102
0.582649
0.562400
0.649349
0.617081
0.612963
0.540850
0.662918
0.734313
0.605264
0.606110
0.459260
0.590149
0.547482
0.555560
0.742013
0.781055
0.552515
0.486190
0.630432
0.408177
0.508518
0.552597
0.724579
0.406666
0.590654
0.411996
0.626560
0.428596
0.628898
0.443548
0.428364
0.554133
0.626551
0.738783
0.653616
0.664534
0.739976
0.622095
0.694314
0.722930
0.670855
0.623106
0.631008
0.744349
0.765657
0.753404
0.667016
0.633098
0.563603
0.698108
0.701793
0.766355
0.848519
0.780840
0.745359
0.818520
0.851418
0.714864
0.737128
0.666282
0.907744
0.811443
0.859628
0.809882
0.748375
0.716661
0.773056
0.820282
0.531049
0.685019
0.504314
0.542976
0.607532
0.621161
0.502326
0.363176
0.588696
0.772102
0.561432
0.672305
0.360470
0.521088
0.614718
0.619186
0.712575
0.490161
0.556384
0.583239
0.556480
0.463192
0.534970
0.491228
0.726478
0.593226
0.635115
0.475101
0.558487
0.610078
0.636682
0.388223
0.555471
0.772933
0.730158
0.572856
0.643832
0.709129
0.589080
0.663676
0.659999
0.570395
0.548321
0.551433
0.536631
0.407014
0.539391
0.651126
0.361758
0.509506
0.458778
0.632660
0.442362
0.529952
0.349090
0.273355
0.539014
0.601668
0.650427
0.660970
0.427827
0.520386
0.437460
0.693889
0.500843
0.569843
0.406199
0.502978
0.587569
0.602843
0.678656
0.578371
0.699389
0.498467
0.754058
0.554190
0.577222
0.491479
0.575197
0.674357
0.690445
0.621062
0.591390
0.736406
0.702482
0.770887
0.636212
0.660344
0.612465
0.592087
0.658797
0.555377
0.406665
0.703253
0.458426
0.670643
0.399489
0.416157
0.600884
0.626819
0.651453
0.713653
0.587171
0.610243
0.412094
0.496475
0.565624
0.630965
0.720878
0.433280
0.679186
0.359274
0.509401
0.622052
0.674928
0.729650
0.613301
0.620035
0.560510
0.506758
0.447176
0.674834
0.381768
0.526938
0.633144
0.717007
0.573763
0.484207
0.647560
0.697706
0.373479
0.469098
0.524015
0.481427
0.552411
0.406916
