0.035064
0.381965
0.025935
0.048166
0.118824
0.062576
0.317181
0.087489
0.086128
0.091998
0.126027
0.190061
0.062380
0.031327
0.166485
0.077756
0.102720
0.047560
0.024725
0.027202
0.050734
0.057726
0.260620
0.062962
0.447874
0.052870
0.065559
0.226409
0.025590
0.031166
0.245606
0.097941
0.070766
0.084324
0.218707
0.096890
0.124547
0.127619
0.018404
0.064093
0.108559
0.115138
0.093495
0.407212
0.058438
0.126038
0.047148
0.070117
0.029641
0.268035
0.030574
0.012365
0.070520
0.024605
0.223990
0.059296
0.030627
0.045457
0.056914
0.121590
0.048483
0.033567
0.093846
0.053540
0.040744
0.021040
0.009380
0.009997
0.017272
0.027078
0.171037
0.013885
0.341566
0.013917
0.045911
0.136343
0.021442
0.010337
0.162005
0.049196
0.037265
0.046570
0.125698
0.048678
0.067272
0.095531
0.033223
0.030159
0.040319
0.044725
0.035123
0.347622
0.036125
0.065931
0.012144
0.028671
0.015629
0.357259
0.267976
0.170719
0.206171
0.041064
0.232356
0.183839
0.182502
0.139622
0.086423
0.238962
0.281660
0.119487
0.195946
0.215284
0.229631
0.289162
0.274981
0.230233
0.214078
0.054907
0.236857
0.094559
0.227405
0.279978
0.190856
0.324214
0.256908
0.070538
0.179704
0.228145
0.191973
0.068879
0.175039
0.136897
0.210458
0.337480
0.214654
0.152218
0.132670
0.163917
0.151256
0.274298
0.138440
0.222012
0.221632
0.274743
0.047671
0.111420
0.072229
0.297576
0.111651
0.077355
0.096584
0.104013
0.192662
0.089769
0.059736
0.168585
0.078238
0.066869
0.054723
0.036935
0.040187
0.051538
0.059920
0.245987
0.064841
0.444883
0.053230
0.095127
0.208645
0.039092
0.035248
0.241839
0.112848
0.084722
0.099656
0.189951
0.108945
0.126293
0.150062
0.042944
0.077084
0.107759
0.101292
0.090150
0.386816
0.072706
0.134786
0.053271
0.082910
0.045801
0.056447
0.020675
0.216084
0.041788
0.027153
0.035317
0.066578
0.110216
0.043938
0.028373
0.075456
0.055621
0.052462
0.019073
0.012588
0.013260
0.019745
0.024228
0.160411
0.008544
0.318005
0.013685
0.026326
0.128134
0.023112
0.017909
0.149232
0.033221
0.034306
0.036336
0.121743
0.036242
0.054021
0.074575
0.037828
0.026720
0.034066
0.044939
0.035321
0.334173
0.028449
0.055573
0.012535
0.023956
0.018289
0.026396
0.127366
0.042827
0.024794
0.017733
0.062852
0.031108
0.044385
0.052443
0.028952
0.043700
0.077889
0.038051
0.071215
0.065570
0.045069
0.026567
0.066653
0.056310
0.183882
0.042420
0.056503
0.098407
0.080949
0.058660
0.053006
0.029310
0.064217
0.025870
0.088362
0.019299
0.026459
0.028281
0.093546
0.033692
0.035281
0.035619
0.034308
0.215397
0.046325
0.054520
0.037260
0.053499
0.063301
0.156470
0.028039
0.016185
0.019740
0.046192
0.054081
0.018972
0.020553
0.038805
0.033059
0.060434
0.007976
0.023034
0.024106
0.012439
0.009863
0.102315
0.017395
0.238647
0.013650
0.026423
0.106415
0.035338
0.016599
0.088432
0.013673
0.022829
0.010920
0.094471
0.008593
0.027207
0.037879
0.044159
0.011024
0.016641
0.026822
0.019142
0.272630
0.020846
0.034636
0.005986
0.018920
0.020488
0.174173
0.144988
0.148596
0.102044
0.067639
0.176526
0.220678
0.089272
0.145114
0.181948
0.175536
0.238522
0.225719
0.174001
0.160025
0.048908
0.192445
0.118203
0.184577
0.225004
0.191198
0.266323
0.203349
0.066186
0.130540
0.171628
0.137377
0.055690
0.129573
0.102429
0.154209
0.269560
0.170781
0.116694
0.104393
0.134851
0.088472
0.219819
0.098338
0.175308
0.181351
0.220288
0.036530
0.031516
0.085966
0.066451
0.019660
0.036573
0.049255
0.063662
0.082226
0.035417
0.049033
0.044484
0.040832
0.029645
0.121331
0.050986
0.250117
0.034953
0.014114
0.142999
0.055854
0.049572
0.103187
0.016266
0.052294
0.020847
0.118547
0.026829
0.044631
0.035015
0.069890
0.023147
0.036969
0.044997
0.045941
0.287788
0.035365
0.058974
0.033057
0.043687
0.041154
0.011330
0.031271
0.055990
0.039728
0.044905
0.033338
0.035324
0.030567
0.024564
0.039506
0.032795
0.023047
0.016597
0.083812
0.021952
0.233008
0.015186
0.043838
0.090946
0.057455
0.034373
0.079644
0.018764
0.044192
0.027781
0.070753
0.019166
0.026531
0.047176
0.070034
0.014898
0.015516
0.011167
0.012696
0.265807
0.041751
0.041854
0.014219
0.028691
0.037495
0.049551
0.047857
0.039715
0.035917
0.026545
0.034890
0.056309
0.027578
0.044499
0.034694
0.033914
0.022731
0.077473
0.029972
0.220176
0.021458
0.038413
0.102080
0.066411
0.045792
0.070633
0.018405
0.047450
0.026730
0.077638
0.014151
0.017413
0.031570
0.070603
0.012763
0.022537
0.021436
0.019446
0.256546
0.043526
0.036308
0.018929
0.028776
0.039607
0.068177
0.073466
0.089542
0.052937
0.051170
0.032835
0.053167
0.075442
0.066219
0.036323
0.046688
0.077237
0.049525
0.234437
0.040732
0.107067
0.123565
0.107594
0.056449
0.088859
0.048809
0.054397
0.063106
0.042168
0.048151
0.049860
0.097474
0.106347
0.049667
0.028853
0.017018
0.021335
0.220365
0.095562
0.046935
0.041777
0.048964
0.070177
0.066021
0.098916
0.019423
0.069717
0.117172
0.075690
0.121265
0.117527
0.081284
0.063229
0.026275
0.095718
0.100466
0.081061
0.096876
0.103538
0.142140
0.103790
0.014315
0.040782
0.083584
0.041212
0.065007
0.034175
0.034938
0.045877
0.154140
0.061592
0.042682
0.043376
0.050410
0.167085
0.093819
0.050425
0.074793
0.079000
0.108049
0.024015
0.057982
0.045317
0.084359
0.025826
0.035871
0.041860
0.023780
0.021386
0.123641
0.047846
0.260251
0.033964
0.029378
0.139206
0.042597
0.032343
0.108803
0.021899
0.029536
0.015787
0.129713
0.026418
0.055107
0.039126
0.050021
0.022087
0.038573
0.049307
0.041565
0.278784
0.030285
0.058903
0.027531
0.035726
0.025486
0.080690
0.040865
0.092483
0.017121
0.016682
0.019414
0.027964
0.022768
0.156124
0.035159
0.313431
0.027004
0.028591
0.159901
0.027997
0.024267
0.143100
0.037574
0.035595
0.028444
0.146132
0.032221
0.051676
0.044909
0.018589
0.023007
0.053855
0.066509
0.048651
0.306302
0.028445
0.056572
0.018557
0.032183
0.017597
0.057757
0.087967
0.057766
0.091971
0.086959
0.062139
0.050650
0.036385
0.059851
0.130407
0.055078
0.068792
0.087541
0.118774
0.086547
0.030215
0.022697
0.059437
0.033722
0.057006
0.018266
0.021936
0.038729
0.129822
0.037126
0.021464
0.027130
0.034615
0.206987
0.074447
0.029854
0.051297
0.048646
0.083364
0.068920
0.029434
0.048497
0.043582
0.040167
0.023400
0.094651
0.050117
0.264488
0.037843
0.072274
0.157848
0.064448
0.038276
0.104935
0.045735
0.041762
0.039432
0.075029
0.035209
0.033819
0.062696
0.059559
0.033866
0.048226
0.040031
0.041277
0.227400
0.057946
0.044125
0.031801
0.048378
0.045609
0.059777
0.063891
0.055083
0.042043
0.051364
0.131694
0.049407
0.315871
0.034769
0.097405
0.128567
0.088263
0.055389
0.144975
0.069876
0.075542
0.083328
0.082069
0.074375
0.074542
0.116820
0.099608
0.050125
0.049250
0.031745
0.038641
0.304405
0.087821
0.085243
0.045777
0.057717
0.061478
0.017175
0.017100
0.015319
0.011708
0.124181
0.020608
0.274365
0.012195
0.030847
0.123362
0.027158
0.009297
0.112627
0.026548
0.022002
0.017949
0.102420
0.018996
0.033766
0.055272
0.027287
0.016969
0.027427
0.035293
0.032159
0.294926
0.020037
0.045921
0.007787
0.022051
0.017944
0.007331
0.018478
0.025880
0.177967
0.016759
0.343191
0.015665
0.033944
0.151075
0.016630
0.011829
0.167666
0.044340
0.028989
0.037518
0.142520
0.043831
0.065336
0.078708
0.020165
0.025182
0.044121
0.056728
0.042064
0.351768
0.031111
0.060877
0.012651
0.021728
0.009591
0.021359
0.024338
0.168736
0.016800
0.341085
0.011805
0.032777
0.154908
0.022765
0.013567
0.160012
0.041885
0.036865
0.041659
0.125260
0.041687
0.055832
0.078789
0.022018
0.022537
0.042208
0.047996
0.036740
0.340174
0.034959
0.058156
0.011190
0.023231
0.012262
0.014988
0.129132
0.018214
0.283508
0.011076
0.043520
0.123864
0.037888
0.012379
0.121955
0.026840
0.021943
0.026268
0.102213
0.027701
0.048126
0.062023
0.039331
0.021382
0.023357
0.030294
0.019661
0.282418
0.037567
0.047188
0.010450
0.016252
0.014538
0.106182
0.028525
0.261782
0.016430
0.032623
0.128144
0.033544
0.016564
0.099114
0.021234
0.037583
0.018327
0.087524
0.018620
0.030490
0.046054
0.045809
0.018508
0.026974
0.027199
0.021755
0.261868
0.025069
0.046407
0.010772
0.029625
0.024691
0.139533
0.091131
0.124208
0.163267
0.120113
0.211926
0.158675
0.016449
0.082862
0.129536
0.093839
0.041205
0.072157
0.054577
0.084600
0.215561
0.100805
0.073244
0.061962
0.076338
0.148383
0.156559
0.069502
0.118650
0.119797
0.166330
0.290063
0.011974
0.037791
0.108845
0.038614
0.021509
0.130337
0.028948
0.023739
0.035331
0.105075
0.028709
0.045159
0.072518
0.047282
0.022274
0.022187
0.035363
0.025802
0.316000
0.038241
0.038920
0.010656
0.013527
0.020182
0.282545
0.289091
0.150008
0.367893
0.321480
0.068950
0.200641
0.271605
0.205231
0.180173
0.193666
0.186834
0.197197
0.392998
0.252427
0.191122
0.201869
0.223319
0.228000
0.287873
0.189184
0.274674
0.261027
0.327629
0.035480
0.115675
0.037874
0.014452
0.115496
0.025462
0.026221
0.027713
0.095527
0.023804
0.038569
0.059571
0.037019
0.013542
0.019703
0.023946
0.018621
0.304839
0.034622
0.046157
0.006809
0.012124
0.017334
0.143164
0.032553
0.040824
0.136402
0.025248
0.053809
0.028464
0.150500
0.033034
0.055943
0.053772
0.055116
0.026823
0.046776
0.063585
0.057363
0.346080
0.020998
0.068794
0.028521
0.041527
0.031575
0.166936
0.144992
0.097295
0.105818
0.124809
0.109415
0.155464
0.098419
0.117262
0.126898
0.199038
0.110498
0.081163
0.098861
0.105324
0.347302
0.121618
0.119872
0.116986
0.107300
0.140420
0.017571
0.190715
0.061206
0.050543
0.046404
0.179110
0.059913
0.089203
0.100021
0.027900
0.045332
0.068263
0.079830
0.071717
0.386715
0.017375
0.094528
0.027570
0.054884
0.020839
0.146258
0.041915
0.026388
0.031876
0.122154
0.038341
0.059423
0.085558
0.024405
0.029705
0.038906
0.045072
0.037125
0.320768
0.027419
0.062669
0.011385
0.028339
0.013449
0.069127
0.122838
0.074784
0.071978
0.058101
0.056462
0.075463
0.204111
0.094309
0.064813
0.063217
0.075040
0.175451
0.132772
0.075927
0.109478
0.113083
0.155119
0.032667
0.010577
0.080629
0.008559
0.024558
0.032016
0.073724
0.017402
0.012784
0.021752
0.021389
0.248144
0.038535
0.028113
0.020548
0.026212
0.039119
0.027440
0.113981
0.029284
0.055894
0.068357
0.045332
0.028470
0.029635
0.046298
0.041752
0.290169
0.044867
0.039483
0.024140
0.019844
0.025159
0.100487
0.009951
0.030381
0.030740
0.058236
0.021245
0.019452
0.033069
0.032702
0.251624
0.027467
0.035548
0.020972
0.031702
0.034688
0.079761
0.046443
0.120669
0.182213
0.094577
0.061447
0.039976
0.060594
0.165440
0.151196
0.052285
0.094564
0.100741
0.136924
0.017096
0.025744
0.067283
0.014104
0.013001
0.023821
0.020909
0.245490
0.031060
0.027439
0.016340
0.024396
0.039780
0.036950
0.090742
0.028740
0.026070
0.025038
0.029423
0.201800
0.059509
0.021121
0.032670
0.041456
0.059555
0.094526
0.034003
0.051554
0.062930
0.052434
0.230020
0.060978
0.054402
0.052127
0.058424
0.070753
0.047941
0.081933
0.092417
0.077620
0.363763
0.047884
0.092427
0.033893
0.049845
0.025958
0.020198
0.026132
0.020608
0.289736
0.028838
0.038118
0.009858
0.017167
0.021770
0.010681
0.013845
0.254012
0.045838
0.023443
0.018825
0.018307
0.041751
0.013306
0.235297
0.062541
0.033845
0.024733
0.035877
0.052468
0.246061
0.056789
0.031596
0.017957
0.022441
0.040756
0.349688
0.199734
0.295828
0.306154
0.330758
0.074209
0.022801
0.043030
0.029150
0.037841
0.034276
0.057342
0.015374
0.015508
0.021093
