0.014219
0.015205
0.076087
0.027755
0.015128
0.010690
0.028001
0.023890
0.020576
0.013707
0.037821
0.018294
0.157584
0.016411
0.020804
0.028972
0.028524
0.032394
0.019787
0.023461
0.016216
0.018512
0.059288
0.011113
0.019569
0.012350
0.015957
0.015088
0.018672
0.016502
0.041238
0.029075
0.017385
0.051207
0.022070
0.020903
0.040453
0.040512
0.013090
0.056625
0.039998
0.160971
0.042183
0.011856
0.118008
0.022179
0.081221
0.024936
0.033860
0.015156
0.058872
0.030352
0.020316
0.014637
0.012614
0.026899
0.011526
0.007958
0.038832
0.015578
0.131789
0.008496
0.019215
0.038233
0.020084
0.026012
0.014606
0.010579
0.010208
0.017386
0.078926
0.010754
0.015965
0.017564
0.017595
0.013824
0.016678
0.008241
0.034450
0.033586
0.016484
0.039081
0.027339
0.018220
0.031725
0.022719
0.016847
0.051318
0.023199
0.129114
0.034521
0.015528
0.115238
0.012870
0.070393
0.022993
0.016810
0.084644
0.020055
0.007042
0.021090
0.028303
0.019161
0.024333
0.014253
0.050264
0.026490
0.178964
0.012943
0.012696
0.032332
0.017850
0.016041
0.015896
0.025049
0.017758
0.009969
0.036635
0.010929
0.018358
0.019791
0.014128
0.019517
0.023411
0.011744
0.036825
0.015182
0.009796
0.046838
0.023713
0.019178
0.045542
0.042583
0.024515
0.035536
0.038372
0.179258
0.044566
0.011421
0.104289
0.015435
0.063114
0.012615
0.033101
0.137093
0.098229
0.051206
0.042900
0.052529
0.036083
0.071729
0.126548
0.035843
0.126404
0.077991
0.068797
0.120345
0.107280
0.116848
0.099454
0.061122
0.058810
0.079185
0.187202
0.087768
0.099423
0.058923
0.100398
0.076714
0.081522
0.067899
0.060296
0.108277
0.059034
0.030923
0.110684
0.043772
0.071814
0.022128
0.048225
0.100961
0.088814
0.063671
0.015667
0.080634
0.205750
0.068372
0.187709
0.109465
0.065863
0.019301
0.045011
0.046228
0.047708
0.052262
0.023176
0.050531
0.049944
0.187457
0.022470
0.035169
0.030257
0.024524
0.013094
0.020872
0.032669
0.032522
0.024250
0.031308
0.016543
0.013070
0.034414
0.012153
0.034571
0.038487
0.027201
0.052597
0.024085
0.038059
0.084728
0.016212
0.049315
0.049535
0.079212
0.044252
0.074613
0.040284
0.230074
0.091141
0.027910
0.075404
0.030327
0.031771
0.016478
0.042901
0.023409
0.034534
0.022477
0.033796
0.019473
0.050094
0.030783
0.196103
0.019114
0.021066
0.034821
0.020832
0.021419
0.022910
0.032234
0.024687
0.014434
0.035359
0.010282
0.024336
0.022702
0.017570
0.025137
0.029255
0.018120
0.048056
0.018743
0.016126
0.061644
0.027983
0.030392
0.061308
0.053731
0.027118
0.040608
0.044425
0.197862
0.052529
0.014711
0.122801
0.020335
0.067419
0.018934
0.041286
0.018054
0.020141
0.010710
0.019371
0.031723
0.014330
0.158976
0.017883
0.024023
0.045688
0.031772
0.039121
0.031531
0.025449
0.017766
0.020335
0.081693
0.016981
0.032936
0.012122
0.026922
0.017215
0.015349
0.017448
0.033325
0.037397
0.015262
0.032522
0.025682
0.016417
0.045652
0.028815
0.008620
0.044756
0.042391
0.135836
0.028150
0.019147
0.137910
0.016567
0.098667
0.035890
0.036606
0.025404
0.014205
0.024036
0.060912
0.017132
0.134499
0.020921
0.018720
0.062218
0.025321
0.037633
0.037064
0.015521
0.020536
0.030795
0.097525
0.028790
0.027197
0.015390
0.030709
0.032751
0.033870
0.012073
0.032456
0.050775
0.026518
0.036905
0.039470
0.019962
0.036919
0.027980
0.013708
0.056693
0.037575
0.121805
0.024978
0.037802
0.110302
0.020598
0.068422
0.033128
0.029396
0.021599
0.027211
0.079563
0.015584
0.162013
0.029509
0.022272
0.042985
0.045729
0.044758
0.039842
0.029155
0.024440
0.020188
0.059825
0.028868
0.037809
0.014129
0.034609
0.037550
0.045241
0.025548
0.020162
0.025019
0.014582
0.029335
0.044619
0.012601
0.050970
0.033769
0.015811
0.051935
0.047620
0.147134
0.023854
0.028885
0.130097
0.019206
0.098190
0.039665
0.038778
0.019936
0.045984
0.013809
0.110170
0.017763
0.021222
0.049541
0.038110
0.043354
0.030492
0.013022
0.011214
0.025686
0.098440
0.025874
0.031113
0.019589
0.028521
0.016751
0.018913
0.016149
0.025054
0.045332
0.015324
0.019468
0.037614
0.009524
0.025928
0.019834
0.013178
0.053127
0.029417
0.096639
0.021534
0.025724
0.122474
0.015394
0.099359
0.039708
0.018413
0.037742
0.017381
0.141038
0.011966
0.024844
0.021875
0.027222
0.023356
0.009523
0.015554
0.010285
0.010914
0.065774
0.009708
0.013605
0.017874
0.015265
0.012938
0.020029
0.016117
0.028651
0.021003
0.015087
0.040042
0.021502
0.021620
0.029033
0.025573
0.022000
0.059357
0.022662
0.144487
0.047230
0.010218
0.105565
0.010774
0.072536
0.025256
0.018501
0.063423
0.190202
0.037434
0.066003
0.057247
0.046463
0.046809
0.039255
0.053339
0.044822
0.050533
0.102911
0.031032
0.049448
0.055862
0.044283
0.026870
0.017008
0.046973
0.078553
0.064220
0.050697
0.086524
0.025546
0.063045
0.071462
0.075298
0.055111
0.075477
0.050392
0.188871
0.101819
0.038375
0.149614
0.042037
0.107523
0.056448
0.057489
0.124363
0.019454
0.023497
0.038026
0.046798
0.046661
0.031234
0.021051
0.011359
0.021985
0.086575
0.022870
0.028930
0.014087
0.027233
0.024256
0.031919
0.022140
0.023691
0.034825
0.018918
0.026692
0.041389
0.012761
0.032927
0.016966
0.009975
0.066099
0.037646
0.115756
0.016041
0.026003
0.130334
0.018782
0.103219
0.041858
0.026749
0.147901
0.160330
0.151514
0.197115
0.191079
0.149156
0.094413
0.117109
0.170642
0.270434
0.169045
0.141359
0.153998
0.156249
0.138650
0.153677
0.153021
0.118991
0.190521
0.158609
0.123857
0.178815
0.126337
0.082681
0.124663
0.135112
0.254929
0.094722
0.062992
0.145315
0.168174
0.180399
0.142466
0.220011
0.191039
0.079608
0.014647
0.031087
0.018449
0.018016
0.012854
0.017111
0.007787
0.018210
0.061201
0.009876
0.011805
0.020942
0.010286
0.011769
0.016033
0.008780
0.035502
0.026722
0.015675
0.042807
0.022268
0.018025
0.030487
0.035848
0.019320
0.045869
0.027736
0.156571
0.043285
0.019538
0.100312
0.011700
0.059278
0.013709
0.024268
0.045913
0.019611
0.023394
0.025730
0.024154
0.017173
0.028344
0.057630
0.023887
0.019012
0.022115
0.021373
0.027429
0.031205
0.010465
0.041583
0.033776
0.017155
0.047953
0.039531
0.016322
0.040175
0.043014
0.021683
0.038799
0.043494
0.157087
0.032459
0.029612
0.091220
0.023888
0.060775
0.015965
0.034753
0.060152
0.036749
0.021052
0.038939
0.026150
0.028461
0.047973
0.024822
0.025192
0.042402
0.026942
0.028398
0.039666
0.047169
0.041766
0.016353
0.033672
0.072697
0.032265
0.039022
0.044509
0.063331
0.042991
0.095331
0.030575
0.183082
0.085858
0.025447
0.103858
0.028463
0.090806
0.044049
0.036230
0.017724
0.024888
0.030596
0.033542
0.032670
0.061499
0.021841
0.020721
0.029351
0.023838
0.032466
0.027034
0.010988
0.060976
0.043356
0.031471
0.074300
0.029265
0.039336
0.059245
0.063166
0.037300
0.039005
0.047451
0.199344
0.065703
0.032186
0.099818
0.029782
0.038548
0.011512
0.046425
0.020775
0.032936
0.029061
0.027388
0.038571
0.017928
0.015573
0.038363
0.018651
0.031848
0.030898
0.022541
0.053181
0.023521
0.028608
0.076606
0.021346
0.042584
0.054430
0.065032
0.043615
0.050548
0.037387
0.206524
0.075668
0.028000
0.086240
0.025120
0.037577
0.013232
0.039428
0.020754
0.013875
0.020929
0.055487
0.015914
0.010018
0.032305
0.017851
0.013044
0.018857
0.017415
0.041387
0.022554
0.021475
0.059117
0.025359
0.027591
0.033668
0.044330
0.036821
0.065029
0.022809
0.164251
0.064505
0.014648
0.095100
0.019224
0.063034
0.021124
0.023408
0.012535
0.026289
0.085201
0.024032
0.015954
0.020679
0.022179
0.020455
0.026438
0.015428
0.024333
0.040525
0.022074
0.036521
0.032819
0.016769
0.019603
0.031648
0.019425
0.073466
0.012828
0.110146
0.041737
0.026759
0.090743
0.015729
0.064557
0.031249
0.006987
0.018456
0.073005
0.015642
0.015951
0.019887
0.016571
0.009246
0.019142
0.013336
0.025643
0.027883
0.014134
0.031106
0.029329
0.011430
0.018096
0.025709
0.015416
0.061684
0.021597
0.124107
0.032634
0.019334
0.104148
0.010157
0.079047
0.025872
0.014651
0.051742
0.012648
0.024861
0.016486
0.017734
0.020827
0.029360
0.022072
0.025450
0.014645
0.014548
0.035022
0.023489
0.022401
0.040227
0.035566
0.021796
0.053696
0.038777
0.172977
0.047891
0.012660
0.116144
0.012103
0.078030
0.028860
0.033983
0.050072
0.052711
0.068388
0.046050
0.078008
0.082126
0.066294
0.083781
0.027106
0.057688
0.124576
0.050912
0.075611
0.106848
0.126934
0.082249
0.082616
0.089295
0.303322
0.122373
0.054732
0.111882
0.063079
0.071714
0.039212
0.093998
0.017475
0.019433
0.012124
0.014895
0.016172
0.015867
0.043335
0.021829
0.017898
0.053256
0.014577
0.026252
0.045253
0.040183
0.022222
0.049175
0.030148
0.175732
0.052466
0.010736
0.115171
0.016189
0.068998
0.018619
0.029298
0.025537
0.011943
0.023192
0.027584
0.016071
0.039032
0.026562
0.027722
0.065035
0.023591
0.030147
0.028590
0.053116
0.028371
0.072417
0.026223
0.172119
0.062616
0.025877
0.068568
0.022231
0.037339
0.016516
0.024689
0.022231
0.028827
0.033303
0.016279
0.023425
0.033505
0.019631
0.034894
0.026537
0.015976
0.037903
0.034948
0.006110
0.058268
0.043765
0.151898
0.031826
0.024765
0.111962
0.017608
0.075530
0.028729
0.035806
0.020637
0.026362
0.017348
0.039804
0.025409
0.024315
0.057058
0.017671
0.027855
0.034105
0.053807
0.025874
0.057096
0.033830
0.189050
0.060397
0.020259
0.087916
0.017542
0.052413
0.014110
0.030158
0.008145
0.019121
0.040157
0.033104
0.015853
0.041084
0.026139
0.020095
0.030561
0.034632
0.024228
0.056863
0.025689
0.140197
0.049920
0.013307
0.122752
0.016543
0.090634
0.030827
0.023679
0.019616
0.049016
0.041638
0.021340
0.051135
0.022913
0.027460
0.041826
0.042257
0.030325
0.052795
0.031682
0.145146
0.056591
0.016532
0.122919
0.024425
0.089921
0.031721
0.031386
0.037462
0.035411
0.016425
0.044288
0.027797
0.016750
0.035491
0.035864
0.018987
0.041637
0.034221
0.149811
0.035763
0.021026
0.098427
0.017000
0.054278
0.011136
0.027196
0.032089
0.027439
0.021956
0.044412
0.020344
0.028798
0.036521
0.025579
0.085235
0.036118
0.124326
0.045093
0.040103
0.103157
0.018560
0.097527
0.055237
0.030198
0.019859
0.059590
0.027645
0.033460
0.056032
0.055298
0.038051
0.061299
0.041916
0.201340
0.067510
0.018988
0.109330
0.019939
0.077706
0.029982
0.042594
0.029433
0.032625
0.010383
0.042282
0.026176
0.019700
0.034728
0.033693
0.140101
0.030830
0.010762
0.125947
0.011238
0.091226
0.025175
0.026040
0.064095
0.019528
0.039108
0.019475
0.032832
0.070185
0.054759
0.093866
0.026806
0.047345
0.152566
0.030217
0.141158
0.072261
0.040503
0.039650
0.046481
0.061444
0.033628
0.063090
0.038106
0.198602
0.077641
0.023046
0.097837
0.024310
0.061755
0.024502
0.041284
0.029536
0.023878
0.013817
0.049830
0.031091
0.115238
0.021540
0.025194
0.115448
0.014267
0.098010
0.033049
0.023009
0.046633
0.034983
0.109859
0.034296
0.117012
0.058773
0.045857
0.074915
0.033241
0.081217
0.050909
0.024520
0.031470
0.066255
0.045072
0.084778
0.019573
0.033927
0.166569
0.029880
0.135563
0.062943
0.030002
0.063074
0.040765
0.130562
0.024396
0.028616
0.122281
0.017320
0.087246
0.036280
0.032428
0.086118
0.212933
0.061658
0.050847
0.179086
0.048616
0.117742
0.041541
0.080049
0.116285
0.070563
0.034920
0.103436
0.021638
0.084959
0.047021
0.007303
0.102559
0.161919
0.258530
0.142098
0.275711
0.207960
0.097676
0.051188
0.171793
0.041714
0.137505
0.063337
0.050203
0.128619
0.018798
0.089077
0.026394
0.030846
0.113773
0.056594
0.087397
0.102680
0.075902
0.026671
0.019760
0.038034
0.086831
0.041894
