0.572205
0.735846
0.580357
0.767740
0.596898
0.502845
0.620652
0.829464
0.622050
0.747862
0.517036
0.767023
0.569838
0.723396
0.687950
0.640443
0.765104
0.649744
0.537252
0.653211
0.584709
0.525829
0.692073
0.656197
0.728722
0.715697
0.632507
0.550988
0.653581
0.422603
0.645627
0.528948
0.626754
0.650475
0.554671
0.515494
0.662064
0.597444
0.572730
0.689487
0.725221
0.806595
0.570852
0.744783
0.584108
0.637764
0.652328
0.752918
0.671282
0.603774
0.348203
0.500147
0.436276
0.394851
0.650806
0.702329
0.561219
0.631712
0.348482
0.547671
0.383137
0.641828
0.455513
0.421341
0.633997
0.552619
0.313080
0.549518
0.463701
0.498242
0.421452
0.562277
0.481859
0.553503
0.457532
0.416917
0.642990
0.566169
0.525388
0.494504
0.584504
0.508303
0.399291
0.358215
0.442514
0.296150
0.346962
0.659732
0.645897
0.837343
0.387009
0.612049
0.596592
0.367257
0.598753
0.537040
0.640190
0.698056
0.641944
0.611339
0.631051
0.853713
0.791923
0.715964
0.699335
0.578243
0.730711
0.500897
0.800565
0.606161
0.577372
0.869210
0.701368
0.497860
0.627382
0.743664
0.647908
0.562429
0.661642
0.742579
0.448573
0.682251
0.596683
0.397553
0.809749
0.642802
0.563364
0.730528
0.685156
0.565355
0.654204
0.633033
0.565875
0.591833
0.575601
0.735440
0.787641
0.580694
0.732226
0.637387
0.651804
0.694177
0.763978
0.761773
0.607309
0.563929
0.433871
0.551215
0.777785
0.612491
0.644285
0.417537
0.594327
0.480809
0.607503
0.565193
0.581773
0.598317
0.694867
0.486412
0.547349
0.532243
0.558765
0.523430
0.588234
0.558882
0.553031
0.396299
0.530197
0.657526
0.632680
0.538673
0.504610
0.693705
0.459864
0.516347
0.405187
0.604459
0.459124
0.430808
0.666904
0.792367
0.802644
0.539568
0.686570
0.641282
0.452202
0.612832
0.584437
0.637477
0.574986
0.584672
0.724993
0.704045
0.647048
0.727560
0.500445
0.680507
0.599959
0.677619
0.597986
0.611487
0.789825
0.622478
0.485124
0.638174
0.607928
0.488386
0.482527
0.577819
0.649515
0.627976
0.548675
0.566185
0.614026
0.689963
0.619389
0.612760
0.628771
0.600466
0.493064
0.554466
0.412478
0.485268
0.525658
0.640380
0.744508
0.737661
0.510203
0.581115
0.558338
0.594783
0.655910
0.653195
0.555118
0.429257
0.737380
0.493366
0.428796
0.613155
0.375626
0.425539
0.428504
0.711902
0.512977
0.488367
0.781364
0.513813
0.328585
0.646909
0.580818
0.482888
0.607659
0.644935
0.566901
0.581208
0.474411
0.393638
0.685161
0.682628
0.374123
0.594277
0.506179
0.563905
0.423210
0.507774
0.575144
0.389138
0.486433
0.416425
0.650062
0.770459
0.356795
0.441526
0.459813
0.537059
0.583568
0.683098
0.699244
0.588559
0.731894
0.530748
0.653162
0.364911
0.569483
0.380245
0.572871
0.514284
0.503170
0.713029
0.628070
0.409543
0.524756
0.523683
0.435688
0.528999
0.527972
0.527066
0.567431
0.357725
0.344455
0.593670
0.597955
0.548996
0.507844
0.552910
0.544244
0.476791
0.400841
0.530101
0.412646
0.350696
0.606956
0.621454
0.769531
0.395252
0.668401
0.516847
0.491031
0.588121
0.612606
0.635050
0.950607
0.772281
0.834595
0.599598
0.785575
0.624942
0.702320
0.783768
0.723808
0.799121
0.723352
0.647339
0.488436
0.684266
0.702219
0.597111
0.659523
0.725557
0.676898
0.591301
0.712350
0.712349
0.689667
0.765194
0.617701
0.834407
0.632361
0.696007
0.648149
0.665398
0.661031
0.553704
0.780756
0.853391
0.881503
0.692549
0.852291
0.688256
0.616931
0.751037
0.678971
0.662343
0.696962
0.780067
0.613322
0.580739
0.750034
0.801871
0.740511
0.765441
0.880463
0.706451
0.630052
0.868532
0.744151
0.686521
0.772264
0.760457
0.729957
0.713833
0.672692
0.632638
0.749025
0.821499
0.509867
0.654332
0.638576
0.766960
0.594543
0.705378
0.759319
0.641177
0.784783
0.609643
0.686748
0.757363
0.699831
0.434624
0.652322
0.802135
0.738623
0.826502
0.830315
0.598648
0.493655
0.501534
0.614398
0.790679
0.628353
0.713099
0.780038
0.557912
0.406749
0.755447
0.517958
0.477106
0.661643
0.657771
0.651843
0.661957
0.464829
0.483867
0.678751
0.672816
0.654420
0.586438
0.565893
0.573060
0.534329
0.548737
0.673836
0.575327
0.631079
0.606383
0.516628
0.761459
0.468786
0.513845
0.567897
0.621174
0.669308
0.756028
0.654750
0.520355
0.591880
0.690408
0.815614
0.697236
0.672082
0.789951
0.548268
0.568426
0.763696
0.726273
0.585688
0.691379
0.746780
0.758098
0.726039
0.563494
0.575120
0.737696
0.722527
0.690529
0.665645
0.702943
0.635689
0.604444
0.604908
0.745203
0.613972
0.658773
0.705166
0.711239
0.779601
0.621770
0.646376
0.705783
0.691064
0.674749
0.840402
0.722763
0.563960
0.427846
0.638127
0.548534
0.430059
0.669942
0.601021
0.318108
0.490898
0.486348
0.375286
0.475659
0.507201
0.542643
0.461997
0.376185
0.355787
0.613995
0.576145
0.465827
0.469596
0.549825
0.425336
0.350194
0.378180
0.472503
0.205384
0.334836
0.569955
0.550515
0.759626
0.389676
0.566515
0.574236
0.471604
0.548940
0.578698
0.593431
0.549907
0.717979
0.589869
0.718441
0.855231
0.553575
0.515694
0.700961
0.673970
0.632798
0.714041
0.684655
0.632410
0.662457
0.349709
0.624908
0.743357
0.782725
0.611747
0.608038
0.638138
0.463274
0.500700
0.624182
0.715827
0.552491
0.568064
0.547333
0.646047
0.810246
0.511895
0.415856
0.639606
0.706150
0.640415
0.779158
0.750919
0.545836
0.322353
0.325513
0.747305
0.588137
0.334784
0.326885
0.647871
0.553173
0.547496
0.537419
0.640270
0.579006
0.494522
0.430423
0.622036
0.634587
0.570204
0.551399
0.582740
0.490373
0.383436
0.471453
0.484395
0.408810
0.289754
0.603786
0.669583
0.893343
0.362967
0.628913
0.507845
0.504115
0.560888
0.514098
0.644611
0.660707
0.672583
0.890398
0.795897
0.601534
0.545711
0.746541
0.611637
0.662578
0.708212
0.757834
0.729961
0.630543
0.699565
0.753027
0.794565
0.679648
0.562002
0.740221
0.643010
0.632613
0.603667
0.682969
0.721606
0.493491
0.708121
0.835508
0.745620
0.554902
0.689060
0.731755
0.686707
0.599616
0.731845
0.612366
0.502360
0.831852
0.547675
0.442218
0.576136
0.771921
0.544652
0.659389
0.611464
0.730369
0.713131
0.568320
0.518935
0.698489
0.737624
0.613030
0.595980
0.558658
0.568790
0.485995
0.501756
0.594377
0.503463
0.424750
0.661181
0.707139
0.902059
0.435617
0.608977
0.568037
0.582005
0.596568
0.636011
0.711876
0.775542
0.656182
0.402597
0.494688
0.680408
0.600752
0.606125
0.619143
0.704819
0.587051
0.619757
0.490952
0.682668
0.633199
0.609891
0.572481
0.624530
0.653577
0.410942
0.531988
0.549461
0.413538
0.399668
0.670303
0.694604
0.882195
0.420839
0.714620
0.630076
0.538516
0.614188
0.543064
0.737923
0.876734
0.790920
0.771475
0.639907
0.717597
0.739707
0.757208
0.774157
0.769858
0.698347
0.747248
0.829483
0.710350
0.743834
0.766338
0.853704
0.713655
0.788830
0.627222
0.724853
0.782403
0.759817
0.872094
0.823337
0.870226
0.817361
0.774048
0.825413
0.564197
0.804083
0.726655
0.819845
0.455765
0.729326
0.750099
0.532848
0.732449
0.737938
0.722984
0.768079
0.546485
0.559406
0.712406
0.734016
0.658288
0.578585
0.528135
0.640095
0.521410
0.536308
0.611082
0.568872
0.572843
0.636981
0.696674
0.820480
0.493066
0.572280
0.479520
0.657208
0.710132
0.797534
0.680199
0.557734
0.469322
0.436256
0.506500
0.555653
0.488820
0.524724
0.430800
0.363644
0.599261
0.579347
0.453770
0.498308
0.467168
0.449674
0.324482
0.390840
0.450313
0.293677
0.353953
0.537448
0.549086
0.808888
0.281664
0.490458
0.487211
0.460206
0.578361
0.605605
0.549538
0.733157
0.639651
0.488353
0.553142
0.724417
0.565499
0.606088
0.606609
0.643803
0.693113
0.726409
0.586840
0.750765
0.580269
0.546557
0.645231
0.492457
0.518255
0.390529
0.649003
0.767150
0.897188
0.500921
0.732204
0.601757
0.599645
0.628710
0.465498
0.602590
0.552947
0.506975
0.660457
0.397996
0.533826
0.481885
0.450251
0.689580
0.542880
0.616969
0.552446
0.718353
0.501541
0.599221
0.516182
0.617038
0.537346
0.628888
0.679043
0.610637
0.828959
0.611095
0.652900
0.705199
0.546572
0.711599
0.732551
0.657187
0.625325
0.553608
0.674851
0.650269
0.471400
0.399601
0.577724
0.641763
0.578211
0.468786
0.517698
0.541523
0.480451
0.380372
0.550434
0.517293
0.539042
0.592845
0.543348
0.643106
0.484082
0.502446
0.524281
0.558599
0.618392
0.711563
0.528850
0.570970
0.684265
0.443091
0.557940
0.597810
0.540645
0.605904
0.636092
0.561731
0.745452
0.612977
0.564965
0.530249
0.423233
0.436248
0.491122
0.609759
0.734977
0.841045
0.517851
0.740168
0.669194
0.518759
0.533889
0.643472
0.584971
0.722364
0.661995
0.527656
0.552195
0.623972
0.708296
0.662626
0.579032
0.718420
0.565526
0.564557
0.542678
0.508941
0.574740
0.549350
0.553382
0.655460
0.812140
0.555315
0.616545
0.566190
0.638884
0.669599
0.559526
0.631300
0.520893
0.544075
0.466081
0.775781
0.637036
0.621123
0.631916
0.686500
0.587895
0.628382
0.598989
0.627702
0.542332
0.590561
0.739534
0.757805
0.850853
0.594625
0.645149
0.715148
0.582139
0.760743
0.670331
0.748612
0.564557
0.545485
0.416435
0.721314
0.603640
0.463035
0.770128
0.570360
0.591783
0.599961
0.582749
0.513694
0.536173
0.621188
0.703099
0.775926
0.575661
0.719846
0.706888
0.607147
0.657832
0.687560
0.687196
0.411493
0.643067
0.612354
0.555741
0.479631
0.665829
0.349455
0.468456
0.430700
0.560501
0.479041
0.394462
0.644370
0.582653
0.663933
0.447585
0.526295
0.593530
0.495977
0.566665
0.673997
0.653324
0.605469
0.586624
0.510867
0.511839
0.503283
0.544987
0.469908
0.452908
0.508291
0.435161
0.458047
0.644861
0.576854
0.733224
0.445146
0.568681
0.531383
0.556174
0.598022
0.676086
0.622160
0.747869
0.556813
0.388165
0.699766
0.664202
0.638432
0.572730
0.619719
0.649761
0.680104
0.630657
0.656926
0.718414
0.629949
0.758322
0.578767
0.704826
0.676794
0.806244
0.638423
0.694312
0.597125
0.673622
0.679747
0.619836
0.589138
0.660363
0.616565
0.632125
0.768816
0.795781
0.827045
0.616191
0.761007
0.758907
0.606323
0.679562
0.720911
0.671172
0.597122
0.599051
0.654109
0.512252
0.542328
0.658447
0.536386
0.582890
0.462819
0.689854
0.750017
0.557052
0.504556
0.644601
0.622110
0.630939
0.704716
0.687888
0.642035
0.577911
0.523691
0.403312
0.598931
0.542196
0.572286
0.597142
0.604251
0.592010
0.516485
0.635690
0.544780
0.541334
0.546976
0.722219
0.602175
0.713663
0.463432
0.582366
0.705451
0.543576
0.597313
0.654599
0.713439
0.808825
0.439606
0.580749
0.514089
0.678044
0.595135
0.824203
0.738198
0.482095
0.488870
0.598775
0.508254
0.504273
0.652862
0.667634
0.889931
0.509867
0.629955
0.648362
0.591412
0.654190
0.633526
0.615852
0.447490
0.525836
0.319517
0.426267
0.597104
0.653042
0.787128
0.365455
0.563564
0.507271
0.496336
0.583996
0.604199
0.653032
0.546800
0.439144
0.431175
0.606514
0.640678
0.727846
0.488627
0.608554
0.531445
0.482869
0.602159
0.651048
0.566393
0.410884
0.440779
0.688640
0.686666
0.846936
0.453717
0.692494
0.561015
0.542123
0.657824
0.569681
0.626529
0.352319
0.629245
0.675710
0.878717
0.352665
0.655442
0.582924
0.511313
0.596589
0.567745
0.594753
0.642856
0.733579
0.855612
0.314438
0.675079
0.621614
0.471053
0.536643
0.600253
0.642803
0.751449
0.779471
0.587370
0.450871
0.594662
0.764237
0.643991
0.709741
0.659523
0.788844
0.556159
0.644717
0.682773
0.776155
0.783794
0.830151
0.704912
0.832168
0.636706
0.791902
0.801363
0.715188
0.951217
0.769833
0.615277
0.502647
0.485786
0.548574
0.603206
0.598562
0.552929
0.681955
0.642994
0.749857
0.708953
0.586497
0.579222
0.710001
0.677575
0.656889
0.593424
0.746032
0.785946
0.707491
0.668776
