0.023639
0.024964
0.015041
0.015437
0.019162
0.022604
0.018089
0.012214
0.013497
0.026395
0.031840
0.048263
0.013734
0.018229
0.007169
0.032535
0.007968
0.039198
0.024535
0.029847
0.021768
0.021518
0.029364
0.034558
0.019836
0.043854
0.018051
0.033809
0.014516
0.050042
0.017463
0.022776
0.047267
0.015534
0.024541
0.018716
0.114926
0.037189
0.026788
0.025481
0.059355
0.031603
0.052867
0.035132
0.036871
0.116096
0.029767
0.020015
0.031997
0.009209
0.028618
0.023028
0.040137
0.033788
0.029466
0.026147
0.016690
0.038830
0.030622
0.021332
0.026085
0.032015
0.023204
0.055759
0.018455
0.032241
0.063833
0.013151
0.032286
0.049886
0.018777
0.038218
0.034190
0.068752
0.026450
0.039064
0.025879
0.023901
0.030780
0.038461
0.027681
0.011797
0.049362
0.041842
0.077275
0.054652
0.012147
0.047131
0.027617
0.024995
0.061283
0.028140
0.026873
0.110726
0.034849
0.028440
0.048044
0.035600
0.028773
0.045875
0.037926
0.038818
0.031099
0.019079
0.042407
0.038089
0.019270
0.033597
0.038515
0.027287
0.067065
0.025141
0.030495
0.063166
0.011446
0.023753
0.059106
0.018870
0.047540
0.040577
0.076756
0.034932
0.049105
0.035079
0.019810
0.035315
0.045551
0.027772
0.016132
0.059824
0.049140
0.065119
0.066557
0.018800
0.060525
0.027184
0.022314
0.080370
0.033931
0.038248
0.113339
0.045717
0.036197
0.062170
0.012685
0.011031
0.016388
0.011333
0.011408
0.018173
0.019264
0.022344
0.060960
0.009425
0.015432
0.009754
0.022844
0.008547
0.060460
0.024671
0.046661
0.046381
0.016456
0.032853
0.025690
0.012515
0.030096
0.016893
0.018536
0.009036
0.075280
0.013675
0.019989
0.055878
0.017861
0.021464
0.014151
0.146234
0.024918
0.027223
0.018580
0.078366
0.047414
0.024658
0.042353
0.019363
0.143452
0.020629
0.023013
0.015404
0.014258
0.007645
0.010730
0.004291
0.016400
0.030892
0.022445
0.055286
0.008092
0.011937
0.016421
0.027346
0.009949
0.035459
0.027735
0.035430
0.039217
0.020302
0.024120
0.012860
0.019108
0.024177
0.013345
0.014394
0.012249
0.061937
0.015403
0.011804
0.039487
0.013100
0.015247
0.021634
0.118413
0.033954
0.022587
0.021880
0.071916
0.047095
0.046068
0.022875
0.022452
0.103385
0.018530
0.022313
0.019706
0.011709
0.013708
0.008653
0.020049
0.013872
0.019980
0.075971
0.018060
0.008092
0.021088
0.014912
0.017066
0.067111
0.026446
0.054398
0.058497
0.023972
0.030804
0.020673
0.017363
0.017971
0.008870
0.023074
0.009069
0.075428
0.009756
0.020238
0.061535
0.022288
0.017758
0.020176
0.158378
0.028099
0.039863
0.012092
0.091758
0.058084
0.036967
0.042984
0.026037
0.131865
0.022407
0.036407
0.011928
0.018312
0.004048
0.023470
0.030855
0.025498
0.073903
0.010734
0.012086
0.022325
0.018842
0.015879
0.054459
0.034289
0.046527
0.053620
0.019871
0.031115
0.016779
0.015218
0.022979
0.009975
0.016162
0.015407
0.070435
0.023383
0.016374
0.056627
0.016915
0.023284
0.026808
0.141277
0.032585
0.036559
0.028796
0.086332
0.057270
0.047643
0.037231
0.023980
0.121248
0.019203
0.034346
0.019733
0.010839
0.022013
0.023073
0.025280
0.060294
0.011222
0.015707
0.015495
0.023357
0.010378
0.054167
0.025283
0.042782
0.051564
0.021257
0.029653
0.030421
0.018346
0.028149
0.016617
0.024202
0.006332
0.072475
0.016694
0.022715
0.051252
0.019158
0.011094
0.022054
0.143190
0.025083
0.023875
0.013911
0.072726
0.046742
0.025666
0.044977
0.024333
0.129232
0.025075
0.018853
0.011018
0.015332
0.022550
0.020133
0.061682
0.008121
0.007707
0.013478
0.018361
0.008927
0.044755
0.025563
0.035603
0.043529
0.017503
0.022635
0.016732
0.012903
0.021358
0.007779
0.016962
0.009304
0.061001
0.015648
0.013520
0.045879
0.011656
0.016959
0.017726
0.128847
0.027572
0.028310
0.020447
0.071976
0.044268
0.043066
0.029530
0.022071
0.109253
0.016650
0.023914
0.016744
0.022649
0.027097
0.032443
0.020324
0.017864
0.016502
0.038245
0.013553
0.041825
0.040429
0.024445
0.029972
0.038762
0.019475
0.028574
0.024580
0.045070
0.016417
0.038626
0.018901
0.037882
0.017430
0.030719
0.033551
0.011443
0.038023
0.029524
0.105378
0.037588
0.017837
0.032220
0.047489
0.026415
0.061327
0.028439
0.025714
0.118045
0.031007
0.031951
0.036967
0.015123
0.070313
0.034097
0.013939
0.025025
0.022333
0.027085
0.079044
0.041250
0.049898
0.071032
0.039355
0.027606
0.038132
0.019925
0.031950
0.016291
0.039304
0.019642
0.069709
0.019913
0.034864
0.060611
0.025230
0.035727
0.022433
0.154819
0.033417
0.043533
0.020201
0.076653
0.044615
0.040892
0.048799
0.026888
0.142304
0.028450
0.037324
0.025646
0.062851
0.032369
0.014853
0.031910
0.032872
0.028132
0.064386
0.049918
0.041764
0.072989
0.045605
0.024489
0.025117
0.025506
0.032833
0.018179
0.031818
0.020045
0.062448
0.025511
0.026601
0.051186
0.023262
0.033920
0.024750
0.129688
0.044296
0.036416
0.025331
0.071162
0.048254
0.039617
0.032848
0.021742
0.129276
0.031897
0.033221
0.023477
0.064001
0.071329
0.051997
0.114240
0.045857
0.036192
0.086993
0.017483
0.028936
0.099255
0.033051
0.081705
0.075638
0.111881
0.067438
0.085766
0.058721
0.016198
0.054704
0.077056
0.029459
0.038296
0.093035
0.075480
0.046722
0.100574
0.024357
0.086674
0.015699
0.022559
0.103813
0.055673
0.059043
0.135283
0.083362
0.054750
0.089249
0.016927
0.010995
0.021721
0.005504
0.053969
0.032473
0.042070
0.041376
0.012008
0.037678
0.026174
0.013220
0.037779
0.015244
0.019508
0.010901
0.072051
0.023968
0.021009
0.057628
0.017298
0.019179
0.023746
0.141443
0.021833
0.024723
0.028277
0.077269
0.051262
0.034180
0.041937
0.023073
0.139103
0.021679
0.022150
0.019651
0.020484
0.014551
0.016166
0.056206
0.034492
0.041831
0.057786
0.025473
0.025046
0.017251
0.017245
0.019287
0.006647
0.021620
0.012281
0.067248
0.016269
0.019253
0.053149
0.017921
0.018449
0.019824
0.140120
0.026358
0.034583
0.017405
0.078296
0.048782
0.043742
0.030589
0.022113
0.116592
0.020495
0.033302
0.016565
0.028591
0.007506
0.048167
0.028212
0.037559
0.031731
0.015552
0.034667
0.035306
0.014491
0.043885
0.021904
0.029080
0.014252
0.062237
0.020806
0.027059
0.051069
0.014622
0.026156
0.019143
0.131323
0.032905
0.025181
0.025192
0.065514
0.036882
0.038184
0.040983
0.028350
0.134138
0.022297
0.021825
0.027849
0.028787
0.096864
0.045131
0.077397
0.089357
0.017221
0.054758
0.028804
0.016366
0.026600
0.014050
0.026795
0.020461
0.108371
0.032769
0.030794
0.090759
0.033787
0.021919
0.029955
0.209925
0.023601
0.058655
0.020066
0.121417
0.080644
0.038366
0.058205
0.036045
0.150731
0.019235
0.046635
0.021294
0.043432
0.026451
0.028372
0.028930
0.019817
0.027325
0.031409
0.013869
0.039367
0.014114
0.024755
0.007997
0.054232
0.018154
0.019933
0.045159
0.014127
0.022381
0.017088
0.118657
0.025310
0.019371
0.025504
0.056183
0.033185
0.035683
0.038364
0.023197
0.128540
0.026082
0.015618
0.020532
0.061434
0.029948
0.025080
0.071672
0.033283
0.052864
0.070242
0.073622
0.058708
0.057265
0.055073
0.040507
0.046799
0.044809
0.025750
0.035261
0.059110
0.058308
0.046145
0.107484
0.038937
0.067418
0.052045
0.044264
0.113825
0.027523
0.072216
0.064593
0.061651
0.044903
0.081285
0.066244
0.050826
0.031036
0.050377
0.050245
0.033691
0.030543
0.037060
0.044840
0.028243
0.102286
0.030103
0.025481
0.064800
0.041383
0.023714
0.018434
0.154889
0.055339
0.058457
0.027386
0.105212
0.059720
0.058712
0.060267
0.063706
0.119843
0.050442
0.030157
0.034277
0.027871
0.072475
0.015953
0.059112
0.050343
0.080708
0.038491
0.062766
0.038652
0.013061
0.043548
0.050596
0.031122
0.025800
0.066656
0.051312
0.051606
0.071572
0.021881
0.067925
0.011200
0.012972
0.087911
0.038971
0.045136
0.104241
0.061518
0.033608
0.066269
0.060373
0.042883
0.066261
0.059334
0.089476
0.055256
0.066260
0.045887
0.037176
0.040720
0.049808
0.044272
0.037220
0.064581
0.053799
0.071627
0.086470
0.035164
0.069812
0.047438
0.032372
0.103058
0.048650
0.070559
0.117073
0.067944
0.043229
0.078217
0.058330
0.033217
0.016694
0.032963
0.027210
0.018389
0.022502
0.107703
0.031999
0.025186
0.081561
0.029970
0.019880
0.025445
0.186472
0.033658
0.049413
0.025574
0.114960
0.073682
0.040385
0.051591
0.040210
0.146171
0.016079
0.033106
0.026503
0.036894
0.036028
0.046083
0.023587
0.039727
0.026304
0.029564
0.022886
0.032209
0.025273
0.018841
0.047193
0.034869
0.075305
0.061579
0.028767
0.042898
0.033712
0.023668
0.071317
0.027583
0.031979
0.086294
0.038422
0.031832
0.045096
0.033138
0.025749
0.020605
0.015212
0.026649
0.081318
0.020592
0.016965
0.053757
0.025394
0.025890
0.033257
0.145073
0.052064
0.042156
0.025804
0.103800
0.075444
0.062406
0.017769
0.030484
0.099372
0.017115
0.047291
0.032584
0.031158
0.013751
0.024443
0.015772
0.076342
0.028538
0.024853
0.065642
0.018544
0.027305
0.016278
0.157803
0.025875
0.037656
0.024828
0.084157
0.048228
0.032545
0.050680
0.022401
0.143264
0.020577
0.023130
0.020869
0.026380
0.026055
0.029882
0.112013
0.027620
0.023605
0.074093
0.040645
0.022409
0.026373
0.178764
0.050788
0.065636
0.019571
0.125827
0.083394
0.056079
0.045777
0.043278
0.112017
0.029092
0.048791
0.023152
0.023868
0.010249
0.059050
0.018330
0.017885
0.052918
0.016888
0.021676
0.020019
0.138543
0.024367
0.035217
0.019390
0.071835
0.046867
0.043875
0.034892
0.023370
0.113221
0.022187
0.029696
0.019103
0.022661
0.092127
0.022988
0.017476
0.061871
0.025716
0.023346
0.027995
0.157229
0.042608
0.043009
0.026523
0.102294
0.074581
0.042000
0.031923
0.025776
0.117709
0.010438
0.037505
0.023879
0.063353
0.011702
0.017987
0.053500
0.018881
0.013461
0.016588
0.139373
0.025532
0.025743
0.013258
0.068907
0.043471
0.023627
0.041368
0.023904
0.130191
0.025289
0.020149
0.009305
0.060825
0.078202
0.041834
0.041325
0.099622
0.083087
0.043974
0.108517
0.037848
0.092801
0.015712
0.026499
0.121956
0.055482
0.066399
0.117576
0.085087
0.064614
0.096778
0.020061
0.046083
0.022079
0.021669
0.021533
0.128834
0.044170
0.031774
0.014439
0.074085
0.048452
0.046631
0.029906
0.030347
0.110379
0.022379
0.031975
0.022895
0.052904
0.028068
0.018002
0.013178
0.132318
0.050499
0.045942
0.021074
0.092004
0.059393
0.051588
0.025729
0.038480
0.092817
0.025044
0.022156
0.026079
0.028319
0.068230
0.055416
0.062668
0.094996
0.035071
0.066252
0.046382
0.038562
0.102048
0.029346
0.056664
0.082470
0.059152
0.049493
0.075972
0.032108
0.027988
0.103101
0.043625
0.016605
0.031166
0.051152
0.031345
0.052206
0.025692
0.022098
0.106020
0.019516
0.026500
0.032460
0.022751
0.169391
0.039282
0.046316
0.009460
0.109819
0.075037
0.036687
0.044325
0.046065
0.113412
0.029008
0.029424
0.014889
0.141545
0.041214
0.047596
0.018041
0.085176
0.048144
0.038409
0.039678
0.036718
0.115394
0.030600
0.017722
0.023293
0.200935
0.092066
0.174142
0.046456
0.072041
0.209172
0.094131
0.138557
0.118717
0.162617
0.111215
0.177833
0.051564
0.039955
0.102539
0.074481
0.036330
0.081194
0.028065
0.191477
0.042054
0.046997
0.026233
0.046263
0.038379
0.029412
0.052910
0.037203
0.026523
0.132659
0.041797
0.030038
0.041461
0.104830
0.068126
0.032896
0.043234
0.038190
0.121212
0.024611
0.032318
0.014331
0.018097
0.116121
0.071411
0.068582
0.134696
0.097697
0.058083
0.101580
0.088040
0.053384
0.052913
0.123256
0.068187
0.034552
0.071086
0.091385
0.034841
0.208266
0.049067
0.040943
0.015353
0.046953
0.064736
0.029339
0.045024
0.058930
0.161338
0.025692
0.040875
0.024521
0.117734
0.115473
0.157925
0.039942
0.030828
0.032211
