0.039821
0.051227
0.075522
0.035044
0.023262
0.062036
0.013814
0.047790
0.027939
0.169603
0.012741
0.046227
0.036464
0.019839
0.017394
0.018818
0.014390
0.023957
0.064639
0.037026
0.187858
0.045769
0.013874
0.033572
0.026773
0.046322
0.022821
0.018837
0.031984
0.030124
0.030094
0.021081
0.014617
0.024063
0.014140
0.036379
0.028113
0.021807
0.026318
0.023986
0.011157
0.017324
0.113517
0.033353
0.012336
0.017585
0.015909
0.103702
0.017433
0.025636
0.049154
0.055979
0.054445
0.057305
0.030350
0.031726
0.017684
0.085473
0.020837
0.025952
0.028197
0.067721
0.044453
0.054570
0.035461
0.031195
0.037826
0.023007
0.186311
0.040702
0.068581
0.054294
0.022149
0.029069
0.047885
0.036070
0.029274
0.031641
0.037962
0.028023
0.046907
0.027871
0.058822
0.022729
0.087984
0.038713
0.031928
0.056319
0.041759
0.053472
0.126770
0.034901
0.042911
0.073233
0.051332
0.080620
0.042483
0.047124
0.046297
0.061075
0.067347
0.025882
0.022357
0.018539
0.073951
0.033011
0.026344
0.016992
0.085186
0.050441
0.063050
0.031552
0.034537
0.034620
0.029881
0.175721
0.041706
0.075798
0.049745
0.021890
0.019621
0.054476
0.031197
0.031697
0.013086
0.053149
0.027016
0.060100
0.021894
0.064903
0.014906
0.108484
0.038060
0.026278
0.082112
0.056763
0.064364
0.138719
0.034025
0.040924
0.093931
0.067367
0.055578
0.045717
0.060013
0.064856
0.067985
0.056454
0.034474
0.052022
0.131308
0.046680
0.063335
0.037489
0.114890
0.055654
0.085202
0.063157
0.073401
0.040228
0.033727
0.123452
0.038109
0.109304
0.042761
0.038791
0.021316
0.059426
0.073526
0.049551
0.040334
0.051094
0.039078
0.067109
0.035932
0.091218
0.030459
0.146595
0.062023
0.045760
0.126984
0.084765
0.095399
0.080739
0.028986
0.061117
0.107553
0.094040
0.044139
0.091481
0.018233
0.093176
0.025616
0.022490
0.044155
0.192861
0.032286
0.063131
0.015896
0.038864
0.034801
0.019381
0.012650
0.023587
0.064590
0.041627
0.148275
0.026700
0.048402
0.014581
0.027608
0.031593
0.018612
0.029973
0.044724
0.024563
0.031796
0.022978
0.026113
0.022824
0.022711
0.029690
0.067352
0.017777
0.021445
0.062868
0.038977
0.030398
0.093419
0.028557
0.019931
0.042077
0.039904
0.082379
0.039534
0.087119
0.028850
0.041761
0.050562
0.204812
0.030375
0.070582
0.026420
0.022084
0.026415
0.015729
0.017685
0.033338
0.081336
0.051334
0.141592
0.030087
0.041544
0.017739
0.032366
0.046873
0.021891
0.036308
0.045459
0.036749
0.022697
0.030028
0.014184
0.028586
0.013471
0.039813
0.041229
0.020034
0.033702
0.045464
0.025040
0.018994
0.079801
0.027632
0.020027
0.023907
0.021628
0.106955
0.034287
0.063378
0.069428
0.064431
0.128906
0.050426
0.075593
0.075455
0.121198
0.060541
0.102940
0.070293
0.073746
0.050059
0.049974
0.135482
0.086763
0.083138
0.076331
0.055841
0.060937
0.093515
0.082608
0.054002
0.062512
0.063346
0.055544
0.073795
0.060305
0.091662
0.063006
0.129958
0.069954
0.066969
0.113104
0.079299
0.097249
0.115108
0.064321
0.068624
0.114563
0.090635
0.082937
0.087231
0.028044
0.013409
0.128154
0.011681
0.026897
0.018473
0.035564
0.019729
0.024677
0.009079
0.017673
0.042295
0.027338
0.178144
0.035893
0.024439
0.028759
0.014579
0.026032
0.020859
0.008029
0.024885
0.011634
0.033530
0.009764
0.026679
0.012513
0.024454
0.016297
0.053098
0.015584
0.013539
0.039554
0.018857
0.027329
0.120323
0.023629
0.012165
0.038697
0.028686
0.074563
0.018299
0.032703
0.112082
0.024199
0.036720
0.008940
0.073195
0.039096
0.043221
0.025201
0.031040
0.022535
0.014762
0.153894
0.018710
0.068573
0.024559
0.011114
0.009049
0.029761
0.033912
0.025183
0.012315
0.032184
0.018104
0.045986
0.013454
0.050157
0.011982
0.107690
0.020556
0.012938
0.086516
0.051309
0.053908
0.098782
0.018542
0.035484
0.073624
0.060287
0.045945
0.058136
0.089889
0.015429
0.012972
0.025948
0.054218
0.032772
0.045519
0.021644
0.021806
0.042799
0.028902
0.204979
0.040108
0.046926
0.050171
0.021477
0.026732
0.034650
0.019074
0.037278
0.020210
0.049729
0.016562
0.045025
0.022536
0.047132
0.019937
0.073301
0.032084
0.026602
0.045079
0.030090
0.043209
0.150732
0.036144
0.028852
0.062739
0.044077
0.075142
0.024397
0.125585
0.068886
0.125428
0.225841
0.162155
0.202965
0.153772
0.141904
0.083055
0.106379
0.315177
0.145748
0.191907
0.185017
0.108931
0.106212
0.174882
0.132243
0.119375
0.108571
0.171182
0.121401
0.200050
0.125867
0.211107
0.101544
0.247396
0.146548
0.129025
0.193964
0.165398
0.194101
0.289725
0.139078
0.173869
0.239248
0.188205
0.110018
0.160398
0.026058
0.023707
0.039136
0.020068
0.028849
0.016710
0.019575
0.036811
0.013958
0.174751
0.028391
0.031183
0.028167
0.013300
0.020112
0.019861
0.020549
0.017677
0.019495
0.022403
0.009865
0.022644
0.013914
0.026315
0.017945
0.061109
0.017226
0.015188
0.040837
0.021743
0.029969
0.102669
0.021183
0.016778
0.037215
0.031232
0.074371
0.029981
0.041154
0.071571
0.043448
0.061568
0.036692
0.033629
0.038098
0.034093
0.221475
0.046429
0.057687
0.067815
0.026358
0.036587
0.043539
0.026160
0.045506
0.029648
0.063099
0.029347
0.069305
0.038341
0.067163
0.032884
0.091813
0.039322
0.034205
0.057469
0.042018
0.057710
0.183706
0.048113
0.052562
0.083768
0.057031
0.077000
0.040859
0.054804
0.033833
0.030085
0.016301
0.024761
0.037803
0.023410
0.147958
0.018611
0.060318
0.018362
0.012121
0.012344
0.026032
0.025412
0.023977
0.008567
0.027582
0.016232
0.031242
0.008208
0.036765
0.008216
0.083010
0.017736
0.012907
0.069659
0.039344
0.040262
0.088381
0.013840
0.022220
0.056946
0.044776
0.057125
0.040081
0.032067
0.010412
0.022451
0.032590
0.113693
0.077723
0.210520
0.056025
0.025082
0.049419
0.052214
0.082431
0.029673
0.031164
0.067176
0.060967
0.045297
0.043980
0.020372
0.053706
0.012063
0.067329
0.011309
0.034415
0.052783
0.012194
0.012267
0.007382
0.143554
0.063053
0.031794
0.012514
0.010127
0.157749
0.018736
0.022792
0.016819
0.031830
0.047305
0.036238
0.155020
0.038091
0.025730
0.031432
0.020242
0.042804
0.024078
0.020388
0.034788
0.028084
0.025822
0.021725
0.022457
0.022209
0.024699
0.034950
0.045817
0.024913
0.024831
0.037650
0.013486
0.022153
0.107104
0.028660
0.023663
0.034769
0.019871
0.094071
0.026395
0.012956
0.022715
0.081084
0.052426
0.171787
0.035470
0.025266
0.024361
0.032264
0.052773
0.017822
0.020701
0.044539
0.037413
0.024689
0.026930
0.012331
0.031026
0.009109
0.041678
0.025296
0.018149
0.028413
0.025063
0.011693
0.008075
0.107470
0.036783
0.019361
0.016158
0.009448
0.120084
0.020720
0.014089
0.052280
0.034135
0.165221
0.032886
0.025000
0.024890
0.015105
0.032432
0.019559
0.010204
0.030997
0.016828
0.029436
0.013644
0.018401
0.016634
0.013608
0.023351
0.041412
0.013376
0.015428
0.032428
0.014444
0.014684
0.117128
0.027657
0.012332
0.032325
0.019361
0.088755
0.012444
0.058372
0.036045
0.180450
0.031115
0.034120
0.036772
0.026591
0.036824
0.026047
0.019605
0.037475
0.027552
0.034458
0.020732
0.027687
0.027371
0.027451
0.031528
0.052227
0.019392
0.025115
0.032332
0.022558
0.020410
0.131929
0.042328
0.023414
0.044736
0.027656
0.090530
0.019406
0.014618
0.174237
0.049779
0.079460
0.056246
0.018932
0.023540
0.060449
0.047181
0.030204
0.025780
0.056642
0.034247
0.077723
0.025676
0.087908
0.027133
0.139330
0.049460
0.026965
0.112160
0.069835
0.085851
0.128604
0.032626
0.059137
0.109972
0.086142
0.037758
0.081267
0.170055
0.031485
0.060018
0.033547
0.012308
0.011178
0.036025
0.035238
0.016009
0.018116
0.031632
0.018648
0.044419
0.014379
0.054420
0.014756
0.105807
0.030633
0.014646
0.081683
0.049839
0.059161
0.098095
0.019239
0.031866
0.070969
0.061706
0.042559
0.059232
0.152949
0.215304
0.129397
0.161782
0.147582
0.184027
0.196994
0.151988
0.165621
0.114589
0.164148
0.137031
0.157087
0.171455
0.158979
0.233876
0.159695
0.162743
0.233756
0.188814
0.183903
0.084041
0.143099
0.159972
0.208426
0.181826
0.190506
0.197948
0.063975
0.021481
0.022029
0.022419
0.018487
0.046097
0.041295
0.027758
0.028503
0.024835
0.036022
0.025333
0.047343
0.026665
0.082670
0.023349
0.032392
0.071168
0.043860
0.042130
0.091106
0.021626
0.042387
0.053743
0.045236
0.060577
0.056981
0.050344
0.040964
0.073554
0.029687
0.023074
0.051517
0.047269
0.053075
0.035089
0.035073
0.045385
0.023864
0.060077
0.024631
0.029440
0.039406
0.027719
0.014159
0.021185
0.152314
0.054144
0.029793
0.024257
0.018271
0.123953
0.024559
0.025867
0.025080
0.018524
0.037792
0.035072
0.023028
0.018832
0.017380
0.022392
0.018932
0.027817
0.022425
0.072244
0.017299
0.021085
0.073378
0.040436
0.038435
0.063173
0.012868
0.020509
0.039568
0.038566
0.067893
0.051597
0.015601
0.023443
0.018408
0.014644
0.009227
0.027519
0.012671
0.033515
0.007832
0.036515
0.010767
0.074002
0.016340
0.008767
0.059669
0.028109
0.035585
0.102802
0.011675
0.024238
0.052499
0.036861
0.055567
0.035691
0.034772
0.039322
0.022612
0.012056
0.032507
0.015541
0.044727
0.012218
0.057952
0.007752
0.114997
0.029150
0.016689
0.092692
0.057184
0.064721
0.088482
0.015765
0.032365
0.078004
0.067805
0.034178
0.061327
0.025900
0.041504
0.027080
0.029586
0.019913
0.027353
0.024364
0.022991
0.031823
0.048461
0.011571
0.022388
0.045286
0.023797
0.025776
0.106697
0.022156
0.025778
0.022513
0.026008
0.084832
0.038623
0.031255
0.017335
0.040795
0.017458
0.032644
0.019026
0.025467
0.024825
0.047277
0.021569
0.013993
0.031728
0.015700
0.022783
0.144890
0.033973
0.016234
0.039943
0.024480
0.091365
0.013531
0.021383
0.026212
0.023963
0.034461
0.015805
0.046076
0.016084
0.089817
0.028497
0.014273
0.073484
0.041649
0.049803
0.086162
0.020151
0.026915
0.060473
0.049555
0.070684
0.051546
0.035197
0.012344
0.039201
0.005715
0.041379
0.008322
0.083622
0.018995
0.008835
0.069943
0.038565
0.046111
0.107403
0.013536
0.019575
0.059425
0.047659
0.044336
0.038465
0.026061
0.014331
0.024777
0.027265
0.030633
0.067278
0.020731
0.028367
0.054877
0.032415
0.033189
0.057760
0.023378
0.027318
0.040990
0.031411
0.092276
0.049865
0.024525
0.012123
0.030614
0.010014
0.067307
0.016252
0.013449
0.050916
0.024915
0.032731
0.103852
0.017625
0.016675
0.044367
0.033260
0.057720
0.029197
0.028483
0.013918
0.036882
0.036240
0.025887
0.033039
0.033409
0.018502
0.016890
0.076675
0.033196
0.015924
0.020697
0.017149
0.110067
0.027005
0.034526
0.008456
0.077872
0.019507
0.007256
0.063812
0.032788
0.039503
0.086370
0.009572
0.013749
0.049022
0.041676
0.053213
0.038772
0.046293
0.026165
0.017903
0.031316
0.027337
0.015370
0.010145
0.106920
0.040176
0.016167
0.016065
0.014379
0.128951
0.022112
0.094407
0.023834
0.011125
0.075319
0.042360
0.051642
0.095544
0.011760
0.022875
0.064452
0.051724
0.049065
0.044060
0.053552
0.077430
0.015037
0.018759
0.017843
0.171428
0.082477
0.051182
0.018384
0.011880
0.186847
0.025808
0.015624
0.046857
0.021842
0.024214
0.099221
0.020166
0.022495
0.033002
0.024474
0.081177
0.033875
0.062509
0.031930
0.038445
0.100189
0.013522
0.015596
0.049553
0.040479
0.062364
0.037138
0.012275
0.015152
0.179829
0.078467
0.043879
0.028826
0.014158
0.170903
0.015447
0.007626
0.133290
0.040857
0.024001
0.020041
0.003966
0.121475
0.011134
0.130365
0.048919
0.025934
0.020893
0.006076
0.131164
0.013887
0.069035
0.091235
0.113512
0.128172
0.138178
0.158735
0.024218
0.049044
0.044286
0.055283
0.053754
0.030866
0.029434
0.087136
0.023668
0.016357
0.148434
0.036868
0.133577
0.015587
0.125224
