0.039926
0.110569
0.035936
0.077055
0.019574
0.029252
0.061401
0.091434
0.030899
0.027392
0.048132
0.081143
0.075036
0.026885
0.057225
0.023750
0.022220
0.029109
0.035939
0.045614
0.021069
0.056563
0.072241
0.057468
0.076145
0.056521
0.018572
0.033345
0.040074
0.026987
0.041333
0.025779
0.047173
0.044418
0.039292
0.016003
0.045562
0.094745
0.029240
0.112891
0.102786
0.047627
0.030135
0.031843
0.035631
0.019396
0.068482
0.047006
0.017429
0.144053
0.061591
0.083082
0.037723
0.031247
0.078885
0.133982
0.049099
0.049397
0.063406
0.121392
0.100592
0.041842
0.045702
0.034908
0.020652
0.054305
0.052518
0.035508
0.037251
0.059446
0.093098
0.090636
0.080395
0.081061
0.033371
0.017721
0.044476
0.049912
0.052560
0.067277
0.067324
0.064421
0.056568
0.058741
0.044901
0.136282
0.037777
0.161560
0.151439
0.050594
0.034114
0.050452
0.035533
0.061807
0.110736
0.041123
0.045251
0.048342
0.026428
0.072151
0.101516
0.093921
0.037807
0.075795
0.110702
0.068846
0.067260
0.132066
0.118937
0.096607
0.068977
0.132785
0.051245
0.113555
0.158108
0.103383
0.109770
0.046166
0.029479
0.103671
0.096591
0.084474
0.098578
0.071832
0.074192
0.081317
0.055920
0.043498
0.035825
0.064462
0.073540
0.059240
0.013739
0.064655
0.099010
0.013070
0.113577
0.093715
0.050285
0.093478
0.063643
0.024431
0.076066
0.116918
0.027163
0.025000
0.033188
0.047478
0.049508
0.029317
0.031394
0.033991
0.055992
0.075025
0.032876
0.043641
0.020480
0.046083
0.012091
0.041859
0.062899
0.023746
0.046251
0.038628
0.016225
0.058717
0.045731
0.018183
0.027099
0.012622
0.018951
0.028118
0.030456
0.016245
0.015476
0.021518
0.025687
0.020093
0.045342
0.017664
0.080417
0.054653
0.042932
0.023523
0.009695
0.026477
0.026597
0.038430
0.023296
0.040891
0.036789
0.062711
0.040624
0.027628
0.054155
0.066756
0.026791
0.091911
0.075354
0.075800
0.037371
0.026767
0.081421
0.019564
0.061854
0.089367
0.057135
0.053547
0.015395
0.017617
0.046168
0.045282
0.046876
0.047538
0.032106
0.033781
0.031451
0.043969
0.019980
0.012480
0.022351
0.049423
0.033567
0.025353
0.026514
0.062640
0.045432
0.086765
0.042049
0.022628
0.052041
0.048182
0.022186
0.031536
0.076956
0.023541
0.045162
0.055451
0.029174
0.026051
0.031860
0.081888
0.062849
0.033202
0.031207
0.011394
0.030814
0.011057
0.021580
0.041357
0.023425
0.032547
0.037921
0.035079
0.045597
0.040544
0.015306
0.023853
0.024181
0.017682
0.023854
0.017554
0.023441
0.016270
0.014342
0.018075
0.030329
0.061603
0.015167
0.088915
0.077791
0.056543
0.023025
0.015516
0.024508
0.014053
0.038375
0.021103
0.019675
0.066057
0.111546
0.021606
0.029396
0.048482
0.071211
0.093290
0.021568
0.050213
0.028544
0.021526
0.032938
0.041288
0.047225
0.025403
0.044694
0.073129
0.062469
0.070166
0.065164
0.007134
0.021391
0.029444
0.035715
0.041515
0.036423
0.038327
0.037153
0.037965
0.035033
0.036130
0.100653
0.032846
0.132986
0.106188
0.035699
0.024964
0.024143
0.027599
0.032995
0.074387
0.034583
0.025306
0.054931
0.074825
0.045267
0.008322
0.146873
0.017873
0.060577
0.022130
0.025491
0.061238
0.025489
0.041547
0.043603
0.037988
0.026537
0.027465
0.047054
0.014075
0.006898
0.045472
0.049556
0.044064
0.026403
0.009472
0.054803
0.036667
0.039850
0.020699
0.040982
0.071530
0.069566
0.041505
0.027657
0.110178
0.117470
0.025529
0.032590
0.069627
0.055921
0.058519
0.047036
0.045979
0.093037
0.088715
0.049262
0.124502
0.073576
0.113146
0.066650
0.045064
0.121527
0.034170
0.074532
0.117675
0.085073
0.080171
0.023766
0.023088
0.064578
0.053864
0.085241
0.090491
0.069460
0.046713
0.054653
0.056790
0.046524
0.033506
0.037919
0.063574
0.072231
0.027845
0.055382
0.041844
0.051503
0.142450
0.075719
0.050774
0.086375
0.059290
0.022760
0.062566
0.097660
0.034644
0.054059
0.051990
0.107954
0.023146
0.071038
0.034168
0.029793
0.034243
0.052098
0.075734
0.031913
0.073937
0.069747
0.053869
0.093809
0.076451
0.019118
0.029548
0.038238
0.036376
0.053485
0.025575
0.042180
0.034872
0.043890
0.025642
0.038825
0.082752
0.028775
0.132435
0.074572
0.025534
0.042878
0.027402
0.038158
0.022947
0.057921
0.051555
0.042478
0.042737
0.084922
0.055177
0.010377
0.044091
0.029959
0.024417
0.027875
0.019492
0.032819
0.008370
0.037608
0.064927
0.052669
0.056480
0.038887
0.019623
0.023764
0.027429
0.019387
0.028143
0.041871
0.042265
0.043379
0.025399
0.026187
0.055810
0.092872
0.030089
0.091169
0.114656
0.050308
0.022039
0.028761
0.027296
0.032065
0.070462
0.036698
0.023544
0.114228
0.032927
0.052447
0.018027
0.015199
0.047837
0.017747
0.036814
0.043081
0.032476
0.027677
0.020641
0.031075
0.017937
0.010634
0.031038
0.035378
0.031009
0.020463
0.007338
0.036553
0.023868
0.024167
0.015832
0.026734
0.046097
0.053167
0.025114
0.041813
0.084831
0.090502
0.016743
0.018401
0.051028
0.037648
0.041229
0.033120
0.041290
0.174206
0.075973
0.128884
0.094848
0.094633
0.079075
0.110384
0.150010
0.080560
0.129244
0.115925
0.069431
0.159115
0.140609
0.066263
0.086825
0.069132
0.088138
0.112968
0.063459
0.071008
0.070182
0.097777
0.069675
0.062376
0.077811
0.072372
0.186414
0.060184
0.046984
0.094314
0.063104
0.066277
0.060587
0.073513
0.085114
0.099984
0.073692
0.034685
0.046150
0.076253
0.048096
0.042734
0.038557
0.047281
0.027607
0.052504
0.071264
0.019278
0.013237
0.071500
0.076105
0.064833
0.044173
0.024884
0.078400
0.069046
0.072876
0.039667
0.061505
0.101840
0.097251
0.069419
0.030886
0.144704
0.157208
0.043901
0.060714
0.085744
0.071249
0.078814
0.066157
0.055496
0.053930
0.036288
0.016094
0.038805
0.029451
0.037195
0.009026
0.048654
0.082060
0.064977
0.071914
0.055826
0.017114
0.023018
0.029631
0.031873
0.037608
0.045378
0.049115
0.052737
0.038165
0.029105
0.054799
0.107048
0.031577
0.121383
0.119801
0.033946
0.025896
0.033351
0.029031
0.034462
0.083706
0.044830
0.026250
0.019868
0.046833
0.024493
0.029580
0.026239
0.032411
0.015414
0.037392
0.044169
0.012901
0.019837
0.037814
0.028284
0.024791
0.027706
0.008839
0.057917
0.031062
0.034821
0.018267
0.046111
0.043837
0.073889
0.025051
0.063406
0.115357
0.091297
0.014493
0.028236
0.037211
0.052664
0.063118
0.018447
0.045890
0.030529
0.007450
0.024971
0.035014
0.020225
0.030832
0.027167
0.026491
0.032412
0.024915
0.017693
0.019095
0.021302
0.010185
0.013746
0.025456
0.022656
0.015718
0.010749
0.021959
0.025543
0.058290
0.012563
0.064914
0.078448
0.062656
0.013660
0.013910
0.027595
0.023562
0.038779
0.020438
0.030440
0.042653
0.025324
0.028880
0.018576
0.050589
0.084582
0.072989
0.070147
0.057285
0.018711
0.016086
0.038496
0.032094
0.038429
0.047984
0.057578
0.056893
0.041463
0.031487
0.050385
0.120459
0.030585
0.132527
0.135203
0.039864
0.022560
0.037070
0.026518
0.038694
0.093443
0.041864
0.026544
0.028013
0.049930
0.022920
0.028244
0.022985
0.016694
0.033894
0.025781
0.017588
0.025826
0.017345
0.009849
0.013675
0.021892
0.010423
0.008335
0.007560
0.018729
0.026751
0.039810
0.013419
0.055190
0.059196
0.062514
0.017889
0.007614
0.028618
0.020186
0.028734
0.018641
0.029307
0.024680
0.021605
0.027457
0.055446
0.048101
0.037109
0.027925
0.029717
0.027334
0.032620
0.018621
0.022510
0.047239
0.047420
0.043471
0.017368
0.031426
0.058528
0.093656
0.029447
0.077427
0.124560
0.076543
0.021711
0.033302
0.025923
0.034257
0.065037
0.028752
0.030632
0.023781
0.022843
0.080046
0.084054
0.034433
0.033543
0.039160
0.032077
0.040220
0.039347
0.026299
0.073369
0.068666
0.071214
0.041643
0.052121
0.067763
0.134909
0.047542
0.099331
0.170071
0.094278
0.021902
0.050195
0.044975
0.059365
0.104432
0.040513
0.032696
0.030443
0.054825
0.046984
0.044938
0.032996
0.014584
0.018393
0.017575
0.016469
0.020600
0.035049
0.034040
0.036522
0.023494
0.022317
0.039500
0.084224
0.019430
0.089171
0.109746
0.043705
0.013770
0.021156
0.022645
0.027300
0.065046
0.028851
0.021846
0.047890
0.056585
0.012594
0.020400
0.032496
0.038176
0.026402
0.032975
0.013446
0.057595
0.035503
0.042972
0.024001
0.046310
0.056631
0.089032
0.042600
0.063169
0.127561
0.102819
0.021074
0.029634
0.045965
0.049113
0.068472
0.026627
0.029907
0.027414
0.033140
0.029830
0.052424
0.061075
0.043196
0.031396
0.027700
0.037029
0.026601
0.017864
0.020509
0.045205
0.049888
0.031437
0.033882
0.040713
0.065122
0.110571
0.044338
0.026766
0.065843
0.045775
0.020398
0.039255
0.068258
0.054857
0.041750
0.042579
0.046691
0.028447
0.023797
0.033216
0.038849
0.019679
0.015920
0.021690
0.037151
0.031178
0.023864
0.025624
0.057400
0.039014
0.077298
0.036457
0.021648
0.038864
0.035676
0.023457
0.029702
0.066981
0.009669
0.053740
0.054544
0.041678
0.035878
0.011514
0.066248
0.042244
0.044981
0.023351
0.058132
0.071217
0.078199
0.048068
0.038722
0.128577
0.133356
0.028822
0.040306
0.066968
0.063442
0.065981
0.040020
0.053329
0.044499
0.049163
0.038550
0.021800
0.008145
0.052364
0.040436
0.040988
0.017758
0.038193
0.068082
0.070901
0.040787
0.024959
0.113312
0.117359
0.022123
0.032880
0.059153
0.047957
0.054875
0.041158
0.043630
0.014720
0.015588
0.019783
0.024757
0.024989
0.023028
0.023287
0.023428
0.018330
0.026927
0.079073
0.020109
0.102553
0.089590
0.033761
0.013766
0.010827
0.022007
0.020758
0.055654
0.023683
0.016256
0.015465
0.020132
0.026221
0.047502
0.033696
0.032437
0.025706
0.034193
0.027077
0.092791
0.016063
0.112668
0.111943
0.033154
0.013273
0.022077
0.014537
0.039652
0.072936
0.017966
0.036336
0.019657
0.019037
0.041272
0.018883
0.020168
0.019118
0.032151
0.016469
0.062726
0.014564
0.088183
0.086361
0.041240
0.012004
0.011754
0.016124
0.033702
0.050406
0.010147
0.039466
0.015922
0.031963
0.026825
0.018809
0.008103
0.024144
0.035224
0.060002
0.016588
0.055891
0.086362
0.059753
0.014346
0.016186
0.024045
0.027601
0.042017
0.024011
0.034674
0.039966
0.021565
0.025183
0.009037
0.026796
0.042953
0.059317
0.020290
0.045668
0.095616
0.081390
0.008442
0.016458
0.037112
0.035774
0.048348
0.021574
0.030102
0.026927
0.021134
0.033205
0.012178
0.038849
0.049731
0.028385
0.091744
0.056628
0.063110
0.042861
0.018183
0.049900
0.005628
0.027637
0.045780
0.030496
0.010205
0.018489
0.027075
0.027244
0.031572
0.018125
0.073735
0.053633
0.061103
0.026664
0.007910
0.038795
0.028577
0.030833
0.020800
0.039572
0.013505
0.027894
0.020861
0.032236
0.014724
0.071217
0.049100
0.060019
0.027464
0.008628
0.033717
0.024455
0.022064
0.021341
0.047023
0.027286
0.037314
0.047522
0.015084
0.049214
0.080061
0.071705
0.014689
0.014552
0.027414
0.030156
0.034784
0.017597
0.035825
0.041930
0.061657
0.021430
0.082273
0.072497
0.055065
0.027282
0.015889
0.038848
0.007914
0.039202
0.038031
0.018401
0.061920
0.018789
0.119848
0.069964
0.040332
0.030203
0.019410
0.023780
0.035798
0.049715
0.019351
0.059452
0.051451
0.072779
0.022913
0.115996
0.076519
0.043257
0.084040
0.057635
0.019067
0.062813
0.098811
0.090742
0.074612
0.036816
0.016520
0.012982
0.016705
0.025538
0.040157
0.015693
0.040852
0.115615
0.191478
0.075026
0.072808
0.118883
0.091884
0.064498
0.089667
0.100161
0.112346
0.105437
0.059148
0.103691
0.062215
0.032812
0.090352
0.115106
0.053704
0.048212
0.030844
0.056840
0.100350
0.055571
0.071605
0.016135
0.019832
0.036526
0.062566
0.015397
0.028127
0.026894
0.017659
0.029793
0.016501
0.027763
0.037958
0.065718
0.014115
0.047257
0.030768
0.038140
0.024223
0.048252
0.072844
0.043308
