0.703346
0.613594
0.607764
0.650624
0.627709
0.877606
0.746461
0.738102
0.625747
0.604687
0.710254
0.768480
0.665252
0.775385
0.753572
0.660500
0.650682
0.629266
0.517440
0.550212
0.735480
0.552084
0.659465
0.666371
0.503206
0.663305
0.818863
0.752629
0.587812
0.712003
0.553522
0.673813
0.559571
0.570898
0.622638
0.694729
0.744757
0.801228
0.664795
0.604305
0.652704
0.509429
0.529692
0.568339
0.554893
0.665653
0.651696
0.570670
0.613790
0.453906
0.597592
0.673718
0.671308
0.702756
0.692224
0.586954
0.619068
0.607063
0.721460
0.658834
0.661203
0.778588
0.765111
0.639209
0.554959
0.570889
0.620784
0.699008
0.700061
0.699051
0.526919
0.475161
0.529187
0.578318
0.767417
0.660026
0.532432
0.437621
0.492427
0.720475
0.526537
0.592588
0.556563
0.477062
0.560551
0.720231
0.557659
0.641664
0.501833
0.539836
0.618632
0.601965
0.527251
0.676445
0.505088
0.695614
0.695191
0.506331
0.575985
0.508199
0.719949
0.574879
0.544426
0.572608
0.487083
0.627898
0.593660
0.675518
0.725787
0.653947
0.550699
0.601812
0.465056
0.457026
0.554795
0.576474
0.473838
0.637830
0.531704
0.515665
0.515996
0.773634
0.606338
0.413840
0.609467
0.342292
0.668159
0.391202
0.466348
0.473822
0.464457
0.612416
0.756276
0.451731
0.427809
0.333153
0.408058
0.465907
0.472417
0.459839
0.513009
0.488272
0.504647
0.521767
0.563581
0.613663
0.804867
0.691061
0.700044
0.646044
0.557597
0.784278
0.702486
0.592937
0.684437
0.695561
0.616717
0.616503
0.614308
0.507192
0.570464
0.611138
0.500412
0.607594
0.553953
0.532956
0.595660
0.738762
0.657821
0.467143
0.693127
0.553238
0.610830
0.476907
0.652315
0.532561
0.641363
0.683210
0.705376
0.564409
0.523024
0.651566
0.484113
0.573650
0.505283
0.542915
0.653909
0.658335
0.581742
0.481910
0.513107
0.796413
0.534262
0.653042
0.637623
0.595671
0.548887
0.714414
0.678828
0.561438
0.602334
0.556598
0.711502
0.582167
0.514213
0.617055
0.619432
0.510759
0.640020
0.578030
0.500631
0.522822
0.648763
0.534676
0.423201
0.710143
0.518671
0.728160
0.438613
0.654351
0.578058
0.688014
0.599863
0.692926
0.536638
0.630079
0.626840
0.530313
0.563453
0.659799
0.511567
0.610283
0.578706
0.589360
0.453392
0.744751
0.587645
0.490046
0.550590
0.537258
0.440602
0.674094
0.753406
0.672044
0.541267
0.229003
0.751445
0.614803
0.614112
0.482590
0.545554
0.468838
0.740261
0.670388
0.573617
0.504816
0.776588
0.697738
0.454183
0.706326
0.336858
0.606614
0.504151
0.596349
0.449419
0.622620
0.636242
0.740768
0.533477
0.661105
0.583046
0.563575
0.397840
0.636715
0.492583
0.362639
0.613467
0.492757
0.601014
0.865739
0.657507
0.672267
0.823557
0.598211
0.804787
0.861251
0.699591
0.717873
0.758004
0.804372
0.709102
0.819934
0.746733
0.754333
0.825351
0.788709
0.731598
0.898248
0.557817
0.879490
0.492669
0.714595
0.584771
0.665265
0.782633
0.755862
0.655598
0.610957
0.784322
0.450713
0.654568
0.681076
0.791839
0.785482
0.685508
0.722690
0.717619
0.688022
0.790206
0.512684
0.754629
0.820386
0.658442
0.765953
0.684585
0.490405
0.808105
0.703229
0.742655
0.718112
0.533553
0.666054
0.552934
0.669035
0.646623
0.741833
0.613861
0.691202
0.647260
0.616709
0.611540
0.643051
0.668640
0.565342
0.741917
0.535362
0.827964
0.569193
0.664702
0.578193
0.741587
0.646283
0.742072
0.657835
0.674985
0.716925
0.597197
0.652441
0.670087
0.590624
0.681522
0.694586
0.720856
0.603285
0.635051
0.669104
0.597896
0.705771
0.837733
0.717398
0.728441
0.574498
0.646607
0.555034
0.699376
0.649970
0.657983
0.686966
0.674907
0.676745
0.702659
0.538146
0.874196
0.679392
0.571078
0.656662
0.467451
0.723225
0.585264
0.653816
0.452475
0.620280
0.537118
0.789152
0.638332
0.690594
0.580513
0.534938
0.590712
0.690060
0.657748
0.567418
0.599433
0.621048
0.705170
0.648300
0.589892
0.675117
0.759848
0.674589
0.607872
0.627151
0.608327
0.712975
0.682307
0.595860
0.681601
0.602594
0.830189
0.689725
0.716919
0.547021
0.883905
0.710513
0.616222
0.641649
0.498989
0.656044
0.594913
0.555740
0.583780
0.655599
0.602721
0.811139
0.408774
0.716769
0.637938
0.670647
0.483169
0.645849
0.534490
0.643388
0.481808
0.626549
0.679428
0.758949
0.587706
0.725916
0.826894
0.727992
0.633110
0.738062
0.492166
0.460590
0.611902
0.601743
0.525616
0.656388
0.639374
0.398714
0.600862
0.791354
0.666926
0.492115
0.642367
0.437763
0.656339
0.392552
0.618652
0.491258
0.610708
0.744712
0.811850
0.542008
0.607051
0.688590
0.483147
0.432174
0.420431
0.534000
0.607145
0.662310
0.546132
0.540174
0.791455
0.843412
0.630235
0.547218
0.330518
0.760748
0.608643
0.709313
0.666594
0.734183
0.610376
0.764741
0.682465
0.708494
0.445473
0.754202
0.577964
0.606249
0.697092
0.563922
0.803345
0.583924
0.623815
0.547334
0.683680
0.541852
0.697999
0.574570
0.762329
0.646736
0.629508
0.622895
0.788133
0.597198
0.609194
0.504654
0.662098
0.751182
0.792004
0.836559
0.748100
0.722107
0.720753
0.685621
0.702642
0.675619
0.775177
0.663999
0.817954
0.756951
0.626350
0.730045
0.832816
0.699240
0.621262
0.732570
0.621108
0.682543
0.670149
0.680217
0.629102
0.735614
0.749450
0.789868
0.638574
0.754558
0.672040
0.657483
0.583419
0.746458
0.631523
0.712224
0.679950
0.681468
0.765035
0.690951
0.794782
0.771944
0.636331
0.648501
0.646835
0.649698
0.781723
0.585008
0.622981
0.516313
0.699141
0.734992
0.672007
0.781142
0.659222
0.690225
0.631356
0.776659
0.640694
0.707139
0.669172
0.743779
0.781752
0.841688
0.602263
0.736110
0.756770
0.675196
0.698615
0.596142
0.637266
0.794249
0.742324
0.657803
0.600973
0.522143
0.695538
0.728203
0.763602
0.777925
0.753951
0.465970
0.694325
0.822940
0.650122
0.824836
0.566433
0.703342
0.673617
0.651014
0.758762
0.654325
0.861370
0.686893
0.711300
0.722835
0.833912
0.502231
0.720519
0.562073
0.762539
0.758148
0.701680
0.763985
0.721626
0.615040
0.763606
0.670151
0.703654
0.606994
0.604036
0.811675
0.752570
0.688427
0.583615
0.683364
0.550115
0.835634
0.758628
0.666785
0.477799
0.770456
0.599537
0.594131
0.747054
0.573120
0.755661
0.598718
0.650454
0.687793
0.755087
0.528807
0.752364
0.466709
0.717252
0.719167
0.648513
0.604142
0.729357
0.591838
0.599827
0.545124
0.659160
0.690753
0.754913
0.615876
0.610719
0.571973
0.587788
0.459772
0.707717
0.647874
0.570686
0.573211
0.733501
0.628239
0.510448
0.751639
0.434981
0.581625
0.525533
0.687452
0.463500
0.621997
0.648839
0.752086
0.596234
0.651449
0.595563
0.584318
0.515894
0.672068
0.517704
0.493789
0.689757
0.498129
0.656501
0.633878
0.677309
0.723531
0.743739
0.772083
0.677631
0.618475
0.688810
0.679298
0.695362
0.693878
0.649130
0.553768
0.646188
0.902002
0.605211
0.665321
0.610568
0.634094
0.691827
0.755201
0.711982
0.826144
0.702935
0.614038
0.722350
0.602672
0.653069
0.761932
0.641855
0.802028
0.675171
0.518528
0.570131
0.676201
0.637978
0.552523
0.544868
0.565672
0.472469
0.725909
0.566482
0.402938
0.580679
0.457268
0.697350
0.406835
0.627949
0.440304
0.652355
0.622338
0.747198
0.581814
0.539319
0.638972
0.401358
0.540136
0.502103
0.472056
0.626919
0.559754
0.563023
0.540163
0.541207
0.717857
0.491823
0.568645
0.608892
0.383362
0.564241
0.751467
0.631182
0.326306
0.686357
0.479711
0.642546
0.365232
0.561247
0.569949
0.543855
0.753555
0.727801
0.589952
0.459024
0.635841
0.413830
0.509896
0.472759
0.456333
0.622326
0.570307
0.566349
0.512429
0.691249
0.471501
0.697020
0.691002
0.585825
0.576199
0.730305
0.706781
0.457723
0.705903
0.434420
0.402575
0.580495
0.570750
0.457310
0.708562
0.620592
0.708020
0.566444
0.625287
0.678072
0.535249
0.387732
0.562047
0.453073
0.417457
0.613252
0.487132
0.632660
0.536119
0.772723
0.608424
0.651948
0.694017
0.709974
0.659022
0.612488
0.746511
0.559536
0.713807
0.596642
0.688462
0.600546
0.741134
0.758757
0.813895
0.575720
0.710197
0.673655
0.658560
0.603456
0.596572
0.612170
0.598644
0.777984
0.560811
0.491129
0.695313
0.587672
0.484818
0.661574
0.601303
0.688837
0.476633
0.777917
0.450484
0.541754
0.490104
0.610296
0.555962
0.624389
0.745838
0.804728
0.462705
0.588484
0.644206
0.556530
0.411992
0.549165
0.445676
0.470116
0.634483
0.424431
0.555099
0.514640
0.585800
0.657366
0.751894
0.725272
0.514707
0.527018
0.618924
0.672230
0.558536
0.678439
0.576327
0.639744
0.696916
0.755107
0.712424
0.553498
0.700346
0.502412
0.665679
0.568126
0.531466
0.768754
0.657673
0.695510
0.665744
0.569420
0.590752
0.686403
0.587886
0.537836
0.443137
0.570036
0.785601
0.550002
0.599054
0.556513
0.601025
0.621049
0.653739
0.546135
0.583802
0.633811
0.510145
0.644039
0.544804
0.487608
0.715495
0.574013
0.684325
0.549415
0.578375
0.622219
0.687251
0.417681
0.741466
0.516056
0.592497
0.420896
0.577498
0.549480
0.546120
0.701563
0.751543
0.641061
0.480313
0.547926
0.401513
0.517073
0.515311
0.492205
0.609442
0.660857
0.581808
0.545660
0.792067
0.518934
0.390095
0.607292
0.479005
0.738114
0.417750
0.566566
0.480859
0.637385
0.391731
0.645754
0.461363
0.572225
0.592590
0.448538
0.578999
0.581717
0.522026
0.609247
0.483842
0.634418
0.591576
0.751104
0.702040
0.873823
0.686846
0.805192
0.656233
0.815515
0.744370
0.727163
0.825095
0.838133
0.778088
0.801824
0.796114
0.746736
0.769488
0.694452
0.657542
0.747003
0.810621
0.776529
0.662402
0.551802
0.545138
0.595456
0.830322
0.492078
0.624994
0.518135
0.702385
0.517814
0.580235
0.586187
0.693748
0.746932
0.521081
0.703529
0.624539
0.610338
0.725120
0.442063
0.664065
0.575061
0.605406
0.375744
0.615418
0.299008
0.571357
0.426275
0.610775
0.544929
0.631496
0.523588
0.469986
0.556554
0.352781
0.378275
0.487391
0.383738
0.529805
0.537820
0.465117
0.499162
0.520293
0.822039
0.613929
0.509171
0.552363
0.649505
0.532956
0.697945
0.585027
0.701284
0.710525
0.567603
0.633641
0.595655
0.605586
0.752338
0.417701
0.720380
0.716017
0.604074
0.321833
0.436899
0.343857
0.492136
0.505454
0.668018
0.468476
0.511721
0.488401
0.453442
0.292363
0.492432
0.419295
0.433847
0.451282
0.445220
0.539760
0.709842
0.707598
0.619915
0.735617
0.749536
0.872258
0.694546
0.586544
0.660854
0.621551
0.496367
0.639817
0.540653
0.613873
0.780858
0.548583
0.741066
0.535434
0.354419
0.580877
0.668191
0.648228
0.491066
0.468024
0.584647
0.368515
0.435519
0.434104
0.428534
0.548062
0.508772
0.501025
0.387260
0.534993
0.634271
0.588503
0.780628
0.465516
0.585683
0.622076
0.555903
0.538957
0.504360
0.504174
0.597963
0.437843
0.628580
0.604610
0.606881
0.528051
0.619887
0.563510
0.583636
0.627705
0.391557
0.474567
0.455559
0.482079
0.442535
0.499948
0.438215
0.571753
0.643341
0.831810
0.644321
0.614328
0.527550
0.589890
0.595695
0.534198
0.568912
0.559737
0.542734
0.607525
0.728327
0.556432
0.579455
0.691537
0.599427
0.550667
0.641835
0.691607
0.598205
0.695847
0.462484
0.703635
0.723599
0.798941
0.747991
0.834172
0.654348
0.759739
0.775477
0.631541
0.834850
0.617564
0.831141
0.720566
0.600127
0.663692
0.596638
0.544890
0.549232
0.412409
0.599986
0.483534
0.514548
0.447515
0.599907
0.304553
0.549937
0.541252
0.487526
0.643371
0.606828
0.534343
0.533456
0.596506
0.564077
0.726710
0.611016
0.639079
0.604441
0.640766
0.754545
0.494091
0.447927
0.415462
0.540908
0.510509
0.521881
0.460592
0.561898
0.418797
0.497931
0.548897
0.496225
0.607218
0.427549
0.651939
0.583941
0.572756
0.495227
0.567149
0.473192
0.519008
0.528170
0.579860
0.461938
0.644170
0.608629
0.688536
0.600654
