0.097065
0.082249
0.058821
0.057957
0.239651
0.074152
0.099120
0.051322
0.074475
0.096231
0.090106
0.115111
0.068115
0.072735
0.084880
0.083500
0.044887
0.070719
0.082615
0.090463
0.084688
0.039467
0.065129
0.085359
0.057751
0.107423
0.068259
0.071823
0.137053
0.078921
0.153730
0.080979
0.073727
0.081856
0.067611
0.046246
0.280681
0.092888
0.065127
0.160859
0.291261
0.260146
0.041131
0.332578
0.049807
0.051178
0.100953
0.066303
0.080429
0.059941
0.060238
0.030228
0.070031
0.024103
0.022903
0.114042
0.027058
0.011465
0.016437
0.024760
0.019382
0.018694
0.011810
0.010679
0.045288
0.015101
0.007620
0.046177
0.022057
0.039497
0.030427
0.081278
0.036508
0.016071
0.014776
0.025223
0.037374
0.011258
0.026142
0.037884
0.010520
0.024312
0.024494
0.027714
0.095936
0.019476
0.026902
0.037569
0.195256
0.086352
0.067420
0.137947
0.032239
0.056397
0.009769
0.032933
0.007625
0.028151
0.026234
0.177695
0.031446
0.045918
0.071673
0.030838
0.043717
0.075755
0.035793
0.037495
0.063493
0.052151
0.052528
0.020236
0.045604
0.043485
0.025066
0.035131
0.047943
0.055525
0.042022
0.083350
0.089327
0.037211
0.024144
0.132093
0.039496
0.126824
0.031593
0.038337
0.030431
0.050701
0.048137
0.192075
0.083484
0.024532
0.133185
0.247159
0.215062
0.048509
0.268913
0.026513
0.038902
0.061348
0.029472
0.054927
0.028781
0.196220
0.043748
0.054100
0.050976
0.020542
0.049432
0.080327
0.048883
0.047244
0.056404
0.063880
0.052966
0.016127
0.039839
0.046200
0.035488
0.047019
0.056475
0.037679
0.040484
0.073834
0.092530
0.032473
0.041045
0.116188
0.037487
0.138642
0.031266
0.034925
0.038443
0.031747
0.035926
0.213013
0.079661
0.041710
0.142034
0.229683
0.225089
0.044850
0.292829
0.017075
0.024122
0.065388
0.025010
0.056300
0.140085
0.017241
0.027581
0.061381
0.017380
0.030430
0.041147
0.030145
0.016183
0.033976
0.026187
0.025802
0.019911
0.018450
0.017599
0.019567
0.018316
0.022053
0.025747
0.036497
0.044727
0.053323
0.013608
0.018951
0.079493
0.018032
0.083967
0.019307
0.017275
0.017673
0.031727
0.022331
0.170057
0.038009
0.014522
0.089356
0.235601
0.166653
0.040925
0.224955
0.009954
0.028797
0.032777
0.025379
0.023863
0.112845
0.094670
0.277244
0.127089
0.073979
0.083288
0.087429
0.099456
0.108614
0.084850
0.090884
0.173488
0.103140
0.082690
0.142933
0.106858
0.143413
0.126494
0.216091
0.130984
0.070577
0.118677
0.107687
0.087419
0.091985
0.051905
0.139700
0.092771
0.116115
0.123341
0.131363
0.063907
0.090421
0.120797
0.039496
0.230288
0.051004
0.192975
0.072242
0.148057
0.197515
0.073475
0.129913
0.081510
0.015374
0.086150
0.023995
0.025499
0.024019
0.020603
0.010621
0.035293
0.022053
0.015767
0.024263
0.018045
0.015144
0.023130
0.017785
0.026691
0.040241
0.046514
0.047922
0.039316
0.012890
0.012109
0.073070
0.018069
0.064996
0.019585
0.018952
0.013874
0.025280
0.024037
0.132214
0.040190
0.010596
0.071382
0.190863
0.140585
0.035128
0.185684
0.017357
0.034305
0.018847
0.019102
0.020196
0.110044
0.032390
0.026954
0.027322
0.013855
0.018846
0.046112
0.024129
0.025545
0.041404
0.018146
0.018230
0.023187
0.023404
0.037289
0.052974
0.047763
0.065217
0.045521
0.020443
0.022703
0.081203
0.023973
0.064712
0.022385
0.023520
0.016370
0.029921
0.032113
0.108207
0.049287
0.025161
0.069256
0.189458
0.115891
0.059231
0.177250
0.028900
0.052780
0.020863
0.022278
0.023108
0.075994
0.114876
0.120439
0.116494
0.094530
0.094774
0.096492
0.100947
0.049048
0.079812
0.099309
0.080516
0.088210
0.078938
0.071407
0.060634
0.093601
0.141622
0.075041
0.089284
0.166573
0.094780
0.197770
0.074101
0.086872
0.084353
0.082610
0.058981
0.297893
0.107813
0.077981
0.213958
0.337914
0.300166
0.038507
0.375776
0.059783
0.030064
0.117163
0.064540
0.102966
0.024762
0.047901
0.024449
0.021231
0.029466
0.031623
0.020461
0.017619
0.020700
0.015166
0.027371
0.020481
0.044729
0.029319
0.049361
0.051220
0.051008
0.012565
0.020138
0.072352
0.012605
0.083943
0.020471
0.013073
0.022356
0.021464
0.025443
0.150152
0.045096
0.021217
0.089084
0.206393
0.159531
0.047727
0.215157
0.012866
0.026117
0.029912
0.018207
0.024172
0.032444
0.017032
0.020700
0.028787
0.018485
0.017740
0.037096
0.023361
0.010166
0.036723
0.021789
0.039996
0.027522
0.077970
0.047158
0.030851
0.019502
0.016825
0.054984
0.012496
0.041715
0.033750
0.010040
0.019296
0.029867
0.027534
0.103070
0.032611
0.025264
0.048800
0.197476
0.102677
0.064162
0.142471
0.028420
0.060149
0.021439
0.029749
0.011396
0.044090
0.020690
0.024067
0.018737
0.018158
0.056976
0.022127
0.020847
0.064617
0.035717
0.036734
0.047240
0.094298
0.030906
0.013548
0.024890
0.034844
0.035914
0.025805
0.027667
0.052072
0.028517
0.042957
0.023521
0.034584
0.117886
0.023899
0.032184
0.035169
0.210304
0.095200
0.069722
0.149894
0.044286
0.064480
0.010043
0.039905
0.017904
0.023083
0.049408
0.025907
0.027594
0.039609
0.025890
0.018470
0.018660
0.019912
0.049908
0.048908
0.054155
0.078538
0.051499
0.022679
0.018490
0.086054
0.020370
0.068213
0.018664
0.019640
0.013224
0.036406
0.039826
0.095812
0.049966
0.026359
0.072223
0.192375
0.113479
0.067627
0.169171
0.031667
0.058074
0.025276
0.024643
0.024543
0.021500
0.013872
0.009734
0.027126
0.016173
0.010621
0.030747
0.017112
0.019628
0.029871
0.063530
0.032834
0.028042
0.010278
0.006052
0.056647
0.010642
0.051304
0.026370
0.011771
0.018652
0.023259
0.019136
0.121233
0.030257
0.009813
0.053766
0.206556
0.125977
0.044999
0.168940
0.014771
0.040998
0.013287
0.023838
0.012494
0.020236
0.011743
0.039777
0.027462
0.017234
0.069455
0.028901
0.040143
0.030048
0.096469
0.015567
0.014915
0.019201
0.029292
0.037168
0.014167
0.040120
0.054846
0.017974
0.043518
0.019289
0.027684
0.135599
0.017657
0.026964
0.051777
0.225508
0.124866
0.062786
0.176426
0.032429
0.046615
0.016908
0.038981
0.016488
0.012196
0.038433
0.019080
0.010193
0.041408
0.012565
0.030108
0.033361
0.075145
0.033893
0.020512
0.015821
0.016625
0.049269
0.013974
0.034021
0.030717
0.015803
0.023800
0.030604
0.020783
0.106700
0.018252
0.016751
0.048183
0.226476
0.095042
0.054596
0.147754
0.030666
0.048819
0.013158
0.032565
0.006923
0.032766
0.017338
0.006637
0.044943
0.015772
0.034843
0.026958
0.076348
0.026302
0.015805
0.007430
0.015814
0.037239
0.006819
0.036675
0.031821
0.011111
0.022552
0.018272
0.018190
0.106123
0.017415
0.015864
0.047036
0.192814
0.111336
0.051266
0.146861
0.021323
0.043881
0.006677
0.027816
0.007782
0.031013
0.028989
0.027492
0.024860
0.031482
0.034725
0.036368
0.049693
0.069110
0.019305
0.020146
0.103767
0.025032
0.109165
0.022567
0.023155
0.022779
0.029648
0.019048
0.187198
0.060295
0.018525
0.119222
0.235217
0.202539
0.021795
0.256796
0.010428
0.019161
0.047909
0.017830
0.035983
0.014397
0.035459
0.025982
0.033357
0.025167
0.055877
0.038743
0.030342
0.010834
0.023847
0.048274
0.015668
0.056268
0.027750
0.015394
0.022444
0.018445
0.021129
0.127515
0.032484
0.024925
0.063885
0.212735
0.114869
0.051072
0.176628
0.020137
0.035743
0.016040
0.019327
0.018628
0.030039
0.008403
0.031255
0.027928
0.061371
0.033720
0.023557
0.008302
0.014012
0.047183
0.004983
0.040242
0.022297
0.007014
0.015588
0.022093
0.018100
0.107725
0.021682
0.013071
0.046688
0.197734
0.108909
0.052531
0.153004
0.017992
0.045260
0.011151
0.024639
0.004355
0.024063
0.038120
0.051165
0.018619
0.089998
0.088738
0.028872
0.024107
0.128260
0.034293
0.114902
0.009258
0.029569
0.010883
0.052246
0.036868
0.157331
0.072819
0.022585
0.117751
0.211485
0.183327
0.044993
0.241121
0.021296
0.044407
0.051223
0.024695
0.039364
0.034540
0.039446
0.050916
0.047153
0.041226
0.013899
0.014983
0.072969
0.012284
0.060307
0.014163
0.016858
0.015023
0.034414
0.020933
0.123320
0.030793
0.009875
0.070838
0.222880
0.130438
0.047122
0.176126
0.020095
0.042977
0.022375
0.029385
0.012546
0.040070
0.055751
0.040849
0.054969
0.028964
0.023778
0.094021
0.035459
0.078482
0.039900
0.028651
0.029897
0.043153
0.025063
0.173769
0.047284
0.022380
0.088478
0.229600
0.166563
0.038630
0.227852
0.023552
0.047677
0.042910
0.037248
0.027502
0.080713
0.032638
0.047634
0.023495
0.032136
0.053594
0.022523
0.073942
0.044735
0.018683
0.034822
0.033856
0.023546
0.155244
0.031606
0.036130
0.077526
0.240210
0.154046
0.055584
0.192139
0.022182
0.045063
0.037611
0.038396
0.028494
0.113849
0.128653
0.048496
0.060039
0.171238
0.067820
0.170428
0.023327
0.060341
0.034514
0.068593
0.053417
0.220441
0.106241
0.048262
0.180619
0.237290
0.248047
0.047408
0.326754
0.038228
0.041372
0.084632
0.036766
0.073009
0.027783
0.032642
0.044454
0.038879
0.032754
0.056091
0.073644
0.032300
0.060042
0.034603
0.029874
0.168777
0.022794
0.042132
0.061587
0.259250
0.152100
0.062694
0.180279
0.041205
0.059191
0.034626
0.054820
0.030389
0.030716
0.040687
0.022043
0.022933
0.013425
0.070731
0.029795
0.055604
0.029196
0.042965
0.103398
0.017193
0.040520
0.024443
0.214337
0.075897
0.087769
0.123099
0.056946
0.078309
0.011880
0.054608
0.019223
0.015504
0.051883
0.008108
0.057314
0.017430
0.009745
0.015071
0.014437
0.012905
0.130586
0.025466
0.014926
0.068560
0.207732
0.131404
0.040660
0.184857
0.010530
0.026553
0.013669
0.018867
0.011851
0.076717
0.013223
0.063673
0.023805
0.013049
0.014423
0.030625
0.021541
0.127304
0.042207
0.007745
0.068747
0.208905
0.140959
0.038375
0.179133
0.015037
0.038568
0.023541
0.022082
0.017221
0.048357
0.030393
0.101274
0.055319
0.090178
0.051275
0.066031
0.122357
0.028437
0.081965
0.037006
0.252571
0.083763
0.130114
0.103752
0.079210
0.105606
0.032650
0.091578
0.042936
0.045150
0.025638
0.006079
0.018084
0.018230
0.018535
0.113065
0.022969
0.013113
0.049031
0.199679
0.118541
0.051223
0.163389
0.016191
0.042457
0.012573
0.023736
0.009066
0.098601
0.053431
0.078768
0.062560
0.073700
0.088331
0.031581
0.067862
0.013568
0.226361
0.045342
0.132285
0.084587
0.090603
0.124864
0.028571
0.094145
0.031667
0.025830
0.012055
0.036306
0.023265
0.149826
0.054854
0.019572
0.106901
0.212135
0.162504
0.039660
0.222499
0.017215
0.034900
0.038048
0.021269
0.028615
0.013781
0.020621
0.017440
0.114653
0.024792
0.016998
0.057546
0.202312
0.127160
0.045633
0.172699
0.014596
0.039023
0.016797
0.018441
0.010024
0.036745
0.021729
0.124011
0.045215
0.016323
0.087290
0.198449
0.148833
0.037995
0.191527
0.016303
0.041087
0.029557
0.020350
0.019909
0.023424
0.147848
0.032967
0.031191
0.069217
0.198151
0.135670
0.052579
0.203599
0.024745
0.033081
0.017900
0.018061
0.024537
0.154619
0.033599
0.019803
0.083880
0.227378
0.153563
0.022500
0.200904
0.014472
0.029565
0.030120
0.020889
0.016983
0.120844
0.144122
0.089067
0.196584
0.082343
0.213971
0.079499
0.164848
0.213946
0.092640
0.151029
0.107874
0.038488
0.041063
0.241156
0.102675
0.077405
0.140212
0.045323
0.066740
0.017973
0.055242
0.016952
0.075486
0.209286
0.154963
0.031091
0.201994
0.015721
0.034992
0.024990
0.022226
0.017715
0.226482
0.056492
0.145331
0.083597
0.093964
0.141487
0.035910
0.100428
0.042074
0.278179
0.239285
0.289223
0.218479
0.246930
0.198489
0.203360
0.202224
0.233553
0.076282
0.176365
0.217379
0.087738
0.167628
0.098184
0.282013
0.031990
0.024151
0.069934
0.029500
0.054049
0.225124
0.287659
0.136245
0.233460
0.145162
0.024701
0.033449
0.019947
0.024607
0.056789
0.025418
0.049628
0.031341
0.012097
0.031122
