0.452908
0.580320
0.389081
0.641996
0.605670
0.400841
0.444329
0.542328
0.608773
0.607474
0.780774
0.468316
0.447490
0.566393
0.521390
0.603408
0.543911
0.536308
0.390840
0.530876
0.378180
0.687771
0.434824
0.446821
0.629416
0.599961
0.405187
0.512257
0.572730
0.565874
0.742233
0.627222
0.582366
0.488870
0.614694
0.667966
0.468511
0.541916
0.431175
0.398455
0.606514
0.547679
0.541647
0.613728
0.439144
0.482869
0.445350
0.651048
0.461513
0.630481
0.490231
0.716512
0.619352
0.344455
0.529544
0.510867
0.589941
0.621716
0.736168
0.509930
0.469908
0.622160
0.575626
0.639941
0.446362
0.559406
0.363644
0.675853
0.355787
0.518010
0.336019
0.523741
0.777815
0.545485
0.530197
0.680560
0.605469
0.638519
0.709434
0.747248
0.503283
0.544987
0.673320
0.488393
0.597269
0.467306
0.458047
0.340098
0.644861
0.694752
0.444033
0.731392
0.435161
0.556174
0.460234
0.676086
0.505117
0.617630
0.792874
0.700201
0.465717
0.636394
0.683708
0.720081
0.760976
0.851927
0.566738
0.601776
0.742974
0.553604
0.660895
0.749230
0.745496
0.627409
0.742143
0.617540
0.828378
0.596005
0.470424
0.792145
0.758286
0.528946
0.731194
0.752928
0.641292
0.677642
0.792332
0.653109
0.611329
0.694745
0.810426
0.691185
0.654007
0.506445
0.607677
0.649400
0.713165
0.507217
0.538564
0.637795
0.597052
0.537685
0.600296
0.645600
0.587034
0.721179
0.434834
0.398473
0.584318
0.691860
0.633533
0.760523
0.507444
0.563637
0.609848
0.462542
0.582922
0.545034
0.622717
0.476035
0.397015
0.480716
0.691392
0.512848
0.431163
0.610973
0.582976
0.436962
0.608040
0.533866
0.517477
0.665828
0.673629
0.672299
0.496954
0.344113
0.699470
0.449768
0.533710
0.511367
0.431561
0.671440
0.480429
0.529113
0.539746
0.599743
0.462382
0.591064
0.700671
0.444335
0.750666
0.671141
0.620894
0.692076
0.829920
0.708497
0.886796
0.598722
0.681873
0.723202
0.632411
0.861462
0.700288
0.731340
0.611390
0.555499
0.635751
0.598739
0.655067
0.640035
0.761673
0.705938
0.639326
0.653065
0.702156
0.594157
0.696526
0.812123
0.815099
0.666177
0.642609
0.769508
0.661973
0.685559
0.723266
0.728881
0.684793
0.591275
0.772624
0.654318
0.725456
0.755412
0.757102
0.770973
0.687042
0.614128
0.726575
0.639135
0.709934
0.451193
0.881076
0.665402
0.532184
0.707371
0.694594
0.766776
0.721913
0.660312
0.542192
0.808767
0.636310
0.775768
0.541579
0.696065
0.898608
0.781950
0.636156
0.741968
0.796848
0.678895
0.790848
0.920192
0.657391
0.577771
0.809430
0.727558
0.737477
0.721030
0.632597
0.589958
0.699266
0.759030
0.622557
0.716434
0.656371
0.682636
0.554219
0.759000
0.596654
0.486591
0.548996
0.551122
0.595134
0.734801
0.465683
0.476791
0.635050
0.463549
0.540941
0.584351
0.628070
0.409543
0.559640
0.364911
0.607182
0.381740
0.369410
0.719704
0.567431
0.433871
0.614362
0.593670
0.566248
0.646994
0.713029
0.552910
0.544244
0.575130
0.572530
0.544853
0.540156
0.350696
0.407956
0.606956
0.604477
0.344977
0.530813
0.412646
0.491031
0.479798
0.612606
0.509017
0.584210
0.588946
0.675851
0.667478
0.369631
0.542853
0.449460
0.489378
0.501561
0.526350
0.640803
0.438792
0.434126
0.408153
0.659371
0.474302
0.360085
0.601542
0.578490
0.431330
0.520174
0.537563
0.474561
0.526029
0.675912
0.683109
0.451281
0.419508
0.679977
0.433781
0.636333
0.484628
0.549150
0.590485
0.519771
0.604105
0.587290
0.461892
0.564092
0.553930
0.530725
0.478401
0.655760
0.640452
0.860967
0.574919
0.512252
0.687888
0.607730
0.656827
0.563626
0.658288
0.453770
0.716848
0.465827
0.659726
0.449216
0.594186
0.725329
0.603640
0.538673
0.681352
0.556813
0.649155
0.618603
0.743834
0.599051
0.654109
0.664402
0.608196
0.643753
0.458076
0.582890
0.512663
0.462819
0.700618
0.578568
0.639390
0.536386
0.622110
0.517439
0.704716
0.574146
0.707266
0.796012
0.553532
0.555390
0.697200
0.680814
0.662627
0.645972
0.698138
0.551696
0.688526
0.522855
0.723546
0.582245
0.551037
0.702453
0.703960
0.659584
0.631897
0.727456
0.710464
0.604010
0.734899
0.725791
0.630716
0.755768
0.657124
0.770482
0.631431
0.550568
0.611602
0.573127
0.666381
0.694084
0.775739
0.526140
0.626577
0.598387
0.657608
0.633305
0.881507
0.671305
0.554703
0.795879
0.667979
0.735799
0.678091
0.630849
0.544315
0.796340
0.568055
0.741481
0.509517
0.705161
0.856660
0.716909
0.598315
0.781395
0.763969
0.733486
0.899509
0.814929
0.734926
0.556172
0.714704
0.759286
0.697233
0.733520
0.537084
0.567096
0.685455
0.811448
0.632571
0.703057
0.613856
0.635565
0.524508
0.749993
0.559445
0.710308
0.771884
0.718988
0.760766
0.628447
0.706024
0.836549
0.766228
0.830898
0.721504
0.818766
0.784480
0.682866
0.698689
0.715827
0.750864
0.776129
0.813305
0.845664
0.779673
0.770417
0.904298
0.693489
0.818162
0.838277
0.808009
0.844017
0.756102
0.797421
0.827225
0.896526
0.721374
0.870904
0.730585
0.741936
0.812709
0.676793
0.798323
0.496490
0.604965
0.472676
0.532211
0.544551
0.635497
0.452549
0.527876
0.341573
0.599258
0.444155
0.438456
0.579359
0.516538
0.455623
0.603307
0.631243
0.601940
0.514720
0.630816
0.624417
0.391421
0.593967
0.564291
0.600450
0.572787
0.460569
0.553943
0.522436
0.577025
0.520418
0.585873
0.442031
0.500143
0.509142
0.585818
0.513916
0.653032
0.545087
0.506926
0.590314
0.521410
0.324482
0.672921
0.350194
0.655445
0.322387
0.511552
0.770556
0.591783
0.516347
0.685880
0.638432
0.599987
0.679644
0.788830
0.463432
0.482095
0.669120
0.614781
0.590022
0.468631
0.426267
0.370845
0.597104
0.687036
0.552736
0.647591
0.319517
0.496336
0.343179
0.604199
0.511059
0.617759
0.655889
0.690540
0.680199
0.549538
0.628215
0.593431
0.776423
0.561258
0.583675
0.670671
0.687196
0.637477
0.541326
0.638423
0.637382
0.589000
0.819845
0.738198
0.615852
0.634824
0.704044
0.574660
0.709401
0.642803
0.631595
0.659523
0.671778
0.731745
0.769427
0.594753
0.746032
0.606369
0.668776
0.641257
0.542202
0.660262
0.700828
0.497543
0.533364
0.526548
0.683914
0.511845
0.490367
0.751771
0.569809
0.453492
0.510610
0.632553
0.551195
0.682538
0.649806
0.763355
0.542107
0.536489
0.749106
0.564300
0.707229
0.454853
0.522948
0.704987
0.600442
0.475124
0.430331
0.570543
0.471408
0.587970
0.620942
0.559184
0.651848
0.797021
0.592812
0.696697
0.484594
0.728000
0.554642
0.558881
0.653167
0.643456
0.492059
0.699112
0.791668
0.608252
0.686694
0.695757
0.776371
0.568795
0.664653
0.754975
0.688952
0.715600
0.488732
0.635569
0.812375
0.771962
0.552882
0.595817
0.500493
0.558122
0.654361
0.617247
0.579306
0.608504
0.400944
0.710452
0.509126
0.396392
0.512691
0.658027
0.707704
0.498616
0.624452
0.709061
0.683800
0.687115
0.704552
0.757787
0.558955
0.541475
0.714760
0.533376
0.670474
0.608251
0.584122
0.514100
0.671502
0.760112
0.565472
0.752720
0.575870
0.563247
0.580158
0.702820
0.549116
0.455765
0.665962
0.601021
0.768726
0.503278
0.658121
0.847859
0.768079
0.694867
0.774849
0.712406
0.723328
0.730542
0.876734
0.528135
0.640095
0.742949
0.785750
0.665140
0.607491
0.572843
0.464946
0.636981
0.723112
0.593806
0.787957
0.568872
0.657208
0.439758
0.797534
0.561202
0.586024
0.318108
0.436038
0.210184
0.491514
0.764833
0.524724
0.486412
0.540702
0.599261
0.566640
0.565466
0.790920
0.467168
0.449674
0.687542
0.495042
0.581144
0.469299
0.353953
0.378330
0.537448
0.659365
0.547290
0.672261
0.293677
0.460206
0.335355
0.605605
0.453129
0.570451
0.704622
0.656120
0.446042
0.600861
0.590477
0.594174
0.523582
0.608735
0.707578
0.673023
0.744953
0.808653
0.613424
0.472191
0.732282
0.573027
0.723839
0.611946
0.658267
0.609587
0.154545
0.703628
0.648389
0.649329
0.645436
0.714185
0.695584
0.636386
0.565394
0.304457
0.392390
0.649025
0.461997
0.417537
0.578584
0.613995
0.625536
0.601141
0.669942
0.549825
0.425336
0.650212
0.528656
0.551555
0.509756
0.334836
0.389363
0.569955
0.602812
0.501374
0.630375
0.205384
0.471604
0.416491
0.578698
0.466722
0.591738
0.696687
0.785279
0.557408
0.703183
0.700234
0.765871
0.759801
0.735950
0.839583
0.735029
0.625372
0.792407
0.449974
0.760512
0.675940
0.606547
0.682605
0.749143
0.794558
0.694903
0.838313
0.577105
0.653995
0.681898
0.745265
0.644600
0.461599
0.752984
0.551883
0.469441
0.619719
0.582945
0.577452
0.641777
0.707487
0.424806
0.485389
0.649346
0.557496
0.594687
0.476670
0.322688
0.385713
0.548420
0.684751
0.499906
0.634795
0.289241
0.476359
0.350206
0.612623
0.504678
0.593003
0.536877
0.451814
0.602737
0.598323
0.561161
0.470333
0.738553
0.635682
0.542712
0.506197
0.665323
0.512830
0.548485
0.400304
0.505178
0.584091
0.508826
0.528386
0.588390
0.443255
0.507437
0.539169
0.573068
0.584800
0.663908
0.565825
0.714636
0.757916
0.876017
0.676056
0.507304
0.906229
0.649551
0.651163
0.833430
0.779637
0.816900
0.762395
0.789309
0.779706
0.586061
0.702832
0.804803
0.718793
0.664814
0.794209
0.606424
0.713696
0.553031
0.669149
0.416435
0.778031
0.656231
0.769858
0.770128
0.570360
0.676877
0.562293
0.696470
0.625867
0.536173
0.596538
0.621188
0.644047
0.696670
0.674318
0.513694
0.607147
0.657929
0.687560
0.653806
0.572793
0.657526
0.572285
0.628592
0.598317
0.693705
0.459864
0.572321
0.709108
0.522606
0.640953
0.430808
0.498224
0.666904
0.648517
0.499936
0.448015
0.459124
0.452202
0.549196
0.584437
0.534642
0.709299
0.743306
0.650262
0.777642
0.825745
0.646756
0.624116
0.679168
0.524733
0.724488
0.649210
0.732951
0.686266
0.549354
0.808089
0.738372
0.617551
0.738834
0.703825
0.672378
0.691149
0.714612
0.684604
0.829483
0.699766
0.664202
0.574634
0.716278
0.587689
0.544570
0.680104
0.566079
0.630657
0.643538
0.727342
0.705305
0.649761
0.704826
0.645314
0.806244
0.652402
0.662436
0.795076
0.682776
0.649562
0.584551
0.776089
0.659122
0.672145
0.512834
0.629226
0.719428
0.761379
0.635458
0.472833
0.645421
0.641254
0.651647
0.768327
0.556647
0.823054
0.745219
0.647452
0.635313
0.690808
0.768577
0.576556
0.608412
0.753533
0.560515
0.737704
0.727546
0.724220
0.640115
0.714574
0.668900
0.548765
0.725636
0.853704
0.713655
0.770854
0.897179
0.749361
0.830261
0.759817
0.772652
0.872094
0.744881
0.664476
0.702938
0.782403
0.564197
0.826087
0.726655
0.758773
0.713663
0.782970
0.654524
0.746876
0.474163
0.597313
0.464490
0.654599
0.799590
0.595735
0.811942
0.543576
0.678044
0.457196
0.824203
0.650284
0.575529
0.704459
0.604488
0.639791
0.504273
0.513085
0.652862
0.645639
0.569604
0.649265
0.508254
0.591412
0.564590
0.633526
0.546158
0.792201
0.438881
0.686241
0.654780
0.664256
0.736984
0.562287
0.642441
0.594402
0.737450
0.749547
0.722802
0.726644
0.624880
0.736753
0.452874
0.645950
0.608789
0.659748
0.751915
0.707906
0.843109
0.579057
0.737495
0.591986
0.786727
0.640978
0.623053
0.671597
0.587389
0.702289
0.653758
0.632612
0.620992
0.670219
0.713381
0.617797
0.756044
0.612694
0.630558
0.456644
0.603158
0.688003
0.593308
0.760079
0.519274
0.648118
0.468524
0.775479
0.585027
0.444704
0.642856
0.666753
0.499905
0.579623
0.352319
0.471053
0.450830
0.600253
0.492307
0.610202
0.654519
0.458176
0.645378
0.410907
0.478086
0.366193
0.658364
0.445934
0.593104
0.679461
0.721122
0.629245
0.764237
0.567323
0.709741
0.623152
0.725889
0.661383
0.693886
0.682137
0.723737
0.681054
0.689594
0.545682
0.595721
0.486943
0.522337
0.655895
0.536988
0.651341
0.534585
0.709587
0.588921
0.630982
0.511313
0.380199
0.567745
0.540514
0.528716
0.593424
0.553213
0.615590
0.534722
0.751588
