0.584031
0.764204
0.670143
0.690740
0.800242
0.560438
0.688223
0.648821
0.594178
0.644216
0.701733
0.817179
0.737908
0.714557
0.513505
0.660159
0.688703
0.544391
0.705928
0.698007
0.723247
0.642214
0.612808
0.655900
0.633171
0.707299
0.760265
0.563810
0.747527
0.663740
0.715292
0.666879
0.765603
0.684475
0.739489
0.784031
0.595097
0.711009
0.575215
0.743132
0.636218
0.791515
0.611365
0.640370
0.573337
0.521344
0.499477
0.439122
0.451927
0.590117
0.572676
0.628467
0.589097
0.516722
0.583900
0.584885
0.656652
0.572928
0.641999
0.773190
0.617461
0.603356
0.594439
0.706635
0.611918
0.586542
0.522786
0.705452
0.671083
0.514753
0.638174
0.601666
0.649803
0.694891
0.612805
0.696696
0.741865
0.587961
0.527104
0.599625
0.578584
0.597898
0.636049
0.626075
0.542227
0.467382
0.578804
0.546051
0.551149
0.703048
0.539254
0.590979
0.624466
0.550127
0.670379
0.637273
0.613264
0.571468
0.650298
0.528617
0.701555
0.603573
0.539602
0.637451
0.615426
0.733376
0.729069
0.591828
0.718980
0.590104
0.642141
0.617296
0.576946
0.507938
0.647863
0.672201
0.426873
0.714531
0.595901
0.600162
0.731310
0.615889
0.789758
0.796044
0.617439
0.579318
0.546459
0.674294
0.637886
0.655183
0.598522
0.654439
0.567335
0.649542
0.634117
0.476130
0.730019
0.568640
0.621031
0.735347
0.545833
0.698276
0.545088
0.628283
0.537266
0.572495
0.602708
0.479560
0.477547
0.680600
0.637671
0.659138
0.703686
0.654333
0.519597
0.557898
0.624050
0.450641
0.587281
0.562740
0.588461
0.703049
0.474258
0.623174
0.581731
0.589651
0.594012
0.696599
0.679884
0.661325
0.485115
0.626666
0.441426
0.644795
0.672222
0.640644
0.654795
0.536726
0.574912
0.619046
0.636400
0.624718
0.764027
0.616567
0.580387
0.625985
0.530308
0.656705
0.602746
0.677934
0.614280
0.658160
0.618102
0.609805
0.563698
0.748425
0.721241
0.668563
0.683315
0.636415
0.602146
0.678957
0.568496
0.674851
0.571700
0.578228
0.773642
0.577037
0.645124
0.692781
0.670837
0.744993
0.667747
0.661716
0.688525
0.598050
0.633213
0.612862
0.724486
0.725186
0.740326
0.802850
0.684694
0.690423
0.641952
0.737725
0.697484
0.754264
0.680889
0.595745
0.673608
0.588771
0.636246
0.639821
0.609815
0.618914
0.559187
0.538238
0.574241
0.639248
0.733942
0.741595
0.652627
0.643859
0.609584
0.729726
0.572796
0.649807
0.501689
0.549233
0.686994
0.529138
0.597982
0.634296
0.633502
0.704071
0.480406
0.662139
0.769005
0.561534
0.566805
0.478925
0.722755
0.719083
0.588590
0.574530
0.689714
0.515493
0.639140
0.569227
0.458419
0.708080
0.584130
0.581660
0.677846
0.543579
0.686449
0.661170
0.743404
0.527896
0.603061
0.543699
0.700822
0.642712
0.677064
0.705616
0.617052
0.492060
0.584935
0.563612
0.649998
0.576120
0.621282
0.698499
0.550705
0.672769
0.445589
0.611962
0.646026
0.762850
0.594293
0.700072
0.529810
0.678204
0.511625
0.738241
0.685589
0.574434
0.807189
0.542783
0.656415
0.200101
0.601369
0.604399
0.724223
0.626894
0.596338
0.471826
0.381124
0.626680
0.594758
0.681695
0.479508
0.555200
0.619234
0.614748
0.709573
0.627774
0.575694
0.522813
0.646152
0.530505
0.604260
0.541125
0.501330
0.692057
0.521459
0.637667
0.511519
0.597896
0.687222
0.552499
0.676506
0.700542
0.501638
0.519020
0.506425
0.538470
0.665390
0.586990
0.668062
0.532677
0.589278
0.520149
0.615942
0.549517
0.654042
0.457730
0.514188
0.603747
0.398549
0.689268
0.628739
0.593214
0.629541
0.529977
0.724724
0.744607
0.652118
0.696576
0.563365
0.668980
0.596289
0.673080
0.363422
0.566550
0.581085
0.393277
0.615137
0.568710
0.567469
0.704970
0.583433
0.716272
0.783227
0.595902
0.507863
0.313112
0.747904
0.581547
0.496061
0.538888
0.607553
0.497606
0.533831
0.615783
0.550221
0.613847
0.578504
0.489704
0.648851
0.503855
0.556780
0.518048
0.591503
0.638086
0.722544
0.744555
0.698788
0.614150
0.408017
0.644701
0.551765
0.654119
0.642458
0.641732
0.686255
0.538958
0.498764
0.517457
0.589290
0.663332
0.523787
0.582714
0.822370
0.558297
0.652523
0.576962
0.697358
0.744553
0.620810
0.725406
0.581720
0.697922
0.574331
0.594246
0.570488
0.751490
0.495707
0.600017
0.552780
0.485689
0.495343
0.593785
0.533438
0.729135
0.823118
0.579954
0.711450
0.580325
0.726546
0.648034
0.584560
0.572242
0.706896
0.591225
0.454929
0.622829
0.619398
0.535250
0.736968
0.571941
0.738274
0.851340
0.640789
0.608985
0.529226
0.593534
0.491397
0.660787
0.502853
0.583067
0.521348
0.639714
0.616444
0.501843
0.697759
0.584751
0.650124
0.704034
0.585475
0.693316
0.559559
0.530304
0.819293
0.743172
0.688941
0.717897
0.661803
0.627365
0.590877
0.685868
0.752855
0.722244
0.672873
0.760284
0.638038
0.594063
0.694680
0.818353
0.684189
0.692622
0.716680
0.703692
0.667119
0.692586
0.787880
0.622390
0.721902
0.607185
0.669848
0.618687
0.743787
0.705893
0.596470
0.702283
0.693776
0.645832
0.654421
0.703020
0.690116
0.624682
0.741457
0.758249
0.654949
0.768422
0.717670
0.714398
0.722408
0.687397
0.895553
0.745788
0.769069
0.751691
0.794191
0.781497
0.827522
0.794198
0.818178
0.667065
0.784758
0.740561
0.831210
0.878528
0.842605
0.833143
0.754549
0.793085
0.640824
0.843632
0.808060
0.936624
0.801463
0.786508
0.763915
0.691710
0.766172
0.741390
0.761252
0.717988
0.632357
0.677256
0.692652
0.655485
0.618865
0.707952
0.719658
0.530955
0.697248
0.687236
0.713303
0.698877
0.625697
0.643965
0.856400
0.707712
0.708595
0.647030
0.670282
0.655342
0.645001
0.693947
0.682340
0.603706
0.684313
0.562311
0.430066
0.722771
0.637369
0.660248
0.681814
0.611935
0.791293
0.726794
0.705636
0.683997
0.702148
0.575828
0.582031
0.678897
0.730503
0.769072
0.589205
0.668998
0.605456
0.604933
0.808473
0.643863
0.661085
0.798157
0.545782
0.673460
0.591655
0.657220
0.710011
0.656824
0.707590
0.645385
0.572755
0.625171
0.618587
0.607218
0.774722
0.644916
0.709252
0.623917
0.594352
0.732145
0.695854
0.686867
0.628562
0.568370
0.559983
0.525141
0.554771
0.622100
0.541778
0.501547
0.457886
0.512643
0.622810
0.609695
0.640708
0.743246
0.605810
0.593721
0.581937
0.690568
0.646391
0.599769
0.641517
0.528867
0.660787
0.591925
0.606309
0.568595
0.722928
0.600245
0.603480
0.555144
0.489482
0.575287
0.521424
0.519512
0.695476
0.632321
0.610617
0.740475
0.782779
0.630191
0.765818
0.633215
0.651451
0.653533
0.742105
0.721716
0.695657
0.498051
0.657836
0.626889
0.780494
0.713028
0.757513
0.767273
0.650922
0.740853
0.592741
0.662279
0.716837
0.802093
0.641494
0.748552
0.702033
0.523657
0.721246
0.620371
0.662282
0.674389
0.565838
0.625536
0.730011
0.517221
0.583054
0.541360
0.643225
0.687812
0.709517
0.665189
0.720751
0.507929
0.647849
0.551580
0.671618
0.695762
0.673385
0.703686
0.591416
0.631368
0.566418
0.635946
0.575006
0.765086
0.625037
0.536235
0.531266
0.598412
0.612809
0.604088
0.651436
0.575685
0.688898
0.690561
0.561332
0.629425
0.611143
0.592913
0.652185
0.686938
0.686628
0.773915
0.608472
0.642088
0.587555
0.526256
0.607281
0.710772
0.700159
0.602556
0.571406
0.656833
0.680785
0.609031
0.682888
0.634244
0.671143
0.711987
0.582425
0.715398
0.478846
0.478770
0.512327
0.629412
0.433626
0.562111
0.583243
0.551450
0.741773
0.551418
0.688229
0.693986
0.601398
0.491347
0.483317
0.705476
0.572370
0.539825
0.532971
0.660393
0.485320
0.554575
0.598858
0.491407
0.628516
0.622582
0.525306
0.688736
0.580760
0.644035
0.532737
0.619179
0.795730
0.550808
0.676543
0.575853
0.666370
0.784881
0.541026
0.647007
0.684014
0.504999
0.651323
0.560227
0.724564
0.749050
0.723993
0.729418
0.602598
0.706279
0.648925
0.722656
0.729007
0.727270
0.569306
0.440837
0.729145
0.477457
0.732911
0.666538
0.710101
0.585849
0.724556
0.656768
0.526273
0.731066
0.734056
0.749588
0.897107
0.719226
0.644967
0.650121
0.811735
0.656979
0.325800
0.608192
0.650864
0.571606
0.713433
0.641754
0.626004
0.750579
0.729781
0.750581
0.666578
0.750269
0.783896
0.669198
0.671975
0.656155
0.427243
0.520133
0.660871
0.495303
0.576776
0.699205
0.473139
0.541325
0.359657
0.611936
0.542441
0.559777
0.515452
0.485581
0.483051
0.460171
0.471088
0.462345
0.698493
0.376154
0.445715
0.569344
0.416860
0.598505
0.500328
0.540515
0.691431
0.672820
0.768245
0.716834
0.681258
0.813910
0.696228
0.700506
0.693935
0.604336
0.682925
0.690286
0.662955
0.755441
0.659082
0.721851
0.763883
0.673071
0.698810
0.726294
0.712940
0.677280
0.658196
0.543039
0.659384
0.600908
0.563068
0.673785
0.614753
0.587967
0.754766
0.438640
0.621659
0.493413
0.701531
0.678758
0.575942
0.736651
0.436980
0.633713
0.487132
0.497851
0.653375
0.592227
0.520945
0.524202
0.499538
0.487001
0.656461
0.601143
0.536803
0.728721
0.633850
0.728124
0.820856
0.649307
0.665678
0.543027
0.738048
0.597740
0.557923
0.540419
0.536532
0.568413
0.577708
0.551442
0.587866
0.579945
0.622817
0.662035
0.619358
0.587004
0.696095
0.584242
0.556328
0.772091
0.721018
0.777053
0.661706
0.618454
0.652921
0.765086
0.797255
0.674351
0.818347
0.656580
0.593573
0.657965
0.652989
0.665327
0.822541
0.690679
0.599987
0.584382
0.585936
0.699185
0.735905
0.605932
0.643765
0.750450
0.604600
0.554134
0.496437
0.670044
0.723742
0.691062
0.546388
0.594641
0.578446
0.757027
0.567553
0.552120
0.734997
0.505851
0.462397
0.713324
0.517605
0.714643
0.715885
0.602289
0.739823
0.598465
0.700345
0.610831
0.793748
0.804139
0.658439
0.739087
0.582985
0.698161
0.603486
0.650002
0.644297
0.824146
0.608532
0.616834
0.595573
0.555024
0.547458
0.666530
0.665415
0.692131
0.726056
0.678469
0.784485
0.858095
0.872034
0.740585
0.706665
0.785181
0.764328
0.812113
0.778680
0.846455
0.762994
0.695644
0.818886
0.667252
0.765792
0.708723
0.818750
0.591432
0.529478
0.688576
0.743484
0.661445
0.646538
0.531291
0.604318
0.526797
0.570961
0.648542
0.803209
0.529616
0.526984
0.546013
0.448066
0.656170
0.631743
0.612805
0.529666
0.679001
0.690456
0.681609
0.527218
0.685192
0.557100
0.668074
0.680797
0.628218
0.785887
0.590915
0.649255
0.696243
0.541299
0.672631
0.638593
0.501264
0.676208
0.560242
0.611653
0.525953
0.466355
0.480310
0.548441
0.498820
0.536229
0.676434
0.548623
0.458174
0.600765
0.454328
0.551349
0.511249
0.597947
0.660334
0.824689
0.724714
0.676198
0.636173
0.765331
0.688790
0.706919
0.599385
0.687062
0.737711
0.764938
0.620280
0.816151
0.632614
0.633077
0.729571
0.681004
0.623961
0.557132
0.698992
0.744936
0.638911
0.703682
0.700371
0.683161
0.654042
0.657572
0.744174
0.647232
0.636653
0.644788
0.602627
0.517992
0.613649
0.566220
0.558221
0.646993
0.661936
0.623309
0.559330
0.661088
0.701273
0.725495
0.703104
0.686322
0.416950
0.778553
0.619107
0.494923
0.815223
0.633339
0.723873
0.776133
0.663413
0.696407
0.662504
0.675769
0.618704
0.578387
0.553705
0.620419
0.750593
0.554776
0.559710
0.505629
0.498369
0.651181
0.640184
0.619835
0.642982
0.530802
0.452390
0.654445
0.601562
0.586435
0.610975
0.600419
0.619988
0.608103
0.570302
0.657439
0.560350
0.753410
0.591298
0.622665
0.560751
0.358594
0.583990
0.559428
0.590046
0.529377
0.702868
0.568710
0.551175
0.609360
0.551424
0.662425
0.663224
0.651820
0.738373
0.533158
0.567245
0.626118
0.555052
0.626872
0.574672
0.564453
0.743494
0.659944
0.757362
0.725031
0.801780
0.725998
0.700552
0.522932
0.605643
0.346177
0.595054
0.606331
0.568747
0.550768
0.485928
0.654348
0.648139
0.586218
0.541376
0.552514
0.692967
0.602466
0.533142
0.515847
0.536539
0.584568
0.487497
0.479470
