0.632671
0.832512
0.557434
0.544980
0.694411
0.492326
0.566922
0.551895
0.628330
0.857141
0.775276
0.505061
0.504693
0.555446
0.667238
0.748526
0.620966
0.601647
0.455960
0.630575
0.807361
0.581371
0.681265
0.653977
0.514578
0.674761
0.635185
0.712519
0.563420
0.638734
0.687320
0.645679
0.514672
0.585189
0.653061
0.628633
0.745670
0.627021
0.660236
0.522605
0.796868
0.566212
0.847213
0.606369
0.645904
0.586349
0.566632
0.536723
0.744498
0.839733
0.675205
0.665425
0.673027
0.745675
0.817135
0.552967
0.770484
0.628159
0.783261
0.666045
0.792045
0.732406
0.588694
0.892311
0.737368
0.783630
0.683220
0.699206
0.734308
0.683823
0.659202
0.796315
0.668530
0.629334
0.700700
0.769324
0.693162
0.623877
0.819694
0.797353
0.668444
0.743165
0.782020
0.746455
0.641904
0.752567
0.669380
0.708097
0.745763
0.728055
0.898715
0.652552
0.658928
0.729917
0.480246
0.550226
0.568355
0.836135
0.666111
0.828506
0.802796
0.795348
0.746142
0.878211
0.843697
0.644931
0.679474
0.696966
0.779607
0.518295
0.846679
0.787566
0.809119
0.797682
0.658637
0.749845
0.830332
0.798130
0.842869
0.703190
0.681640
0.772987
0.772434
0.787820
0.825916
0.807622
0.727381
0.717206
0.775692
0.694918
0.843766
0.733821
0.750596
0.739760
0.652903
0.561288
0.826081
0.971744
0.737585
0.692256
0.722462
0.792744
0.824619
0.676981
0.699945
0.758291
0.617223
0.652621
0.630275
0.755185
0.783997
0.728734
0.595637
0.704964
0.744860
0.783162
0.838909
0.486028
0.766863
0.645568
0.718954
0.692810
0.647444
0.497930
0.859379
0.645292
0.764126
0.605578
0.729203
0.517793
0.734129
0.799843
0.610104
0.589600
0.578813
0.566206
0.556739
0.683023
0.683309
0.636484
0.582526
0.756162
0.735647
0.869722
0.659052
0.677249
0.609393
0.653751
0.711288
0.815000
0.731108
0.510968
0.591821
0.552892
0.694257
0.780280
0.740427
0.466435
0.631296
0.607642
0.607459
0.716623
0.595179
0.527984
0.562917
0.444152
0.711314
0.657216
0.641482
0.733405
0.536559
0.640768
0.489536
0.669744
0.536807
0.756923
0.665914
0.668572
0.564830
0.647846
0.658486
0.771364
0.756479
0.708223
0.510193
0.630675
0.711048
0.580021
0.920971
0.609213
0.631396
0.518190
0.589267
0.596362
0.704992
0.808668
0.802792
0.683267
0.749754
0.686685
0.808918
0.705599
0.726336
0.743886
0.803354
0.752213
0.790078
0.760315
0.624552
0.695880
0.751391
0.697013
0.660719
0.766244
0.728312
0.730880
0.725751
0.760613
0.747078
0.631282
0.739773
0.777307
0.598848
0.789932
0.697997
0.802872
0.760065
0.617082
0.688932
0.677914
0.779542
0.848108
0.795856
0.716472
0.601843
0.642476
0.573072
0.741266
0.697791
0.508647
0.452031
0.652206
0.860206
0.744868
0.558095
0.599679
0.592656
0.645979
0.728026
0.586947
0.534975
0.590782
0.587053
0.807270
0.458573
0.680198
0.771384
0.574457
0.640276
0.489710
0.664052
0.637350
0.779803
0.667495
0.636671
0.508119
0.622264
0.803521
0.710935
0.642098
0.636047
0.644513
0.461254
0.762853
0.606850
0.941375
0.637964
0.634120
0.513520
0.523451
0.469377
0.803040
0.601573
0.870553
0.896559
0.869878
0.617105
0.567617
0.660609
0.717829
0.838024
0.682855
0.644512
0.666091
0.618729
0.819810
0.591365
0.704754
0.790821
0.640306
0.767869
0.723262
0.772757
0.724806
0.697264
0.763740
0.760901
0.513208
0.718115
0.671315
0.692936
0.812929
0.625632
0.769232
0.547168
0.778681
0.724378
0.954888
0.699947
0.659080
0.547385
0.619545
0.664846
0.901413
0.683178
0.661771
0.750082
0.528795
0.571745
0.553257
0.504564
0.728137
0.644356
0.635516
0.605966
0.524941
0.674859
0.635910
0.679234
0.810617
0.523069
0.568987
0.491043
0.700269
0.581085
0.714358
0.671767
0.659485
0.504474
0.687262
0.558077
0.705225
0.636461
0.666335
0.517120
0.454488
0.715617
0.697006
0.857091
0.604606
0.587515
0.546765
0.480280
0.511541
0.655159
0.795150
0.859742
0.630675
0.634873
0.637963
0.742253
0.720696
0.655605
0.772868
0.664185
0.842471
0.800819
0.703581
0.802717
0.816085
0.660532
0.766159
0.604671
0.590079
0.686825
0.822603
0.676254
0.824238
0.749264
0.866976
0.786175
0.825444
0.857869
0.791216
0.704836
0.725026
0.929165
0.590994
0.882692
0.658837
0.804555
0.767057
0.763858
0.633347
0.766682
0.793077
0.771760
0.889541
0.898653
0.659797
0.887761
0.827558
0.902607
0.840433
0.809404
0.585355
0.860086
0.732573
0.967746
0.811585
0.700194
0.687001
0.789625
0.747404
0.844564
0.794402
0.827578
0.737305
0.950967
0.813127
0.872355
0.762959
0.914996
0.715103
0.760770
0.793783
0.885004
0.846238
0.743274
0.727360
0.801946
0.729745
0.784481
0.633445
0.751045
0.835449
0.816453
0.587495
0.861649
0.658535
0.805444
0.817918
0.774051
0.759028
0.862704
0.808372
0.844726
0.822558
0.554078
0.650779
0.866990
0.791416
0.882104
0.781105
0.712716
0.779186
0.711915
0.789349
0.831144
0.846939
0.789590
0.718537
0.613834
0.442835
0.794867
0.932229
0.706149
0.657667
0.795014
0.753364
0.793231
0.716329
0.593596
0.510451
0.608157
0.601969
0.625021
0.630522
0.554444
0.601739
0.620418
0.660354
0.656516
0.765686
0.396272
0.696424
0.505619
0.588297
0.495685
0.772599
0.522636
0.521748
0.573556
0.751666
0.698215
0.636427
0.756549
0.736216
0.514039
0.546548
0.721675
0.570084
0.853511
0.555676
0.638068
0.474319
0.611929
0.624751
0.762130
0.490056
0.681520
0.554562
0.640036
0.701625
0.654407
0.712077
0.789396
0.565898
0.701569
0.633714
0.625413
0.743920
0.646740
0.611395
0.688660
0.766322
0.550295
0.777705
0.437051
0.757266
0.632849
0.738967
0.833341
0.738185
0.654831
0.577141
0.845245
0.547482
0.793459
0.629307
0.781709
0.593510
0.767175
0.648362
0.741355
0.720665
0.468686
0.660857
0.735308
0.468269
0.688302
0.808151
0.703375
0.672847
0.718786
0.620544
0.707646
0.594459
0.632948
0.677099
0.716454
0.646903
0.744135
0.580034
0.795653
0.654273
0.738917
0.795545
0.718342
0.541231
0.598204
0.781843
0.624892
0.805968
0.539858
0.740200
0.612541
0.612796
0.620054
0.742126
0.850161
0.687390
0.716036
0.705771
0.605775
0.711247
0.692062
0.705420
0.787452
0.663723
0.488559
0.663006
0.766735
0.675297
0.823562
0.733359
0.732516
0.658178
0.655547
0.766870
0.822178
0.698820
0.732423
0.681527
0.584253
0.492708
0.729019
0.935662
0.686028
0.608483
0.674082
0.610285
0.697012
0.558432
0.802183
0.865960
0.649170
0.839773
0.871772
0.759895
0.797071
0.788853
0.679125
0.827551
0.673053
0.608891
0.714356
0.886064
0.705672
0.807917
0.695735
0.877734
0.807267
0.764168
0.876651
0.813115
0.562679
0.741909
0.845132
0.601091
0.824452
0.687156
0.829275
0.698141
0.797502
0.817770
0.842871
0.718718
0.645721
0.703698
0.666556
0.572444
0.491342
0.676630
0.648385
0.662430
0.507338
0.680775
0.621962
0.747743
0.611043
0.678748
0.593604
0.616276
0.695144
0.743322
0.775162
0.771447
0.630570
0.638489
0.703617
0.614994
0.862873
0.402468
0.648104
0.593095
0.613443
0.672926
0.869838
0.471637
0.608193
0.869721
0.629473
0.824172
0.732396
0.656284
0.772371
0.590773
0.779284
0.672009
0.719627
0.765608
0.737717
0.651789
0.725424
0.792809
0.853758
0.762459
0.727143
0.721045
0.645506
0.768683
0.685798
0.914148
0.680620
0.652581
0.582040
0.556841
0.704274
0.864082
0.602469
0.835103
0.574662
0.699874
0.695696
0.620427
0.661451
0.630570
0.736865
0.523988
0.618584
0.699868
0.762669
0.614978
0.686790
0.644141
0.734025
0.760061
0.545246
0.625671
0.655663
0.789489
0.627767
0.881002
0.583742
0.647775
0.625226
0.397397
0.616513
0.752282
0.765647
0.684542
0.738721
0.801000
0.605259
0.569154
0.622998
0.732101
0.620350
0.703229
0.788013
0.770952
0.573187
0.729410
0.627110
0.799755
0.685114
0.666587
0.659452
0.636103
0.628539
0.751716
0.964077
0.632487
0.646824
0.579681
0.528542
0.685245
0.740578
0.793513
0.621696
0.894396
0.700880
0.700311
0.633561
0.844232
0.718541
0.738978
0.729734
0.686116
0.636791
0.842665
0.606020
0.657686
0.746768
0.806935
0.672165
0.708401
0.732752
0.792387
0.883212
0.729222
0.724816
0.667110
0.727977
0.750802
0.757771
0.748647
0.548907
0.666321
0.654742
0.639073
0.598326
0.748464
0.726557
0.686393
0.731465
0.548595
0.631949
0.729284
0.688126
0.738553
0.565628
0.718395
0.644154
0.797937
0.674026
0.840118
0.715526
0.663897
0.555707
0.472016
0.651506
0.849420
0.848109
0.661681
0.725360
0.654179
0.723706
0.656262
0.698044
0.788514
0.674921
0.584703
0.612021
0.692157
0.713358
0.603208
0.811985
0.627733
0.695170
0.747997
0.762767
0.910694
0.578419
0.554836
0.551073
0.619978
0.710045
0.793425
0.781571
0.721872
0.729645
0.617467
0.808391
0.682150
0.786006
0.891386
0.574259
0.810142
0.850488
0.888431
0.863674
0.834670
0.773382
0.781141
0.884019
0.728939
0.884845
0.712281
0.751444
0.808147
0.802557
0.790924
0.877953
0.733155
0.580002
0.609185
0.557009
0.712975
0.639566
0.604667
0.579339
0.645408
0.677701
0.646394
0.651247
0.676030
0.554834
0.505951
0.759019
0.534466
0.858015
0.591027
0.570551
0.454587
0.571459
0.616259
0.741846
0.574310
0.741692
0.719037
0.799223
0.816621
0.751299
0.588900
0.675760
0.709281
0.759757
0.741961
0.694420
0.669835
0.553425
0.496831
0.707447
0.753393
0.670241
0.659104
0.762996
0.627036
0.706034
0.643093
0.595701
0.506641
0.714854
0.663932
0.664520
0.620655
0.748937
0.753627
0.707005
0.755850
0.688830
0.518257
0.525289
0.767152
0.638564
0.694592
0.549426
0.665390
0.577693
0.609607
0.611856
0.728176
0.676327
0.869203
0.683297
0.796085
0.615827
0.785687
0.814574
0.793247
0.777319
0.892296
0.638781
0.700581
0.888724
0.652287
0.814132
0.640796
0.741016
0.681977
0.771667
0.707797
0.848591
0.658595
0.750655
0.713264
0.654535
0.675076
0.616713
0.680829
0.711268
0.715292
0.566069
0.683307
0.808637
0.604350
0.953135
0.565397
0.634998
0.595819
0.619371
0.643826
0.711609
0.829858
0.862291
0.549111
0.807201
0.627046
0.859192
0.765499
0.643752
0.733589
0.711740
0.803350
0.739403
0.931280
0.580957
0.623638
0.630385
0.591219
0.729684
0.802972
0.751353
0.669609
0.907215
0.788135
0.777770
0.835276
0.829763
0.704903
0.734971
0.838556
0.692327
0.852507
0.671152
0.792040
0.632197
0.749261
0.647195
0.899643
0.656111
0.619568
0.700120
0.687321
0.708717
0.729765
0.656568
0.597618
0.752910
0.808606
0.891739
0.738998
0.639465
0.610865
0.709224
0.659420
0.810164
0.650209
0.538711
0.707519
0.640762
0.635469
0.615373
0.404084
0.689958
0.610088
0.798800
0.588505
0.529594
0.476195
0.600539
0.624032
0.788618
0.714768
0.671022
0.502749
0.667048
0.686566
0.582165
0.680565
0.788277
0.956708
0.688601
0.483128
0.598855
0.633768
0.637715
0.729180
0.728777
0.821567
0.674706
0.586368
0.635687
0.782286
0.812142
0.994342
0.709013
0.704775
0.665085
0.682402
0.782452
0.788432
0.733464
0.647424
0.661619
0.627575
0.825319
0.703358
0.861025
0.663914
0.714859
0.697621
0.692426
0.701503
0.769643
0.807798
0.666315
0.625377
0.708372
0.834265
0.920344
0.663960
0.404714
0.580738
0.594162
0.723430
0.654444
0.712622
0.510750
0.737348
0.760830
0.831870
0.726428
0.673142
0.618537
0.463676
0.675392
0.770955
0.574409
0.761605
0.641139
0.841097
0.560666
0.572150
0.594110
0.600713
0.674874
0.647382
0.605121
0.616918
0.676616
0.666634
0.537387
0.496349
0.576733
0.590377
0.747846
0.798047
0.938179
0.673656
0.583697
0.731852
0.689834
0.796523
0.691344
0.875490
0.575924
0.692801
0.656733
0.698667
0.721810
0.803792
0.904757
0.888161
0.871098
0.890179
0.922899
0.997168
0.550037
0.564528
0.562689
0.711476
0.626966
0.484424
0.512684
0.677820
0.606912
0.580228
0.627505
0.780988
0.586829
0.682506
0.733957
