0.231357
0.293330
0.292994
0.237436
0.212351
0.206752
0.250283
0.224753
0.071169
0.337893
0.349761
0.099319
0.354763
0.194350
0.132290
0.163069
0.211524
0.282042
0.140997
0.159032
0.630797
0.165717
0.231319
0.512778
0.071301
0.127478
0.576666
0.182716
0.256475
0.366570
0.090892
0.313787
0.185539
0.451646
0.140042
0.247225
0.267325
0.115081
0.292894
0.252817
0.174015
0.297446
0.284372
0.280442
0.284886
0.113691
0.185490
0.133172
0.466393
0.040545
0.029805
0.015317
0.352951
0.027922
0.052715
0.050786
0.139215
0.045587
0.176823
0.091501
0.054635
0.034159
0.068511
0.156097
0.034926
0.036479
0.055858
0.040608
0.574957
0.026261
0.036729
0.507660
0.085860
0.039355
0.623257
0.054072
0.076298
0.058743
0.078456
0.042301
0.036203
0.137846
0.037022
0.023569
0.029333
0.346954
0.037470
0.018952
0.065219
0.044276
0.040887
0.053766
0.040885
0.086415
0.039919
0.052407
0.282249
0.052477
0.021600
0.460140
0.044008
0.019382
0.041292
0.208171
0.022381
0.259829
0.187227
0.040077
0.034789
0.089839
0.236780
0.066109
0.027251
0.113922
0.043704
0.679243
0.057644
0.027413
0.618363
0.151514
0.070971
0.681658
0.048580
0.045191
0.082479
0.147024
0.012378
0.080914
0.167836
0.064605
0.014634
0.052528
0.438172
0.101285
0.033650
0.067631
0.022950
0.096544
0.043120
0.035209
0.113144
0.038715
0.074337
0.380599
0.035170
0.368570
0.037880
0.083471
0.055360
0.171870
0.038232
0.156964
0.128701
0.042522
0.065974
0.087316
0.191027
0.034700
0.066361
0.080627
0.077675
0.572089
0.035770
0.055988
0.514481
0.140581
0.082221
0.687766
0.106659
0.124517
0.042492
0.125566
0.049659
0.041150
0.100407
0.058930
0.044714
0.022853
0.398131
0.036025
0.041350
0.100363
0.029210
0.025988
0.033147
0.035160
0.150892
0.063053
0.095694
0.311117
0.368134
0.019357
0.030865
0.032845
0.145859
0.029406
0.208993
0.121562
0.042576
0.021088
0.065691
0.183662
0.039764
0.019932
0.060460
0.026032
0.637431
0.024116
0.017279
0.546772
0.098320
0.036773
0.673943
0.038455
0.053816
0.065516
0.091057
0.018104
0.044285
0.134842
0.038712
0.010927
0.028861
0.366416
0.058469
0.020180
0.053234
0.030435
0.063163
0.045451
0.030306
0.082838
0.023527
0.045700
0.318977
0.332683
0.443351
0.370541
0.142882
0.458153
0.336165
0.175570
0.482881
0.371744
0.306690
0.292041
0.305259
0.444536
0.227336
0.328230
0.638354
0.295001
0.401507
0.408965
0.232664
0.296962
0.726737
0.391985
0.476468
0.435933
0.182184
0.454677
0.272423
0.440345
0.298547
0.405836
0.354938
0.135353
0.350241
0.377985
0.383904
0.436311
0.352969
0.420196
0.401385
0.331917
0.356978
0.315490
0.491332
0.053773
0.018059
0.120720
0.041912
0.222235
0.093615
0.053344
0.027824
0.057096
0.195458
0.048993
0.036837
0.031661
0.030781
0.650568
0.011809
0.022346
0.552200
0.082474
0.038907
0.720301
0.047438
0.072696
0.078311
0.088196
0.039901
0.026176
0.153308
0.024266
0.025754
0.027018
0.341675
0.061347
0.025472
0.038145
0.045455
0.069056
0.044474
0.034989
0.064220
0.012192
0.030165
0.352856
0.046525
0.190853
0.050096
0.260478
0.178422
0.068479
0.021277
0.072439
0.207743
0.067843
0.032255
0.106383
0.031344
0.697240
0.064213
0.024486
0.597814
0.123551
0.050760
0.635172
0.025220
0.024241
0.119604
0.124435
0.026319
0.091962
0.208450
0.055390
0.019131
0.085310
0.405579
0.130746
0.044268
0.054490
0.042415
0.123712
0.059253
0.062442
0.081640
0.042516
0.058162
0.378577
0.148669
0.038494
0.257370
0.137070
0.050383
0.028660
0.050512
0.213498
0.054677
0.054252
0.054280
0.040159
0.674025
0.029155
0.026611
0.595653
0.104801
0.048604
0.733715
0.040662
0.066712
0.101038
0.114021
0.038675
0.044304
0.195341
0.035506
0.030632
0.054495
0.366837
0.096417
0.039831
0.035086
0.038585
0.094154
0.037397
0.034279
0.079382
0.017548
0.037709
0.411910
0.229835
0.255791
0.053127
0.264243
0.141556
0.095863
0.136452
0.129345
0.204887
0.071878
0.101645
0.637265
0.089975
0.165447
0.484384
0.062486
0.082468
0.613990
0.150573
0.216800
0.241201
0.038372
0.221928
0.091152
0.333965
0.086476
0.172023
0.156371
0.151775
0.171383
0.162221
0.148139
0.214466
0.178820
0.197492
0.190300
0.118167
0.122560
0.096726
0.396243
0.215383
0.197110
0.015857
0.058311
0.111311
0.256524
0.060436
0.044291
0.114996
0.070665
0.660758
0.057579
0.032101
0.611203
0.186243
0.095113
0.730604
0.078077
0.090165
0.049057
0.180334
0.012160
0.062706
0.137333
0.081976
0.025737
0.042638
0.473929
0.075292
0.034600
0.093975
0.025455
0.076679
0.033701
0.019961
0.152650
0.052448
0.097811
0.360920
0.205814
0.206463
0.238692
0.233617
0.194770
0.127125
0.259974
0.218137
0.236416
0.378545
0.182561
0.223976
0.301523
0.252505
0.212116
0.545301
0.279969
0.332594
0.137860
0.221880
0.230305
0.154587
0.184003
0.205698
0.218220
0.189978
0.409193
0.146069
0.200040
0.306053
0.198090
0.110742
0.178132
0.212371
0.310065
0.262021
0.270552
0.145762
0.209935
0.120895
0.088518
0.154421
0.098849
0.169670
0.048605
0.096749
0.544844
0.064759
0.145302
0.414094
0.035806
0.071101
0.631354
0.140248
0.204208
0.186203
0.040754
0.194272
0.063694
0.245247
0.063322
0.140476
0.109706
0.196085
0.106533
0.113506
0.121392
0.180839
0.120040
0.171643
0.153049
0.092059
0.105672
0.078640
0.331969
0.067935
0.119400
0.252011
0.061671
0.051576
0.126526
0.094832
0.603373
0.066591
0.047682
0.587927
0.196973
0.108438
0.739428
0.091675
0.105228
0.046062
0.197307
0.025054
0.080413
0.115232
0.092954
0.034455
0.051315
0.480922
0.068531
0.050711
0.102409
0.020934
0.059184
0.032756
0.029541
0.163504
0.070695
0.115605
0.342595
0.042741
0.179167
0.048500
0.027341
0.051179
0.016512
0.640990
0.029332
0.018978
0.548657
0.067426
0.020377
0.652038
0.013389
0.028571
0.113397
0.080040
0.033877
0.059777
0.190326
0.023715
0.016157
0.060631
0.335660
0.097680
0.032380
0.024492
0.040765
0.094908
0.050601
0.051769
0.043476
0.017557
0.022032
0.355598
0.112540
0.048590
0.106703
0.061051
0.053219
0.601348
0.037544
0.067727
0.552378
0.054936
0.036920
0.636692
0.062198
0.101822
0.165952
0.065110
0.102338
0.061652
0.248750
0.022706
0.066416
0.097411
0.251305
0.113966
0.084837
0.056139
0.077847
0.095126
0.072421
0.094481
0.074912
0.052480
0.045417
0.401206
0.125090
0.242857
0.177913
0.181296
0.473208
0.156007
0.205215
0.487150
0.145504
0.135014
0.440535
0.196877
0.245747
0.232280
0.113165
0.250112
0.168534
0.337535
0.138776
0.195814
0.225369
0.174032
0.188974
0.220666
0.229598
0.211656
0.139971
0.194348
0.244104
0.204318
0.215622
0.191618
0.308154
0.084389
0.067123
0.056503
0.544090
0.029832
0.058528
0.485095
0.092381
0.042780
0.617049
0.074881
0.115592
0.072343
0.074328
0.058547
0.039428
0.157259
0.033383
0.040362
0.053500
0.310594
0.055021
0.051934
0.094262
0.041129
0.034259
0.045501
0.049416
0.118259
0.064862
0.070369
0.303116
0.086173
0.037325
0.672540
0.055319
0.021568
0.578688
0.129465
0.061450
0.678804
0.039652
0.035946
0.091723
0.134318
0.023125
0.083934
0.145580
0.066872
0.018394
0.051656
0.426882
0.091679
0.030410
0.053499
0.046773
0.101201
0.064776
0.051976
0.077967
0.036360
0.060184
0.327679
0.045204
0.617286
0.024518
0.064900
0.480206
0.037668
0.036030
0.682837
0.068581
0.115541
0.142044
0.046051
0.106168
0.032922
0.198683
0.031976
0.073104
0.063153
0.252946
0.084811
0.060535
0.050195
0.104286
0.099861
0.100184
0.083868
0.048079
0.039938
0.025704
0.347025
0.664456
0.027606
0.025012
0.535779
0.057642
0.014295
0.621145
0.019192
0.044405
0.120474
0.059497
0.047679
0.048888
0.208729
0.025128
0.025914
0.057908
0.310351
0.104313
0.033246
0.032927
0.064854
0.109188
0.073160
0.057728
0.037161
0.017933
0.018982
0.346378
0.584104
0.666230
0.364689
0.594355
0.610442
0.610075
0.680877
0.743027
0.518455
0.605397
0.673152
0.568523
0.532746
0.601657
0.634646
0.591042
0.562075
0.531734
0.613446
0.685512
0.595139
0.455355
0.559669
0.625555
0.662740
0.664706
0.672216
0.321746
0.033469
0.503580
0.057483
0.024076
0.667204
0.052960
0.094229
0.081547
0.060693
0.055220
0.014457
0.156943
0.013415
0.032147
0.025373
0.292953
0.049506
0.031695
0.044734
0.047497
0.052123
0.045663
0.038276
0.063571
0.018876
0.029257
0.320926
0.556475
0.104527
0.040146
0.658483
0.026989
0.039174
0.091049
0.114840
0.021131
0.051729
0.161508
0.041100
0.015396
0.051706
0.382627
0.096198
0.027369
0.036115
0.034223
0.094461
0.040698
0.041389
0.064769
0.020983
0.039530
0.339825
0.457979
0.493810
0.573540
0.572250
0.620675
0.487035
0.453917
0.596246
0.478825
0.427662
0.511335
0.561091
0.526278
0.506185
0.494564
0.519706
0.571892
0.550624
0.460008
0.535790
0.574283
0.535259
0.566824
0.550647
0.292124
0.031204
0.597786
0.073738
0.122768
0.212781
0.025824
0.159765
0.081486
0.277288
0.040198
0.108910
0.121934
0.194829
0.144786
0.100550
0.061871
0.150737
0.145400
0.152874
0.144955
0.033829
0.070942
0.032664
0.367112
0.589168
0.023598
0.062926
0.128311
0.035912
0.071730
0.047023
0.222948
0.015674
0.038159
0.070076
0.262230
0.096417
0.047207
0.038538
0.075680
0.094236
0.080394
0.071820
0.034270
0.030098
0.017591
0.328267
0.634350
0.643372
0.686257
0.562235
0.707098
0.659229
0.782670
0.630912
0.651723
0.707936
0.577362
0.678539
0.660368
0.690778
0.684952
0.632369
0.668323
0.721644
0.622306
0.716643
0.671228
0.464965
0.022336
0.145333
0.087835
0.049107
0.081613
0.241683
0.040560
0.028544
0.094628
0.343053
0.137072
0.047384
0.025381
0.068449
0.136490
0.081096
0.073202
0.034724
0.027341
0.022867
0.383017
0.166258
0.138798
0.051636
0.134456
0.242022
0.077083
0.041034
0.121256
0.419715
0.173532
0.065501
0.045355
0.077810
0.171399
0.096455
0.100944
0.065742
0.052714
0.057000
0.407860
0.194683
0.064864
0.075539
0.097854
0.117445
0.070082
0.051360
0.469655
0.054026
0.060442
0.161513
0.064963
0.044103
0.060488
0.055873
0.208240
0.107490
0.155607
0.240646
0.156129
0.078357
0.265690
0.048831
0.107177
0.116335
0.176806
0.124587
0.106817
0.096437
0.148986
0.125689
0.156007
0.141023
0.068946
0.089966
0.055378
0.345771
0.075508
0.143092
0.069475
0.011833
0.046274
0.455840
0.088746
0.028500
0.072909
0.023636
0.090588
0.041643
0.026428
0.118960
0.040243
0.076477
0.351627
0.163932
0.032999
0.053282
0.033340
0.304972
0.048743
0.037528
0.075632
0.067590
0.055715
0.055616
0.046500
0.094373
0.040300
0.053825
0.307776
0.207220
0.152038
0.107498
0.519761
0.111786
0.133982
0.220272
0.125527
0.102451
0.141095
0.137489
0.279082
0.188590
0.240277
0.254992
0.036596
0.058561
0.274702
0.081008
0.045299
0.040143
0.061569
0.074987
0.056037
0.065680
0.045750
0.024935
0.019747
0.346854
0.041940
0.383298
0.072206
0.018278
0.048063
0.024056
0.070974
0.035526
0.028989
0.077973
0.025868
0.047227
0.330240
0.386250
0.032181
0.027796
0.083891
0.046909
0.047462
0.058055
0.024453
0.120123
0.042279
0.077136
0.309120
0.390211
0.391149
0.339717
0.420520
0.356245
0.402129
0.420918
0.267060
0.341364
0.293292
0.508336
0.061365
0.136614
0.080557
0.024694
0.082413
0.059709
0.165964
0.094306
0.117196
0.254962
0.051546
0.044446
0.069682
0.051194
0.028814
0.080425
0.028440
0.049047
0.303352
0.073534
0.137289
0.080132
0.076798
0.027489
0.020548
0.019311
0.411593
0.056366
0.015871
0.030441
0.131768
0.051188
0.087891
0.352144
0.053012
0.066310
0.173476
0.102389
0.127699
0.243456
0.042943
0.136181
0.055299
0.092955
0.329904
0.127919
0.041098
0.078797
0.359030
0.044575
0.018231
0.382148
0.017610
0.385201
0.390224
