0.834207
0.628563
0.758892
0.950687
0.961970
0.947321
0.719805
0.800318
0.702841
0.672920
0.930371
0.900734
0.810816
0.772420
0.749500
0.729210
0.610866
0.587809
0.752320
0.618345
0.659640
0.648572
0.546685
0.517870
0.727930
0.824793
0.806710
0.807496
0.785948
0.855615
0.882665
0.632631
0.653077
0.731298
0.726136
0.779673
1.018361
0.701725
0.683558
0.491700
0.712204
0.759086
0.595692
0.640394
0.705659
0.665406
0.683959
0.801067
0.718945
0.442692
0.651771
0.724265
0.848980
0.704119
0.655112
0.637314
0.755860
0.693943
0.808246
0.652224
0.757626
0.621207
0.589750
0.735390
0.723666
0.618362
0.554918
0.726160
0.612694
0.622772
0.727208
0.717786
0.688704
0.681593
0.737143
0.596188
0.646382
0.739268
0.767354
0.518904
0.470097
0.734561
0.641764
0.745611
0.804021
0.668114
0.581728
0.632040
0.691305
0.622341
0.761792
0.683081
0.513284
0.548102
0.544570
0.731130
0.447089
0.569630
0.776102
0.865359
0.661983
0.606825
0.620346
0.453793
0.603260
0.813924
0.636904
0.756339
0.501889
0.607399
0.672881
0.553452
0.461243
0.492427
0.568945
0.507800
0.552209
0.539655
0.563540
0.726895
0.753054
0.739221
0.440664
0.672179
0.797779
0.810027
0.323299
0.342672
0.656395
0.511567
0.813279
0.891952
0.532555
0.383255
0.497941
0.596189
0.652637
0.607118
0.524552
0.533830
0.483725
0.432828
0.695007
0.446515
0.597225
0.781521
0.804459
0.541342
0.767631
0.732934
0.605905
0.682706
0.578403
0.726002
0.448369
0.678748
0.727971
0.505601
0.560801
0.567596
0.600889
0.545633
0.547790
0.674680
0.670113
0.734018
0.679457
0.682338
0.432648
0.586523
0.675609
0.793593
0.605253
0.467571
0.577321
0.574387
0.784818
0.817250
0.636410
0.490389
0.567783
0.692899
0.671441
0.663641
0.760309
0.532081
0.592381
0.580142
0.587818
0.583476
0.856398
0.676918
0.744034
0.786464
0.748851
0.743211
0.429298
0.736263
0.695575
0.590112
0.726692
0.782084
0.816556
0.725834
0.636671
0.729958
0.658729
0.803671
0.834690
0.807388
0.680124
0.622284
0.717634
0.668932
0.681267
0.729462
0.767138
0.716694
0.695600
0.653647
0.782525
0.733616
0.746461
0.712782
0.699317
0.751842
0.772788
0.680557
0.865663
0.864568
0.686076
0.751092
0.713967
0.677834
0.718318
0.938302
0.747637
0.808980
0.929537
0.950324
0.935086
0.948269
0.804072
0.857073
0.784597
0.926744
0.931596
0.901876
0.837509
0.837116
0.841306
0.903616
0.877884
0.923421
0.809476
0.726446
0.896525
0.782943
0.781055
0.814928
0.933261
0.819383
0.762905
0.841796
0.960567
0.952120
0.848843
0.835244
0.781489
0.873669
0.947852
0.942993
0.930355
0.909595
0.922986
0.906712
0.858016
0.860899
0.779795
0.704970
0.713374
0.692528
0.783541
0.787920
0.716847
0.688941
0.713987
0.667247
0.782436
0.793512
0.713836
0.587522
0.664335
0.655876
0.767762
0.877736
0.760391
0.751140
0.606748
0.761631
0.606379
0.712940
0.721567
0.757434
0.687317
0.644763
0.718517
0.745165
0.727599
0.698047
0.775344
0.548977
0.804960
0.719951
0.705897
0.724509
0.768680
0.666504
0.726188
0.636988
0.724849
0.593964
0.660346
0.697224
0.583645
0.714234
0.721796
0.535516
0.601526
0.574760
0.743984
0.661945
0.684536
0.498011
0.455173
0.632628
0.616336
0.577411
0.689045
0.530476
0.478845
0.686285
0.559854
0.638024
0.565781
0.798702
0.600008
0.518237
0.471024
0.620305
0.553187
0.637040
0.466065
0.557771
0.542520
0.681989
0.636279
0.473517
0.725360
0.636604
0.597802
0.541734
0.596849
0.492344
0.738193
0.716986
0.717863
0.688040
0.702195
0.673998
0.552423
0.813259
0.696516
0.652805
0.611038
0.696896
0.517482
0.699690
0.745787
0.736954
0.742201
0.697561
0.793615
0.682411
0.730309
0.829343
0.849311
0.636347
0.618365
0.653570
0.625240
0.767647
0.824810
0.667967
0.610694
0.550635
0.669824
0.654762
0.681719
0.653052
0.643885
0.566210
0.615828
0.720511
0.565380
0.791908
0.772431
0.763059
0.704522
0.687687
0.765321
0.763946
0.756489
0.628431
0.647416
0.635240
0.693957
0.660874
0.667610
0.654771
0.774896
0.811123
0.753261
0.668268
0.800348
0.901406
0.880580
0.559765
0.639524
0.681538
0.633115
0.863189
0.933320
0.606424
0.608153
0.673545
0.717431
0.825714
0.707165
0.665056
0.701936
0.702809
0.588674
0.693983
0.618050
0.654526
0.755163
0.622662
0.437713
0.596924
0.580464
0.488944
0.512320
0.493327
0.517011
0.499248
0.686436
0.663322
0.602504
0.564413
0.606793
0.816744
0.629379
0.666903
0.663761
0.787764
0.630937
0.510416
0.559195
0.706730
0.658348
0.807435
0.487891
0.530569
0.472654
0.655600
0.516818
0.705854
0.667110
0.529827
0.636294
0.605988
0.742192
0.589585
0.639155
0.706054
0.627550
0.745543
0.828746
0.865318
0.815098
0.592471
0.726389
0.743298
0.903240
0.879304
0.831498
0.701165
0.703276
0.604125
0.754697
0.727657
0.725270
0.658627
0.786148
0.795438
0.530909
0.712297
0.667320
0.766115
0.706773
0.714108
0.751193
0.724195
0.700341
0.908903
0.841737
0.748696
0.800499
0.766549
0.604389
0.706552
0.759936
0.702438
0.634530
0.810388
0.734897
0.699558
0.649506
0.664623
0.633284
0.675870
0.798390
0.791359
0.824727
0.843664
0.706397
0.635622
0.801877
0.882729
0.711775
0.672664
0.671289
0.672781
0.267223
0.817700
0.885354
0.738610
0.620927
0.710428
0.512848
0.687334
0.783429
0.760946
0.681978
0.697442
0.643206
0.680329
0.486911
0.761174
0.701584
0.802978
0.805797
0.732459
0.609328
0.482623
0.604954
0.797502
0.802009
0.741991
0.429672
0.415831
0.835074
0.587719
0.689597
0.523007
0.881931
0.692168
0.641695
0.504864
0.708860
0.503499
0.486125
0.605498
0.691752
0.711305
0.751641
0.613784
0.747836
0.757567
0.665654
0.748134
0.586761
0.821397
0.503133
0.585575
0.653584
0.545239
0.488662
0.559789
0.544194
0.560727
0.626169
0.656043
0.621668
0.657988
0.704986
0.772603
0.562732
0.591155
0.730851
0.789316
0.580980
0.536509
0.509725
0.666387
0.807708
0.844305
0.638336
0.458978
0.493579
0.646812
0.584216
0.562005
0.671696
0.496502
0.621572
0.503247
0.689139
0.600899
0.618275
0.610433
0.598835
0.544531
0.538887
0.457152
0.544101
0.713870
0.680968
0.639006
0.612974
0.782033
0.630173
0.543616
0.689619
0.710204
0.631306
0.592506
0.541851
0.591236
0.627864
0.845102
0.619166
0.543922
0.513799
0.573198
0.626323
0.625401
0.706132
0.625802
0.525542
0.520589
0.741317
0.458601
0.562948
0.533253
0.667180
0.559384
0.589925
0.729593
0.678979
0.649437
0.773633
0.812640
0.840509
0.704253
0.597430
0.756184
0.830306
0.648270
0.598828
0.612987
0.735858
0.778678
0.838745
0.676191
0.605643
0.588328
0.737468
0.698343
0.649131
0.682419
0.545315
0.707799
0.617730
0.831140
0.650440
0.314207
0.667693
0.584428
0.438645
0.586218
0.568736
0.604680
0.774308
0.791486
0.821235
0.561012
0.643428
0.785976
0.841905
0.619277
0.543999
0.673282
0.671461
0.823608
0.942807
0.544765
0.527446
0.434927
0.674488
0.627854
0.538641
0.689628
0.531814
0.663755
0.601635
0.751314
0.642853
0.560319
0.447897
0.330720
0.555911
0.523320
0.526511
0.747854
0.778819
0.772489
0.527436
0.604741
0.787291
0.788134
0.484732
0.475902
0.621581
0.588984
0.766667
0.915457
0.554500
0.405927
0.353027
0.548673
0.566241
0.545035
0.570142
0.457061
0.606556
0.428355
0.767387
0.573328
0.506484
0.521122
0.630444
0.685362
0.639104
0.557286
0.498469
0.634090
0.472043
0.621203
0.700684
0.678063
0.514160
0.450484
0.576827
0.575321
0.563084
0.736541
0.542451
0.435034
0.528129
0.559580
0.518648
0.676814
0.725773
0.483462
0.530476
0.471033
0.544739
0.450231
0.493254
0.651525
0.618964
0.518924
0.538992
0.564054
0.722076
0.569180
0.562370
0.589242
0.820380
0.557126
0.481845
0.414403
0.561341
0.595842
0.641854
0.445840
0.402165
0.444085
0.555912
0.545108
0.519454
0.620766
0.533367
0.634102
0.467031
0.707969
0.426340
0.488459
0.599616
0.547938
0.595770
0.643334
0.737197
0.494529
0.528885
0.753278
0.735942
0.498328
0.499636
0.539886
0.580426
0.650506
0.834792
0.577928
0.414982
0.443474
0.558371
0.516793
0.626128
0.593323
0.396995
0.465266
0.432293
0.757188
0.514318
0.705353
0.685409
0.747893
0.786863
0.721332
0.596104
0.641414
0.796407
0.740739
0.583441
0.560073
0.668900
0.581084
0.806889
0.938184
0.649983
0.539272
0.548303
0.593321
0.711148
0.556695
0.658782
0.578476
0.434553
0.528308
0.701360
0.547933
0.671265
0.755201
0.819153
0.838362
0.725784
0.754460
0.836026
0.917348
0.586439
0.610783
0.659571
0.661926
0.820466
0.952877
0.605085
0.643006
0.387221
0.643140
0.803679
0.457943
0.563082
0.723920
0.655730
0.645366
0.787136
0.653592
0.692888
0.735686
0.808071
0.647952
0.656833
0.719468
0.906885
0.571315
0.623731
0.670715
0.722489
0.822866
0.856277
0.638676
0.518593
0.533404
0.704931
0.686283
0.663864
0.678197
0.550093
0.678685
0.593150
0.832771
0.618127
0.367305
0.758568
0.673984
0.613191
0.484156
0.845740
0.655663
0.600919
0.487735
0.822667
0.332912
0.632944
0.682536
0.626794
0.663925
0.772818
0.542586
0.716275
0.818662
0.577659
0.647276
0.584519
0.772954
0.522401
0.749466
0.640168
0.647063
0.371180
0.807627
0.708201
0.624678
0.597484
0.819453
0.470924
0.485553
0.652624
0.639616
0.742965
0.837001
0.623465
0.782275
0.857979
0.614486
0.699324
0.649731
0.714071
0.576994
0.708785
0.660553
0.788837
0.521726
0.703057
0.717373
0.739199
0.706380
0.635646
0.840314
0.816691
0.688526
0.774200
0.718134
0.592960
0.853675
0.857996
0.706487
0.662961
0.622023
0.232795
0.593494
0.629787
0.685624
0.760073
0.488377
0.414307
0.608615
0.559380
0.714027
0.711395
0.558622
0.429959
0.585938
0.603812
0.587103
0.700125
0.720990
0.500121
0.520748
0.502881
0.659053
0.494043
0.595019
0.755907
0.685598
0.612215
0.574771
0.795382
0.590061
0.768859
0.711803
0.588226
0.624150
0.738991
0.666772
0.728802
0.728676
0.549685
0.635938
0.474439
0.671239
0.574927
0.790925
0.782392
0.684517
0.605615
0.891583
0.501444
0.457083
0.670572
0.727311
0.790113
0.894540
0.772166
0.762749
0.875459
0.670229
0.720478
0.627883
0.779742
0.647713
0.812996
0.767388
0.746238
0.776513
0.709363
0.914262
0.740936
0.750254
0.804474
0.762395
0.716216
0.915504
0.925419
0.764444
0.763626
0.715482
0.456812
0.721733
0.406316
0.618582
0.538574
0.755635
0.850953
0.555640
0.372987
0.503225
0.568533
0.609781
0.650212
0.540930
0.559015
0.535962
0.440333
0.712039
0.478836
0.537130
0.594604
0.670277
0.746678
0.423302
0.387947
0.479687
0.609999
0.582116
0.656813
0.579143
0.475656
0.489827
0.435044
0.650454
0.413147
0.625437
0.517371
0.687382
0.467812
0.568387
0.482506
0.618088
0.604508
0.656661
0.691610
0.574166
0.688703
0.468219
0.721071
0.556760
0.792900
0.937247
0.618791
0.561968
0.564819
0.377025
0.668415
0.648796
0.598759
0.633689
0.625346
0.589879
0.653733
0.411946
0.627249
0.723176
0.729447
0.696265
0.776815
0.621085
0.806275
0.868249
0.650246
0.692362
0.579343
0.693996
0.597766
0.791708
0.821706
0.896586
0.955123
0.774751
0.928929
0.873424
0.747072
0.881241
0.791821
0.842770
0.725217
0.534072
0.505471
0.641553
0.704278
0.686846
0.647454
0.644381
0.663810
0.566008
0.706527
0.591626
0.507228
0.612207
0.598381
0.531333
0.597638
0.471435
0.491890
0.441902
0.677058
0.431510
0.374822
0.580824
0.470361
0.650058
0.530598
0.492038
0.485828
0.749064
0.530722
0.545893
0.666076
0.723090
0.602532
0.598094
0.580831
0.700373
0.509708
0.735468
0.798924
0.511321
0.616239
0.525248
0.612687
0.444037
0.678703
0.668899
0.598194
0.570202
0.811129
0.592157
0.661958
0.694160
0.638074
0.801154
0.644543
0.584192
0.502502
0.691567
0.573470
0.434359
0.668817
0.455955
0.628287
0.407577
0.592648
