0.129135
0.056530
0.024883
0.017170
0.141431
0.063165
0.146827
0.070180
0.298300
0.484203
0.084265
0.308818
0.052079
0.156610
0.293996
0.546070
0.036004
0.049591
0.012248
0.059591
0.020917
0.054837
0.058707
0.052049
0.176026
0.165913
0.059951
0.048590
0.041056
0.085967
0.028780
0.032406
0.113826
0.116882
0.104603
0.123010
0.026470
0.221955
0.055665
0.553092
0.069458
0.263701
0.406754
0.044495
0.088669
0.086787
0.118927
0.097084
0.064671
0.025720
0.189276
0.088529
0.020882
0.028867
0.056214
0.019445
0.114234
0.567457
0.126341
0.259982
0.036491
0.041371
0.109831
0.367716
0.057772
0.061493
0.136659
0.064667
0.071801
0.057782
0.050863
0.041044
0.076269
0.043931
0.034127
0.043182
0.066969
0.027448
0.203914
0.146656
0.018831
0.044253
0.041377
0.117276
0.067413
0.096726
0.031316
0.638361
0.030814
0.053856
0.519068
0.043361
0.026787
0.285301
0.379268
0.023053
0.031515
0.099704
0.030204
0.039492
0.012178
0.061547
0.009825
0.179024
0.525182
0.085157
0.254314
0.012380
0.063692
0.169919
0.419026
0.016939
0.031461
0.063715
0.033426
0.020781
0.028180
0.025494
0.014454
0.088067
0.067100
0.009629
0.020681
0.023792
0.021209
0.109676
0.080492
0.027244
0.041920
0.036599
0.105676
0.020320
0.119352
0.008546
0.583139
0.021784
0.114058
0.460429
0.021223
0.017282
0.197856
0.265720
0.023194
0.011685
0.038775
0.216054
0.110367
0.185201
0.119634
0.381774
0.506649
0.097901
0.306486
0.094534
0.225778
0.370521
0.565007
0.070692
0.085388
0.039121
0.087204
0.045722
0.100073
0.100921
0.084013
0.225210
0.245866
0.092951
0.108484
0.068582
0.137926
0.009772
0.037697
0.170370
0.167688
0.154207
0.158316
0.052093
0.266992
0.094996
0.507904
0.123137
0.334983
0.363796
0.097876
0.145405
0.095156
0.074270
0.152845
0.116767
0.105049
0.036403
0.116668
0.044528
0.268703
0.508292
0.084974
0.290072
0.028226
0.115446
0.265361
0.501653
0.019751
0.038429
0.027255
0.045210
0.007842
0.036415
0.032497
0.034658
0.155345
0.141288
0.027408
0.034085
0.022433
0.060529
0.043759
0.039735
0.077370
0.092646
0.092123
0.109163
0.021691
0.189561
0.035297
0.551972
0.043377
0.211960
0.395212
0.032373
0.062686
0.120436
0.162723
0.075474
0.048854
0.036445
0.065114
0.039441
0.104248
0.548500
0.159965
0.285694
0.049434
0.028345
0.104477
0.366732
0.072330
0.076192
0.143771
0.077620
0.089413
0.055776
0.056007
0.061651
0.086829
0.020041
0.056296
0.045621
0.087006
0.037411
0.224777
0.165174
0.025129
0.054272
0.059276
0.131186
0.083902
0.093913
0.049138
0.640790
0.036976
0.047573
0.537376
0.054627
0.034461
0.283517
0.396608
0.033354
0.038178
0.053524
0.015311
0.167100
0.526086
0.090094
0.246088
0.007915
0.041309
0.180844
0.383975
0.030932
0.029980
0.070795
0.026453
0.031160
0.021430
0.029346
0.015331
0.076094
0.063875
0.015692
0.015526
0.037506
0.016778
0.122664
0.078924
0.020668
0.034787
0.038911
0.089482
0.024790
0.092139
0.017460
0.597360
0.011826
0.115988
0.453743
0.016814
0.024884
0.199851
0.275176
0.020391
0.014861
0.064535
0.192576
0.485824
0.086557
0.126673
0.048758
0.042488
0.215187
0.239945
0.115090
0.040195
0.158412
0.031094
0.102812
0.059500
0.102946
0.040304
0.021745
0.064621
0.061575
0.070137
0.104287
0.022864
0.204558
0.120587
0.021667
0.018812
0.034515
0.141272
0.070454
0.024224
0.059225
0.528931
0.064798
0.115994
0.478678
0.069333
0.038814
0.320638
0.373619
0.032542
0.041420
0.153318
0.513743
0.077898
0.249568
0.016603
0.064287
0.147054
0.406779
0.024752
0.036896
0.082147
0.040734
0.036745
0.039657
0.032840
0.020252
0.081493
0.062917
0.015923
0.021266
0.043528
0.024769
0.134333
0.086764
0.025921
0.043882
0.032257
0.085284
0.027529
0.113837
0.009563
0.603852
0.019227
0.099936
0.461908
0.018336
0.020067
0.220883
0.295508
0.016366
0.017270
0.578904
0.295912
0.409885
0.192362
0.135478
0.060153
0.428525
0.203260
0.234253
0.300427
0.229548
0.242449
0.200755
0.168931
0.199616
0.208148
0.097930
0.205736
0.170479
0.232129
0.167955
0.397887
0.306010
0.145517
0.187527
0.179188
0.179214
0.237955
0.186126
0.184089
0.755345
0.147261
0.095318
0.591307
0.172588
0.173984
0.403541
0.534010
0.144624
0.178048
0.406325
0.447524
0.503544
0.544408
0.660973
0.558521
0.512964
0.459554
0.479455
0.471331
0.534314
0.530054
0.528291
0.499635
0.452588
0.525415
0.535050
0.466898
0.551296
0.520278
0.525818
0.398878
0.507816
0.495254
0.519172
0.445456
0.489502
0.463362
0.511796
0.473074
0.536568
0.646701
0.435875
0.461872
0.487012
0.496037
0.506396
0.498420
0.519594
0.184706
0.068134
0.149056
0.308965
0.389386
0.100982
0.055992
0.109822
0.046612
0.087482
0.085360
0.115224
0.054453
0.095375
0.166826
0.078770
0.087345
0.108674
0.071206
0.114996
0.063766
0.093772
0.081782
0.070750
0.110317
0.053700
0.137444
0.065067
0.492500
0.096523
0.247609
0.403387
0.073693
0.083960
0.236334
0.256677
0.078972
0.070420
0.233334
0.221209
0.414289
0.179697
0.306475
0.175359
0.342245
0.163088
0.285183
0.230426
0.293421
0.197788
0.137873
0.271880
0.227115
0.264374
0.296907
0.196404
0.328551
0.223043
0.205741
0.182965
0.194653
0.296019
0.225406
0.120089
0.233095
0.345384
0.261649
0.300182
0.475742
0.250612
0.219456
0.495328
0.480494
0.208183
0.229696
0.049447
0.209035
0.392627
0.034816
0.017970
0.061467
0.015740
0.025117
0.018920
0.031338
0.010494
0.071399
0.071833
0.018804
0.011602
0.036504
0.014740
0.108533
0.059869
0.019659
0.028503
0.036751
0.078133
0.017687
0.096348
0.017742
0.589430
0.012902
0.135425
0.435639
0.011581
0.017798
0.195689
0.259686
0.021385
0.013234
0.169296
0.304555
0.110941
0.066898
0.167005
0.058525
0.107009
0.045170
0.075804
0.062295
0.065066
0.040855
0.070080
0.054502
0.113175
0.030721
0.236028
0.154694
0.021257
0.043141
0.066587
0.126861
0.094289
0.056293
0.072502
0.600268
0.040156
0.077035
0.513273
0.062760
0.046183
0.311849
0.417350
0.044812
0.050570
0.492051
0.182378
0.247495
0.306499
0.248244
0.233536
0.208519
0.157038
0.208849
0.247211
0.102801
0.189338
0.195180
0.215510
0.180127
0.377644
0.330517
0.167909
0.221639
0.184249
0.238105
0.235951
0.240692
0.162195
0.703459
0.162545
0.058225
0.634751
0.194129
0.186135
0.414445
0.533738
0.159425
0.180948
0.493501
0.352527
0.555023
0.344816
0.494358
0.405858
0.463779
0.369143
0.241217
0.350665
0.396628
0.422922
0.480869
0.335779
0.598357
0.470483
0.317709
0.290065
0.337315
0.468548
0.430304
0.168018
0.408763
0.578557
0.411270
0.368001
0.667611
0.414764
0.362248
0.713462
0.731607
0.341661
0.380641
0.052932
0.041032
0.062202
0.016357
0.048213
0.021524
0.034477
0.146231
0.105853
0.021681
0.032377
0.019255
0.057362
0.076880
0.072177
0.068702
0.089257
0.075411
0.114529
0.027216
0.182220
0.020689
0.577494
0.039897
0.158292
0.434198
0.031070
0.052774
0.139676
0.201162
0.058508
0.039038
0.061028
0.012916
0.034663
0.030243
0.056954
0.014979
0.059624
0.089963
0.029506
0.026235
0.049616
0.024163
0.101939
0.042204
0.034689
0.030377
0.037819
0.103099
0.020763
0.089476
0.031005
0.532958
0.039152
0.165731
0.428404
0.023187
0.027258
0.193540
0.237802
0.032297
0.025560
0.076431
0.025013
0.072272
0.065299
0.062065
0.179587
0.166900
0.074158
0.049533
0.036737
0.098243
0.042818
0.047676
0.122366
0.117050
0.111574
0.140296
0.038816
0.233619
0.070679
0.587369
0.080758
0.277011
0.426561
0.049592
0.092233
0.065748
0.112121
0.106078
0.073380
0.041288
0.020532
0.057850
0.012593
0.054704
0.090440
0.033752
0.033226
0.059463
0.018450
0.102172
0.044999
0.030458
0.028646
0.035421
0.088882
0.020383
0.071053
0.032058
0.508979
0.034035
0.160274
0.410180
0.030206
0.031719
0.213507
0.253281
0.033590
0.023129
0.033485
0.028621
0.027149
0.136671
0.118622
0.023850
0.030075
0.011563
0.050026
0.050539
0.048811
0.068368
0.075947
0.068789
0.109816
0.015765
0.177200
0.027621
0.577447
0.039329
0.185899
0.431088
0.029390
0.051241
0.125730
0.175346
0.060603
0.035933
0.031753
0.026288
0.094231
0.071388
0.032773
0.026621
0.049844
0.021392
0.104271
0.066151
0.035763
0.049413
0.055606
0.096220
0.031457
0.105868
0.033410
0.551365
0.022616
0.138007
0.444967
0.030041
0.039472
0.191478
0.261587
0.043536
0.025104
0.040600
0.141700
0.084752
0.032655
0.031292
0.034764
0.049646
0.106497
0.083191
0.057670
0.083556
0.085119
0.091426
0.046244
0.155379
0.030935
0.577661
0.025434
0.126119
0.432402
0.031472
0.056366
0.160106
0.238069
0.061313
0.044965
0.060180
0.081413
0.017459
0.023723
0.035131
0.016006
0.097657
0.057406
0.026358
0.026645
0.026128
0.094266
0.013023
0.090250
0.016688
0.545084
0.025635
0.141046
0.441261
0.020968
0.021418
0.197958
0.248101
0.022093
0.012952
0.078176
0.096583
0.081136
0.143903
0.045487
0.249165
0.144158
0.041865
0.018753
0.031621
0.148324
0.092225
0.030091
0.085405
0.581007
0.091476
0.143045
0.527676
0.081776
0.045748
0.348184
0.415664
0.037220
0.057965
0.091218
0.062514
0.118582
0.047938
0.256283
0.180626
0.039249
0.056320
0.056394
0.140190
0.103568
0.085381
0.073405
0.651614
0.060096
0.054539
0.559810
0.072551
0.048111
0.309552
0.424176
0.043190
0.053509
0.033751
0.025867
0.026154
0.102997
0.077186
0.034660
0.052334
0.047037
0.117856
0.021866
0.119880
0.010553
0.551199
0.030081
0.127150
0.448736
0.030411
0.032028
0.207019
0.264001
0.032347
0.022394
0.042361
0.026468
0.118665
0.062669
0.029358
0.039097
0.045042
0.076132
0.027011
0.114461
0.027089
0.610751
0.016333
0.139899
0.447180
0.005446
0.021016
0.170936
0.257112
0.026540
0.020349
0.053609
0.072139
0.078902
0.071358
0.079691
0.075366
0.149419
0.031907
0.181189
0.032717
0.578385
0.052308
0.180068
0.455579
0.042265
0.058031
0.136314
0.189954
0.066654
0.040751
0.150210
0.093950
0.008857
0.015459
0.020818
0.109831
0.034595
0.063568
0.021792
0.570969
0.023213
0.105122
0.484457
0.027804
0.016502
0.249246
0.325007
0.014682
0.010021
0.055645
0.185862
0.186522
0.171497
0.180725
0.061242
0.293232
0.106882
0.491904
0.134255
0.342759
0.395624
0.111978
0.160016
0.090842
0.078350
0.172613
0.127107
0.112528
0.111412
0.110169
0.086044
0.041453
0.173772
0.076142
0.492015
0.082593
0.276707
0.311867
0.053170
0.094841
0.125971
0.131963
0.099562
0.085379
0.017404
0.030999
0.103896
0.051692
0.053930
0.032425
0.589875
0.024491
0.083523
0.476019
0.032514
0.014157
0.278893
0.359960
0.013643
0.019458
0.016725
0.122609
0.050551
0.046384
0.047224
0.605667
0.047411
0.127240
0.517038
0.042986
0.017265
0.278652
0.353379
0.017361
0.021688
0.120126
0.039978
0.072817
0.033664
0.606158
0.049952
0.116810
0.532064
0.045313
0.022403
0.274821
0.345012
0.014332
0.019007
0.096546
0.160339
0.106272
0.640771
0.067595
0.191704
0.369710
0.072196
0.107913
0.241064
0.295554
0.095769
0.109525
0.131112
0.019196
0.545559
0.036226
0.178065
0.435411
0.024615
0.036008
0.161621
0.203533
0.037526
0.021373
0.115659
0.545419
0.105843
0.134071
0.491461
0.113963
0.082795
0.394621
0.454877
0.066148
0.089973
0.560405
0.026294
0.117298
0.446904
0.023318
0.026320
0.203805
0.266105
0.023155
0.016193
0.613127
0.654388
0.455871
0.604289
0.593803
0.622696
0.557805
0.612953
0.584005
0.105170
0.451758
0.018066
0.032744
0.200888
0.289024
0.029162
0.024940
0.614797
0.146738
0.106505
0.429522
0.542180
0.097896
0.117468
0.427632
0.486688
0.427920
0.362400
0.491191
0.491963
0.025492
0.167950
0.241548
0.026010
0.022222
0.249302
0.328874
0.011651
0.011715
0.061619
0.259347
0.219808
0.337811
0.293569
0.012800
