0.631694
0.891897
0.747495
0.919706
0.849961
0.794334
0.839931
0.801053
0.903622
0.975037
0.902338
0.701497
0.973710
0.638495
0.795426
0.803126
0.807435
0.843241
0.872164
0.962172
0.977327
0.868618
0.849920
0.883315
0.912020
0.919243
0.820534
0.877123
0.628695
0.756832
0.740931
0.907863
0.860816
0.853350
0.993373
0.707627
0.912660
0.884720
0.849298
0.880794
0.835224
0.904065
0.807232
0.960496
0.990188
0.765580
0.883671
0.907501
0.942451
0.835937
0.617035
0.723263
0.714020
0.604822
0.664086
0.698385
0.650161
0.846323
0.791229
0.792518
0.875800
0.622283
0.778836
0.529474
0.664264
0.761175
0.644373
0.820536
0.650046
0.704857
0.646656
0.836939
0.670341
0.729995
0.630245
0.795256
0.655159
0.623255
0.689680
0.795323
0.650713
0.719652
0.805286
0.621438
0.756206
0.753698
0.734145
0.722340
0.615932
0.613945
0.795829
0.764920
0.738395
0.765379
0.654298
0.736291
0.690101
0.759955
0.744447
0.710239
0.649087
0.601243
0.725908
0.775817
0.702636
0.717545
0.890138
0.733370
0.749968
0.907034
0.714471
0.849204
0.842173
0.661807
0.835784
0.824915
0.716963
0.914904
0.818747
0.584970
0.773100
0.735829
0.883776
0.785429
0.655625
0.474714
0.605294
0.733742
0.738069
0.766605
0.655247
0.514662
0.753731
0.740155
0.811382
0.608443
0.819550
0.794774
0.757150
0.834159
0.798435
0.752399
0.778477
0.691345
0.674119
0.636087
0.687377
0.610004
0.558981
0.541341
0.751533
0.688299
0.687382
0.814301
0.569989
0.729448
0.596245
0.604069
0.736402
0.647518
0.793468
0.611493
0.696423
0.620212
0.651701
0.627895
0.589897
0.540878
0.737466
0.524175
0.453522
0.651013
0.702422
0.645159
0.708797
0.760746
0.523561
0.626347
0.563975
0.618905
0.608164
0.592398
0.601599
0.684841
0.693664
0.698239
0.653193
0.555619
0.567850
0.634912
0.536337
0.542193
0.595629
0.529879
0.619485
0.585431
0.710640
0.844442
0.796101
0.709880
0.656743
0.639157
0.710027
0.712929
0.548146
0.587222
0.587795
0.616487
0.570061
0.570844
0.524494
0.538106
0.524533
0.453600
0.704287
0.569553
0.659620
0.550697
0.548755
0.542370
0.547877
0.637627
0.500798
0.488910
0.692586
0.465944
0.474271
0.574483
0.702543
0.520158
0.568884
0.663751
0.488210
0.544015
0.540327
0.564819
0.607541
0.549462
0.660529
0.700187
0.735637
0.735346
0.788207
0.682410
0.708466
0.643975
0.793543
0.801080
0.589542
0.656531
0.710742
0.643724
0.609558
0.567476
0.599406
0.625567
0.626881
0.603787
0.654650
0.604543
0.639821
0.575545
0.497712
0.556741
0.626526
0.623793
0.581919
0.578975
0.531029
0.574944
0.518653
0.607600
0.685446
0.638063
0.651466
0.611131
0.490359
0.434221
0.447467
0.484237
0.576889
0.601032
0.616671
0.707883
0.812900
0.865737
0.503124
0.684102
0.630103
0.703793
0.754713
0.541735
0.652877
0.613118
0.478358
0.521508
0.616875
0.599511
0.615360
0.550143
0.721332
0.625059
0.512919
0.633669
0.601221
0.533008
0.582781
0.702034
0.549387
0.495054
0.547139
0.681229
0.651945
0.515816
0.534396
0.670750
0.540749
0.705075
0.666565
0.512164
0.565096
0.596939
0.524401
0.554108
0.648777
0.696122
0.798302
0.795993
0.572265
0.658685
0.598429
0.645126
0.730553
0.557586
0.679272
0.551331
0.502925
0.567889
0.636221
0.536211
0.514729
0.543980
0.653352
0.626818
0.565369
0.583314
0.656629
0.632813
0.682940
0.637228
0.521470
0.516522
0.553196
0.643788
0.577148
0.577684
0.601878
0.725345
0.595774
0.668928
0.672527
0.511028
0.638209
0.514459
0.604961
0.592093
0.688979
0.748023
0.741320
0.643814
0.580791
0.595382
0.644506
0.659759
0.610384
0.695701
0.607884
0.566267
0.519822
0.565148
0.513303
0.587577
0.580269
0.635068
0.527558
0.553955
0.666764
0.523763
0.580037
0.564935
0.620203
0.469386
0.394942
0.233214
0.566262
0.545035
0.503669
0.565971
0.534465
0.641014
0.624207
0.706652
0.516639
0.541450
0.596234
0.572533
0.623785
0.766491
0.815251
0.614427
0.677484
0.505523
0.648464
0.782609
0.472954
0.541504
0.460581
0.582153
0.562515
0.572568
0.504375
0.535463
0.421825
0.620726
0.631296
0.558550
0.644491
0.751822
0.671499
0.638863
0.676504
0.524183
0.549633
0.545000
0.576539
0.541149
0.577063
0.519229
0.852451
0.454196
0.670502
0.659880
0.379737
0.490785
0.584185
0.709793
0.792468
0.873228
0.676081
0.688011
0.729852
0.753453
0.836557
0.535094
0.563266
0.625304
0.604618
0.748220
0.674861
0.646587
0.485427
0.711474
0.700696
0.696153
0.563320
0.673533
0.692284
0.718895
0.614284
0.638480
0.673706
0.554396
0.622223
0.625505
0.649524
0.587900
0.583449
0.885407
0.524244
0.680867
0.645908
0.493946
0.616464
0.632921
0.816714
0.747345
0.762177
0.784518
0.682705
0.751754
0.722362
0.644276
0.810322
0.766443
0.765710
0.818872
0.761467
0.601701
0.699336
0.615639
0.799182
0.794095
0.666879
0.684161
0.750620
0.724631
0.720914
0.713117
0.610816
0.611275
0.651607
0.774991
0.707559
0.668292
0.707565
0.923660
0.718309
0.761524
0.690210
0.587318
0.682426
0.699298
0.879266
0.607574
0.785158
0.782135
0.799376
0.902861
0.828622
0.856507
0.806414
0.730241
0.766791
0.792496
0.838584
0.795407
0.724825
0.858387
0.415912
0.753361
0.605807
0.830017
0.793665
0.815214
0.847547
0.628544
0.784063
0.794266
0.789828
0.824636
0.745958
0.804870
0.729142
0.833647
0.814542
0.696628
0.771411
0.844831
0.809117
0.866787
0.927858
0.754585
0.814599
0.713613
0.815232
0.913449
0.796304
0.815258
0.888685
0.863718
0.712527
0.786440
0.743835
0.714352
0.806143
0.836325
0.803623
0.807398
0.842018
0.832675
0.826472
0.712038
0.794275
0.746904
0.812783
0.840400
0.679130
0.780277
0.871176
0.832454
0.797285
0.895426
0.801713
0.814275
0.802795
0.740387
0.620390
0.605324
0.828164
0.559894
0.742039
0.638784
0.539115
0.679438
0.668947
0.657170
0.618839
0.478904
0.670825
0.406542
0.449815
0.518859
0.707418
0.557470
0.619571
0.743729
0.454343
0.608174
0.638701
0.642712
0.623440
0.560025
0.600929
0.630495
0.662495
0.732647
0.515063
0.552972
0.627335
0.655194
0.748642
0.772934
0.824899
0.682481
0.503194
0.670914
0.685963
0.523600
0.396558
0.766477
0.631005
0.660255
0.700599
0.706012
0.728975
0.765718
0.725528
0.723261
0.725698
0.720988
0.728100
0.660699
0.525607
0.781100
0.631149
0.658138
0.614841
0.700999
0.546252
0.660767
0.735882
0.653275
0.665846
0.703173
0.670318
0.677126
0.545879
0.732256
0.621445
0.588650
0.713195
0.748053
0.596851
0.634927
0.506756
0.705149
0.608886
0.584936
0.670775
0.700392
0.621077
0.695276
0.697131
0.514759
0.589690
0.525099
0.642777
0.615243
0.573173
0.557675
0.791589
0.668381
0.711603
0.673541
0.546031
0.627002
0.637627
0.617932
0.654544
0.815354
0.593143
0.667676
0.628290
0.763933
0.652794
0.647472
0.640208
0.687934
0.643580
0.572765
0.710222
0.729666
0.728787
0.709733
0.764016
0.585807
0.617249
0.615715
0.702468
0.754731
0.527494
0.681204
0.784967
0.725855
0.751574
0.823923
0.652625
0.763594
0.716467
0.763137
0.831971
0.777717
0.815711
0.739377
0.818071
0.671780
0.808632
0.691999
0.642217
0.784574
0.785292
0.846227
0.821476
0.834487
0.725905
0.704830
0.672944
0.777523
0.719823
0.863513
0.764854
0.585863
0.766387
0.816361
0.788917
0.851053
0.877141
0.719708
0.738042
0.709897
0.675187
0.618208
0.593226
0.659102
0.565729
0.449184
0.592850
0.475531
0.555557
0.631148
0.467795
0.589414
0.591497
0.633853
0.502126
0.686573
0.527846
0.511713
0.581364
0.625227
0.517219
0.503079
0.536103
0.795287
0.636137
0.668235
0.531380
0.401199
0.474196
0.561997
0.630567
0.665405
0.618615
0.465114
0.665278
0.582147
0.661697
0.625461
0.751784
0.641456
0.798815
0.749712
0.727189
0.715458
0.654116
0.735797
0.662407
0.629241
0.741426
0.600262
0.657253
0.682622
0.869728
0.207705
0.686217
0.652283
0.521446
0.501186
0.651610
0.657425
0.566562
0.647562
0.708894
0.421762
0.556798
0.624219
0.689279
0.624498
0.712052
0.678280
0.694260
0.615043
0.649370
0.612159
0.561812
0.550038
0.697522
0.584240
0.600160
0.509880
0.813993
0.515476
0.506489
0.745487
0.558771
0.655865
0.606358
0.606861
0.698864
0.606829
0.648080
0.587118
0.743479
0.456898
0.574518
0.558271
0.596562
0.612704
0.631700
0.576571
0.588705
0.578003
0.541108
0.691599
0.651614
0.518956
0.543472
0.696185
0.641023
0.725303
0.630742
0.499360
0.579213
0.654298
0.522696
0.692316
0.643817
0.588702
0.632063
0.623038
0.617897
0.722430
0.728235
0.594945
0.604852
0.712250
0.596131
0.648878
0.509693
0.691157
0.637338
0.533649
0.546681
0.626397
0.583369
0.685327
0.701786
0.563643
0.538353
0.576660
0.661681
0.574980
0.541877
0.612773
0.665594
0.574912
0.767775
0.690344
0.660445
0.605138
0.623979
0.645156
0.590869
0.515684
0.657539
0.479505
0.671537
0.654261
0.745517
0.515943
0.674718
0.622415
0.483109
0.465541
0.578865
0.705042
0.463013
0.599090
0.721993
0.538416
0.595367
0.533044
0.608862
0.647781
0.664316
0.524478
0.506921
0.547185
0.698662
0.523196
0.476898
0.631783
0.749238
0.687251
0.730757
0.690025
0.477295
0.458538
0.605395
0.560406
0.649459
0.654228
0.552519
0.720945
0.640936
0.692867
0.674936
0.578694
0.568286
0.484475
0.480783
0.566630
0.411053
0.619606
0.471075
0.786123
0.425405
0.474820
0.613320
0.469969
0.608832
0.499708
0.626319
0.582210
0.504947
0.608744
0.607860
0.568560
0.590370
0.620074
0.464591
0.552088
0.484844
0.691519
0.461972
0.558463
0.562210
0.711785
0.587921
0.706398
0.615926
0.458040
0.482514
0.520667
0.689689
0.674680
0.773663
0.732806
0.751970
0.583550
0.673192
0.632366
0.735380
0.674550
0.663589
0.537719
0.566550
0.663676
0.817549
0.621830
0.621758
0.711158
0.550564
0.565662
0.624007
0.515234
0.555300
0.729911
0.637299
0.628610
0.723970
0.439541
0.586508
0.568716
0.585982
0.653064
0.606704
0.630420
0.594148
0.658968
0.746468
0.592318
0.603939
0.672115
0.672588
0.592727
0.610197
0.548809
0.556067
0.652492
0.481922
0.481190
0.508053
0.551448
0.539017
0.509147
0.530439
0.662801
0.580637
0.641810
0.544011
0.384375
0.434859
0.521090
0.648430
0.679745
0.661948
0.748425
0.521128
0.581766
0.706974
0.753317
0.756384
0.554943
0.695122
0.593759
0.766177
0.792892
0.560363
0.641825
0.730260
0.694239
0.661361
0.665833
0.703100
0.627462
0.554384
0.497074
0.700829
0.600682
0.413064
0.614960
0.677660
0.733723
0.700652
0.673061
0.540284
0.549777
0.608142
0.639044
0.722019
0.594442
0.522457
0.538725
0.714368
0.629542
0.561348
0.625448
0.728087
0.683313
0.744276
0.644306
0.542366
0.593914
0.613385
0.688366
0.601683
0.529904
0.617818
0.721472
0.580580
0.511458
0.575302
0.752014
0.715784
0.648345
0.593525
0.525135
0.512548
0.628957
0.680244
0.675575
0.613336
0.765832
0.571585
0.639490
0.670764
0.727708
0.643878
0.665493
0.690495
0.559954
0.601494
0.538332
0.522086
0.482806
0.571735
0.542637
0.503539
0.582733
0.609270
0.609668
0.694534
0.557015
0.470090
0.593195
0.573200
0.264226
0.623269
0.597200
0.501386
0.580168
0.667674
0.535896
0.567821
0.667284
0.496748
0.568592
0.546353
0.575927
0.543552
0.532786
0.505207
0.546429
0.523694
0.593566
0.643458
0.484698
0.533452
0.522714
0.683476
0.596464
0.635114
0.820065
0.630089
0.702836
0.710430
0.504926
0.640523
0.570338
0.626148
0.628941
0.807244
0.611995
0.615034
0.635604
0.372659
0.354736
0.555169
0.572588
0.677785
0.621324
0.661680
0.643024
0.469541
0.514978
0.533829
0.757846
0.553363
0.421857
0.676579
0.497662
0.601635
0.566855
0.829183
0.806164
0.739359
0.783562
0.765196
0.740993
0.580540
0.691411
0.477181
0.557128
0.606056
0.742288
0.584650
0.642750
0.575508
0.508510
0.564680
0.613758
0.282877
0.451539
0.506621
