0.629880
0.526835
0.465179
0.573946
0.438569
0.720111
0.586792
0.706194
0.472071
0.663081
0.721398
0.711314
0.754811
0.362953
0.482635
0.612474
0.335501
0.495226
0.627306
0.565888
0.632015
0.648304
0.476147
0.680326
0.607110
0.502032
0.634973
0.606271
0.665256
0.648945
0.537185
0.645009
0.465834
0.576101
0.645790
0.603352
0.896250
0.536095
0.607808
0.536842
0.473464
0.598296
0.615275
0.693668
0.512413
0.592855
0.625318
0.547983
0.615100
0.712125
0.704165
0.858670
0.742911
0.891335
0.628759
0.849724
0.709008
0.617018
0.422903
0.753391
0.794807
0.719919
0.814769
0.588796
0.681746
0.789037
0.628391
0.815584
0.862101
0.528511
0.778752
0.802094
0.714875
0.718773
0.702075
0.849237
0.787981
0.811157
0.742998
0.839215
0.726057
0.761989
0.714126
0.822140
0.875075
0.643244
0.819133
0.775205
0.581223
0.799099
0.861458
0.796152
0.597345
0.647782
0.718203
0.773760
0.767857
0.672179
0.498082
0.432828
0.661983
0.506015
0.620346
0.604621
0.717346
0.813924
0.641176
0.756339
0.467545
0.607399
0.624488
0.557972
0.537553
0.745749
0.535607
0.738528
0.630104
0.342672
0.665629
0.526250
0.672881
0.653706
0.500983
0.682518
0.797779
0.568945
0.606825
0.524603
0.573952
0.532555
0.628563
0.891952
0.553793
0.544132
0.571872
0.501590
0.654542
0.607118
0.524552
0.656395
0.625328
0.771214
0.563540
0.495267
0.635478
0.474439
0.712940
0.564390
0.730309
0.484213
0.629392
0.727657
0.735807
0.689597
0.578471
0.543616
0.763719
0.440211
0.593710
0.640237
0.759946
0.509756
0.701876
0.612215
0.801580
0.635299
0.597430
0.689637
0.700223
0.597530
0.595019
0.562370
0.638024
0.539798
0.632014
0.711803
0.785948
0.768859
0.570055
0.645784
0.671172
0.522800
0.595784
0.728802
0.728676
0.574771
0.686549
0.728855
0.656833
0.631762
0.472965
0.694899
0.597553
0.617991
0.521872
0.613240
0.742256
0.743172
0.512234
0.554408
0.657040
0.736353
0.493129
0.582131
0.753053
0.658693
0.593223
0.710353
0.393460
0.657479
0.545908
0.659893
0.577025
0.673930
0.507438
0.609869
0.456249
0.434000
0.517783
0.528802
0.515609
0.646736
0.674081
0.576816
0.267497
0.460049
0.540121
0.592601
0.670653
0.624878
0.516945
0.590651
0.817253
0.618034
0.477105
0.636988
0.502516
0.615828
0.480506
0.580662
0.766549
0.658708
0.586761
0.494921
0.520589
0.663742
0.370310
0.436875
0.610068
0.508834
0.551756
0.599547
0.435044
0.672556
0.508241
0.617730
0.569238
0.549486
0.591935
0.627883
0.467031
0.541734
0.506402
0.466676
0.566008
0.683959
0.791821
0.540550
0.541123
0.475268
0.444631
0.598608
0.570202
0.638074
0.468219
0.564693
0.723462
0.593150
0.561827
0.724283
0.713374
0.762621
0.765422
0.787920
0.892228
0.688941
0.660932
0.667247
0.725963
0.638695
0.717882
0.916933
0.783686
0.621667
0.696595
0.644763
0.882372
0.699385
0.782436
0.798403
0.829104
0.749376
0.721567
0.664335
0.704970
0.723888
0.487361
0.775344
0.947321
0.698047
0.741341
0.724991
0.689788
0.707536
0.716603
0.724509
0.768680
0.718517
0.786144
0.890477
0.760391
0.700931
0.677654
0.579513
0.489575
0.623731
0.577417
0.619884
0.596357
0.546360
0.641743
0.515236
0.593951
0.624893
0.644523
0.613654
0.627186
0.478078
0.645884
0.584326
0.640619
0.464771
0.734636
0.606004
0.694075
0.501915
0.569992
0.575320
0.551897
0.536234
0.741590
0.766570
0.580055
0.611040
0.644114
0.404466
0.661698
0.681556
0.670969
0.396150
0.611930
0.786114
0.687482
0.510311
0.712604
0.703102
0.717863
0.786059
0.702195
0.635194
0.552423
0.787661
0.644704
0.627623
0.766035
0.730620
0.674221
0.747042
0.618365
0.739743
0.700997
0.813259
0.731873
0.872098
0.714285
0.829343
0.696896
0.660346
0.662733
0.628204
0.667967
0.800318
0.824810
0.692969
0.520267
0.660605
0.627901
0.774446
0.681719
0.653052
0.653570
0.671750
0.884559
0.736954
0.603303
0.501797
0.755283
0.682948
0.657101
0.514268
0.554704
0.749445
0.369675
0.573683
0.491077
0.537989
0.665786
0.613532
0.581554
0.633933
0.506893
0.537306
0.415808
0.650298
0.503071
0.699039
0.392814
0.619897
0.455639
0.574416
0.577475
0.547189
0.800176
0.279454
0.621618
0.569736
0.497868
0.605503
0.557652
0.573403
0.479931
0.501387
0.608429
0.501661
0.578265
0.632328
0.713192
0.583081
0.691922
0.615273
0.733391
0.492888
0.688311
0.581949
0.730189
0.625225
0.465322
0.682231
0.782787
0.576742
0.706641
0.527107
0.796563
0.553608
0.650389
0.474782
0.555829
0.667377
0.594756
0.607776
0.750925
0.753125
0.603345
0.620708
0.684667
0.477159
0.663428
0.701694
0.746331
0.507512
0.622910
0.759495
0.732394
0.620036
0.818410
0.706054
0.800238
0.745543
0.679520
0.594984
0.840666
0.816723
0.858488
0.657432
0.656566
0.795438
0.777324
0.737926
0.828746
0.740739
0.938541
0.712779
0.725270
0.726389
0.714234
0.769631
0.677580
0.706773
0.930371
0.766115
0.685863
0.680098
0.717103
0.677406
0.768832
0.908903
0.841737
0.530909
0.727457
0.809185
0.831498
0.743758
0.789192
0.710919
0.646559
0.774408
0.707485
0.630294
0.714983
0.772303
0.773385
0.688261
0.618068
0.751015
0.669026
0.847683
0.661421
0.771698
0.752743
0.899900
0.616146
0.798796
0.768019
0.712205
0.703463
0.799825
0.947045
0.745168
0.758833
0.656119
0.611818
0.792198
0.790107
0.808981
0.582988
0.716487
0.889346
0.769925
0.677619
0.734793
0.701584
0.798194
0.599554
0.701144
0.700783
0.799685
0.547771
0.702391
0.641695
0.710856
0.659001
0.802978
0.575073
0.832211
0.476370
0.523007
0.482623
0.535516
0.698090
0.408558
0.605498
0.810816
0.486125
0.679145
0.552876
0.631835
0.593324
0.570839
0.747836
0.757567
0.504864
0.630637
0.863014
0.741991
0.655387
0.504822
0.617570
0.486092
0.433122
0.690695
0.522580
0.715217
0.645022
0.443913
0.685018
0.593507
0.599505
0.649883
0.614346
0.627090
0.686528
0.505814
0.528711
0.334753
0.605049
0.587485
0.635499
0.866955
0.552087
0.572866
0.463925
0.542277
0.630957
0.398258
0.650446
0.580982
0.636933
0.777441
0.559006
0.553275
0.743787
0.457883
0.539304
0.655164
0.635466
0.563440
0.615935
0.592506
0.700718
0.661336
0.618275
0.662950
0.803185
0.611668
0.689619
0.538887
0.574760
0.548802
0.545519
0.619166
0.749500
0.845102
0.546369
0.664149
0.592831
0.511266
0.658041
0.625401
0.706132
0.541851
0.664963
0.781462
0.680968
0.590735
0.698724
0.635502
0.881408
0.780494
0.788481
0.725646
0.708055
0.900771
0.696982
0.753390
0.783129
0.733150
0.811924
0.826870
0.717757
0.800993
0.710811
0.690772
0.713175
0.928448
0.903210
0.628760
0.815404
0.690224
0.646542
0.836127
0.877800
0.763661
0.719965
0.770411
0.719494
0.745917
0.802404
0.488437
0.566579
0.579560
0.500317
0.570558
0.491729
0.687938
0.518984
0.456888
0.537765
0.655965
0.577079
0.612806
0.406237
0.564371
0.463745
0.463260
0.613674
0.669526
0.769946
0.458481
0.545401
0.449945
0.452641
0.513768
0.581936
0.650631
0.379041
0.512632
0.623730
0.549911
0.572752
0.793069
0.544125
0.668314
0.628129
0.506048
0.730896
0.630996
0.668438
0.738060
0.701251
0.735042
0.802949
0.606852
0.647192
0.606899
0.536452
0.664045
0.797351
0.855493
0.618881
0.637034
0.544979
0.572625
0.709293
0.641911
0.716551
0.621940
0.708661
0.793900
0.711337
0.608484
0.746740
0.756034
0.747662
0.730431
0.669159
0.623217
0.612438
0.501162
0.767049
0.588685
0.778667
0.468131
0.637802
0.624692
0.689466
0.593880
0.582812
0.887900
0.524279
0.737739
0.744994
0.471106
0.718738
0.655486
0.661265
0.542486
0.451872
0.739793
0.651183
0.665563
0.816121
0.707375
0.505551
0.669466
0.463434
0.688518
0.618846
0.591376
0.714856
0.864477
0.543064
0.679145
0.506201
0.593711
0.661168
0.555782
0.947508
0.584862
0.656405
0.657711
0.597118
0.735326
0.541497
0.664792
0.660913
0.617650
0.762297
0.510201
0.617081
0.755310
0.614940
0.788609
0.706578
0.786154
0.743373
0.839436
0.621465
0.612194
0.620300
0.588371
0.702705
0.530370
0.718111
0.841581
0.698384
0.730752
0.594709
0.735344
0.634744
0.620728
0.807774
0.804430
0.551160
0.768567
0.826592
0.732142
0.668661
0.653502
0.789929
0.693388
0.736369
0.686439
0.774046
0.662497
0.793056
0.581464
0.714708
0.755254
0.555609
0.669393
0.750267
0.873799
0.582281
0.715014
0.684360
0.589926
0.756815
0.675142
0.785045
0.652856
0.646054
0.890458
0.700414
0.641568
0.703279
0.500135
0.598828
0.582263
0.531680
0.585489
0.684517
0.481845
0.518237
0.496693
0.497821
0.423302
0.653077
0.746678
0.592399
0.396354
0.554750
0.472731
0.589321
0.656813
0.579143
0.537130
0.602590
0.740276
0.623731
0.395413
0.737600
0.780351
0.637975
0.849672
0.689311
0.823138
0.652848
0.645718
0.605671
0.716023
0.685223
0.631135
0.911372
0.684744
0.672989
0.751493
0.508528
0.729663
0.689856
0.683180
0.605236
0.490369
0.799102
0.695689
0.632417
0.613745
0.520023
0.551001
0.473880
0.692687
0.406701
0.519351
0.577562
0.586079
0.566271
0.598367
0.738035
0.509857
0.588229
0.613072
0.542661
0.694384
0.637710
0.594241
0.585525
0.511010
0.756249
0.491874
0.573680
0.625785
0.759071
0.693563
0.756184
0.559384
0.743984
0.531829
0.653819
0.676191
0.729210
0.838745
0.563646
0.694918
0.650953
0.610276
0.608613
0.649131
0.682419
0.612987
0.690359
0.682165
0.649437
0.660314
0.751071
0.419816
0.667633
0.394551
0.566741
0.559269
0.633192
0.486970
0.666703
0.720361
0.560132
0.609434
0.639459
0.574054
0.673549
0.665780
0.633482
0.334201
0.488422
0.768565
0.603087
0.562799
0.717368
0.758130
0.670894
0.799687
0.702681
0.741779
0.685439
0.626485
0.940945
0.664826
0.773205
0.670297
0.628060
0.698676
0.728966
0.793628
0.788249
0.588832
0.773927
0.516990
0.674691
0.413703
0.336198
0.427396
0.614151
0.640412
0.490739
0.719985
0.574105
0.571612
0.540269
0.643424
0.543226
0.626665
0.664255
0.673498
0.487851
0.524563
0.858047
0.598071
0.577405
0.589242
0.565781
0.713038
0.716384
0.670572
0.855615
0.457083
0.751338
0.644957
0.696340
0.683798
0.630327
0.762749
0.875459
0.605615
0.769147
0.830379
0.719468
0.721004
0.455173
0.452284
0.420057
0.445840
0.618345
0.641854
0.457056
0.490808
0.550865
0.413597
0.604038
0.519454
0.620766
0.414403
0.481036
0.742301
0.518924
0.468250
0.490303
0.594424
0.466065
0.719805
0.637040
0.668107
0.389565
0.641782
0.554530
0.629002
0.473517
0.725360
0.471024
0.633227
0.889836
0.689045
0.529735
0.594622
0.550166
0.661120
0.779066
0.533611
0.549251
0.583495
0.492662
0.639770
0.403976
0.617959
0.529202
0.566223
0.673270
0.608174
0.533927
0.590243
0.778302
0.687631
0.524536
0.532803
0.527699
0.487894
0.585281
0.654916
0.694347
0.496979
0.595345
0.803027
0.630115
0.577326
0.701725
0.791708
0.629168
0.519617
0.615973
0.394628
0.616023
0.686846
0.647454
0.467812
0.495435
0.654587
0.638676
0.547834
1.018361
0.605326
0.727964
0.730879
0.620218
0.728497
0.595692
0.640394
0.731298
0.564673
0.768709
0.517870
0.669892
0.812117
0.638517
0.825319
0.819297
0.760375
0.928929
0.873424
0.687382
0.879359
0.894736
0.856277
0.753105
0.698049
0.594421
0.506138
0.675659
0.646724
0.550108
0.590912
0.531626
0.690528
0.521891
0.632434
0.591614
0.585190
0.601989
0.658042
0.688701
0.469668
0.670025
0.837168
0.700197
0.481840
0.600386
0.655450
0.694140
0.727120
0.502519
0.640578
0.801205
0.645770
0.708865
0.606124
0.651989
0.608939
0.468242
0.307299
0.560523
0.588124
0.542971
0.705982
0.705677
0.496338
0.752950
0.828015
0.735724
0.635533
0.678703
0.656661
0.717929
0.909692
0.663864
0.581052
0.691610
0.665432
0.726558
0.678197
0.561927
0.538520
0.719445
0.670715
0.556577
0.636309
0.513504
0.621869
0.738657
0.779163
0.681697
