0.656899
0.737527
0.691937
0.759957
0.755019
0.758659
0.730900
0.794810
0.967021
0.770658
0.646811
0.780928
0.884583
0.762746
0.629245
0.737017
0.713593
0.716787
0.564675
0.755518
0.671526
0.839845
0.598048
0.732906
0.472990
0.642664
0.752663
0.799316
0.689904
0.494902
0.805246
0.732698
0.680160
0.713086
0.784977
0.776258
0.496268
0.855944
0.723209
0.790679
0.709950
0.701694
0.695273
0.745229
0.713669
0.794627
0.791022
0.755522
0.703714
0.656817
0.784868
0.651301
0.751882
0.822649
0.746226
0.717212
0.884225
0.725231
0.729054
0.620525
0.772286
0.815083
0.521061
0.791410
0.657868
0.686811
0.721781
0.652198
0.537382
0.848394
0.679708
0.600285
0.590813
0.497421
0.664345
0.791223
0.533923
0.539940
0.807154
0.652985
0.707599
0.691062
0.649913
0.798684
0.600173
0.680378
0.694121
0.621471
0.669488
0.727863
0.629720
0.778089
0.723035
0.654918
0.624990
0.763622
0.745351
0.536790
0.622808
0.565019
0.607839
0.544317
0.646061
0.948509
0.678589
0.530276
0.676078
0.741956
0.673597
0.419593
0.506060
0.554787
0.427912
0.631045
0.491587
0.470440
0.704611
0.525364
0.636396
0.669926
0.395799
0.684396
0.676183
0.451379
0.567547
0.590378
0.610260
0.621876
0.565044
0.199654
0.712824
0.401446
0.643361
0.596818
0.337657
0.509252
0.526026
0.616595
0.615714
0.527481
0.627982
0.631441
0.571201
0.611211
0.621746
0.417703
0.527539
0.392662
0.656460
0.950801
0.638586
0.451430
0.721354
0.750733
0.601739
0.501856
0.461602
0.504487
0.460156
0.570644
0.564506
0.448918
0.681826
0.519043
0.622125
0.551692
0.532639
0.626409
0.632747
0.473608
0.579453
0.639989
0.661885
0.530693
0.522840
0.538787
0.664344
0.500141
0.767047
0.540183
0.501274
0.571323
0.570362
0.626231
0.435172
0.439383
0.709334
0.642649
0.561975
0.543660
0.606803
0.490743
0.582056
0.800676
0.917934
0.557407
0.567905
0.579144
0.780001
0.554335
0.483172
0.476858
0.561009
0.515113
0.691103
0.582825
0.474579
0.718767
0.621528
0.635476
0.556193
0.472842
0.623926
0.474578
0.496527
0.591649
0.645844
0.649671
0.653807
0.618293
0.595338
0.755051
0.595559
0.544797
0.708491
0.544003
0.556782
0.686459
0.727631
0.600659
0.515056
0.560154
0.669960
0.559008
0.787410
0.586521
0.494252
0.713262
0.924678
0.637073
0.521550
0.679045
0.557228
0.648074
0.553034
0.500469
0.544588
0.556916
0.660768
0.514958
0.404416
0.713300
0.565215
0.675890
0.552902
0.499627
0.591399
0.577867
0.529957
0.638542
0.688202
0.565218
0.628552
0.503751
0.545150
0.727145
0.561941
0.688451
0.619608
0.546973
0.646268
0.598725
0.647904
0.435626
0.470281
0.626137
0.701628
0.589585
0.643676
0.506074
0.746633
0.963012
0.501750
0.546987
0.695342
0.773883
0.459170
0.559485
0.442367
0.611988
0.486941
0.677165
0.669804
0.498094
0.691662
0.689527
0.718222
0.666368
0.574140
0.662468
0.569924
0.569587
0.698259
0.581341
0.668868
0.709061
0.683178
0.612137
0.810167
0.581612
0.605852
0.738563
0.546897
0.567199
0.677413
0.729316
0.515016
0.607809
0.502543
0.697141
0.487950
0.741549
0.567096
0.951098
0.552989
0.206260
0.639599
0.697202
0.517381
0.474486
0.403653
0.544537
0.501400
0.563347
0.501205
0.376393
0.699297
0.579196
0.582200
0.537192
0.472982
0.509165
0.582632
0.466652
0.655059
0.594266
0.595936
0.602990
0.491786
0.526405
0.626702
0.523119
0.674110
0.520727
0.492723
0.585426
0.587213
0.627441
0.366147
0.449525
0.656105
0.599970
0.535224
0.554234
0.981823
0.684652
0.559614
0.802777
0.850505
0.685809
0.610756
0.720952
0.644515
0.602374
0.714616
0.567046
0.512117
0.695480
0.713701
0.659131
0.757204
0.577372
0.597937
0.795075
0.525152
0.705916
0.753548
0.698767
0.846651
0.613049
0.635656
0.695538
0.590507
0.776115
0.571606
0.610822
0.624022
0.577052
0.671874
0.776406
0.682536
0.803412
0.605018
0.678084
0.526406
1.003303
0.891971
0.963995
0.999374
0.992791
0.998432
0.857763
0.949314
0.916910
0.945298
0.869554
0.884284
0.933053
0.914430
0.879062
0.953437
0.971201
1.039007
0.916624
0.939561
0.757138
1.054926
0.992859
0.995234
0.986006
0.922146
0.962082
0.918693
0.994589
0.986579
0.877598
0.961922
0.983116
0.885587
0.913765
0.863392
1.009950
0.900185
0.870597
0.862286
0.616163
0.616362
0.640761
0.382213
0.501290
0.629327
0.633093
0.604199
0.764864
0.653744
0.529410
0.825672
0.688747
0.714606
0.573348
0.517045
0.539853
0.672651
0.488611
0.695241
0.714333
0.601373
0.790017
0.662636
0.631894
0.762878
0.597219
0.631137
0.643352
0.607875
0.686739
0.593890
0.744838
0.659849
0.682284
0.627286
0.782149
0.664784
0.689359
0.665510
0.710260
0.565445
0.405542
0.381916
0.498057
0.426432
0.499743
0.425983
0.330167
0.615400
0.515611
0.554434
0.508384
0.459283
0.488128
0.604810
0.398524
0.583414
0.564359
0.522112
0.609229
0.414941
0.496542
0.519487
0.447863
0.655705
0.487586
0.507423
0.472923
0.509058
0.611137
0.429628
0.448225
0.592561
0.537620
0.472120
0.492698
0.707153
0.698666
0.481884
0.725113
0.668677
0.655802
0.712456
0.650592
0.477880
0.839556
0.677247
0.639294
0.680339
0.473333
0.522774
0.750129
0.494467
0.717678
0.737795
0.613724
0.710595
0.595699
0.709784
0.812154
0.631622
0.571111
0.695853
0.651219
0.691071
0.720442
0.755487
0.712484
0.661304
0.558677
0.714705
0.757640
0.785194
0.785923
0.642279
0.706642
0.740962
0.793572
0.886460
0.606608
0.652218
0.847216
0.707528
0.838935
0.722786
0.676417
0.700026
0.823595
0.660273
0.800312
0.664669
0.667737
0.821814
0.746076
0.669752
0.790840
0.669196
0.784800
0.749201
0.758774
0.869342
0.777794
0.781030
0.861595
0.776406
0.763185
0.801870
0.770656
0.792903
0.562032
0.549915
0.671164
0.570544
0.699139
0.625641
0.490929
0.832492
0.686041
0.712758
0.599564
0.556441
0.544824
0.693898
0.536677
0.759151
0.674606
0.621612
0.760360
0.665799
0.611443
0.706297
0.726883
0.722685
0.650565
0.604931
0.609271
0.624586
0.726516
0.606296
0.604545
0.692235
0.741639
0.659262
0.779440
0.496673
0.491227
0.273449
0.588328
0.472267
0.365876
0.652313
0.512941
0.550661
0.388097
0.324029
0.388581
0.584547
0.308040
0.533839
0.508359
0.389976
0.612218
0.483038
0.486706
0.632578
0.368163
0.553545
0.541474
0.446540
0.435401
0.534939
0.575566
0.530417
0.480487
0.509390
0.525701
0.477931
0.555616
0.537615
0.508882
0.658148
0.477273
0.444432
0.648067
0.616305
0.568060
0.526132
0.512294
0.662469
0.539050
0.499144
0.635801
0.608825
0.596178
0.662558
0.504537
0.504623
0.665584
0.552624
0.666725
0.676634
0.546672
0.528151
0.634291
0.637837
0.461734
0.478585
0.598502
0.576318
0.450516
0.673725
0.534787
0.576391
0.501809
0.425084
0.531304
0.571714
0.606854
0.469679
0.506575
0.559009
0.601638
0.453810
0.610641
0.662774
0.683434
0.615724
0.476788
0.488720
0.662222
0.553932
0.713922
0.501789
0.578997
0.519899
0.447922
0.597021
0.525580
0.519241
0.648400
0.607479
0.568070
0.518101
0.587900
0.539345
0.416207
0.612778
0.529739
0.610766
0.526193
0.496490
0.581293
0.632888
0.396883
0.585696
0.523964
0.547210
0.588730
0.571197
0.497075
0.674979
0.429541
0.617880
0.540993
0.448020
0.349132
0.539453
0.566334
0.549854
0.493476
0.596146
0.556180
0.476538
0.584478
0.580033
0.488074
0.622758
0.408954
0.587641
0.563246
0.519600
0.642391
0.594603
0.509194
0.485048
0.712322
0.668237
0.400468
0.498115
0.639049
0.508338
0.536199
0.803671
0.536845
0.650800
0.504273
0.630578
0.663668
0.578505
0.626270
0.678235
0.702263
0.702769
0.695192
0.349901
0.595718
0.531459
0.492802
0.582389
0.411372
0.486976
0.638112
0.363502
0.536524
0.553991
0.522650
0.659526
0.412368
0.402198
0.612060
0.524005
0.630736
0.502248
0.505968
0.514160
0.505323
0.533971
0.619144
0.504483
0.647663
0.597488
0.538150
0.527642
0.610743
0.435976
0.487712
0.503882
0.259520
0.417991
0.559404
0.255271
0.448719
0.534992
0.390640
0.605309
0.422806
0.436791
0.575374
0.413880
0.551537
0.470329
0.349715
0.475416
0.444554
0.530423
0.464393
0.447851
0.490578
0.422716
0.505126
0.508772
0.778480
0.748408
0.700051
0.702175
0.691041
0.704627
0.632787
0.700293
0.698683
0.765456
0.763524
0.614042
0.684947
0.784594
0.688451
0.771816
0.593941
0.732558
0.431908
0.611171
0.711077
0.706417
0.657355
0.738875
0.698766
0.662405
0.610827
0.644514
0.611332
0.477175
0.624161
0.659261
0.475379
0.401053
0.642034
0.604608
0.558604
0.518119
0.511962
0.496536
0.387792
0.743591
0.560948
0.553063
0.598297
0.622724
0.678058
0.614467
0.518928
0.694832
0.705274
0.633538
0.602355
0.591294
0.524649
0.581930
0.615261
0.449705
0.584676
0.680879
0.608265
0.748983
0.417818
0.628679
0.697177
0.612161
0.620243
0.592661
0.604818
0.582412
0.581397
0.630790
0.646387
0.547915
0.643176
0.586594
0.688940
0.726462
0.524943
0.556657
0.610376
0.526053
0.621411
0.754893
0.586322
0.645546
0.533382
0.620910
0.696040
0.572636
0.727329
0.608089
0.616107
0.621375
0.568063
0.610841
0.456968
0.575685
0.714729
0.694542
0.640068
0.705049
0.456867
0.585402
0.318908
0.445665
0.589198
0.479784
0.552788
0.468555
0.371180
0.636647
0.423585
0.529713
0.531002
0.383223
0.519220
0.458955
0.625525
0.569967
0.490660
0.516254
0.525482
0.593361
0.602866
0.725293
0.389608
0.666847
0.557243
0.392549
0.719757
0.476204
0.657457
0.619252
0.603729
0.691976
0.493938
0.639860
0.583983
0.496424
0.686440
0.615147
0.587214
0.653732
0.661106
0.636102
0.624564
0.598375
0.682236
0.765490
0.718248
0.684615
0.584451
0.703194
0.764968
0.645156
0.664551
0.754149
0.634524
0.676285
0.717845
0.745009
0.541423
0.551765
0.604795
0.713227
0.507835
0.811262
0.466640
0.531914
0.408197
0.600180
0.382725
0.465183
0.601356
0.380841
0.553087
0.401856
0.420964
0.462943
0.397217
0.527233
0.541712
0.469789
0.506548
0.452312
0.575064
0.515663
0.692636
0.646288
0.608244
0.565770
0.574664
0.622711
0.306959
0.721385
0.610702
0.559640
0.578418
0.594185
0.621420
0.703852
0.591853
0.671669
0.597252
0.649688
0.536773
0.544306
0.704050
0.704654
0.565315
0.709911
0.599575
0.737758
0.595946
0.569234
0.556522
0.647150
0.726299
0.733360
0.636011
0.723045
0.715176
0.557208
0.635886
0.751555
0.541048
0.626954
0.709325
0.573978
0.610525
0.633703
0.596872
0.618143
0.556682
0.716838
0.680626
0.614445
0.619606
0.636529
0.659247
0.665429
0.647377
0.652635
0.651050
0.551298
0.809614
0.631378
0.685063
0.603224
0.705977
0.654792
0.573173
0.671068
0.688651
0.787315
0.707436
0.705698
0.546839
0.612840
0.509239
0.710883
0.446738
0.549900
0.504159
0.461356
0.601156
0.446893
0.442569
0.618247
0.606566
0.620685
0.573688
0.727274
0.495863
0.616773
0.582961
0.356379
0.487442
0.487035
0.617591
0.567502
0.517767
0.657792
0.650253
0.549410
0.568283
0.641585
0.887554
0.501178
0.750693
0.650106
0.734278
0.751062
0.695557
0.730750
0.754352
0.690636
0.720417
0.710017
0.646248
0.593389
0.470035
0.528269
0.510431
0.528491
0.621226
0.513461
0.605517
0.549015
0.529432
0.463364
0.770690
0.614566
0.616603
0.706255
0.791812
0.748716
0.675214
0.502379
0.701699
0.779105
0.845452
0.597842
0.524306
0.462056
0.543154
0.609502
0.591873
0.750648
0.657323
0.731469
0.533563
0.560662
0.514937
0.642695
0.489767
0.530279
0.608153
0.599265
0.540017
0.590050
0.491968
0.544379
0.626330
0.480808
0.590581
0.607108
0.567990
0.598985
0.583610
0.651663
0.566752
0.729830
0.647086
0.682515
0.476146
0.669541
0.626787
0.764036
0.603674
0.668294
0.577197
0.466234
0.678888
0.687928
0.535807
0.642469
0.693109
0.659856
0.576421
0.636674
0.667922
0.732834
0.779240
0.686455
0.646869
0.560898
