0.115974
0.046320
0.077864
0.108276
0.047743
0.019472
0.311925
0.400484
0.604542
0.036786
0.035049
0.026622
0.050417
0.423862
0.020749
0.347622
0.122191
0.063259
0.014593
0.026704
0.021941
0.130282
0.067526
0.022158
0.033947
0.067259
0.019079
0.041203
0.145898
0.022228
0.108394
0.036357
0.040581
0.049403
0.034033
0.159068
0.032129
0.028963
0.038355
0.043855
0.129521
0.012299
0.072170
0.276677
0.019075
0.020757
0.040133
0.026038
0.081750
0.192569
0.189717
0.128450
0.184666
0.121307
0.449678
0.502955
0.642480
0.080789
0.148305
0.151026
0.214295
0.640242
0.092699
0.509490
0.281906
0.057469
0.124508
0.107465
0.152151
0.355110
0.160627
0.122371
0.197155
0.187137
0.152560
0.174778
0.303244
0.150829
0.092972
0.184948
0.082236
0.053014
0.040374
0.225617
0.164432
0.157443
0.219925
0.154347
0.159456
0.095453
0.115712
0.489948
0.066296
0.107259
0.149876
0.160251
0.138368
0.067646
0.098650
0.080641
0.078257
0.195993
0.291392
0.491804
0.112389
0.099943
0.077681
0.048451
0.318808
0.043092
0.360326
0.086873
0.093368
0.048813
0.041236
0.049099
0.085516
0.101154
0.080554
0.063490
0.057450
0.056918
0.034936
0.110462
0.041535
0.092160
0.061316
0.128680
0.131692
0.087665
0.095212
0.054852
0.015773
0.057405
0.106117
0.104142
0.058178
0.050127
0.180194
0.066010
0.076844
0.087168
0.084198
0.055161
0.126205
0.086517
0.124579
0.236686
0.386835
0.527821
0.150637
0.141041
0.122785
0.072194
0.361224
0.067063
0.292505
0.056097
0.056505
0.086873
0.052648
0.100938
0.112550
0.043653
0.116036
0.076849
0.148380
0.071738
0.111330
0.052038
0.096596
0.133625
0.105987
0.174334
0.162480
0.113602
0.093294
0.119180
0.073147
0.080009
0.139736
0.217715
0.098974
0.121907
0.178853
0.098402
0.110566
0.134221
0.109090
0.120242
0.193782
0.165924
0.219553
0.269118
0.454904
0.163129
0.198052
0.174111
0.177338
0.433117
0.076929
0.486004
0.160009
0.070689
0.104542
0.102003
0.127073
0.208122
0.123038
0.167583
0.186079
0.155748
0.158697
0.143524
0.203464
0.142460
0.044550
0.189451
0.164734
0.126912
0.076445
0.091424
0.155459
0.083052
0.187896
0.205302
0.097653
0.106569
0.066148
0.317627
0.080965
0.150541
0.190413
0.190421
0.051257
0.037564
0.350452
0.439828
0.604010
0.065747
0.029984
0.028249
0.024670
0.445342
0.055212
0.239338
0.141390
0.120978
0.058744
0.039079
0.051934
0.152068
0.101972
0.029245
0.013107
0.088927
0.022046
0.045398
0.136280
0.029271
0.169165
0.017619
0.079101
0.120412
0.099879
0.181325
0.049330
0.090283
0.028165
0.024641
0.198306
0.063465
0.117663
0.279874
0.083190
0.044698
0.032459
0.020691
0.135986
0.379338
0.453422
0.638376
0.014742
0.013563
0.011418
0.051301
0.470451
0.034075
0.349896
0.169653
0.101708
0.028076
0.039025
0.029455
0.180623
0.106721
0.004874
0.032371
0.060335
0.020663
0.039064
0.187692
0.021471
0.147555
0.022689
0.019227
0.045896
0.047088
0.212656
0.025214
0.067755
0.043089
0.015575
0.147267
0.021196
0.093496
0.324108
0.033270
0.012931
0.015081
0.013780
0.117501
0.198662
0.269121
0.417727
0.400462
0.359646
0.279288
0.110831
0.278810
0.543046
0.180794
0.314435
0.266539
0.277712
0.265632
0.184322
0.273021
0.382047
0.337243
0.272132
0.320066
0.255054
0.240484
0.309793
0.236825
0.334316
0.437361
0.427800
0.357310
0.141088
0.289667
0.237620
0.298752
0.398100
0.297308
0.321653
0.220584
0.149689
0.330434
0.348824
0.357564
0.381315
0.174643
0.230815
0.472491
0.471409
0.440336
0.395743
0.358066
0.373037
0.703414
0.360197
0.399569
0.359645
0.375371
0.348023
0.268708
0.434718
0.447120
0.426180
0.376528
0.434074
0.336364
0.465590
0.363228
0.254238
0.421064
0.485218
0.469401
0.410155
0.267255
0.363135
0.298164
0.397840
0.473344
0.220687
0.382157
0.256393
0.427008
0.393763
0.425563
0.433991
0.474866
0.209747
0.648404
0.647504
0.620922
0.553378
0.467086
0.544933
0.769955
0.475308
0.563155
0.536210
0.548852
0.554482
0.451819
0.549939
0.637299
0.607250
0.541701
0.600126
0.520063
0.586726
0.567921
0.423542
0.600265
0.655974
0.646763
0.604943
0.346039
0.550970
0.529724
0.578204
0.634303
0.466790
0.579302
0.421469
0.550966
0.579695
0.605086
0.603619
0.649005
0.401392
0.025524
0.028880
0.093065
0.538402
0.046986
0.395381
0.213191
0.090432
0.039772
0.054528
0.049702
0.235861
0.116194
0.013389
0.071636
0.082831
0.049118
0.062894
0.238572
0.042219
0.139585
0.050448
0.010161
0.024294
0.035412
0.229923
0.049676
0.089607
0.084529
0.029792
0.138797
0.024233
0.098761
0.396161
0.027922
0.018009
0.029084
0.038581
0.124460
0.011102
0.056921
0.484458
0.059716
0.308628
0.187363
0.128290
0.040281
0.054301
0.034997
0.187926
0.112988
0.010891
0.037074
0.074532
0.028743
0.042932
0.208756
0.025870
0.179700
0.020039
0.032262
0.071173
0.074237
0.230500
0.033985
0.089266
0.042342
0.012354
0.170521
0.038473
0.116072
0.342542
0.055799
0.017974
0.012581
0.016051
0.143734
0.041600
0.447373
0.044604
0.334698
0.161894
0.118116
0.031926
0.040051
0.023148
0.166388
0.106767
0.010000
0.030831
0.058309
0.017550
0.030827
0.178470
0.018065
0.163236
0.011985
0.035236
0.073717
0.069120
0.202376
0.022221
0.070504
0.033126
0.010340
0.157029
0.032681
0.102503
0.307177
0.049154
0.015018
0.011224
0.014413
0.123260
0.366485
0.052027
0.261549
0.090410
0.128446
0.051278
0.033902
0.053795
0.118225
0.097145
0.050301
0.018792
0.056237
0.022962
0.031349
0.085347
0.033446
0.158177
0.027695
0.106494
0.138140
0.112555
0.134964
0.039134
0.070455
0.026795
0.045666
0.182513
0.068539
0.095797
0.200506
0.088305
0.056720
0.048270
0.042251
0.113254
0.422445
0.592965
0.267420
0.493963
0.377992
0.412145
0.349798
0.221246
0.395029
0.481550
0.418851
0.379529
0.408331
0.364222
0.327016
0.420153
0.455078
0.411119
0.558084
0.573359
0.517751
0.327494
0.368735
0.361293
0.361599
0.490068
0.472662
0.443498
0.398753
0.126842
0.478853
0.446758
0.441740
0.458259
0.353044
0.361561
0.116105
0.045483
0.025968
0.017557
0.041398
0.155696
0.067368
0.036418
0.048970
0.057672
0.031730
0.042067
0.132361
0.035804
0.071069
0.050545
0.052769
0.052855
0.026795
0.118188
0.045810
0.041672
0.060761
0.056136
0.111173
0.025687
0.048384
0.270843
0.022009
0.039634
0.052832
0.047654
0.056887
0.361572
0.403855
0.362416
0.331585
0.377380
0.395804
0.301921
0.328348
0.252396
0.380543
0.303564
0.338573
0.254271
0.326943
0.510599
0.310392
0.401732
0.450654
0.433153
0.379340
0.388362
0.395017
0.296510
0.306407
0.561264
0.394624
0.445573
0.409969
0.407591
0.366808
0.343786
0.286220
0.476455
0.138569
0.100804
0.096487
0.120548
0.101436
0.086860
0.170759
0.127113
0.139451
0.104140
0.126076
0.057219
0.145517
0.177470
0.141486
0.235375
0.220996
0.180364
0.088350
0.128242
0.104173
0.103377
0.181709
0.239520
0.146543
0.141874
0.121773
0.147152
0.150881
0.166041
0.167780
0.148543
0.074245
0.048324
0.097890
0.203908
0.065535
0.096615
0.118772
0.149710
0.089304
0.121043
0.154712
0.097012
0.063851
0.127820
0.104502
0.071443
0.035972
0.116131
0.122582
0.067552
0.130971
0.133692
0.141889
0.060615
0.079191
0.318624
0.039210
0.084602
0.126638
0.118083
0.089578
0.031085
0.018222
0.125096
0.063885
0.030522
0.051842
0.049141
0.026108
0.031134
0.150398
0.031129
0.101789
0.041353
0.049232
0.052445
0.044320
0.130212
0.025490
0.035827
0.047413
0.044609
0.112965
0.017182
0.055465
0.259908
0.022303
0.021579
0.035789
0.044327
0.068703
0.036714
0.145836
0.067858
0.035921
0.041714
0.059040
0.024539
0.033791
0.108402
0.029896
0.079123
0.037797
0.070056
0.073508
0.042671
0.102197
0.039251
0.041561
0.045413
0.051833
0.121175
0.035193
0.046931
0.245674
0.034904
0.030491
0.044778
0.048538
0.065400
0.113804
0.090304
0.029662
0.048597
0.055092
0.028771
0.027046
0.166149
0.024692
0.122604
0.028675
0.061793
0.082707
0.064890
0.157407
0.017045
0.037124
0.035129
0.045664
0.121749
0.027461
0.070963
0.244485
0.042422
0.020796
0.025895
0.039461
0.079111
0.150630
0.182945
0.122377
0.180730
0.129597
0.133187
0.171411
0.130393
0.210482
0.134806
0.253146
0.263392
0.219049
0.178939
0.123327
0.092026
0.092266
0.198073
0.229936
0.148285
0.162461
0.167364
0.181474
0.163906
0.172306
0.162115
0.141088
0.102993
0.096167
0.133055
0.079671
0.109585
0.109539
0.098671
0.154621
0.109329
0.132036
0.123349
0.098706
0.119465
0.112085
0.089790
0.085121
0.120816
0.225159
0.080623
0.127770
0.241176
0.079077
0.089110
0.116436
0.101062
0.132528
0.030792
0.065806
0.020429
0.038715
0.183820
0.019963
0.149656
0.019258
0.023544
0.050005
0.050119
0.208300
0.030432
0.069183
0.042738
0.013515
0.149306
0.024973
0.098441
0.329882
0.036159
0.012754
0.013399
0.013622
0.121095
0.088422
0.016390
0.048035
0.117976
0.025200
0.172849
0.021742
0.078929
0.117002
0.096458
0.183996
0.043438
0.070607
0.019107
0.034277
0.196378
0.053100
0.119949
0.252675
0.076257
0.047236
0.041664
0.015229
0.132194
0.066010
0.020811
0.162867
0.054342
0.139056
0.059101
0.095450
0.114029
0.103588
0.146135
0.042823
0.075944
0.080909
0.069917
0.130681
0.071347
0.069369
0.245293
0.080578
0.064004
0.053928
0.086041
0.094429
0.037287
0.117513
0.025859
0.146924
0.017827
0.056697
0.081017
0.067519
0.159957
0.030182
0.055118
0.024525
0.024519
0.170600
0.034796
0.094670
0.253229
0.045656
0.024605
0.025465
0.018403
0.114319
0.154021
0.017960
0.116343
0.023442
0.078123
0.106950
0.086550
0.132947
0.022094
0.048186
0.041188
0.042053
0.114839
0.044883
0.053378
0.241976
0.062442
0.039447
0.029363
0.051092
0.070277
0.163406
0.229766
0.161038
0.260524
0.258950
0.208562
0.118543
0.175493
0.142188
0.130982
0.193838
0.315644
0.186289
0.199117
0.112733
0.186735
0.187114
0.197644
0.167822
0.204758
0.120642
0.015008
0.053681
0.085377
0.063586
0.163743
0.022407
0.040059
0.026955
0.030298
0.118870
0.026602
0.068569
0.277525
0.043769
0.024312
0.024667
0.023517
0.082936
0.167651
0.147394
0.113702
0.064014
0.097353
0.128929
0.085367
0.177843
0.179800
0.069279
0.093140
0.026992
0.343842
0.076533
0.129057
0.163438
0.182150
0.024963
0.064749
0.107432
0.092391
0.189899
0.023884
0.066750
0.017375
0.019638
0.166688
0.045208
0.101301
0.270051
0.069017
0.026946
0.014216
0.017514
0.120534
0.023145
0.036849
0.249740
0.059218
0.103036
0.094285
0.035634
0.145847
0.028891
0.109231
0.427651
0.032652
0.028382
0.041526
0.040664
0.134936
0.017256
0.222537
0.084542
0.094343
0.133618
0.078299
0.118594
0.032902
0.093414
0.431802
0.019671
0.044346
0.080574
0.083275
0.119552
0.167761
0.073578
0.059677
0.111486
0.082609
0.090521
0.025910
0.059509
0.366713
0.011159
0.043172
0.079842
0.075776
0.074015
0.172012
0.115045
0.180147
0.223819
0.167552
0.166331
0.078891
0.201351
0.148911
0.184398
0.208213
0.221661
0.091958
0.054545
0.031457
0.037717
0.122272
0.027950
0.068776
0.252863
0.053284
0.020550
0.022391
0.037642
0.082528
0.063421
0.102426
0.085439
0.036164
0.051042
0.229411
0.039329
0.059400
0.084143
0.079128
0.056441
0.046528
0.190533
0.054963
0.114756
0.223769
0.083554
0.042007
0.039217
0.027154
0.124388
0.181236
0.047340
0.118064
0.346166
0.062410
0.025655
0.011890
0.020377
0.146135
0.104897
0.049935
0.392489
0.090857
0.132009
0.161328
0.192586
0.063576
0.060132
0.313032
0.013071
0.018555
0.040002
0.037875
0.071315
0.290682
0.052736
0.077512
0.099016
0.126526
0.018468
0.333211
0.309391
0.313439
0.304658
0.278034
0.027676
0.058175
0.059168
0.073374
0.016920
0.026309
0.100863
0.025275
0.124260
0.141699
