0.565945
0.477086
0.693395
0.628668
0.621767
0.539377
0.646387
0.637720
0.714112
0.500983
0.661691
0.533040
0.693222
0.646011
0.613845
0.703421
0.667927
0.623438
0.636213
0.709874
0.690515
0.713345
0.669140
0.635443
0.606767
0.462460
0.560549
0.614997
0.709275
0.625167
0.594448
0.602600
0.630751
0.595836
0.597406
0.614488
0.653285
0.604673
0.595328
0.576072
0.551864
0.687756
0.585423
0.487593
0.704203
0.552899
0.618600
0.678261
0.634050
0.543302
0.679122
0.718560
0.719694
0.581976
0.644919
0.718502
0.668123
0.549579
0.551645
0.614081
0.653183
0.635897
0.660259
0.575166
0.719690
0.421553
0.649386
0.549025
0.700616
0.515658
0.579232
0.666442
0.615837
0.630761
0.620141
0.645190
0.629018
0.711951
0.655976
0.653332
0.554835
0.473852
0.680863
0.700250
0.625829
0.580033
0.542208
0.601900
0.633782
0.706784
0.549158
0.560648
0.650393
0.573182
0.646572
0.696930
0.562645
0.742646
0.603602
0.706520
0.497106
0.706445
0.653786
0.634764
0.474137
0.640407
0.697481
0.653831
0.615943
0.645832
0.645909
0.649502
0.611307
0.553912
0.545348
0.689497
0.651294
0.601260
0.569051
0.765265
0.598815
0.647567
0.587416
0.686057
0.705166
0.572995
0.654226
0.612421
0.463577
0.614709
0.784723
0.674437
0.647512
0.595945
0.497098
0.633820
0.668330
0.593906
0.435016
0.637315
0.590800
0.600286
0.713158
0.630372
0.738798
0.555983
0.682272
0.585213
0.525608
0.655829
0.629717
0.798514
0.553149
0.826900
0.643058
0.572744
0.638119
0.635180
0.636429
0.746164
0.713424
0.567101
0.773020
0.716536
0.664500
0.652869
0.686763
0.653262
0.704407
0.642450
0.686464
0.698963
0.515358
0.568423
0.653241
0.665916
0.556521
0.613321
0.644920
0.483972
0.585388
0.666488
0.684390
0.527752
0.694357
0.571868
0.602897
0.712135
0.686696
0.736389
0.611060
0.653791
0.654682
0.674179
0.655179
0.551306
0.740660
0.675026
0.731231
0.703011
0.616554
0.559883
0.689866
0.713194
0.629219
0.616969
0.639252
0.762779
0.616920
0.676732
0.778469
0.663649
0.564731
0.670146
0.622338
0.710172
0.745444
0.732396
0.573575
0.587112
0.598025
0.660824
0.660709
0.688047
0.669945
0.677537
0.683003
0.637425
0.617268
0.632938
0.641565
0.705438
0.546022
0.628588
0.632431
0.685908
0.636094
0.540086
0.722464
0.651093
0.820251
0.614711
0.881712
0.650371
0.510342
0.646036
0.616422
0.482602
0.711493
0.819471
0.571352
0.852807
0.662453
0.562175
0.743519
0.612491
0.470673
0.701130
0.641838
0.763137
0.722870
0.607140
0.526473
0.690585
0.676680
0.454208
0.618110
0.620165
0.407322
0.621891
0.530092
0.668098
0.527725
0.705035
0.596044
0.524022
0.715477
0.649262
0.720037
0.596495
0.607554
0.716268
0.439492
0.677403
0.625453
0.641020
0.596009
0.620487
0.522683
0.688333
0.504914
0.609515
0.572356
0.640469
0.758366
0.543895
0.672515
0.577351
0.644695
0.696623
0.683547
0.674573
0.760523
0.581169
0.571581
0.598762
0.538441
0.686796
0.623352
0.654228
0.595347
0.538232
0.521438
0.629483
0.762415
0.584285
0.456991
0.669324
0.640121
0.565126
0.669128
0.721084
0.601066
0.670837
0.392888
0.846862
0.647464
0.776362
0.642342
0.650862
0.676469
0.639968
0.529935
0.635034
0.782229
0.645251
0.820582
0.515963
0.660017
0.641231
0.616691
0.684050
0.757669
0.609637
0.790163
0.734175
0.660635
0.660859
0.548403
0.671470
0.614954
0.508157
0.587934
0.622043
0.609199
0.664980
0.511906
0.630983
0.663719
0.717662
0.734923
0.598278
0.654258
0.787287
0.612883
0.598301
0.771055
0.646412
0.814714
0.596143
0.585478
0.672226
0.581777
0.529284
0.657246
0.725861
0.577169
0.766177
0.541931
0.620570
0.653697
0.548033
0.642313
0.741391
0.572295
0.599272
0.635673
0.591257
0.601163
0.647400
0.620267
0.498504
0.639470
0.500854
0.597779
0.611595
0.615852
0.636984
0.544445
0.613063
0.665242
0.583113
0.590626
0.589187
0.766487
0.592177
0.721791
0.650940
0.662099
0.514361
0.603478
0.690913
0.642458
0.606334
0.485898
0.645841
0.652518
0.528058
0.543886
0.641244
0.676847
0.609058
0.616917
0.523196
0.630591
0.583176
0.675458
0.675306
0.565393
0.507468
0.647782
0.789829
0.650162
0.675079
0.628166
0.565866
0.758994
0.276585
0.598847
0.611400
0.603636
0.594335
0.769137
0.702068
0.707283
0.755063
0.624613
0.678037
0.593581
0.551496
0.565294
0.577441
0.454775
0.551447
0.563850
0.614835
0.724474
0.367367
0.618903
0.661731
0.630494
0.656153
0.720384
0.514803
0.735816
0.669803
0.629982
0.562992
0.352718
0.444388
0.661428
0.377840
0.586459
0.515765
0.529597
0.597493
0.525643
0.602630
0.406556
0.677655
0.636533
0.509167
0.578354
0.624189
0.625766
0.518860
0.656478
0.702727
0.649429
0.765070
0.719139
0.736057
0.485088
0.807376
0.528390
0.688997
0.733687
0.687252
0.573891
0.676146
0.517177
0.774131
0.720806
0.617824
0.685545
0.677750
0.622418
0.678265
0.805120
0.726564
0.673812
0.693543
0.567001
0.751038
0.788741
0.630765
0.571760
0.750250
0.668359
0.809349
0.803881
0.560869
0.779153
0.636372
0.346751
0.540957
0.647148
0.646756
0.592098
0.730715
0.679083
0.728901
0.608572
0.704320
0.497351
0.570750
0.502715
0.675757
0.689710
0.668946
0.671628
0.574104
0.227440
0.362321
0.614021
0.533988
0.603779
0.680941
0.549289
0.529361
0.655882
0.603655
0.478347
0.665154
0.531585
0.614452
0.789768
0.716001
0.572031
0.540504
0.817123
0.608443
0.691594
0.735959
0.685514
0.613394
0.783239
0.582838
0.636802
0.803017
0.748376
0.617761
0.758183
0.535982
0.779943
0.655656
0.532623
0.834315
0.763447
0.702248
0.703730
0.893853
0.752061
0.685401
0.776394
0.656775
0.845254
0.651649
0.658645
0.475656
0.772097
0.770612
0.711842
0.693032
0.595039
0.717834
0.577893
0.599136
0.614952
0.570965
0.618859
0.716750
0.614700
0.602100
0.592316
0.542726
0.508636
0.681120
0.538214
0.613585
0.560713
0.348296
0.747111
0.633038
0.659785
0.667769
0.692084
0.624147
0.668736
0.561077
0.544595
0.772303
0.573254
0.521755
0.428137
0.728289
0.650008
0.621744
0.640994
0.600851
0.575588
0.673070
0.597468
0.585161
0.719412
0.635402
0.769061
0.595894
0.710068
0.680239
0.627803
0.500812
0.711175
0.652339
0.725361
0.794958
0.382517
0.304400
0.404204
0.607978
0.559747
0.587837
0.591098
0.481533
0.555933
0.653743
0.549989
0.588092
0.691072
0.473735
0.541245
0.742195
0.686585
0.620835
0.684112
0.534566
0.650302
0.586267
0.672781
0.709118
0.537996
0.743411
0.623743
0.652818
0.605462
0.601093
0.571612
0.711709
0.648892
0.644028
0.477414
0.511237
0.613145
0.605314
0.568848
0.654654
0.539699
0.531189
0.670116
0.648333
0.517029
0.517864
0.704363
0.630020
0.634829
0.507533
0.641398
0.657376
0.617195
0.727050
0.684018
0.756610
0.563834
0.578059
0.741087
0.601962
0.610100
0.695067
0.578405
0.707427
0.626861
0.734270
0.611653
0.663962
0.726223
0.592438
0.641804
0.618347
0.545165
0.606573
0.630154
0.620404
0.579612
0.568462
0.719699
0.747517
0.702163
0.613990
0.716971
0.596602
0.583670
0.643554
0.704004
0.433954
0.603294
0.683977
0.673885
0.609558
0.729468
0.475234
0.728215
0.690158
0.607910
0.550573
0.470401
0.583782
0.554484
0.490104
0.540689
0.449367
0.554222
0.518477
0.556104
0.540417
0.577277
0.704112
0.596288
0.582048
0.547653
0.642805
0.610026
0.710360
0.623876
0.526022
0.578832
0.709031
0.639111
0.589614
0.618536
0.729603
0.813648
0.618239
0.668655
0.549960
0.493081
0.689728
0.769727
0.645660
0.667471
0.646625
0.533164
0.712875
0.422380
0.578890
0.566287
0.610585
0.671538
0.488392
0.739838
0.721906
0.733401
0.652946
0.543014
0.689689
0.672005
0.753926
0.714517
0.618847
0.618293
0.738240
0.643452
0.756761
0.630849
0.519841
0.612790
0.852360
0.624144
0.649863
0.696927
0.607755
0.670821
0.709116
0.606351
0.524745
0.705491
0.682964
0.650399
0.714496
0.619906
0.730815
0.644737
0.700857
0.674885
0.597040
0.559834
0.728688
0.656852
0.662667
0.758803
0.563767
0.651441
0.659703
0.609447
0.567653
0.511497
0.654259
0.523392
0.624582
0.682814
0.663569
0.604432
0.680213
0.529003
0.565877
0.703395
0.659064
0.761196
0.671773
0.698371
0.720070
0.546866
0.713720
0.525658
0.787742
0.682575
0.738603
0.706669
0.679068
0.657142
0.656263
0.827614
0.727714
0.715440
0.727059
0.535733
0.818818
0.648609
0.658347
0.616031
0.728902
0.675006
0.793403
0.817730
0.689455
0.680247
0.634851
0.561127
0.677804
0.660057
0.546837
0.751109
0.643276
0.694052
0.514293
0.370760
0.528536
0.662562
0.506130
0.531793
0.567565
0.545159
0.553751
0.504693
0.579453
0.512263
0.741766
0.631456
0.540484
0.621215
0.607182
0.771401
0.609261
0.523128
0.660872
0.716889
0.814175
0.656615
0.723259
0.696912
0.655049
0.683034
0.643307
0.777097
0.705344
0.552459
0.619625
0.686519
0.610082
0.627817
0.591755
0.678667
0.559023
0.673668
0.753968
0.783776
0.553977
0.692762
0.652800
0.695355
0.683770
0.574530
0.675887
0.631456
0.644185
0.728453
0.641904
0.691630
0.704206
0.638536
0.595874
0.747622
0.717842
0.599998
0.579275
0.711077
0.665476
0.729591
0.724902
0.762483
0.566845
0.518517
0.711779
0.617248
0.510855
0.624157
0.679988
0.664483
0.503598
0.598241
0.629366
0.522273
0.561538
0.465663
0.615058
0.647760
0.495903
0.551501
0.682858
0.603245
0.637929
0.692449
0.659597
0.670241
0.618239
0.653878
0.697745
0.602218
0.469061
0.526871
0.592818
0.599795
0.590136
0.666472
0.512711
0.609868
0.601137
0.533603
0.512087
0.597659
0.461668
0.532667
0.746613
0.661782
0.697607
0.772385
0.635380
0.536813
0.719550
0.664011
0.637291
0.565515
0.836416
0.764451
0.735895
0.614723
0.494985
0.708259
0.638288
0.628507
0.531763
0.661791
0.678122
0.771666
0.796028
0.655844
0.646364
0.692810
0.750466
0.581898
0.526916
0.656385
0.644046
0.414169
0.653665
0.544787
0.612483
0.682069
0.637877
0.623127
0.553314
0.736317
0.715330
0.629003
0.644554
0.694591
0.655450
0.699440
0.686473
0.691002
0.712723
0.709611
0.728606
0.703946
0.691878
0.721508
0.713528
0.673748
0.587478
0.628582
0.672492
0.584138
0.855494
0.730717
0.688255
0.803564
0.762170
0.717535
0.707602
0.791762
0.736730
0.646217
0.636184
0.608953
0.787455
0.696427
0.430595
0.456552
0.785254
0.770967
0.619833
0.660891
0.641612
0.576126
0.624635
0.661185
0.585121
0.637961
0.655269
0.566364
0.558924
0.614886
0.672457
0.553459
0.664951
0.536388
0.585705
0.718861
0.737444
0.729307
0.279943
0.574910
0.537123
0.554573
0.634912
0.499186
0.553046
0.597341
0.530624
0.523536
0.635574
0.441551
0.563682
0.726919
0.659916
0.563974
0.504812
0.665149
0.493793
0.636626
0.542432
0.509028
0.599201
0.438233
0.545111
0.534681
0.529278
0.559984
0.661974
0.685783
0.521191
0.700651
0.494115
0.713914
0.605951
0.606582
0.498455
0.657969
0.574409
0.596942
0.593348
0.674406
0.619899
0.663090
0.615572
0.584524
0.615748
0.535497
0.604265
0.559747
0.775606
0.555687
0.675298
0.625970
0.578533
0.704350
0.632365
0.755221
0.647194
0.519254
0.592434
0.538212
0.595551
0.570452
0.613534
0.618837
0.679469
0.642155
0.577462
0.633544
0.607029
0.632285
0.601997
0.656866
0.549833
0.603237
0.730829
0.620833
0.577793
0.624600
0.620052
0.444547
0.540924
0.652149
0.489978
0.574948
0.556600
0.538053
0.675126
0.648644
0.611138
0.643119
0.631860
0.486611
0.461880
0.578814
0.642999
0.641585
0.714507
0.677486
0.724612
0.573924
0.673847
0.552760
0.572031
0.672187
0.704191
0.647142
0.601216
0.614834
0.628039
0.597223
0.761010
0.649202
0.719378
0.540139
0.563275
0.568340
0.609933
0.643390
0.560691
0.711697
0.668306
0.552706
0.602850
0.580237
0.583255
0.735691
0.834352
0.719528
0.761437
0.741214
0.731133
0.728269
0.709101
0.719571
