0.878453
0.702099
0.712048
0.808350
0.822397
0.799165
0.720423
0.710078
0.779082
0.810320
0.524522
0.799224
0.623158
0.625950
0.807871
0.669841
0.780145
0.673742
0.842942
0.813110
0.704969
0.761864
0.832165
0.724790
0.812099
0.713622
0.721384
0.828161
0.798311
0.692905
0.752745
0.725031
0.741377
0.787206
0.707315
0.880618
0.759365
0.639503
0.714516
0.762203
0.766893
0.733670
0.639130
0.684438
0.788158
0.848974
0.678206
0.686140
0.745138
0.620647
0.758354
0.689671
0.527277
0.611567
0.565936
0.606157
0.702715
0.687326
0.810326
0.690545
0.665939
0.710935
0.546588
0.492882
0.589892
0.674646
0.649858
0.482531
0.483790
0.428674
0.545985
0.665789
0.626241
0.648054
0.661505
0.510652
0.532142
0.722406
0.651447
0.671563
0.612982
0.673299
0.553812
0.652188
0.646766
0.661334
0.715453
0.745877
0.618795
0.674220
0.721949
0.701858
0.772144
0.697943
0.729405
0.682720
0.661483
0.576607
0.542197
0.657463
0.489804
0.508390
0.437623
0.548611
0.726932
0.758262
0.660417
0.661573
0.530457
0.493829
0.635642
0.591477
0.636224
0.547230
0.564158
0.467890
0.519287
0.731036
0.714734
0.504121
0.534387
0.626756
0.505951
0.652046
0.744632
0.589216
0.451262
0.722596
0.533822
0.701330
0.588892
0.644729
0.594623
0.467221
0.794914
0.593920
0.694334
0.639229
0.625258
0.716944
0.810423
0.560275
0.450905
0.712771
0.698761
0.633407
0.508086
0.615496
0.592180
0.555000
0.899555
0.698528
0.813157
0.669950
0.454161
0.603818
0.744053
0.555354
0.602413
0.697032
0.713834
0.709661
0.707892
0.805617
0.693681
0.585942
0.575382
0.679173
0.751906
0.803999
0.662722
0.516379
0.717737
0.833199
0.562145
0.750581
0.802390
0.664483
0.525955
0.622818
0.874691
0.569283
0.560841
0.695129
0.630455
0.700232
0.737951
0.708928
0.486580
0.606900
0.634424
0.559611
0.598947
0.561560
0.668327
0.762276
0.830546
0.748148
0.717408
0.613898
0.607848
0.649619
0.782582
0.626004
0.693543
0.705837
0.635132
0.629668
0.762211
0.733349
0.757031
0.646253
0.592594
0.648939
0.657761
0.709286
0.662556
0.425596
0.773995
0.496305
0.754038
0.681286
0.693206
0.451235
0.628328
0.853721
0.717444
0.672347
0.589153
0.623642
0.635376
0.811832
0.532155
0.579010
0.775396
0.534157
0.550298
0.612293
0.686629
0.804704
0.734249
0.706995
0.581272
0.641503
0.592474
0.554771
0.507132
0.615782
0.590959
0.614821
0.697295
0.534336
0.574982
0.674994
0.685303
0.441487
0.586403
0.642839
0.390526
0.691565
0.575633
0.607211
0.545512
0.527894
0.525230
0.687966
0.527712
0.536366
0.730633
0.849636
0.531031
0.486343
0.639020
0.617269
0.698555
0.674339
0.745246
0.565335
0.623105
0.574969
0.510897
0.324723
0.730955
0.691471
0.625207
0.694545
0.645077
0.558883
0.592536
0.515997
0.591488
0.572215
0.555120
0.514712
0.509880
0.615059
0.560623
0.623613
0.561433
0.579183
0.647597
0.661281
0.549982
0.437596
0.537391
0.708770
0.442018
0.655409
0.584580
0.552014
0.533485
0.535797
0.770925
0.566499
0.505476
0.558151
0.584255
0.590575
0.643283
0.593385
0.500210
0.543886
0.571326
0.709882
0.707704
0.610074
0.698226
0.520684
0.545474
0.556596
0.473694
0.514888
0.577657
0.640251
0.640409
0.649496
0.454696
0.627513
0.746497
0.607841
0.383342
0.515393
0.620074
0.662585
0.579616
0.601396
0.605295
0.701114
0.501841
0.523347
0.698544
0.573961
0.510420
0.620350
0.827324
0.486609
0.602134
0.533646
0.645134
0.689321
0.627934
0.598884
0.456738
0.644288
0.622404
0.718937
0.742642
0.689262
0.656476
0.592010
0.480269
0.472443
0.670673
0.645353
0.556077
0.638449
0.487682
0.485560
0.723420
0.682111
0.556243
0.569478
0.612679
0.529097
0.595397
0.685346
0.521973
0.580952
0.768424
0.616634
0.712055
0.599884
0.611391
0.535849
0.537259
0.773672
0.561869
0.631887
0.652345
0.654524
0.693449
0.789767
0.605831
0.514462
0.670556
0.858203
0.742346
0.753997
0.793763
0.725694
0.630682
0.737773
0.617155
0.683987
0.717607
0.662490
0.642771
0.649028
0.800249
0.687473
0.697231
0.690057
0.697739
0.726008
0.753031
0.720209
0.579178
0.736405
0.811950
0.642411
0.732194
0.772198
0.641473
0.663550
0.611745
0.867388
0.746542
0.663462
0.722063
0.736580
0.759353
0.729667
0.732455
0.611823
0.673256
0.738774
0.677798
0.687455
0.883672
0.733383
0.605326
0.809505
0.807135
0.725653
0.780745
0.578703
0.675430
0.633902
0.781596
0.767904
0.805661
0.769873
0.637896
0.753313
0.751189
0.798737
0.686508
0.801849
0.760604
0.729891
0.604395
0.775594
0.690885
0.724960
0.761384
0.760805
0.765558
0.689547
0.832415
0.784546
0.846159
0.558895
0.758317
0.807191
0.805146
0.507734
0.620733
0.867454
0.519624
0.765308
0.690329
0.733173
0.758967
0.778572
0.737979
0.769193
0.683816
0.762319
0.561267
0.629204
0.888791
0.844724
0.604595
0.719595
0.781723
0.688481
0.766479
0.598605
0.814385
0.742802
0.545461
0.748195
0.764188
0.639929
0.633278
0.601276
0.663276
0.705240
0.730255
0.608265
0.692126
0.676328
0.759046
0.800768
0.655569
0.702118
0.755968
0.758590
0.632372
0.686354
0.686123
0.644538
0.670873
0.728457
0.667644
0.755419
0.716631
0.700498
0.664578
0.746773
0.753090
0.675266
0.621829
0.681662
0.766444
0.601781
0.671706
0.737039
0.777233
0.713063
0.760433
0.798299
0.756312
0.481061
0.716869
0.741478
0.679216
0.784930
0.731437
0.652548
0.650891
0.563456
0.729902
0.621090
0.740468
0.811668
0.723109
0.664389
0.603951
0.785753
0.750905
0.532999
0.705240
0.664606
0.668566
0.587362
0.693776
0.705702
0.763209
0.674225
0.526635
0.644051
0.567016
0.495061
0.726709
0.639715
0.581184
0.656014
0.551890
0.730921
0.673055
0.751840
0.649677
0.620756
0.729016
0.709342
0.646915
0.653796
0.563721
0.710168
0.705329
0.694523
0.612748
0.800772
0.701608
0.686556
0.487942
0.612935
0.768898
0.763471
0.736123
0.623088
0.533648
0.737228
0.507567
0.649721
0.799669
0.734159
0.541494
0.665563
0.865303
0.602199
0.662374
0.657085
0.599948
0.664550
0.779626
0.596985
0.466357
0.696222
0.600843
0.640610
0.664838
0.689100
0.629318
0.458362
0.606740
0.557534
0.617609
0.597546
0.647835
0.692219
0.312854
0.460151
0.715629
0.575178
0.612773
0.805502
0.665676
0.712850
0.646249
0.606408
0.632351
0.569567
0.794606
0.686287
0.659947
0.691948
0.629425
0.743878
0.747849
0.663742
0.621979
0.659810
0.639321
0.614006
0.597613
0.692575
0.621271
0.461360
0.649613
0.657586
0.648221
0.538954
0.540416
0.622892
0.634481
0.608895
0.657845
0.606945
0.629955
0.671914
0.584077
0.667816
0.642586
0.527446
0.693780
0.771232
0.615003
0.587195
0.584769
0.665273
0.659787
0.662913
0.607045
0.646410
0.639335
0.656162
0.743648
0.640309
0.709910
0.642677
0.744620
0.752863
0.675243
0.501503
0.637677
0.743187
0.735745
0.680093
0.561721
0.746672
0.637801
0.598360
0.720759
0.745487
0.595863
0.659303
0.650788
0.899238
0.553817
0.556633
0.656369
0.596485
0.795598
0.706891
0.772154
0.577407
0.582736
0.685876
0.631493
0.687941
0.590712
0.659734
0.665989
0.669411
0.579862
0.621858
0.682572
0.604513
0.541697
0.690477
0.630931
0.717331
0.620307
0.654554
0.711971
0.683222
0.615985
0.685112
0.802361
0.642711
0.706227
0.610454
0.596967
0.683088
0.605611
0.669595
0.517249
0.664095
0.631579
0.583545
0.593284
0.705718
0.683283
0.634364
0.659153
0.626592
0.701046
0.634463
0.708387
0.739659
0.547949
0.607164
0.633187
0.683487
0.494899
0.749278
0.614975
0.682418
0.774436
0.754467
0.718567
0.731249
0.682812
0.752334
0.795805
0.676831
0.625820
0.693412
0.472939
0.648885
0.624183
0.504609
0.610206
0.680898
0.518619
0.683760
0.567630
0.727182
0.662777
0.697682
0.623251
0.670699
0.695169
0.730460
0.678204
0.673663
0.691931
0.853650
0.608832
0.662913
0.730880
0.550232
0.758071
0.584508
0.654246
0.643296
0.656191
0.545509
0.598335
0.566980
0.638121
0.626762
0.665805
0.446344
0.535141
0.719633
0.585688
0.544968
0.749151
0.634107
0.701270
0.552609
0.690306
0.621054
0.515478
0.789652
0.603656
0.720079
0.700287
0.671190
0.745035
0.844270
0.618584
0.595869
0.736783
0.599083
0.684252
0.642115
0.524958
0.617633
0.610909
0.598742
0.646801
0.612432
0.630838
0.642428
0.587646
0.519650
0.677683
0.593665
0.570623
0.629897
0.781554
0.539291
0.673906
0.662085
0.698905
0.723464
0.729643
0.664660
0.576587
0.631530
0.699787
0.682005
0.692277
0.718909
0.610650
0.513768
0.745692
0.710307
0.690877
0.711972
0.699530
0.572307
0.695755
0.631018
0.720357
0.744068
0.820572
0.596892
0.729772
0.689643
0.672727
0.766789
0.732745
0.703411
0.657448
0.679799
0.747067
0.773134
0.638394
0.681431
0.576388
0.549965
0.688892
0.711190
0.785866
0.681275
0.712397
0.740582
0.671820
0.566303
0.698018
0.878219
0.760625
0.662822
0.663295
0.588237
0.733243
0.632651
0.702628
0.677863
0.476308
0.668844
0.632166
0.684503
0.686008
0.746615
0.692142
0.676226
0.667576
0.703020
0.737210
0.641414
0.728940
0.691200
0.709820
0.780854
0.727146
0.714354
0.738827
0.643715
0.809701
0.678317
0.681295
0.521372
0.686236
0.554683
0.680042
0.653433
0.706966
0.513622
0.581476
0.588028
0.525651
0.580313
0.748433
0.629646
0.495900
0.641505
0.813793
0.441236
0.559927
0.597444
0.657817
0.725881
0.698604
0.629255
0.563348
0.706358
0.753501
0.685628
0.697559
0.684047
0.598832
0.586670
0.641292
0.633522
0.655431
0.623779
0.548656
0.725134
0.873453
0.653484
0.606485
0.717443
0.461022
0.742345
0.609750
0.596580
0.588857
0.628495
0.499917
0.776373
0.672273
0.622808
0.784996
0.727112
0.734589
0.613565
0.672811
0.698065
0.617017
0.781955
0.736078
0.758376
0.698586
0.750674
0.764125
0.836259
0.665896
0.698353
0.799677
0.742686
0.686780
0.609018
0.703824
0.694996
0.579779
0.649851
0.617069
0.675812
0.718127
0.792073
0.692860
0.740418
0.721776
0.694508
0.787652
0.798115
0.694786
0.641930
0.723664
0.709393
0.757852
0.755105
0.668739
0.692217
0.688936
0.677059
0.597181
0.656997
0.751597
0.707373
0.550212
0.633540
0.673840
0.642221
0.708148
0.748912
0.586333
0.582255
0.687895
0.863478
0.645184
0.683306
0.722765
0.635513
0.588756
0.616650
0.821751
0.497777
0.447871
0.723596
0.680480
0.685049
0.728238
0.670224
0.621263
0.563735
0.611541
0.399406
0.661101
0.536890
0.744102
0.544415
0.605500
0.823892
0.736278
0.693158
0.624428
0.623886
0.652869
0.878498
0.575511
0.479501
0.774988
0.599925
0.688556
0.698648
0.744892
0.684676
0.804133
0.755684
0.820000
0.696188
0.666224
0.694808
0.813911
0.751111
0.718880
0.676191
0.792508
0.707221
0.693774
0.617580
0.448881
0.524720
0.812037
0.612876
0.623118
0.493208
0.648960
0.587645
0.767261
0.666188
0.362452
0.623245
0.755874
0.622760
0.648483
0.765544
0.708971
0.606601
0.689149
0.668046
0.724508
0.774175
0.738330
0.704656
0.649048
0.722303
0.672086
0.681263
0.667326
0.622463
0.797519
0.746319
0.687260
0.710630
0.779584
0.778192
0.589537
0.684599
0.771121
0.577473
0.671125
0.802946
0.577172
0.631605
0.604670
0.664693
0.692148
0.753068
0.698686
0.588940
0.582925
0.661722
0.801854
0.588179
0.549585
0.583097
0.577893
0.673857
0.656783
0.506245
0.561608
0.618675
0.794446
0.679228
0.693016
0.617555
0.734737
0.586862
0.924822
0.591665
0.481800
0.652038
0.780973
0.806013
0.740147
0.831159
0.817194
0.847633
0.750177
0.787894
0.830944
0.598486
0.673868
0.624809
0.705121
0.725880
0.731339
0.560711
0.662495
0.709903
0.604160
0.700140
0.727543
0.660845
0.653680
0.563531
0.718641
0.609720
0.666810
0.627578
0.553863
0.696594
0.761841
0.647343
0.647174
0.663258
0.519869
0.837601
0.633316
0.636023
0.715237
0.753441
0.721848
0.691312
0.678962
0.780051
0.656375
