0.355844
0.069806
0.129407
0.349005
0.223073
0.326932
0.218559
0.443327
0.174872
0.260870
0.293700
0.293011
0.167790
0.220001
0.599606
0.439720
0.174670
0.808949
0.490417
0.164941
0.224724
0.373326
0.260083
0.163061
0.132406
0.274345
0.140813
0.729282
0.198325
0.184957
0.206767
0.131160
0.290853
0.272142
0.407862
0.306032
0.216350
0.195131
0.161714
0.217222
0.170273
0.654393
0.204833
0.234249
0.304747
0.133491
0.401938
0.230575
0.205491
0.196306
0.230995
0.164156
0.205209
0.199883
0.162260
0.239778
0.127807
0.227858
0.332459
0.144509
0.179060
0.125960
0.187633
0.324643
0.203996
0.606043
0.258799
0.289602
0.199154
0.129285
0.115303
0.245005
0.140978
0.091243
0.252016
0.552440
0.251808
0.126978
0.218699
0.261420
0.318700
0.172723
0.259903
0.143474
0.199537
0.216587
0.249286
0.142108
0.198684
0.534125
0.214633
0.328137
0.236176
0.214750
0.300026
0.179361
0.216560
0.100954
0.201681
0.154566
0.211592
0.132132
0.304160
0.063812
0.185332
0.171691
0.178395
0.102800
0.116369
0.451610
0.312801
0.113718
0.706054
0.390422
0.153689
0.150773
0.223217
0.142480
0.138083
0.032973
0.143110
0.120979
0.674922
0.174280
0.093230
0.146480
0.103671
0.263131
0.182391
0.297987
0.195855
0.138757
0.117661
0.140166
0.119697
0.104568
0.585494
0.157296
0.224821
0.242465
0.079035
0.281044
0.120638
0.151794
0.224402
0.046836
0.160767
0.058758
0.310186
0.166432
0.080653
0.312708
0.120576
0.024392
0.065933
0.398207
0.487274
0.024931
0.726669
0.500180
0.024543
0.055462
0.194828
0.084527
0.014984
0.074232
0.125169
0.022772
0.767888
0.028770
0.052368
0.038121
0.011042
0.086696
0.080681
0.423624
0.110219
0.053410
0.048553
0.016779
0.049885
0.020400
0.695025
0.032849
0.068090
0.093257
0.021102
0.337748
0.245244
0.039610
0.178173
0.149001
0.157905
0.340242
0.153627
0.185313
0.354965
0.151520
0.173484
0.158339
0.262204
0.331720
0.181650
0.628137
0.384502
0.272330
0.172244
0.121204
0.129765
0.231287
0.160290
0.119799
0.227209
0.663886
0.228421
0.124463
0.193513
0.239476
0.290954
0.176162
0.307387
0.153403
0.202756
0.193390
0.216562
0.136313
0.197427
0.593769
0.214101
0.277191
0.237060
0.187661
0.271161
0.189296
0.186868
0.067243
0.015665
0.275051
0.187811
0.030226
0.314353
0.033476
0.018500
0.026921
0.298268
0.455624
0.010333
0.677725
0.516671
0.050694
0.007817
0.116788
0.034531
0.030074
0.111032
0.075513
0.037068
0.753778
0.024987
0.051132
0.006684
0.046425
0.055195
0.015045
0.388851
0.039521
0.020183
0.034735
0.025241
0.023471
0.022236
0.668228
0.018107
0.068353
0.030324
0.040436
0.315966
0.237372
0.018637
0.055886
0.327663
0.220764
0.084335
0.281984
0.038592
0.093403
0.066546
0.260363
0.402442
0.080684
0.703942
0.530214
0.158673
0.069039
0.094560
0.063110
0.133406
0.155456
0.094553
0.135986
0.765292
0.131296
0.127927
0.083583
0.156063
0.146061
0.061509
0.342443
0.064131
0.073165
0.098984
0.130053
0.067988
0.098918
0.653384
0.099681
0.186283
0.095649
0.133155
0.308467
0.260581
0.090523
0.298592
0.164000
0.047955
0.284603
0.021808
0.014128
0.016750
0.296512
0.427273
0.020758
0.722462
0.495710
0.079261
0.017689
0.108823
0.020393
0.047821
0.079558
0.039574
0.059557
0.759488
0.052060
0.042526
0.020098
0.065178
0.088499
0.017342
0.367032
0.032259
0.027584
0.046424
0.052858
0.010091
0.025299
0.670192
0.026737
0.109873
0.046808
0.048396
0.330976
0.225541
0.034932
0.208678
0.261636
0.317287
0.277306
0.287412
0.237576
0.303469
0.396696
0.284690
0.375803
0.376675
0.329986
0.257817
0.249859
0.258109
0.316903
0.275119
0.301319
0.304799
0.388669
0.296155
0.243724
0.286901
0.301730
0.342211
0.277334
0.279554
0.273621
0.224827
0.250601
0.299959
0.281197
0.276878
0.509007
0.306610
0.328910
0.285558
0.281243
0.298459
0.270680
0.306789
0.181347
0.240823
0.174203
0.150334
0.127222
0.327028
0.236591
0.164676
0.561997
0.218948
0.213437
0.171777
0.174194
0.136682
0.195157
0.063898
0.133564
0.172144
0.497849
0.207813
0.090623
0.186553
0.177926
0.283564
0.186350
0.196958
0.183055
0.174299
0.167611
0.191931
0.136504
0.168091
0.448748
0.187490
0.250854
0.267334
0.136699
0.293962
0.068579
0.175456
0.340917
0.056930
0.054646
0.055704
0.287710
0.457728
0.038296
0.618384
0.490772
0.069114
0.026454
0.122347
0.054991
0.058305
0.135965
0.100212
0.054462
0.721277
0.040882
0.065604
0.037618
0.076914
0.048547
0.034226
0.362793
0.055386
0.042689
0.054456
0.048916
0.044825
0.059977
0.623712
0.034115
0.056417
0.065693
0.055416
0.320280
0.231371
0.028027
0.298212
0.280670
0.253898
0.533478
0.408888
0.275422
0.754877
0.587455
0.343402
0.301881
0.343019
0.294953
0.335897
0.178949
0.319557
0.315896
0.743251
0.379139
0.299313
0.312549
0.295186
0.433483
0.333272
0.411520
0.334247
0.255282
0.219247
0.340822
0.283448
0.249576
0.711587
0.339845
0.426566
0.367542
0.259298
0.317363
0.317139
0.337620
0.054132
0.025039
0.218895
0.391339
0.052956
0.670854
0.467017
0.135168
0.031066
0.075451
0.017993
0.101447
0.122651
0.040002
0.106762
0.722605
0.092987
0.069702
0.049060
0.125103
0.118502
0.018337
0.329580
0.020633
0.049312
0.081356
0.099240
0.031479
0.069336
0.623391
0.060454
0.150890
0.059759
0.095139
0.314098
0.214150
0.058879
0.023380
0.332215
0.444820
0.013404
0.724180
0.498088
0.049686
0.023890
0.133669
0.036442
0.023850
0.059648
0.060722
0.035142
0.758659
0.031467
0.030118
0.016859
0.034715
0.079663
0.034769
0.379221
0.057206
0.025295
0.031877
0.028218
0.017148
0.009039
0.678573
0.021191
0.084941
0.050125
0.022175
0.328445
0.222802
0.034917
0.255577
0.383965
0.030662
0.664340
0.438022
0.085366
0.026765
0.086807
0.017142
0.058248
0.066525
0.040177
0.063395
0.690971
0.061741
0.032521
0.030765
0.071773
0.099529
0.023878
0.315608
0.031318
0.029828
0.042190
0.062334
0.016381
0.032360
0.601874
0.035858
0.117575
0.054534
0.045960
0.316386
0.183045
0.046770
0.460653
0.330568
0.599583
0.410323
0.418375
0.290911
0.152297
0.204449
0.388886
0.380947
0.239452
0.388487
0.633086
0.345559
0.275759
0.322068
0.419580
0.369634
0.247083
0.384182
0.199447
0.311737
0.346169
0.367022
0.274058
0.352311
0.595444
0.328186
0.391781
0.268448
0.373732
0.405011
0.364975
0.322912
0.442063
0.450025
0.321447
0.547842
0.444318
0.382084
0.395057
0.530589
0.346496
0.353887
0.500090
0.460805
0.525425
0.393230
0.472055
0.494022
0.604633
0.453024
0.212995
0.421376
0.444835
0.450575
0.500388
0.414010
0.464203
0.251157
0.503637
0.584541
0.546545
0.449626
0.371795
0.149277
0.461864
0.694229
0.509654
0.036344
0.015131
0.132534
0.041267
0.021630
0.080005
0.083030
0.023722
0.765774
0.026944
0.045019
0.012010
0.025351
0.068188
0.032940
0.384719
0.053112
0.021252
0.024795
0.015442
0.021406
0.010256
0.668415
0.019488
0.068668
0.054086
0.022059
0.290874
0.222306
0.016294
0.457730
0.709037
0.671652
0.606076
0.679656
0.725372
0.725428
0.680964
0.689100
0.382165
0.687588
0.654730
0.697623
0.725157
0.677674
0.663400
0.520057
0.688522
0.685135
0.685182
0.694078
0.711471
0.723518
0.301429
0.711725
0.644068
0.722786
0.690715
0.554127
0.431165
0.662246
0.534790
0.506141
0.394069
0.435986
0.524577
0.398788
0.410009
0.497314
0.300730
0.523419
0.390074
0.525011
0.534464
0.582207
0.481058
0.307941
0.474035
0.535207
0.537094
0.521303
0.455497
0.529996
0.323934
0.503047
0.546749
0.590113
0.497968
0.512702
0.211654
0.474716
0.064552
0.217252
0.112271
0.009771
0.129546
0.172576
0.010498
0.791439
0.025076
0.089200
0.038114
0.024209
0.041881
0.078929
0.472345
0.132280
0.069011
0.049958
0.017789
0.076234
0.039850
0.705996
0.026631
0.034597
0.086214
0.038938
0.384196
0.285469
0.031311
0.102807
0.029019
0.042513
0.104418
0.070252
0.042367
0.732164
0.031154
0.044109
0.014858
0.050916
0.061695
0.017372
0.366794
0.032321
0.017479
0.043938
0.033583
0.020413
0.030913
0.655333
0.022480
0.074783
0.039036
0.042223
0.315765
0.226810
0.023406
0.067642
0.182809
0.173867
0.091020
0.179418
0.670018
0.165979
0.100890
0.132183
0.195991
0.201372
0.086882
0.339652
0.085111
0.121055
0.154881
0.172466
0.090747
0.151753
0.590941
0.142617
0.219269
0.137003
0.161927
0.320269
0.209707
0.136016
0.080522
0.085921
0.029472
0.087160
0.713709
0.073328
0.031789
0.040305
0.091854
0.113388
0.022366
0.323904
0.016483
0.043336
0.067537
0.078410
0.013308
0.050441
0.623120
0.047668
0.130161
0.060331
0.064720
0.310035
0.198957
0.051401
0.104874
0.127233
0.011334
0.782246
0.013910
0.061176
0.021152
0.018290
0.047142
0.055365
0.448807
0.100899
0.045996
0.041071
0.009891
0.048565
0.021578
0.714220
0.014704
0.042759
0.062331
0.028051
0.371189
0.271635
0.024368
0.086227
0.101943
0.684656
0.134018
0.050413
0.106392
0.089451
0.207723
0.128046
0.298174
0.123407
0.092598
0.077035
0.112605
0.062596
0.064618
0.626293
0.107232
0.193249
0.179380
0.055629
0.292121
0.159928
0.113497
0.136258
0.690971
0.124201
0.050305
0.085662
0.141212
0.171374
0.056802
0.289356
0.044617
0.088075
0.112330
0.129783
0.039131
0.087285
0.597267
0.092086
0.187227
0.111707
0.099813
0.334844
0.171821
0.097445
0.751849
0.022232
0.060106
0.031332
0.021458
0.048824
0.062743
0.418584
0.102594
0.055332
0.040963
0.012179
0.056465
0.032876
0.674927
0.023433
0.039819
0.079916
0.024311
0.350013
0.234617
0.024834
0.746643
0.669435
0.769855
0.772142
0.797574
0.741205
0.290118
0.712383
0.728054
0.764996
0.757918
0.735427
0.782584
0.278346
0.766928
0.755169
0.791873
0.752123
0.680011
0.453637
0.754880
0.060217
0.020917
0.029704
0.032131
0.046322
0.424062
0.083254
0.039871
0.055754
0.009601
0.051260
0.035505
0.679368
0.015372
0.027316
0.043960
0.038368
0.373592
0.270406
0.025092
0.050662
0.064244
0.116237
0.055791
0.320770
0.055651
0.059408
0.061712
0.059088
0.024410
0.047551
0.605187
0.050557
0.107526
0.095646
0.033506
0.315632
0.163393
0.057982
0.033564
0.049322
0.022458
0.409911
0.055917
0.023119
0.032312
0.022051
0.027039
0.019329
0.679986
0.014399
0.058461
0.034276
0.033681
0.348218
0.248082
0.020443
0.082889
0.083613
0.429124
0.119084
0.045084
0.045495
0.017195
0.058351
0.025979
0.700324
0.037628
0.062661
0.095101
0.021656
0.345722
0.250062
0.041617
0.060566
0.492799
0.113059
0.083006
0.084909
0.052033
0.094970
0.081392
0.706200
0.034000
0.021447
0.059028
0.084175
0.443903
0.340072
0.046546
0.383870
0.029277
0.037582
0.060860
0.058722
0.023388
0.046318
0.644638
0.022816
0.087829
0.030758
0.068152
0.347575
0.232750
0.029876
0.324115
0.355735
0.392291
0.423921
0.351890
0.400248
0.320135
0.419604
0.465344
0.450957
0.377383
0.360886
0.173472
0.401896
0.054602
0.080569
0.090589
0.026954
0.069976
0.639215
0.059538
0.139159
0.058602
0.088907
0.317181
0.234278
0.062745
0.034521
0.040300
0.031636
0.022146
0.672328
0.034770
0.093251
0.042914
0.041836
0.298947
0.246333
0.044078
0.040578
0.046236
0.021044
0.694464
0.045220
0.087521
0.070307
0.025852
0.292423
0.242936
0.049598
0.050060
0.025820
0.684690
0.022165
0.039484
0.063229
0.025682
0.331441
0.253454
0.021380
0.027608
0.650268
0.025718
0.107753
0.061264
0.040375
0.320939
0.206986
0.031794
0.705694
0.026606
0.082352
0.054955
0.021917
0.301463
0.244839
0.036150
0.679580
0.672987
0.735132
0.659227
0.610962
0.285688
0.643589
0.047054
0.041481
0.036089
0.376346
0.256641
0.013965
0.085780
0.067335
0.412034
0.299382
0.048594
0.091476
0.382057
0.330492
0.064467
0.303721
0.205115
0.040115
0.290542
0.323758
0.225045
