0.229984
0.223170
0.235234
0.225603
0.186519
0.244762
0.208851
0.196168
0.187820
0.173424
0.374751
0.208239
0.566676
0.267274
0.127765
0.236057
0.262688
0.213090
0.533727
0.187639
0.198828
0.244719
0.226149
0.206900
0.333982
0.277527
0.372266
0.256046
0.210135
0.818195
0.445826
0.373647
0.206024
0.265553
0.186991
0.173914
0.178639
0.209209
0.237717
0.217322
0.306362
0.258633
0.170387
0.162013
0.155117
0.195882
0.157332
0.179352
0.231478
0.016626
0.109779
0.070307
0.075641
0.038925
0.037368
0.081428
0.261717
0.104687
0.197806
0.099005
0.724738
0.039292
0.167177
0.045907
0.105564
0.020673
0.330396
0.029543
0.088320
0.037223
0.067822
0.055706
0.038408
0.133710
0.555167
0.107249
0.091130
0.671217
0.716164
0.112631
0.087049
0.060203
0.150674
0.072266
0.489626
0.079486
0.076111
0.070411
0.594613
0.037930
0.048561
0.115378
0.058156
0.115848
0.202932
0.115462
0.108658
0.126282
0.089727
0.071531
0.041417
0.038552
0.102738
0.291958
0.135916
0.166985
0.077757
0.660506
0.043002
0.176337
0.034530
0.121358
0.015889
0.360319
0.027122
0.092218
0.047965
0.068970
0.064414
0.055497
0.152584
0.502709
0.108467
0.056227
0.691990
0.670241
0.122916
0.073944
0.063283
0.177006
0.098114
0.483527
0.104357
0.093272
0.079511
0.561974
0.060154
0.067119
0.138139
0.072466
0.141766
0.233025
0.146848
0.105080
0.022960
0.034953
0.045724
0.068404
0.026331
0.209282
0.028924
0.406262
0.243184
0.712297
0.077735
0.115797
0.094844
0.024584
0.129644
0.223555
0.067332
0.023788
0.071224
0.030199
0.025617
0.114089
0.020728
0.629229
0.053933
0.174260
0.822868
0.684521
0.291877
0.138666
0.169276
0.081853
0.070999
0.447220
0.050876
0.031701
0.035702
0.645427
0.074076
0.035486
0.099272
0.033677
0.024089
0.097747
0.037373
0.245073
0.037211
0.029613
0.035333
0.011708
0.228437
0.029918
0.358671
0.224085
0.717918
0.057962
0.104515
0.074164
0.022226
0.089777
0.248816
0.042915
0.021504
0.053118
0.019925
0.019901
0.077297
0.028386
0.620773
0.049427
0.153881
0.789203
0.718499
0.255794
0.110427
0.143353
0.088288
0.053577
0.472367
0.041607
0.016798
0.047821
0.649642
0.048387
0.019677
0.085115
0.030546
0.030394
0.110472
0.026466
0.209597
0.029946
0.035083
0.040968
0.211001
0.055123
0.298783
0.158825
0.604926
0.041065
0.129421
0.042727
0.039092
0.075688
0.251250
0.040999
0.016672
0.044272
0.020770
0.024703
0.088552
0.046777
0.513034
0.041900
0.089285
0.792283
0.604452
0.224575
0.079029
0.123441
0.114754
0.081756
0.412490
0.067903
0.033429
0.024028
0.553722
0.075576
0.037798
0.113676
0.029831
0.050059
0.141300
0.070516
0.180401
0.014997
0.041679
0.272816
0.073160
0.277132
0.154453
0.662848
0.021564
0.151690
0.028906
0.041710
0.049604
0.243098
0.022621
0.031124
0.028467
0.019565
0.023832
0.036390
0.056047
0.571139
0.042962
0.095598
0.751808
0.678897
0.190283
0.087686
0.094468
0.133675
0.076957
0.497992
0.065109
0.025679
0.033542
0.621274
0.042461
0.038361
0.118387
0.046490
0.075400
0.178083
0.080229
0.162222
0.040617
0.277729
0.077832
0.267531
0.146583
0.638526
0.027781
0.147913
0.033355
0.054271
0.041890
0.254465
0.019573
0.033938
0.031765
0.030542
0.039524
0.046681
0.072664
0.536622
0.039189
0.088535
0.769956
0.644836
0.202247
0.087202
0.100326
0.146284
0.082184
0.457865
0.079583
0.028727
0.045777
0.571245
0.056095
0.043430
0.126824
0.054266
0.087925
0.176411
0.082301
0.153965
0.222039
0.022980
0.388562
0.236167
0.689548
0.060082
0.102712
0.075122
0.025422
0.106763
0.222965
0.049684
0.019781
0.050190
0.027302
0.033560
0.096856
0.037432
0.606403
0.040543
0.158213
0.801950
0.677605
0.270190
0.114948
0.145695
0.092114
0.066362
0.432689
0.057509
0.021439
0.043477
0.615716
0.072877
0.022464
0.096382
0.035673
0.031057
0.108949
0.020624
0.211588
0.151193
0.457694
0.280193
0.689203
0.302170
0.148321
0.302112
0.265317
0.256397
0.511998
0.260127
0.240440
0.274583
0.238556
0.204722
0.352941
0.255489
0.593410
0.325147
0.333220
0.730921
0.705814
0.319608
0.259869
0.287657
0.099465
0.139135
0.336836
0.147121
0.240665
0.221308
0.563377
0.216579
0.170855
0.122698
0.151406
0.140159
0.141887
0.161336
0.270080
0.413632
0.241462
0.719814
0.098989
0.081861
0.118151
0.040376
0.132620
0.251523
0.075812
0.036916
0.082140
0.044469
0.035023
0.142512
0.041978
0.611667
0.080242
0.194319
0.814945
0.688946
0.291556
0.138300
0.173437
0.049208
0.040675
0.400048
0.038759
0.038760
0.049535
0.599836
0.068138
0.022587
0.066008
0.026737
0.011774
0.063952
0.013553
0.225513
0.117020
0.722363
0.275571
0.396676
0.226183
0.416962
0.166225
0.670999
0.236149
0.365094
0.287295
0.334092
0.303638
0.269331
0.450239
0.403276
0.378272
0.127063
0.616813
0.729663
0.177834
0.207752
0.180719
0.419098
0.313971
0.622755
0.347876
0.370877
0.332281
0.599754
0.279467
0.318270
0.339820
0.305909
0.412490
0.481256
0.424607
0.183522
0.597195
0.153928
0.234218
0.125199
0.267106
0.064798
0.498147
0.119206
0.212403
0.153665
0.193847
0.170494
0.173989
0.292370
0.358629
0.240428
0.086274
0.618364
0.551125
0.118066
0.128071
0.107245
0.242310
0.172667
0.413834
0.191984
0.218505
0.171895
0.471302
0.157915
0.167924
0.190317
0.151215
0.243637
0.303521
0.264896
0.095018
0.633877
0.703346
0.598861
0.693374
0.644113
0.725945
0.672628
0.639204
0.662823
0.652326
0.700507
0.719281
0.715147
0.475961
0.635832
0.580480
0.864284
0.405250
0.707887
0.584309
0.661786
0.741020
0.766830
0.649391
0.734742
0.685220
0.632513
0.635269
0.750610
0.697177
0.725490
0.681212
0.709660
0.794074
0.726942
0.625437
0.213009
0.021949
0.052639
0.058042
0.212956
0.045434
0.041520
0.010110
0.032537
0.047287
0.028638
0.081349
0.592981
0.050588
0.097025
0.723215
0.676488
0.162918
0.082566
0.068293
0.189017
0.116700
0.512055
0.107768
0.046159
0.031110
0.618905
0.067743
0.060207
0.171266
0.066024
0.106660
0.233945
0.120333
0.142073
0.201204
0.151951
0.165372
0.443760
0.118965
0.132502
0.186523
0.129601
0.115750
0.236959
0.151568
0.534672
0.187831
0.228052
0.792296
0.635584
0.330367
0.202786
0.229872
0.039606
0.060243
0.316089
0.060060
0.129525
0.157956
0.502888
0.134423
0.071085
0.030209
0.078564
0.074696
0.056067
0.065587
0.246725
0.084104
0.050079
0.265521
0.038878
0.054678
0.032489
0.046718
0.055830
0.064588
0.111413
0.507508
0.054803
0.045656
0.751572
0.636225
0.164321
0.044657
0.080790
0.189940
0.126497
0.497380
0.119959
0.070175
0.049403
0.592977
0.084343
0.072959
0.168822
0.073631
0.122875
0.254295
0.130068
0.150732
0.134829
0.178177
0.074084
0.013512
0.052099
0.017399
0.032973
0.085004
0.011484
0.666013
0.039734
0.180491
0.814663
0.703734
0.292650
0.133708
0.156666
0.126011
0.089065
0.492809
0.073429
0.018765
0.036413
0.658649
0.077213
0.045360
0.132859
0.052097
0.042915
0.136787
0.053526
0.243359
0.380905
0.030709
0.103139
0.063903
0.081690
0.070000
0.067855
0.159601
0.488853
0.120214
0.070189
0.679198
0.666110
0.124012
0.078739
0.079009
0.159028
0.092017
0.470373
0.089982
0.092540
0.086662
0.569884
0.055193
0.067965
0.121153
0.071573
0.132746
0.226828
0.138585
0.107100
0.310025
0.208669
0.221464
0.225570
0.268718
0.256351
0.183319
0.836186
0.159211
0.405994
0.922885
0.727519
0.486939
0.361515
0.349174
0.375725
0.361456
0.655517
0.327750
0.201167
0.195918
0.778039
0.307053
0.288706
0.425926
0.304758
0.269094
0.403074
0.281779
0.465150
0.049400
0.051306
0.042319
0.036847
0.068195
0.093750
0.490691
0.058996
0.071603
0.767302
0.653765
0.199334
0.088187
0.110450
0.120794
0.069568
0.448352
0.063861
0.047503
0.052124
0.571254
0.049318
0.035241
0.100568
0.044192
0.082234
0.164072
0.079401
0.160308
0.041021
0.011195
0.021967
0.089591
0.024306
0.581921
0.027404
0.127024
0.812278
0.635057
0.268722
0.095223
0.135825
0.120613
0.082766
0.432031
0.072434
0.019771
0.022678
0.589835
0.076155
0.034780
0.121847
0.034823
0.042000
0.129606
0.050473
0.202996
0.032284
0.042283
0.035181
0.079360
0.599994
0.060130
0.110766
0.718282
0.671146
0.152582
0.083631
0.060358
0.164579
0.093230
0.476612
0.095951
0.046628
0.032114
0.598622
0.061248
0.046115
0.145058
0.052693
0.091265
0.199150
0.103225
0.133030
0.014336
0.067432
0.029483
0.602754
0.040593
0.122612
0.776857
0.673274
0.230268
0.085972
0.113529
0.111419
0.069119
0.473639
0.055467
0.020786
0.023675
0.616331
0.049909
0.027501
0.105677
0.032902
0.044325
0.142692
0.057820
0.183713
0.075771
0.038415
0.584104
0.060180
0.116526
0.761842
0.685861
0.212772
0.078830
0.108616
0.086000
0.044938
0.462284
0.038545
0.031999
0.026794
0.610389
0.030160
0.018707
0.079109
0.017720
0.034742
0.117023
0.048376
0.170183
0.110568
0.641003
0.101864
0.145369
0.675697
0.754779
0.149197
0.137227
0.074975
0.218663
0.123856
0.570985
0.120629
0.069511
0.078684
0.663267
0.063611
0.084081
0.178963
0.099303
0.150695
0.252932
0.153982
0.147326
0.684610
0.054211
0.208465
0.838039
0.708382
0.328421
0.157546
0.193414
0.117961
0.090261
0.492888
0.073865
0.023701
0.050384
0.677036
0.086410
0.055973
0.133963
0.060166
0.041190
0.123177
0.055202
0.272383
0.582129
0.374378
0.881652
0.390824
0.568030
0.485895
0.583095
0.607641
0.593117
0.501008
0.613582
0.619749
0.576502
0.447640
0.625479
0.572070
0.557572
0.550445
0.623492
0.620417
0.615361
0.503925
0.128149
0.869573
0.622645
0.304995
0.117224
0.168832
0.172719
0.139972
0.484925
0.116719
0.037600
0.044077
0.617942
0.113571
0.078459
0.186831
0.085505
0.085943
0.201667
0.089610
0.258409
0.746855
0.587601
0.188750
0.053030
0.115774
0.247571
0.178007
0.477899
0.186156
0.155576
0.123028
0.539301
0.153625
0.137388
0.211695
0.126154
0.199600
0.304869
0.204920
0.152475
1.011444
0.427135
0.700839
0.566122
0.804911
0.739811
0.885838
0.752799
0.810524
0.792615
0.946506
0.713594
0.743928
0.733909
0.745523
0.805143
0.831911
0.802978
0.462276
0.756048
0.639457
0.676363
0.703980
0.728441
0.424193
0.718367
0.692288
0.623989
0.322705
0.766477
0.683877
0.692858
0.657023
0.688516
0.688173
0.711122
0.644208
0.172688
0.085749
0.301460
0.212271
0.573883
0.228217
0.262397
0.221256
0.613174
0.171883
0.205839
0.243478
0.201167
0.283651
0.378455
0.306810
0.098213
0.099393
0.198592
0.134303
0.502778
0.145578
0.124858
0.102091
0.605230
0.113811
0.102693
0.169760
0.091500
0.139418
0.263758
0.147486
0.141330
0.223022
0.133400
0.497099
0.152601
0.145518
0.105141
0.566040
0.104744
0.110571
0.168526
0.110695
0.181478
0.267486
0.191770
0.050940
0.038192
0.376209
0.028096
0.109340
0.119279
0.577593
0.089213
0.056834
0.026802
0.056942
0.037951
0.055740
0.048157
0.261117
0.399938
0.024150
0.065838
0.088393
0.567467
0.040212
0.027723
0.026704
0.029153
0.043098
0.063961
0.047543
0.169802
0.435069
0.475171
0.436553
0.209313
0.510170
0.402410
0.378926
0.374759
0.412415
0.293666
0.414904
0.424902
0.056926
0.068740
0.609485
0.034499
0.023827
0.025998
0.029240
0.026870
0.081073
0.041512
0.204564
0.038794
0.634772
0.060838
0.034878
0.111054
0.046485
0.044288
0.132796
0.046463
0.212632
0.581921
0.062572
0.038987
0.123640
0.035928
0.052805
0.156193
0.078301
0.178310
0.647950
0.579157
0.550671
0.555937
0.618324
0.511784
0.624431
0.505754
0.033020
0.070687
0.041190
0.070832
0.145890
0.080621
0.159951
0.047643
0.009779
0.026099
0.085690
0.028808
0.156255
0.051562
0.058202
0.063738
0.059712
0.198351
0.025115
0.078528
0.040145
0.153884
0.067440
0.019800
0.240282
0.067035
0.287774
0.242645
