0.604184
0.633127
0.430144
0.578952
0.624319
0.339726
0.601017
0.535757
0.359677
0.467202
0.301511
0.445503
0.538086
0.657127
0.359884
0.545084
0.602952
0.469695
0.528640
0.500555
0.701456
0.632697
0.497423
0.662520
0.469737
0.436413
0.377305
0.571422
0.685993
0.417580
0.646755
0.668743
0.590141
0.481751
0.463901
0.648443
0.558349
0.473976
0.556048
0.616439
0.650442
0.674465
0.453418
0.591082
0.557007
0.515646
0.461610
0.590734
0.560223
0.018709
0.178217
0.199800
0.040727
0.474313
0.019021
0.081464
0.399311
0.150069
0.262994
0.298182
0.031225
0.045217
0.344950
0.025895
0.088066
0.502521
0.081467
0.258560
0.027699
0.049034
0.078688
0.079391
0.071818
0.101289
0.457868
0.015564
0.148435
0.600823
0.189400
0.042286
0.041833
0.089206
0.216851
0.028274
0.060182
0.117549
0.139637
0.049526
0.092578
0.059191
0.469147
0.036519
0.048466
0.740810
0.718726
0.022807
0.040198
0.226920
0.194212
0.032160
0.497945
0.033722
0.095182
0.471357
0.202250
0.310574
0.347995
0.051088
0.067545
0.391149
0.041471
0.071344
0.531830
0.106523
0.285977
0.022648
0.028924
0.106452
0.064033
0.098256
0.118903
0.517129
0.025980
0.145259
0.625357
0.193374
0.046255
0.028981
0.125683
0.254585
0.027465
0.070633
0.140270
0.147079
0.049785
0.058663
0.032593
0.476654
0.037918
0.064402
0.739685
0.719280
0.023415
0.060003
0.411817
0.232018
0.190269
0.151464
0.096801
0.135842
0.101032
0.052188
0.125695
0.093673
0.166721
0.106310
0.129992
0.291830
0.250802
0.120330
0.074407
0.259749
0.284070
0.087840
0.323722
0.101479
0.060788
0.284545
0.146002
0.344706
0.295756
0.377935
0.221837
0.174847
0.046670
0.097748
0.215979
0.110470
0.081624
0.214434
0.181349
0.350686
0.308342
0.413551
0.145677
0.117503
0.668393
0.600169
0.212175
0.101418
0.141174
0.596934
0.223152
0.296329
0.531107
0.236819
0.431139
0.476452
0.246419
0.327957
0.470188
0.173563
0.142075
0.662188
0.213358
0.510401
0.246812
0.142494
0.266265
0.106558
0.268937
0.338861
0.501315
0.197125
0.162551
0.701679
0.105524
0.210377
0.253962
0.310459
0.384345
0.183234
0.298167
0.313390
0.188063
0.310529
0.151761
0.171667
0.455959
0.279030
0.265452
0.535736
0.598228
0.139667
0.301202
0.482186
0.047523
0.103804
0.457837
0.149305
0.305652
0.339883
0.071648
0.116991
0.354649
0.030969
0.040521
0.518745
0.076913
0.299804
0.062553
0.018768
0.096236
0.022896
0.097599
0.156224
0.461813
0.033278
0.082679
0.598865
0.109710
0.036104
0.065982
0.137467
0.212417
0.021049
0.091475
0.137014
0.094858
0.109851
0.040787
0.041365
0.448627
0.078929
0.088218
0.695609
0.699780
0.030413
0.102006
0.422013
0.322741
0.253617
0.303899
0.178170
0.241294
0.359954
0.493471
0.101082
0.396438
0.481996
0.288587
0.333061
0.211542
0.559593
0.506167
0.298851
0.558397
0.322278
0.273760
0.312157
0.418675
0.553220
0.210159
0.581423
0.486179
0.413230
0.270566
0.222271
0.484720
0.343415
0.253786
0.361611
0.425664
0.553824
0.553224
0.448499
0.397833
0.381975
0.565501
0.545622
0.468834
0.392477
0.069216
0.393329
0.147236
0.227066
0.256885
0.024486
0.052856
0.309079
0.028549
0.107056
0.442609
0.083602
0.207648
0.043562
0.067282
0.069751
0.105612
0.069339
0.082943
0.434068
0.025527
0.171967
0.536928
0.217248
0.041828
0.033607
0.071740
0.180247
0.046121
0.037589
0.097939
0.137946
0.043089
0.115066
0.090330
0.465312
0.031480
0.045881
0.727937
0.696164
0.037582
0.036385
0.325766
0.128622
0.167915
0.147183
0.042664
0.105017
0.229604
0.064626
0.125734
0.298523
0.066904
0.105096
0.125254
0.119363
0.058484
0.166094
0.043933
0.046246
0.381954
0.054798
0.199005
0.394117
0.246336
0.076475
0.069859
0.041467
0.164351
0.094059
0.019977
0.032712
0.088429
0.075223
0.178368
0.154511
0.364420
0.051381
0.030428
0.612378
0.570854
0.099194
0.057136
0.191312
0.115714
0.266173
0.299358
0.386598
0.132111
0.327033
0.502568
0.375467
0.274305
0.263279
0.519379
0.512903
0.258557
0.522884
0.290797
0.252530
0.257619
0.365042
0.532918
0.396007
0.498959
0.472655
0.427733
0.214090
0.204753
0.444694
0.355600
0.257484
0.410120
0.439602
0.570731
0.531268
0.425391
0.383018
0.327393
0.659773
0.580401
0.414232
0.312377
0.132185
0.212979
0.112237
0.210396
0.127941
0.081585
0.187670
0.418095
0.052918
0.229488
0.248774
0.200073
0.071989
0.195412
0.088781
0.143320
0.222234
0.118582
0.194569
0.467291
0.177826
0.171845
0.200883
0.098044
0.077344
0.145774
0.160757
0.094058
0.123263
0.235243
0.263245
0.244947
0.314989
0.186028
0.126992
0.594111
0.585280
0.152432
0.154213
0.146288
0.168477
0.262738
0.088318
0.196732
0.354383
0.208187
0.175089
0.115115
0.356140
0.356671
0.129957
0.397099
0.139399
0.099712
0.206712
0.228799
0.431496
0.247838
0.416364
0.307327
0.248971
0.104255
0.092653
0.310160
0.174276
0.112599
0.266171
0.257879
0.417126
0.397831
0.364249
0.227627
0.187199
0.598715
0.516217
0.282152
0.177638
0.210941
0.308444
0.224900
0.245485
0.379704
0.135848
0.235696
0.069746
0.388681
0.377863
0.232519
0.427499
0.194855
0.155676
0.357181
0.278003
0.443760
0.165467
0.460848
0.308026
0.293907
0.111364
0.248631
0.349215
0.175486
0.147675
0.239181
0.284581
0.458851
0.439452
0.357552
0.263657
0.203382
0.530384
0.506333
0.325387
0.228953
0.048643
0.242480
0.022555
0.117031
0.385531
0.061734
0.152547
0.072577
0.094737
0.051239
0.134222
0.053076
0.035969
0.386886
0.019362
0.182600
0.480303
0.239576
0.063318
0.032964
0.033193
0.153894
0.057113
0.030962
0.060216
0.134862
0.045793
0.143630
0.103132
0.413809
0.020434
0.024599
0.696155
0.654652
0.047994
0.015368
0.364681
0.075674
0.185253
0.463454
0.120941
0.236072
0.050190
0.140966
0.113753
0.182237
0.131905
0.101836
0.470643
0.060285
0.241175
0.593971
0.301219
0.077414
0.072788
0.086736
0.245382
0.094953
0.066521
0.150068
0.247358
0.042488
0.186162
0.121660
0.527020
0.041704
0.053507
0.793358
0.729051
0.074934
0.021977
0.254586
0.367029
0.310617
0.169575
0.205434
0.444600
0.396232
0.155914
0.424186
0.207976
0.200494
0.193269
0.286616
0.407573
0.317734
0.419444
0.351440
0.329586
0.171168
0.091734
0.347286
0.255866
0.144898
0.265914
0.344767
0.452841
0.439572
0.302430
0.303856
0.256652
0.549989
0.512055
0.342509
0.276382
0.085913
0.438852
0.045478
0.215762
0.072523
0.060857
0.050382
0.080200
0.053706
0.079570
0.373019
0.017301
0.136227
0.523377
0.161161
0.052349
0.051445
0.062098
0.141051
0.035450
0.058675
0.080098
0.107525
0.081835
0.105830
0.081934
0.388381
0.049531
0.041468
0.681614
0.666149
0.030424
0.046830
0.541178
0.091534
0.342898
0.103193
0.023671
0.123627
0.027979
0.125840
0.199240
0.480081
0.058679
0.043021
0.610130
0.110546
0.054451
0.102052
0.186552
0.273751
0.040244
0.133260
0.149093
0.071326
0.146279
0.024903
0.042362
0.394414
0.119102
0.126452
0.605519
0.626080
0.064348
0.162757
0.410600
0.124345
0.566200
0.556885
0.387610
0.613038
0.364765
0.276087
0.450221
0.462255
0.622046
0.071643
0.661960
0.464360
0.454970
0.269004
0.382993
0.539442
0.308793
0.276975
0.399079
0.425562
0.603047
0.601978
0.471412
0.414856
0.372103
0.527745
0.476176
0.526353
0.381917
0.213890
0.139370
0.097947
0.033205
0.107686
0.066904
0.110896
0.284604
0.049779
0.124211
0.497552
0.135041
0.068999
0.114495
0.065316
0.108708
0.071995
0.076236
0.053896
0.084062
0.128048
0.147419
0.129065
0.311559
0.092139
0.055394
0.579196
0.557315
0.070477
0.084676
0.319432
0.339909
0.177950
0.398785
0.157576
0.084494
0.384910
0.221754
0.418265
0.181098
0.480066
0.263403
0.206993
0.086071
0.202115
0.293428
0.117261
0.105881
0.239686
0.209243
0.405124
0.374025
0.440072
0.183841
0.163400
0.661123
0.591338
0.295133
0.159799
0.059870
0.127080
0.099255
0.134478
0.156871
0.557237
0.044296
0.166317
0.673889
0.243128
0.045356
0.051067
0.151625
0.294656
0.047964
0.087699
0.182326
0.197999
0.049321
0.087834
0.049909
0.537709
0.051725
0.085491
0.811152
0.787579
0.043850
0.071395
0.116865
0.018432
0.114230
0.182104
0.513150
0.043382
0.087358
0.634651
0.124874
0.043471
0.070266
0.169006
0.271621
0.027232
0.105956
0.150526
0.094243
0.105702
0.019875
0.024871
0.442744
0.084974
0.103614
0.669500
0.683689
0.033635
0.126873
0.152915
0.033223
0.077544
0.287620
0.047830
0.188329
0.462160
0.213635
0.088162
0.089121
0.059002
0.072999
0.085127
0.058982
0.036671
0.106644
0.103806
0.172749
0.154091
0.361518
0.074778
0.061247
0.657480
0.623613
0.085524
0.072899
0.156983
0.241972
0.511294
0.070498
0.055810
0.686142
0.073832
0.064356
0.122715
0.212505
0.293909
0.039096
0.161071
0.199129
0.104866
0.172507
0.025679
0.037743
0.460605
0.139968
0.146961
0.666609
0.693804
0.054711
0.173779
0.056603
0.322321
0.051498
0.202109
0.438124
0.222119
0.104136
0.086250
0.065390
0.105901
0.085044
0.058029
0.035784
0.090133
0.107425
0.173622
0.165880
0.367350
0.079575
0.066679
0.674941
0.641235
0.098605
0.077048
0.351879
0.080224
0.294391
0.365584
0.336127
0.145579
0.068332
0.035287
0.146693
0.144318
0.044961
0.052523
0.176569
0.077226
0.239088
0.201736
0.397141
0.053349
0.050202
0.668801
0.592183
0.125972
0.039165
0.420065
0.510435
0.457561
0.413592
0.471917
0.471063
0.318705
0.181149
0.480084
0.402901
0.295972
0.400495
0.482439
0.573369
0.574284
0.358710
0.452756
0.369927
0.567045
0.510099
0.441179
0.400016
0.113772
0.552606
0.174434
0.032614
0.035196
0.072281
0.179023
0.018301
0.048200
0.079883
0.104166
0.056872
0.079257
0.054164
0.416777
0.031389
0.038837
0.697687
0.674215
0.026391
0.039553
0.688306
0.097476
0.091375
0.192626
0.256836
0.323565
0.073048
0.222250
0.230792
0.113843
0.248715
0.077679
0.094177
0.442541
0.209596
0.199773
0.639456
0.680460
0.126632
0.237228
0.716885
0.577037
0.541340
0.353426
0.412483
0.625347
0.415534
0.358815
0.446205
0.538369
0.672804
0.685531
0.526236
0.523177
0.485082
0.519059
0.507749
0.611824
0.497049
0.164731
0.261628
0.283583
0.302723
0.145295
0.266236
0.257152
0.132611
0.318418
0.144709
0.169969
0.446552
0.269061
0.224449
0.579216
0.611040
0.139391
0.280362
0.068040
0.115821
0.236234
0.032223
0.059657
0.115819
0.105635
0.073219
0.073795
0.058014
0.436076
0.060641
0.058466
0.669346
0.661767
0.043953
0.079261
0.097098
0.213857
0.058895
0.046761
0.103686
0.159162
0.032725
0.103390
0.076936
0.460583
0.018666
0.050491
0.740424
0.693516
0.051521
0.044887
0.127373
0.132002
0.037911
0.042932
0.147186
0.089585
0.235781
0.193924
0.362361
0.064082
0.040395
0.622555
0.576935
0.105870
0.040177
0.220946
0.167530
0.100633
0.203781
0.244627
0.332933
0.323989
0.382316
0.207376
0.175383
0.708921
0.663522
0.223336
0.181404
0.091413
0.124465
0.098002
0.093363
0.051176
0.034926
0.450520
0.068146
0.079028
0.726387
0.725342
0.037076
0.086654
0.047013
0.123033
0.035595
0.163357
0.136906
0.413006
0.026213
0.026659
0.652384
0.604699
0.075971
0.032624
0.093292
0.113949
0.215908
0.199221
0.312520
0.082940
0.058330
0.588890
0.548933
0.127549
0.084385
0.194248
0.137639
0.155889
0.354838
0.163761
0.130380
0.515414
0.547833
0.123667
0.193181
0.150756
0.107732
0.480573
0.018105
0.048194
0.716699
0.671024
0.068098
0.035141
0.025060
0.477948
0.128073
0.164789
0.680375
0.695302
0.069581
0.178573
0.494577
0.089592
0.119918
0.725746
0.734146
0.044421
0.128153
0.455390
0.377106
0.375097
0.367568
0.433809
0.448426
0.029749
0.719595
0.669642
0.049514
0.020041
0.637050
0.583800
0.055411
0.025034
0.108678
0.665028
0.721984
0.659184
0.649739
0.065127
