0.568278
0.608528
0.656022
0.614368
0.668802
0.618116
0.747271
0.668206
0.607806
0.733509
0.667154
0.711482
0.701405
0.661976
0.819552
0.674617
0.708112
0.675400
0.640956
0.621928
0.602003
0.472640
0.662605
0.697930
0.707557
0.592034
0.634045
0.591218
0.797680
0.453900
0.624056
0.727763
0.694047
0.792781
0.598307
0.602823
0.791957
0.689393
0.759924
0.695087
0.640339
0.603847
0.616551
0.741458
0.579294
0.590907
0.871269
0.686552
0.630385
0.589802
0.531870
0.396380
0.607356
0.627159
0.700380
0.504211
0.727957
0.687570
0.640713
0.513249
0.460884
0.543265
0.541437
0.626430
0.823368
0.570118
0.666542
0.576668
0.473620
0.464405
0.482282
0.538811
0.777667
0.630102
0.565774
0.616778
0.794947
0.742772
0.578560
0.564485
0.472070
0.664573
0.408542
0.535428
0.659338
0.530886
0.705016
0.600591
0.544979
0.465911
0.525422
0.749264
0.487197
0.489412
0.805145
0.521403
0.607893
0.636511
0.673647
0.651282
0.437411
0.679446
0.613084
0.568542
0.673925
0.517516
0.651079
0.658727
0.662221
0.771025
0.558741
0.687640
0.606582
0.604894
0.575122
0.616123
0.487896
0.560119
0.646392
0.503148
0.527369
0.516036
0.532669
0.633760
0.680149
0.496560
0.784121
0.726490
0.679210
0.636734
0.582656
0.687968
0.676357
0.752802
0.709643
0.583363
0.417177
0.738058
0.482067
0.482096
0.582053
0.792381
0.532091
0.587943
0.466322
0.540946
0.560848
0.753755
0.476586
0.702408
0.550765
0.450364
0.678390
0.483159
0.609607
0.603130
0.575501
0.868630
0.688116
0.713050
0.540597
0.370996
0.471510
0.486817
0.443791
0.849473
0.448329
0.529856
0.498890
0.833940
0.835926
0.505473
0.668172
0.419944
0.714342
0.456827
0.556453
0.488058
0.494060
0.632633
0.628487
0.530729
0.411201
0.639572
0.779750
0.401995
0.485288
0.878765
0.466054
0.661621
0.650214
0.648300
0.712745
0.370713
0.731358
0.687374
0.589651
0.633746
0.458698
0.561362
0.586029
0.666535
0.923084
0.648326
0.752828
0.583033
0.465812
0.508311
0.536169
0.476372
0.850349
0.551187
0.492466
0.572343
0.800027
0.723596
0.620131
0.728025
0.525252
0.786071
0.347886
0.483358
0.637555
0.517003
0.701937
0.625082
0.606920
0.543916
0.562145
0.820639
0.358449
0.459412
0.682862
0.627312
0.703258
0.619084
0.746790
0.634144
0.751017
0.685958
0.582676
0.625955
0.590476
0.633616
0.706052
0.705169
0.785497
0.712437
0.710798
0.632182
0.599770
0.536759
0.655688
0.684360
0.769996
0.650979
0.606723
0.438166
0.828819
0.800054
0.663064
0.736948
0.641842
0.693724
0.682189
0.624836
0.697904
0.598782
0.646555
0.733054
0.416711
0.504005
0.777350
0.682672
0.641929
0.641142
0.822731
0.688927
0.741504
0.689132
0.620839
0.670831
0.534255
0.542555
0.636443
0.628100
0.525218
0.692580
0.610630
0.844332
0.679797
0.676757
0.640383
0.569844
0.636131
0.577085
0.658456
0.677107
0.580718
0.668062
0.474894
0.677906
0.689640
0.413044
0.665322
0.696018
0.747699
0.648163
0.527519
0.710931
0.693041
0.637008
0.757971
0.628022
0.490725
0.744811
0.654085
0.497380
0.522243
0.792796
0.636294
0.618698
0.746672
0.759046
0.790285
0.755849
0.724779
0.709104
0.467629
0.833838
0.775345
0.791043
0.705830
0.791623
0.722742
0.804612
0.629671
0.674096
0.729458
0.795667
0.739307
0.626354
0.728299
0.667329
0.476705
0.763790
0.719483
0.800586
0.752761
0.818672
0.478505
0.825121
0.701914
0.692006
0.635970
0.758721
0.693174
0.797152
0.733807
0.755411
0.652412
0.834457
0.779419
0.752674
0.738008
0.589182
0.555447
0.695938
0.634379
0.629912
0.629141
0.638601
0.844581
0.661884
0.780235
0.538531
0.475391
0.514988
0.657737
0.425848
0.818926
0.567698
0.553946
0.598298
0.774767
0.805188
0.614227
0.679301
0.614833
0.681759
0.529620
0.606067
0.505269
0.479179
0.629676
0.663548
0.621620
0.517196
0.535039
0.776528
0.315797
0.412793
0.720072
0.516875
0.753656
0.687293
0.685146
0.827082
0.752600
0.756490
0.839681
0.624879
0.699431
0.699600
0.722287
0.728302
0.668313
0.578281
0.598647
0.749634
0.650877
0.681289
0.638041
0.662085
0.768130
0.699874
0.572162
0.822289
0.811720
0.763421
0.733257
0.711820
0.819873
0.735478
0.799164
0.764263
0.680933
0.626735
0.738474
0.678915
0.594211
0.637548
0.751593
0.715398
0.589113
0.530305
0.587208
0.798878
0.754889
0.687277
0.543372
0.783600
0.541427
0.709845
0.656023
0.550096
0.667461
0.560250
0.620192
0.749505
0.686423
0.668373
0.553570
0.832099
0.864239
0.637995
0.736881
0.719323
0.706755
0.700653
0.759204
0.724162
0.703562
0.503682
0.633696
0.565194
0.635687
0.788102
0.686340
0.522560
0.621642
0.830524
0.718933
0.743221
0.696609
0.682085
0.679121
0.656348
0.540120
0.787513
0.689339
0.653043
0.496936
0.543444
0.496229
0.675709
0.547596
0.744572
0.577559
0.548600
0.477085
0.718072
0.782295
0.515703
0.701051
0.647997
0.756481
0.678898
0.662345
0.633813
0.627692
0.626702
0.655042
0.553223
0.459553
0.764929
0.645016
0.437118
0.577869
0.791706
0.673996
0.689485
0.615581
0.688974
0.711971
0.663366
0.891668
0.576980
0.643853
0.711893
0.640790
0.679042
0.658602
0.658807
0.840299
0.710686
0.685728
0.699824
0.878854
0.788338
0.766852
0.827413
0.656815
0.859085
0.678656
0.572830
0.783009
0.685358
0.651146
0.685220
0.568809
0.608838
0.728656
0.769113
0.654874
0.703826
0.881019
0.760177
0.706229
0.413453
0.469227
0.776334
0.911215
0.701366
0.805192
0.633328
0.574848
0.504997
0.442185
0.710380
0.847834
0.605611
0.573970
0.628687
0.849470
0.754727
0.578954
0.634373
0.457557
0.747114
0.504477
0.377994
0.786210
0.511824
0.725637
0.730330
0.493355
0.572652
0.682552
0.782889
0.556798
0.466878
0.874701
0.664388
0.715893
0.569724
0.766889
0.869574
0.567106
0.788068
0.673049
0.616727
0.603352
0.533170
0.735245
0.838110
0.631311
0.613969
0.679234
0.692624
0.519489
0.491918
0.614150
0.621074
0.722348
0.617575
0.402990
0.775218
0.587774
0.747850
0.747340
0.614946
0.559536
0.748349
0.807888
0.650378
0.422796
0.803363
0.778778
0.757717
0.766123
0.936256
0.775025
0.832093
0.694565
0.662861
0.642420
0.612053
0.673393
0.864686
0.784193
0.612356
0.727436
0.901885
0.888505
0.555266
0.590792
0.646313
0.632501
0.677114
0.686181
0.745300
0.593329
0.686180
0.754732
0.547640
0.666494
0.703477
0.864473
0.635202
0.495106
0.846147
0.721341
0.850315
0.788407
0.661928
0.612788
0.606510
0.578918
0.600777
0.662718
0.557547
0.699324
0.691923
0.634563
0.592001
0.740976
0.765643
0.653390
0.857098
0.767588
0.753503
0.702005
0.641871
0.646939
0.682749
0.696573
0.649618
0.676740
0.474065
0.692666
0.681440
0.570970
0.686772
0.866432
0.549881
0.667755
0.818792
0.679261
0.839203
0.824010
0.633932
0.830734
0.859993
0.577299
0.728674
0.606747
0.790662
0.848051
0.773085
0.821682
0.871569
0.885912
0.536434
0.907702
0.826582
0.960027
0.840684
0.801821
0.794429
0.661534
0.708644
0.883470
0.800238
0.793648
0.782333
0.922298
0.796172
0.676998
0.653702
0.709055
0.602361
0.661669
0.545450
0.647373
0.800338
0.716623
0.694547
0.703128
0.794932
0.705734
0.690053
0.774499
0.706875
0.778593
0.621517
0.594660
0.771267
0.754957
0.699026
0.578916
0.665835
0.663792
0.722741
0.796414
0.616356
0.654359
0.882329
0.674907
0.740338
0.695684
0.659832
0.656542
0.695524
0.710773
0.702103
0.801376
0.616540
0.728986
0.757929
0.695511
0.730841
0.757632
0.777865
0.732200
0.669147
0.741740
0.791755
0.749062
0.811654
0.656552
0.754415
0.651308
0.773636
0.757747
0.635726
0.690896
0.948772
0.616154
0.548950
0.569432
0.478246
0.717669
0.557674
0.731550
0.642256
0.504263
0.538891
0.745665
0.801688
0.547626
0.672405
0.638535
0.707672
0.602361
0.593070
0.715785
0.625552
0.651671
0.652092
0.596441
0.493895
0.637485
0.663550
0.569473
0.593829
0.772379
0.648474
0.658902
0.508752
0.500050
0.507385
0.804349
0.502613
0.512185
0.533944
0.749483
0.785696
0.488455
0.616797
0.505286
0.665546
0.427961
0.564312
0.627967
0.580418
0.726428
0.672307
0.493633
0.395397
0.624401
0.754880
0.417430
0.552089
0.884631
0.530997
0.665943
0.564389
0.559435
0.607375
0.496519
0.469959
0.512657
0.735644
0.672787
0.494261
0.612369
0.622106
0.565912
0.538825
0.587146
0.649138
0.552306
0.668432
0.606264
0.455365
0.401214
0.609296
0.647212
0.444515
0.427484
0.820331
0.531899
0.544855
0.711092
0.798801
0.571195
0.593015
0.608454
0.774212
0.676530
0.518182
0.704808
0.505495
0.692193
0.498847
0.508783
0.750162
0.601114
0.711228
0.649772
0.526962
0.519415
0.764484
0.686753
0.481937
0.487764
0.936789
0.589337
0.641880
0.807035
0.698725
0.586697
0.612196
0.800801
0.832927
0.657878
0.746763
0.672263
0.724780
0.684083
0.688902
0.503464
0.612161
0.566664
0.570863
0.710613
0.497638
0.650497
0.847762
0.447377
0.538808
0.809603
0.461580
0.757045
0.790186
0.672098
0.597759
0.768859
0.740514
0.775361
0.826360
0.872572
0.756095
0.807711
0.757898
0.914038
0.857807
0.860381
0.814174
0.726171
0.704510
0.853211
0.604519
0.716637
0.742109
0.750743
0.761342
0.550681
0.586049
0.568308
0.882006
0.747906
0.477057
0.795624
0.578588
0.671049
0.544827
0.565153
0.625231
0.566394
0.675487
0.763951
0.522539
0.508354
0.706432
0.773542
0.417725
0.580904
1.001007
0.581582
0.678004
0.628138
0.760375
0.695368
0.562011
0.683116
0.607003
0.563564
0.628574
0.562328
0.751349
0.558785
0.635741
0.643436
0.537736
0.378236
0.712980
0.697462
0.531475
0.491320
0.762348
0.530489
0.619503
0.761935
0.747946
0.570099
0.694250
0.611296
0.756190
0.583288
0.582531
0.668883
0.711298
0.625170
0.604980
0.547730
0.503261
0.707638
0.536143
0.497604
0.609788
0.761875
0.666071
0.637690
0.714103
0.699374
0.785623
0.821284
0.804729
0.799083
0.638848
0.799752
0.821744
0.871646
0.875467
0.834985
0.723070
0.861655
0.645016
0.802454
0.756720
0.576482
0.797351
0.756736
0.742215
0.801411
0.834051
0.847959
0.745517
0.507443
0.885495
0.706958
0.817202
0.806216
0.810575
0.713500
0.857765
0.730827
0.718650
0.681974
0.884389
0.831814
0.685321
0.595328
0.693227
0.591640
0.614567
0.633209
0.635131
0.545119
0.778686
0.817923
0.514433
0.472975
0.769188
0.729761
0.512435
0.507086
0.823849
0.596508
0.672421
0.718384
0.632666
0.655204
0.776253
0.767076
0.745655
0.752762
0.617216
0.714772
0.690594
0.718176
0.762372
0.685854
0.557093
0.886520
0.703430
0.821950
0.742182
0.530695
0.434852
0.667747
0.574165
0.660182
0.699227
0.567380
0.570798
0.730268
0.775168
0.578763
0.567462
0.905990
0.649865
0.772885
0.792361
0.764564
0.759707
0.683980
0.777653
0.832133
0.448023
0.631592
0.840586
0.825483
0.716484
0.591561
0.843861
0.600831
0.701515
0.540412
0.678659
0.629190
0.820760
0.657698
0.645107
0.592346
0.556570
0.736256
0.447946
0.555489
0.832689
0.583225
0.665453
0.744057
0.573698
0.649694
0.702621
0.567879
0.525818
0.704012
0.735432
0.558665
0.564487
0.784634
0.656933
0.643242
0.600303
0.748076
0.784583
0.744953
0.642696
0.769593
0.905569
0.604841
0.725077
0.901829
0.560037
0.810707
0.695974
0.795795
0.574015
0.538235
0.688732
0.847765
0.585935
0.460336
0.865242
0.569952
0.749493
0.607349
0.637185
0.663790
0.803214
0.794479
0.647478
0.599847
0.925757
0.754201
0.835924
0.710594
0.683594
0.652048
0.772200
0.663357
0.652052
0.904187
0.698549
0.778354
0.472923
0.718153
0.728743
0.520465
0.618871
0.845828
0.696662
0.665294
0.627343
0.631862
0.403814
0.491772
0.814147
0.455195
0.641477
0.825047
0.605937
0.665411
0.764321
0.596224
0.749554
0.720915
0.724610
0.791486
0.801093
0.722881
0.419944
0.847758
0.486152
0.632755
0.843741
0.588684
0.690579
0.869053
0.914893
0.631511
