0.626764
0.624329
0.496150
0.630490
0.728121
0.828022
0.835834
0.675366
0.639363
0.637936
0.546187
0.679992
0.501660
0.648471
0.695126
0.629634
0.700277
0.651003
0.500074
0.692050
0.733338
0.602381
0.586720
0.498478
0.551561
0.653725
0.634060
0.506900
0.623641
0.546031
0.583304
0.568836
0.624091
0.810840
0.595128
0.829903
0.623459
0.708980
0.521804
0.565720
0.729131
0.728978
0.567276
0.599596
0.767895
0.623809
0.555215
0.655517
0.712024
0.661911
0.496230
0.627460
0.710790
0.770162
0.918935
0.687175
0.606265
0.745729
0.535088
0.593722
0.626371
0.663181
0.641895
0.545589
0.693443
0.590931
0.444167
0.786589
0.699587
0.686638
0.560187
0.574695
0.547616
0.543633
0.553609
0.581594
0.622704
0.652484
0.528476
0.562439
0.646636
0.713659
0.594697
0.791152
0.628892
0.540448
0.627272
0.649737
0.669365
0.642700
0.619434
0.525260
0.855716
0.564459
0.671565
0.590363
0.585446
0.718368
0.663308
0.669743
0.719414
0.723071
0.688459
0.635445
0.685128
0.666007
0.699945
0.362616
0.746568
0.516924
0.575759
0.674002
0.587713
0.540038
0.717629
0.692052
0.782388
0.550408
0.662688
0.618266
0.609386
0.600996
0.689155
0.667264
0.712169
0.614257
0.590458
0.726302
0.738697
0.703786
0.708125
0.669724
0.536452
0.709275
0.567788
0.654440
0.697506
0.604810
0.593688
0.672940
0.666945
0.705374
0.691607
0.779224
0.629603
0.642449
0.688180
0.932933
0.639620
0.648162
0.716123
0.607368
0.689453
0.599595
0.510381
0.625509
0.656268
0.766810
0.589709
0.525545
0.645521
0.734816
0.521915
0.563154
0.512259
0.521219
0.636773
0.533744
0.618164
0.673241
0.609972
0.531476
0.575700
0.622680
0.801492
0.639337
0.803539
0.597526
0.658419
0.568016
0.589708
0.727626
0.674589
0.632560
0.567976
0.783778
0.616140
0.530574
0.589627
0.575748
0.672187
0.741867
0.770753
0.529351
0.461077
0.547265
0.616227
0.776460
0.607446
0.684548
0.445024
0.603440
0.747749
0.641122
0.557443
0.694633
0.680331
0.712836
0.581253
0.570248
0.479057
0.612444
0.545330
0.685959
0.669035
0.544585
0.557374
0.495300
0.632705
0.749819
0.692409
0.565063
0.661110
0.619052
0.640951
0.538900
0.587493
0.739639
0.553079
0.607775
0.773247
0.686630
0.718092
0.642490
0.648441
0.716906
0.949373
0.750241
0.642524
0.716626
0.633382
0.661697
0.694337
0.602731
0.614671
0.648066
0.772784
0.641430
0.606443
0.743631
0.667984
0.715706
0.652492
0.646264
0.578502
0.693855
0.564935
0.703049
0.708877
0.723240
0.612745
0.611787
0.676402
0.820792
0.785178
0.742125
0.675762
0.602095
0.701006
0.658830
0.712474
0.675155
0.623563
0.491932
0.776503
0.781930
0.657628
0.686048
0.730538
0.916525
0.680334
0.647335
0.751012
0.775884
0.683352
0.752671
0.787591
0.622997
0.658796
0.845803
0.689717
0.708586
0.742967
0.790481
0.697699
0.715063
0.761291
0.758861
0.774341
0.690672
0.775588
0.695613
0.731076
0.835016
0.637488
0.788282
0.805289
0.649864
0.716022
0.735125
0.773672
0.808919
0.642776
0.814125
0.732000
0.675571
0.651037
0.689794
0.658712
0.768441
0.839355
0.835933
0.849484
0.904015
0.718058
0.914335
0.964015
0.727046
0.983772
0.898991
0.858018
0.918545
0.871249
0.905879
0.942986
0.976644
0.929113
0.874766
0.962718
0.984953
0.938288
0.901866
0.885260
0.923859
0.908285
0.790504
0.907934
0.988495
0.926050
0.876645
0.864279
0.987568
0.908242
0.928237
0.825188
0.894561
0.983881
0.887810
0.864459
0.933680
0.910368
0.888768
1.060993
0.897359
0.419903
0.665834
0.662013
0.741534
0.608048
0.711640
0.596439
0.533887
0.788990
0.737551
0.530802
0.722402
0.694626
0.629784
0.478098
0.611307
0.674794
0.727994
0.655259
0.683350
0.571807
0.539089
0.648206
0.677992
0.649034
0.793818
0.605815
0.677441
0.722124
0.742518
0.522169
0.629052
0.657953
0.573575
0.571643
0.585978
0.690581
0.644536
0.764444
0.739253
0.820013
0.627698
0.571510
0.696597
0.551932
0.581074
0.497193
0.499165
0.658840
0.627206
0.521784
0.703550
0.616810
0.646595
0.494585
0.564931
0.574483
0.531496
0.506354
0.580530
0.557251
0.628413
0.585696
0.539010
0.572846
0.693910
0.685744
0.589069
0.725784
0.649594
0.584900
0.482039
0.606915
0.592445
0.505784
0.534739
0.684023
0.683900
0.735566
0.568102
0.733691
0.717886
0.738071
0.638519
0.749561
0.638053
0.607694
0.746411
0.706878
0.627721
0.672624
0.671554
0.744097
0.663986
0.633642
0.639575
0.636633
0.635791
0.698399
0.784362
0.579359
0.687499
0.570921
0.655011
0.697479
0.715557
0.538828
0.689180
0.777310
0.664678
0.483620
0.646115
0.797204
0.557709
0.665521
0.775295
0.726449
0.674361
0.703956
0.785585
0.533612
0.616425
0.628402
0.575507
0.606703
0.654439
0.656389
0.472877
0.691418
0.590400
0.718494
0.544900
0.522877
0.599251
0.658133
0.480028
0.625781
0.546883
0.557948
0.536780
0.572176
0.423651
0.625349
0.677084
0.790422
0.627611
0.532992
0.639846
0.561818
0.623013
0.522604
0.665561
0.529877
0.824846
0.657074
0.529343
0.553850
0.650270
0.618322
0.738882
0.632712
0.592054
0.764520
0.475467
0.525337
0.702298
0.680134
0.683730
0.603926
0.590103
0.684192
0.639008
0.607641
0.636947
0.577974
0.706739
0.698293
0.601183
0.565816
0.795593
0.606999
0.785833
0.737579
0.690309
0.600591
0.680162
0.744063
0.527286
0.621602
0.475619
0.709610
0.610849
0.737245
0.651068
0.763926
0.685979
0.553692
0.469275
0.668354
0.595098
0.429169
0.651761
0.679307
0.581731
0.505689
0.492671
0.570577
0.558036
0.648884
0.656056
0.552931
0.642390
0.561578
0.558661
0.570390
0.789408
0.680977
0.686776
0.623315
0.634271
0.475991
0.557649
0.667590
0.703070
0.469629
0.502470
0.686528
0.634785
0.666466
0.655308
0.797808
0.647660
0.616328
0.821619
0.733005
0.677989
0.739879
0.742432
0.574407
0.601374
0.617526
0.583551
0.666500
0.690786
0.650525
0.653531
0.658583
0.690573
0.643996
0.647774
0.860536
0.742823
0.789000
0.770783
0.753966
0.710904
0.655349
0.729954
0.743726
0.676412
0.638563
0.889401
0.615155
0.480971
0.580595
0.683276
0.472464
0.703231
0.529890
0.471678
0.621587
0.638300
0.656947
0.474757
0.560101
0.516271
0.576905
0.565484
0.677248
0.604861
0.619182
0.552343
0.443042
0.589419
0.704143
0.634320
0.557828
0.640452
0.597654
0.612606
0.524908
0.562804
0.594794
0.556417
0.522362
0.623494
0.579485
0.715938
0.641539
0.630783
0.775516
0.511808
0.412490
0.605670
0.613419
0.551874
0.299502
0.527635
0.536627
0.524264
0.573834
0.686995
0.453676
0.651759
0.548771
0.513887
0.599477
0.725876
0.637594
0.682343
0.749593
0.690562
0.415549
0.531373
0.534618
0.690783
0.463133
0.420679
0.617604
0.528257
0.681941
0.637175
0.741357
0.837792
0.679072
0.816359
0.720778
0.846706
0.707051
0.654641
0.717266
0.724895
0.659439
0.832754
0.780745
0.719119
0.705709
0.765711
0.604867
0.683621
0.874819
0.791851
0.642672
0.688701
0.653883
0.734092
0.771430
0.682714
0.715982
0.747349
0.794414
0.822086
0.734818
0.543240
0.676427
0.504111
0.652674
0.701997
0.671553
0.514144
0.583829
0.546646
0.565219
0.584435
0.685570
0.640859
0.725243
0.536649
0.524890
0.680408
0.733590
0.583873
0.696668
0.644500
0.716446
0.651210
0.550669
0.655757
0.635006
0.578841
0.554646
0.599282
0.560119
0.713378
0.666010
0.703139
0.535226
0.551481
0.590478
0.299735
0.370251
0.424900
0.487881
0.492000
0.630521
0.473231
0.549637
0.536750
0.479919
0.502029
0.523671
0.529597
0.696399
0.523486
0.594338
0.350864
0.478125
0.528778
0.587787
0.492403
0.385024
0.712861
0.526786
0.594954
0.474246
0.641997
0.739909
0.744189
0.588445
0.585477
0.680949
0.689310
0.726442
0.775053
0.677769
0.625088
0.737495
0.628639
0.685466
0.787187
0.667285
0.715374
0.703006
0.754465
0.559287
0.615548
0.713669
0.754899
0.723104
0.637749
0.775146
0.746473
0.707021
0.700041
0.816450
0.798506
0.583678
0.602584
0.607334
0.547557
0.532955
0.720039
0.567937
0.687165
0.707610
0.607084
0.577420
0.717371
0.778091
0.701297
0.675475
0.650002
0.584958
0.625235
0.585565
0.627225
0.671083
0.581111
0.733816
0.685259
0.733000
0.515147
0.704106
0.534976
0.618216
0.641400
0.730947
0.749046
0.608924
0.632312
0.634059
0.678363
0.679593
0.709410
0.889397
0.507124
0.797327
0.751877
0.828818
0.552327
0.607483
0.803192
0.688976
0.538047
0.572822
0.774252
0.654086
0.695921
0.812933
0.771863
0.544264
0.561702
0.552229
0.549224
0.598069
0.509555
0.648974
0.552189
0.586980
0.595028
0.601531
0.514273
0.712527
0.616289
0.619023
0.454250
0.582655
0.528071
0.649657
0.511208
0.442827
0.630895
0.481961
0.671759
0.554328
0.650666
0.328079
0.599833
0.591665
0.666171
0.543748
0.537178
0.593682
0.543326
0.474713
0.729755
0.634293
0.746854
0.551112
0.642573
0.402510
0.519096
0.697626
0.628023
0.535891
0.494402
0.662762
0.621897
0.546475
0.520641
0.604297
0.539141
0.549506
0.687064
0.637216
0.566166
0.589010
0.480021
0.544166
0.688460
0.712015
0.650068
0.552602
0.555219
0.557896
0.505582
0.636076
0.646972
0.543357
0.548084
0.768243
0.615441
0.666093
0.519221
0.519296
0.560153
0.639143
0.594418
0.725377
0.662847
0.542522
0.592466
0.712922
0.713499
0.713219
0.678515
0.697865
0.617003
0.502384
0.563954
0.695562
0.613839
0.534656
0.730199
0.650428
0.706036
0.488041
0.738064
0.616539
0.578076
0.652213
0.595491
0.444560
0.518639
0.660193
0.714457
0.678499
0.670549
0.507056
0.614066
0.518713
0.552958
0.496371
0.621814
0.396899
0.734409
0.664885
0.654198
0.474020
0.623500
0.725837
0.642473
0.713472
0.627406
0.693788
0.824665
0.582859
0.802201
0.740233
0.724106
0.728465
0.584544
0.744670
0.659429
0.590792
0.617456
0.781343
0.674763
0.634692
0.712217
0.707734
0.668259
0.665153
0.603375
0.598485
0.842455
0.701192
0.690709
0.737089
0.714394
0.497053
0.628784
0.691442
0.526883
0.588495
0.406795
0.712833
0.638286
0.670541
0.679727
0.755200
0.675963
0.538187
0.691321
0.768754
0.696450
0.735849
0.651164
0.636684
0.604798
0.526326
0.739202
0.732332
0.624105
0.571709
0.793826
0.676692
0.598926
0.731940
0.738424
0.587245
0.651208
0.761209
0.683904
0.766863
0.534997
0.556071
0.580191
0.552373
0.697085
0.706756
0.587903
0.586406
0.754007
0.637454
0.640500
0.682048
0.458404
0.588871
0.759468
0.674124
0.594142
0.661980
0.659652
0.637120
0.523873
0.613781
0.618884
0.510835
0.368624
0.688825
0.589584
0.674991
0.597934
0.689989
0.643034
0.756510
0.681202
0.661826
0.611708
0.546426
0.564218
0.582807
0.570711
0.621021
0.573288
0.791091
0.682619
0.628579
0.496660
0.675588
0.773273
0.745156
0.705340
0.720608
0.772034
0.622903
0.694222
0.765144
0.756921
0.791964
0.866492
0.749140
0.732309
0.584056
0.749248
0.815528
0.675641
0.787740
0.614335
0.684134
0.731661
0.685322
0.637870
0.611561
0.708237
0.454012
0.752945
0.717081
0.803228
0.756302
0.816170
0.694609
0.638474
0.683467
0.743800
0.608365
0.659903
0.683842
0.781385
0.779245
0.746524
0.811433
0.541711
0.663437
0.630609
0.845586
0.723173
0.590163
0.644482
0.830324
0.667651
0.652105
0.605048
0.521294
0.709596
0.628108
0.681521
0.615513
0.701759
0.668444
0.847678
0.728800
0.671340
0.654956
0.616719
0.617350
0.697704
0.608853
0.557331
0.474762
0.656455
0.605080
0.651715
0.647763
0.745344
0.620067
0.658566
0.529226
0.574087
0.673550
0.654074
0.589954
0.638225
0.598992
0.733105
0.722428
0.605130
0.743208
0.613096
0.755289
0.538909
0.775772
0.705531
0.563004
0.762779
0.650593
0.667326
0.582916
0.735554
0.543689
0.604357
0.665954
0.683560
0.695767
0.709628
0.723657
0.549618
0.669361
0.615543
0.695983
0.729354
0.804618
0.835961
0.856562
0.739786
0.713850
0.680836
0.537326
0.731275
0.658975
