0.823112
0.790988
0.846898
0.746529
0.793972
0.858018
0.745573
0.711993
0.923599
0.811082
0.801282
0.792738
0.897906
0.933747
0.580787
0.860735
0.932009
0.916224
0.751355
0.821665
0.761092
0.942118
0.865967
0.905746
0.848132
0.928577
0.754586
0.915179
0.885389
0.756440
0.727512
0.777651
0.800601
0.904014
0.889522
0.820136
0.857000
0.895016
0.782735
0.721961
0.741574
0.747131
0.883155
0.859249
0.794508
0.952549
0.877363
0.830893
0.900169
0.602157
0.749808
0.823049
0.816764
0.699624
0.677426
0.704919
0.819917
0.682770
0.555224
0.767828
0.703251
0.591607
0.582315
0.892453
0.656526
0.804929
0.634459
0.657473
0.569517
0.579364
0.599062
0.803115
0.666840
0.806809
0.580704
0.805977
0.674710
0.708705
0.580756
0.634394
0.731784
0.775066
0.773250
0.721902
0.583929
0.679681
0.784508
0.644676
0.549837
0.565283
0.682014
0.593909
0.741467
0.665975
0.780661
0.761557
0.589702
0.648051
0.666917
0.686828
0.691012
0.699320
0.580327
0.744378
0.588232
0.397943
0.723402
0.661098
0.802254
0.424691
0.842044
0.658921
0.766042
0.564376
0.505596
0.597204
0.661510
0.573293
0.671110
0.664031
0.662915
0.488843
0.756216
0.604569
0.466659
0.507179
0.710766
0.706555
0.711521
0.687156
0.503047
0.578284
0.751413
0.604175
0.579208
0.611727
0.624319
0.513992
0.580175
0.700916
0.669225
0.712473
0.636330
0.520470
0.654748
0.809377
0.687946
0.687303
0.658008
0.872431
0.739789
0.634501
0.688443
0.627005
0.836367
0.620458
0.733355
0.761821
0.861110
0.687516
0.670199
0.597415
0.622274
0.610580
0.601244
0.811374
0.601307
0.686225
0.775898
0.612748
0.728954
0.632527
0.581327
0.742901
0.649700
0.301724
0.641631
0.635395
0.775871
0.622460
0.623718
0.702858
0.706538
0.720075
0.638632
0.802787
0.666337
0.709139
0.308706
0.788572
0.646036
0.717751
0.719211
0.686353
0.814706
0.622749
0.674410
0.750212
0.811730
0.921999
0.703109
0.797799
0.832493
0.885368
0.657239
0.759185
0.771903
0.715806
0.592979
0.858200
0.731049
0.660604
0.713451
0.808192
0.750546
0.753177
0.711933
0.750863
0.720238
0.851262
0.580568
0.709854
0.692591
0.873408
0.750491
0.626046
0.751367
0.658596
0.774427
0.697536
0.677212
0.910336
0.771321
0.627848
0.856844
0.764519
0.664645
0.626665
0.808636
0.611859
0.619950
0.544985
0.811844
0.836613
0.583977
0.833408
0.740981
0.765646
0.779764
0.640660
0.686096
0.766050
0.547971
0.757128
0.733124
0.711488
0.685389
0.783295
0.810407
0.635439
0.723146
0.862125
0.735201
0.858516
0.798228
0.723401
0.795849
0.901535
0.692730
0.755144
0.706799
0.682829
0.709950
0.670007
0.717374
0.930861
0.812908
0.818893
0.842993
0.648148
0.614871
0.755692
0.736018
0.601317
0.807987
0.693316
0.875510
0.659410
0.670756
0.747289
0.860621
0.566423
0.612219
0.667973
0.651249
0.700542
0.724537
0.817719
0.628615
0.480338
0.755301
0.569414
0.770434
0.551424
0.598020
0.531909
0.669189
0.770099
0.797214
0.623401
0.953979
0.783550
0.544022
0.536189
0.439869
0.722376
0.512511
0.563444
0.596362
0.652829
0.825976
0.615308
0.648951
0.844892
0.661521
0.672236
0.669577
0.649254
0.850031
0.499216
0.553347
0.700662
0.723274
0.583957
0.697553
0.522887
0.599132
0.571299
0.636982
0.703387
0.619840
0.556853
0.693822
0.526399
0.690958
0.592780
0.569171
0.639270
0.746590
0.667782
0.667720
0.642550
0.790821
0.628281
0.607413
0.671670
0.501933
0.594378
0.547179
0.550549
0.678559
0.533073
0.733243
0.640911
0.683394
0.531320
0.554872
0.657515
0.706346
0.763427
0.489663
0.806840
0.638409
0.802285
0.637952
0.566392
0.558167
0.729873
0.595274
0.768891
0.602277
0.602996
0.599795
0.773737
0.643045
0.478578
0.619772
0.769741
0.714426
0.770432
0.785797
0.598819
0.670760
0.769325
0.655897
0.636491
0.538383
0.549406
0.557862
0.618093
0.733857
0.787090
0.634698
0.653419
0.729664
0.651496
0.669104
0.834115
0.827154
0.739079
0.725393
0.907288
0.724323
0.686837
0.784949
0.696734
0.780477
0.894613
0.766100
0.826104
0.752468
0.734164
0.758019
0.845655
0.727073
0.872919
0.778876
0.845960
0.830182
0.865332
0.850464
0.762088
0.552618
0.729543
0.811095
0.807927
0.753843
0.722503
0.761899
0.776326
0.798574
0.803778
0.826414
0.838517
0.774611
0.499357
0.738946
0.816482
0.678766
0.500639
0.913004
0.454385
0.724877
0.668659
0.531353
0.574223
0.694224
0.460533
0.707312
0.638397
0.641021
0.613002
0.731413
0.689739
0.722609
0.652585
0.744030
0.761776
0.728581
0.723336
0.561092
0.600620
0.664315
0.656701
0.704596
0.637434
0.492552
0.655293
0.622221
0.653739
0.806466
0.750236
0.726069
0.722861
0.677174
0.655275
0.643271
0.430516
0.846499
0.466456
0.740160
0.557837
0.425939
0.550414
0.637759
0.520443
0.603683
0.651909
0.610103
0.429115
0.726661
0.567126
0.566474
0.512719
0.667997
0.602771
0.733960
0.652007
0.516362
0.558674
0.661594
0.600828
0.594423
0.472110
0.565672
0.516469
0.462591
0.649666
0.635161
0.676726
0.682929
0.537343
0.667484
0.884832
0.577194
0.814187
0.775581
0.833910
0.791890
0.686017
0.582794
0.747360
0.598906
0.764188
0.802469
0.670251
0.777067
0.845196
0.685762
0.828354
0.755802
0.759217
0.764210
0.727264
0.803158
0.738397
0.744221
0.922489
0.653499
0.736385
0.663373
0.744582
0.691234
0.615698
0.756849
0.756491
0.804758
0.684052
0.808579
0.831653
0.629485
0.592454
0.798061
0.764334
0.719719
0.692332
0.546419
0.538176
0.512403
0.644196
0.728516
0.628031
0.626685
0.825287
0.501107
0.796272
0.610570
0.625631
0.746385
0.655602
0.673580
0.668463
0.714018
0.798414
0.722685
0.584652
0.647554
0.703257
0.405261
0.518402
0.738069
0.532255
0.526813
0.710345
0.598553
0.719378
0.973371
0.554137
0.766067
0.780807
0.816943
0.789837
0.757200
0.726479
0.878729
0.658574
0.820503
0.708704
0.944037
0.843136
0.796594
0.791750
0.811806
0.870328
0.923068
0.851564
0.828191
0.639017
0.724886
0.872569
0.823437
0.758980
0.730567
0.790624
0.788405
0.823876
0.823165
0.838603
0.893278
0.716425
0.771725
0.553265
0.700963
0.579401
0.555628
0.456643
0.584220
0.490029
0.599628
0.557639
0.606244
0.482251
0.727045
0.528382
0.526640
0.487696
0.568905
0.665283
0.656151
0.683398
0.575164
0.493908
0.626261
0.537064
0.559469
0.529527
0.464105
0.510712
0.478722
0.566386
0.630236
0.633981
0.638107
0.515492
0.922560
0.938109
0.689070
0.814005
0.733978
0.709567
0.722173
0.797650
0.867897
0.685817
0.740101
0.807713
0.549136
0.806957
0.706708
0.650495
0.671161
0.763967
0.822229
0.835159
0.817275
0.974913
0.766573
0.676848
0.832256
0.755154
0.642655
0.695052
0.761574
0.783952
0.572666
0.796747
0.787167
0.687413
0.709977
0.634025
0.581165
0.756059
0.597584
0.583167
0.749805
0.662097
0.611159
0.743769
0.676073
0.761153
0.676029
0.750041
0.723841
0.827742
0.709071
0.654614
0.612026
0.654609
0.665003
0.753886
0.653247
0.542441
0.609959
0.596243
0.762662
0.747251
0.736734
0.733295
0.618958
0.797634
0.784947
0.649049
0.814106
0.682446
0.689053
0.696858
0.775258
0.816743
0.852001
0.779534
0.761575
0.817675
0.837794
0.844307
0.949716
0.844190
0.804852
0.602975
0.670304
0.679765
0.831303
0.844545
0.785886
0.835593
0.822447
0.859466
0.638327
0.855370
0.844348
0.599597
0.642139
0.603833
0.601819
0.673924
0.677870
0.700053
0.704057
0.448642
0.705008
0.537515
0.616494
0.487759
0.614122
0.610199
0.740770
0.775960
0.615542
0.673994
0.875247
0.715860
0.460217
0.543987
0.551536
0.605359
0.555652
0.650281
0.711381
0.670020
0.724402
0.595330
0.516719
0.686383
0.568457
0.656963
0.723320
0.674277
0.533794
0.777662
0.697046
0.727653
0.593831
0.665421
0.644089
0.750030
0.661410
0.430521
0.662654
0.678533
0.679108
0.685369
0.508797
0.607931
0.615723
0.574216
0.652846
0.703888
0.690830
0.678340
0.706309
0.579769
0.506298
0.570998
0.642669
0.618997
0.600228
0.783866
0.507283
0.712771
0.583329
0.517526
0.664066
0.667316
0.634838
0.544939
0.588935
0.697255
0.552751
0.575735
0.500400
0.502959
0.590016
0.504331
0.657658
0.598926
0.684414
0.608079
0.685975
0.311869
0.659684
0.548801
0.661920
0.514685
0.766433
0.463566
0.734338
0.596279
0.561033
0.689029
0.672601
0.651389
0.733143
0.543373
0.766802
0.731210
0.513044
0.581730
0.569336
0.505484
0.448136
0.721761
0.640660
0.560952
0.640336
0.552014
0.641137
0.464761
0.539463
0.606181
0.735046
0.530266
0.688754
0.580247
0.669931
0.740632
0.641715
0.606385
0.514389
0.535890
0.662539
0.609217
0.591720
0.625684
0.584092
0.499020
0.456826
0.610891
0.656713
0.602594
0.589927
0.621543
0.761630
0.667785
0.621487
0.760830
0.547503
0.769303
0.638652
0.690075
0.695468
0.702872
0.585607
0.589660
0.620555
0.792265
0.528925
0.572303
0.715830
0.640033
0.688038
0.629842
0.764671
0.615050
0.606662
0.635848
0.702098
0.744290
0.661498
0.880961
0.673228
0.574230
0.612218
0.715077
0.869009
0.729027
0.792208
0.714506
0.538893
0.775660
0.715080
0.665223
0.723271
0.694607
0.644770
0.632212
0.754372
0.786075
0.734405
0.770033
0.679449
0.629786
0.737310
0.475622
0.795560
0.654215
0.649088
0.697174
0.673365
0.621755
0.629125
0.572011
0.805976
0.689124
0.631763
0.721203
0.567710
0.628529
0.535268
0.627430
0.672810
0.656728
0.649908
0.723478
0.715790
0.502636
0.568659
0.376643
0.556987
0.571130
0.652118
0.759837
0.653242
0.577482
0.811376
0.685868
0.391829
0.448704
0.443021
0.526107
0.495972
0.586460
0.601827
0.599916
0.705494
0.424337
0.687637
0.822126
0.707940
0.845650
0.760613
0.826274
0.794845
0.678400
0.721707
0.900965
0.798805
0.716671
0.726326
0.695359
0.728251
0.708148
0.871235
0.775896
0.760886
0.773869
0.773676
0.770022
0.531836
0.562969
0.637007
0.648736
0.694282
0.675037
0.509419
0.792093
0.621957
0.502259
0.580499
0.477807
0.502784
0.378136
0.679885
0.450308
0.541069
0.636836
0.539503
0.568816
0.809891
0.803631
0.805956
0.792412
0.730482
0.728671
0.886985
0.638933
0.678530
0.707315
0.707922
0.637872
0.732984
0.812317
0.841727
0.692113
0.712603
0.620108
0.563825
0.636408
0.546018
0.682036
0.572092
0.565722
0.768744
0.663473
0.380049
0.436839
0.553751
0.565622
0.453406
0.549506
0.654778
0.610781
0.674829
0.543721
0.474587
0.677186
0.648356
0.763627
0.624535
0.827130
0.713134
0.611565
0.645205
0.533384
0.719277
0.548841
0.654952
0.658905
0.736624
0.728533
0.725775
0.780636
0.747319
0.787571
0.712138
0.881426
0.757296
0.618761
0.611906
0.519717
0.684441
0.595737
0.720622
0.719213
0.709119
0.795197
0.724889
0.693887
0.733217
0.660516
0.893041
0.697450
0.645065
0.721782
0.680086
0.743348
0.622478
0.749901
0.721951
0.741112
0.765278
0.817388
0.603677
0.598340
0.783542
0.624472
0.676118
0.768874
0.700282
0.743644
0.671520
0.821589
0.746108
0.679508
0.344534
0.847551
0.692748
0.635761
0.667061
0.670572
0.649894
0.689543
0.548465
0.603650
0.655598
0.773685
0.697952
0.580703
0.735488
0.722482
0.618742
0.525932
0.650469
0.453083
0.648133
0.510619
0.723123
0.536065
0.661330
0.618175
0.559133
0.805073
0.883471
0.764971
0.843953
0.729572
0.758330
0.893948
0.701842
0.795298
0.759230
0.740478
0.669833
0.772836
0.636551
0.768754
0.703629
0.791292
0.649689
0.623275
0.561867
0.773695
0.488893
0.561067
0.659780
0.556610
0.631632
0.624595
0.624337
0.631259
0.551172
0.556141
0.553833
0.452573
0.708887
0.665512
0.672383
0.709364
0.599202
0.623154
0.453286
0.560680
0.614840
0.548821
0.752246
0.571150
0.460037
0.771698
0.710181
0.462924
0.723221
0.485099
0.571663
0.494348
0.594374
0.677128
0.542149
0.783624
0.812066
0.895842
0.740053
0.611544
0.694888
0.343365
0.616473
0.590791
0.810804
