0.590344
0.583623
0.616098
0.735552
0.636829
0.436586
0.707548
0.240592
0.658134
0.551933
0.567113
0.639152
0.697789
0.442274
0.470764
0.640007
0.535581
0.532056
0.629490
0.682488
0.551830
0.679539
0.586138
0.619276
0.608673
0.687682
0.707295
0.579663
0.754074
0.532428
0.669296
0.804500
0.647977
0.659998
0.559536
0.702630
0.561835
0.728367
0.585869
0.744431
0.784472
0.512980
0.559174
0.625169
0.572028
0.733113
0.760741
0.682670
0.705805
0.491418
0.488993
0.527930
0.659861
0.544091
0.626020
0.553006
0.594900
0.513274
0.410537
0.626486
0.433620
0.475586
0.592659
0.595134
0.656897
0.595726
0.578681
0.566838
0.538324
0.568227
0.519617
0.601544
0.471059
0.404945
0.573995
0.414896
0.638547
0.435371
0.585066
0.586045
0.545811
0.408784
0.462355
0.642121
0.486011
0.618800
0.421186
0.619355
0.726771
0.557272
0.622290
0.586970
0.520885
0.542088
0.601775
0.670065
0.658641
0.521045
0.629810
0.567344
0.557798
0.694379
0.618291
0.667864
0.468513
0.535155
0.563525
0.605399
0.606511
0.774332
0.666150
0.607901
0.534552
0.574217
0.601866
0.568938
0.618852
0.589190
0.621848
0.556621
0.575979
0.546612
0.512762
0.632364
0.552561
0.576015
0.742004
0.648647
0.295328
0.484794
0.579486
0.632052
0.625935
0.550513
0.657082
0.677775
0.516564
0.663348
0.654311
0.474581
0.643580
0.713818
0.660183
0.695478
0.496338
0.680197
0.619059
0.657560
0.645368
0.568711
0.537915
0.594937
0.622062
0.615330
0.573133
0.731416
0.657084
0.724147
0.583516
0.639840
0.697705
0.566511
0.521925
0.531077
0.648668
0.618472
0.517415
0.582919
0.500750
0.668677
0.546801
0.632515
0.794856
0.639980
0.478302
0.453388
0.439010
0.695428
0.570576
0.438885
0.714784
0.749742
0.577209
0.675218
0.722369
0.505991
0.664618
0.585887
0.792594
0.693957
0.728011
0.694486
0.677832
0.726097
0.635353
0.627109
0.570540
0.720371
0.568681
0.586712
0.776146
0.696364
0.779526
0.695527
0.729976
0.618001
0.587493
0.529638
0.533375
0.764512
0.701618
0.581365
0.470863
0.578207
0.729288
0.610969
0.708532
0.818111
0.696542
0.570727
0.502997
0.517362
0.749276
0.504050
0.464992
0.728628
0.780912
0.672338
0.714797
0.671325
0.578892
0.571877
0.571387
0.806094
0.651844
0.631438
0.660296
0.679594
0.662976
0.656499
0.634112
0.569577
0.744057
0.666661
0.718636
0.575523
0.566903
0.437449
0.659024
0.761340
0.590130
0.651045
0.611285
0.708736
0.674862
0.672288
0.685475
0.575889
0.749864
0.687524
0.678984
0.688172
0.643938
0.514056
0.509895
0.682055
0.718805
0.623054
0.583254
0.665241
0.780935
0.563301
0.705265
0.700305
0.597955
0.775739
0.790395
0.748234
0.647790
0.665483
0.398177
0.691911
0.550725
0.570785
0.670780
0.587748
0.444168
0.586273
0.623709
0.414464
0.560632
0.640772
0.610691
0.564752
0.689458
0.609363
0.455263
0.445594
0.554714
0.700598
0.484811
0.646081
0.538042
0.677336
0.819187
0.623398
0.630447
0.598613
0.637955
0.462609
0.704844
0.585602
0.732365
0.804274
0.288200
0.610803
0.491357
0.541464
0.712745
0.749808
0.762806
0.690277
0.721038
0.689486
0.683935
0.607944
0.686665
0.643730
0.697659
0.604255
0.616026
0.714998
0.657297
0.728369
0.521379
0.588394
0.639625
0.699563
0.723385
0.718380
0.648612
0.717251
0.661605
0.755406
0.603470
0.720800
0.667267
0.308030
0.599608
0.551664
0.710008
0.741782
0.599307
0.571066
0.703260
0.802684
0.625396
0.722359
0.628698
0.606155
0.749746
0.690080
0.786847
0.607650
0.646222
0.551108
0.561910
0.637516
0.678849
0.453629
0.499758
0.620922
0.512372
0.478360
0.632798
0.666705
0.498344
0.675003
0.581426
0.637919
0.587147
0.611046
0.630730
0.576280
0.716257
0.469507
0.651861
0.806513
0.631748
0.662785
0.569124
0.737169
0.510747
0.762121
0.585086
0.740536
0.829435
0.556036
0.523764
0.611719
0.554448
0.718242
0.763569
0.691891
0.679724
0.579099
0.539883
0.660600
0.632106
0.609113
0.602035
0.583900
0.728603
0.589554
0.602890
0.703282
0.498654
0.574513
0.617840
0.729260
0.743878
0.574509
0.683396
0.627889
0.741920
0.484767
0.595708
0.693169
0.660448
0.605270
0.364888
0.674079
0.665387
0.758102
0.440640
0.622185
0.806866
0.727946
0.660296
0.663508
0.633517
0.715362
0.634115
0.648875
0.552431
0.535764
0.640915
0.576060
0.565742
0.694405
0.641604
0.587755
0.528291
0.580520
0.526303
0.494537
0.551985
0.550752
0.695935
0.508354
0.578339
0.507055
0.523831
0.663505
0.501342
0.500884
0.682267
0.648360
0.519253
0.442600
0.614019
0.593016
0.591283
0.433887
0.674150
0.604795
0.568175
0.636612
0.571980
0.303053
0.564271
0.666567
0.712428
0.662400
0.631370
0.553026
0.571151
0.637361
0.585285
0.676118
0.532094
0.493116
0.551495
0.515428
0.423823
0.554413
0.679903
0.531847
0.432864
0.617868
0.488534
0.675750
0.310227
0.596215
0.651191
0.605879
0.518341
0.377475
0.649039
0.561402
0.574393
0.380384
0.505207
0.661513
0.610856
0.683558
0.622138
0.524055
0.624301
0.678958
0.586412
0.566528
0.656286
0.642895
0.701166
0.556697
0.641837
0.518322
0.576407
0.742361
0.516019
0.682817
0.579330
0.741451
0.657135
0.579587
0.773859
0.589468
0.672309
0.561166
0.627360
0.751688
0.654451
0.543464
0.539285
0.626269
0.686426
0.639546
0.648045
0.704134
0.750433
0.627166
0.601446
0.750890
0.562725
0.818542
0.646617
0.649269
0.612058
0.615383
0.624939
0.670969
0.664555
0.754321
0.728041
0.479791
0.627621
0.522743
0.597021
0.677180
0.576289
0.662721
0.563566
0.543858
0.691105
0.582279
0.642307
0.634818
0.549523
0.646723
0.555371
0.680331
0.655020
0.572650
0.522057
0.757554
0.756167
0.648108
0.576904
0.520171
0.541717
0.618582
0.550156
0.791122
0.756724
0.613452
0.721358
0.642832
0.621802
0.652285
0.687784
0.654919
0.630336
0.436323
0.501846
0.534613
0.647480
0.560751
0.580302
0.640356
0.582838
0.681904
0.792512
0.690641
0.577862
0.538469
0.535189
0.557299
0.609335
0.487205
0.720854
0.773139
0.443547
0.599020
0.611337
0.530864
0.596090
0.703180
0.677205
0.712814
0.600613
0.617669
0.605676
0.713710
0.683708
0.541107
0.722856
0.660824
0.687366
0.718448
0.683432
0.819073
0.664361
0.803629
0.539570
0.760869
0.633555
0.523619
0.762240
0.605288
0.769973
0.590448
0.747014
0.613479
0.671649
0.838985
0.634069
0.588057
0.619469
0.655980
0.817344
0.723696
0.670438
0.686883
0.632610
0.442802
0.613629
0.715479
0.474319
0.624079
0.675542
0.804413
0.658743
0.569697
0.713679
0.596818
0.739926
0.560284
0.656884
0.655048
0.623694
0.629914
0.533687
0.749930
0.644923
0.668922
0.598614
0.604063
0.741886
0.644846
0.586963
0.654639
0.577127
0.841734
0.660487
0.657386
0.615294
0.611678
0.600135
0.701515
0.599375
0.704092
0.645233
0.543115
0.584000
0.601266
0.788826
0.643697
0.614789
0.590531
0.830431
0.815482
0.683678
0.752953
0.667023
0.732769
0.488700
0.705937
0.726746
0.737657
0.849367
0.442678
0.605177
0.548826
0.574593
0.801645
0.652162
0.844391
0.786957
0.588115
0.681367
0.393844
0.624927
0.575677
0.744556
0.599612
0.517413
0.695984
0.528402
0.708445
0.459302
0.560292
0.715692
0.582194
0.541026
0.463131
0.617906
0.674578
0.665583
0.551160
0.577079
0.685723
0.611771
0.614375
0.665543
0.489792
0.790027
0.698106
0.640400
0.532512
0.706168
0.422779
0.641411
0.620232
0.804888
0.672045
0.448311
0.686428
0.512141
0.679376
0.386520
0.633086
0.772932
0.750369
0.642087
0.565631
0.652876
0.497510
0.698976
0.596361
0.561504
0.710475
0.655454
0.752046
0.737103
0.682296
0.799309
0.747236
0.664109
0.667879
0.574585
0.578743
0.608339
0.776168
0.599851
0.672516
0.647608
0.550130
0.601383
0.540859
0.609791
0.662051
0.493708
0.652936
0.621513
0.752568
0.685911
0.632332
0.569164
0.611215
0.655919
0.659780
0.750931
0.539927
0.494897
0.686854
0.655505
0.815139
0.727967
0.526076
0.525989
0.773175
0.582988
0.454224
0.620529
0.418270
0.684412
0.404990
0.510975
0.669220
0.509272
0.551503
0.435651
0.635844
0.551367
0.595919
0.519705
0.587976
0.672315
0.594403
0.611778
0.602677
0.542425
0.771989
0.668814
0.626054
0.594042
0.543040
0.737942
0.613975
0.566708
0.570655
0.558828
0.730548
0.466322
0.675179
0.761119
0.596276
0.580654
0.438121
0.602666
0.632297
0.490696
0.429767
0.640642
0.701432
0.657809
0.642979
0.605325
0.547145
0.600916
0.519096
0.779107
0.614040
0.668700
0.575434
0.596869
0.578155
0.537315
0.603596
0.531304
0.691303
0.866366
0.615781
0.503036
0.524633
0.525301
0.659307
0.431395
0.516141
0.713727
0.829853
0.512824
0.629805
0.627448
0.543813
0.578980
0.661989
0.734038
0.718777
0.563709
0.734147
0.752994
0.720283
0.740711
0.690890
0.841218
0.885484
0.639907
0.701033
0.687068
0.725525
0.575809
0.777060
0.659208
0.796686
0.836442
0.348843
0.714373
0.615830
0.625906
0.673971
0.677434
0.800700
0.802581
0.560029
0.667513
0.472128
0.670329
0.555292
0.599200
0.737853
0.682787
0.612345
0.580687
0.755899
0.436292
0.591429
0.570555
0.746688
0.648732
0.564500
0.634862
0.509360
0.516253
0.738522
0.644032
0.715568
0.790312
0.643592
0.498811
0.648543
0.355916
0.596241
0.676308
0.624901
0.563396
0.503730
0.631172
0.509568
0.657296
0.499685
0.512273
0.715274
0.611861
0.683471
0.648366
0.586990
0.739830
0.659135
0.676043
0.623112
0.592546
0.729042
0.630312
0.643971
0.825116
0.719360
0.614846
0.543941
0.604652
0.740534
0.518304
0.511053
0.716405
0.746168
0.631427
0.754750
0.655683
0.536557
0.622969
0.699220
0.805470
0.769057
0.620318
0.490131
0.597907
0.643932
0.600769
0.603666
0.484577
0.529621
0.574804
0.585196
0.468250
0.640013
0.640868
0.565482
0.655611
0.596652
0.503154
0.662134
0.706203
0.607103
0.703451
0.655270
0.785558
0.825466
0.699871
0.679831
0.710740
0.602526
0.688131
0.719434
0.673156
0.596198
0.891496
0.638752
0.742491
0.657742
0.630684
0.769431
0.748678
0.803857
0.809569
0.529046
0.698318
0.536442
0.547178
0.471018
0.652469
0.495624
0.658104
0.431539
0.476399
0.636969
0.633866
0.631042
0.572271
0.542865
0.664805
0.628090
0.588899
0.552677
0.625397
0.673626
0.544482
0.556204
0.728625
0.687134
0.709650
0.579455
0.671629
0.536867
0.728188
0.661809
0.769251
0.510179
0.802481
0.800697
0.689432
0.713587
0.672947
0.676541
0.641715
0.894963
0.751698
0.729236
0.667317
0.610434
0.630422
0.848790
0.803932
0.762711
0.710658
0.772106
0.818751
0.572942
0.820829
0.559373
0.569729
0.705808
0.697833
0.641673
0.578422
0.642848
0.827487
0.600721
0.681635
0.642453
0.588762
0.680446
0.644296
0.766306
0.632320
0.457280
0.608418
0.690952
0.514888
0.486511
0.656853
0.764570
0.536392
0.675024
0.710454
0.520105
0.598048
0.700971
0.665231
0.593631
0.599479
0.639163
0.553783
0.352692
0.580661
0.679953
0.623687
0.604100
0.665394
0.495668
0.597997
0.594838
0.604233
0.479756
0.741019
0.653039
0.572389
0.759200
0.876291
0.533621
0.737765
0.786003
0.623119
0.682378
0.667954
0.812206
0.715067
0.754310
0.570117
0.685516
0.773974
0.516225
0.637691
0.558291
0.622549
0.740585
0.659043
0.717050
0.739566
0.550280
0.760798
0.756301
0.620928
0.742403
0.630725
0.480977
0.706738
0.655794
0.733715
0.713468
0.583051
0.705087
0.606845
0.622362
0.580266
0.475355
0.599890
0.630850
0.608829
0.543948
0.720581
0.745551
0.728159
0.741346
0.694070
0.823053
0.737965
0.678411
0.636973
0.812754
0.857910
0.778298
0.643435
0.898323
0.811665
0.683614
0.735121
0.655167
0.551971
0.490877
0.689232
0.682264
0.817320
0.741356
0.678653
0.575034
0.757599
0.649762
0.763172
0.696133
0.501689
0.662312
0.634661
0.805266
0.768223
0.610564
0.583388
0.671679
0.720825
0.624752
0.844329
0.810383
0.863766
0.761180
0.766744
