0.620130
0.728362
0.753460
0.567287
0.835094
0.686438
0.560189
0.612828
0.734301
0.808771
0.858679
0.779405
0.693642
0.676329
0.584225
0.671367
0.681004
0.643847
0.789966
0.757753
0.610658
0.610949
0.841531
0.592038
0.564346
0.629815
0.778190
0.547475
0.648500
0.676602
0.490918
0.643610
0.696190
0.623573
0.557994
0.706937
0.724826
0.609143
0.671901
0.677724
0.576697
0.580031
0.783560
0.577980
0.572308
0.572619
0.650445
0.459158
0.390631
0.360185
0.621394
0.596243
0.615564
0.688008
0.655249
0.637290
0.699988
0.640060
0.768483
0.681299
0.759171
0.742338
0.537521
0.537482
0.679745
0.620181
0.535316
0.420237
0.724120
0.576901
0.819348
0.662281
0.704419
0.642252
0.585737
0.595529
0.573597
0.539559
0.507789
0.703557
0.693006
0.627035
0.641087
0.635100
0.452297
0.592937
0.668698
0.766639
0.594845
0.622173
0.659528
0.547690
0.489788
0.556258
0.658228
0.617758
0.591374
0.682364
0.711157
0.649046
0.729267
0.729886
0.761741
0.738336
0.724200
0.727443
0.692758
0.752627
0.777948
0.620630
0.604414
0.763193
0.708866
0.651288
0.561006
0.701588
0.643345
0.814380
0.715712
0.772616
0.657107
0.688195
0.702622
0.653143
0.564322
0.590071
0.691507
0.604339
0.726632
0.750223
0.718802
0.590488
0.686214
0.678813
0.823798
0.764959
0.626654
0.795356
0.709461
0.608021
0.628223
0.738773
0.711677
0.661009
0.597264
0.690468
0.703131
0.711347
0.599355
0.645453
0.696366
0.560250
0.543730
0.835980
0.670741
0.577329
0.650216
0.724773
0.560950
0.659321
0.640538
0.835013
0.624297
0.746133
0.551180
0.819685
0.599621
0.636503
0.680525
0.604338
0.564680
0.622947
0.632370
0.680421
0.595651
0.753071
0.733245
0.582829
0.665572
0.598881
0.719002
0.617408
0.629632
0.662424
0.664894
0.550696
0.536482
0.717055
0.690343
0.688626
0.702314
0.750547
0.524676
0.549780
0.626504
0.708402
0.766823
0.559343
0.787681
0.636171
0.653639
0.646429
0.473687
0.549832
0.556993
0.640398
0.646053
0.717859
0.715162
0.560874
0.534456
0.448250
0.700285
0.522996
0.525728
0.663537
0.529093
0.549318
0.651695
0.661238
0.503266
0.671773
0.574526
0.557227
0.583081
0.644777
0.570468
0.566081
0.763474
0.601205
0.456012
0.577538
0.431305
0.639915
0.637391
0.767022
0.733916
0.756910
0.638913
0.672902
0.710365
0.788118
0.717697
0.831255
0.589805
0.412499
0.828234
0.667181
0.661255
0.575628
0.550916
0.692336
0.716716
0.712595
0.422785
0.585182
0.565337
0.535825
0.712671
0.561594
0.758712
0.647962
0.745180
0.644660
0.616294
0.628816
0.676100
0.756875
0.711986
0.785193
0.755065
0.743166
0.717972
0.677135
0.541548
0.629512
0.787093
0.733189
0.690695
0.727224
0.577062
0.667123
0.762138
0.536152
0.785405
0.733299
0.720848
0.700097
0.625435
0.737918
0.724203
0.721721
0.761239
0.740052
0.732818
0.843428
0.588930
0.784456
0.496337
0.701373
0.686284
0.642429
0.672454
0.608744
0.671329
0.569593
0.646935
0.625659
0.677610
0.659155
0.713742
0.479498
0.707059
0.718352
0.645004
0.789062
0.551723
0.492384
0.479729
0.723191
0.618538
0.614032
0.553524
0.719018
0.740416
0.714933
0.620072
0.773685
0.673978
0.634609
0.647474
0.503236
0.567859
0.646818
0.718235
0.621768
0.745709
0.805034
0.672275
0.623690
0.664482
0.720247
0.554325
0.576110
0.678622
0.507942
0.676199
0.693318
0.599620
0.623421
0.656972
0.670142
0.450996
0.645958
0.604166
0.616325
0.620137
0.794042
0.598828
0.589673
0.615337
0.512987
0.541536
0.622084
0.617678
0.751020
0.665539
0.590084
0.821364
0.659806
0.597130
0.659333
0.552735
0.559460
0.543000
0.678239
0.709545
0.672530
0.826660
0.525820
0.705172
0.540513
0.683973
0.612446
0.570319
0.611735
0.537517
0.620263
0.652965
0.613840
0.635937
0.667431
0.573496
0.642161
0.566937
0.648502
0.572314
0.440928
0.760746
0.603840
0.474788
0.445930
0.561757
0.569326
0.578985
0.707572
0.569357
0.686069
0.629172
0.637742
0.705790
0.671758
0.555997
0.465662
0.688885
0.474566
0.726429
0.556422
0.539970
0.484749
0.783080
0.587864
0.617622
0.633802
0.672478
0.679455
0.689162
0.549033
0.575381
0.580395
0.647482
0.591880
0.585048
0.623078
0.640232
0.588645
0.645767
0.620842
0.574508
0.591734
0.464782
0.477566
0.368207
0.678038
0.641797
0.743279
0.678949
0.806755
0.823712
0.794291
0.633677
0.754594
0.611064
0.566514
0.472614
0.771210
0.613257
0.683234
0.736822
0.778384
0.701412
0.421179
0.734164
0.709181
0.838905
0.700885
0.786637
0.790007
0.611709
0.714278
0.703424
0.395802
0.577103
0.691726
0.690635
0.720797
0.750758
0.575326
0.594654
0.634382
0.704228
0.750898
0.823142
0.775870
0.640934
0.728166
0.700273
0.636158
0.714491
0.695220
0.577183
0.604547
0.623527
0.841803
0.687419
0.720636
0.656987
0.899908
0.665909
0.494687
0.827565
0.692781
0.592838
0.663756
0.699763
0.619832
0.619663
0.759619
0.670999
0.659352
0.673977
0.562515
0.744164
0.692820
0.656342
0.628803
0.617091
0.569678
0.510218
0.688528
0.740610
0.733904
0.857018
0.675251
0.704361
0.726688
0.534061
0.474496
0.601486
0.663846
0.782001
0.724167
0.690745
0.582232
0.759737
0.675472
0.635712
0.685717
0.578639
0.702295
0.636352
0.525689
0.763489
0.690349
0.664957
0.741003
0.561988
0.603834
0.621858
0.666903
0.647120
0.566425
0.771736
0.658555
0.603812
0.627735
0.600154
0.756907
0.661053
0.497327
0.741532
0.728326
0.787596
0.712434
0.800055
0.692750
0.615820
0.641025
0.737059
0.773955
0.707094
0.695053
0.635994
0.742570
0.810625
0.686523
0.790903
0.773271
0.777151
0.616141
0.668482
0.492215
0.800667
0.586722
0.708385
0.759866
0.750849
0.773715
0.777782
0.702171
0.521106
0.591323
0.684886
0.647125
0.682572
0.701333
0.803497
0.680121
0.597564
0.762863
0.712591
0.653480
0.691810
0.750866
0.674969
0.721020
0.665045
0.667331
0.737049
0.723202
0.684244
0.690464
0.676314
0.714326
0.593110
0.659766
0.629728
0.753796
0.539981
0.619135
0.739333
0.699825
0.675030
0.793094
0.676042
0.535860
0.532139
0.644136
0.600083
0.677040
0.575313
0.719818
0.581502
0.581878
0.551543
0.753422
0.635083
0.734406
0.625256
0.651767
0.672672
0.687588
0.688144
0.549882
0.366995
0.535082
0.588405
0.781703
0.617509
0.718627
0.693370
0.647424
0.581190
0.697451
0.889172
0.623778
0.549100
0.781155
0.585391
0.544164
0.563921
0.696873
0.582465
0.602794
0.737643
0.709305
0.689437
0.595222
0.472892
0.699198
0.786230
0.660740
0.453903
0.457088
0.655866
0.409522
0.540965
0.550580
0.660328
0.563578
0.646608
0.647346
0.512031
0.612411
0.642498
0.655039
0.632520
0.732339
0.664437
0.588504
0.758116
0.604266
0.484917
0.535768
0.700648
0.635603
0.581775
0.468507
0.576013
0.625133
0.695155
0.780780
0.801636
0.636410
0.795619
0.695016
0.691436
0.707558
0.612867
0.734023
0.555328
0.638894
0.730026
0.685828
0.652500
0.731138
0.617369
0.624632
0.664429
0.610571
0.640450
0.673580
0.760564
0.628087
0.628900
0.687200
0.187033
0.792089
0.704696
0.518979
0.445568
0.710235
0.554568
0.620873
0.522467
0.726089
0.636847
0.554762
0.618450
0.564236
0.613499
0.540218
0.575189
0.694960
0.555259
0.659280
0.651406
0.474971
0.563825
0.597077
0.629252
0.589340
0.590178
0.690352
0.552630
0.498782
0.549713
0.482573
0.634831
0.644730
0.538387
0.739757
0.579305
0.746995
0.676256
0.762337
0.580870
0.487694
0.778740
0.552809
0.568960
0.597776
0.715676
0.792789
0.513899
0.669950
0.617330
0.411948
0.653003
0.617574
0.730186
0.733057
0.589247
0.628687
0.687838
0.503591
0.627235
0.621158
0.720784
0.694163
0.771620
0.597912
0.564894
0.618931
0.785488
0.682206
0.437228
0.677052
0.595902
0.602197
0.597056
0.636167
0.731518
0.628948
0.720592
0.661320
0.420981
0.502007
0.658200
0.740636
0.578233
0.622092
0.528405
0.425751
0.537291
0.564342
0.564977
0.712996
0.682131
0.703678
0.806114
0.800146
0.410404
0.540103
0.754988
0.489546
0.691788
0.722165
0.687868
0.663994
0.810347
0.613962
0.527551
0.646516
0.796972
0.622444
0.718381
0.734170
0.763452
0.686755
0.897786
0.777786
0.529538
0.635842
0.655940
0.594870
0.648646
0.704557
0.672812
0.686894
0.642681
0.546671
0.681585
0.621449
0.640175
0.571764
0.730727
0.711609
0.412746
0.651291
0.652972
0.493644
0.599093
0.671324
0.815238
0.727117
0.611581
0.616828
0.723202
0.513169
0.523815
0.727289
0.533279
0.620476
0.657612
0.781002
0.718769
0.608762
0.739795
0.701160
0.828591
0.736362
0.591170
0.822516
0.671781
0.750137
0.655113
0.725470
0.654614
0.667468
0.775457
0.722884
0.718667
0.628552
0.491522
0.650917
0.680378
0.696507
0.743868
0.790052
0.707773
0.539525
0.669887
0.597610
0.528475
0.673964
0.587134
0.415251
0.585849
0.538722
0.658251
0.671463
0.554523
0.651050
0.497460
0.659317
0.504611
0.471716
0.658953
0.565137
0.487242
0.475774
0.562890
0.584253
0.575391
0.552797
0.765825
0.362801
0.625343
0.704416
0.659150
0.574485
0.818741
0.674832
0.492239
0.632893
0.734631
0.688310
0.741696
0.823075
0.734921
0.614573
0.885052
0.723197
0.530460
0.639602
0.760923
0.532602
0.557194
0.680802
0.526726
0.569598
0.631488
0.603706
0.526110
0.534528
0.571970
0.567012
0.570685
0.602430
0.666448
0.468562
0.671922
0.623848
0.600792
0.776612
0.664416
0.278465
0.469580
0.664062
0.567881
0.564680
0.751475
0.666043
0.648862
0.658098
0.689323
0.671158
0.502613
0.618849
0.509011
0.474553
0.540805
0.531040
0.698964
0.686666
0.673957
0.520788
0.504105
0.492075
0.457678
0.695600
0.690582
0.645013
0.467033
0.681463
0.627365
0.533814
0.661530
0.638187
0.505039
0.610904
0.682925
0.658867
0.667721
0.737254
0.613121
0.610481
0.842194
0.601646
0.484727
0.513027
0.655145
0.504060
0.537170
0.612932
0.514909
0.513361
0.669656
0.636111
0.599142
0.662693
0.551569
0.600174
0.503668
0.797398
0.549667
0.481670
0.773174
0.603945
0.485834
0.474189
0.614678
0.614701
0.614428
0.586935
0.626421
0.744885
0.678520
0.715136
0.580185
0.663734
0.557660
0.625728
0.784153
0.645900
0.532153
0.758527
0.546214
0.454208
0.447611
0.678459
0.600349
0.527941
0.598508
0.690538
0.522560
0.609030
0.692440
0.622473
0.510532
0.594092
0.796280
0.592773
0.550106
0.804430
0.595995
0.506010
0.571176
0.556175
0.424917
0.617283
0.708171
0.677718
0.545992
0.674600
0.682984
0.603133
0.585322
0.681079
0.544238
0.522115
0.716657
0.573748
0.528932
0.521789
0.596154
0.639819
0.589636
0.629757
0.708218
0.675842
0.681210
0.668195
0.502021
0.702876
0.722573
0.635068
0.760083
0.642432
0.541238
0.540398
0.677571
0.709514
0.657071
0.577361
0.615416
0.541367
0.531705
0.561540
0.693386
0.676850
0.604308
0.641567
0.664589
0.438323
0.510314
0.633280
0.444471
0.661768
0.582712
0.673795
0.611169
0.611543
0.582942
0.725358
0.683145
0.781068
0.662850
0.483320
0.531142
0.632808
0.618064
0.582797
0.623556
0.546325
0.587870
0.650301
0.667698
0.680328
0.624815
0.585481
0.385429
0.520293
0.642467
0.665990
0.572221
0.622004
0.559791
0.676362
0.645226
0.543161
0.619302
0.600927
0.522622
0.557941
0.625614
0.703752
0.657674
0.581548
0.617664
0.586811
0.576895
0.663036
0.448466
0.480434
0.526930
0.520550
0.560449
0.626379
0.702633
0.598802
0.525483
0.696841
0.531279
0.427887
0.426462
0.631205
0.623347
0.582792
0.728809
0.725079
0.643197
0.569816
0.601545
0.687299
0.584253
0.815336
0.628432
0.477335
0.482260
0.537045
0.545896
0.523717
0.578286
0.660147
0.564312
0.710935
0.518964
0.470020
0.457300
0.619639
0.531413
0.512113
0.533594
0.656443
0.689133
0.701747
0.824702
0.750870
0.468347
0.487567
0.558909
0.618868
0.477180
0.320539
0.556413
0.454604
0.443851
0.637419
0.403555
0.453837
0.739815
0.664344
0.550301
