0.040877
0.074814
0.109076
0.023808
0.036236
0.032484
0.072329
0.023628
0.032437
0.597655
0.034460
0.107675
0.042444
0.080146
0.455476
0.039541
0.065292
0.041447
0.310030
0.035547
0.127645
0.024771
0.029472
0.441885
0.060445
0.034942
0.164078
0.604804
0.060980
0.200627
0.035494
0.335167
0.147359
0.087828
0.012382
0.122930
0.060319
0.047378
0.033353
0.051576
0.049948
0.063331
0.038419
0.347437
0.036116
0.034246
0.058630
0.033420
0.049964
0.043439
0.174006
0.054756
0.013307
0.018426
0.035254
0.023545
0.063944
0.678010
0.022580
0.046999
0.028830
0.136918
0.511594
0.008529
0.081605
0.005619
0.372862
0.031414
0.163028
0.015836
0.053045
0.459280
0.007284
0.041074
0.188937
0.625576
0.023638
0.260344
0.026839
0.402819
0.163483
0.020166
0.034186
0.115207
0.017957
0.013639
0.010639
0.085197
0.006574
0.030926
0.059222
0.352977
0.010548
0.018636
0.046113
0.009703
0.023207
0.157281
0.098525
0.052740
0.034576
0.096904
0.079567
0.093317
0.674362
0.052243
0.053683
0.087282
0.186363
0.574597
0.054970
0.145764
0.054854
0.426199
0.090507
0.232518
0.067267
0.084557
0.504634
0.045746
0.076664
0.227509
0.651510
0.094806
0.344105
0.076050
0.456496
0.237435
0.050388
0.077135
0.181900
0.078028
0.059061
0.048874
0.131504
0.053595
0.093913
0.068481
0.396839
0.046476
0.066187
0.115314
0.038369
0.076383
0.119192
0.150870
0.107733
0.263403
0.157499
0.082789
0.569277
0.118436
0.213586
0.212234
0.166374
0.558561
0.194354
0.220278
0.187545
0.521551
0.205012
0.296398
0.157203
0.078247
0.487657
0.182545
0.154183
0.358297
0.672245
0.247657
0.341334
0.167168
0.495100
0.369474
0.241798
0.110842
0.337415
0.230033
0.205862
0.144229
0.158311
0.190421
0.248232
0.053703
0.562428
0.142375
0.198258
0.244708
0.139663
0.226718
0.038918
0.042580
0.084636
0.022196
0.020048
0.661797
0.046302
0.130565
0.066437
0.080141
0.508473
0.048956
0.074833
0.053869
0.319380
0.039851
0.120749
0.026104
0.024387
0.376425
0.079249
0.024321
0.154882
0.596690
0.074866
0.173413
0.026749
0.370129
0.140904
0.099717
0.011535
0.125799
0.083859
0.056593
0.054720
0.037898
0.067108
0.080305
0.054468
0.354874
0.036546
0.041801
0.088526
0.035770
0.069695
0.012876
0.044613
0.020210
0.047420
0.706851
0.013183
0.050434
0.043075
0.128619
0.553033
0.015685
0.096827
0.018015
0.367390
0.028875
0.176487
0.014927
0.046299
0.446285
0.027420
0.027375
0.179624
0.616865
0.041632
0.265814
0.018668
0.411083
0.172963
0.033982
0.027790
0.116181
0.041716
0.020390
0.016203
0.072592
0.015992
0.055370
0.044662
0.371412
0.006855
0.019516
0.060015
0.011261
0.035361
0.069416
0.034185
0.045337
0.656359
0.014798
0.048262
0.056954
0.138125
0.546904
0.028517
0.116557
0.027056
0.401320
0.047978
0.200295
0.025991
0.040744
0.465117
0.030370
0.029776
0.203270
0.637682
0.066410
0.288724
0.031461
0.415150
0.207480
0.048773
0.028558
0.150401
0.058965
0.036824
0.018368
0.081037
0.029954
0.073685
0.024446
0.403223
0.009104
0.036955
0.084956
0.010817
0.051109
0.032576
0.110447
0.731674
0.072481
0.092505
0.022721
0.162475
0.528174
0.015709
0.068500
0.035779
0.300711
0.015620
0.140009
0.026668
0.098550
0.463907
0.052885
0.048211
0.122728
0.633352
0.015872
0.252404
0.046310
0.348838
0.080795
0.040290
0.064630
0.041335
0.030913
0.028959
0.050021
0.100356
0.028680
0.025827
0.125799
0.228243
0.049906
0.017205
0.038548
0.054193
0.016316
0.037222
0.677231
0.034643
0.097889
0.025238
0.087029
0.497560
0.016192
0.046159
0.024935
0.307707
0.012181
0.109722
0.005768
0.032118
0.404424
0.040749
0.026928
0.140866
0.604081
0.023825
0.191570
0.015939
0.359000
0.110223
0.050409
0.015717
0.083078
0.033813
0.023031
0.023786
0.055729
0.024891
0.035905
0.062213
0.303614
0.021073
0.011429
0.039589
0.024793
0.028371
0.641103
0.041999
0.142579
0.085028
0.055128
0.501960
0.064653
0.075662
0.071970
0.332725
0.066835
0.117458
0.045769
0.013938
0.333449
0.079523
0.049998
0.170247
0.548866
0.095304
0.174794
0.036496
0.375897
0.178602
0.107875
0.024056
0.149616
0.092904
0.060585
0.061732
0.034171
0.072501
0.109587
0.045363
0.373834
0.047987
0.068565
0.087289
0.046148
0.090164
0.680646
0.718024
0.643994
0.603855
0.221232
0.684756
0.649688
0.686711
0.647023
0.689524
0.645384
0.679164
0.637730
0.758950
0.690287
0.683501
0.701927
0.691734
0.710493
0.697644
0.677927
0.378769
0.730780
0.751453
0.636335
0.743859
0.668683
0.688151
0.662170
0.690897
0.706980
0.697330
0.640031
0.779837
0.696501
0.693287
0.670227
0.676545
0.696199
0.052867
0.057010
0.138770
0.552216
0.033582
0.108462
0.028484
0.405244
0.051211
0.200681
0.027402
0.036720
0.468170
0.028281
0.040487
0.214658
0.638865
0.065195
0.281371
0.036596
0.432182
0.207662
0.049659
0.026415
0.152914
0.059118
0.036741
0.016808
0.072389
0.031008
0.078168
0.031036
0.404356
0.014621
0.039093
0.072973
0.014888
0.056331
0.092204
0.262316
0.627962
0.060014
0.198216
0.054215
0.485334
0.096879
0.310496
0.074985
0.123191
0.569401
0.047402
0.087155
0.278575
0.705839
0.100382
0.410361
0.090569
0.495540
0.277090
0.050589
0.097129
0.196920
0.088415
0.072697
0.047444
0.174227
0.055150
0.101584
0.092179
0.436115
0.051061
0.073708
0.130802
0.050891
0.076474
0.122849
0.452700
0.019058
0.058880
0.030489
0.314452
0.020656
0.128213
0.025216
0.075771
0.479940
0.044768
0.050955
0.135962
0.638505
0.019713
0.216930
0.040964
0.341071
0.107144
0.053290
0.043324
0.070551
0.023759
0.025705
0.034475
0.079282
0.029168
0.028691
0.092941
0.276742
0.045070
0.018455
0.021362
0.045528
0.014999
0.404400
0.127378
0.074288
0.147071
0.274137
0.118737
0.063472
0.113326
0.084944
0.300084
0.159243
0.134600
0.168634
0.478858
0.132478
0.117703
0.090099
0.334113
0.178976
0.184785
0.093861
0.171107
0.129908
0.110240
0.139102
0.079814
0.135031
0.152804
0.135400
0.364186
0.137053
0.130025
0.096817
0.136812
0.141524
0.509887
0.429663
0.514527
0.450455
0.505295
0.391197
0.508132
0.514526
0.612420
0.517199
0.561125
0.528289
0.561373
0.482742
0.427245
0.513894
0.336661
0.487983
0.573850
0.496267
0.536888
0.453839
0.499832
0.508635
0.523912
0.515692
0.474484
0.534407
0.577334
0.552402
0.514705
0.444481
0.535635
0.501153
0.064410
0.011082
0.323377
0.014661
0.136716
0.009741
0.056639
0.434936
0.022326
0.029743
0.141249
0.605600
0.015614
0.240167
0.019809
0.361931
0.117546
0.023921
0.032691
0.073494
0.016930
0.009588
0.020118
0.073177
0.010137
0.022852
0.075302
0.290310
0.018147
0.008932
0.036096
0.016800
0.013412
0.076890
0.260912
0.053881
0.051683
0.058929
0.064135
0.366374
0.095301
0.093009
0.135553
0.573607
0.048879
0.150015
0.068604
0.305207
0.070017
0.105399
0.063837
0.084539
0.058365
0.065327
0.090466
0.079119
0.077648
0.055531
0.147781
0.227825
0.096055
0.062747
0.048931
0.092564
0.066874
0.381452
0.029820
0.164316
0.015267
0.055053
0.474784
0.012692
0.041568
0.195799
0.645698
0.021292
0.262561
0.030841
0.410227
0.154207
0.023706
0.032847
0.116180
0.018066
0.021019
0.015195
0.088806
0.011297
0.023402
0.070385
0.354944
0.013251
0.017449
0.051505
0.010931
0.024889
0.285880
0.180185
0.333211
0.361931
0.352605
0.416910
0.321963
0.152804
0.370627
0.321729
0.244003
0.301534
0.170868
0.184228
0.409409
0.334529
0.210558
0.348215
0.315960
0.396276
0.274287
0.367676
0.330928
0.439644
0.215867
0.392728
0.308035
0.278930
0.389383
0.316252
0.116873
0.011000
0.061128
0.436691
0.055274
0.021291
0.112462
0.618799
0.022359
0.209275
0.025091
0.328626
0.083215
0.055459
0.028435
0.050638
0.037109
0.026177
0.038438
0.064884
0.032325
0.030553
0.090327
0.259375
0.033588
0.008140
0.037779
0.036226
0.018451
0.132690
0.134786
0.244103
0.183971
0.160673
0.119998
0.454732
0.117377
0.076749
0.116690
0.268187
0.085241
0.192887
0.131981
0.116527
0.128961
0.125394
0.184368
0.104453
0.158065
0.126034
0.229285
0.234414
0.180161
0.138290
0.099582
0.175745
0.136511
0.035045
0.430497
0.031491
0.021180
0.156323
0.619459
0.023111
0.219242
0.019764
0.373412
0.117777
0.042126
0.014666
0.086131
0.029788
0.022359
0.017116
0.063725
0.019129
0.028175
0.055843
0.312245
0.014701
0.007809
0.047386
0.015385
0.023020
0.371389
0.063736
0.047678
0.198053
0.600529
0.080953
0.203051
0.041847
0.394455
0.172226
0.093330
0.015930
0.153564
0.079883
0.062798
0.045954
0.050289
0.062431
0.085939
0.044945
0.372347
0.039240
0.058357
0.091599
0.036966
0.079849
0.471854
0.438820
0.378655
0.239990
0.449110
0.268077
0.370693
0.495596
0.405873
0.471609
0.416751
0.423986
0.453507
0.399135
0.482078
0.351104
0.453676
0.471978
0.494163
0.496583
0.455011
0.462794
0.434022
0.448544
0.472189
0.069758
0.229588
0.643384
0.033418
0.283032
0.047780
0.442747
0.193545
0.018630
0.051525
0.147248
0.022117
0.025048
0.014506
0.111116
0.011530
0.039150
0.068124
0.378396
0.021121
0.037933
0.059977
0.019102
0.037419
0.125720
0.635838
0.063395
0.240180
0.025201
0.350698
0.126832
0.073934
0.021441
0.086469
0.075995
0.045748
0.050061
0.048250
0.053206
0.069780
0.064846
0.313363
0.025283
0.024975
0.081834
0.027965
0.044247
0.541490
0.160827
0.210101
0.128700
0.202194
0.067044
0.206569
0.162998
0.047195
0.184573
0.138739
0.219508
0.111733
0.186354
0.177278
0.260055
0.126355
0.195948
0.135140
0.128904
0.199209
0.131115
0.627352
0.509571
0.574019
0.530459
0.602615
0.657674
0.623110
0.597312
0.610085
0.572310
0.648628
0.561365
0.617851
0.637914
0.651631
0.641741
0.644437
0.630787
0.578380
0.630204
0.640778
0.214855
0.040985
0.375624
0.099090
0.033749
0.055418
0.073691
0.008493
0.022527
0.035142
0.097804
0.018081
0.011063
0.115574
0.277633
0.041783
0.017966
0.026983
0.043153
0.017232
0.207031
0.382275
0.182065
0.313719
0.195988
0.212798
0.228493
0.222659
0.273024
0.132953
0.258687
0.225030
0.283133
0.349935
0.266770
0.234754
0.181678
0.263221
0.221487
0.346655
0.133175
0.050169
0.025939
0.092751
0.045576
0.019906
0.035438
0.050222
0.031813
0.059417
0.071526
0.324936
0.022184
0.023515
0.051019
0.024992
0.040721
0.257388
0.449728
0.361343
0.275625
0.386384
0.364163
0.424131
0.342607
0.409327
0.378083
0.459155
0.279708
0.425076
0.357352
0.329902
0.421990
0.351644
0.177713
0.140454
0.034405
0.132990
0.132282
0.187292
0.130101
0.155615
0.097708
0.261356
0.097641
0.178898
0.103180
0.112062
0.179093
0.102607
0.076472
0.128011
0.031517
0.026465
0.034472
0.130851
0.018624
0.046085
0.110936
0.347246
0.030690
0.037368
0.068101
0.033606
0.039746
0.116181
0.059279
0.041897
0.030477
0.040155
0.045245
0.058395
0.041978
0.347898
0.024062
0.029637
0.066762
0.022676
0.046407
0.098673
0.081529
0.140262
0.101966
0.105319
0.086797
0.210419
0.121577
0.131813
0.069690
0.067779
0.134527
0.059733
0.020123
0.028839
0.105627
0.014203
0.015625
0.103777
0.310299
0.041963
0.027769
0.026899
0.037687
0.022871
0.026746
0.069390
0.013308
0.039243
0.085043
0.301089
0.026673
0.020545
0.026780
0.025504
0.021487
0.098550
0.013873
0.042768
0.041801
0.381427
0.015198
0.024270
0.056150
0.014741
0.035879
0.095698
0.113659
0.092362
0.313571
0.074032
0.074623
0.075593
0.071777
0.081034
0.027758
0.069161
0.336748
0.018784
0.020209
0.040210
0.021249
0.020211
0.120544
0.280941
0.051614
0.025134
0.049783
0.048092
0.020735
0.465722
0.042029
0.078662
0.120686
0.043613
0.095308
0.386755
0.285146
0.261048
0.381822
0.267827
0.022408
0.070105
0.005651
0.038496
0.039828
0.024439
0.016738
0.069915
0.030512
0.041169
