0.049440
0.047380
0.042360
0.037309
0.028874
0.493064
0.013141
0.059261
0.026581
0.029040
0.043675
0.024829
0.021639
0.061109
0.074089
0.018228
0.058300
0.030756
0.026729
0.017660
0.268639
0.029017
0.062003
0.155903
0.006994
0.015697
0.043862
0.051363
0.072690
0.120191
0.035577
0.108638
0.067537
0.011390
0.777468
0.017802
0.008553
0.095910
0.045432
0.036379
0.050018
0.119539
0.012731
0.028506
0.017649
0.050090
0.025483
0.013375
0.028652
0.089086
0.083104
0.086832
0.077324
0.378340
0.048861
0.085908
0.060157
0.089112
0.071986
0.081925
0.042666
0.044945
0.098264
0.066892
0.102442
0.045298
0.057943
0.039809
0.216924
0.051749
0.133977
0.125451
0.047534
0.051486
0.057126
0.098729
0.133446
0.129916
0.062840
0.103860
0.073635
0.047666
0.706828
0.056609
0.049227
0.189759
0.081946
0.067400
0.062724
0.174430
0.051305
0.085668
0.068892
0.092516
0.065601
0.041081
0.074258
0.018602
0.040686
0.062914
0.432611
0.030126
0.056184
0.026879
0.021959
0.023037
0.025924
0.056765
0.058612
0.045614
0.026828
0.028303
0.038985
0.020562
0.062931
0.240276
0.056751
0.052781
0.107940
0.031873
0.021406
0.026780
0.034225
0.038327
0.056862
0.047736
0.099293
0.048245
0.030021
0.776477
0.029801
0.066556
0.089203
0.043693
0.026601
0.050185
0.127168
0.032512
0.022548
0.036571
0.031732
0.026558
0.039818
0.018570
0.020755
0.045659
0.467656
0.017739
0.028323
0.017085
0.013514
0.023011
0.013137
0.045072
0.038575
0.042108
0.013461
0.022407
0.041189
0.010529
0.056240
0.219334
0.048128
0.033211
0.114835
0.030110
0.029336
0.037668
0.020640
0.025756
0.067486
0.027320
0.084334
0.047978
0.021779
0.731562
0.017638
0.059239
0.062610
0.036393
0.012828
0.043103
0.120304
0.018322
0.015090
0.018061
0.015773
0.011180
0.031638
0.025573
0.025481
0.501372
0.016395
0.045991
0.021313
0.017161
0.044118
0.013199
0.030691
0.059125
0.064133
0.013443
0.044925
0.043706
0.020842
0.045951
0.258196
0.056012
0.026109
0.165301
0.031280
0.035525
0.058352
0.030586
0.034766
0.113171
0.035254
0.116578
0.086079
0.027708
0.705698
0.021600
0.046094
0.048798
0.030389
0.034652
0.065044
0.098823
0.022851
0.012887
0.017100
0.028593
0.013199
0.046806
0.035606
0.536292
0.024536
0.094252
0.046908
0.043042
0.075368
0.023613
0.041429
0.082587
0.119697
0.021728
0.091300
0.028683
0.043623
0.019989
0.346313
0.076474
0.039296
0.227560
0.026090
0.030883
0.050601
0.070930
0.069351
0.177627
0.030273
0.169551
0.120931
0.029552
0.761086
0.032469
0.027784
0.064705
0.017785
0.063369
0.099639
0.057012
0.022557
0.026378
0.028515
0.061453
0.034176
0.046665
0.031384
0.476364
0.455689
0.448880
0.487216
0.408504
0.502996
0.474302
0.383498
0.430725
0.497503
0.464372
0.459102
0.435720
0.480631
0.333786
0.460003
0.550750
0.359887
0.472817
0.453167
0.406585
0.498140
0.482165
0.368698
0.506412
0.428208
0.402252
0.470393
0.666921
0.482630
0.502711
0.603314
0.475222
0.442550
0.433229
0.579457
0.486049
0.493586
0.493157
0.462969
0.472151
0.460557
0.464459
0.036226
0.011523
0.014323
0.026955
0.010198
0.014862
0.038613
0.050843
0.005593
0.034506
0.025143
0.009999
0.026591
0.234410
0.028431
0.040991
0.130300
0.009018
0.014580
0.034873
0.025381
0.044933
0.093276
0.019946
0.088442
0.051886
0.006538
0.726171
0.006421
0.020163
0.072860
0.032522
0.019479
0.038095
0.112954
0.005868
0.012233
0.007812
0.025442
0.007125
0.014701
0.021819
0.022509
0.034526
0.026006
0.042748
0.050126
0.048224
0.019097
0.041469
0.022265
0.082331
0.024827
0.091695
0.137175
0.029184
0.070794
0.079248
0.052273
0.061397
0.083066
0.025466
0.048016
0.048476
0.063347
0.039328
0.038653
0.040806
0.696633
0.039015
0.077055
0.098054
0.091191
0.016170
0.021302
0.206641
0.045272
0.046298
0.033381
0.024127
0.024361
0.039624
0.066658
0.012381
0.010920
0.016428
0.022048
0.045217
0.023892
0.014250
0.017747
0.038695
0.010056
0.048965
0.186684
0.019226
0.041109
0.097995
0.017816
0.020721
0.040821
0.017661
0.031536
0.060381
0.037445
0.056029
0.038767
0.011667
0.722051
0.016645
0.037687
0.071994
0.046863
0.008878
0.022104
0.139364
0.016419
0.014644
0.012972
0.018083
0.008649
0.019407
0.026622
0.022567
0.010969
0.030679
0.056205
0.037129
0.009458
0.020092
0.047519
0.013649
0.056227
0.231145
0.036848
0.030761
0.128417
0.020396
0.020453
0.049140
0.015288
0.023938
0.073137
0.041215
0.088347
0.053897
0.015374
0.752449
0.015562
0.042731
0.055147
0.046991
0.016777
0.042377
0.127427
0.018689
0.009265
0.013146
0.018687
0.011382
0.028309
0.027104
0.029138
0.043627
0.048387
0.015595
0.032106
0.013817
0.049253
0.016305
0.070226
0.157193
0.025485
0.057469
0.071415
0.031583
0.028526
0.037689
0.024936
0.035700
0.031572
0.051505
0.049981
0.024516
0.022084
0.734688
0.031111
0.060323
0.089889
0.062528
0.009443
0.019715
0.164576
0.031259
0.026183
0.027875
0.019438
0.020063
0.026468
0.030878
0.034572
0.059369
0.055135
0.007031
0.035238
0.036113
0.015484
0.041958
0.260673
0.047517
0.017136
0.150530
0.016468
0.019901
0.040617
0.025599
0.023371
0.097000
0.029939
0.105673
0.068638
0.014640
0.757162
0.016423
0.034567
0.039141
0.024835
0.021384
0.056439
0.086136
0.014504
0.005070
0.008316
0.016358
0.009947
0.029048
0.018008
0.050614
0.060468
0.021816
0.054776
0.040968
0.027780
0.035676
0.231208
0.027729
0.066742
0.136520
0.022322
0.029460
0.058384
0.037115
0.072343
0.111216
0.041965
0.091122
0.066202
0.021211
0.696551
0.021924
0.026516
0.108171
0.059776
0.036799
0.042706
0.147955
0.022188
0.033561
0.026751
0.052459
0.023872
0.027495
0.048921
0.064926
0.047596
0.056079
0.055584
0.028302
0.062701
0.177615
0.054111
0.104123
0.100898
0.052359
0.054503
0.048283
0.058152
0.089666
0.080428
0.041206
0.089822
0.045414
0.042660
0.683329
0.034115
0.068358
0.147110
0.077085
0.038027
0.050308
0.175956
0.038398
0.065060
0.052694
0.050141
0.041397
0.041025
0.063311
0.055979
0.012331
0.087690
0.033884
0.113956
0.117235
0.028501
0.082213
0.053703
0.058966
0.060042
0.079512
0.025039
0.050308
0.019228
0.085450
0.031496
0.026920
0.046771
0.712649
0.052173
0.092702
0.112586
0.109427
0.020703
0.016052
0.231188
0.060714
0.051230
0.049332
0.032130
0.036615
0.048619
0.067561
0.037550
0.032359
0.010939
0.031096
0.260847
0.039215
0.026571
0.148203
0.012269
0.015691
0.037542
0.023947
0.032651
0.099963
0.023295
0.101623
0.064494
0.009147
0.749470
0.009480
0.025697
0.059462
0.028678
0.019879
0.049304
0.100181
0.007436
0.010356
0.009260
0.023493
0.009727
0.020840
0.021319
0.067991
0.023931
0.096332
0.160537
0.033114
0.065294
0.072632
0.042895
0.044651
0.059474
0.014136
0.041672
0.030846
0.059162
0.052456
0.025186
0.033628
0.724856
0.030114
0.078333
0.083921
0.086032
0.015905
0.024221
0.191586
0.039588
0.030031
0.032280
0.023832
0.023274
0.039903
0.045599
0.031089
0.021399
0.274094
0.055424
0.072790
0.146238
0.022980
0.018954
0.016620
0.067687
0.083534
0.117766
0.023808
0.123737
0.072428
0.025631
0.727777
0.030708
0.037772
0.117326
0.024795
0.050557
0.065344
0.108012
0.021274
0.031968
0.038600
0.063197
0.033576
0.031283
0.015646
0.042206
0.199642
0.029872
0.043749
0.102546
0.018787
0.018699
0.027732
0.022703
0.033547
0.060660
0.027166
0.073828
0.037977
0.012346
0.717502
0.011774
0.038021
0.082417
0.037180
0.010467
0.030680
0.132918
0.012486
0.017938
0.016486
0.014801
0.009087
0.017096
0.021075
0.315787
0.056015
0.076660
0.195414
0.021827
0.025223
0.039986
0.086875
0.099375
0.161135
0.031345
0.150991
0.098478
0.025416
0.761150
0.033556
0.017529
0.119367
0.031874
0.061914
0.077933
0.091026
0.020510
0.046096
0.038870
0.075121
0.042670
0.030561
0.034264
0.161635
0.303854
0.071889
0.257192
0.258682
0.260512
0.194276
0.237190
0.099897
0.261749
0.081813
0.128144
0.233318
0.592717
0.239442
0.291739
0.340684
0.320512
0.170804
0.127792
0.492006
0.251508
0.253962
0.232390
0.196563
0.211182
0.211906
0.270255
0.087563
0.085770
0.027018
0.034162
0.063715
0.040532
0.077545
0.065703
0.055042
0.042496
0.027528
0.021890
0.733142
0.032205
0.037808
0.123375
0.090842
0.022245
0.008911
0.198180
0.030776
0.047628
0.030673
0.044881
0.030809
0.014765
0.051351
0.203099
0.051797
0.052432
0.076699
0.044966
0.017277
0.132745
0.063444
0.142418
0.117840
0.045733
0.774464
0.051752
0.070922
0.021790
0.034948
0.047298
0.096421
0.078668
0.045391
0.021745
0.031440
0.032260
0.035360
0.070173
0.045726
0.141818
0.135492
0.130414
0.102253
0.152036
0.029224
0.147090
0.038025
0.040441
0.129326
0.672310
0.130586
0.186310
0.248571
0.200225
0.083999
0.054864
0.348648
0.140776
0.144737
0.141163
0.113478
0.117900
0.111546
0.143005
0.006942
0.029789
0.039397
0.055416
0.100444
0.031268
0.098864
0.054416
0.005405
0.771773
0.011828
0.012046
0.083958
0.038401
0.026387
0.043559
0.110804
0.008969
0.018648
0.011972
0.035748
0.017666
0.009367
0.017163
0.021544
0.043845
0.052247
0.091760
0.034690
0.103982
0.053408
0.009610
0.772982
0.017736
0.023357
0.090962
0.032984
0.028179
0.046246
0.107604
0.013067
0.017770
0.021505
0.038908
0.021787
0.015073
0.011236
0.066576
0.073309
0.091015
0.033070
0.122333
0.056947
0.029136
0.765310
0.035202
0.050937
0.122689
0.034073
0.041534
0.066469
0.110273
0.026663
0.039774
0.046594
0.052167
0.041597
0.033025
0.014194
0.033070
0.058631
0.052209
0.069122
0.047477
0.031948
0.722141
0.024957
0.069632
0.069030
0.074114
0.018957
0.034935
0.169135
0.033598
0.022305
0.024094
0.025838
0.015634
0.042385
0.050082
0.081583
0.077841
0.102758
0.090134
0.046593
0.761730
0.053989
0.087503
0.041637
0.052443
0.029914
0.075109
0.123935
0.052614
0.025994
0.034727
0.018057
0.031345
0.065327
0.046965
0.120979
0.046075
0.028629
0.086957
0.719308
0.089181
0.146998
0.170192
0.147595
0.045796
0.038707
0.281486
0.100883
0.091020
0.095227
0.060118
0.075448
0.081723
0.093926
0.114816
0.065845
0.024734
0.730451
0.022933
0.043235
0.095111
0.036671
0.039193
0.060276
0.105385
0.015162
0.032970
0.028730
0.048506
0.025138
0.030378
0.029894
0.043669
0.084440
0.698490
0.095710
0.129037
0.182910
0.161307
0.046733
0.026136
0.299250
0.097013
0.105399
0.084335
0.077514
0.077561
0.070774
0.114452
0.046248
0.722136
0.046448
0.084713
0.152945
0.115766
0.028782
0.017357
0.231108
0.053333
0.067567
0.058786
0.048247
0.049947
0.034287
0.063171
0.762486
0.010532
0.016242
0.078316
0.038038
0.016163
0.033849
0.116148
0.005679
0.016896
0.009964
0.026761
0.012590
0.007658
0.018868
0.735993
0.781616
0.797673
0.747256
0.740479
0.712364
0.869081
0.741865
0.739869
0.745317
0.743745
0.715420
0.762192
0.774531
0.025029
0.081190
0.045013
0.021359
0.040928
0.125225
0.007045
0.018327
0.012985
0.029564
0.012854
0.016979
0.027543
0.105650
0.052121
0.050374
0.066942
0.112557
0.018803
0.042030
0.026422
0.059110
0.039279
0.019809
0.038704
0.069867
0.080606
0.134504
0.085188
0.078217
0.042866
0.054195
0.055494
0.060895
0.110057
0.079749
0.057754
0.101177
0.054819
0.030933
0.025752
0.038504
0.053352
0.035521
0.057509
0.021815
0.019561
0.152829
0.020614
0.025168
0.017329
0.013557
0.014132
0.018710
0.032629
0.223150
0.042230
0.053905
0.042013
0.044145
0.032799
0.025859
0.058715
0.106609
0.096700
0.112878
0.128967
0.122929
0.148632
0.093650
0.016497
0.010734
0.032453
0.012904
0.011949
0.017908
0.011706
0.024236
0.008616
0.034230
0.016472
0.022445
0.008678
0.018349
0.026311
0.018649
0.035486
0.036579
0.022849
0.024202
0.026462
