0.175688
0.058096
0.131175
0.025098
0.076869
0.149472
0.568004
0.170687
0.054112
0.057613
0.094749
0.153765
0.091867
0.448982
0.042261
0.050939
0.094403
0.069155
0.036973
0.038307
0.252405
0.061750
0.088965
0.042720
0.040451
0.586671
0.039688
0.144988
0.026360
0.101886
0.025816
0.055636
0.043457
0.237335
0.384745
0.037057
0.061353
0.039278
0.062745
0.076013
0.089010
0.023283
0.068251
0.258150
0.052417
0.031007
0.063270
0.155218
0.049469
0.137711
0.137165
0.145502
0.127620
0.147487
0.537674
0.191343
0.126430
0.131759
0.107270
0.153151
0.152233
0.368299
0.102242
0.137781
0.142815
0.138232
0.153703
0.148006
0.228893
0.135153
0.133779
0.194064
0.130273
0.447568
0.133959
0.086736
0.144284
0.110554
0.161041
0.149855
0.124303
0.196553
0.235041
0.127041
0.168635
0.122175
0.111678
0.111238
0.151165
0.170113
0.124432
0.207392
0.256990
0.158761
0.138252
0.147974
0.116311
0.067258
0.027386
0.031747
0.085237
0.452814
0.068388
0.025948
0.029961
0.055456
0.072202
0.051500
0.299093
0.037388
0.049032
0.080165
0.040472
0.042305
0.025348
0.123328
0.050751
0.020123
0.120176
0.036524
0.443490
0.016733
0.076980
0.039201
0.042227
0.024577
0.020040
0.040439
0.097093
0.267584
0.022810
0.070444
0.037937
0.045227
0.047051
0.070480
0.037415
0.058390
0.151285
0.153345
0.041255
0.023739
0.079905
0.034973
0.095261
0.052870
0.169209
0.512335
0.133300
0.117242
0.108984
0.134694
0.152305
0.128284
0.397225
0.102378
0.138376
0.064041
0.128021
0.138402
0.067537
0.203541
0.056899
0.055216
0.229578
0.090867
0.449205
0.082473
0.074268
0.095387
0.096026
0.089620
0.050917
0.073919
0.135933
0.283296
0.094347
0.176381
0.111406
0.096539
0.098499
0.060372
0.130674
0.136579
0.245016
0.259919
0.133546
0.100733
0.172012
0.087743
0.033618
0.084270
0.506793
0.097672
0.019730
0.021978
0.046450
0.089379
0.040918
0.365046
0.026346
0.021978
0.074436
0.028255
0.021204
0.014871
0.171716
0.049486
0.044294
0.058398
0.008986
0.529443
0.012556
0.085524
0.006819
0.049766
0.011963
0.025601
0.014978
0.157105
0.307581
0.013030
0.031334
0.011632
0.031465
0.028952
0.067333
0.017681
0.030416
0.183105
0.089383
0.013340
0.023872
0.092449
0.013418
0.092881
0.510953
0.088445
0.050674
0.051102
0.065255
0.079265
0.065284
0.348530
0.049319
0.065500
0.054104
0.057067
0.068793
0.023084
0.145933
0.045406
0.025157
0.138036
0.033289
0.473112
0.038379
0.054021
0.034347
0.057513
0.044574
0.017453
0.029694
0.112767
0.274473
0.043744
0.094483
0.043751
0.045237
0.041820
0.048347
0.073833
0.070329
0.182202
0.183755
0.068355
0.046230
0.107785
0.033183
0.514312
0.046114
0.039319
0.038497
0.026565
0.021873
0.029019
0.203347
0.079126
0.049376
0.193563
0.030013
0.057881
0.103997
0.077387
0.168130
0.071988
0.138844
0.069549
0.497265
0.075518
0.086207
0.098808
0.047429
0.112055
0.103823
0.077039
0.087823
0.287759
0.065075
0.059607
0.058123
0.080928
0.066034
0.180394
0.103995
0.052330
0.049232
0.198320
0.067749
0.038249
0.016971
0.058807
0.405467
0.466683
0.480490
0.479541
0.477994
0.473136
0.446242
0.514523
0.490671
0.589849
0.509663
0.497572
0.527474
0.451795
0.544215
0.465635
0.550200
0.529506
0.372471
0.495923
0.447269
0.548057
0.439623
0.481334
0.500628
0.574611
0.384191
0.433339
0.498013
0.485115
0.505341
0.536167
0.470654
0.583022
0.477621
0.466296
0.463667
0.574550
0.510012
0.474900
0.438829
0.524626
0.064017
0.059155
0.056011
0.041927
0.041647
0.165293
0.103245
0.086440
0.195159
0.055013
0.083572
0.102100
0.041034
0.165086
0.067000
0.188063
0.091888
0.467065
0.080912
0.098134
0.119265
0.054066
0.110136
0.095817
0.104180
0.047236
0.305035
0.086874
0.094686
0.086411
0.116068
0.075288
0.171912
0.108542
0.083252
0.061917
0.228921
0.092695
0.054320
0.042048
0.080046
0.006120
0.021610
0.044739
0.022757
0.275704
0.024376
0.008966
0.117204
0.016124
0.015654
0.040603
0.112226
0.087238
0.037344
0.068443
0.023465
0.468357
0.018074
0.067695
0.034501
0.027132
0.029036
0.044908
0.035321
0.111066
0.275112
0.011147
0.021425
0.011573
0.035411
0.028419
0.112240
0.027015
0.017050
0.110275
0.112437
0.015393
0.009953
0.035642
0.020098
0.023703
0.040160
0.020922
0.268485
0.031165
0.012321
0.116644
0.014650
0.012383
0.041551
0.109330
0.092544
0.038270
0.072901
0.024439
0.468903
0.018727
0.067582
0.038344
0.034148
0.032701
0.042082
0.032398
0.106548
0.283039
0.015101
0.023998
0.014048
0.041132
0.034420
0.110434
0.029329
0.022358
0.112033
0.114778
0.014449
0.008444
0.034327
0.022071
0.043987
0.019801
0.254993
0.031682
0.026482
0.129777
0.018287
0.038302
0.061343
0.105917
0.103091
0.057080
0.097222
0.036243
0.505530
0.036129
0.064936
0.056894
0.025843
0.070248
0.073485
0.045297
0.110632
0.259888
0.033191
0.035113
0.029812
0.044180
0.027579
0.121050
0.060684
0.025254
0.083009
0.143631
0.040383
0.028866
0.034521
0.026869
0.050986
0.159460
0.091778
0.067956
0.182670
0.044143
0.064327
0.105219
0.054510
0.169241
0.063798
0.153011
0.086087
0.413774
0.083849
0.074703
0.107805
0.063206
0.107540
0.093100
0.090859
0.050225
0.278544
0.077605
0.084060
0.070020
0.096146
0.080192
0.177340
0.107106
0.074998
0.065578
0.218955
0.081829
0.044647
0.021782
0.074007
0.258847
0.041732
0.022517
0.141147
0.021052
0.032705
0.054120
0.097250
0.111987
0.044840
0.100926
0.031580
0.521984
0.031365
0.076064
0.056336
0.024076
0.058059
0.061486
0.042492
0.108325
0.288366
0.027832
0.029257
0.031631
0.052735
0.033095
0.122250
0.053956
0.023440
0.085746
0.139088
0.030430
0.019992
0.037357
0.028003
0.361642
0.316433
0.475389
0.265423
0.300563
0.383344
0.087844
0.457941
0.301899
0.416948
0.357510
0.404717
0.341154
0.302516
0.396486
0.272524
0.374531
0.358475
0.379628
0.119188
0.396794
0.333016
0.318217
0.342398
0.369904
0.330296
0.459151
0.352243
0.321611
0.125962
0.488626
0.336002
0.277497
0.166654
0.338041
0.025107
0.086563
0.038639
0.037058
0.033624
0.163697
0.055423
0.049033
0.072892
0.023576
0.524099
0.020238
0.072261
0.033528
0.031505
0.032673
0.050948
0.028740
0.166048
0.291111
0.015267
0.043129
0.020924
0.029282
0.023503
0.076956
0.036639
0.024837
0.156307
0.106659
0.031302
0.034560
0.083704
0.018991
0.122473
0.023870
0.019393
0.044399
0.142182
0.094581
0.054358
0.054244
0.020569
0.512402
0.023611
0.075321
0.034172
0.035771
0.035010
0.057663
0.034726
0.154225
0.300862
0.012579
0.009763
0.009941
0.033470
0.029132
0.116798
0.030307
0.007815
0.129122
0.094328
0.013885
0.022490
0.048650
0.020345
0.126392
0.136840
0.039942
0.267996
0.020468
0.077937
0.185559
0.065293
0.503180
0.070052
0.089383
0.059298
0.124410
0.085503
0.046916
0.057808
0.215775
0.261931
0.083515
0.157219
0.090757
0.055127
0.086539
0.015341
0.117295
0.126782
0.293744
0.216518
0.123123
0.123967
0.208662
0.069959
0.017597
0.045668
0.111629
0.095390
0.053970
0.080233
0.024395
0.527384
0.026178
0.091315
0.037109
0.042411
0.052982
0.055141
0.035305
0.113494
0.292987
0.027407
0.026988
0.023445
0.046266
0.036817
0.111654
0.039747
0.029804
0.099194
0.113615
0.022301
0.014983
0.043966
0.023100
0.048245
0.145944
0.102259
0.061798
0.043362
0.029791
0.524330
0.027629
0.108735
0.034805
0.056730
0.032617
0.054180
0.038289
0.140958
0.331671
0.022514
0.021561
0.020850
0.056255
0.052395
0.123619
0.016336
0.033356
0.138980
0.072765
0.006706
0.016937
0.061907
0.031839
0.177653
0.024629
0.034758
0.102324
0.014293
0.525223
0.016439
0.077356
0.013902
0.057616
0.024124
0.012851
0.016181
0.155172
0.305408
0.023001
0.064983
0.028001
0.028625
0.034725
0.031082
0.040322
0.051819
0.195669
0.125821
0.039480
0.042163
0.116800
0.018287
0.249869
0.116408
0.255915
0.161826
0.404294
0.151488
0.135527
0.196766
0.102557
0.177845
0.162370
0.180441
0.046693
0.310456
0.145186
0.157024
0.153840
0.177518
0.137105
0.246947
0.179477
0.144606
0.056232
0.320665
0.162859
0.113086
0.058462
0.146739
0.061384
0.154417
0.045462
0.535719
0.043753
0.097638
0.037841
0.091417
0.056837
0.033647
0.042510
0.202672
0.279266
0.056178
0.122726
0.069665
0.043693
0.068465
0.020059
0.081598
0.097541
0.261514
0.172947
0.090798
0.090171
0.182275
0.051256
0.154304
0.041838
0.419894
0.028755
0.046061
0.053181
0.039433
0.044732
0.017940
0.040347
0.082595
0.238778
0.032243
0.084422
0.047208
0.044159
0.052865
0.072061
0.071773
0.062686
0.141497
0.198294
0.061631
0.029123
0.074166
0.041789
0.074678
0.607042
0.090377
0.178023
0.066226
0.125792
0.069270
0.130566
0.089363
0.267104
0.411056
0.071263
0.044937
0.054871
0.105838
0.095897
0.177805
0.042765
0.064230
0.242356
0.037131
0.041264
0.091336
0.141703
0.079625
0.540708
0.012739
0.071844
0.009047
0.043930
0.029810
0.027834
0.009797
0.154493
0.292317
0.014176
0.033780
0.012662
0.019443
0.021127
0.054992
0.034516
0.024871
0.160409
0.105097
0.021769
0.028029
0.086350
0.005893
0.511055
0.353617
0.558256
0.477968
0.492652
0.467966
0.556444
0.316418
0.280940
0.497415
0.552944
0.512061
0.504179
0.508606
0.530159
0.526130
0.512298
0.475206
0.684743
0.544983
0.482557
0.425916
0.534950
0.076921
0.019827
0.036804
0.022194
0.021871
0.019032
0.138531
0.278214
0.008343
0.038632
0.017052
0.024970
0.028419
0.063514
0.026562
0.032484
0.155865
0.115176
0.020119
0.018650
0.078352
0.015268
0.095716
0.052819
0.093004
0.071051
0.072425
0.101285
0.204921
0.071381
0.109425
0.067883
0.060236
0.051154
0.097019
0.121551
0.065276
0.148454
0.242302
0.107990
0.077278
0.078412
0.060707
0.068214
0.025552
0.026542
0.014467
0.177979
0.314911
0.022557
0.045122
0.019675
0.029637
0.039113
0.054722
0.031809
0.043409
0.205242
0.095981
0.026591
0.039989
0.117738
0.017983
0.052181
0.065996
0.049796
0.104874
0.252180
0.028414
0.052443
0.040231
0.050648
0.023766
0.108984
0.061749
0.028013
0.093324
0.173490
0.050114
0.030551
0.045370
0.030278
0.030842
0.034635
0.159811
0.313911
0.017415
0.048933
0.026652
0.050755
0.045868
0.075537
0.015037
0.044209
0.203707
0.099329
0.023193
0.033231
0.107759
0.032945
0.026317
0.121347
0.275080
0.030654
0.083716
0.041222
0.039371
0.054862
0.043932
0.053619
0.071877
0.190920
0.162941
0.051400
0.038880
0.112748
0.034265
0.158780
0.312577
0.019478
0.053496
0.021668
0.023051
0.032824
0.050490
0.047345
0.042192
0.179865
0.123732
0.029407
0.031924
0.101100
0.009716
0.248207
0.140121
0.177203
0.151424
0.163675
0.141566
0.204880
0.173651
0.159031
0.093032
0.332500
0.163180
0.099651
0.075245
0.141894
0.281587
0.326965
0.297601
0.243402
0.266498
0.280260
0.331539
0.288746
0.294037
0.489919
0.333713
0.283745
0.274933
0.293109
0.029041
0.013817
0.022927
0.028187
0.075891
0.022423
0.022064
0.144136
0.108590
0.014041
0.017680
0.068119
0.013405
0.023078
0.058321
0.044819
0.146269
0.029927
0.014402
0.136272
0.080172
0.015512
0.036097
0.059653
0.035598
0.028084
0.019289
0.089795
0.028182
0.015065
0.151211
0.094906
0.015498
0.021656
0.062014
0.012508
0.033504
0.056353
0.060618
0.039634
0.165671
0.147012
0.047405
0.047412
0.094547
0.019287
0.079051
0.053810
0.020061
0.134445
0.136287
0.043882
0.039454
0.069073
0.012732
0.102996
0.115854
0.271629
0.202207
0.110538
0.112100
0.204352
0.061449
0.040671
0.184374
0.065464
0.011956
0.035677
0.099192
0.037859
0.125779
0.105709
0.024880
0.030791
0.051227
0.021778
0.294990
0.156658
0.114952
0.047417
0.139837
0.070296
0.131125
0.201589
0.116402
0.018786
0.072524
0.023987
0.042090
0.026007
0.073114
