0.484337
0.753756
0.521422
0.726149
0.942649
0.673904
0.666413
0.719758
0.659788
0.571581
0.860427
0.660600
0.761054
0.537184
0.643407
0.897746
0.661790
0.595677
0.653299
0.667921
0.630595
0.678926
0.587563
0.521316
0.507662
0.656629
0.540638
0.630439
0.689924
0.500326
0.715623
0.540307
0.649815
0.598067
0.503932
0.607101
0.636429
0.680509
0.392992
0.509348
0.697195
0.764396
0.459932
0.330638
0.627765
0.566259
0.569111
0.588536
0.579153
0.691863
0.445353
0.714365
0.894783
0.595177
0.620560
0.651806
0.687543
0.470436
0.878926
0.632318
0.721640
0.578845
0.577993
0.870701
0.628237
0.584165
0.544677
0.593894
0.576254
0.692553
0.492905
0.472729
0.405993
0.704326
0.481461
0.611545
0.617253
0.561480
0.618292
0.499572
0.514327
0.500130
0.486622
0.526830
0.637981
0.710511
0.450479
0.527442
0.581908
0.654789
0.556178
0.322019
0.578375
0.484236
0.329430
0.534872
0.505929
0.584382
0.659727
0.957486
0.699919
0.657826
0.511635
0.733623
0.567542
0.865737
0.694483
0.621452
0.607257
0.673223
0.833332
0.823774
0.571807
0.609559
0.592853
0.596316
0.641769
0.619489
0.707126
0.554922
0.694327
0.717892
0.711497
0.734141
0.816841
0.714467
0.713460
0.537841
0.639234
0.686588
0.643927
0.803358
0.822545
0.704908
0.638049
0.653251
0.549882
0.728234
0.680516
0.640453
0.520781
0.752234
0.646706
0.680293
0.569262
0.870414
0.520072
0.489407
0.522351
0.716912
0.358633
0.824596
0.583576
0.654638
0.436543
0.473820
0.741314
0.551659
0.519932
0.452827
0.420243
0.456710
0.594275
0.518124
0.427495
0.337182
0.671546
0.447994
0.529237
0.558668
0.566387
0.619003
0.480200
0.396372
0.469315
0.541778
0.386354
0.594313
0.643700
0.439676
0.475559
0.483837
0.587428
0.489367
0.356538
0.533380
0.420205
0.514107
0.575362
0.418327
0.859140
0.569731
0.685083
0.693280
0.670021
0.612781
0.709607
0.648710
0.745631
0.645948
0.682281
0.827077
0.559135
0.561737
0.556257
0.591824
0.418382
0.594950
0.571935
0.532914
0.509305
0.661966
0.693553
0.692551
0.630893
0.808754
0.721421
0.663358
0.500756
0.596474
0.617956
0.651297
0.618409
0.588064
0.658219
0.507574
0.591056
0.614735
0.714412
0.663036
0.634912
0.532588
0.728597
0.643935
0.629237
0.979335
0.908560
0.918065
0.959213
0.868959
0.832130
0.897484
0.857873
0.954398
0.881192
0.839434
0.931010
0.931637
0.839500
0.903471
0.877576
0.808366
0.977218
0.835331
0.849758
0.896210
0.854410
0.898047
0.954806
0.975459
0.812537
0.920712
0.902338
0.884138
0.834263
0.921070
0.853388
0.922350
0.828266
0.823475
0.816101
0.950256
0.897865
0.880184
0.976511
0.904134
0.979713
0.877112
0.827989
0.558519
0.677133
0.752450
0.487851
0.846257
0.607273
0.798368
0.635999
0.459691
0.839614
0.627590
0.616334
0.446132
0.627195
0.595719
0.750255
0.423111
0.499938
0.445096
0.670459
0.589554
0.633968
0.624310
0.702908
0.711318
0.602059
0.606925
0.598276
0.591003
0.596104
0.656326
0.685924
0.676767
0.557918
0.650681
0.647104
0.690394
0.508332
0.572869
0.509618
0.630126
0.624623
0.487395
0.534351
0.777886
0.493227
0.912738
0.683700
0.637335
0.639354
0.510364
0.722999
0.725036
0.643224
0.447339
0.607234
0.649598
0.651108
0.458283
0.576321
0.495411
0.655876
0.569857
0.690166
0.645282
0.687881
0.734959
0.707899
0.595510
0.562671
0.670800
0.602718
0.662100
0.739765
0.650101
0.494394
0.625911
0.527455
0.694702
0.588886
0.632847
0.570606
0.713113
0.679615
0.577759
0.708143
0.480475
0.911468
0.688551
0.613214
0.620505
0.583293
0.798364
0.809525
0.610096
0.525837
0.583540
0.553647
0.682179
0.523429
0.642861
0.458202
0.685564
0.624389
0.664877
0.673233
0.722092
0.672355
0.679735
0.500595
0.591262
0.649071
0.536986
0.780407
0.837010
0.672989
0.640609
0.686147
0.616160
0.733439
0.597779
0.680663
0.535324
0.695121
0.705554
0.620027
0.708425
0.844666
0.735166
0.732897
0.700522
0.681027
0.953631
0.821220
0.607023
0.681487
0.712583
0.853920
0.673108
0.636921
0.601691
0.619222
0.471528
0.689006
0.775416
0.749337
0.760403
0.779691
0.642902
0.767225
0.710542
0.644334
0.695870
0.630472
0.709985
0.617723
0.520476
0.748513
0.771856
0.606954
0.650057
0.752936
0.704223
0.702125
0.568454
0.732754
0.901231
0.529886
0.686408
0.537594
0.473000
0.748526
0.627550
0.482199
0.414096
0.472240
0.431345
0.611466
0.357769
0.477281
0.195720
0.653270
0.449165
0.421067
0.464740
0.568932
0.637194
0.466286
0.380181
0.438783
0.497272
0.504961
0.626113
0.698890
0.570497
0.506827
0.517095
0.483808
0.546207
0.355485
0.413503
0.307549
0.520034
0.586629
0.398338
0.890751
0.860465
0.828462
0.898542
0.895124
0.833998
0.753645
0.886933
0.849787
0.801231
0.745150
0.979947
0.741747
0.871706
0.960784
0.927245
0.976959
0.895186
0.993165
0.933906
0.790481
0.777973
0.796056
0.757554
0.757434
0.779684
0.805024
0.808119
0.709963
0.714803
0.949910
0.808466
0.851936
0.885707
0.874494
0.824852
0.796691
0.836826
0.867098
0.638180
0.634667
0.905495
0.460278
0.650009
0.596171
0.732399
0.618815
0.796324
0.629129
0.638459
0.480899
0.564563
0.615922
0.664493
0.663646
0.612605
0.703775
0.553429
0.636743
0.606593
0.654086
0.607014
0.476231
0.516032
0.669878
0.623875
0.709005
0.696817
0.650009
0.526429
0.637099
0.500088
0.626254
0.541542
0.533641
0.690753
0.748973
0.707201
0.892446
0.680605
0.759009
0.651186
0.721906
0.659364
0.712182
0.633562
0.659980
0.630993
0.708166
0.829331
0.790957
0.703767
0.761423
0.790570
0.725605
0.697441
0.713916
0.681048
0.719066
0.758415
0.616443
0.559424
0.685109
0.643104
0.654331
0.753863
0.742000
0.742767
0.867596
0.834898
0.634462
0.610004
0.813650
0.675271
0.507488
0.597427
0.634773
0.552991
0.673647
0.606277
0.592007
0.495873
0.693847
0.582629
0.610855
0.573866
0.660771
0.745289
0.489300
0.558139
0.537232
0.598372
0.550737
0.655667
0.698136
0.589384
0.484936
0.632382
0.650557
0.462174
0.536038
0.626141
0.519460
0.593693
0.615063
0.461960
0.661689
0.727337
0.581405
0.470284
0.630556
0.679577
0.708249
0.496073
0.545077
0.465375
0.629060
0.512370
0.671881
0.653694
0.666922
0.614317
0.561447
0.619749
0.571110
0.584765
0.537571
0.679248
0.751048
0.620927
0.493757
0.618825
0.592415
0.635376
0.468100
0.584042
0.510496
0.580735
0.580782
0.558276
0.911739
0.808021
0.751245
0.740564
0.693455
0.650949
0.742898
0.766692
0.763564
0.900301
0.850997
0.842262
0.801067
0.885438
0.737809
0.863434
0.789404
0.833747
0.725179
0.865148
0.816831
0.802819
0.781948
0.727412
0.667264
0.748075
0.851627
0.817857
0.681504
0.715300
0.930008
0.901567
0.800737
0.720459
0.678065
0.726907
0.522568
0.765971
0.671280
0.699338
0.564109
0.690928
0.710874
0.737714
0.577008
0.657155
0.786278
0.617956
0.617139
0.617034
0.669474
0.636111
0.575270
0.541111
0.688990
0.648095
0.677757
0.752884
0.707159
0.552680
0.603659
0.540566
0.648671
0.644964
0.571463
0.587042
0.560070
0.527414
0.564374
0.531625
0.557892
0.410365
0.721742
0.547516
0.604437
0.621962
0.698189
0.727235
0.513023
0.379750
0.392992
0.532340
0.511152
0.619022
0.697808
0.585683
0.500405
0.559580
0.625122
0.502331
0.478561
0.538673
0.435162
0.584636
0.594358
0.571991
0.542828
0.592093
0.626034
0.377160
0.492464
0.392297
0.616122
0.580095
0.597095
0.566201
0.685293
0.619882
0.609740
0.500872
0.533855
0.602558
0.586721
0.644731
0.762575
0.598409
0.354213
0.580041
0.449396
0.646367
0.498741
0.562072
0.491299
0.643314
0.525518
0.478045
0.589203
0.535773
0.509769
0.604084
0.465887
0.713589
0.613027
0.625076
0.580533
0.655968
0.706578
0.712063
0.533062
0.569999
0.609297
0.708755
0.733757
0.759242
0.603754
0.570378
0.565606
0.520212
0.643791
0.556220
0.505630
0.511664
0.708803
0.667201
0.639796
0.614083
0.574972
0.583426
0.409572
0.735058
0.611769
0.557161
0.623515
0.670904
0.696888
0.552916
0.391696
0.539208
0.535433
0.547127
0.671246
0.639325
0.573100
0.542385
0.603810
0.615093
0.674232
0.516900
0.557071
0.315671
0.608946
0.667633
0.523599
0.624729
0.608202
0.592124
0.785119
0.755692
0.724829
0.630658
0.832277
0.753431
0.686675
0.553536
0.605228
0.563930
0.712405
0.684174
0.758294
0.591513
0.493884
0.566886
0.655254
0.668088
0.642004
0.545416
0.583986
0.784743
0.690853
0.691401
0.496692
0.331326
0.646506
0.552633
0.527122
0.484145
0.718561
0.651709
0.611630
0.491239
0.520720
0.570264
0.619174
0.620208
0.795827
0.608302
0.517165
0.620162
0.399276
0.663832
0.430040
0.440192
0.418882
0.631968
0.551734
0.499127
0.400632
0.588447
0.440936
0.607980
0.668211
0.629315
0.525132
0.610497
0.537169
0.560371
0.527010
0.563267
0.523933
0.616337
0.479734
0.405264
0.541264
0.633185
0.537142
0.478819
0.583036
0.487939
0.630649
0.543498
0.472021
0.568195
0.416885
0.427852
0.475450
0.539707
0.561416
0.473198
0.311711
0.369919
0.436316
0.432170
0.591455
0.617444
0.525964
0.453508
0.487097
0.474187
0.493419
0.334464
0.378456
0.242377
0.527028
0.487242
0.381035
0.636060
0.686415
0.752729
0.683316
0.656441
0.704121
0.794001
0.691802
0.705982
0.713378
0.618793
0.545829
0.621377
0.452924
0.667147
0.641602
0.618265
0.662006
0.722034
0.631949
0.754378
0.560602
0.652915
0.526750
0.628640
0.553450
0.728424
0.498288
0.569502
0.552406
0.474693
0.588445
0.595777
0.768738
0.503352
0.532776
0.705840
0.604760
0.584197
0.423069
0.554603
0.537211
0.562794
0.527026
0.424789
0.576949
0.640269
0.681434
0.566628
0.529061
0.631670
0.606665
0.676032
0.675064
0.802342
0.682735
0.673131
0.705524
0.614548
0.626500
0.540648
0.597314
0.484245
0.589040
0.484323
0.525249
0.669542
0.750635
0.543668
0.564253
0.598005
0.636082
0.599069
0.690186
0.783886
0.642500
0.605269
0.664968
0.509651
0.624277
0.592230
0.527903
0.591020
0.626950
0.714148
0.584995
0.744239
0.508692
0.711857
0.678115
0.670880
0.630162
0.723070
0.706831
0.605679
0.634948
0.705909
0.761570
0.492530
0.484089
0.685889
0.606708
0.573402
0.696777
0.568992
0.718259
0.689276
0.691680
0.718898
0.767633
0.621899
0.702220
0.689498
0.610632
0.579806
0.722375
0.652522
0.631392
0.703587
0.627270
0.727572
0.657086
0.695701
0.549438
0.527917
0.562233
0.481322
0.540901
0.657093
0.505705
0.516636
0.699996
0.705274
0.459536
0.436020
0.626411
0.518288
0.389413
0.610726
0.530633
0.379493
0.508648
0.430316
0.689377
0.757005
0.604966
0.534150
0.587944
0.606192
0.562916
0.433789
0.459920
0.355091
0.533922
0.599041
0.555905
0.537896
0.430303
0.642381
0.645030
0.549525
0.508693
0.593002
0.671180
0.575563
0.411704
0.518191
0.424353
0.562921
0.606102
0.556387
0.666348
0.632050
0.682524
0.454466
0.508350
0.613774
0.637587
0.604555
0.364862
0.422798
0.505064
0.570025
0.548835
0.500079
0.710017
0.670648
0.580035
0.575185
0.674872
0.724574
0.552437
0.481816
0.675492
0.476178
0.516634
0.664636
0.536509
0.546964
0.510812
0.477978
0.587438
0.717803
0.559000
0.527603
0.685553
0.583418
0.676723
0.608653
0.624181
0.615814
0.583941
0.592674
0.833550
0.640704
0.651989
0.716140
0.639133
0.749511
0.661984
0.627289
0.443842
0.569066
0.674101
0.522635
0.371638
0.607799
0.565436
0.593873
0.603731
0.590213
0.487564
0.576726
0.462839
0.474585
0.565899
0.509907
0.583358
0.536665
0.539310
0.614829
0.532697
0.583342
0.526835
0.575725
0.687538
0.690048
0.640086
0.794226
0.670222
0.532607
0.500127
0.739743
0.589565
0.547092
0.428290
0.643594
0.552155
0.546538
0.686465
0.589740
0.450669
0.412584
0.403175
0.527124
0.469226
0.415127
0.665071
0.594076
0.522994
0.541847
0.507945
0.465953
0.575085
0.663629
0.478204
