0.597053
0.735232
0.684776
0.594071
0.706081
0.687180
0.640348
0.612643
0.696178
0.670806
0.937653
0.682369
0.664003
0.555811
0.604379
0.618167
0.631174
0.704519
0.587434
0.478230
0.731442
0.673078
0.501599
0.671410
0.646027
0.574532
0.626045
0.677860
0.592531
0.656015
0.651819
0.503135
0.795077
0.711793
0.709609
0.525773
0.795496
0.663385
0.679551
0.631830
0.742090
0.722764
0.616955
0.597247
0.804780
0.793047
0.618581
0.662916
0.804029
0.652599
0.697174
0.527831
0.607833
0.819189
0.635308
0.620791
0.723104
0.787800
0.842500
0.683868
0.633630
0.849541
0.745575
0.620892
0.540409
0.681223
0.530116
0.508230
0.686108
0.547331
0.552298
0.613168
0.534208
0.632226
0.548576
0.743627
0.561973
0.646996
0.427162
0.574648
0.615637
0.693422
0.688056
0.614433
0.735589
0.590606
0.602248
0.566763
0.656981
0.648243
0.712763
0.590144
0.744417
0.742026
0.587660
0.594223
0.711476
0.538828
0.547265
0.716626
0.751012
0.639575
0.665834
0.749561
0.929273
0.718058
0.738071
0.638519
0.787445
0.685128
0.632538
0.745729
0.705631
0.627721
0.627698
0.744097
0.637936
0.663986
0.698399
0.599279
0.706878
0.635791
0.775295
0.636633
0.554899
0.687499
0.570921
0.655011
0.579359
0.715557
0.607694
0.697479
0.777310
0.664678
0.483620
0.674361
0.797204
0.654649
0.665521
0.757755
0.746411
0.557709
0.703956
0.785585
0.565063
0.742125
0.716022
0.650068
0.677441
0.789000
0.951180
0.864279
0.785833
0.686776
0.871426
0.708125
0.742029
0.791152
0.776269
0.696399
0.589069
0.797327
0.829903
0.712527
0.802201
0.618431
0.696668
0.678499
0.683842
0.713219
0.491949
0.766863
0.594142
0.681202
0.735849
0.815528
0.682343
0.745156
0.816170
0.694609
0.638474
0.779245
0.743800
0.707365
0.659903
0.881565
0.791851
0.608365
0.746524
0.811433
0.672187
0.741867
0.479057
0.529351
0.684548
0.893927
0.770753
0.776460
0.607446
0.767221
0.663308
0.630485
0.627460
0.699083
0.557443
0.461077
0.712836
0.630490
0.581253
0.685959
0.517594
0.641122
0.545330
0.773247
0.612444
0.532945
0.557374
0.495300
0.632705
0.544585
0.692409
0.603440
0.749819
0.619052
0.640951
0.538900
0.718092
0.739639
0.596118
0.607775
0.811373
0.747749
0.553079
0.642490
0.648441
0.716906
0.578502
0.750241
0.602731
0.930297
0.949373
0.661697
0.694337
0.754543
0.669743
0.653028
0.710790
0.759776
0.606443
0.642524
0.715706
0.728121
0.652492
0.703049
0.610170
0.641430
0.564935
0.776503
0.693855
0.630335
0.612745
0.611787
0.676402
0.723240
0.785178
0.648066
0.820792
0.602095
0.701006
0.658830
0.657628
0.675155
0.691292
0.491932
0.836788
0.772784
0.623563
0.686048
0.730538
0.758861
0.680334
0.787591
0.762027
0.916525
0.683352
0.752671
0.602163
0.719414
0.826341
0.770162
0.791559
0.708586
0.647335
0.697699
0.828022
0.715063
0.775588
0.643510
0.689717
0.690672
0.689794
0.774341
0.693992
0.835016
0.637488
0.788282
0.731076
0.649864
0.658796
0.805289
0.773672
0.808919
0.642776
0.768441
0.732000
0.509756
0.651037
0.887454
0.845803
0.675571
0.839355
0.835933
0.674794
0.583551
0.918861
0.984953
0.684192
0.570577
0.783109
0.618266
0.502904
0.547616
0.695083
0.424900
0.574483
0.641400
0.551561
0.561702
0.687064
0.641380
0.546646
0.549506
0.768243
0.539141
0.537922
0.589010
0.480021
0.544166
0.566166
0.712015
0.536627
0.688460
0.555219
0.557896
0.505582
0.666093
0.646972
0.579963
0.548084
0.738753
0.717266
0.543357
0.519221
0.519296
0.711640
0.772041
0.849484
0.741534
0.608048
0.815117
0.688459
0.661498
0.687175
0.561732
0.530802
0.419903
0.629784
0.675366
0.478098
0.683350
0.494164
0.737551
0.655259
0.690581
0.727994
0.652665
0.648206
0.677992
0.649034
0.539089
0.605815
0.533887
0.793818
0.742518
0.522169
0.629052
0.764444
0.573575
0.550388
0.585978
0.911910
0.788990
0.571643
0.739253
0.820013
0.850545
0.983772
0.738882
0.685979
0.843148
0.746568
0.735220
0.663181
0.738300
0.677989
0.581074
0.574407
0.648471
0.601374
0.650525
0.718478
0.733005
0.690786
0.889401
0.666500
0.670292
0.690573
0.643996
0.647774
0.658583
0.742823
0.616328
0.860536
0.753966
0.710904
0.655349
0.480971
0.743726
0.516939
0.638563
0.788525
0.821619
0.676412
0.580595
0.683276
0.959170
0.721920
0.838758
0.535787
0.825937
0.845971
0.740674
0.812263
0.749232
0.729196
0.837268
0.778677
0.695911
0.802188
0.807754
0.678577
0.821943
0.705361
0.768870
0.863966
0.826199
0.725477
0.853904
0.898627
0.720652
0.642050
0.860066
0.937945
0.777922
0.857439
0.919828
0.750737
0.721123
0.718300
0.935148
0.961721
0.871073
0.861078
0.917925
0.964015
0.727046
0.950981
0.723071
0.958582
0.918935
0.865391
0.905879
0.904015
0.929113
0.835834
0.874766
0.885260
0.724612
0.871249
0.901866
0.933680
0.938288
0.900352
0.790504
0.907934
0.988495
0.908285
0.876645
0.858018
0.926050
0.908242
0.928237
0.825188
0.888768
0.983881
0.883005
0.864459
0.976310
0.918545
0.887810
1.060993
0.897359
0.618322
0.713269
0.699945
0.663436
0.593722
0.659624
0.525337
0.696597
0.683730
0.679992
0.603926
0.636947
0.732948
0.475467
0.607641
0.709610
0.639008
0.650225
0.698293
0.601183
0.565816
0.706739
0.606999
0.592054
0.795593
0.690309
0.600591
0.680162
0.737245
0.527286
0.684074
0.475619
0.781182
0.764520
0.621602
0.651068
0.763926
0.741906
0.362616
0.607653
0.626371
0.586081
0.429169
0.551932
0.581731
0.501660
0.505689
0.656056
0.564405
0.595098
0.648884
0.686528
0.558036
0.601666
0.561578
0.558661
0.570390
0.642390
0.680977
0.469275
0.789408
0.634271
0.475991
0.557649
0.666466
0.703070
0.671733
0.502470
0.790767
0.668354
0.469629
0.655308
0.797808
0.657340
0.801667
0.772990
0.884798
0.738901
0.699980
0.840470
0.782847
0.669025
0.804564
0.807355
0.565448
0.755315
0.615503
0.728119
0.817221
0.821911
0.678279
0.878987
0.850579
0.771836
0.631153
0.895234
0.839248
0.810648
0.738542
0.875395
0.799408
0.681730
0.710083
0.913721
0.871455
0.763181
0.872944
0.849558
0.636338
0.661911
0.739103
0.540038
0.635445
0.782388
0.624329
0.550408
0.689155
0.685056
0.587713
0.600996
0.672940
0.609386
0.647193
0.614257
0.590458
0.726302
0.712169
0.703786
0.575759
0.738697
0.536452
0.709275
0.567788
0.705374
0.697506
0.661720
0.593688
0.818953
0.674002
0.604810
0.691607
0.779224
0.553341
0.705067
0.479789
0.607378
0.751780
0.621797
0.541168
0.687381
0.724711
0.644991
0.567633
0.782690
0.534281
0.584658
0.644717
0.597047
0.600979
0.685943
0.647266
0.551501
0.647949
0.618876
0.506546
0.645635
0.731557
0.635821
0.734245
0.624845
0.624024
0.611204
0.595330
0.479445
0.741451
0.743656
0.444167
0.606265
0.686638
0.626764
0.560187
0.581594
0.667842
0.590931
0.553609
0.855716
0.543633
0.599901
0.528476
0.562439
0.646636
0.652484
0.594697
0.545589
0.713659
0.540448
0.627272
0.649737
0.671565
0.642700
0.536365
0.525260
0.601729
0.693443
0.619434
0.590362
0.585446
0.534878
0.645410
0.658345
0.628336
0.498286
0.701472
0.589912
0.721724
0.587785
0.755180
0.679966
0.634945
0.657248
0.677544
0.560844
0.645435
0.752616
0.502195
0.767493
0.712721
0.471703
0.677537
0.611118
0.560108
0.742828
0.516311
0.932054
0.754289
0.758046
0.669979
0.812713
0.521784
0.590478
0.500074
0.299735
0.630521
0.623756
0.504111
0.492000
0.712861
0.487881
0.523628
0.536750
0.479919
0.502029
0.549637
0.529597
0.412490
0.523671
0.594338
0.350864
0.478125
0.594954
0.587787
0.549987
0.385024
0.708822
0.679072
0.492403
0.474246
0.641997
0.646595
0.639363
0.494585
0.580530
0.549983
0.627206
0.506354
0.684023
0.531496
0.575775
0.585696
0.539010
0.572846
0.628413
0.685744
0.499165
0.693910
0.649594
0.584900
0.482039
0.735566
0.592445
0.503915
0.534739
0.842446
0.658840
0.505784
0.568101
0.733691
0.602381
0.534976
0.608924
0.601745
0.671553
0.749046
0.774252
0.730947
0.731663
0.678363
0.679593
0.709410
0.634059
0.507124
0.551874
0.889397
0.828818
0.552327
0.607483
0.695921
0.688976
0.586982
0.572822
0.841095
0.846706
0.538047
0.812933
0.771863
0.586720
0.506900
0.660947
0.651003
0.634060
0.767895
0.653725
0.680929
0.583304
0.568836
0.624091
0.546031
0.595128
0.629634
0.810840
0.708980
0.521804
0.565720
0.555215
0.728978
0.614782
0.599596
0.756755
0.700277
0.567276
0.655517
0.712024
0.598069
0.545475
0.514144
0.549224
0.630895
0.552229
0.661487
0.552189
0.586980
0.595028
0.648974
0.514273
0.299502
0.601531
0.619023
0.454250
0.582655
0.671759
0.649657
0.573053
0.442827
0.768118
0.707051
0.511208
0.554328
0.650666
0.660132
0.685570
0.616539
0.781343
0.639143
0.686210
0.713472
0.627406
0.693788
0.642473
0.582859
0.686995
0.824665
0.724106
0.728465
0.584544
0.634692
0.659429
0.536944
0.617456
0.766271
0.832754
0.590792
0.712217
0.707734
0.669540
0.685204
0.665070
0.665509
0.632446
0.528693
0.655645
0.707656
0.608197
0.642433
0.497241
0.825682
0.649438
0.548764
0.591866
0.706875
0.704676
0.624460
0.591602
0.891385
0.847973
0.581174
0.815800
0.738835
0.584435
0.599282
0.565219
0.599412
0.536649
0.524890
0.680408
0.725243
0.583873
0.511808
0.733590
0.716446
0.651210
0.550669
0.713378
0.635006
0.645284
0.554646
0.776931
0.837792
0.578841
0.666010
0.703139
0.734409
0.560153
0.417967
0.595491
0.444560
0.518639
0.652213
0.714457
0.573834
0.660193
0.507056
0.614066
0.518713
0.654198
0.496371
0.637006
0.396899
0.820376
0.659439
0.621814
0.474020
0.623500
0.730199
0.783840
0.754007
0.688825
0.791091
0.793826
0.708237
0.617604
0.866492
0.847678
0.656455
0.673550
0.804618
0.762779
0.779945
0.723657
0.900011
0.794414
0.604357
0.835961
0.856562
0.589885
0.662847
0.542522
0.592466
0.725377
0.713499
0.524264
0.712922
0.697865
0.617003
0.502384
0.706036
0.695562
0.680731
0.534656
0.745680
0.724895
0.613839
0.488041
0.738064
0.632952
0.525036
0.490496
0.642343
0.720981
0.590698
0.633007
0.652918
0.617262
0.485323
0.672510
0.642528
0.606683
0.558611
0.790751
0.738137
0.594762
0.592530
0.685223
0.587245
0.651208
0.675963
0.683904
0.548771
0.761209
0.556071
0.580191
0.552373
0.640500
0.706756
0.690956
0.586406
0.831977
0.705709
0.587903
0.682048
0.458404
0.588871
0.538187
0.674124
0.513887
0.759468
0.659652
0.637120
0.523873
0.674991
0.618884
0.549296
0.368624
0.719799
0.765711
0.510835
0.597934
0.689989
0.691321
0.756510
0.599477
0.643034
0.611708
0.546426
0.564218
0.628579
0.570711
0.684462
0.573288
0.833477
0.604867
0.621021
0.496660
0.675588
0.696450
0.651759
0.768754
0.636684
0.604798
0.526326
0.598926
0.732332
0.634040
0.571709
0.812432
0.719119
0.624105
0.731940
0.738424
0.637594
0.773273
0.787740
0.614335
0.684134
0.752945
0.685322
0.579814
0.611561
0.764054
0.874819
0.637870
0.717081
0.803228
0.725876
0.690562
0.415549
0.531373
0.681941
0.690783
0.579571
0.420679
0.791350
0.775516
0.463133
0.637175
0.741357
0.720608
0.772034
0.622903
0.732309
0.765144
0.759586
0.791964
0.796307
0.683621
0.756921
0.584056
0.749248
0.709596
0.628108
0.671340
0.615513
0.743378
0.668444
0.748889
0.688701
0.701759
0.654956
0.616719
0.617350
0.651715
0.608853
0.729762
0.474762
0.822488
0.653883
0.557331
0.647763
0.745344
0.589954
0.658566
0.580199
0.574087
0.793674
0.734092
0.529226
0.638225
0.598992
0.667326
0.690111
0.669361
0.833684
0.734818
0.683560
0.537326
0.731275
0.687182
0.563004
0.878150
0.682714
0.705531
0.582916
0.735554
0.555952
0.785079
0.815942
0.541951
0.696102
0.696342
0.796187
0.747349
0.543689
0.615543
0.695983
0.861451
0.754922
0.792026
0.823389
0.715982
0.543240
0.676427
0.695767
0.709628
0.658975
