0.573830
0.517450
0.553980
0.611497
0.490952
0.470352
0.428911
0.231935
0.660403
0.619755
0.669178
0.565004
0.519806
0.255052
0.569898
0.554565
0.585173
0.625039
0.484823
0.599092
0.711206
0.645075
0.721114
0.747850
0.730211
0.625182
0.590001
0.587789
0.526297
0.711708
0.552149
0.576702
0.407452
0.622153
0.607103
0.677084
0.601301
0.722345
0.628766
0.531093
0.634340
0.651160
0.544557
0.366352
0.378305
0.624118
0.426612
0.397412
0.638953
0.633954
0.584978
0.569003
0.585140
0.523592
0.684889
0.592366
0.735004
0.691614
0.566081
0.693710
0.673871
0.499951
0.663634
0.592323
0.527105
0.645357
0.681023
0.580639
0.664424
0.578384
0.656970
0.778433
0.538382
0.645782
0.641612
0.713517
0.630563
0.641768
0.608256
0.682570
0.623292
0.706862
0.572217
0.661408
0.625569
0.660376
0.689808
0.518985
0.567232
0.573817
0.607674
0.551454
0.669714
0.675533
0.556639
0.695116
0.751345
0.479828
0.495172
0.387913
0.516596
0.665789
0.385621
0.648793
0.482504
0.597501
0.555660
0.431903
0.555763
0.496971
0.488084
0.768494
0.604539
0.418013
0.571789
0.618283
0.647721
0.649523
0.640237
0.624098
0.455763
0.401194
0.396689
0.428568
0.637722
0.535692
0.514610
0.563285
0.702360
0.577253
0.645862
0.509911
0.706736
0.648197
0.529611
0.626689
0.540996
0.529845
0.610853
0.485394
0.542017
0.487050
0.518906
0.627656
0.434482
0.511289
0.599728
0.661963
0.463060
0.766379
0.550012
0.494236
0.538343
0.554403
0.544249
0.542459
0.475876
0.615933
0.529509
0.524162
0.507837
0.505141
0.541128
0.589073
0.671987
0.587130
0.459453
0.489048
0.573819
0.574779
0.590198
0.471127
0.553503
0.650046
0.692651
0.582299
0.498166
0.563694
0.583110
0.730706
0.506815
0.585294
0.418964
0.516849
0.643086
0.568728
0.447449
0.521538
0.642653
0.642167
0.520607
0.407848
0.738266
0.522829
0.647118
0.524504
0.510854
0.543391
0.541559
0.637338
0.504081
0.529068
0.676853
0.543813
0.583634
0.529623
0.655516
0.503924
0.622816
0.672574
0.557366
0.540027
0.552616
0.583984
0.534020
0.652175
0.511609
0.524777
0.571136
0.781845
0.568505
0.579856
0.508395
0.506887
0.692331
0.478066
0.590101
0.520180
0.572875
0.662062
0.567811
0.536992
0.466501
0.596197
0.557954
0.403903
0.660591
0.444527
0.599400
0.596804
0.568756
0.496541
0.445238
0.518809
0.447083
0.496368
0.652593
0.580199
0.426598
0.488072
0.565700
0.617427
0.632342
0.617818
0.613243
0.543925
0.323941
0.454001
0.358707
0.630613
0.594009
0.506471
0.548814
0.714177
0.496220
0.548031
0.600154
0.650972
0.657693
0.579654
0.595091
0.547857
0.545071
0.573291
0.557334
0.551273
0.486086
0.465474
0.661374
0.779769
0.500020
0.580353
0.546174
0.623608
0.514811
0.564023
0.575612
0.459507
0.549030
0.650609
0.583748
0.645619
0.541213
0.709357
0.563703
0.692708
0.693354
0.577750
0.608387
0.556117
0.598589
0.450058
0.700444
0.652793
0.516288
0.560570
0.730891
0.553740
0.615795
0.496603
0.620870
0.587904
0.536335
0.575823
0.549049
0.544658
0.572837
0.576423
0.670030
0.431443
0.509762
0.597580
0.488643
0.837323
0.810858
0.779060
0.734142
0.739004
0.444983
0.802168
0.638360
0.734620
0.748180
0.623882
0.676136
0.642135
0.743000
0.771234
0.747612
0.810104
0.580656
0.582954
0.704318
0.726224
0.761613
0.565103
0.655045
0.542149
0.632535
0.627162
0.793456
0.845185
0.673956
0.755946
0.632198
0.686709
0.724413
0.654966
0.593094
0.390414
0.602198
0.582551
0.451132
0.693906
0.667453
0.501870
0.593004
0.569565
0.481668
0.325005
0.521930
0.548534
0.634008
0.555527
0.323964
0.591875
0.640179
0.609310
0.635112
0.706325
0.668911
0.585051
0.473459
0.524150
0.508317
0.692335
0.514803
0.550401
0.440195
0.698778
0.565119
0.561317
0.574128
0.710440
0.680192
0.526300
0.664370
0.597137
0.523744
0.511079
0.311068
0.486316
0.487571
0.455432
0.671134
0.696750
0.684240
0.681130
0.678738
0.728071
0.605820
0.718160
0.768600
0.769326
0.760550
0.718308
0.777236
0.766765
0.782458
0.712543
0.737052
0.799432
0.719929
0.770472
0.667556
0.760450
0.705226
0.642568
0.683767
0.800605
0.636411
0.733993
0.686815
0.680995
0.377308
0.672928
0.664630
0.800182
0.712276
0.700877
0.635218
0.713342
0.571332
0.665807
0.637531
0.555290
0.644426
0.571062
0.637455
0.458795
0.570345
0.707668
0.636012
0.577144
0.475436
0.733582
0.344751
0.681119
0.709781
0.620202
0.522466
0.708302
0.665728
0.573122
0.554520
0.608473
0.591734
0.591130
0.741149
0.643959
0.604224
0.374397
0.749053
0.684382
0.544096
0.712678
0.638840
0.579529
0.680330
0.584566
0.628525
0.558881
0.644348
0.617221
0.572752
0.606591
0.643986
0.578449
0.525653
0.434721
0.579209
0.591130
0.589334
0.528900
0.615318
0.387424
0.659715
0.328264
0.615828
0.613714
0.725721
0.641941
0.270721
0.523114
0.567361
0.701379
0.663604
0.581828
0.659761
0.523640
0.600744
0.690341
0.529975
0.627558
0.665583
0.577409
0.609250
0.647959
0.556681
0.508321
0.650775
0.643525
0.595919
0.665657
0.470820
0.515611
0.623780
0.621665
0.665600
0.510786
0.734233
0.695915
0.659732
0.595582
0.610630
0.615537
0.507501
0.663512
0.542758
0.731114
0.545816
0.584405
0.654292
0.709542
0.474950
0.627640
0.566044
0.601866
0.650550
0.608200
0.580190
0.436899
0.444143
0.580634
0.630085
0.566295
0.408612
0.508719
0.602722
0.544034
0.482529
0.495268
0.777327
0.586165
0.506418
0.502318
0.704480
0.603965
0.637493
0.645234
0.660013
0.640069
0.537754
0.451721
0.414453
0.615506
0.620736
0.513382
0.654342
0.689897
0.578689
0.459822
0.612670
0.700854
0.727367
0.594816
0.687300
0.630383
0.610384
0.542156
0.664168
0.670102
0.532703
0.517879
0.722554
0.606233
0.558708
0.650494
0.638829
0.465194
0.517289
0.593557
0.637811
0.644951
0.781113
0.718872
0.597487
0.581715
0.603810
0.624469
0.633643
0.604781
0.593223
0.420991
0.588149
0.539011
0.551815
0.572950
0.665257
0.724830
0.531546
0.635977
0.581310
0.597663
0.457547
0.408771
0.626399
0.568046
0.526037
0.688292
0.507524
0.725943
0.594149
0.565366
0.458352
0.673206
0.550237
0.546707
0.491500
0.623099
0.562996
0.560263
0.582986
0.578013
0.597078
0.641108
0.528157
0.568985
0.708700
0.465250
0.438605
0.571880
0.604042
0.716424
0.572468
0.584473
0.503973
0.574677
0.631820
0.652101
0.623767
0.537142
0.574874
0.552024
0.645380
0.538719
0.583500
0.522342
0.587975
0.590944
0.631109
0.645661
0.605472
0.463414
0.568978
0.597451
0.475807
0.583911
0.535512
0.463595
0.537872
0.688146
0.507016
0.583318
0.572440
0.616126
0.679108
0.439313
0.528838
0.564166
0.488802
0.572362
0.590129
0.537672
0.425122
0.530784
0.595476
0.721145
0.694379
0.733796
0.750697
0.674564
0.690971
0.780191
0.605464
0.738798
0.703136
0.812532
0.730170
0.649818
0.614838
0.695405
0.705931
0.686285
0.678819
0.793880
0.703202
0.813800
0.689238
0.564952
0.588558
0.693769
0.567610
0.556830
0.663126
0.610726
0.502317
0.616330
0.726943
0.590722
0.605614
0.576954
0.582069
0.644940
0.735750
0.513924
0.595192
0.654909
0.658646
0.567133
0.600475
0.554199
0.619271
0.612074
0.697268
0.579393
0.625179
0.661154
0.670032
0.770139
0.558932
0.616785
0.676493
0.633989
0.674958
0.665035
0.640658
0.586322
0.675250
0.687453
0.591545
0.608747
0.623114
0.609091
0.697431
0.663982
0.557984
0.537129
0.562484
0.590706
0.682360
0.604122
0.599458
0.556353
0.760713
0.589212
0.603737
0.670507
0.762848
0.802834
0.613227
0.772362
0.681126
0.638935
0.695392
0.442976
0.536220
0.656903
0.543656
0.690361
0.607768
0.457411
0.552899
0.589559
0.582721
0.427418
0.577267
0.629431
0.540280
0.543329
0.579324
0.526192
0.551433
0.650315
0.527021
0.455276
0.401256
0.634991
0.706954
0.517074
0.627457
0.546750
0.569857
0.602190
0.604865
0.566738
0.562760
0.627177
0.592964
0.739833
0.526275
0.795153
0.624807
0.540649
0.467176
0.600553
0.676529
0.510775
0.595850
0.640097
0.634774
0.672782
0.553239
0.570727
0.715001
0.547943
0.774052
0.571684
0.679292
0.670090
0.647044
0.634388
0.642223
0.591408
0.661007
0.720664
0.696921
0.665962
0.719001
0.649512
0.528597
0.738270
0.722047
0.629916
0.579042
0.596554
0.651409
0.618194
0.688361
0.677842
0.574061
0.504155
0.734629
0.752488
0.477385
0.652646
0.594141
0.596676
0.713543
0.601320
0.665773
0.646502
0.734506
0.703502
0.621204
0.535387
0.556488
0.649731
0.744390
0.748383
0.373969
0.625670
0.621080
0.654711
0.695772
0.555523
0.582214
0.651399
0.664091
0.798515
0.622180
0.629763
0.657250
0.669054
0.658142
0.658608
0.595730
0.666035
0.714036
0.634350
0.696991
0.599405
0.714774
0.777300
0.717081
0.691318
0.656299
0.553188
0.689208
0.791502
0.546260
0.664378
0.723904
0.744722
0.731988
0.593871
0.656246
0.645951
0.698471
0.727087
0.752154
0.639898
0.623702
0.681134
0.708321
0.699229
0.683280
0.771624
0.628117
0.400078
0.572130
0.611198
0.761136
0.683948
0.620025
0.757310
0.521194
0.653466
0.625000
0.610251
0.564909
0.598204
0.585827
0.633487
0.699695
0.663874
0.489739
0.650156
0.689585
0.552859
0.556543
0.559712
0.628883
0.576527
0.549838
0.495587
0.716376
0.576437
0.632006
0.546734
0.685157
0.810165
0.446387
0.674100
0.556919
0.578433
0.670368
0.577260
0.515287
0.614698
0.651290
0.596944
0.468571
0.486444
0.720171
0.584840
0.638095
0.616412
0.774779
0.523270
0.578628
0.738779
0.667595
0.752552
0.596644
0.677691
0.496318
0.585939
0.651717
0.535428
0.475639
0.560954
0.524504
0.688295
0.470589
0.765396
0.664581
0.600411
0.677968
0.760666
0.652733
0.683492
0.758626
0.750390
0.822136
0.618790
0.773370
0.651330
0.632822
0.597117
0.633778
0.638134
0.553043
0.589671
0.663424
0.720429
0.590927
0.543267
0.608041
0.768050
0.615136
0.662921
0.570629
0.692701
0.681593
0.572899
0.598722
0.555167
0.369762
0.519630
0.623732
0.716405
0.435361
0.497829
0.660984
0.623394
0.582541
0.678169
0.620741
0.654775
0.635058
0.540128
0.667024
0.699963
0.595529
0.563686
0.738381
0.720776
0.639944
0.679021
0.692697
0.616297
0.751277
0.718146
0.583225
0.660583
0.633390
0.509913
0.646326
0.590228
0.561396
0.654821
0.506598
0.562353
0.561627
0.482645
0.582452
0.555838
0.414524
0.395325
0.544195
0.553981
0.629283
0.728983
0.603876
0.639857
0.487735
0.647635
0.664297
0.537557
0.599969
0.623678
0.562891
0.671235
0.600933
0.608294
0.462905
0.579748
0.547331
0.706137
0.605454
0.638867
0.579155
0.704166
0.673566
0.535008
0.634063
0.643992
0.583693
0.599174
0.420987
0.632680
0.598341
0.545571
0.665908
0.675463
0.735118
0.773946
0.744587
0.693197
0.631498
0.703013
0.679022
0.689637
0.604859
0.676106
0.734612
0.598509
0.686904
0.688349
0.487801
0.654234
0.550379
0.676367
0.540935
0.563170
0.544015
0.552485
0.501221
0.635388
0.528598
0.474772
0.490571
0.540635
0.611347
0.665721
0.832674
0.608465
0.696767
0.603751
0.662104
0.621703
0.715321
0.584641
0.697448
0.700202
0.750562
0.673076
0.593971
0.585233
0.643264
0.616122
0.583171
0.638460
0.632260
0.618202
0.556682
0.647958
0.656422
0.698815
0.606085
0.623533
0.647508
0.654111
0.688044
0.687227
0.620532
0.552845
0.580391
0.610092
0.629086
0.563831
0.709618
0.618900
0.621343
0.622748
0.700044
0.503762
0.601506
0.618959
0.532553
0.522972
0.505507
0.552618
0.514952
0.479161
0.461883
0.603226
0.544108
0.550063
0.564045
0.579308
0.626622
0.680174
0.474349
0.541635
0.665799
0.435487
0.563289
0.606368
0.614723
0.511400
0.611746
0.628158
0.536499
0.549357
0.552457
0.377009
0.468198
0.546420
0.605407
0.689614
0.427217
0.452901
0.701360
0.482144
0.493593
0.432131
0.603933
0.505302
0.513129
0.577938
0.340630
0.388669
0.530255
