0.116740
0.574799
0.326311
0.065740
0.079767
0.333857
0.676965
0.039980
0.062593
0.037003
0.554050
0.020283
0.021652
0.018536
0.015213
0.043389
0.236287
0.019463
0.025350
0.116643
0.043964
0.054367
0.105359
0.029963
0.128182
0.229405
0.088683
0.060681
0.053071
0.035228
0.267834
0.011701
0.187817
0.011500
0.284221
0.219495
0.055660
0.093659
0.111981
0.537200
0.086090
0.080766
0.050900
0.040971
0.064975
0.044765
0.045814
0.046623
0.064270
0.630014
0.281865
0.083443
0.090863
0.343839
0.748979
0.039366
0.075970
0.040805
0.539449
0.082073
0.073134
0.135138
0.112963
0.036064
0.241499
0.069317
0.061369
0.134028
0.107157
0.065003
0.061427
0.067129
0.050438
0.341692
0.050932
0.089232
0.125582
0.092818
0.251616
0.112359
0.032642
0.084079
0.341610
0.260005
0.071800
0.315534
0.081427
0.542522
0.094223
0.109427
0.039295
0.135342
0.074374
0.053435
0.052304
0.062333
0.034893
0.704280
0.625535
0.585345
0.621655
0.654510
0.543598
0.537309
0.614556
0.722584
0.633573
0.567710
0.551834
0.594009
0.569974
0.451355
0.593129
0.531250
0.457704
0.584770
0.598078
0.591170
0.613633
0.591125
0.181483
0.585099
0.596457
0.513884
0.583461
0.590174
0.623658
0.628805
0.596736
0.615319
0.558262
0.639370
0.611560
0.611745
0.828346
0.584574
0.584394
0.569764
0.548959
0.595080
0.590212
0.603023
0.638269
0.645856
0.195798
0.139857
0.102735
0.598148
0.249720
0.176609
0.259347
0.197135
0.268984
0.251338
0.291721
0.366522
0.246089
0.130176
0.306097
0.266628
0.186573
0.201150
0.176943
0.147466
0.234115
0.166446
0.408764
0.180312
0.170360
0.223548
0.208301
0.169528
0.335858
0.356958
0.299671
0.113285
0.143428
0.184973
0.459650
0.143825
0.259890
0.145160
0.134010
0.237693
0.260988
0.178620
0.235357
0.204594
0.202475
0.291739
0.040526
0.257390
0.641431
0.045328
0.041687
0.036839
0.434952
0.027936
0.047351
0.057227
0.092245
0.035184
0.153185
0.045710
0.053645
0.074403
0.042807
0.021021
0.035149
0.027706
0.057188
0.277623
0.036896
0.021405
0.055233
0.020235
0.184167
0.062880
0.169581
0.053579
0.221237
0.171860
0.021704
0.179363
0.049898
0.416593
0.029810
0.043307
0.032852
0.050790
0.021185
0.031288
0.019194
0.019742
0.060243
0.199339
0.659317
0.039226
0.010888
0.047109
0.398341
0.061334
0.042732
0.068857
0.109622
0.039784
0.092629
0.070473
0.046394
0.044226
0.036573
0.015917
0.022514
0.029757
0.035380
0.235674
0.027876
0.019345
0.034431
0.033699
0.109199
0.095446
0.163376
0.066603
0.167950
0.100161
0.021233
0.226852
0.019227
0.421748
0.012135
0.018523
0.033993
0.078341
0.015138
0.029450
0.026591
0.026875
0.087771
0.447505
0.288402
0.216355
0.289181
0.204961
0.294232
0.255229
0.332700
0.392450
0.274787
0.200995
0.331700
0.286758
0.246859
0.190994
0.231992
0.221510
0.271296
0.239798
0.392713
0.254575
0.212360
0.279611
0.249514
0.295328
0.355169
0.389372
0.301272
0.049973
0.141670
0.253900
0.458881
0.215535
0.261552
0.207769
0.158894
0.295977
0.294716
0.241152
0.287584
0.256213
0.263419
0.331351
0.685624
0.643822
0.682278
0.583908
0.664321
0.638749
0.682784
0.716381
0.692508
0.628831
0.705516
0.666794
0.624505
0.573045
0.674056
0.642828
0.671551
0.680626
0.564755
0.669331
0.664924
0.676244
0.651378
0.726494
0.670470
0.747075
0.676417
0.407369
0.583827
0.664711
0.627991
0.671143
0.270072
0.664417
0.616814
0.709091
0.626692
0.679421
0.680995
0.665535
0.694794
0.698460
0.020778
0.018840
0.499488
0.034899
0.019754
0.043747
0.053594
0.011593
0.163465
0.021972
0.012467
0.067061
0.041299
0.021264
0.037067
0.017941
0.039971
0.229070
0.022071
0.033902
0.039875
0.027095
0.193322
0.050827
0.088961
0.028860
0.257948
0.173193
0.032254
0.186821
0.045073
0.508338
0.044348
0.049135
0.008669
0.060438
0.030596
0.011862
0.015008
0.023595
0.037954
0.037992
0.437910
0.052669
0.027812
0.054695
0.095234
0.025478
0.099007
0.051321
0.030754
0.039217
0.026252
0.015047
0.019613
0.021519
0.026781
0.209258
0.019161
0.019032
0.028475
0.024195
0.133599
0.079538
0.137723
0.049498
0.187038
0.108835
0.027854
0.202192
0.018286
0.444119
0.018565
0.019869
0.019082
0.078503
0.018278
0.016993
0.020347
0.026013
0.074137
0.501916
0.017117
0.017213
0.059835
0.045110
0.011619
0.215778
0.020231
0.020307
0.102825
0.040346
0.030070
0.049008
0.015929
0.061263
0.271867
0.043942
0.041036
0.070440
0.033685
0.233179
0.035390
0.094131
0.021174
0.267077
0.212046
0.027157
0.192933
0.065691
0.484096
0.053641
0.052275
0.020123
0.062233
0.037817
0.022571
0.017239
0.021311
0.024105
0.496504
0.489392
0.520266
0.588268
0.500425
0.347549
0.539223
0.506833
0.458220
0.434673
0.439526
0.414054
0.482393
0.455566
0.535134
0.453406
0.397674
0.476220
0.436450
0.396823
0.560501
0.598143
0.536819
0.178359
0.323234
0.441607
0.611928
0.425043
0.325710
0.387279
0.343650
0.505725
0.459541
0.439586
0.504187
0.442773
0.452509
0.517460
0.023800
0.035334
0.038199
0.027370
0.219020
0.013769
0.035115
0.110425
0.035323
0.032767
0.068208
0.015146
0.093546
0.274713
0.059135
0.037664
0.060722
0.020531
0.247212
0.016476
0.159319
0.016644
0.258549
0.208600
0.028396
0.137680
0.082052
0.466442
0.054890
0.056537
0.032642
0.040995
0.039160
0.029577
0.020269
0.018150
0.037714
0.044393
0.039847
0.016131
0.190687
0.020489
0.012396
0.094531
0.020578
0.028248
0.061299
0.017279
0.071860
0.232458
0.052019
0.035018
0.054227
0.029464
0.229555
0.033852
0.129365
0.008768
0.228999
0.170883
0.036551
0.157146
0.063956
0.481326
0.053521
0.045281
0.028219
0.056229
0.043402
0.027892
0.023987
0.030120
0.044027
0.038940
0.059959
0.173856
0.033902
0.039988
0.078130
0.049903
0.048679
0.086208
0.033320
0.115743
0.208004
0.069705
0.051564
0.024602
0.022569
0.199779
0.029691
0.222106
0.038229
0.263893
0.186664
0.049307
0.081323
0.092322
0.517524
0.067824
0.072930
0.048372
0.037735
0.048598
0.040444
0.043175
0.042737
0.088224
0.059200
0.288954
0.030069
0.034167
0.151937
0.080739
0.081594
0.134830
0.052824
0.155089
0.254315
0.112463
0.099642
0.083261
0.066177
0.300895
0.019250
0.171218
0.026921
0.337837
0.280434
0.073080
0.114871
0.148630
0.572480
0.122241
0.122430
0.069286
0.050031
0.093351
0.068543
0.067982
0.068973
0.064449
0.179015
0.021177
0.017460
0.080557
0.035147
0.020364
0.039065
0.018328
0.042404
0.250879
0.031437
0.029996
0.055188
0.030571
0.213264
0.052611
0.091979
0.022950
0.258112
0.178267
0.029734
0.204109
0.049172
0.511356
0.041724
0.048434
0.012076
0.066427
0.028515
0.018044
0.016840
0.023429
0.030859
0.225424
0.182813
0.054136
0.150807
0.123251
0.099264
0.170349
0.112953
0.207479
0.110981
0.116000
0.095375
0.139225
0.063796
0.266007
0.326150
0.231533
0.163883
0.062982
0.149794
0.344113
0.091355
0.431796
0.083879
0.104653
0.150773
0.202509
0.108474
0.152922
0.151520
0.157091
0.252390
0.026353
0.114496
0.041390
0.042220
0.073597
0.016645
0.088204
0.261338
0.054248
0.046950
0.060565
0.026672
0.257470
0.019611
0.136490
0.012553
0.296184
0.218054
0.041039
0.137863
0.083691
0.536015
0.067958
0.070792
0.024237
0.053059
0.049664
0.026348
0.023322
0.026907
0.035451
0.080535
0.037270
0.031101
0.061250
0.026145
0.069321
0.215951
0.049500
0.042315
0.046010
0.034735
0.212126
0.042259
0.110830
0.018656
0.250970
0.178828
0.041055
0.161613
0.069672
0.516831
0.058190
0.057324
0.027428
0.050955
0.042514
0.028851
0.030360
0.038379
0.044559
0.079386
0.051940
0.045356
0.079705
0.060078
0.167385
0.048756
0.064328
0.028186
0.064478
0.093572
0.137697
0.204853
0.120779
0.201960
0.116383
0.070158
0.238533
0.056420
0.448332
0.044644
0.067323
0.062150
0.097766
0.041564
0.061392
0.070047
0.076977
0.143487
0.032792
0.049873
0.020919
0.071130
0.243779
0.049436
0.027759
0.051549
0.023791
0.196224
0.052339
0.174411
0.031292
0.157979
0.119315
0.035531
0.146067
0.049654
0.409784
0.043457
0.028101
0.043547
0.069048
0.036169
0.033355
0.030072
0.033852
0.068352
0.024478
0.018816
0.034278
0.255998
0.020752
0.011184
0.029113
0.019000
0.152311
0.068344
0.138992
0.041683
0.205104
0.132681
0.014750
0.204131
0.024591
0.443176
0.013419
0.027946
0.018135
0.055305
0.009557
0.018165
0.013553
0.012561
0.058356
0.037887
0.014679
0.263239
0.009841
0.030047
0.052617
0.037003
0.122524
0.107710
0.126445
0.085072
0.194557
0.127888
0.028225
0.253244
0.017039
0.408344
0.023225
0.031460
0.025645
0.100761
0.019767
0.026196
0.024202
0.029630
0.074660
0.054497
0.256294
0.028305
0.021872
0.040451
0.012991
0.189478
0.030625
0.138942
0.020458
0.232568
0.162351
0.014871
0.150679
0.039492
0.464662
0.033083
0.033912
0.013334
0.056405
0.021457
0.007550
0.007398
0.007684
0.040828
0.290619
0.013573
0.045478
0.073937
0.062157
0.144881
0.136613
0.096036
0.098615
0.230995
0.142443
0.050750
0.298085
0.013961
0.453383
0.040786
0.052936
0.029822
0.133472
0.038087
0.035529
0.040065
0.048509
0.079203
0.267115
0.253014
0.182351
0.234124
0.287435
0.269361
0.395301
0.262441
0.337902
0.279870
0.275318
0.283050
0.283114
0.575297
0.242065
0.239003
0.245024
0.217276
0.250908
0.251413
0.256090
0.280297
0.319240
0.030474
0.043271
0.032900
0.136273
0.091276
0.111915
0.069584
0.225271
0.136061
0.026638
0.233489
0.015335
0.444204
0.026909
0.041373
0.014026
0.091521
0.019720
0.015408
0.017986
0.023293
0.062399
0.037881
0.013471
0.154304
0.075488
0.174328
0.046587
0.181893
0.111308
0.022953
0.188446
0.027909
0.443914
0.013074
0.015024
0.029142
0.062820
0.014868
0.026506
0.016453
0.018285
0.069755
0.030099
0.121687
0.077023
0.208485
0.064515
0.219640
0.121944
0.041012
0.158419
0.053397
0.491989
0.033760
0.053264
0.041223
0.055108
0.025515
0.035009
0.042782
0.042233
0.108854
0.173515
0.040556
0.177468
0.033952
0.204454
0.142893
0.022292
0.131618
0.046117
0.443406
0.026821
0.025582
0.023503
0.043774
0.019201
0.018627
0.012003
0.013574
0.061665
0.288298
0.331419
0.271563
0.222141
0.107641
0.154315
0.368784
0.116879
0.451500
0.108296
0.140188
0.178459
0.240099
0.130649
0.173739
0.177167
0.173292
0.267350
0.183770
0.019866
0.302049
0.253120
0.054457
0.091889
0.123390
0.509321
0.098965
0.093419
0.054603
0.046909
0.074935
0.047239
0.044653
0.043515
0.057162
0.147452
0.395810
0.334204
0.149638
0.397911
0.146869
0.581504
0.180908
0.184299
0.102811
0.215239
0.157319
0.118198
0.126100
0.142237
0.078986
0.272881
0.206498
0.044690
0.134226
0.087974
0.527150
0.074375
0.066974
0.036470
0.055384
0.056235
0.034781
0.033023
0.034969
0.043801
0.101277
0.211275
0.347161
0.193999
0.234965
0.175802
0.132219
0.269286
0.237392
0.206632
0.251246
0.223895
0.230524
0.303442
0.153780
0.316427
0.102745
0.422355
0.094396
0.091743
0.172776
0.211677
0.124677
0.161441
0.157719
0.160164
0.244259
0.182970
0.036117
0.419726
0.022496
0.034747
0.025973
0.049078
0.014466
0.019002
0.013356
0.009776
0.055122
0.256689
0.552352
0.228715
0.208977
0.200550
0.121172
0.204704
0.172642
0.179008
0.180434
0.212629
0.423934
0.024461
0.032794
0.032630
0.120139
0.026352
0.030227
0.033391
0.035462
0.088810
0.422469
0.381959
0.501966
0.453443
0.452837
0.485795
0.444386
0.447215
0.505890
0.019962
0.033841
0.074065
0.010951
0.032115
0.023830
0.022739
0.089899
0.045230
0.085349
0.030257
0.041910
0.028796
0.032639
0.089205
0.072811
0.021315
0.007405
0.009694
0.014692
0.039362
0.060970
0.065562
0.052205
0.054722
0.093892
0.017693
0.015654
0.015318
0.068827
0.008617
0.012381
0.047841
0.005087
0.039276
0.045739
