0.076196
0.441080
0.341353
0.213139
0.493163
0.501851
0.526245
0.375786
0.331042
0.351222
0.393867
0.491260
0.430265
0.485299
0.496958
0.500548
0.511373
0.442077
0.058978
0.422446
0.485584
0.598351
0.718316
0.153942
0.641025
0.388201
0.415967
0.441338
0.534563
0.766173
0.109271
0.524393
0.733101
0.477518
0.564783
0.546746
0.569595
0.501895
0.490160
0.529293
0.496986
0.594894
0.516044
0.466997
0.494430
0.481571
0.608011
0.585323
0.461901
0.299593
0.158910
0.087590
0.313649
0.336916
0.519589
0.339491
0.235454
0.237737
0.252429
0.354732
0.266653
0.316927
0.305371
0.384727
0.378301
0.364444
0.084629
0.267024
0.363442
0.396414
0.645400
0.054320
0.591996
0.210359
0.248185
0.306076
0.385144
0.600791
0.114968
0.344561
0.726493
0.335793
0.469651
0.399415
0.451709
0.325216
0.326826
0.368332
0.350013
0.447358
0.379068
0.289786
0.338671
0.350785
0.478620
0.495942
0.305813
0.107007
0.197290
0.092480
0.016352
0.568135
0.334186
0.063707
0.098028
0.040586
0.013631
0.016532
0.023612
0.059850
0.037084
0.020229
0.378836
0.332425
0.022071
0.071084
0.148238
0.600698
0.153171
0.617530
0.132127
0.052932
0.015571
0.023275
0.499838
0.445409
0.039926
0.692697
0.015168
0.568777
0.173594
0.067085
0.027427
0.017424
0.025534
0.023454
0.051137
0.029997
0.218278
0.012644
0.027025
0.085467
0.563399
0.034709
0.086643
0.083242
0.104697
0.531105
0.335639
0.159679
0.157605
0.081237
0.134319
0.074662
0.092287
0.091423
0.189953
0.164088
0.365994
0.291362
0.085155
0.167242
0.158202
0.522162
0.092850
0.538070
0.038310
0.056775
0.129819
0.156540
0.396021
0.351113
0.107795
0.690555
0.130084
0.414734
0.186455
0.227948
0.101052
0.104263
0.131877
0.123040
0.192928
0.154454
0.130201
0.110453
0.163358
0.249149
0.453372
0.115322
0.249532
0.237813
0.509125
0.308428
0.159668
0.158083
0.183805
0.245874
0.151821
0.207838
0.185686
0.285344
0.286429
0.310639
0.179678
0.156216
0.237841
0.300727
0.524394
0.072326
0.596154
0.174448
0.113746
0.190805
0.281485
0.461179
0.211291
0.238335
0.650139
0.237785
0.459011
0.330891
0.329249
0.214577
0.225546
0.269536
0.250162
0.349223
0.289613
0.148057
0.236917
0.242193
0.406863
0.465072
0.222660
0.066324
0.489695
0.323705
0.178284
0.182533
0.057836
0.111588
0.097190
0.073380
0.080704
0.130644
0.099273
0.396368
0.414202
0.092697
0.190935
0.084313
0.588457
0.190594
0.455995
0.048233
0.135224
0.132839
0.083801
0.375853
0.478386
0.059600
0.680859
0.113368
0.399056
0.120423
0.191415
0.068244
0.075177
0.067992
0.096763
0.100774
0.106329
0.252422
0.075255
0.124192
0.103305
0.440952
0.054909
0.604202
0.376970
0.114220
0.144395
0.053121
0.021149
0.023219
0.012447
0.039838
0.056173
0.025291
0.434823
0.392607
0.030576
0.082929
0.099741
0.619346
0.179370
0.625769
0.116115
0.059586
0.035883
0.017361
0.459982
0.507080
0.017281
0.721571
0.023974
0.571948
0.150894
0.074573
0.012785
0.009197
0.008640
0.017154
0.028062
0.026086
0.224381
0.006427
0.035524
0.064294
0.587917
0.024338
0.246831
0.479093
0.491284
0.465031
0.583217
0.578923
0.598046
0.587564
0.554357
0.562579
0.361829
0.469291
0.550681
0.613450
0.614425
0.533062
0.518243
0.293055
0.516634
0.601238
0.575438
0.573522
0.662884
0.506626
0.610836
0.518644
0.588015
0.321572
0.526910
0.624222
0.599309
0.586733
0.575178
0.599283
0.644719
0.601371
0.557290
0.599503
0.549358
0.569284
0.296535
0.548733
0.232865
0.235134
0.265818
0.354146
0.358054
0.390458
0.380782
0.331215
0.353157
0.191169
0.316567
0.306544
0.386137
0.420675
0.540184
0.310206
0.255475
0.316203
0.393007
0.336902
0.364312
0.589705
0.328222
0.382906
0.414058
0.365739
0.227300
0.355667
0.395341
0.391769
0.381994
0.359280
0.378352
0.447891
0.388400
0.404027
0.385032
0.306270
0.371804
0.215810
0.322585
0.022208
0.080479
0.093387
0.078184
0.119037
0.156304
0.074976
0.094188
0.249764
0.231043
0.061588
0.131207
0.272552
0.617739
0.132706
0.591924
0.198838
0.116096
0.064286
0.108327
0.588038
0.301933
0.133195
0.669459
0.095409
0.543411
0.272345
0.142339
0.121426
0.118642
0.122518
0.124611
0.179974
0.138026
0.284233
0.105713
0.067669
0.175603
0.494645
0.093657
0.102534
0.131565
0.107484
0.152740
0.179870
0.105147
0.133992
0.239963
0.255538
0.083764
0.158150
0.289049
0.613208
0.151078
0.581579
0.196134
0.135781
0.095513
0.143770
0.569368
0.295241
0.156768
0.701568
0.131321
0.508438
0.305014
0.180258
0.148489
0.153748
0.159634
0.163694
0.221233
0.179930
0.292367
0.140451
0.101075
0.208300
0.466377
0.114109
0.053236
0.052154
0.052387
0.091700
0.060522
0.048955
0.319589
0.293110
0.041167
0.119791
0.150425
0.604733
0.124785
0.499637
0.087265
0.089449
0.060128
0.053866
0.513961
0.385565
0.065190
0.693042
0.057544
0.461286
0.158761
0.112943
0.066115
0.052931
0.055740
0.067861
0.099575
0.066913
0.237357
0.051030
0.064810
0.100331
0.453281
0.046113
0.032527
0.034345
0.085385
0.037941
0.015485
0.411177
0.376187
0.036807
0.050801
0.169147
0.587326
0.200434
0.621061
0.155509
0.064059
0.020323
0.023970
0.522270
0.510295
0.052858
0.700557
0.008538
0.587466
0.188262
0.034416
0.043161
0.022301
0.026739
0.014351
0.041462
0.019703
0.240017
0.016584
0.028077
0.078742
0.584233
0.053583
0.016010
0.037747
0.073296
0.050611
0.385419
0.327014
0.013637
0.074544
0.123478
0.580485
0.128641
0.645835
0.122187
0.022689
0.026094
0.044034
0.449895
0.438310
0.030028
0.700406
0.032720
0.567942
0.178676
0.092964
0.021949
0.021675
0.036911
0.037983
0.076945
0.054552
0.161185
0.021816
0.040655
0.127218
0.569991
0.042097
0.028575
0.074087
0.041515
0.429902
0.378311
0.029741
0.093698
0.087395
0.604450
0.158172
0.629954
0.120874
0.047475
0.040518
0.026950
0.436687
0.493689
0.018684
0.707443
0.039547
0.586099
0.146808
0.098752
0.011858
0.011117
0.016174
0.032412
0.048332
0.043179
0.190628
0.013255
0.048658
0.088875
0.584838
0.033008
0.130899
0.093465
0.421409
0.398108
0.053394
0.147117
0.053030
0.598518
0.163414
0.618579
0.116088
0.064705
0.077968
0.064105
0.361082
0.479786
0.032399
0.674496
0.083557
0.535913
0.141126
0.158797
0.018922
0.036268
0.043919
0.068798
0.081144
0.084362
0.158945
0.049117
0.083753
0.131740
0.555323
0.050181
0.020501
0.367892
0.380003
0.058749
0.082380
0.216682
0.666240
0.220743
0.629058
0.198379
0.122887
0.036931
0.032497
0.609725
0.476855
0.081516
0.740225
0.045341
0.615879
0.229384
0.054886
0.077609
0.064464
0.052250
0.063381
0.067136
0.052421
0.333500
0.051952
0.037713
0.060866
0.572636
0.053711
0.415754
0.386724
0.049398
0.076267
0.167520
0.645928
0.215527
0.606808
0.166839
0.101495
0.030629
0.013338
0.563661
0.513741
0.054569
0.722416
0.017376
0.595638
0.188671
0.045350
0.045231
0.025314
0.024106
0.024588
0.028709
0.017553
0.293837
0.020272
0.031489
0.042337
0.585063
0.040882
0.385223
0.352728
0.441596
0.508380
0.553559
0.347297
0.435115
0.392686
0.404532
0.360732
0.415974
0.662430
0.250879
0.441823
0.587593
0.406569
0.411261
0.445256
0.479607
0.411816
0.429315
0.414500
0.449978
0.507582
0.462655
0.431665
0.438650
0.378104
0.474011
0.225390
0.395994
0.315894
0.373179
0.515127
0.702179
0.107593
0.644675
0.349086
0.325433
0.320288
0.417977
0.750526
0.115272
0.422605
0.763007
0.356413
0.580013
0.493146
0.440579
0.394831
0.377155
0.414175
0.386094
0.478780
0.395829
0.386515
0.387911
0.361828
0.484509
0.578038
0.358301
0.072768
0.128393
0.609871
0.130657
0.612940
0.125617
0.044676
0.024509
0.044796
0.482381
0.421674
0.030838
0.696636
0.040674
0.539043
0.178430
0.083176
0.034697
0.036378
0.041077
0.048638
0.084885
0.063889
0.189763
0.034055
0.025714
0.110018
0.538229
0.033109
0.251280
0.571778
0.227517
0.711094
0.214958
0.074110
0.044494
0.090666
0.565126
0.509305
0.107132
0.756000
0.054935
0.638273
0.288197
0.043779
0.107735
0.086918
0.096842
0.065820
0.107251
0.077992
0.247692
0.083388
0.069696
0.154368
0.642643
0.109849
0.628390
0.246184
0.563346
0.141273
0.171341
0.183229
0.117223
0.305427
0.592640
0.060081
0.663810
0.178731
0.491561
0.112227
0.244483
0.079672
0.104379
0.091013
0.147120
0.126011
0.155178
0.230229
0.116728
0.156265
0.144578
0.543543
0.090324
0.637368
0.572974
0.561161
0.529924
0.601973
0.635112
0.446213
0.728832
0.628558
0.508309
0.602776
0.500560
0.567546
0.644655
0.601085
0.605996
0.609739
0.589332
0.659018
0.628893
0.434157
0.612531
0.629993
0.702401
0.477397
0.649935
0.607758
0.141952
0.132085
0.160741
0.213662
0.540448
0.173123
0.184016
0.719405
0.191803
0.511910
0.274834
0.291802
0.170227
0.174072
0.201659
0.202969
0.272144
0.219635
0.228119
0.181168
0.194379
0.299083
0.518302
0.150555
0.454103
0.682784
0.658923
0.616297
0.554494
0.624110
0.632662
0.331254
0.633971
0.152747
0.461814
0.684503
0.633804
0.608982
0.601352
0.623404
0.664786
0.627241
0.586062
0.627954
0.615919
0.574018
0.168861
0.589417
0.125891
0.174164
0.156417
0.382536
0.395282
0.115896
0.655337
0.156651
0.351451
0.161465
0.247283
0.123702
0.124047
0.134523
0.135962
0.182970
0.160132
0.221033
0.124849
0.185648
0.213818
0.420790
0.113120
0.055566
0.095093
0.433910
0.435405
0.072795
0.724461
0.064766
0.571746
0.227666
0.124816
0.057772
0.057388
0.084645
0.065290
0.129683
0.097226
0.129274
0.057571
0.089777
0.206931
0.581846
0.089941
0.037555
0.539948
0.426798
0.058391
0.717664
0.019145
0.609605
0.225263
0.051936
0.042621
0.033432
0.044276
0.036389
0.066018
0.042466
0.223979
0.033966
0.027166
0.102141
0.586359
0.050713
0.507244
0.528317
0.030081
0.709684
0.033576
0.589623
0.162525
0.062649
0.028644
0.023461
0.011427
0.032820
0.024209
0.029381
0.281969
0.017437
0.030076
0.037003
0.578192
0.026430
0.770811
0.418264
0.548253
0.538820
0.450613
0.395248
0.603575
0.420595
0.455229
0.461501
0.492169
0.513597
0.533420
0.341056
0.470416
0.519555
0.553306
0.539650
0.457053
0.521616
0.759094
0.488208
0.553809
0.579159
0.596096
0.485099
0.499587
0.524489
0.528657
0.601234
0.540508
0.489172
0.511680
0.481935
0.597879
0.484843
0.444763
0.720233
0.060201
0.559644
0.149445
0.106524
0.017144
0.030327
0.020708
0.049907
0.049360
0.061453
0.230098
0.026287
0.046996
0.077070
0.586128
0.020112
0.721676
0.436754
0.557051
0.746595
0.713752
0.700249
0.690500
0.703007
0.740929
0.718297
0.594729
0.712721
0.682455
0.715334
0.433807
0.719311
0.592655
0.201094
0.045015
0.041623
0.019187
0.034383
0.014218
0.041178
0.015319
0.226970
0.019896
0.039915
0.087901
0.590681
0.059945
0.428610
0.650995
0.576418
0.572514
0.571467
0.581075
0.637385
0.596307
0.466293
0.585205
0.575568
0.589901
0.123951
0.533997
0.273909
0.151541
0.146585
0.131822
0.167392
0.174866
0.163615
0.250245
0.160918
0.200948
0.174930
0.426658
0.167458
0.110956
0.080515
0.079548
0.054495
0.072227
0.052255
0.314950
0.073175
0.047257
0.097695
0.663566
0.103037
0.012822
0.017025
0.035357
0.040374
0.048234
0.203572
0.017242
0.049861
0.084377
0.578278
0.027368
0.015131
0.014560
0.030962
0.019377
0.196884
0.008660
0.045369
0.075257
0.575525
0.038218
0.026007
0.024972
0.028468
0.241600
0.014390
0.035800
0.045083
0.563091
0.027540
0.029242
0.014644
0.226604
0.014786
0.046401
0.080718
0.595761
0.056296
0.022899
0.311436
0.029473
0.063783
0.038745
0.651312
0.055177
0.252448
0.024423
0.054804
0.060704
0.602543
0.063578
0.231328
0.260064
0.389205
0.494060
0.263807
0.038530
0.070667
0.591440
0.032019
0.067598
0.574052
0.035123
0.591016
0.057574
0.558508
