0.094739
0.074157
0.584330
0.036642
0.094340
0.018164
0.056928
0.629466
0.013319
0.175576
0.027910
0.013137
0.172194
0.044895
0.194480
0.790074
0.020174
0.085955
0.639388
0.028199
0.289275
0.027925
0.537965
0.067107
0.017885
0.046277
0.064160
0.026554
0.025427
0.568102
0.018858
0.052323
0.221571
0.473122
0.029880
0.458051
0.017577
0.704697
0.074367
0.108150
0.175164
0.264821
0.009493
0.039689
0.017306
0.525920
0.038835
0.408820
0.560849
0.219592
0.551521
0.075482
0.297755
0.130554
0.081523
0.534312
0.093729
0.200801
0.059482
0.099841
0.072650
0.142860
0.067079
0.749652
0.132883
0.039586
0.665851
0.123729
0.231619
0.035404
0.394671
0.067540
0.101262
0.187177
0.142440
0.091919
0.098482
0.561769
0.156020
0.060920
0.215677
0.384024
0.061080
0.285619
0.067233
0.740935
0.076980
0.306373
0.118592
0.445923
0.096870
0.180377
0.092110
0.534050
0.030592
0.404755
0.416970
0.677594
0.120414
0.041702
0.030523
0.140483
0.734991
0.063058
0.153546
0.077735
0.049156
0.222117
0.020312
0.363131
0.875389
0.062762
0.197205
0.749279
0.024122
0.375299
0.109154
0.590999
0.131059
0.081254
0.046564
0.056955
0.057997
0.075838
0.675323
0.063209
0.120122
0.197702
0.565127
0.101454
0.551855
0.113810
0.702694
0.147771
0.037788
0.248618
0.147609
0.056264
0.025317
0.094912
0.652390
0.158047
0.370806
0.687063
0.557315
0.668839
0.619187
0.566894
0.362913
0.601176
0.481632
0.560337
0.597699
0.569833
0.655352
0.550839
0.633949
0.617550
0.518036
0.467965
0.630044
0.575988
0.573960
0.612154
0.606754
0.631479
0.618739
0.594178
0.625101
0.574417
0.604966
0.633510
0.574909
0.537162
0.578581
0.575330
0.629356
0.591999
0.460334
0.528584
0.715807
0.518590
0.625441
0.600560
0.619740
0.618795
0.519691
0.549059
0.451754
0.647139
0.174650
0.058961
0.035528
0.627576
0.040620
0.188469
0.026142
0.029089
0.152864
0.089922
0.144643
0.788109
0.047435
0.035690
0.644392
0.057711
0.236882
0.030755
0.551770
0.043109
0.055918
0.085359
0.054034
0.041284
0.038839
0.580933
0.072581
0.020220
0.242777
0.401641
0.009491
0.399965
0.040826
0.671211
0.042466
0.169436
0.151577
0.331668
0.026269
0.075464
0.038701
0.546631
0.038741
0.441172
0.504064
0.066132
0.195414
0.755629
0.103488
0.208287
0.138372
0.090800
0.320586
0.068220
0.436250
0.855639
0.086831
0.269027
0.703966
0.068760
0.439229
0.168392
0.649996
0.200787
0.112924
0.070405
0.111476
0.113911
0.123484
0.658064
0.070680
0.189942
0.259258
0.621741
0.157022
0.631593
0.149853
0.674713
0.203751
0.047921
0.310182
0.113896
0.094076
0.048191
0.134801
0.626583
0.209830
0.404332
0.731706
0.078958
0.660388
0.017303
0.149520
0.032955
0.013745
0.175221
0.014902
0.255359
0.828509
0.023328
0.119275
0.686678
0.009894
0.323194
0.044382
0.535659
0.080694
0.029212
0.036197
0.046290
0.025807
0.031152
0.599273
0.023092
0.066874
0.189223
0.511772
0.044102
0.492842
0.039600
0.706983
0.093102
0.068805
0.189530
0.209140
0.015713
0.021938
0.033325
0.569850
0.071638
0.367400
0.611856
0.619457
0.066773
0.179109
0.036864
0.049651
0.141682
0.106024
0.116492
0.717262
0.061425
0.041176
0.626300
0.071109
0.152993
0.038115
0.532934
0.019761
0.085596
0.109866
0.054858
0.063293
0.041163
0.549211
0.095622
0.016711
0.231408
0.322997
0.027521
0.354698
0.058874
0.650163
0.055359
0.190630
0.132099
0.352049
0.047654
0.087543
0.062361
0.496327
0.054221
0.416792
0.417862
0.658360
0.539862
0.610291
0.647711
0.464443
0.686754
0.554419
0.586687
0.674699
0.571128
0.576963
0.668864
0.675387
0.580642
0.449131
0.626475
0.680890
0.717225
0.663206
0.686767
0.653978
0.535698
0.696843
0.628286
0.500425
0.668594
0.626008
0.504219
0.625791
0.689550
0.598145
0.824232
0.487986
0.743956
0.661260
0.706589
0.678676
0.433423
0.549015
0.531821
0.595744
0.183159
0.027481
0.011523
0.175229
0.035125
0.209396
0.819214
0.014711
0.085231
0.672045
0.020227
0.297221
0.031114
0.552985
0.071626
0.011769
0.034486
0.062550
0.018336
0.027350
0.634393
0.022181
0.049980
0.227442
0.486456
0.031027
0.479551
0.022425
0.727960
0.070168
0.095463
0.187838
0.261345
0.010704
0.037952
0.014122
0.580238
0.045191
0.405825
0.594685
0.131405
0.147205
0.133018
0.124958
0.328700
0.729342
0.198870
0.178777
0.617499
0.131171
0.368484
0.149729
0.340832
0.166927
0.222493
0.224839
0.108218
0.176397
0.156138
0.510138
0.213031
0.168319
0.037040
0.471452
0.156380
0.403982
0.198112
0.522008
0.154906
0.245949
0.131447
0.200255
0.175143
0.178155
0.233332
0.516578
0.196827
0.178387
0.567971
0.016579
0.101802
0.043999
0.153834
0.806819
0.046413
0.048835
0.677913
0.025229
0.248003
0.013474
0.489591
0.035359
0.045533
0.075298
0.040097
0.026015
0.031714
0.593241
0.064276
0.020078
0.169183
0.433014
0.014992
0.381489
0.039283
0.678924
0.045716
0.147873
0.135074
0.271872
0.018266
0.054084
0.036610
0.567165
0.029598
0.367991
0.510118
0.149281
0.029542
0.212013
0.802596
0.015794
0.075227
0.667964
0.011610
0.280372
0.029133
0.541462
0.048589
0.028214
0.043656
0.033442
0.017887
0.021765
0.605974
0.029789
0.033971
0.191747
0.464349
0.019621
0.446956
0.030799
0.685943
0.058177
0.092198
0.161562
0.244624
0.005161
0.030886
0.026277
0.555289
0.050549
0.387743
0.567187
0.160294
0.172804
0.745967
0.208173
0.106957
0.740714
0.151836
0.283126
0.092568
0.308839
0.100520
0.205966
0.263170
0.143528
0.160082
0.168044
0.557940
0.244188
0.116844
0.112191
0.402400
0.122014
0.188503
0.161116
0.682169
0.124618
0.352233
0.089984
0.394494
0.165896
0.224311
0.198789
0.543479
0.115366
0.312489
0.376832
0.283506
0.839752
0.047895
0.140726
0.727647
0.009775
0.343343
0.058209
0.511119
0.097228
0.048211
0.052468
0.050397
0.034784
0.051852
0.626485
0.047926
0.086470
0.157651
0.528483
0.066097
0.492345
0.065187
0.706382
0.105122
0.071757
0.191115
0.181892
0.036721
0.034158
0.063966
0.616423
0.100766
0.330418
0.631135
0.704780
0.238571
0.095067
0.639762
0.250705
0.171932
0.126784
0.467220
0.128044
0.205890
0.299636
0.247356
0.197910
0.177972
0.490517
0.266156
0.120419
0.343444
0.276170
0.144384
0.302730
0.157645
0.723429
0.155452
0.441905
0.201826
0.601497
0.197463
0.286592
0.185876
0.473564
0.106779
0.518186
0.357016
0.792149
0.710452
0.438654
0.832761
0.520201
0.775070
0.684435
0.729852
0.847069
0.838293
0.776352
0.810609
0.781417
0.489911
0.804902
0.776734
0.719258
0.414510
0.795368
0.653613
0.779978
0.496112
0.693941
0.874627
0.632672
0.881099
0.823481
0.829124
0.843462
0.383650
0.798829
0.602720
0.462037
0.100459
0.662861
0.025278
0.277981
0.049906
0.586869
0.068177
0.025648
0.025294
0.054158
0.031164
0.028214
0.628927
0.017853
0.056078
0.254937
0.464071
0.038557
0.494438
0.028717
0.714063
0.083941
0.071121
0.190166
0.257967
0.014333
0.028850
0.024690
0.545109
0.071715
0.425963
0.588636
0.612563
0.107013
0.187793
0.037743
0.472509
0.037391
0.113123
0.155648
0.085964
0.086276
0.078315
0.575042
0.145209
0.026713
0.218967
0.332945
0.033320
0.295454
0.070827
0.644250
0.027989
0.269150
0.090675
0.402003
0.078933
0.151214
0.089953
0.514016
0.046149
0.408683
0.403437
0.708598
0.615259
0.665334
0.748925
0.667085
0.690609
0.695157
0.686928
0.685667
0.631839
0.452523
0.653299
0.669313
0.665859
0.521625
0.662663
0.752868
0.653160
0.508964
0.608109
0.743320
0.638277
0.778360
0.680758
0.688487
0.690058
0.356712
0.657152
0.639876
0.724183
0.306939
0.039415
0.529744
0.066866
0.038299
0.040600
0.031331
0.025311
0.036529
0.628673
0.037410
0.053704
0.172458
0.497193
0.038271
0.465656
0.049280
0.694681
0.079180
0.072933
0.172924
0.193971
0.016620
0.021746
0.043911
0.599469
0.073859
0.359968
0.596076
0.242427
0.613056
0.161725
0.314815
0.322153
0.253071
0.263251
0.237478
0.523759
0.322818
0.188364
0.405545
0.130148
0.236269
0.349673
0.270438
0.551740
0.222326
0.407259
0.269508
0.572991
0.275712
0.300246
0.286950
0.451501
0.265859
0.465758
0.295485
0.450862
0.036453
0.045478
0.091382
0.061113
0.037603
0.039678
0.571459
0.071871
0.027536
0.185433
0.427135
0.017062
0.350007
0.022244
0.721153
0.046958
0.180648
0.112791
0.316624
0.028930
0.079153
0.037001
0.534605
0.015848
0.385861
0.476503
0.491661
0.569640
0.635293
0.519270
0.558499
0.528990
0.447478
0.600172
0.524477
0.279414
0.617086
0.516553
0.462865
0.503430
0.755857
0.503913
0.702117
0.276871
0.626368
0.565647
0.603975
0.587731
0.530881
0.466515
0.326087
0.579072
0.092690
0.117458
0.044078
0.056733
0.047482
0.559481
0.107645
0.015297
0.200090
0.326352
0.029589
0.310504
0.062079
0.658962
0.048881
0.188717
0.098335
0.355491
0.052077
0.093759
0.075918
0.504363
0.064637
0.402313
0.408268
0.041682
0.095637
0.021923
0.033523
0.625071
0.018408
0.071132
0.269336
0.509349
0.048479
0.517257
0.020525
0.769074
0.106215
0.098448
0.227118
0.298489
0.017969
0.047499
0.011752
0.584107
0.052615
0.442608
0.623151
0.076599
0.043444
0.050200
0.680102
0.030262
0.098896
0.289806
0.515943
0.080458
0.559471
0.067438
0.722555
0.124048
0.043093
0.244413
0.216822
0.036696
0.021408
0.046507
0.610420
0.119977
0.433710
0.658511
0.058175
0.052041
0.584100
0.086671
0.040805
0.154024
0.411826
0.039887
0.409050
0.085856
0.590770
0.057929
0.107195
0.125677
0.198764
0.044655
0.050784
0.090196
0.567272
0.109674
0.327191
0.523789
0.022772
0.613652
0.035104
0.042845
0.221003
0.453870
0.034502
0.466202
0.037140
0.708087
0.074890
0.093760
0.191724
0.283278
0.014873
0.033638
0.024123
0.584341
0.059668
0.405930
0.581879
0.551396
0.038081
0.039423
0.215820
0.408610
0.031409
0.447702
0.029444
0.690787
0.077356
0.103296
0.165231
0.298805
0.020665
0.038110
0.031839
0.500742
0.060095
0.398918
0.555627
0.600570
0.587025
0.480849
0.440619
0.587435
0.657671
0.572471
0.520397
0.578813
0.705108
0.516158
0.727492
0.613773
0.620026
0.634772
0.236208
0.580355
0.469301
0.595987
0.091524
0.264227
0.504436
0.065214
0.552508
0.037569
0.717197
0.126400
0.060039
0.241822
0.252138
0.023698
0.029188
0.026967
0.554977
0.086238
0.424357
0.635929
0.210546
0.356128
0.012461
0.357041
0.054548
0.655400
0.038209
0.180125
0.127357
0.335945
0.033327
0.080760
0.052371
0.555856
0.043156
0.412187
0.460132
0.481530
0.203669
0.385818
0.246797
0.501765
0.189757
0.313309
0.140550
0.232204
0.224448
0.235189
0.286088
0.527194
0.229433
0.137461
0.544720
0.408442
0.371447
0.450330
0.429014
0.359501
0.590620
0.353305
0.709944
0.467329
0.492816
0.490884
0.423746
0.448252
0.494191
0.291158
0.379704
0.031245
0.678555
0.039921
0.156719
0.130624
0.304704
0.018925
0.066302
0.034941
0.553858
0.029642
0.407357
0.495572
0.423351
0.726988
0.335617
0.672633
0.226105
0.684963
0.458924
0.532615
0.489156
0.575308
0.371268
0.568843
0.132709
0.755084
0.081708
0.141859
0.157083
0.340667
0.024614
0.071727
0.019784
0.507156
0.032090
0.432438
0.528830
0.591760
0.719682
0.612549
0.557237
0.705379
0.677229
0.778049
0.614305
0.752884
0.345839
0.641995
0.217545
0.103414
0.297029
0.068384
0.116797
0.094332
0.529092
0.072578
0.354299
0.445553
0.337443
0.183749
0.090516
0.042451
0.116379
0.659057
0.228189
0.444483
0.761023
0.372540
0.180482
0.233311
0.217494
0.456676
0.150573
0.304579
0.357243
0.261340
0.191530
0.329027
0.748069
0.376775
0.283585
0.795353
0.028533
0.014059
0.571189
0.043891
0.418757
0.569660
0.053183
0.587450
0.112352
0.396072
0.629042
0.592190
0.037422
0.473624
0.587276
0.539674
0.562975
0.552460
0.433581
0.488837
0.630028
