0.037989
0.120618
0.014884
0.010029
0.072710
0.047234
0.032710
0.011526
0.118741
0.010668
0.008613
0.037519
0.011256
0.018349
0.012894
0.555057
0.009308
0.027831
0.045706
0.014994
0.432518
0.027065
0.016788
0.034333
0.087957
0.039516
0.104379
0.014162
0.151761
0.028835
0.139671
0.042848
0.029265
0.059989
0.011534
0.166235
0.017863
0.037290
0.014584
0.018953
0.019751
0.035630
0.465970
0.040847
0.022681
0.028854
0.033204
0.015496
0.015554
0.107587
0.038318
0.026811
0.105632
0.121114
0.038848
0.045841
0.095805
0.045963
0.027389
0.090666
0.051393
0.053800
0.047787
0.644230
0.047683
0.081705
0.106169
0.048464
0.487130
0.078081
0.054058
0.083307
0.079439
0.038619
0.169232
0.057317
0.115450
0.032356
0.118729
0.070840
0.062763
0.061771
0.039677
0.250043
0.040990
0.063380
0.058327
0.070569
0.073401
0.059228
0.599130
0.054065
0.072089
0.035711
0.055160
0.033848
0.060790
0.109015
0.124641
0.209205
0.210557
0.063826
0.150522
0.268539
0.145182
0.113014
0.205839
0.093956
0.188217
0.171843
0.721357
0.160975
0.204922
0.218041
0.144890
0.667369
0.200195
0.169645
0.137071
0.244482
0.179361
0.306661
0.149475
0.311523
0.120255
0.327418
0.241324
0.189276
0.228256
0.110109
0.361989
0.179185
0.217334
0.148496
0.168105
0.160006
0.161801
0.586024
0.207311
0.192701
0.137657
0.197162
0.139998
0.178911
0.020860
0.103620
0.079595
0.027207
0.033691
0.121837
0.017173
0.018576
0.054925
0.020267
0.042956
0.026526
0.594414
0.027368
0.061180
0.063975
0.024601
0.455304
0.048623
0.035353
0.047180
0.096592
0.053144
0.124980
0.029841
0.161792
0.042070
0.147855
0.065124
0.043566
0.074858
0.017229
0.224797
0.032128
0.049066
0.038730
0.036078
0.036106
0.055892
0.504846
0.054626
0.045291
0.035029
0.048818
0.023711
0.037288
0.095126
0.076321
0.038095
0.015583
0.077241
0.016651
0.007601
0.053464
0.022712
0.025681
0.015296
0.575264
0.019534
0.043975
0.075243
0.018828
0.435400
0.049674
0.026651
0.062272
0.055447
0.025400
0.123652
0.033334
0.108302
0.042436
0.101339
0.041357
0.023264
0.038893
0.019733
0.207527
0.012215
0.039814
0.019628
0.043299
0.041561
0.025894
0.515266
0.030197
0.039919
0.018248
0.022668
0.007159
0.032198
0.049705
0.117988
0.057307
0.214211
0.074696
0.095917
0.056655
0.085957
0.063970
0.076220
0.488753
0.063721
0.060536
0.052549
0.081932
0.417218
0.053741
0.056798
0.073939
0.184771
0.107883
0.090510
0.055830
0.242391
0.056299
0.209699
0.065965
0.083051
0.144662
0.074487
0.113615
0.081440
0.075648
0.072731
0.057679
0.061256
0.099441
0.409384
0.114035
0.060398
0.097179
0.079953
0.097200
0.061645
0.099247
0.038593
0.206609
0.046923
0.069614
0.035104
0.056903
0.041548
0.056187
0.454538
0.034198
0.035177
0.025026
0.043487
0.391223
0.026316
0.037914
0.029262
0.169143
0.104869
0.076114
0.030029
0.248680
0.061533
0.211894
0.057489
0.064914
0.126934
0.052307
0.083964
0.064859
0.059972
0.047709
0.026856
0.023141
0.077534
0.316565
0.100061
0.029811
0.091719
0.072721
0.077916
0.037364
0.048453
0.169406
0.051688
0.027083
0.092757
0.031837
0.072439
0.066894
0.609591
0.048012
0.095505
0.104474
0.039860
0.521670
0.078584
0.069198
0.048601
0.139259
0.079408
0.177140
0.045475
0.207274
0.047135
0.210239
0.112526
0.077202
0.107021
0.028967
0.260313
0.066832
0.097860
0.061576
0.062219
0.062703
0.076819
0.537701
0.089844
0.080457
0.046758
0.085729
0.050781
0.065907
0.113843
0.019392
0.014842
0.038262
0.031115
0.013262
0.016861
0.533794
0.006950
0.021509
0.044791
0.016680
0.423072
0.023762
0.014592
0.040499
0.081849
0.033480
0.090610
0.017348
0.141740
0.032830
0.129290
0.030779
0.022809
0.056172
0.022387
0.148993
0.015971
0.033269
0.016920
0.022455
0.026723
0.033556
0.461991
0.033321
0.020753
0.026421
0.024791
0.022371
0.017034
0.094080
0.104285
0.128963
0.145300
0.104695
0.085542
0.612000
0.122184
0.148416
0.183250
0.106160
0.398115
0.169729
0.105591
0.208146
0.020185
0.056928
0.172597
0.159080
0.026434
0.158956
0.019464
0.083020
0.073688
0.038152
0.117976
0.345606
0.066854
0.080899
0.111217
0.169141
0.160588
0.065902
0.614405
0.059244
0.136687
0.071730
0.052981
0.066902
0.133861
0.019495
0.022291
0.023847
0.018305
0.007026
0.541010
0.012872
0.032563
0.036023
0.016372
0.404192
0.031152
0.010715
0.043296
0.074084
0.035589
0.079665
0.021541
0.132497
0.038171
0.110800
0.030406
0.017670
0.052204
0.011992
0.173301
0.012770
0.018955
0.016509
0.023425
0.022274
0.024780
0.447298
0.036176
0.021197
0.025425
0.021651
0.014696
0.019995
0.056582
0.020081
0.027483
0.021588
0.583099
0.015092
0.042071
0.071090
0.021234
0.451302
0.044078
0.028400
0.047613
0.078847
0.036371
0.129508
0.025031
0.134567
0.037000
0.134253
0.054801
0.034200
0.053807
0.016491
0.197984
0.021998
0.048977
0.021720
0.035329
0.036642
0.033403
0.508787
0.040861
0.038457
0.025262
0.037940
0.014706
0.029605
0.053689
0.025797
0.025617
0.457289
0.031314
0.037294
0.019943
0.033675
0.334719
0.030842
0.017726
0.049266
0.111252
0.065306
0.037502
0.027704
0.164521
0.058866
0.132576
0.028993
0.031215
0.075889
0.026180
0.145829
0.033406
0.022490
0.035223
0.028455
0.029334
0.044111
0.390673
0.058185
0.022946
0.052562
0.035367
0.046569
0.027398
0.042468
0.034721
0.546592
0.031714
0.049636
0.061434
0.027429
0.440051
0.045581
0.037035
0.032744
0.119718
0.070731
0.133243
0.025400
0.192687
0.038923
0.177483
0.070415
0.055605
0.089349
0.017030
0.174313
0.043906
0.064978
0.028656
0.032169
0.023239
0.054921
0.437517
0.077129
0.041018
0.053621
0.058772
0.027599
0.038341
0.012498
0.529673
0.012394
0.013042
0.031507
0.023178
0.382013
0.018740
0.007893
0.048030
0.074759
0.025983
0.079216
0.019257
0.123946
0.031913
0.108745
0.015880
0.028779
0.047924
0.025244
0.130764
0.014088
0.017295
0.020564
0.016993
0.025634
0.037309
0.454636
0.025689
0.008619
0.036739
0.026063
0.027766
0.009256
0.543950
0.013005
0.022210
0.040055
0.022347
0.395023
0.026914
0.009876
0.057416
0.061601
0.027069
0.077576
0.023781
0.112481
0.043479
0.093050
0.020220
0.014501
0.044674
0.021129
0.164040
0.005159
0.014393
0.013888
0.024309
0.029043
0.027156
0.471862
0.024283
0.017370
0.026113
0.016740
0.013796
0.014844
0.541420
0.515158
0.493815
0.521889
0.218666
0.519182
0.514830
0.532676
0.595372
0.591980
0.453733
0.534668
0.651457
0.595825
0.598499
0.491039
0.519600
0.553884
0.538854
0.477695
0.546678
0.535575
0.521998
0.531872
0.498146
0.529056
0.387999
0.581787
0.515687
0.572136
0.523022
0.559820
0.536517
0.020778
0.033784
0.016889
0.422462
0.015162
0.012994
0.035114
0.091451
0.039713
0.083051
0.012529
0.151572
0.033285
0.136759
0.031922
0.022828
0.059932
0.020013
0.147754
0.015644
0.027624
0.017546
0.014617
0.020779
0.036913
0.462945
0.036783
0.017183
0.030334
0.029747
0.024638
0.011367
0.028881
0.044739
0.383190
0.014218
0.016374
0.050666
0.112592
0.054814
0.090325
0.024511
0.170480
0.044509
0.151551
0.028144
0.049828
0.082917
0.044058
0.083794
0.032799
0.035238
0.021845
0.015998
0.023148
0.061231
0.414828
0.051878
0.009173
0.069035
0.050375
0.043913
0.012929
0.050448
0.371652
0.015159
0.024408
0.034461
0.155507
0.088943
0.051891
0.024960
0.219536
0.048861
0.184268
0.042776
0.061427
0.118611
0.043348
0.099843
0.054798
0.032588
0.052677
0.015666
0.021569
0.085664
0.372619
0.079528
0.018114
0.086708
0.067096
0.072307
0.024290
0.415889
0.036487
0.022942
0.035416
0.073958
0.039197
0.094119
0.019305
0.142660
0.038968
0.121881
0.038960
0.025798
0.051815
0.015164
0.187106
0.018374
0.033508
0.028943
0.030255
0.027147
0.034861
0.445965
0.037235
0.028385
0.025555
0.027485
0.022221
0.026268
0.395907
0.385828
0.452805
0.414818
0.430519
0.344536
0.429138
0.431809
0.460996
0.386401
0.334440
0.401632
0.379974
0.422385
0.400403
0.398522
0.368859
0.406830
0.406039
0.387898
0.413834
0.506408
0.414350
0.379257
0.457099
0.384700
0.412642
0.399165
0.021313
0.029848
0.135245
0.072099
0.074468
0.011965
0.200076
0.036905
0.173621
0.033861
0.050368
0.096963
0.037695
0.095596
0.037130
0.035114
0.035101
0.005228
0.015229
0.076858
0.426283
0.063626
0.011462
0.070537
0.056332
0.051515
0.011399
0.042881
0.079729
0.031022
0.065818
0.018044
0.132639
0.032785
0.113942
0.018431
0.024599
0.054687
0.018015
0.134414
0.015953
0.015447
0.016337
0.017265
0.021826
0.031259
0.424349
0.031984
0.009961
0.032174
0.023920
0.023869
0.011856
0.175773
0.102457
0.110590
0.016703
0.254515
0.037906
0.234025
0.082545
0.078774
0.133017
0.029598
0.135664
0.069535
0.071058
0.052465
0.020053
0.021063
0.088503
0.374671
0.100255
0.035205
0.079939
0.088457
0.067490
0.037902
0.028050
0.154851
0.123406
0.024859
0.124218
0.019837
0.059965
0.054263
0.027455
0.095832
0.300979
0.041085
0.061425
0.089283
0.135122
0.132230
0.055837
0.578616
0.028471
0.104770
0.049668
0.034870
0.051341
0.096273
0.119451
0.059856
0.059615
0.053786
0.059887
0.032845
0.034152
0.028697
0.043736
0.223684
0.016430
0.029585
0.043673
0.067229
0.076601
0.033352
0.541642
0.009145
0.048277
0.019055
0.021067
0.027082
0.040755
0.085116
0.198162
0.130120
0.159325
0.065580
0.065068
0.126518
0.091050
0.173429
0.082453
0.059167
0.099942
0.084232
0.091414
0.096808
0.381386
0.097432
0.078137
0.101430
0.069628
0.110311
0.075973
0.190554
0.025715
0.172151
0.043393
0.042570
0.086042
0.014633
0.132726
0.031420
0.038217
0.029649
0.008252
0.014419
0.058729
0.428246
0.056842
0.015301
0.047504
0.048965
0.035990
0.014080
0.180074
0.016923
0.100703
0.104431
0.050764
0.154465
0.370684
0.088332
0.101486
0.146001
0.202576
0.207804
0.094803
0.665686
0.060894
0.163330
0.092141
0.076172
0.103668
0.153444
0.169805
0.057198
0.069842
0.095362
0.030354
0.154456
0.047097
0.051599
0.049037
0.028022
0.036446
0.074227
0.488209
0.064260
0.035363
0.056749
0.065086
0.050754
0.031507
0.072933
0.081883
0.046798
0.142493
0.331457
0.070730
0.074325
0.131343
0.179902
0.176819
0.084834
0.607575
0.057693
0.139913
0.088691
0.055198
0.091821
0.137860
0.028921
0.043284
0.048387
0.138479
0.016952
0.014086
0.039257
0.041488
0.045671
0.047233
0.445730
0.028222
0.024500
0.048577
0.018090
0.036727
0.026815
0.039390
0.032153
0.206132
0.010552
0.025701
0.028008
0.051632
0.050792
0.018542
0.481929
0.028693
0.043407
0.017378
0.008074
0.021769
0.038029
0.064546
0.258433
0.030199
0.050932
0.062304
0.098055
0.093931
0.039764
0.562227
0.028834
0.075181
0.037804
0.027025
0.032110
0.068760
0.189259
0.026297
0.036521
0.024902
0.025746
0.025069
0.033975
0.451026
0.048050
0.028883
0.025743
0.036716
0.020412
0.026268
0.185931
0.164814
0.145472
0.107123
0.110048
0.219001
0.292871
0.221247
0.104542
0.251697
0.202895
0.202389
0.122719
0.014555
0.021774
0.037110
0.041279
0.023076
0.494135
0.014085
0.026219
0.017514
0.008182
0.013166
0.020948
0.038246
0.035517
0.041747
0.040080
0.461012
0.026446
0.020619
0.039673
0.019966
0.036709
0.024221
0.028016
0.029074
0.022131
0.441650
0.047453
0.022381
0.035511
0.032984
0.020583
0.023869
0.010751
0.068165
0.418563
0.063391
0.008415
0.063019
0.058203
0.046699
0.009960
0.065388
0.392663
0.076828
0.016486
0.069982
0.057689
0.039827
0.022897
0.472303
0.039757
0.052921
0.018927
0.019065
0.025169
0.052084
0.529383
0.412610
0.529350
0.479066
0.498246
0.442550
0.046268
0.022727
0.018019
0.031818
0.033897
0.056765
0.043635
0.040261
0.009087
0.016918
0.021188
0.044720
0.019766
0.037481
0.034827
