0.503757
0.814533
0.509100
0.623454
0.602406
0.835133
0.689860
0.826971
0.606706
0.505698
0.672803
0.686941
0.556628
0.485139
0.712889
0.835498
0.650019
0.555901
0.681658
0.644331
0.747354
0.838987
0.631594
0.769527
0.611927
0.866892
0.864971
0.679658
0.565621
0.668405
0.445224
0.413681
0.628573
0.763612
0.636870
0.628513
0.597195
0.865707
0.709955
0.648449
0.692861
0.754826
0.786061
0.729314
0.590765
0.681928
0.505490
0.710681
0.550401
0.635497
0.624634
0.612488
0.559858
0.810418
0.523882
0.812236
0.700983
0.596732
0.540597
0.588555
0.591077
0.437392
0.521309
0.706713
0.596373
0.588411
0.521778
0.563065
0.649230
0.708111
0.600808
0.569894
0.580804
0.808903
0.840784
0.602297
0.542536
0.564784
0.459906
0.562003
0.508952
0.646985
0.575014
0.593678
0.486669
0.695397
0.572245
0.588793
0.524619
0.701012
0.667603
0.561213
0.603483
0.575119
0.468476
0.515016
0.534364
0.668140
0.518518
0.633451
0.464016
0.410567
1.025156
0.875862
0.752269
0.572256
0.698181
0.759165
0.599802
0.550908
0.485558
0.577939
0.866753
0.707375
0.568272
0.603722
0.846143
0.762295
0.625328
0.422763
0.754066
0.641363
0.613438
0.574971
0.568696
0.703204
0.596420
0.478662
0.700534
0.695438
0.811161
0.589913
0.351240
0.545283
0.715212
0.552561
0.613127
0.594027
0.660645
0.778220
0.523309
0.678953
0.579910
0.813585
0.442824
0.690765
0.635460
0.592775
0.853168
0.642008
0.444718
0.665510
0.673295
0.637012
0.483894
0.570936
0.744209
0.534176
0.658647
0.709117
0.525250
0.655775
0.713038
0.601495
0.743478
0.520148
0.830853
0.808362
0.488134
0.509165
0.585254
0.545066
0.500443
0.634894
0.690589
0.663657
0.663847
0.490042
0.717685
0.616567
0.644258
0.661948
0.668547
0.670272
0.664093
0.555831
0.638797
0.574353
0.534750
0.633025
0.642184
0.597473
0.437550
0.927844
0.733754
0.624630
0.583627
0.715709
0.642367
0.446925
0.610488
0.567145
0.512329
0.732339
0.675679
0.451148
0.556937
0.741591
0.512076
0.610960
0.414624
0.821285
0.727223
0.431389
0.528751
0.486411
0.596300
0.563186
0.680190
0.657785
0.660861
0.719164
0.492153
0.599717
0.601418
0.572756
0.471990
0.587239
0.563162
0.650851
0.567853
0.546553
0.549684
0.577020
0.691642
0.758221
0.602860
0.795084
0.765323
0.663290
0.542848
0.614869
0.736502
0.407316
0.541616
0.582181
0.628321
0.659336
0.558568
0.682998
0.714217
0.867238
0.610112
0.657705
0.647233
0.791902
0.804604
0.669755
0.602896
0.648289
0.564530
0.675623
0.517974
0.714023
0.586660
0.717291
0.615212
0.689781
0.608422
0.663819
0.623564
0.686330
0.579475
0.704120
0.651330
0.643809
0.587877
0.650388
0.680544
0.711106
0.973855
0.855778
0.820094
0.704966
0.794944
0.832139
0.725465
0.676125
0.696621
0.630426
0.853017
0.869956
0.710657
0.724568
0.848339
0.794740
0.728169
0.569354
0.690133
0.826715
0.527981
0.647688
0.711977
0.738886
0.751015
0.726454
0.802425
0.845210
0.877521
0.604283
0.396928
0.659479
0.805950
0.737711
0.713565
0.751538
0.808662
0.838679
0.626013
0.785864
0.663016
0.852820
1.043929
0.721629
0.628298
0.608768
0.682896
0.697576
0.454566
0.579013
0.442172
0.547973
0.851170
0.692157
0.430074
0.567253
0.731486
0.657492
0.606325
0.375582
0.879975
0.679958
0.577146
0.486914
0.503109
0.562417
0.571899
0.604687
0.612705
0.613214
0.676738
0.517394
0.623668
0.436088
0.627915
0.549672
0.604119
0.476024
0.533621
0.715643
0.584185
0.606143
0.460518
0.720608
0.691365
0.863861
0.805076
0.786284
0.858712
0.769341
0.888748
0.976502
0.877974
0.444088
0.802508
0.939378
0.932963
1.010129
0.834146
0.930973
0.863874
0.941037
0.902109
0.904612
0.806115
0.833142
0.845061
0.903488
0.893994
0.963233
0.802140
0.886740
0.825584
0.983434
0.919440
0.940417
0.793784
0.952983
0.942482
0.914292
0.699970
0.880478
0.853145
0.951294
0.612912
0.597267
0.628227
0.692196
0.458123
0.596844
0.649123
0.857104
0.658966
0.538638
0.738213
0.696659
0.767752
0.839007
0.654073
0.820430
0.708069
0.903210
0.873276
0.615473
0.463658
0.668843
0.674247
0.708457
0.713576
0.852995
0.760912
0.608248
0.660275
0.913302
0.657268
0.710747
0.733342
0.810296
0.796678
0.681757
0.602156
0.687814
0.598551
0.658606
0.458963
0.669144
0.602645
0.504141
0.549704
0.655233
0.747211
0.622983
0.679485
0.556642
0.622006
0.722599
0.795095
0.700786
0.748416
0.642937
0.871273
0.848153
0.619246
0.500393
0.594405
0.648926
0.666137
0.638419
0.717569
0.656717
0.582012
0.639387
0.747050
0.668367
0.609756
0.625040
0.717917
0.772160
0.693111
0.649259
0.618023
0.578811
0.617583
0.567108
0.610836
0.654147
0.504236
0.543431
0.578965
0.625696
0.629816
0.522924
0.570342
0.690708
0.840603
0.594037
0.629743
0.523835
0.761609
0.854831
0.612221
0.497704
0.581382
0.671705
0.594097
0.555170
0.809462
0.691071
0.715336
0.576494
0.602368
0.553232
0.618511
0.451565
0.695681
0.661092
0.683890
0.574844
0.564920
0.530686
0.588575
0.589506
0.706946
0.534206
0.686459
0.655861
0.673654
0.620212
0.586340
0.696998
0.719615
0.883751
0.689391
0.595845
0.690529
0.874123
0.758524
0.647048
0.566714
0.628563
0.694182
0.719400
0.517044
0.702067
0.598937
0.702692
0.699488
0.747858
0.565774
0.736361
0.694222
0.720842
0.753446
0.629339
0.597129
0.581069
0.688600
0.607558
0.643533
0.561931
0.693047
0.840696
0.652272
0.637578
0.689685
0.666966
0.746352
0.828437
0.643855
0.720818
0.633481
0.893767
0.873928
0.604748
0.539081
0.629881
0.636821
0.675986
0.646781
0.806253
0.697417
0.555388
0.563532
0.838771
0.621194
0.592360
0.626541
0.749703
0.776370
0.650352
0.644291
0.602383
0.583325
0.643984
0.521296
0.618664
0.560033
0.575705
0.641265
0.551757
0.412843
0.548268
0.795095
0.536392
0.524975
0.413662
0.728694
0.782901
0.521678
0.425144
0.452952
0.371087
0.484959
0.446140
0.576491
0.571983
0.662571
0.460432
0.629036
0.459210
0.612224
0.514823
0.587874
0.524623
0.561106
0.542272
0.572187
0.490820
0.511850
0.537419
0.672890
0.522170
0.666191
0.684914
0.593036
0.648127
0.679399
0.599183
0.628881
0.655775
0.837638
0.762182
0.493669
0.566361
0.660922
0.631880
0.673814
0.582021
0.754043
0.707900
0.684080
0.555535
0.713715
0.554986
0.658670
0.693073
0.588937
0.628611
0.649604
0.651864
0.658027
0.533359
0.589865
0.693482
0.670301
0.834835
0.732407
0.536492
0.650132
0.766734
0.769942
0.662286
0.643762
0.854253
0.624680
0.626839
0.719680
0.580231
0.759022
0.723757
0.592963
0.649849
0.735109
0.872439
0.694255
0.610891
0.539371
0.713469
0.620546
0.646114
0.527033
0.679822
0.750352
0.603796
0.726080
0.537712
0.836399
0.670694
0.688188
0.559631
0.557765
0.751663
0.611768
0.647669
0.582074
0.853636
0.731855
0.480226
0.531665
0.575032
0.616001
0.754469
0.685840
0.718397
0.714259
0.697605
0.561412
0.724979
0.520981
0.626414
0.696813
0.637864
0.633716
0.610723
0.615494
0.665588
0.600537
0.487253
0.658866
0.672835
0.753594
0.824828
0.880395
0.649415
0.811259
0.742328
0.844860
0.886195
0.708142
0.601509
0.720425
0.678610
0.729244
0.704445
0.882594
0.685609
0.654905
0.670094
0.915216
0.773102
0.760337
0.649778
0.814636
0.823513
0.743595
0.448276
0.673881
0.550965
0.756106
0.512005
0.706688
0.766222
0.897050
0.700912
0.668547
0.644814
0.870446
0.860478
0.697684
0.637278
0.607617
0.765170
0.708507
0.612450
0.765968
0.678799
0.696921
0.712326
0.717426
0.623855
0.645920
0.468363
0.743542
0.706166
0.709669
0.704676
0.597767
0.700144
0.656541
0.621967
0.313260
0.756578
0.629133
0.672404
0.428937
0.796879
0.649911
0.495651
0.535308
0.543434
0.428268
0.612542
0.677714
0.641166
0.703023
0.791949
0.383131
0.666756
0.514714
0.664040
0.528588
0.629222
0.566596
0.597350
0.645288
0.664331
0.593961
0.512131
0.659881
0.840379
0.631433
0.683905
0.528414
0.902170
0.681668
0.405609
0.680562
0.628965
0.515800
0.767474
0.731187
0.706006
0.784868
0.850426
0.483295
0.725145
0.632578
0.748449
0.703443
0.673609
0.630740
0.727752
0.713167
0.765488
0.674012
0.617066
0.725279
0.753268
0.669216
0.826927
0.947035
0.925332
0.736338
0.779191
0.800600
0.787040
0.843311
0.740516
0.775365
0.722126
0.793618
0.719866
0.854734
0.699769
0.595821
0.812956
0.770446
0.848847
0.815514
0.827074
0.754189
0.784029
0.778995
0.900375
0.610316
0.586855
0.857204
0.807629
0.544754
0.612481
0.585018
0.587389
0.609600
0.731583
0.658562
0.647347
0.689457
0.568309
0.806502
0.621672
0.693513
0.616447
0.667422
0.640296
0.653789
0.481581
0.696503
0.543383
0.648576
0.627144
0.590258
0.753945
0.727606
0.601242
0.657641
0.634843
0.670854
0.715421
0.664399
0.557119
0.646937
0.771173
0.578651
0.676521
0.392192
0.709928
0.674681
0.253744
0.690017
0.662472
0.757184
0.628214
0.692819
0.666194
0.789197
0.724696
0.732147
0.530942
0.386633
0.531328
0.473815
0.522396
0.645128
0.692945
0.651826
0.745505
0.408524
0.601571
0.508842
0.680489
0.421133
0.574531
0.613970
0.721093
0.594788
0.561604
0.623100
0.544140
0.638036
0.854213
0.841002
0.786232
0.807616
0.787789
0.816637
0.789095
0.850610
0.844481
0.845481
0.695484
0.616378
0.791620
0.835579
0.758269
0.786709
0.762912
0.851231
0.795284
0.691942
0.878229
0.841200
0.881770
0.793761
0.840262
0.706462
0.841830
0.907242
0.774088
0.723551
0.840834
0.905457
0.741432
0.798011
0.681767
0.803529
0.801409
0.707980
0.626262
0.768204
0.851967
0.856915
0.885954
0.778852
0.836941
0.547898
0.528441
0.581778
0.653380
0.648793
0.679089
0.714860
0.710116
0.476629
0.688630
0.519854
0.614910
0.605195
0.583087
0.692970
0.649095
0.649548
0.570318
0.585353
0.573531
0.629854
0.489087
0.504331
0.465565
0.581747
0.715102
0.596832
0.623818
0.437336
0.682440
0.548689
0.664531
0.544261
0.660807
0.677444
0.636066
0.592194
0.574607
0.480199
0.530261
0.519257
0.617336
0.540648
0.565084
0.633695
0.653980
0.692428
0.517443
0.626190
0.508973
0.629933
0.535968
0.652646
0.609133
0.642968
0.615180
0.555076
0.601251
0.511037
0.577267
0.522090
0.604761
0.642335
0.546659
0.770253
0.399408
0.761370
0.564017
0.657250
0.630843
0.651010
0.591270
0.614070
0.593143
0.686833
0.575957
0.644646
0.603743
0.582244
0.721968
0.670740
0.665482
0.593245
0.685822
0.638851
0.720061
0.596835
0.709637
0.726856
0.733622
0.640149
0.664086
0.521947
0.635895
0.647039
0.727246
0.621935
0.629327
0.667203
0.586475
0.581961
0.511039
0.618880
0.693537
0.606412
0.677419
0.653612
0.524751
0.569227
0.587018
0.699636
0.696290
0.792475
0.663660
0.724411
0.564286
0.757446
0.713463
0.680182
0.553656
0.571942
0.717434
0.773109
0.738851
0.613741
0.804283
0.694262
0.633147
0.780977
0.640440
0.659200
0.689553
0.685827
0.584545
0.660102
0.564672
0.615980
0.624739
0.659796
0.703649
0.712473
0.782714
0.748817
0.666267
0.742496
0.801021
0.737428
0.649502
0.593796
0.696021
0.617021
0.687098
0.615755
0.573331
0.544437
0.612782
0.563705
0.609510
0.641401
0.632393
0.634150
0.561915
0.545000
0.606630
0.574372
0.644671
0.678926
0.595171
0.722016
0.709322
0.711015
0.831716
0.474408
0.805718
0.677877
0.820471
0.604221
0.594206
0.463144
0.534876
0.541817
0.712084
0.553836
0.701671
0.443348
0.669340
0.625465
0.698960
0.667897
0.661379
0.679270
0.525081
0.660733
0.580130
0.744420
0.745778
0.661438
0.710133
0.616960
0.420667
0.615826
0.586445
0.599957
0.733834
0.713910
0.731950
0.690550
0.720940
0.603938
0.812027
0.568752
0.703343
0.695983
0.712742
0.589599
0.807630
0.716768
0.676859
0.707232
0.574797
0.666500
0.634979
0.566027
0.581466
0.567439
0.682222
0.569732
0.698583
0.582674
0.593984
0.695986
