0.645419
0.621545
0.756804
0.705724
0.789792
0.605198
0.707964
0.796936
0.654802
0.565438
0.706201
0.710993
0.757880
0.560261
0.631473
0.709486
0.691981
0.591576
0.740634
0.745054
0.665167
0.772661
0.714674
0.611793
0.527247
0.819686
0.756207
0.773339
0.618010
0.682333
0.634705
0.712998
0.682521
0.633038
0.718891
0.689810
0.698783
0.698528
0.710493
0.674295
0.697608
0.581040
0.522242
0.701004
0.688695
0.748777
0.679445
0.731655
0.723466
0.493772
0.574540
0.619797
0.572878
0.568405
0.651680
0.442469
0.553462
0.510582
0.286671
0.782862
0.565354
0.573932
0.648960
0.686996
0.408069
0.632326
0.421006
0.477188
0.613263
0.514672
0.409379
0.469942
0.563441
0.710626
0.456282
0.651037
0.627131
0.442911
0.624514
0.870193
0.729169
0.459228
0.462283
0.707718
0.445251
0.518194
0.419085
0.501836
0.599446
0.467817
0.557367
0.482445
0.374402
0.602652
0.381462
0.425820
0.688392
0.561475
0.553094
0.665934
0.551051
0.709472
0.578614
0.741721
0.386926
0.691955
0.747112
0.641846
0.538923
0.721992
0.757411
0.540705
0.624368
0.564528
0.566736
0.675848
0.610675
0.539965
0.550020
0.593682
0.804680
0.597495
0.614938
0.553628
0.531808
0.659289
0.845103
0.793929
0.554070
0.484555
0.662507
0.630371
0.584581
0.564864
0.741074
0.523276
0.443123
0.665903
0.392728
0.444933
0.614373
0.412756
0.465186
0.775833
0.742894
0.648769
0.693319
0.654291
0.639735
0.670347
0.549963
0.688099
0.854101
0.678079
0.675583
0.824437
0.781468
0.613847
0.748775
0.627140
0.631132
0.724034
0.646987
0.611642
0.571977
0.698643
0.716132
0.647022
0.727021
0.610938
0.560984
0.788404
0.925301
0.905713
0.627275
0.573939
0.724719
0.620937
0.596576
0.640017
0.699817
0.676723
0.506116
0.711655
0.485087
0.545543
0.583220
0.558863
0.514925
0.732096
0.731716
0.459340
0.663040
0.636469
0.684347
0.428256
0.620245
0.771349
0.528186
0.490896
0.661608
0.634088
0.635794
0.606126
0.608113
0.618044
0.699112
0.668543
0.632775
0.582923
0.628601
0.784290
0.547646
0.583340
0.631897
0.573144
0.713738
0.877387
0.728095
0.535575
0.700658
0.614446
0.591782
0.566903
0.612203
0.654336
0.480241
0.486821
0.832729
0.564791
0.575335
0.722747
0.430716
0.670246
0.743861
0.539880
0.745535
0.659241
0.705111
0.665061
0.644600
0.856830
0.663456
0.624923
0.732213
0.683649
0.546395
0.683180
0.544569
0.525581
0.593758
0.641804
0.643029
0.644210
0.647499
0.696394
0.610910
0.681472
0.691220
0.542207
0.755204
0.893324
0.823155
0.529595
0.661734
0.752976
0.476690
0.485098
0.526963
0.713200
0.763573
0.535870
0.695890
0.610032
0.612553
0.703139
0.515431
0.716936
0.793941
0.618619
0.635000
0.593238
0.418729
0.616593
0.569823
0.524763
0.447112
0.631281
0.645958
0.494308
0.535522
0.555401
0.572228
0.594092
0.605072
0.630758
0.536056
0.615955
0.746421
0.487268
0.572351
0.527939
0.524616
0.683576
0.789899
0.704594
0.557663
0.608716
0.610388
0.521513
0.396636
0.589618
0.681744
0.583087
0.467393
0.605128
0.490999
0.560291
0.627831
0.453019
0.629436
0.653380
0.734133
0.651941
0.616552
0.602785
0.797222
0.644173
0.664167
0.802614
0.671820
0.563110
0.702831
0.638709
0.679230
0.541054
0.647982
0.684690
0.574079
0.697374
0.701634
0.667027
0.666229
0.522005
0.588762
0.728934
0.887527
0.907741
0.575377
0.620212
0.670890
0.511337
0.523195
0.647006
0.621600
0.455608
0.529538
0.739280
0.651853
0.487659
0.618679
0.602206
0.576701
0.662986
0.658082
0.594320
0.536872
0.752972
0.471162
0.695918
0.684894
0.610229
0.601819
0.597411
0.483065
0.498799
0.700458
0.532381
0.466497
0.484955
0.547116
0.859330
0.545132
0.627872
0.579634
0.453017
0.617404
0.881564
0.693522
0.573446
0.517483
0.679579
0.538949
0.562916
0.558908
0.559409
0.649977
0.561067
0.744461
0.506559
0.431721
0.711479
0.377482
0.306977
0.853265
0.648516
0.593757
0.810206
0.685544
0.594188
0.675507
0.710944
0.629359
0.673631
0.663166
0.587238
0.553508
0.633144
0.599469
0.597174
0.665738
0.680415
0.602443
0.698020
0.673255
0.615502
0.742546
0.831939
0.834515
0.619072
0.676784
0.726879
0.643575
0.617357
0.706601
0.643910
0.733757
0.622601
0.756924
0.623059
0.609389
0.712567
0.588605
0.650325
0.749499
0.585708
0.638805
0.487325
0.412171
0.647840
0.562423
0.555256
0.557629
0.550380
0.566530
0.628809
0.659886
0.565728
0.502652
0.594513
0.687703
0.509866
0.515278
0.455300
0.497756
0.649247
0.874329
0.686574
0.545215
0.537308
0.447383
0.573015
0.444594
0.576361
0.603194
0.431861
0.372184
0.665887
0.456493
0.508166
0.547858
0.345371
0.523459
0.639915
0.746198
0.513434
0.586341
0.702165
0.540302
0.496533
0.637374
0.465150
0.548015
0.606499
0.607213
0.536115
0.489496
0.592177
0.653106
0.517422
0.660646
0.552376
0.463763
0.704396
0.898625
0.749585
0.438921
0.623990
0.679372
0.538893
0.505151
0.485397
0.392294
0.626501
0.580372
0.696343
0.598676
0.528219
0.626525
0.474425
0.592210
0.700893
0.645012
0.576893
0.625634
0.824175
0.652485
0.618917
0.789398
0.766478
0.816698
0.763271
0.767431
0.630771
0.699056
0.733840
0.694770
0.778919
0.466553
0.709222
0.686222
0.803716
0.634066
0.801383
0.762534
0.687457
0.758744
0.572084
0.811524
0.820529
0.652077
0.682590
0.812382
0.765382
0.713444
0.786015
0.701532
0.738048
0.692740
0.533346
0.659555
0.472173
0.548149
0.607813
0.494108
0.516464
0.553909
0.577018
0.584347
0.389105
0.538407
0.785710
0.455392
0.515743
0.385624
0.415736
0.628985
0.862219
0.648621
0.509228
0.594778
0.526905
0.534483
0.466474
0.537649
0.562031
0.509916
0.500461
0.731380
0.553454
0.482259
0.630301
0.350262
0.529731
0.654544
0.636075
0.679880
0.521506
0.543362
0.626873
0.575339
0.587213
0.606657
0.654935
0.540905
0.547548
0.624564
0.485421
0.680583
0.532028
0.518941
0.685970
0.760010
0.665215
0.491633
0.540106
0.637960
0.595507
0.490981
0.621712
0.676880
0.590729
0.441186
0.641628
0.520875
0.530577
0.571039
0.432680
0.555117
0.698140
0.759251
0.661974
0.368458
0.552966
0.658836
0.708160
0.648610
0.609499
0.474391
0.454934
0.783107
0.716403
0.667007
0.655208
0.635696
0.610978
0.634008
0.504220
0.633034
0.687661
0.774007
0.579938
0.531481
0.682662
0.668766
0.698940
0.586786
0.777428
0.634656
0.673238
0.833336
0.547494
0.754723
0.677738
0.694553
0.669804
0.595567
0.631599
0.627205
0.734172
0.607057
0.587837
0.674249
0.841161
0.632530
0.675593
0.514029
0.581751
0.677249
0.950272
0.775420
0.642885
0.708428
0.594491
0.630398
0.542042
0.623557
0.452355
0.641983
0.639597
0.805842
0.716171
0.649317
0.735706
0.512737
0.724641
0.803876
0.678626
0.509472
0.512969
0.504664
0.454013
0.575971
0.523206
0.575671
0.619551
0.418954
0.609371
0.475042
0.468964
0.750659
0.825913
0.771998
0.562924
0.492597
0.708596
0.445553
0.460134
0.492379
0.662722
0.473711
0.516525
0.606371
0.484633
0.348335
0.543891
0.399480
0.531126
0.696247
0.512720
0.595728
0.685249
0.654033
0.476151
0.482296
0.414232
0.816265
0.645716
0.630325
0.591906
0.569327
0.642045
0.698499
0.544338
0.582794
0.623824
0.728378
0.578969
0.473458
0.586230
0.649975
0.686031
0.484163
0.719744
0.529436
0.629096
0.766704
0.490627
0.669246
0.733465
0.426812
0.643546
0.521155
0.386198
0.455894
0.467328
0.778999
0.418861
0.632381
0.541468
0.451171
0.657838
0.846001
0.730840
0.436490
0.505031
0.681690
0.458145
0.421207
0.439938
0.531355
0.640877
0.461955
0.746799
0.447529
0.437921
0.715774
0.285663
0.565767
0.692807
0.632222
0.504104
0.460357
0.468478
0.476864
0.780176
0.516152
0.598218
0.553352
0.459315
0.671546
0.878878
0.760694
0.494623
0.553179
0.709670
0.482407
0.465829
0.432424
0.583915
0.614310
0.501194
0.760191
0.430764
0.424661
0.656563
0.380393
0.530444
0.753469
0.543957
0.725713
0.622266
0.593576
0.746829
0.621551
0.688308
0.538671
0.585889
0.715956
0.777651
0.847955
0.513521
0.674804
0.713092
0.588228
0.563712
0.656901
0.662594
0.603966
0.614752
0.645102
0.662439
0.567000
0.618265
0.540687
0.622827
0.718858
0.482881
0.546412
0.579147
0.801666
0.584854
0.659508
0.581448
0.484436
0.736777
0.827010
0.873703
0.515656
0.497299
0.801983
0.517497
0.558637
0.575638
0.672946
0.659291
0.535202
0.777312
0.528647
0.469455
0.655219
0.470799
0.503684
0.784237
0.454566
0.553872
0.824716
0.545999
0.613675
0.567304
0.450759
0.622748
0.835763
0.711147
0.551967
0.476038
0.717017
0.540800
0.489656
0.433110
0.533022
0.649439
0.464703
0.706811
0.442765
0.437301
0.730894
0.445579
0.453059
0.694317
0.415133
0.777693
0.522226
0.653380
0.408345
0.370900
0.439650
0.743778
0.601565
0.476732
0.444328
0.510274
0.445282
0.424416
0.539761
0.514018
0.545749
0.460703
0.691118
0.441751
0.362856
0.639151
0.377791
0.434154
0.469857
0.829981
0.605216
0.674683
0.548461
0.525881
0.609729
0.663446
0.549981
0.459781
0.565100
0.683619
0.504626
0.539763
0.507673
0.609115
0.591732
0.518641
0.630217
0.496571
0.540319
0.720762
0.445365
0.589980
0.727272
0.734278
0.798150
0.743510
0.716598
0.815297
0.916693
0.898976
0.700760
0.801802
0.847024
0.755046
0.659864
0.821360
0.768384
0.703674
0.746489
0.823597
0.781003
0.776837
0.717220
0.740396
0.698581
0.681879
0.589780
0.532664
0.462285
0.777659
0.891272
0.755063
0.515936
0.514254
0.645740
0.471792
0.478047
0.478926
0.632768
0.554315
0.504397
0.692983
0.502944
0.417753
0.623227
0.360216
0.535397
0.723332
0.599884
0.638247
0.773289
0.907695
0.783865
0.732412
0.631405
0.677967
0.589972
0.511032
0.606249
0.690125
0.605224
0.511131
0.838986
0.614406
0.555666
0.694301
0.458176
0.694067
0.849251
0.427730
0.615379
0.751115
0.719290
0.542531
0.508141
0.293974
0.531694
0.394110
0.614466
0.531485
0.503277
0.510096
0.762071
0.527573
0.407530
0.579983
0.432232
0.528890
0.643768
0.537667
0.826031
0.765559
0.459350
0.492021
0.596242
0.468399
0.437028
0.487678
0.523462
0.589494
0.451370
0.675534
0.423016
0.371181
0.556688
0.388807
0.430385
0.651688
0.816545
0.627048
0.614533
0.691223
0.713471
0.668963
0.680801
0.740867
0.537423
0.693909
0.630272
0.734005
0.732305
0.618550
0.782911
0.610792
0.627749
0.689593
0.673158
0.787638
0.863329
0.828335
0.865272
0.828203
0.920824
0.895907
0.821143
0.776145
0.871420
0.826900
0.806174
0.907396
0.829741
0.872011
0.886616
0.749794
0.794739
0.766627
0.713840
0.740367
0.734861
0.774564
0.750740
0.721933
0.760400
0.792656
0.727854
0.881906
0.639647
0.816210
0.749685
0.537162
0.689376
0.476717
0.539919
0.498766
0.481715
0.606909
0.437766
0.637151
0.546910
0.497562
0.648558
0.432060
0.543309
0.687038
0.639917
0.488850
0.540492
0.605852
0.675484
0.568514
0.443351
0.696614
0.488226
0.391541
0.624289
0.472041
0.366155
0.691848
0.634039
0.566353
0.755321
0.662866
0.673793
0.655345
0.868459
0.625440
0.565786
0.715230
0.511695
0.684907
0.710160
0.387956
0.518436
0.587176
0.523852
0.460705
0.657144
0.535945
0.359372
0.626867
0.361356
0.546861
0.685267
0.537318
0.513732
0.528469
0.346857
0.673663
0.460279
0.466335
0.614362
0.338401
0.545475
0.658585
0.622249
0.657709
0.481734
0.511429
0.493031
0.485406
0.720618
0.446038
0.553805
0.769162
0.644039
0.616039
0.781311
0.646838
0.605634
0.679416
0.516121
0.622123
0.782666
0.494066
0.760224
0.582298
0.445024
0.588513
0.506996
0.552957
0.700247
0.660181
0.424371
0.468053
0.547474
0.340765
0.473529
0.741042
0.680714
0.700328
0.734420
0.724975
0.637232
0.679161
0.379192
0.562758
0.378099
0.414236
0.674646
0.540649
0.319300
0.382228
0.712203
0.629653
0.553788
0.706511
0.466302
0.726723
0.655928
