0.037964
0.044994
0.066447
0.023802
0.061161
0.020887
0.095255
0.089220
0.043882
0.018645
0.727396
0.577400
0.094300
0.039302
0.073397
0.184549
0.064631
0.079634
0.024017
0.208408
0.256229
0.331947
0.030114
0.101616
0.238899
0.045161
0.091357
0.426859
0.067155
0.060535
0.071177
0.039096
0.058780
0.115765
0.516671
0.017773
0.022154
0.030560
0.109100
0.283018
0.291738
0.037766
0.026272
0.026962
0.210510
0.089970
0.023781
0.077426
0.095949
0.026640
0.106475
0.020487
0.039263
0.017787
0.042965
0.056024
0.031851
0.021791
0.678964
0.471568
0.071522
0.020626
0.038080
0.092764
0.033873
0.042520
0.021922
0.184078
0.211247
0.260193
0.021283
0.080536
0.167717
0.026891
0.115351
0.368066
0.054585
0.049586
0.061557
0.022231
0.035033
0.057158
0.391089
0.022620
0.054022
0.040969
0.074325
0.246702
0.219440
0.015447
0.020826
0.013161
0.168758
0.043616
0.037935
0.058046
0.074831
0.110800
0.027650
0.028281
0.018648
0.045912
0.098160
0.022187
0.012874
0.658478
0.480252
0.088453
0.039560
0.017095
0.142405
0.012497
0.030800
0.044122
0.246557
0.132194
0.255534
0.020619
0.033226
0.216426
0.025802
0.144534
0.365244
0.028840
0.086120
0.018667
0.014453
0.012278
0.080634
0.448180
0.026443
0.079037
0.033271
0.040417
0.197263
0.275926
0.025373
0.012786
0.037033
0.235482
0.079826
0.028040
0.104646
0.114347
0.104538
0.101757
0.114468
0.216008
0.220706
0.057484
0.091295
0.738964
0.658765
0.250269
0.126297
0.120386
0.296970
0.128164
0.173941
0.106850
0.345655
0.296639
0.479817
0.120423
0.190836
0.369439
0.077960
0.185677
0.547099
0.130999
0.197556
0.125568
0.144822
0.096090
0.209999
0.529962
0.088277
0.059786
0.068070
0.183346
0.384439
0.459198
0.136184
0.075268
0.104103
0.360552
0.226736
0.125141
0.212287
0.249468
0.038263
0.011958
0.060042
0.061772
0.041396
0.016135
0.668412
0.479114
0.064356
0.023885
0.053112
0.136461
0.043442
0.048210
0.022353
0.197944
0.213176
0.263307
0.015529
0.065028
0.197108
0.044710
0.094256
0.368797
0.043821
0.047161
0.054252
0.022380
0.049064
0.085615
0.461990
0.021766
0.050665
0.045117
0.071149
0.221972
0.250103
0.014882
0.022385
0.021828
0.194576
0.056560
0.017620
0.055790
0.080023
0.042841
0.088397
0.108065
0.036851
0.039957
0.648240
0.528982
0.118975
0.058809
0.042071
0.160875
0.032049
0.049747
0.064489
0.257375
0.178195
0.310838
0.032876
0.062752
0.228711
0.034099
0.146223
0.379471
0.055349
0.104111
0.046070
0.046847
0.034450
0.075729
0.437175
0.049181
0.074930
0.039637
0.077727
0.220347
0.285385
0.053317
0.030362
0.052374
0.259423
0.109122
0.055980
0.113649
0.138664
0.045600
0.059073
0.041202
0.009882
0.690810
0.503141
0.053499
0.016792
0.043110
0.134508
0.032278
0.043755
0.012497
0.194879
0.198678
0.260410
0.010297
0.060794
0.185846
0.035999
0.105244
0.380935
0.041814
0.038075
0.047242
0.007240
0.037407
0.072189
0.466056
0.017523
0.045091
0.030286
0.065651
0.233647
0.232215
0.010030
0.020266
0.017648
0.174543
0.048189
0.010153
0.052359
0.070624
0.063169
0.088874
0.056965
0.674914
0.397824
0.054782
0.051796
0.052612
0.074208
0.043842
0.047057
0.068144
0.189171
0.168173
0.163904
0.052415
0.073461
0.149533
0.077808
0.159755
0.322538
0.080285
0.065808
0.078181
0.028503
0.063932
0.067231
0.387879
0.073775
0.138943
0.096273
0.062743
0.175325
0.180004
0.032595
0.065628
0.056562
0.157791
0.029249
0.062128
0.081025
0.077898
0.137886
0.089551
0.661322
0.454577
0.024509
0.048755
0.135593
0.094839
0.117940
0.085882
0.046902
0.075551
0.348245
0.251147
0.052141
0.154463
0.096735
0.113507
0.083160
0.330075
0.138541
0.015478
0.169994
0.058290
0.124086
0.057043
0.373707
0.074283
0.100838
0.117041
0.178495
0.312128
0.115611
0.041872
0.102741
0.048354
0.102888
0.034359
0.066791
0.012244
0.018174
0.022600
0.681420
0.523688
0.147986
0.056979
0.029637
0.166056
0.029059
0.062233
0.057325
0.285118
0.164849
0.315305
0.043020
0.076081
0.258084
0.020896
0.161238
0.421228
0.046728
0.122135
0.033781
0.047629
0.018571
0.117022
0.456033
0.031395
0.067604
0.030691
0.060794
0.240915
0.333712
0.048818
0.010296
0.041804
0.276515
0.117187
0.056906
0.137088
0.155947
0.695906
0.512760
0.082524
0.030203
0.032900
0.146519
0.026305
0.039834
0.026775
0.227546
0.172678
0.263548
0.018369
0.053064
0.219828
0.028956
0.114868
0.381327
0.035576
0.065665
0.029047
0.014500
0.024828
0.092951
0.473634
0.015270
0.051969
0.027095
0.054017
0.219208
0.272980
0.019864
0.009421
0.024769
0.214402
0.069418
0.016340
0.085991
0.096949
0.282572
0.664823
0.726684
0.673275
0.702424
0.706759
0.596342
0.688197
0.593248
0.690375
0.607172
0.664049
0.641757
0.719375
0.722744
0.606264
0.410020
0.694218
0.671229
0.697338
0.680469
0.684179
0.659437
0.462700
0.687240
0.725294
0.747212
0.683836
0.646515
0.742301
0.685278
0.698852
0.705757
0.779036
0.678334
0.702319
0.685928
0.667330
0.441414
0.523698
0.452832
0.416726
0.509361
0.425290
0.514803
0.448367
0.450266
0.284565
0.510287
0.437306
0.497026
0.566448
0.497094
0.292190
0.491718
0.473739
0.508698
0.482422
0.518380
0.482507
0.314273
0.536462
0.614056
0.611632
0.441320
0.376843
0.517862
0.467240
0.521852
0.522990
0.510553
0.398268
0.531294
0.493506
0.484071
0.054900
0.128722
0.111631
0.110704
0.082172
0.054633
0.110992
0.296442
0.231095
0.054358
0.119521
0.140757
0.123359
0.106008
0.327377
0.112705
0.021672
0.145614
0.045091
0.120927
0.066161
0.406907
0.082572
0.114600
0.116407
0.154474
0.279912
0.147231
0.045307
0.106713
0.064881
0.115888
0.037702
0.054769
0.027418
0.027573
0.065847
0.122144
0.044025
0.076610
0.012973
0.195438
0.241350
0.282196
0.027542
0.093625
0.156482
0.034690
0.133007
0.437891
0.052453
0.040759
0.075771
0.021569
0.047837
0.061451
0.449275
0.032519
0.049783
0.033088
0.092441
0.292073
0.203206
0.011954
0.036793
0.012256
0.137834
0.045922
0.027449
0.041538
0.068085
0.138912
0.016789
0.047297
0.074792
0.296132
0.096356
0.238882
0.056332
0.036747
0.239123
0.040007
0.186544
0.377729
0.037002
0.122496
0.019248
0.041033
0.021923
0.093879
0.428361
0.060411
0.106511
0.053385
0.030176
0.168334
0.301696
0.048256
0.025549
0.066158
0.243148
0.087846
0.066548
0.148417
0.162918
0.131549
0.094880
0.138029
0.190305
0.298194
0.176437
0.129531
0.190247
0.139836
0.158878
0.191700
0.312155
0.180178
0.114392
0.192887
0.115472
0.157608
0.093728
0.309816
0.152609
0.218640
0.191704
0.157717
0.261201
0.142070
0.103585
0.147328
0.107611
0.176491
0.077957
0.157745
0.122007
0.112800
0.045357
0.062981
0.286344
0.117034
0.254228
0.036934
0.043862
0.220010
0.024050
0.186763
0.405312
0.034755
0.107335
0.019103
0.024620
0.014682
0.081246
0.457379
0.046785
0.101002
0.035764
0.029819
0.190314
0.274875
0.036077
0.020408
0.047674
0.239590
0.086590
0.046619
0.123233
0.137841
0.072066
0.195784
0.169237
0.189216
0.032458
0.060767
0.195063
0.075605
0.107399
0.241756
0.080589
0.079022
0.061152
0.031220
0.052739
0.078989
0.388612
0.051574
0.126125
0.091427
0.063297
0.165668
0.228758
0.044991
0.046612
0.061148
0.241339
0.073320
0.051179
0.102311
0.093741
0.166597
0.269836
0.291251
0.022509
0.106215
0.174912
0.043404
0.093946
0.405033
0.066938
0.029324
0.088668
0.024925
0.058071
0.070753
0.439479
0.023186
0.028528
0.037256
0.112080
0.305314
0.220677
0.017416
0.038617
0.012064
0.154431
0.053366
0.023202
0.037160
0.059840
0.520220
0.337166
0.173744
0.313929
0.162758
0.269094
0.099750
0.278091
0.313496
0.090301
0.346399
0.191122
0.274162
0.158633
0.339968
0.187664
0.211371
0.271552
0.353116
0.448720
0.155849
0.176608
0.251983
0.173961
0.174865
0.138477
0.199658
0.090835
0.064084
0.285802
0.219309
0.085363
0.429786
0.193828
0.402727
0.431964
0.123500
0.325972
0.081884
0.175114
0.136751
0.266829
0.550407
0.233059
0.317581
0.206502
0.067700
0.147466
0.490403
0.212157
0.170018
0.261971
0.439854
0.251376
0.217763
0.364870
0.371657
0.273842
0.232603
0.249968
0.332636
0.284668
0.251062
0.286412
0.250631
0.270454
0.235514
0.291304
0.256110
0.447980
0.312613
0.411198
0.364158
0.209215
0.143689
0.228370
0.227031
0.289803
0.285269
0.323989
0.182028
0.264126
0.288639
0.262331
0.071787
0.181072
0.038549
0.090246
0.349160
0.060769
0.040762
0.060842
0.011782
0.038931
0.069960
0.456435
0.013436
0.056709
0.040283
0.080430
0.237049
0.227361
0.016608
0.022399
0.019127
0.205309
0.063229
0.013772
0.049691
0.059223
0.278099
0.086526
0.201585
0.351753
0.030747
0.139412
0.022663
0.051411
0.055807
0.122910
0.491713
0.086849
0.147763
0.088860
0.040811
0.132558
0.327112
0.067929
0.058320
0.106347
0.264672
0.106119
0.067996
0.163804
0.176695
0.221925
0.235247
0.435989
0.253028
0.133827
0.290863
0.176871
0.238254
0.136395
0.434434
0.210887
0.253667
0.236521
0.270118
0.388428
0.038610
0.146973
0.228051
0.164790
0.149309
0.125137
0.198731
0.127831
0.120122
0.176753
0.460773
0.048549
0.101960
0.045675
0.039433
0.015720
0.081115
0.451511
0.031701
0.055077
0.014296
0.078684
0.284345
0.289734
0.041176
0.020369
0.030678
0.237969
0.105318
0.051635
0.112224
0.132195
0.256312
0.204104
0.068002
0.209514
0.120068
0.177109
0.148403
0.438349
0.099900
0.113703
0.166832
0.233566
0.302447
0.242441
0.108065
0.135388
0.104923
0.237845
0.121581
0.097157
0.083781
0.076515
0.445006
0.332212
0.414442
0.355155
0.409040
0.359774
0.356045
0.384446
0.478942
0.494599
0.377728
0.298737
0.406832
0.372824
0.408488
0.407173
0.489717
0.326894
0.379698
0.366958
0.314456
0.121420
0.021988
0.043133
0.042009
0.107710
0.499488
0.060488
0.093770
0.044215
0.048185
0.212522
0.319444
0.046596
0.035177
0.067511
0.228469
0.100375
0.052486
0.135619
0.163345
0.146574
0.042736
0.112073
0.067460
0.414416
0.057609
0.073931
0.096067
0.155928
0.304282
0.142750
0.034930
0.088262
0.041319
0.109300
0.031886
0.045179
0.011333
0.016923
0.043811
0.026246
0.130341
0.511905
0.062909
0.115201
0.048790
0.025217
0.166540
0.352920
0.060608
0.027831
0.080985
0.286055
0.119938
0.057347
0.172535
0.189691
0.031673
0.063783
0.445297
0.023816
0.072079
0.039647
0.056203
0.218757
0.215559
0.011930
0.026221
0.024214
0.177290
0.045238
0.013537
0.058674
0.065586
0.085911
0.433100
0.036112
0.083878
0.027576
0.052981
0.236383
0.303952
0.041653
0.018553
0.046054
0.257208
0.105005
0.051155
0.129624
0.140742
0.333295
0.095067
0.113254
0.090198
0.144270
0.290699
0.152269
0.062147
0.097495
0.065514
0.137711
0.062776
0.095471
0.071353
0.080856
0.476548
0.481225
0.494247
0.510202
0.571740
0.442968
0.437889
0.474400
0.436569
0.435594
0.381176
0.518208
0.418458
0.412439
0.044304
0.035295
0.091562
0.280424
0.268345
0.024232
0.016850
0.017204
0.221430
0.084300
0.020462
0.068135
0.075585
0.035052
0.166858
0.371053
0.308513
0.065257
0.057083
0.043042
0.197598
0.114481
0.058854
0.081816
0.114518
0.093186
0.303625
0.298621
0.046486
0.024601
0.035314
0.221888
0.111017
0.041987
0.107115
0.135752
0.132692
0.327479
0.070877
0.054859
0.098660
0.288581
0.109325
0.080376
0.180828
0.194503
0.411752
0.229970
0.221568
0.289728
0.435783
0.225717
0.238085
0.340687
0.335287
0.194059
0.294715
0.212290
0.133955
0.140769
0.239103
0.145057
0.124987
0.026291
0.014983
0.150664
0.033022
0.018921
0.042500
0.056407
0.026462
0.234227
0.086430
0.030956
0.101699
0.118718
0.164189
0.054442
0.028278
0.043470
0.060748
0.078559
0.203377
0.106077
0.122985
0.068947
0.041775
0.050546
0.060208
0.071958
0.017124
