0.036509
0.653900
0.068596
0.110506
0.030243
0.739206
0.019433
0.298926
0.054818
0.057277
0.041428
0.339308
0.028021
0.034800
0.080131
0.043909
0.053010
0.056002
0.029264
0.074917
0.016793
0.092725
0.063725
0.088561
0.080425
0.043132
0.050331
0.015961
0.037992
0.024066
0.063045
0.053137
0.067259
0.030444
0.192241
0.107090
0.027615
0.131722
0.034839
0.109896
0.353937
0.051277
0.049836
0.033231
0.134727
0.044200
0.668311
0.021656
0.069111
0.611067
0.056719
0.073852
0.048399
0.740818
0.040492
0.265901
0.054813
0.057871
0.027560
0.304244
0.022943
0.042996
0.052379
0.028396
0.050921
0.119965
0.046991
0.050234
0.030787
0.100190
0.026070
0.078618
0.084094
0.066308
0.046352
0.016402
0.047422
0.026274
0.128413
0.112073
0.057918
0.038616
0.145936
0.095657
0.025157
0.130522
0.054630
0.104936
0.300070
0.056933
0.044279
0.017275
0.101092
0.058406
0.671541
0.050401
0.050554
0.596667
0.594065
0.630082
0.477877
0.644286
0.476489
0.607248
0.704163
0.569016
0.588077
0.635433
0.684775
0.640467
0.674607
0.666898
0.633677
0.681312
0.586971
0.616513
0.648718
0.620158
0.700796
0.674127
0.652120
0.670281
0.652547
0.677614
0.656675
0.635753
0.638793
0.614744
0.656513
0.627248
0.612477
0.639170
0.704054
0.602218
0.706613
0.527165
0.675753
0.670446
0.653907
0.538138
0.622689
0.269199
0.687491
0.615449
0.059854
0.050182
0.655525
0.071558
0.235071
0.078031
0.070906
0.060055
0.240230
0.030005
0.072297
0.021250
0.038968
0.039416
0.155413
0.063102
0.046612
0.054791
0.091679
0.065814
0.045154
0.046661
0.035881
0.040785
0.057722
0.066144
0.031929
0.113590
0.137481
0.076972
0.049518
0.094969
0.072131
0.041363
0.126954
0.094162
0.117811
0.279485
0.027905
0.038353
0.032387
0.059087
0.061819
0.630186
0.053944
0.034546
0.061328
0.706447
0.131009
0.162510
0.045446
0.147061
0.083776
0.151528
0.051231
0.138858
0.060421
0.055892
0.107397
0.195832
0.135357
0.043301
0.067803
0.048404
0.042668
0.105965
0.043998
0.065364
0.108625
0.086725
0.132816
0.085244
0.143128
0.182737
0.045537
0.122329
0.046920
0.031159
0.107046
0.241545
0.096363
0.218525
0.253142
0.048281
0.089274
0.067743
0.038504
0.048768
0.664273
0.086725
0.025592
0.687742
0.046018
0.215264
0.021805
0.096794
0.051297
0.242882
0.019246
0.066123
0.063420
0.043289
0.071867
0.084451
0.056063
0.037495
0.013520
0.041008
0.055161
0.088276
0.043318
0.019510
0.066031
0.036629
0.067732
0.035151
0.062769
0.074884
0.031335
0.055735
0.115510
0.047197
0.058422
0.197343
0.036557
0.169437
0.310604
0.022512
0.063198
0.039885
0.080039
0.009553
0.659562
0.019615
0.030925
0.705269
0.636771
0.717954
0.785272
0.705553
0.687266
0.719185
0.749542
0.699676
0.771581
0.715796
0.705367
0.732726
0.704738
0.717083
0.727679
0.770802
0.714436
0.699926
0.666224
0.741358
0.744232
0.744883
0.725403
0.705851
0.706401
0.713597
0.735949
0.731207
0.697129
0.710788
0.787983
0.745453
0.777031
0.572660
0.728021
0.760556
0.732697
0.647286
0.709916
0.527525
0.728018
0.703346
0.350398
0.089790
0.042867
0.058735
0.395028
0.033081
0.015135
0.077677
0.052015
0.040162
0.064067
0.011943
0.095971
0.035791
0.136524
0.086741
0.067938
0.086675
0.059180
0.035462
0.019730
0.018273
0.019967
0.084162
0.058379
0.104315
0.017539
0.224755
0.140251
0.021190
0.099335
0.049771
0.082028
0.383882
0.064178
0.049170
0.031750
0.165074
0.078045
0.683561
0.026313
0.092604
0.170409
0.412255
0.215251
0.092306
0.248581
0.386193
0.251856
0.294048
0.346378
0.382112
0.378710
0.161105
0.241561
0.145822
0.204264
0.364510
0.239817
0.223217
0.349155
0.290217
0.388069
0.298941
0.345152
0.383435
0.135901
0.360611
0.123203
0.123003
0.320132
0.528216
0.265224
0.493050
0.146011
0.242231
0.335645
0.283031
0.104423
0.177793
0.525881
0.299787
0.168544
0.144771
0.044921
0.181789
0.042981
0.118258
0.091146
0.062269
0.111685
0.113021
0.110900
0.037088
0.025065
0.026481
0.037015
0.142379
0.060192
0.043354
0.114614
0.057296
0.118918
0.073029
0.096350
0.113601
0.013563
0.104174
0.096079
0.026638
0.088721
0.261889
0.052577
0.226733
0.281499
0.046341
0.099070
0.065020
0.060075
0.009913
0.643633
0.053416
0.030157
0.103216
0.433810
0.053847
0.018391
0.064034
0.044322
0.031903
0.146707
0.022181
0.136148
0.082148
0.184799
0.098302
0.040530
0.109264
0.104444
0.013106
0.044344
0.013158
0.027435
0.135630
0.126526
0.156214
0.015754
0.239419
0.182972
0.028222
0.029129
0.116183
0.024509
0.432702
0.073512
0.024847
0.041785
0.203746
0.132039
0.747132
0.059103
0.118684
0.248686
0.043118
0.081318
0.078016
0.064920
0.080703
0.111223
0.080351
0.043716
0.035283
0.091861
0.040916
0.125401
0.091900
0.057153
0.086222
0.040395
0.088120
0.050808
0.133505
0.117744
0.044035
0.071676
0.139244
0.078554
0.039911
0.181422
0.056407
0.153216
0.249929
0.070599
0.079627
0.040211
0.071107
0.054280
0.615751
0.065766
0.048517
0.272468
0.428272
0.248290
0.303203
0.366917
0.438114
0.416087
0.179385
0.266420
0.132850
0.215401
0.374355
0.224999
0.219681
0.380934
0.333499
0.425672
0.333638
0.361238
0.440108
0.151394
0.393847
0.080656
0.100960
0.350198
0.552491
0.307140
0.513824
0.225671
0.231648
0.356362
0.311702
0.093335
0.198063
0.668288
0.311870
0.157048
0.035690
0.029740
0.018434
0.040776
0.106826
0.033962
0.035408
0.017126
0.064826
0.037568
0.048716
0.040696
0.027511
0.029450
0.014827
0.038230
0.011483
0.083355
0.091473
0.046421
0.027324
0.114476
0.067375
0.028969
0.130025
0.044426
0.108102
0.295630
0.021931
0.030753
0.013727
0.079714
0.031883
0.671785
0.021001
0.026541
0.067564
0.042096
0.036917
0.099538
0.007182
0.110684
0.053298
0.158866
0.091568
0.040817
0.098238
0.081339
0.014992
0.024323
0.004770
0.016333
0.106131
0.082885
0.128773
0.009178
0.234120
0.168793
0.023661
0.061020
0.071891
0.049965
0.395485
0.068557
0.033791
0.030316
0.185989
0.102785
0.723877
0.033129
0.099737
0.039664
0.045854
0.195164
0.064753
0.055674
0.064890
0.094251
0.056754
0.048788
0.058069
0.051429
0.036521
0.053964
0.064502
0.032093
0.140147
0.171884
0.081129
0.047243
0.094112
0.077967
0.045213
0.119897
0.115186
0.100121
0.283685
0.034782
0.043620
0.033082
0.079013
0.077086
0.679881
0.062585
0.040456
0.039678
0.129753
0.043306
0.056299
0.035341
0.090967
0.045156
0.035407
0.051367
0.052070
0.030720
0.028661
0.038012
0.023761
0.100275
0.112325
0.076382
0.032994
0.127437
0.088937
0.038372
0.116213
0.065060
0.103859
0.353664
0.023693
0.013830
0.019030
0.105447
0.053841
0.716325
0.032827
0.041989
0.129510
0.030954
0.097637
0.062860
0.147769
0.081864
0.041379
0.074037
0.071064
0.022595
0.039899
0.027825
0.024067
0.112040
0.113871
0.120681
0.025428
0.188739
0.135806
0.023170
0.067168
0.099124
0.058429
0.387128
0.057538
0.029796
0.029458
0.147452
0.097559
0.701995
0.052554
0.088064
0.085007
0.168100
0.071032
0.160647
0.154226
0.169719
0.141056
0.097222
0.135446
0.085011
0.100568
0.098419
0.047427
0.012184
0.151817
0.101813
0.304634
0.192497
0.105974
0.219869
0.059482
0.211455
0.431933
0.133171
0.141511
0.110396
0.224330
0.100944
0.650201
0.066826
0.162571
0.107335
0.045426
0.146423
0.094735
0.044113
0.090615
0.065422
0.017125
0.026096
0.008738
0.013611
0.083433
0.068635
0.123585
0.005481
0.224174
0.155882
0.021354
0.068762
0.068753
0.057806
0.400962
0.058511
0.033051
0.028800
0.178646
0.090861
0.713496
0.028200
0.098310
0.039868
0.049534
0.047729
0.111295
0.067257
0.042756
0.094443
0.066410
0.117444
0.063355
0.136690
0.156115
0.028313
0.095115
0.058966
0.039411
0.077590
0.235178
0.063036
0.207296
0.226578
0.046850
0.079878
0.054819
0.032029
0.032124
0.629511
0.074065
0.014184
0.049441
0.043316
0.089464
0.058671
0.026141
0.060622
0.022271
0.058915
0.030323
0.056951
0.063974
0.037358
0.042998
0.133125
0.063626
0.043747
0.175460
0.026415
0.145317
0.309745
0.035163
0.054976
0.031524
0.087577
0.018869
0.658146
0.020529
0.035569
0.061719
0.160687
0.062775
0.042558
0.144122
0.095018
0.162206
0.102058
0.104828
0.151665
0.023823
0.139674
0.062497
0.019802
0.133284
0.309705
0.079541
0.269173
0.258616
0.053448
0.133552
0.097209
0.053395
0.020475
0.680544
0.074113
0.032140
0.110444
0.075875
0.066849
0.079518
0.039378
0.091226
0.053093
0.137307
0.148668
0.035169
0.080459
0.095412
0.056129
0.058489
0.188145
0.074003
0.156355
0.267140
0.058773
0.076574
0.040450
0.070355
0.047276
0.695872
0.069620
0.038117
0.077788
0.083273
0.021975
0.065672
0.034535
0.037960
0.132739
0.142375
0.150401
0.039355
0.176617
0.156096
0.055576
0.075787
0.118353
0.081398
0.377716
0.054774
0.027685
0.047756
0.156353
0.118972
0.738546
0.056596
0.087062
0.036987
0.079278
0.071404
0.091219
0.056815
0.103454
0.127159
0.069140
0.085900
0.098092
0.056666
0.084294
0.192613
0.083610
0.174477
0.332426
0.024247
0.069331
0.049551
0.076274
0.048867
0.696909
0.041492
0.041340
0.072640
0.049825
0.082481
0.039433
0.067256
0.089577
0.046405
0.063443
0.097598
0.048257
0.058415
0.195085
0.054226
0.172617
0.282341
0.023192
0.069723
0.044173
0.064584
0.025349
0.669276
0.027701
0.029829
0.031619
0.012303
0.011721
0.112633
0.111491
0.120888
0.010076
0.189575
0.143076
0.023372
0.050836
0.090445
0.046728
0.367346
0.050226
0.018987
0.025873
0.154197
0.096367
0.707935
0.042144
0.080793
0.027736
0.012789
0.091365
0.077263
0.064235
0.022471
0.172643
0.103995
0.019775
0.114186
0.044586
0.089741
0.315591
0.050155
0.041543
0.016739
0.122284
0.051754
0.684629
0.026201
0.058699
0.016516
0.102899
0.083111
0.134602
0.009059
0.233222
0.165643
0.022954
0.050789
0.078958
0.045195
0.415235
0.063103
0.027406
0.032146
0.187210
0.104712
0.723234
0.034208
0.102800
0.088477
0.083184
0.078060
0.009888
0.156994
0.103333
0.012422
0.084809
0.057901
0.071581
0.330371
0.032440
0.023143
0.009595
0.116022
0.058012
0.685934
0.022065
0.053889
0.037248
0.129527
0.091389
0.228090
0.143056
0.113210
0.215787
0.068415
0.201159
0.422647
0.087152
0.113980
0.102354
0.183196
0.069327
0.657907
0.054359
0.120177
0.150225
0.084146
0.288648
0.189126
0.100096
0.196275
0.051582
0.190500
0.435910
0.117316
0.121227
0.099733
0.218139
0.093472
0.649931
0.057171
0.148641
0.114670
0.073772
0.022706
0.093933
0.270870
0.064303
0.229525
0.230971
0.055508
0.114329
0.068353
0.043431
0.016936
0.653356
0.070493
0.024414
0.206496
0.144265
0.016016
0.059716
0.075357
0.048172
0.382896
0.051072
0.022430
0.023491
0.161663
0.086650
0.696736
0.031484
0.085276
0.039153
0.183329
0.346150
0.170109
0.320511
0.228730
0.090420
0.165133
0.138386
0.030027
0.090779
0.689770
0.160685
0.050009
0.123681
0.300796
0.102776
0.265724
0.252062
0.046697
0.125718
0.092584
0.030450
0.030593
0.660892
0.087686
0.026792
0.073448
0.076786
0.060621
0.334209
0.056230
0.030557
0.018584
0.128814
0.082354
0.677729
0.043720
0.073556
0.209409
0.016616
0.506802
0.159734
0.072072
0.104790
0.299446
0.245217
0.751373
0.140059
0.215099
0.189912
0.324132
0.071222
0.089207
0.059457
0.116409
0.041528
0.659876
0.040409
0.064805
0.477249
0.143220
0.071598
0.085894
0.273191
0.213150
0.764165
0.120875
0.187245
0.336065
0.385714
0.319400
0.170998
0.286274
0.539819
0.362496
0.233800
0.035501
0.032487
0.074889
0.032398
0.695576
0.024444
0.026663
0.025855
0.135956
0.085246
0.704094
0.044989
0.069509
0.098889
0.055835
0.691711
0.028832
0.047158
0.061148
0.590231
0.121660
0.026114
0.646219
0.038793
0.025591
0.708912
0.654557
0.053474
