0.597312
0.105507
0.331757
0.104589
0.084895
0.153564
0.336660
0.092751
0.580139
0.306180
0.120623
0.485330
0.116181
0.059733
0.448744
0.205709
0.254202
0.210419
0.743859
0.331394
0.152914
0.206925
0.032471
0.048965
0.143814
0.536888
0.337415
0.106245
0.149616
0.145055
0.140967
0.084539
0.125799
0.212798
0.157256
0.145611
0.098097
0.097150
0.423986
0.170193
0.101966
0.097441
0.122493
0.161025
0.081529
0.050638
0.169681
0.196920
0.127852
0.637173
0.558761
0.631617
0.621511
0.600529
0.634065
0.574019
0.146851
0.476562
0.589881
0.542838
0.623110
0.640778
0.318295
0.625774
0.552978
0.651631
0.691734
0.558123
0.638865
0.581226
0.606038
0.603558
0.620508
0.561373
0.672245
0.635042
0.548866
0.572516
0.601873
0.573607
0.596690
0.509571
0.675734
0.652058
0.667867
0.601174
0.239990
0.647218
0.561365
0.630839
0.643987
0.615217
0.572310
0.618799
0.694326
0.705839
0.658500
0.183848
0.016775
0.017015
0.053584
0.170291
0.039887
0.617066
0.213912
0.024550
0.615095
0.037553
0.029236
0.523171
0.107497
0.264364
0.079572
0.681603
0.205285
0.030332
0.117427
0.074896
0.030087
0.036538
0.509371
0.189991
0.021653
0.067802
0.158526
0.083428
0.060454
0.060584
0.250751
0.385267
0.033009
0.038260
0.019023
0.458254
0.050033
0.087471
0.093200
0.022333
0.054658
0.020823
0.032257
0.048426
0.067748
0.023694
0.175040
0.187359
0.076856
0.049816
0.152511
0.590477
0.083810
0.116811
0.531598
0.113287
0.228288
0.473861
0.090611
0.270718
0.078474
0.539875
0.078933
0.119169
0.041510
0.284936
0.233392
0.100356
0.487668
0.042903
0.151435
0.068785
0.285410
0.116370
0.199472
0.115124
0.295199
0.600118
0.179929
0.259130
0.145760
0.387737
0.151844
0.145905
0.267248
0.165955
0.126900
0.184865
0.206555
0.213956
0.224367
0.193741
0.010239
0.050552
0.167958
0.030001
0.623792
0.201358
0.016892
0.600819
0.033097
0.020598
0.525185
0.106126
0.242294
0.073197
0.654303
0.189951
0.037001
0.114018
0.068565
0.029528
0.027878
0.472706
0.182994
0.027722
0.067010
0.142957
0.079293
0.057510
0.055702
0.228353
0.387013
0.032010
0.036989
0.013730
0.450879
0.053379
0.081995
0.085545
0.020452
0.050309
0.016689
0.030397
0.058345
0.068392
0.021899
0.057431
0.172525
0.025786
0.613788
0.222772
0.014597
0.607630
0.035620
0.015103
0.515927
0.098585
0.261792
0.076791
0.704686
0.222950
0.032740
0.116770
0.058850
0.020435
0.031406
0.504244
0.199833
0.024285
0.066343
0.138167
0.062574
0.059318
0.056326
0.223438
0.370618
0.030235
0.029898
0.010390
0.445757
0.043239
0.071906
0.093276
0.015022
0.043635
0.010336
0.020614
0.057145
0.072631
0.025011
0.092459
0.041847
0.590688
0.110629
0.033721
0.528026
0.015930
0.079849
0.472586
0.055007
0.220475
0.044945
0.637730
0.116863
0.036720
0.029479
0.120203
0.083388
0.023517
0.514526
0.078247
0.037395
0.013938
0.143216
0.041990
0.064135
0.024387
0.203051
0.425988
0.072358
0.117117
0.041976
0.371389
0.077506
0.050289
0.113821
0.049189
0.057009
0.062798
0.061128
0.102052
0.123191
0.072253
0.139902
0.665412
0.193311
0.104896
0.630971
0.110307
0.211046
0.560091
0.048185
0.372394
0.045245
0.623487
0.123639
0.076753
0.068005
0.308315
0.209931
0.077858
0.597554
0.045564
0.114421
0.087486
0.351531
0.104751
0.251576
0.119773
0.394530
0.620369
0.125238
0.208573
0.137748
0.497192
0.091224
0.164636
0.312283
0.139879
0.079553
0.170845
0.192520
0.141836
0.143191
0.158081
0.563518
0.185347
0.024641
0.516357
0.025939
0.040721
0.439438
0.067803
0.254117
0.071526
0.677927
0.174809
0.036596
0.081006
0.088187
0.024510
0.025056
0.513894
0.167168
0.022241
0.036496
0.143878
0.053109
0.068604
0.026749
0.207031
0.378195
0.043076
0.054331
0.031666
0.370693
0.059875
0.050222
0.118001
0.024001
0.038924
0.019906
0.025091
0.074736
0.090569
0.050500
0.488856
0.602746
0.566597
0.612281
0.639653
0.369980
0.647794
0.557802
0.675795
0.703413
0.577364
0.638829
0.591470
0.584242
0.590841
0.627198
0.520046
0.694646
0.626863
0.546826
0.545091
0.613938
0.530672
0.588107
0.477536
0.666500
0.656558
0.673162
0.603056
0.236268
0.668447
0.556224
0.590781
0.642595
0.633566
0.566118
0.611582
0.701154
0.716163
0.664531
0.166395
0.461126
0.154681
0.254123
0.393039
0.185349
0.149370
0.166779
0.485968
0.082284
0.202574
0.091902
0.243375
0.253701
0.173354
0.381904
0.126828
0.213537
0.093119
0.208238
0.177282
0.145150
0.147163
0.184333
0.517807
0.247842
0.323577
0.177536
0.299265
0.250618
0.143313
0.207113
0.224550
0.210195
0.210272
0.230771
0.309880
0.339487
0.257426
0.587731
0.024227
0.035814
0.499822
0.061302
0.244180
0.037967
0.650600
0.158378
0.016447
0.071333
0.088685
0.039685
0.012796
0.485893
0.132110
0.020528
0.037682
0.162233
0.046916
0.069366
0.043030
0.232949
0.410606
0.028313
0.048987
0.007356
0.434119
0.027716
0.064281
0.114795
0.018618
0.025637
0.019921
0.035756
0.057323
0.071059
0.029280
0.523870
0.576565
0.445402
0.568475
0.382330
0.620455
0.463217
0.450997
0.619252
0.482105
0.499887
0.544500
0.570600
0.543314
0.576711
0.583520
0.500962
0.504056
0.549219
0.496371
0.501531
0.441360
0.475942
0.657960
0.658403
0.589440
0.432973
0.678252
0.470048
0.499086
0.608271
0.614352
0.576892
0.532592
0.697566
0.706227
0.637321
0.046407
0.491985
0.051134
0.213864
0.041978
0.636335
0.135048
0.026415
0.043635
0.089274
0.049022
0.014819
0.496267
0.110842
0.019786
0.024056
0.129688
0.040750
0.063837
0.011535
0.195988
0.392695
0.056463
0.083021
0.026849
0.416751
0.063493
0.040155
0.090317
0.030150
0.040644
0.041897
0.028435
0.080013
0.097129
0.049418
0.521473
0.121141
0.243140
0.095308
0.696199
0.244101
0.056331
0.139206
0.041001
0.020417
0.052617
0.501153
0.226718
0.034115
0.090164
0.133684
0.082353
0.066874
0.069695
0.221487
0.299061
0.043594
0.030436
0.023950
0.472189
0.063367
0.081034
0.078564
0.037320
0.062339
0.021487
0.018451
0.061957
0.076474
0.025314
0.510641
0.519631
0.562050
0.792574
0.496658
0.541971
0.454337
0.492103
0.470858
0.511102
0.677669
0.571040
0.505608
0.425108
0.474239
0.502400
0.434235
0.449036
0.431073
0.562697
0.548406
0.540664
0.512297
0.233304
0.563475
0.437590
0.514607
0.523909
0.531791
0.455363
0.473915
0.574642
0.609889
0.550075
0.310060
0.036297
0.687803
0.154970
0.039168
0.041402
0.202735
0.116292
0.047302
0.599286
0.082190
0.058150
0.041573
0.239081
0.039591
0.168593
0.052044
0.282342
0.480295
0.082014
0.136144
0.080711
0.458577
0.060452
0.058997
0.231496
0.081446
0.032735
0.096410
0.103345
0.099777
0.114041
0.113397
0.257667
0.447672
0.174265
0.299887
0.210898
0.171253
0.267119
0.258218
0.273181
0.279016
0.278541
0.211012
0.164613
0.267950
0.169981
0.213661
0.142608
0.363449
0.325589
0.354970
0.219256
0.445956
0.348407
0.199376
0.126652
0.292706
0.306772
0.269588
0.234708
0.381158
0.411645
0.283747
0.640031
0.120756
0.031036
0.045895
0.167805
0.113960
0.028248
0.534407
0.053703
0.046306
0.045363
0.222921
0.056562
0.147781
0.054468
0.283133
0.470110
0.054412
0.113466
0.051300
0.494163
0.043535
0.092362
0.173875
0.065359
0.036303
0.085043
0.090327
0.076134
0.092179
0.063762
0.361141
0.680646
0.615002
0.672110
0.691033
0.637425
0.221232
0.569277
0.686319
0.641103
0.735737
0.727154
0.649688
0.661797
0.697644
0.789898
0.703160
0.745287
0.655834
0.758950
0.722109
0.690897
0.616829
0.698708
0.679054
0.688151
0.689524
0.746763
0.718024
0.690733
0.172304
0.095491
0.268888
0.232290
0.135686
0.346252
0.082990
0.178978
0.112701
0.283080
0.200780
0.203078
0.133328
0.293305
0.548275
0.211733
0.287671
0.172477
0.429046
0.221106
0.186916
0.220272
0.201645
0.180493
0.212031
0.213030
0.262126
0.268071
0.219050
0.070821
0.129582
0.056731
0.012774
0.552216
0.118436
0.013652
0.041999
0.201052
0.041549
0.108462
0.046302
0.281371
0.454343
0.024847
0.059576
0.025327
0.468170
0.017498
0.072389
0.154195
0.022927
0.013884
0.036741
0.051211
0.037979
0.052867
0.036723
0.177973
0.142552
0.056025
0.511854
0.046723
0.080280
0.018923
0.177978
0.051734
0.119210
0.038230
0.203656
0.462482
0.129163
0.185269
0.086421
0.377270
0.114134
0.054860
0.170698
0.103562
0.080831
0.119458
0.110606
0.158912
0.183786
0.133377
0.052059
0.115835
0.434704
0.285962
0.093234
0.127237
0.094738
0.129938
0.043179
0.109775
0.168959
0.214096
0.124438
0.099814
0.061118
0.439740
0.151603
0.099838
0.033930
0.097347
0.148405
0.068513
0.042990
0.161220
0.191027
0.091638
0.052975
0.508417
0.243324
0.028571
0.085197
0.157173
0.091925
0.065389
0.061432
0.240278
0.307409
0.047978
0.026616
0.031334
0.442058
0.072236
0.078819
0.096685
0.033610
0.065252
0.016738
0.012853
0.071141
0.085960
0.044251
0.508724
0.102928
0.016720
0.033293
0.178362
0.045272
0.090523
0.030593
0.250664
0.437905
0.034868
0.064064
0.022739
0.434961
0.035943
0.067585
0.127653
0.020888
0.026463
0.038118
0.040472
0.056232
0.064737
0.036726
0.558561
0.546918
0.501960
0.449283
0.581436
0.429663
0.508473
0.427245
0.647473
0.565777
0.572002
0.470658
0.612420
0.586685
0.523912
0.396933
0.531040
0.558155
0.499832
0.505295
0.627711
0.627962
0.528980
0.141983
0.082789
0.308255
0.122263
0.220278
0.119192
0.341334
0.565309
0.166633
0.260693
0.154027
0.487657
0.150657
0.158311
0.258580
0.175702
0.130749
0.205862
0.205012
0.198492
0.213586
0.185134
0.044869
0.174365
0.052017
0.081904
0.033523
0.260162
0.386665
0.023776
0.040562
0.023254
0.454399
0.034218
0.069446
0.114415
0.019453
0.027380
0.026361
0.022141
0.035015
0.053337
0.024785
0.137070
0.032753
0.075662
0.020048
0.174794
0.417107
0.078522
0.128420
0.048187
0.333449
0.077677
0.034171
0.132694
0.060224
0.048258
0.060585
0.066835
0.113939
0.142579
0.091716
0.150891
0.087784
0.118940
0.044619
0.347671
0.222391
0.231776
0.141128
0.324325
0.247358
0.108214
0.080496
0.162993
0.211827
0.145458
0.125984
0.264764
0.311113
0.190982
0.111407
0.048699
0.196309
0.407615
0.076931
0.115786
0.055897
0.394814
0.057727
0.036081
0.164075
0.062938
0.038691
0.067793
0.071868
0.100497
0.128386
0.096891
0.074833
0.150015
0.328712
0.123406
0.122643
0.056242
0.366374
0.149806
0.079119
0.045410
0.081726
0.134962
0.065327
0.053881
0.167006
0.198216
0.100757
0.173413
0.400956
0.080052
0.105477
0.047756
0.376425
0.090843
0.037898
0.108193
0.044891
0.055904
0.056593
0.039851
0.106410
0.130565
0.076794
0.380620
0.313006
0.333220
0.213769
0.268077
0.326121
0.132953
0.151424
0.255134
0.276384
0.222659
0.209275
0.363074
0.410361
0.291013
0.418974
0.362702
0.366233
0.558566
0.456191
0.340832
0.286738
0.429905
0.456292
0.359441
0.304592
0.435618
0.469741
0.391852
0.033545
0.033579
0.495453
0.018296
0.111737
0.160663
0.032723
0.027483
0.027507
0.053409
0.019719
0.031750
0.021840
0.046691
0.523627
0.052936
0.136615
0.156606
0.040558
0.070464
0.031639
0.042847
0.038458
0.045475
0.030245
0.446124
0.037845
0.063794
0.087063
0.023412
0.038542
0.018803
0.027711
0.063504
0.080875
0.027275
0.511760
0.351104
0.442511
0.454527
0.463513
0.399135
0.436691
0.536852
0.569401
0.505713
0.109630
0.197797
0.041768
0.017021
0.044622
0.074719
0.029802
0.041515
0.040303
0.127939
0.082893
0.070519
0.069390
0.064884
0.145170
0.174227
0.121020
0.121225
0.182136
0.108709
0.071846
0.195700
0.226710
0.111885
0.038152
0.023010
0.031066
0.050715
0.067797
0.030580
0.039188
0.063893
0.044180
0.056405
0.052189
0.026177
0.054436
0.072697
0.032429
0.076844
0.096879
0.040089
0.015719
0.028507
0.039598
