0.792482
0.789368
0.766795
0.793247
0.838878
0.909440
0.892508
0.817914
0.860473
0.804714
0.833059
0.728008
0.850621
0.793938
0.760111
0.751431
0.835180
0.843432
0.832132
0.866998
0.735383
0.774169
0.882867
0.759360
0.770800
0.769958
0.729630
0.831217
0.848436
0.767311
0.807344
0.837407
0.815793
0.787590
0.835209
0.814530
0.855306
0.722123
0.815243
0.790422
0.717298
0.727870
0.738733
0.885280
0.821838
0.793764
0.740888
0.733778
0.678014
0.514630
0.514297
0.650281
0.608681
0.659022
0.680855
0.606607
0.666735
0.617366
0.424355
0.454389
0.737384
0.622548
0.588375
0.474495
0.598678
0.582086
0.709019
0.402520
0.505378
0.543226
0.665038
0.606792
0.556177
0.585472
0.480182
0.512387
0.676537
0.645420
0.698469
0.675508
0.661218
0.518736
0.572095
0.697689
0.580364
0.777835
0.695357
0.737513
0.471444
0.589903
0.752995
0.653134
0.614395
0.634154
0.519735
0.627515
0.552146
0.485460
0.770582
0.609728
0.722280
0.743868
0.673792
0.740633
0.628120
0.573917
0.516669
0.830819
0.645494
0.604115
0.604414
0.598362
0.611387
0.672193
0.578346
0.486628
0.636648
0.752973
0.724799
0.560194
0.663969
0.475899
0.601478
0.649183
0.650095
0.830004
0.730453
0.726748
0.623228
0.730574
0.716367
0.607825
0.669971
0.774486
0.734280
0.586595
0.582581
0.620167
0.758755
0.668175
0.644373
0.549446
0.634988
0.471494
0.774860
0.627014
0.754985
0.768038
0.658751
0.738677
0.619208
0.511819
0.525793
0.720810
0.636251
0.498959
0.619391
0.557266
0.571786
0.694658
0.573260
0.413034
0.578574
0.748868
0.579871
0.550494
0.690999
0.424271
0.611210
0.583396
0.628410
0.747254
0.657841
0.696325
0.606012
0.686716
0.722691
0.589901
0.585555
0.680083
0.810852
0.429167
0.455817
0.693145
0.732895
0.542676
0.512305
0.558337
0.599275
0.530599
0.742042
0.712746
0.794402
0.650491
0.629252
0.762914
0.676231
0.560582
0.680529
0.640308
0.662494
0.569326
0.683524
0.744558
0.756103
0.708676
0.649058
0.596480
0.699870
0.716932
0.555639
0.680741
0.638537
0.680958
0.673884
0.705288
0.685686
0.736290
0.710863
0.734816
0.663541
0.758794
0.704046
0.595467
0.726083
0.692393
0.709992
0.724964
0.843838
0.708871
0.763640
0.684253
0.683550
0.721529
0.622554
0.469825
0.611597
0.661153
0.663242
0.574492
0.766018
0.644266
0.743504
0.731835
0.610476
0.587503
0.527886
0.577210
0.609671
0.703318
0.587889
0.609179
0.716918
0.665361
0.576882
0.667847
0.697837
0.548184
0.602705
0.651778
0.591341
0.684857
0.678966
0.552774
0.635620
0.622854
0.581313
0.666692
0.789233
0.744006
0.683911
0.710324
0.799483
0.638006
0.766188
0.671251
0.578153
0.601231
0.665488
0.660579
0.661276
0.495250
0.549715
0.711332
0.643636
0.693150
0.703077
0.598553
0.603951
0.541158
0.550743
0.520291
0.749655
0.604455
0.734383
0.654209
0.616320
0.643015
0.698316
0.792687
0.545345
0.615225
0.598420
0.592776
0.728115
0.725094
0.670726
0.673773
0.677924
0.643312
0.816159
0.719032
0.761988
0.772648
0.726179
0.856765
0.617122
0.825680
0.586165
0.505407
0.719815
0.733791
0.709747
0.710850
0.654762
0.713865
0.779195
0.780604
0.730125
0.660744
0.715870
0.593305
0.628463
0.549606
0.784096
0.742178
0.731994
0.748301
0.722267
0.741053
0.573086
0.773396
0.623913
0.669156
0.552427
0.750291
0.660512
0.705603
0.689642
0.683053
0.586712
0.728644
0.840725
0.756095
0.738024
0.827311
0.679521
0.761936
0.499213
0.783223
0.695855
0.626401
0.622494
0.777132
0.637325
0.721502
0.572970
0.459019
0.609766
0.528521
0.590142
0.605687
0.576471
0.713318
0.639712
0.683796
0.424608
0.603831
0.731008
0.780632
0.455779
0.429757
0.658706
0.599485
0.611488
0.730087
0.666457
0.697399
0.720023
0.623160
0.662778
0.363120
0.513480
0.741014
0.754934
0.688911
0.491907
0.569748
0.755276
0.570186
0.817513
0.603992
0.601106
0.589817
0.638756
0.765792
0.679326
0.594053
0.647945
0.564588
0.502823
0.635836
0.556971
0.523537
0.607118
0.832547
0.552831
0.655347
0.597198
0.630468
0.472893
0.733400
0.812379
0.623750
0.565053
0.535271
0.518987
0.724548
0.713647
0.661680
0.648604
0.765107
0.654741
0.755259
0.726586
0.650593
0.698988
0.703288
0.782178
0.677812
0.810782
0.521161
0.644708
0.829744
0.674865
0.679249
0.610217
0.722881
0.716087
0.678810
0.637572
0.625250
0.596656
0.528370
0.658538
0.579698
0.573387
0.634993
0.654694
0.660226
0.695479
0.637407
0.440813
0.634024
0.683351
0.605358
0.630920
0.661689
0.708049
0.658988
0.646998
0.551987
0.719680
0.725255
0.701373
0.641972
0.627834
0.722486
0.612938
0.714145
0.694564
0.410296
0.617846
0.645037
0.514907
0.778725
0.601931
0.614094
0.517562
0.575095
0.672907
0.730442
0.559785
0.522496
0.630400
0.648039
0.637254
0.546530
0.592368
0.523024
0.624293
0.506582
0.612364
0.751771
0.612032
0.789881
0.688176
0.557131
0.704451
0.586548
0.801346
0.732752
0.791391
0.555994
0.605535
0.850422
0.735922
0.620966
0.617736
0.606225
0.678207
0.546151
0.658405
0.498504
0.459332
0.482759
0.491304
0.607557
0.592865
0.551816
0.282958
0.378707
0.637418
0.651060
0.411069
0.560333
0.504089
0.442941
0.486519
0.659619
0.610468
0.604324
0.694906
0.571140
0.595034
0.633799
0.478297
0.634047
0.724728
0.686562
0.405697
0.593386
0.777804
0.662832
0.712177
0.534802
0.538473
0.615739
0.464618
0.676045
0.646498
0.678421
0.677196
0.686731
0.640676
0.815091
0.591742
0.685029
0.755148
0.693768
0.688995
0.814035
0.752955
0.636716
0.702054
0.600111
0.648122
0.672944
0.658400
0.735915
0.673805
0.697318
0.723207
0.771557
0.646364
0.612836
0.717387
0.615700
0.716131
0.543510
0.771743
0.606595
0.697139
0.759137
0.704643
0.511092
0.640310
0.451115
0.585844
0.664881
0.655317
0.441008
0.638183
0.789266
0.673753
0.488322
0.696030
0.627463
0.650661
0.578525
0.511601
0.648638
0.677794
0.746096
0.664636
0.660808
0.665292
0.437150
0.691462
0.746971
0.754468
0.487592
0.566860
0.653480
0.488328
0.674590
0.485373
0.627429
0.569698
0.563457
0.657535
0.413330
0.422916
0.590550
0.694946
0.432540
0.601677
0.705670
0.527489
0.503596
0.666304
0.581873
0.577214
0.512260
0.547226
0.591061
0.614158
0.719193
0.569973
0.657432
0.693236
0.535523
0.651837
0.696516
0.718994
0.557487
0.610685
0.780698
0.684695
0.702812
0.400223
0.574565
0.653457
0.555663
0.646127
0.645415
0.652745
0.577541
0.480508
0.416197
0.466324
0.547255
0.628768
0.467972
0.584477
0.458677
0.635048
0.618945
0.564224
0.638568
0.561849
0.563213
0.330470
0.569266
0.664274
0.793331
0.549991
0.584949
0.642064
0.587668
0.712923
0.590741
0.647300
0.672944
0.452764
0.557199
0.571359
0.505290
0.491711
0.671160
0.440344
0.654416
0.687324
0.601299
0.485060
0.668805
0.619018
0.506714
0.484301
0.501225
0.661422
0.685963
0.778185
0.592090
0.685150
0.649712
0.383760
0.660867
0.804602
0.734125
0.571165
0.616058
0.820776
0.622868
0.681398
0.407894
0.544845
0.590625
0.585105
0.585821
0.669303
0.552335
0.635251
0.639211
0.517121
0.620831
0.752663
0.670559
0.494478
0.650230
0.520254
0.675777
0.676829
0.642483
0.586567
0.679080
0.722687
0.620606
0.736185
0.756414
0.772806
0.684633
0.641583
0.719440
0.713518
0.708671
0.449589
0.566287
0.728802
0.636004
0.760442
0.560253
0.670160
0.684646
0.656608
0.624634
0.617676
0.734687
0.539049
0.556923
0.580670
0.620881
0.747491
0.680619
0.597332
0.683946
0.560669
0.551125
0.777660
0.760222
0.707479
0.698326
0.651799
0.761715
0.507330
0.853960
0.567369
0.538742
0.602086
0.698590
0.553503
0.663458
0.780720
0.666803
0.668456
0.697963
0.455944
0.683306
0.756067
0.797959
0.745972
0.773411
0.807773
0.661951
0.685921
0.771970
0.636658
0.775427
0.758595
0.829739
0.591052
0.677997
0.798205
0.737415
0.594440
0.657281
0.724069
0.713396
0.577095
0.496819
0.730116
0.631787
0.402063
0.598229
0.473172
0.516537
0.500535
0.567865
0.627040
0.635895
0.635059
0.532463
0.562440
0.555843
0.443424
0.605376
0.680479
0.613248
0.390763
0.438918
0.653297
0.592001
0.597974
0.392526
0.508496
0.499434
0.495072
0.523548
0.697021
0.596138
0.615710
0.640328
0.498301
0.551063
0.665443
0.574148
0.607107
0.577917
0.586846
0.468107
0.634900
0.605631
0.666113
0.627615
0.622226
0.552786
0.590466
0.779952
0.662041
0.779316
0.668955
0.485866
0.654310
0.554560
0.662994
0.782468
0.696818
0.780300
0.545100
0.676438
0.696600
0.623332
0.592907
0.644196
0.693321
0.492171
0.746964
0.709999
0.854267
0.619871
0.670643
0.818882
0.710675
0.803039
0.732086
0.775694
0.762142
0.564053
0.764159
0.751401
0.645616
0.691976
0.598518
0.564210
0.691256
0.555565
0.671021
0.645939
0.691509
0.605435
0.593087
0.726395
0.711632
0.757438
0.669315
0.689833
0.743749
0.647582
0.727642
0.757410
0.661211
0.586088
0.636233
0.653556
0.609088
0.599294
0.584021
0.637095
0.379301
0.539645
0.652773
0.738446
0.814486
0.551497
0.675133
0.642537
0.523228
0.656134
0.844765
0.776821
0.438442
0.546411
0.701621
0.649270
0.730828
0.517963
0.579987
0.621595
0.510057
0.611287
0.635381
0.647881
0.715793
0.729202
0.749592
0.739699
0.617819
0.602521
0.394752
0.658228
0.853128
0.697413
0.764628
0.667092
0.681948
0.770477
0.611290
0.712709
0.696612
0.551644
0.585202
0.648814
0.651693
0.703931
0.710638
0.808948
0.665867
0.779086
0.671143
0.681785
0.736511
0.668085
0.727726
0.667577
0.796748
0.558857
0.596088
0.725155
0.727132
0.550116
0.557436
0.610848
0.605371
0.478373
0.587314
0.666865
0.618410
0.615061
0.543156
0.591966
0.631260
0.615847
0.505684
0.696114
0.677670
0.628255
0.615177
0.642567
0.778160
0.626974
0.761797
0.628687
0.365551
0.575780
0.631888
0.483949
0.706717
0.667152
0.761235
0.624287
0.574805
0.749638
0.532214
0.678861
0.777405
0.822949
0.536798
0.548851
0.719688
0.605143
0.719178
0.508975
0.512352
0.707933
0.524641
0.737820
0.718039
0.761308
0.588667
0.615634
0.702702
0.629575
0.757869
0.784639
0.710593
0.703579
0.498956
0.651341
0.519961
0.614929
0.515058
0.494153
0.547853
0.573978
0.709405
0.690969
0.665096
0.651764
0.694443
0.658522
0.708273
0.780123
0.587398
0.744908
0.751529
0.906634
0.589481
0.882517
0.707182
0.650733
0.743746
0.751555
0.683585
0.739189
0.549653
0.625309
0.662256
0.749088
0.670619
0.666584
0.557224
0.699187
0.794049
0.705482
0.748950
0.683098
0.640383
0.686641
0.736298
0.651708
0.585106
0.627736
0.767007
0.702662
0.560552
0.538930
0.735803
0.657517
0.767131
0.693801
0.792522
0.673649
0.607448
0.676604
0.780111
0.613124
0.635231
0.626350
0.762728
0.827421
0.770704
0.604257
0.599768
0.635697
0.638632
0.756194
0.612934
0.609196
0.632076
0.688137
0.591301
0.698760
0.816556
0.556643
0.677103
0.688830
0.609659
0.746902
0.646870
0.607736
0.678369
0.605637
0.601951
0.664036
0.593971
0.775094
0.768885
0.587492
0.637132
0.617730
0.749167
0.581953
0.771848
0.744760
0.534920
0.441216
0.758280
0.587128
0.795952
0.726782
0.507141
0.462238
0.805873
0.587346
0.682490
0.544657
0.499662
0.584111
0.653496
0.812566
0.788567
0.637734
0.636353
0.844924
0.845054
0.766104
0.680340
0.697215
0.665145
0.598235
0.647409
0.786157
0.665949
0.749796
0.748460
0.729383
0.723946
0.664950
0.733674
0.691652
0.776610
0.683897
0.813495
0.686193
0.877038
0.755624
0.605054
0.703118
0.822560
0.506206
0.697723
0.728772
0.704273
0.544315
0.565536
0.643596
0.511732
0.497205
0.616533
0.585534
0.481875
0.469794
0.522749
0.623564
0.724547
0.688702
0.670564
0.707956
0.690524
0.643170
0.794959
0.696226
0.542698
0.545620
0.740949
0.654546
0.655328
0.604628
0.676630
0.615965
0.688234
0.551256
0.519948
0.611940
0.645194
