0.848165
0.777384
0.675936
0.670974
0.711429
0.677518
0.633898
0.717315
0.820484
0.718537
0.671836
0.778170
0.725290
0.824092
0.610352
0.585333
0.648424
0.626577
0.777953
0.671923
0.685484
0.912199
0.610318
0.651135
0.783831
0.765863
0.682659
0.784205
0.779830
0.689414
0.675422
0.587875
0.648719
0.588735
0.712463
0.745516
0.664585
0.619711
0.648181
0.647609
0.728852
0.677241
0.744828
0.732470
0.792091
0.673247
0.951564
0.717470
0.749733
0.692778
0.762463
0.650200
0.659132
0.733699
0.755513
0.656112
0.756260
0.623479
0.747812
0.769231
0.570848
0.714685
0.794532
0.754931
0.765553
0.653570
0.748918
0.554762
0.680662
0.642263
0.660401
0.771611
0.693017
0.739652
0.728364
0.606653
0.662886
0.770824
0.758923
0.721091
0.630935
0.582105
0.802979
0.710414
0.526937
0.630475
0.461220
0.680974
0.775225
0.452426
0.746943
0.618781
0.741088
0.674475
0.713456
0.731667
0.718405
0.690586
0.580009
0.636622
0.614855
0.629602
0.608257
0.775693
0.635831
0.668992
0.854098
0.560519
0.751931
0.704085
0.674360
0.463488
0.586478
0.673262
0.633012
0.662386
0.944552
0.633748
0.666698
0.641986
0.724701
0.511414
0.591643
0.744071
0.721134
0.710679
0.776780
0.602453
0.618116
0.784228
0.538162
0.597828
0.698185
0.546393
0.683474
0.699798
0.698570
0.701481
0.569491
0.649922
0.689362
0.793014
0.413987
0.702411
0.535698
0.660425
0.498418
0.549911
0.661091
0.817326
0.581256
0.535576
0.812202
0.672253
0.894227
0.708924
0.594150
0.643133
0.614500
0.580105
0.641038
0.579864
0.889245
0.423737
0.628497
0.719757
0.699970
0.646477
0.729410
0.589170
0.646008
0.726501
0.533726
0.724568
0.582171
0.778969
0.819063
0.596496
0.563178
0.602383
0.636325
0.709918
0.597316
0.673419
0.658860
0.769100
0.669557
0.817238
0.663828
0.715445
0.737490
0.594644
0.626717
0.642512
0.673563
0.598556
0.669748
0.742107
0.572639
0.719306
0.674082
0.595053
0.695209
0.447698
0.551482
0.671240
0.549448
0.872036
0.552652
0.577036
0.688754
0.622117
0.585700
0.574461
0.575304
0.731002
0.687666
0.517990
0.415494
0.535954
0.778757
0.538274
0.461715
0.576877
0.494623
0.700048
0.582169
0.630601
0.557449
0.577626
0.653912
0.587361
0.786605
0.590837
0.608935
0.746812
0.651746
0.743924
0.734763
0.623398
0.675359
0.805784
0.683132
0.715909
0.686417
0.629405
0.533326
0.710839
0.695810
0.611373
0.580650
0.782908
0.663013
0.802084
0.738798
0.731563
0.599204
0.735089
0.689117
0.719423
0.642726
0.640947
0.609364
0.579615
0.765926
0.758561
0.630854
0.563751
0.675216
0.663307
0.725407
0.647403
0.725760
0.711830
0.721405
0.609754
0.889754
0.596259
0.708956
0.652394
0.611280
0.827267
0.652189
0.634730
0.784778
0.681723
0.864916
0.738624
0.602995
0.741130
0.549594
0.714913
0.571753
0.629843
0.867138
0.536119
0.759337
0.772630
0.720940
0.720510
0.647382
0.584410
0.671684
0.736278
0.595253
0.669481
0.655133
0.824121
0.713280
0.657482
0.560644
0.627955
0.705122
0.782467
0.620580
0.723522
0.719711
0.743488
0.699997
0.758199
0.644954
0.777995
0.765208
0.709241
0.423427
0.552028
0.890431
0.689636
0.697559
0.634824
0.434688
0.578788
0.625711
0.524180
0.611533
0.603758
0.930054
0.580561
0.589164
0.682517
0.721904
0.591544
0.707222
0.700863
0.596492
0.572602
0.583351
0.674354
0.478101
0.587191
0.760648
0.575894
0.501972
0.572244
0.490369
0.676898
0.618448
0.702351
0.655234
0.651188
0.613026
0.920547
0.677156
0.592565
0.775601
0.697488
0.604977
0.721200
0.642855
0.745278
0.666059
0.641883
0.762834
0.543798
0.640562
0.659324
0.688210
0.831657
0.551077
0.713250
0.486799
0.671306
0.588223
0.484275
0.633213
0.701572
0.699595
0.628662
0.649711
0.572562
0.725373
0.675819
0.567277
0.668783
0.601889
0.675779
0.742373
0.637392
0.773468
0.465862
0.632980
0.624936
0.701612
0.684037
0.703958
0.727390
0.687050
0.768323
0.688487
0.829764
0.775096
0.672361
0.744568
0.500005
0.512414
0.798759
0.701389
0.888511
0.769295
0.795894
0.896375
0.369780
0.657623
0.765708
0.818926
0.773078
0.677305
0.746982
0.597208
0.695730
0.707750
0.703860
0.695839
0.629116
0.735479
0.731636
0.829716
0.831769
0.783860
0.786908
0.475023
0.558563
1.002446
0.814788
0.753243
0.566638
0.830701
0.570803
0.712470
0.690358
0.585125
0.636911
0.589930
0.610371
0.463776
0.493121
0.719088
0.581345
0.669593
0.726625
0.681874
0.654866
0.715705
0.639944
0.675940
0.685024
0.495298
0.635395
0.474660
0.794798
0.662546
0.512868
0.493446
0.527914
0.578153
0.669822
0.573054
0.735126
0.607433
0.632180
0.582265
0.841932
0.700026
0.682331
0.833199
0.597414
0.817375
0.558474
0.531536
0.641285
0.559175
0.566257
0.663467
0.704176
0.931120
0.590664
0.695212
0.667581
0.587171
0.624632
0.711371
0.678725
0.605976
0.628127
0.597236
0.710846
0.518480
0.684394
0.784064
0.632377
0.523766
0.643813
0.573896
0.771147
0.647533
0.761748
0.603941
0.673783
0.575349
0.920088
0.755449
0.714693
0.738980
0.740439
0.652471
0.831959
0.800203
0.622281
0.773740
0.808146
0.766170
0.874795
0.711352
0.910969
0.827477
0.704925
0.817660
0.619670
0.745317
0.777342
0.825683
0.686416
0.680207
0.758199
0.842840
0.777557
0.697683
0.673180
0.776028
0.802384
0.781890
0.802800
0.587459
0.734716
0.712183
0.703323
0.845423
0.846051
0.828543
0.705170
0.669434
0.663965
0.700904
0.544188
0.610052
0.625718
0.684618
0.835641
0.563166
0.784753
0.734132
0.590344
0.602492
0.567048
0.637665
0.639975
0.652620
0.597900
0.530265
0.495766
0.731313
0.504162
0.473449
0.525208
0.558707
0.631366
0.724032
0.593464
0.652425
0.630271
0.530741
0.589852
0.851396
0.731495
0.704201
0.706206
0.770155
0.814823
0.747693
0.614851
0.800489
0.778641
0.895278
0.813986
0.841839
0.836991
0.837808
0.722188
0.718296
0.791379
0.730463
0.757550
0.726792
0.627268
0.704983
0.726598
0.768958
0.538912
0.650567
0.786982
0.697904
0.537933
0.784384
0.856700
0.765091
0.708177
0.795172
0.965835
0.862881
0.731025
0.577472
0.678639
0.660282
0.661580
0.772546
0.726142
0.910552
0.649068
0.791971
0.719236
0.651283
0.546327
0.704423
0.649319
0.610957
0.551951
0.559062
0.627395
0.634769
0.693823
0.696554
0.705125
0.522506
0.676751
0.664724
0.805133
0.688135
0.752703
0.639314
0.744084
0.650984
0.933258
0.776968
0.675040
0.552167
0.596555
0.598204
0.687197
0.419275
0.935432
0.499612
0.691536
0.714842
0.608736
0.517637
0.638086
0.645639
0.384844
0.415616
0.488582
0.550252
0.426316
0.651378
0.596252
0.564924
0.514451
0.528519
0.542715
0.690334
0.590314
0.682310
0.607039
0.659590
0.553361
0.878686
0.696689
0.537535
0.730841
0.627607
0.702094
0.600589
0.918362
0.577769
0.631804
0.704207
0.722392
0.506575
0.744223
0.737964
0.492493
0.605978
0.719773
0.634850
0.570212
0.570911
0.692665
0.656694
0.614901
0.616863
0.407844
0.657848
0.703851
0.648436
0.766333
0.718160
0.678293
0.952481
0.454978
0.629445
0.535359
0.607275
0.510993
0.831671
0.568882
0.575306
0.658483
0.464647
0.554869
0.413578
0.651914
0.733497
0.649238
0.452632
0.523027
0.532556
0.718436
0.538106
0.545451
0.547619
0.560151
0.615176
0.671757
0.673667
0.547823
0.508634
0.446267
0.498722
0.834942
0.623586
0.649377
0.786900
0.640959
0.945646
0.696247
0.747641
0.745324
0.538426
0.479514
0.678545
0.757209
0.507678
0.645076
0.619593
0.589451
0.556348
0.454602
0.660292
0.574971
0.619053
0.689765
0.571482
0.642468
0.775146
0.694274
0.641209
0.348799
0.613438
0.970596
0.751746
0.649266
0.549614
0.584020
0.569925
0.725945
0.744023
0.698224
0.810317
0.619714
0.664826
0.749390
0.722793
0.649466
0.634135
0.523983
0.866454
0.752838
0.522426
0.567639
0.457318
0.606562
0.739201
0.345688
0.700963
0.704251
0.705341
0.583190
0.593558
0.727949
0.744736
0.655082
0.557552
0.665401
0.753696
0.690651
0.606673
0.601878
0.628248
0.489740
0.634909
0.604479
0.589718
0.581606
0.739613
0.634321
0.576549
0.566252
0.520565
0.597313
0.656211
0.573859
0.610318
0.612724
0.637155
0.582575
0.824690
0.632538
0.643867
0.831240
0.959559
0.855226
0.925671
0.955443
0.875616
0.745915
0.918957
0.916417
0.891532
0.872602
0.871520
0.960235
0.837383
0.818155
0.770278
0.809944
0.887694
0.958197
0.718938
0.958926
0.804141
0.879873
0.840583
0.819214
0.930126
0.907097
0.631584
0.700658
0.708833
0.565414
0.525033
0.469606
0.555142
0.647085
0.538325
0.606251
0.436074
0.771496
0.687870
0.472635
0.430394
0.529510
0.579036
0.626821
0.495106
0.612875
0.529436
0.736839
0.512153
0.805488
0.654780
0.637293
0.656529
0.839454
0.667502
0.721967
0.774779
0.718541
0.775171
0.739091
0.612607
0.598985
0.837870
0.767612
0.572380
0.686281
0.651474
0.571749
0.660761
0.742053
0.605432
0.576808
0.781360
0.720128
0.981048
0.601650
0.723582
0.740936
0.552150
0.610629
0.791134
0.824735
0.783459
0.760633
0.716872
0.627481
0.734709
0.781447
0.681848
0.748862
0.674235
0.649287
0.737803
0.761787
0.754084
0.405147
0.712630
0.718574
0.798977
0.750234
0.779571
0.630168
0.701276
0.745637
0.723515
0.590713
0.581820
0.605473
0.571316
0.708590
0.687139
0.683263
0.561025
0.669417
0.698593
0.810835
0.718009
0.764587
0.671068
0.482865
0.582295
0.888944
0.813568
0.693293
0.557257
0.696197
0.584584
0.553529
0.582498
0.561044
0.548473
0.602292
0.582221
0.619945
0.571227
0.655020
0.642747
0.701170
0.753149
0.681354
0.549926
0.630195
0.600009
0.933385
0.596189
0.569756
0.660109
0.703776
0.675867
0.582604
0.589328
0.541346
0.756207
0.599524
0.542921
0.611109
0.559381
0.652558
0.718182
0.570336
0.625515
0.513271
0.596425
0.562769
0.743512
0.664001
0.646510
0.655240
0.763205
0.511696
0.655322
0.605605
0.798759
0.647344
0.574787
0.500841
0.630623
0.750185
0.706769
0.542252
0.685436
0.671614
0.835982
0.558134
0.835358
0.723877
0.712888
0.537515
0.639276
0.628777
0.530965
0.592299
0.743450
0.591882
0.578060
0.634965
0.510344
0.706851
0.647069
0.675527
0.720674
0.672987
0.650273
0.980603
0.726173
0.657213
0.574466
0.605321
0.520613
0.624054
0.700576
0.689813
0.571853
0.626888
0.587520
0.753016
0.667010
0.728348
0.740879
0.662248
0.608284
0.907230
0.764826
0.510106
0.588119
0.513049
0.715777
0.584462
0.561999
0.487859
0.591628
0.680017
0.660475
0.583396
0.642177
0.641298
0.721110
0.589307
0.837581
0.684256
0.516706
0.498109
0.762159
0.447649
0.483731
0.449481
0.515534
0.577703
0.558823
0.593491
0.625784
0.627879
0.562517
0.478428
0.916010
0.675758
0.627217
0.697780
0.606897
0.399751
0.426144
0.434025
0.409497
0.590203
0.479322
0.584119
0.493645
0.578294
0.477942
0.772706
0.677369
0.531171
0.791117
0.758495
0.700727
0.787068
0.576389
0.777538
0.805634
0.814420
0.749916
0.553912
0.673730
1.011091
0.755484
0.502747
0.575773
0.678010
0.622445
0.700741
0.607838
0.728113
0.638278
0.646583
0.607130
0.626267
0.885047
0.680612
0.661880
0.540987
0.435089
0.498400
0.516352
0.475442
0.633189
0.587411
0.600609
0.547898
0.787491
0.672344
0.631897
0.543122
0.594751
0.702602
0.467239
0.638000
0.597404
0.644384
0.428976
0.876273
0.696650
0.615937
0.563271
0.650138
0.359448
0.626052
0.618639
0.675080
0.534116
0.669909
0.635086
0.634950
0.596141
0.601232
0.654328
0.687418
0.588534
0.610718
0.926127
0.645701
0.710224
0.770584
0.653046
0.653894
0.728045
0.697561
0.898401
0.757051
0.650581
0.718065
0.695395
0.762742
0.535152
0.600198
0.665032
0.698362
0.740256
0.772438
0.675192
0.879388
0.686337
0.705814
0.611983
0.542919
0.793066
0.774162
0.726023
0.579762
0.897206
0.778316
0.696655
0.822055
0.718411
0.656225
0.895468
0.962998
0.704452
