0.040877
0.597655
0.042010
0.035494
0.200627
0.032484
0.023808
0.023628
0.034460
0.109076
0.086974
0.051576
0.042444
0.080146
0.604804
0.038419
0.047728
0.041447
0.310030
0.122930
0.127645
0.029472
0.065292
0.012382
0.107675
0.034942
0.164078
0.089133
0.060980
0.049964
0.108603
0.335167
0.147359
0.087828
0.087356
0.046717
0.032437
0.056775
0.033353
0.023142
0.049948
0.441885
0.047378
0.035547
0.036116
0.034246
0.455476
0.033420
0.041914
0.678010
0.015352
0.026839
0.260344
0.018426
0.054756
0.023545
0.022580
0.174006
0.025731
0.085197
0.028830
0.136918
0.625576
0.059222
0.108314
0.005619
0.372862
0.115207
0.163028
0.053045
0.081605
0.034186
0.046999
0.041074
0.188937
0.036922
0.023638
0.023207
0.140649
0.402819
0.163483
0.020166
0.118186
0.034076
0.063944
0.084628
0.010639
0.021796
0.006574
0.459280
0.013639
0.031414
0.010548
0.018636
0.511594
0.009703
0.009774
0.681603
0.677927
0.697644
0.656359
0.661797
0.677231
0.680646
0.569277
0.745287
0.690897
0.643994
0.603855
0.691734
0.640031
0.615002
0.686711
0.647023
0.743859
0.645384
0.637730
0.649688
0.636335
0.718024
0.683501
0.701927
0.746763
0.710493
0.696199
0.623487
0.378769
0.730780
0.751453
0.616829
0.679054
0.641103
0.687803
0.662170
0.637425
0.706980
0.758950
0.688151
0.689524
0.696501
0.693287
0.221232
0.676545
0.704686
0.039887
0.250751
0.039118
0.060584
0.026025
0.030332
0.189991
0.038260
0.087471
0.030355
0.137750
0.637173
0.079572
0.117427
0.015844
0.358527
0.105507
0.146478
0.053584
0.060454
0.037553
0.067748
0.051795
0.178084
0.048426
0.025165
0.029236
0.170291
0.391103
0.135292
0.024950
0.093200
0.054658
0.067802
0.107497
0.019613
0.036538
0.019691
0.458254
0.020823
0.032257
0.027624
0.019898
0.509371
0.022294
0.017015
0.207031
0.031461
0.026749
0.015939
0.036596
0.167168
0.054331
0.050222
0.040964
0.090099
0.574019
0.071526
0.081006
0.030841
0.301534
0.092751
0.116690
0.041847
0.068604
0.025939
0.090569
0.025201
0.128700
0.074736
0.040985
0.040721
0.139902
0.346655
0.133175
0.050169
0.118001
0.038924
0.036496
0.067803
0.035438
0.025056
0.031813
0.370693
0.019906
0.025091
0.022184
0.023515
0.513894
0.024992
0.025786
0.288724
0.173413
0.191570
0.281371
0.341334
0.333220
0.132953
0.216930
0.117703
0.509571
0.283133
0.203656
0.262561
0.244003
0.212798
0.076749
0.203051
0.150015
0.195988
0.410361
0.240180
0.210101
0.363074
0.214855
0.221487
0.394530
0.382275
0.182065
0.313719
0.151424
0.276384
0.174794
0.282342
0.273024
0.250664
0.258687
0.268077
0.222659
0.209275
0.266770
0.234754
0.427245
0.263221
0.223438
0.042580
0.034185
0.014798
0.107733
0.050635
0.081037
0.056954
0.138125
0.637682
0.024446
0.070964
0.027056
0.401320
0.150401
0.200295
0.040744
0.116557
0.028558
0.048262
0.029776
0.203270
0.037811
0.066410
0.051109
0.077693
0.415150
0.207480
0.048773
0.157716
0.021838
0.045337
0.041656
0.018368
0.012696
0.029954
0.465117
0.036824
0.047978
0.009104
0.036955
0.546904
0.010817
0.037972
0.022196
0.046302
0.119192
0.105477
0.037898
0.066437
0.080141
0.596690
0.054468
0.038230
0.053869
0.319380
0.125799
0.120749
0.024387
0.074833
0.011535
0.130565
0.024321
0.154882
0.106410
0.074866
0.069695
0.119773
0.370129
0.140904
0.099717
0.108193
0.055904
0.020048
0.052044
0.054720
0.030593
0.067108
0.376425
0.056593
0.039851
0.036546
0.041801
0.508473
0.035770
0.056326
0.034643
0.157499
0.054186
0.055729
0.025238
0.087029
0.604081
0.062213
0.077113
0.024935
0.307707
0.083078
0.109722
0.032118
0.046159
0.015717
0.097889
0.026928
0.140866
0.073727
0.023825
0.028371
0.151190
0.359000
0.110223
0.050409
0.070477
0.048315
0.037222
0.082965
0.023786
0.023564
0.024891
0.404424
0.023031
0.012181
0.021073
0.011429
0.497560
0.024793
0.016945
0.118436
0.059576
0.072389
0.057010
0.138770
0.638865
0.031036
0.070821
0.028484
0.405244
0.152914
0.200681
0.036720
0.108462
0.026415
0.052867
0.040487
0.214658
0.037979
0.065195
0.056331
0.076753
0.432182
0.207662
0.049659
0.154195
0.013884
0.041999
0.039168
0.016808
0.012774
0.031008
0.468170
0.036741
0.051211
0.014621
0.039093
0.552216
0.014888
0.032740
0.260693
0.158311
0.212234
0.166374
0.672245
0.053703
0.046723
0.187545
0.521551
0.337415
0.296398
0.078247
0.220278
0.110842
0.213586
0.154183
0.358297
0.198492
0.247657
0.226718
0.045564
0.495100
0.369474
0.241798
0.258580
0.130749
0.082789
0.082190
0.144229
0.102928
0.190421
0.487657
0.205862
0.205012
0.142375
0.198258
0.558561
0.139663
0.199833
0.136615
0.044216
0.204093
0.667867
0.113466
0.185269
0.029049
0.376804
0.098097
0.211025
0.117117
0.122643
0.083021
0.045475
0.061656
0.180715
0.038458
0.034149
0.030436
0.208573
0.416536
0.158120
0.019975
0.156606
0.070464
0.128420
0.136144
0.039651
0.064064
0.022170
0.523627
0.031639
0.042847
0.038559
0.026797
0.572002
0.041347
0.029898
0.079282
0.079814
0.561365
0.092362
0.054860
0.088806
0.274287
0.101966
0.104453
0.050289
0.079119
0.040155
0.174227
0.048250
0.111733
0.145170
0.097804
0.081034
0.164636
0.342607
0.130101
0.130851
0.127939
0.070519
0.034171
0.058997
0.098550
0.067585
0.095698
0.351104
0.069390
0.064884
0.074032
0.074623
0.523912
0.071777
0.071906
0.122849
0.638505
0.092941
0.131865
0.030489
0.314452
0.070551
0.128213
0.075771
0.058880
0.043324
0.092204
0.050955
0.135962
0.077190
0.019713
0.014999
0.207407
0.341071
0.107144
0.053290
0.064781
0.063217
0.085028
0.122561
0.034475
0.049964
0.029168
0.479940
0.025705
0.020656
0.045070
0.018455
0.452700
0.045528
0.018276
0.478858
0.135400
0.076779
0.147071
0.274137
0.171107
0.063472
0.084944
0.074288
0.093861
0.262316
0.134600
0.168634
0.225296
0.132478
0.141524
0.193723
0.334113
0.178976
0.184785
0.124779
0.133633
0.055128
0.138028
0.139102
0.116745
0.135031
0.300084
0.110240
0.118737
0.137053
0.130025
0.404400
0.136812
0.121869
0.651631
0.581226
0.645698
0.370627
0.597312
0.454732
0.600529
0.573607
0.623110
0.705839
0.635838
0.541490
0.694326
0.627352
0.640778
0.634065
0.530459
0.602615
0.657674
0.630839
0.615217
0.548866
0.625774
0.648628
0.620508
0.617851
0.239990
0.572310
0.618799
0.644437
0.630787
0.561373
0.630204
0.621511
0.045895
0.070385
0.439644
0.210419
0.229285
0.044945
0.147781
0.041978
0.092179
0.064846
0.260055
0.076134
0.115574
0.095308
0.045245
0.459155
0.261356
0.110936
0.173875
0.036303
0.045363
0.036297
0.041801
0.028248
0.069161
0.494163
0.085043
0.090327
0.042029
0.078662
0.534407
0.043613
0.076791
0.113574
0.373699
0.206925
0.159996
0.029479
0.119210
0.043635
0.183786
0.075817
0.223923
0.158912
0.151888
0.139206
0.068005
0.399265
0.226716
0.170071
0.170698
0.080831
0.018923
0.041402
0.100716
0.056025
0.121911
0.377270
0.119458
0.110606
0.082337
0.114157
0.511854
0.079663
0.116770
0.381452
0.116180
0.164316
0.055053
0.076890
0.032847
0.054215
0.041568
0.195799
0.046177
0.021292
0.024889
0.155730
0.410227
0.154207
0.023706
0.114298
0.045386
0.071970
0.092736
0.015195
0.025739
0.011297
0.474784
0.021019
0.029820
0.013251
0.017449
0.514527
0.010931
0.011337
0.210558
0.180185
0.361931
0.260912
0.334529
0.485334
0.321963
0.152804
0.453732
0.321729
0.316252
0.528898
0.170868
0.184228
0.409409
0.258928
0.404553
0.332725
0.412607
0.396276
0.379612
0.367676
0.352605
0.315960
0.285880
0.392728
0.308035
0.450455
0.389383
0.343212
0.116527
0.153564
0.084539
0.116181
0.196920
0.086469
0.047195
0.169681
0.073691
0.059733
0.336660
0.275625
0.034405
0.128011
0.097441
0.161025
0.149616
0.205709
0.140262
0.143814
0.105319
0.423986
0.081529
0.050638
0.131813
0.069690
0.536888
0.134527
0.084895
0.134786
0.051683
0.131981
0.310496
0.160673
0.119998
0.267082
0.117377
0.136511
0.337391
0.268187
0.085241
0.192887
0.084684
0.214052
0.117458
0.239498
0.184368
0.170953
0.158065
0.244103
0.125394
0.116873
0.180161
0.138290
0.391197
0.175745
0.136200
0.064135
0.015930
0.123191
0.047678
0.198053
0.102052
0.080953
0.079849
0.092459
0.394455
0.172226
0.093330
0.113821
0.057009
0.013938
0.055007
0.045954
0.023517
0.062431
0.371389
0.062798
0.061128
0.039240
0.058357
0.514526
0.036966
0.057431
0.063837
0.198216
0.093009
0.135553
0.167006
0.048879
0.066874
0.251576
0.305207
0.070017
0.105399
0.045410
0.134962
0.075662
0.168593
0.090466
0.090523
0.077648
0.366374
0.065327
0.053881
0.096055
0.062747
0.429663
0.092564
0.059318
0.097129
0.021441
0.162998
0.080013
0.055418
0.046407
0.110307
0.361343
0.140454
0.076472
0.090317
0.040644
0.024056
0.051134
0.030477
0.014819
0.045245
0.416751
0.041897
0.028435
0.024062
0.029637
0.496267
0.022676
0.035620
0.087155
0.278575
0.015719
0.100382
0.076474
0.143191
0.495540
0.277090
0.050589
0.226710
0.056405
0.142579
0.114041
0.047444
0.064737
0.055150
0.569401
0.072697
0.096879
0.051061
0.073708
0.627962
0.050891
0.072631
0.125720
0.072643
0.063395
0.044247
0.139380
0.350698
0.126832
0.073934
0.126494
0.048602
0.049998
0.053632
0.050061
0.031688
0.053206
0.438820
0.045748
0.021291
0.025283
0.024975
0.561125
0.027965
0.044502
0.245292
0.160827
0.131115
0.370593
0.202194
0.067044
0.206569
0.155845
0.208137
0.170247
0.224205
0.219508
0.206791
0.186354
0.378655
0.138739
0.112462
0.195948
0.135140
0.528289
0.199209
0.165071
0.082887
0.061957
0.141836
0.490990
0.243548
0.035459
0.195700
0.044180
0.113939
0.099777
0.038029
0.056232
0.042382
0.536852
0.054436
0.076844
0.037359
0.055836
0.627711
0.040990
0.057145
0.017232
0.231473
0.375624
0.099090
0.033749
0.071609
0.083079
0.095304
0.149489
0.035142
0.055913
0.018081
0.449110
0.022527
0.022359
0.041783
0.017966
0.482742
0.043153
0.009664
0.211046
0.351644
0.102607
0.039746
0.078564
0.062339
0.090164
0.121141
0.035879
0.052617
0.020211
0.472189
0.021487
0.018451
0.038496
0.016738
0.501153
0.041169
0.015103
0.522968
0.400446
0.196700
0.312283
0.079553
0.087486
0.048185
0.115034
0.077858
0.156947
0.497192
0.170845
0.192520
0.108978
0.178863
0.597554
0.108694
0.172525
0.257388
0.449728
0.293892
0.438498
0.375897
0.444654
0.424131
0.401633
0.409327
0.495596
0.364163
0.328626
0.425076
0.357352
0.336661
0.421990
0.388548
0.177713
0.074030
0.237029
0.178602
0.267120
0.187292
0.186694
0.155615
0.405873
0.132282
0.083215
0.178898
0.103180
0.487983
0.179093
0.129792
0.155983
0.065677
0.107875
0.132879
0.034472
0.058776
0.018624
0.471609
0.026465
0.055459
0.030690
0.037368
0.573850
0.033606
0.026281
0.182136
0.132694
0.231496
0.113557
0.127653
0.114028
0.442511
0.108709
0.071846
0.140779
0.082628
0.396933
0.139122
0.093276
0.048258
0.032735
0.032304
0.026463
0.042487
0.463513
0.039188
0.063893
0.025111
0.053435
0.558155
0.028403
0.043635
0.041573
0.061732
0.033293
0.072501
0.333449
0.060585
0.066835
0.047987
0.068565
0.501960
0.046148
0.066343
0.082289
0.047302
0.101170
0.458577
0.096410
0.103345
0.055279
0.097794
0.599286
0.056283
0.098585
0.013746
0.013873
0.482078
0.026746
0.038438
0.015198
0.024270
0.508635
0.014741
0.018176
0.031209
0.434961
0.038118
0.040472
0.013384
0.033873
0.508724
0.013301
0.031406
0.453676
0.013308
0.032325
0.018784
0.020209
0.515692
0.021249
0.008354
0.399135
0.436691
0.455011
0.462794
0.612420
0.448544
0.445757
0.026177
0.026673
0.020545
0.499832
0.025504
0.010336
0.033588
0.008140
0.505295
0.036226
0.020614
0.022408
0.552402
0.005651
0.021366
0.514705
0.024439
0.014083
0.535635
0.504244
0.022224
