0.827722
0.772484
0.841651
0.681395
0.738657
0.708137
0.766609
0.841150
0.810796
0.643477
0.776211
0.829356
0.774566
0.840829
0.613294
0.761348
0.663053
0.504386
0.847117
0.790695
0.812434
0.691503
0.780600
0.670736
0.833225
0.797830
0.732986
0.887323
0.485331
0.741948
0.815465
0.654189
0.818132
0.816049
0.809153
0.852076
0.752681
0.672583
0.838588
0.811881
0.901877
0.911355
0.829002
0.890442
0.862343
0.783699
0.800449
0.853887
0.814675
0.532876
0.610487
0.637992
0.713482
0.601275
0.543595
0.713712
0.536058
0.592746
0.589131
0.417653
0.535063
0.630849
0.544849
0.515800
0.609092
0.720642
0.604490
0.444807
0.499720
0.469325
0.657657
0.503566
0.536297
0.620539
0.656550
0.528771
0.704459
0.561331
0.599277
0.510481
0.607183
0.512566
0.465271
0.515527
0.507117
0.690279
0.600951
0.598494
0.652605
0.707056
0.552981
0.663653
0.454569
0.597962
0.550429
0.588925
0.587184
0.608244
0.615097
0.797407
0.484868
0.679044
0.467621
0.677626
0.493938
0.650230
0.552368
0.525264
0.547317
0.530964
0.669815
0.613536
0.800568
0.672903
0.567722
0.676580
0.557061
0.520125
0.558325
0.444802
0.616641
0.814901
0.546845
0.724957
0.600028
0.583040
0.532480
0.488398
0.588243
0.552423
0.583790
0.546809
0.710928
0.694617
0.738415
0.605046
0.778506
0.691632
0.535305
0.631086
0.543724
0.377491
0.630022
0.419814
0.686728
0.801285
0.701848
0.796952
0.739271
0.589445
0.652035
0.743467
0.585691
0.663820
0.616107
0.548243
0.680153
0.636397
0.852655
0.722070
0.642236
0.604622
0.608255
0.706861
0.635029
0.645361
0.682385
0.873942
0.697961
0.737791
0.681611
0.655000
0.553664
0.605212
0.614377
0.568371
0.635367
0.633829
0.679339
0.755418
0.753191
0.684111
0.883504
0.708432
0.734950
0.781875
0.600489
0.590246
0.745752
0.586150
0.798259
0.644575
0.746668
0.573576
0.698401
0.616649
0.643056
0.711725
0.561959
0.587791
0.583086
0.609001
0.694170
0.766123
0.662188
0.606433
0.762828
0.622106
0.613297
0.578749
0.644650
0.581610
0.824918
0.577661
0.667189
0.623328
0.599636
0.571393
0.674225
0.756172
0.677536
0.565971
0.584839
0.638566
0.715647
0.594896
0.709856
0.772758
0.714346
0.731368
0.756037
0.542195
0.666458
0.704092
0.718533
0.809619
0.915047
0.787044
0.713133
0.808850
0.765803
0.727602
0.765047
0.775656
0.827615
0.811598
0.758687
0.620754
0.776984
0.639918
0.796415
0.686172
0.841024
0.754343
0.802861
0.740732
0.882700
0.873489
0.783871
0.547734
0.820468
0.676838
0.735095
0.810737
0.873733
0.854815
0.837602
0.868578
0.814941
0.847119
0.891368
0.882245
0.649345
0.802453
0.848974
0.812752
0.821585
0.733714
0.788474
0.586632
0.570520
0.684913
0.518874
0.667952
0.539152
0.620607
0.551516
0.608483
0.612509
0.536114
0.771794
0.652700
0.578270
0.710674
0.523518
0.613471
0.371974
0.568277
0.461046
0.725731
0.674222
0.721706
0.579906
0.548582
0.622713
0.673428
0.592636
0.497320
0.590208
0.444233
0.584417
0.744009
0.714160
0.736392
0.830312
0.700216
0.588287
0.609999
0.601604
0.564280
0.728221
0.458697
0.794031
0.667089
0.661455
0.724606
0.707824
0.603952
0.682393
0.595619
0.590090
0.625446
0.751690
0.764678
0.623292
0.617854
0.573212
0.676606
0.583901
0.650110
0.729155
0.638076
0.760919
0.701319
0.719481
0.681417
0.689786
0.737353
0.647861
0.609725
0.557040
0.579067
0.610848
0.772753
0.720628
0.704739
0.757334
0.674736
0.760032
0.612510
0.644484
0.693303
0.866033
0.742719
0.751277
0.571954
0.704527
0.692806
0.647769
0.573187
0.609196
0.641575
0.761871
0.862125
0.592287
0.645579
0.741155
0.577840
0.597658
0.653415
0.536823
0.497171
0.776726
0.623521
0.735629
0.603239
0.608437
0.565115
0.655791
0.696458
0.669154
0.698134
0.581713
0.708488
0.648598
0.715990
0.695551
0.768680
0.772795
0.411541
0.693004
0.556897
0.563998
0.720895
0.667023
0.638327
0.684638
0.553205
0.703920
0.581878
0.520107
0.629527
0.525610
0.699173
0.719784
0.630319
0.440511
0.637128
0.732999
0.573932
0.666792
0.692584
0.768730
0.645955
0.691532
0.710386
0.455949
0.518164
0.625699
0.595977
0.600893
0.601084
0.634096
0.760438
0.634834
0.722800
0.506774
0.663986
0.523294
0.717055
0.649689
0.660430
0.594900
0.768622
0.621140
0.656422
0.582239
0.529890
0.663022
0.479660
0.627860
0.219031
0.778238
0.745052
0.632561
0.690297
0.527993
0.609724
0.557081
0.538310
0.590023
0.704217
0.670337
0.596511
0.604807
0.497070
0.531156
0.613980
0.609414
0.566654
0.611670
0.442468
0.547889
0.666016
0.631950
0.747867
0.801889
0.735591
0.659889
0.668563
0.626260
0.481183
0.745225
0.673321
0.720382
0.643242
0.726186
0.622348
0.583338
0.651015
0.757919
0.775364
0.616322
0.759243
0.625418
0.721377
0.598808
0.746776
0.592714
0.732602
0.748792
0.732460
0.684499
0.756937
0.659439
0.735443
0.706629
0.754527
0.679005
0.697538
0.732594
0.759499
0.597138
0.777328
0.919516
0.720517
0.790598
0.507944
0.744294
0.744153
0.856610
0.752666
0.561976
0.659450
0.648824
0.570447
0.634179
0.802017
0.636111
0.516939
0.676498
0.552217
0.686804
0.447391
0.542032
0.666615
0.723184
0.531930
0.852762
0.577869
0.589396
0.547127
0.644814
0.496886
0.447167
0.601280
0.515671
0.723615
0.786949
0.715081
0.691030
0.788381
0.560547
0.566500
0.564199
0.585397
0.590601
0.709367
0.491354
0.607946
0.607701
0.692764
0.579116
0.827850
0.768923
0.499166
0.718666
0.596527
0.618149
0.607004
0.543018
0.646264
0.710592
0.595583
0.724549
0.597597
0.615715
0.596404
0.595931
0.655789
0.592445
0.510054
0.538910
0.696963
0.772066
0.583851
0.716611
0.802486
0.712551
0.633885
0.548125
0.666417
0.569257
0.766808
0.648845
0.573694
0.626938
0.657219
0.807158
0.658087
0.631896
0.712290
0.669249
0.612825
0.586233
0.597733
0.503178
0.811372
0.594557
0.761146
0.638576
0.593012
0.479265
0.492278
0.627525
0.572619
0.626535
0.591799
0.765552
0.767705
0.723112
0.592759
0.756258
0.670396
0.586670
0.728803
0.600009
0.522125
0.582641
0.549620
0.563193
0.509819
0.699196
0.573633
0.690246
0.596477
0.610260
0.533718
0.497568
0.545563
0.561741
0.635483
0.700014
0.518520
0.648899
0.522856
0.419576
0.590268
0.607846
0.535646
0.660922
0.479481
0.633597
0.564813
0.623904
0.658218
0.714012
0.790585
0.736034
0.714941
0.589946
0.434951
0.757737
0.590183
0.637593
0.714534
0.650439
0.543634
0.609603
0.461429
0.611679
0.402128
0.704255
0.587541
0.646857
0.617722
0.637278
0.633710
0.707047
0.448519
0.694149
0.455605
0.586743
0.598953
0.576491
0.641989
0.653205
0.598459
0.604921
0.831597
0.660542
0.695358
0.624396
0.427096
0.691815
0.744258
0.634559
0.702818
0.807515
0.693790
0.611688
0.593966
0.672558
0.538455
0.659982
0.646939
0.733696
0.755321
0.619519
0.675509
0.561481
0.562638
0.588718
0.646759
0.641292
0.628313
0.527643
0.642045
0.695020
0.695123
0.749187
0.791061
0.707717
0.728702
0.700549
0.746434
0.524580
0.788529
0.692205
0.844645
0.736223
0.705212
0.653598
0.841623
0.575073
0.828375
0.808149
0.733899
0.796211
0.684050
0.779131
0.840130
0.671976
0.788064
0.723363
0.771576
0.802368
0.777933
0.677297
0.810635
0.804920
0.825663
0.904495
0.754772
0.850594
0.905270
0.781643
0.796102
0.718623
0.797777
0.710130
0.649432
0.633785
0.717772
0.602824
0.656602
0.662049
0.794697
0.604735
0.798314
0.657834
0.674494
0.683387
0.804478
0.693653
0.614403
0.815422
0.649764
0.700060
0.692786
0.831346
0.743537
0.761029
0.699720
0.737654
0.772509
0.602407
0.576921
0.680543
0.698966
0.662602
0.344484
0.673987
0.499507
0.545099
0.592496
0.700111
0.618651
0.746923
0.583946
0.628455
0.570310
0.657241
0.478485
0.509699
0.503447
0.510008
0.645872
0.746918
0.628729
0.638125
0.848878
0.520508
0.626210
0.608780
0.540893
0.594565
0.708820
0.520500
0.582732
0.745571
0.619872
0.691984
0.785562
0.689687
0.705808
0.646419
0.687652
0.506538
0.623449
0.705995
0.581663
0.595445
0.658068
0.590725
0.713076
0.545681
0.789521
0.648462
0.579304
0.692990
0.768979
0.716477
0.678193
0.640211
0.714423
0.765384
0.643938
0.420922
0.584584
0.608956
0.615095
0.669630
0.668068
0.517402
0.639872
0.600621
0.680334
0.421836
0.498600
0.569443
0.477639
0.501774
0.679967
0.648106
0.721253
0.845448
0.625029
0.612588
0.699699
0.492988
0.628306
0.680379
0.593748
0.597427
0.597848
0.555306
0.756661
0.650641
0.752921
0.597279
0.588140
0.569200
0.577460
0.683526
0.588623
0.647030
0.629742
0.696013
0.697614
0.682224
0.698927
0.627668
0.747058
0.767709
0.695609
0.591720
0.571134
0.836140
0.646656
0.552064
0.550856
0.685450
0.611936
0.689751
0.575946
0.583640
0.527600
0.659770
0.297618
0.394165
0.531365
0.451912
0.578721
0.685795
0.639924
0.648799
0.800244
0.639245
0.610812
0.655308
0.500995
0.537874
0.695134
0.503865
0.576891
0.766096
0.680748
0.770380
0.630808
0.545577
0.540921
0.674170
0.643722
0.506698
0.608795
0.535167
0.663664
0.666479
0.761873
0.617129
0.782376
0.696143
0.560556
0.674998
0.633247
0.579522
0.612545
0.612633
0.805751
0.750462
0.777753
0.579764
0.598526
0.493626
0.626815
0.694683
0.681088
0.633178
0.482812
0.694898
0.770055
0.597865
0.753462
0.823600
0.747355
0.728907
0.609599
0.597863
0.642004
0.772248
0.638170
0.788470
0.722290
0.703201
0.797250
0.787335
0.861362
0.731471
0.734960
0.760172
0.711028
0.729432
0.760257
0.725862
0.825291
0.892031
0.832454
0.823723
0.741608
0.714882
0.782686
0.840427
0.858944
0.802146
0.744493
0.674095
0.613038
0.652840
0.645773
0.594064
0.655249
0.609378
0.791734
0.786815
0.703353
0.639925
0.789332
0.602963
0.568312
0.615290
0.601537
0.569703
0.620210
0.594651
0.692031
0.761540
0.652117
0.786584
0.779687
0.803612
0.756857
0.693402
0.732757
0.681319
0.735263
0.825051
0.819354
0.783070
0.885780
0.840640
0.689544
0.682603
0.764144
0.772849
0.672894
0.551512
0.644721
0.649496
0.677037
0.641404
0.650633
0.684812
0.566648
0.644649
0.737171
0.781710
0.671409
0.673523
0.736268
0.543481
0.629862
0.707488
0.677965
0.557650
0.641275
0.628641
0.490395
0.609718
0.407826
0.638436
0.570889
0.730163
0.608070
0.546049
0.729740
0.689814
0.675272
0.648364
0.527036
0.740193
0.638886
0.477347
0.610416
0.547257
0.605833
0.503269
0.730629
0.673872
0.586751
0.597658
0.749868
0.638335
0.587433
0.606099
0.537236
0.548066
0.696168
0.564038
0.686577
0.648843
0.685244
0.644689
0.772435
0.689954
0.730026
0.649965
0.682170
0.733650
0.679613
0.700582
0.636110
0.544128
0.748426
0.630408
0.430334
0.594959
0.483601
0.683443
0.693492
0.754003
0.687669
0.764437
0.637200
0.644268
0.669810
0.561232
0.545320
0.695792
0.503110
0.557834
0.421137
0.599242
0.646337
0.726821
0.605788
0.653806
0.641529
0.572519
0.592054
0.572002
0.498221
0.661408
0.534494
0.554081
0.647321
0.759405
0.655505
0.586748
0.747977
0.661494
0.629938
0.612361
0.559683
0.617347
0.752441
0.649970
0.553998
0.663989
0.644125
0.692012
0.695665
0.709574
0.632569
0.626407
0.605274
0.464107
0.685915
0.587523
0.778112
0.760713
0.746514
0.905742
0.755414
0.828746
0.821083
0.497738
0.708498
0.768773
0.767294
0.806372
0.677924
0.671070
0.730730
0.858382
0.810781
0.756187
0.633774
0.846975
0.853204
0.823493
0.847668
0.788110
0.789576
0.630833
0.696148
0.725694
0.858745
0.797909
0.798822
0.732341
0.644486
0.736232
0.554782
0.593468
0.757780
0.658206
0.855079
0.819413
0.772396
0.855156
0.736753
0.851959
0.838847
0.706466
0.644628
0.672019
0.731596
0.698031
0.734449
0.629598
0.649293
0.623246
0.578357
0.635669
0.750843
0.720342
0.858832
0.702474
0.614302
0.674186
0.551795
0.658988
0.540112
0.700044
