0.682972
0.110461
0.047032
0.565891
0.136513
0.119511
0.114250
0.174509
0.104587
0.293681
0.182381
0.137504
0.113687
0.110098
0.159053
0.126348
0.129660
0.148218
0.140343
0.095124
0.127701
0.550789
0.144362
0.137528
0.128131
0.063333
0.118619
0.072745
0.124700
0.124974
0.174593
0.111669
0.118929
0.124681
0.124511
0.111062
0.114003
0.121593
0.159679
0.125911
0.131685
0.145652
0.216208
0.114981
0.076675
0.073963
0.105801
0.192034
0.229231
0.644110
0.612521
0.538863
0.651453
0.590328
0.600026
0.584545
0.603282
0.533099
0.660304
0.613714
0.593112
0.637825
0.584461
0.472308
0.654094
0.617377
0.700632
0.625400
0.619408
0.452590
0.602102
0.575014
0.670029
0.644844
0.664050
0.658991
0.610546
0.622367
0.601389
0.630442
0.641688
0.645995
0.624712
0.652414
0.609829
0.605651
0.570893
0.621161
0.619071
0.665092
0.685019
0.599099
0.600381
0.673026
0.593930
0.684496
0.532524
0.050194
0.574886
0.009061
0.015121
0.023378
0.051802
0.044595
0.243330
0.036045
0.018640
0.015675
0.041612
0.034718
0.103446
0.085588
0.036253
0.171268
0.034919
0.063720
0.591188
0.056630
0.023047
0.072522
0.054622
0.160299
0.060821
0.014498
0.015481
0.055082
0.031420
0.056592
0.076697
0.017345
0.055436
0.014520
0.023832
0.023269
0.008789
0.014618
0.160790
0.109043
0.022623
0.033785
0.028646
0.016555
0.041666
0.161177
0.498437
0.072401
0.056929
0.055508
0.099485
0.039925
0.221020
0.126406
0.078196
0.053254
0.078471
0.092535
0.066840
0.119086
0.097228
0.139204
0.062266
0.099786
0.488315
0.112278
0.061566
0.102304
0.041922
0.131929
0.060956
0.058114
0.060470
0.086183
0.078734
0.092793
0.112306
0.066398
0.083328
0.061247
0.068756
0.083923
0.059861
0.070806
0.151246
0.196983
0.063607
0.041358
0.043211
0.042888
0.136474
0.143352
0.593631
0.560156
0.550364
0.623856
0.535373
0.580152
0.625216
0.575527
0.544355
0.574184
0.534000
0.352749
0.627667
0.571992
0.536619
0.547416
0.567539
0.405709
0.542747
0.539235
0.614248
0.521062
0.532768
0.532223
0.593401
0.561244
0.608288
0.555600
0.582909
0.566507
0.558566
0.561132
0.550842
0.565437
0.586454
0.555314
0.566533
0.580059
0.672988
0.553092
0.513721
0.546324
0.514091
0.634972
0.481630
0.014367
0.033652
0.060885
0.063560
0.264992
0.018070
0.012413
0.018517
0.042335
0.030231
0.130941
0.079173
0.024438
0.178661
0.037404
0.054986
0.616838
0.049036
0.024994
0.068583
0.068419
0.172658
0.072349
0.015158
0.016416
0.065157
0.029037
0.054363
0.072460
0.016087
0.054580
0.014820
0.017769
0.022702
0.010730
0.009065
0.159532
0.088791
0.023840
0.041635
0.039867
0.023447
0.024094
0.183837
0.020833
0.062153
0.054095
0.254382
0.034751
0.009767
0.008355
0.024054
0.036130
0.100067
0.057290
0.017927
0.145415
0.022643
0.034136
0.575945
0.032402
0.027541
0.048880
0.044552
0.137442
0.057797
0.009009
0.029874
0.069754
0.029264
0.033127
0.053378
0.012150
0.037682
0.008966
0.012479
0.019493
0.013013
0.011821
0.120946
0.084547
0.007451
0.024131
0.030496
0.016915
0.041775
0.182464
0.045003
0.033320
0.221187
0.066594
0.042126
0.021743
0.037271
0.074198
0.072698
0.068196
0.052707
0.151197
0.046112
0.065684
0.561987
0.055195
0.057450
0.056031
0.044470
0.141313
0.065571
0.018039
0.047781
0.053608
0.056839
0.052167
0.072269
0.027573
0.057411
0.026231
0.047343
0.035288
0.028912
0.040136
0.124856
0.118090
0.022816
0.047025
0.041090
0.025067
0.067521
0.165229
0.060812
0.181982
0.099515
0.089196
0.066969
0.109018
0.111675
0.122957
0.136622
0.112843
0.264382
0.117742
0.148816
0.579793
0.136492
0.078519
0.139947
0.121237
0.251842
0.155617
0.046844
0.054788
0.016379
0.105277
0.138403
0.166959
0.079849
0.147904
0.074900
0.096738
0.035079
0.063065
0.074077
0.232604
0.182314
0.079495
0.114355
0.116974
0.068809
0.100967
0.123736
0.191826
0.106420
0.082259
0.046258
0.076626
0.104057
0.066790
0.102749
0.100217
0.148907
0.075739
0.107437
0.490388
0.120092
0.074664
0.084787
0.049310
0.148265
0.079313
0.045181
0.056815
0.042853
0.089925
0.089634
0.108377
0.047181
0.084217
0.051466
0.085563
0.060314
0.054973
0.073978
0.140405
0.197634
0.066109
0.070818
0.067051
0.034621
0.115074
0.141940
0.332865
0.294121
0.249201
0.299638
0.301033
0.193956
0.326487
0.324616
0.380361
0.308127
0.342653
0.452792
0.336849
0.260829
0.317598
0.268002
0.388514
0.317107
0.228462
0.251071
0.182953
0.327306
0.325453
0.352896
0.281563
0.339093
0.268817
0.290579
0.237067
0.253444
0.283172
0.375220
0.423395
0.265110
0.297269
0.302733
0.242117
0.342219
0.222923
0.021339
0.046480
0.061850
0.036655
0.176119
0.088368
0.021788
0.202897
0.057361
0.055406
0.665216
0.048022
0.050854
0.082103
0.100757
0.202698
0.099523
0.044153
0.035665
0.104331
0.037820
0.065256
0.076452
0.024874
0.066032
0.033561
0.030722
0.041996
0.033535
0.021900
0.167532
0.065567
0.043836
0.067860
0.062966
0.056573
0.010905
0.225037
0.016792
0.030902
0.017561
0.128537
0.071023
0.009295
0.166030
0.021735
0.033870
0.618833
0.028283
0.020626
0.059056
0.063958
0.152075
0.062691
0.021247
0.030041
0.096716
0.018229
0.035242
0.051112
0.014379
0.037031
0.011287
0.007272
0.027390
0.014003
0.007125
0.144599
0.067449
0.014905
0.026300
0.033558
0.025415
0.029136
0.211066
0.019523
0.041475
0.091827
0.052594
0.023630
0.123459
0.015044
0.038273
0.539476
0.038860
0.028495
0.044205
0.035593
0.108176
0.041215
0.009083
0.032158
0.072848
0.030238
0.029817
0.045906
0.012444
0.030517
0.005117
0.021054
0.026899
0.017102
0.018055
0.113469
0.106559
0.011922
0.019237
0.032611
0.007786
0.056597
0.195736
0.071475
0.125295
0.021807
0.026785
0.091755
0.010958
0.021109
0.574508
0.027458
0.071084
0.021321
0.031327
0.075573
0.030396
0.028977
0.070685
0.123913
0.039387
0.008954
0.016762
0.024809
0.012126
0.019661
0.033387
0.059678
0.041047
0.037574
0.071383
0.075565
0.013846
0.029003
0.032178
0.035608
0.064702
0.274981
0.125563
0.124499
0.028026
0.213710
0.047664
0.062808
0.593200
0.051717
0.012482
0.113556
0.098450
0.194169
0.089285
0.052018
0.028551
0.111817
0.029149
0.074401
0.087802
0.034815
0.075799
0.030509
0.020986
0.042777
0.025695
0.015628
0.208588
0.096287
0.046404
0.042597
0.058401
0.043065
0.048338
0.182649
0.164815
0.139305
0.178140
0.112678
0.140974
0.397516
0.132267
0.107807
0.152113
0.082691
0.167722
0.110675
0.110482
0.108585
0.117223
0.120460
0.138042
0.148773
0.102584
0.132249
0.098919
0.126468
0.111786
0.101095
0.119484
0.182077
0.242665
0.103898
0.091044
0.104501
0.076293
0.180176
0.124966
0.055544
0.077090
0.038251
0.032351
0.571857
0.057729
0.126796
0.016896
0.045804
0.067787
0.049434
0.058529
0.108885
0.153559
0.074111
0.023360
0.024706
0.051746
0.032830
0.051586
0.070152
0.098997
0.085256
0.079116
0.043890
0.082672
0.047534
0.067358
0.068433
0.072577
0.095610
0.321378
0.146399
0.023225
0.020516
0.611274
0.018416
0.041034
0.051831
0.065158
0.136829
0.062518
0.031680
0.043368
0.121544
0.025192
0.029139
0.038745
0.015266
0.031313
0.018258
0.013410
0.042482
0.028075
0.014625
0.120915
0.056875
0.016498
0.032951
0.041817
0.040384
0.028983
0.246143
0.090864
0.090003
0.453195
0.141914
0.210335
0.070411
0.048706
0.029179
0.057170
0.148758
0.199216
0.258656
0.163349
0.076941
0.068973
0.126851
0.076814
0.130021
0.153434
0.214958
0.174058
0.173334
0.033580
0.223793
0.133847
0.105901
0.110481
0.128933
0.217628
0.379879
0.018505
0.557336
0.028472
0.047198
0.032471
0.025138
0.070374
0.017064
0.032379
0.055005
0.125487
0.020857
0.012413
0.018368
0.021636
0.011961
0.012693
0.022671
0.058179
0.033318
0.028083
0.086329
0.084120
0.019239
0.009978
0.021282
0.022284
0.068813
0.245985
0.557069
0.020386
0.077363
0.034598
0.043080
0.085889
0.038460
0.051756
0.076783
0.160997
0.042220
0.012390
0.016773
0.031974
0.021837
0.030745
0.028304
0.077267
0.052632
0.040363
0.071124
0.062012
0.027087
0.032910
0.043509
0.052561
0.068045
0.278884
0.611883
0.569044
0.591354
0.501249
0.479978
0.521576
0.571410
0.559761
0.563715
0.620602
0.582651
0.577811
0.574998
0.589104
0.565294
0.585178
0.582294
0.581970
0.597036
0.531512
0.749950
0.575207
0.536436
0.604378
0.525661
0.691602
0.525785
0.069935
0.057716
0.064599
0.124819
0.055591
0.051898
0.077648
0.157923
0.038803
0.028027
0.031682
0.034858
0.034317
0.030631
0.030266
0.067499
0.048252
0.035102
0.110163
0.053361
0.020599
0.039129
0.043155
0.054649
0.054667
0.259083
0.111724
0.086517
0.188415
0.086493
0.036474
0.019544
0.077551
0.033351
0.080695
0.102379
0.035605
0.079858
0.026078
0.024356
0.029528
0.019850
0.017042
0.210097
0.129295
0.043069
0.034997
0.055089
0.025381
0.064517
0.148472
0.035493
0.069392
0.043363
0.049150
0.104989
0.143385
0.068917
0.014758
0.020847
0.041132
0.018975
0.043918
0.063847
0.095281
0.073728
0.075253
0.040314
0.094136
0.041649
0.056660
0.054247
0.057048
0.090270
0.315298
0.050255
0.015528
0.049288
0.078736
0.118646
0.061173
0.030461
0.036538
0.040189
0.029453
0.038174
0.058760
0.087396
0.060940
0.065229
0.055666
0.142558
0.043261
0.027069
0.027004
0.034823
0.111269
0.218450
0.041797
0.142294
0.192029
0.256956
0.133988
0.066729
0.056063
0.123909
0.064523
0.112951
0.145007
0.198488
0.165372
0.161483
0.053013
0.205743
0.122560
0.084377
0.101929
0.112957
0.217256
0.373528
0.064388
0.087104
0.158595
0.050003
0.027738
0.026774
0.046254
0.024482
0.038975
0.057287
0.106063
0.066598
0.066533
0.070748
0.125693
0.049474
0.024331
0.025395
0.039994
0.113930
0.253014
0.032079
0.049503
0.047046
0.041626
0.063798
0.018767
0.047897
0.015565
0.024598
0.021882
0.018608
0.021178
0.127531
0.104561
0.015423
0.038224
0.042014
0.021470
0.050865
0.188987
0.053331
0.036503
0.085735
0.103521
0.028075
0.083061
0.028143
0.029897
0.026187
0.015605
0.016491
0.193194
0.126108
0.045064
0.047800
0.054346
0.029814
0.047300
0.136529
0.115814
0.147633
0.175456
0.077058
0.151358
0.080661
0.104609
0.044293
0.068459
0.080113
0.236831
0.208869
0.095034
0.118254
0.119608
0.069848
0.110010
0.116198
0.044708
0.050158
0.025795
0.038685
0.019353
0.025527
0.045783
0.026562
0.020832
0.144250
0.076342
0.033659
0.024704
0.033900
0.030050
0.046660
0.213775
0.006706
0.028992
0.008439
0.025620
0.036449
0.076420
0.053480
0.047985
0.058658
0.071569
0.024157
0.030390
0.038110
0.043470
0.075926
0.293042
0.040495
0.010669
0.038373
0.052518
0.099920
0.073415
0.063618
0.052175
0.075525
0.040510
0.040689
0.048306
0.058035
0.088027
0.319791
0.027662
0.007697
0.021627
0.031246
0.017651
0.015657
0.109008
0.084046
0.016379
0.028795
0.029275
0.017239
0.033528
0.198283
0.027350
0.041342
0.081312
0.052962
0.049266
0.061175
0.090013
0.028126
0.028608
0.031816
0.039195
0.073714
0.296310
0.017236
0.027801
0.014246
0.012699
0.116033
0.085203
0.013658
0.018435
0.027966
0.009023
0.044350
0.192966
0.036699
0.016319
0.008393
0.139008
0.074653
0.017082
0.023479
0.033857
0.030227
0.041625
0.204580
0.023194
0.020807
0.187400
0.114585
0.033272
0.055842
0.071084
0.033720
0.045659
0.156342
0.009198
0.161631
0.099306
0.020559
0.034659
0.033067
0.019289
0.037583
0.171768
0.159853
0.081457
0.019574
0.029003
0.036622
0.024973
0.028031
0.182221
0.162633
0.107651
0.109332
0.106055
0.127834
0.176784
0.378221
0.075965
0.110992
0.099139
0.128384
0.066863
0.335539
0.025806
0.029126
0.025568
0.048148
0.218025
0.020517
0.020015
0.081449
0.199777
0.031371
0.067024
0.201654
0.069905
0.162196
0.238154
