0.060442
0.044103
0.431557
0.161513
0.469655
0.137860
0.092261
0.027663
0.232280
0.487035
0.194683
0.042492
0.435933
0.097854
0.145333
0.075539
0.165952
0.518455
0.060488
0.064864
0.066875
0.186203
0.054026
0.117275
0.072343
0.105722
0.142044
0.101038
0.366570
0.051360
0.128311
0.081547
0.049057
0.155607
0.058743
0.091723
0.240646
0.119604
0.201201
0.042436
0.220869
0.070082
0.117445
0.065516
0.064963
0.046062
0.078311
0.091049
0.185406
0.069682
0.394645
0.051546
0.391149
0.200040
0.064321
0.085003
0.220666
0.519706
0.106817
0.041350
0.377985
0.133982
0.047384
0.037528
0.084837
0.613446
0.051194
0.028500
0.087882
0.113506
0.061365
0.038871
0.051934
0.099949
0.060535
0.039831
0.252817
0.027796
0.047207
0.031695
0.034600
0.049047
0.018952
0.030410
0.303352
0.044268
0.099692
0.027817
0.111919
0.018278
0.045299
0.020180
0.044446
0.050711
0.025472
0.027369
0.071761
0.337997
0.137289
0.356245
0.110742
0.036039
0.057353
0.139971
0.460008
0.125689
0.025988
0.352969
0.102451
0.136490
0.055715
0.095126
0.455355
0.053012
0.090588
0.088232
0.120040
0.024694
0.093387
0.034259
0.102595
0.099861
0.094154
0.284372
0.047462
0.094236
0.052123
0.076679
0.127699
0.040887
0.101201
0.243456
0.123712
0.178597
0.066589
0.156111
0.070974
0.074987
0.063163
0.056366
0.059184
0.069056
0.094461
0.163021
0.350559
0.125613
0.394719
0.283055
0.491853
0.123280
0.550862
0.223437
0.374907
0.310020
0.525355
0.337349
0.322964
0.233102
0.572486
0.347982
0.431675
0.513256
0.250160
0.397391
0.300260
0.302521
0.453286
0.308809
0.363867
0.150918
0.404563
0.272054
0.303255
0.446625
0.317654
0.343506
0.409263
0.506382
0.358213
0.316989
0.447037
0.228058
0.357780
0.267046
0.360550
0.387822
0.452557
0.346933
0.364073
0.339575
0.339717
0.306053
0.095091
0.185381
0.229598
0.571892
0.096437
0.100363
0.383904
0.220272
0.025381
0.075632
0.056139
0.685512
0.080132
0.072909
0.150254
0.121392
0.136614
0.027661
0.094262
0.193268
0.050195
0.035086
0.174015
0.083891
0.038538
0.044734
0.093975
0.019311
0.065219
0.053499
0.411593
0.054490
0.094611
0.102208
0.051791
0.048063
0.040143
0.053234
0.073534
0.102409
0.038145
0.036115
0.016229
0.409193
0.266303
0.527845
0.174032
0.506185
0.176806
0.398131
0.135353
0.519761
0.343053
0.304972
0.251305
0.562075
0.402129
0.455840
0.550754
0.196085
0.390211
0.319540
0.310594
0.415344
0.252946
0.366837
0.115081
0.386250
0.262230
0.292953
0.473929
0.293292
0.346954
0.426882
0.508336
0.405579
0.326670
0.462721
0.192364
0.383298
0.274702
0.366416
0.420520
0.480922
0.341675
0.382627
0.341364
0.125928
0.147011
0.194770
0.301523
0.221880
0.156964
0.336165
0.184003
0.279969
0.154587
0.233617
0.378545
0.178132
0.230305
0.229187
0.205814
0.146069
0.257481
0.127125
0.196383
0.218137
0.257370
0.349761
0.189978
0.212116
0.182561
0.215383
0.270552
0.176823
0.259974
0.145762
0.260478
0.283237
0.184076
0.270600
0.218220
0.205698
0.208993
0.198090
0.206463
0.222235
0.223976
0.339704
0.113687
0.116534
0.451520
0.065209
0.045581
0.258781
0.167597
0.100035
0.022888
0.046727
0.506752
0.066373
0.102035
0.132953
0.054848
0.046975
0.067430
0.022341
0.103712
0.042256
0.067388
0.171514
0.052905
0.051153
0.024274
0.093433
0.067739
0.044170
0.110778
0.297493
0.108007
0.138869
0.080759
0.078371
0.070821
0.032073
0.063604
0.072059
0.091569
0.047927
0.078690
0.109152
0.276320
0.532091
0.250342
0.052052
0.491108
0.087139
0.169751
0.102419
0.182519
0.535494
0.057949
0.062556
0.031283
0.245486
0.071136
0.138017
0.084093
0.152272
0.178258
0.112599
0.425051
0.067906
0.166760
0.105309
0.041212
0.190796
0.085528
0.103477
0.282674
0.128129
0.236550
0.040571
0.265712
0.081759
0.149044
0.081012
0.052674
0.027376
0.101157
0.099239
0.215873
0.487150
0.113165
0.191027
0.292041
0.337535
0.196877
0.168534
0.112540
0.473208
0.194348
0.250112
0.301674
0.154421
0.188974
0.178927
0.125090
0.295197
0.177913
0.213498
0.163069
0.225369
0.135014
0.156007
0.256524
0.191618
0.156097
0.242857
0.308154
0.207743
0.206831
0.249820
0.152665
0.195814
0.138776
0.183662
0.211656
0.252011
0.195458
0.205215
0.219445
0.453917
0.514481
0.408965
0.427662
0.572250
0.478825
0.552378
0.364689
0.535790
0.596246
0.624788
0.414094
0.494564
0.569257
0.485095
0.469695
0.480206
0.595653
0.512778
0.526278
0.493810
0.503580
0.611203
0.550647
0.507660
0.578688
0.292124
0.597814
0.529374
0.570823
0.481321
0.561091
0.511335
0.546772
0.550624
0.587927
0.552200
0.556475
0.611439
0.125566
0.182184
0.265690
0.087835
0.078357
0.065110
0.605397
0.156007
0.156129
0.259830
0.040754
0.124587
0.072775
0.074328
0.169738
0.046051
0.114021
0.090892
0.116335
0.035912
0.060693
0.180334
0.055378
0.078456
0.134318
0.345771
0.124435
0.091267
0.157835
0.049556
0.107177
0.048831
0.091057
0.148986
0.197307
0.088196
0.114840
0.101306
0.368570
0.100407
0.106659
0.041150
0.087316
0.572089
0.033147
0.049659
0.066149
0.128701
0.036025
0.059081
0.034700
0.092238
0.080627
0.055360
0.292994
0.022853
0.082221
0.035770
0.038232
0.095694
0.029805
0.066361
0.311117
0.083471
0.137089
0.032938
0.147997
0.044714
0.058930
0.035170
0.029210
0.042522
0.037880
0.055988
0.125323
0.440345
0.391985
0.272423
0.306690
0.638354
0.420196
0.454677
0.537248
0.175570
0.350241
0.346712
0.305259
0.340152
0.227336
0.370541
0.212351
0.354938
0.296962
0.295001
0.458153
0.315490
0.352951
0.444536
0.491332
0.443351
0.315751
0.428046
0.252596
0.405836
0.298547
0.368134
0.436311
0.482881
0.332683
0.401507
0.387995
0.241683
0.163932
0.248750
0.532746
0.141095
0.143092
0.123510
0.245247
0.111786
0.192859
0.157259
0.141594
0.198683
0.195341
0.451646
0.107498
0.222948
0.156943
0.137333
0.240277
0.137846
0.145580
0.254992
0.208450
0.230587
0.122698
0.289225
0.152038
0.207220
0.134842
0.125527
0.115232
0.153308
0.161508
0.275586
0.081613
0.062198
0.680877
0.081096
0.049107
0.139635
0.140248
0.137072
0.028183
0.074881
0.219187
0.068581
0.040662
0.182716
0.094628
0.023598
0.052960
0.078077
0.022867
0.054072
0.039652
0.383017
0.025220
0.081579
0.081654
0.075060
0.028544
0.040560
0.038455
0.068449
0.091675
0.047438
0.026989
0.027011
0.061652
0.568523
0.055616
0.075508
0.120703
0.063694
0.048743
0.052304
0.039428
0.091999
0.032922
0.044304
0.185539
0.033340
0.047023
0.014457
0.062706
0.053825
0.036203
0.083934
0.307776
0.091962
0.126742
0.058214
0.080308
0.053282
0.032999
0.044285
0.067590
0.080413
0.026176
0.051729
0.091303
0.601348
0.072421
0.102338
0.159790
0.088518
0.113966
0.031518
0.048590
0.199917
0.061051
0.050512
0.132290
0.097411
0.036920
0.037544
0.111311
0.045417
0.068511
0.106703
0.401206
0.072439
0.121940
0.115146
0.049683
0.066416
0.022706
0.065691
0.077847
0.119400
0.057096
0.067727
0.053050
0.559669
0.673152
0.626375
0.544844
0.531734
0.668339
0.544090
0.534880
0.617286
0.674025
0.630797
0.591042
0.610442
0.584104
0.660758
0.672216
0.574957
0.672540
0.321746
0.697240
0.743981
0.644214
0.597952
0.634646
0.601657
0.637431
0.595139
0.603373
0.650568
0.666230
0.719877
0.041643
0.050105
0.171643
0.082413
0.051393
0.045501
0.166229
0.100184
0.037397
0.280442
0.058055
0.080394
0.045663
0.033701
0.092955
0.053766
0.064776
0.329904
0.059253
0.148956
0.046607
0.137767
0.035526
0.056037
0.045451
0.015871
0.032756
0.044474
0.040698
0.098808
0.045907
0.194272
0.088746
0.042541
0.058547
0.162496
0.106168
0.038675
0.313787
0.046274
0.071730
0.055220
0.012160
0.076477
0.042301
0.023125
0.351627
0.026319
0.114477
0.013547
0.163284
0.011833
0.069475
0.018104
0.023636
0.025054
0.039901
0.021131
0.088233
0.277312
0.101819
0.115552
0.092895
0.201470
0.183926
0.079603
0.426878
0.083255
0.162587
0.110068
0.030360
0.172575
0.098442
0.089497
0.376252
0.098181
0.222327
0.046319
0.259889
0.068123
0.142454
0.076074
0.035764
0.013878
0.096299
0.081846
0.168910
0.106533
0.106533
0.098849
0.117654
0.048605
0.137070
0.099319
0.109706
0.071101
0.064759
0.197110
0.078640
0.091501
0.169670
0.331969
0.178422
0.152525
0.171471
0.052836
0.140476
0.063322
0.121562
0.180839
0.209935
0.093615
0.145302
0.131250
0.095080
0.055021
0.073835
0.084811
0.096417
0.292894
0.032181
0.096417
0.049506
0.075292
0.117196
0.037470
0.091679
0.254962
0.130746
0.168572
0.058596
0.161462
0.072206
0.081008
0.058469
0.080557
0.068531
0.061347
0.096198
0.158622
0.049343
0.163806
0.050538
0.022264
0.176587
0.053320
0.024537
0.022064
0.059874
0.024825
0.039646
0.042498
0.392216
0.032959
0.084343
0.062757
0.065378
0.023509
0.020714
0.021272
0.044758
0.076203
0.022810
0.027450
0.034438
0.133639
0.067123
0.054677
0.211524
0.053500
0.042780
0.029832
0.060436
0.070369
0.034926
0.084389
0.303116
0.067843
0.128279
0.046057
0.107493
0.040362
0.033383
0.039764
0.041129
0.061671
0.048993
0.058528
0.109073
0.129058
0.176525
0.315007
0.055838
0.158876
0.101223
0.152794
0.171971
0.105592
0.157770
0.290980
0.207953
0.220577
0.119312
0.204456
0.148236
0.141363
0.129909
0.158803
0.164507
0.118916
0.166510
0.238487
0.054280
0.140997
0.063153
0.036030
0.024518
0.114996
0.025704
0.055858
0.086173
0.347025
0.106383
0.087601
0.104199
0.039745
0.073104
0.031976
0.060460
0.104286
0.126526
0.031661
0.064900
0.063706
0.224753
0.054495
0.048604
0.029155
0.038494
0.037709
0.050786
0.054252
0.411910
0.046525
0.116889
0.053402
0.091074
0.030632
0.035506
0.032845
0.038585
0.050383
0.018059
0.026611
0.036793
0.267325
0.127478
0.165717
0.337893
0.133172
0.231357
0.282042
0.466393
0.250283
0.217266
0.327400
0.065225
0.247225
0.140042
0.237436
0.297446
0.354763
0.206752
0.231319
0.165852
0.070076
0.025373
0.042638
0.077136
0.029333
0.051656
0.309120
0.085310
0.133210
0.032604
0.130947
0.041940
0.058561
0.028861
0.046909
0.051315
0.027018
0.051706
0.113204
0.024076
0.095113
0.017591
0.039355
0.061450
0.328267
0.050760
0.084106
0.083547
0.039329
0.038159
0.015674
0.036773
0.075680
0.108438
0.038907
0.040146
0.047183
0.057579
0.029257
0.026261
0.055319
0.320926
0.064213
0.102509
0.052533
0.055213
0.032147
0.013415
0.024116
0.047497
0.066591
0.011809
0.033469
0.061486
0.097811
0.045587
0.044291
0.360920
0.050096
0.153007
0.012180
0.183710
0.025737
0.081976
0.029406
0.025455
0.015857
0.041912
0.032101
0.108296
0.052407
0.060184
0.390224
0.058162
0.083142
0.093313
0.033753
0.047227
0.019747
0.045700
0.087891
0.115605
0.030165
0.039530
0.021720
0.036479
0.282249
0.052715
0.100210
0.036432
0.101543
0.023569
0.037022
0.015317
0.044276
0.054635
0.027922
0.036729
0.079392
0.327679
0.032255
0.079222
0.044589
0.130549
0.018394
0.066872
0.019932
0.046773
0.051576
0.036837
0.021568
0.071611
0.378577
0.352941
0.327636
0.379284
0.330240
0.346854
0.318977
0.352144
0.342595
0.352856
0.339825
0.446451
0.079941
0.054833
0.126049
0.019131
0.055390
0.030865
0.042415
0.068479
0.053773
0.024486
0.058702
0.141428
0.121816
0.089308
0.091282
0.084703
0.137975
0.176146
0.090167
0.081638
0.100318
0.179024
0.024382
0.074031
0.026508
0.032465
0.025365
0.043173
0.040085
0.122497
0.112749
0.039031
0.106285
0.149954
0.192876
0.075346
0.094908
0.058023
0.036596
0.010927
0.024056
0.034455
0.025754
0.015396
0.062779
0.038712
0.061569
0.092954
0.024266
0.041100
0.045973
0.030435
0.042576
0.019357
0.017279
0.065398
0.020934
0.045455
0.034223
0.096744
0.053344
0.047682
0.121506
0.022346
0.048966
0.050444
