0.503057
0.940243
0.955985
0.559895
0.613828
0.758233
0.734081
0.665485
0.701466
0.695783
0.799126
0.189877
0.657620
0.629355
0.576603
0.565489
0.659737
0.595718
0.688381
0.623398
0.608319
0.614581
0.574845
0.582268
0.599119
0.675639
0.680075
0.663610
0.693521
0.552994
0.755823
0.357654
0.799939
0.576313
0.816134
0.670097
0.656452
0.580687
0.696169
0.891799
0.452454
0.594888
0.658660
0.732947
0.620899
0.697637
0.662647
0.666154
0.610405
0.944195
0.848183
0.524036
0.551258
0.613768
0.699876
0.509729
0.574736
0.546210
0.619419
0.487670
0.425367
0.517160
0.510702
0.452955
0.437702
0.364336
0.583256
0.555947
0.499562
0.493156
0.488586
0.366142
0.446085
0.462351
0.490456
0.651806
0.655937
0.422094
0.735170
0.490833
0.604688
0.436347
0.645235
0.469313
0.575438
0.770520
0.528500
0.849443
0.527494
0.461398
0.442859
0.635994
0.479051
0.493011
0.414429
0.478771
0.478186
1.051473
0.966452
0.963212
0.976996
0.795415
0.936983
1.043620
0.996592
0.990393
0.965851
0.917345
0.935983
0.890137
0.886623
0.872791
0.936690
0.927052
0.931773
0.981757
0.937393
0.918910
0.995104
0.940596
0.855665
0.968872
0.939245
0.911498
0.906195
0.844782
0.955710
1.042714
0.900568
0.890439
0.920538
0.896861
1.036963
1.026995
1.031096
0.940318
0.901944
0.987685
0.792925
0.996610
0.908050
0.961373
1.068982
0.953504
0.954466
0.953676
0.795660
0.902901
0.872473
0.750393
0.844952
0.827658
0.945479
0.871190
0.906155
0.933137
0.896851
0.831429
0.896031
0.917399
0.944368
0.784598
0.943028
0.881845
0.842400
0.892017
0.856057
0.918932
0.959613
0.944299
0.806360
0.994774
0.957953
0.816852
0.808958
0.883101
0.820649
0.983801
1.010195
0.841846
0.705872
0.996031
0.895016
0.830778
0.935430
0.923313
0.897438
0.933719
0.711499
0.872965
0.557953
0.712259
0.602475
0.699851
0.742844
0.706281
0.765730
0.498961
0.499762
0.570753
0.575619
0.507783
0.519260
0.579169
0.692327
0.497251
0.636715
0.621020
0.599455
0.594709
0.485477
0.563917
0.649136
0.673231
0.592207
0.568893
0.691945
0.519870
0.763520
0.566866
0.726251
0.511339
0.602110
0.670805
0.572851
0.787551
0.411578
0.523284
0.504281
0.579480
0.498190
0.611224
0.552364
0.586564
0.556289
0.756118
0.718866
0.681568
0.806354
0.670745
0.846962
0.639491
0.660237
0.577714
0.467284
0.638820
0.674292
0.595017
0.651563
0.466755
0.633210
0.567671
0.556378
0.622362
0.496243
0.524538
0.577478
0.590051
0.695244
0.515501
0.757433
0.727143
0.816916
0.599817
0.827136
0.724940
0.588416
0.807187
0.617251
0.897236
0.618560
0.509828
0.610622
0.719110
0.399888
0.687330
0.670915
0.698360
0.580572
0.748554
0.675341
0.516634
0.849004
0.745640
0.704549
0.683735
0.780038
0.778379
0.676700
0.647220
0.749454
0.761255
0.822116
0.684922
0.703681
0.768802
0.733182
0.672374
0.686952
0.771669
0.757421
0.842789
0.691313
0.808306
0.719529
0.619281
0.576972
0.656909
0.673780
0.743306
0.907335
0.703613
0.863737
0.658822
0.631822
0.618236
0.741996
0.684642
0.633706
0.725446
0.731592
0.699350
0.702751
0.852033
0.744794
0.813870
0.767131
0.633573
0.676318
0.676142
0.617897
0.679740
0.773572
0.696392
0.619882
0.815834
0.669808
0.722859
0.695741
0.641963
0.758971
0.723098
0.653216
0.805103
0.673244
0.762748
0.756943
0.919383
0.621132
0.775985
0.687794
0.718433
0.810620
0.693736
0.822329
0.621522
0.591403
0.653734
0.532377
0.684510
0.627895
0.633917
0.733926
0.654330
0.698742
0.690030
0.787521
0.689204
0.687972
0.549202
0.653677
0.620076
0.668501
0.578821
0.516888
0.654334
0.585461
0.631974
0.529890
0.540544
0.564633
0.657840
0.577411
0.595345
0.702801
0.547878
0.782790
0.607369
0.677751
0.541555
0.776512
0.732294
0.551228
0.867276
0.587728
0.716281
0.709344
0.565975
0.655522
0.757770
0.667467
0.673495
0.635838
0.457948
0.612905
0.805677
0.570724
0.659405
0.687240
0.766887
0.806744
0.722124
0.666163
0.668136
0.638505
0.821522
0.597776
0.671904
0.676920
0.667568
0.675201
0.652430
0.637559
0.731022
0.808749
0.704751
0.808890
0.687112
0.474803
0.551188
0.734991
0.667306
0.638783
0.951064
0.617746
0.835247
0.669291
0.607024
0.628087
0.837527
0.674644
0.718018
0.713591
0.615810
0.600292
0.756359
0.712115
0.660975
0.664201
0.628148
0.665885
0.623843
0.661628
0.770876
0.663146
0.698426
0.533469
0.640080
0.646319
0.530078
0.711889
0.667917
0.695665
0.579902
0.583898
0.749776
0.705321
0.759908
0.549135
0.877500
0.472362
0.709899
0.844131
0.692628
0.844611
0.681493
0.634129
0.660119
0.733031
0.522359
0.819718
0.670661
0.661381
0.729872
0.781352
0.738019
0.705075
0.760594
0.687353
0.632854
0.671845
0.731166
0.843992
0.733150
0.734467
0.732350
0.725968
0.757294
0.697740
0.699252
0.805330
0.800933
0.748992
0.852316
0.720329
0.727118
0.645262
0.777641
0.667224
0.745521
0.963532
0.812028
0.835499
0.713202
0.727527
0.670012
0.797615
0.770872
0.800757
0.770494
0.699439
0.747027
0.665770
0.621261
0.601378
0.574768
0.584967
0.614463
0.711734
0.714267
0.605190
0.611000
0.549353
0.591102
0.569476
0.660605
0.673441
0.733332
0.660262
0.507606
0.791753
0.365365
0.706328
0.597911
0.769388
0.653653
0.625012
0.589052
0.669269
0.813057
0.404360
0.576569
0.646666
0.681393
0.610669
0.658791
0.621105
0.597754
0.573614
0.576540
0.513258
0.368067
0.484115
0.564618
0.667843
0.578584
0.597864
0.603149
0.615797
0.614141
0.591432
0.550715
0.634922
0.743869
0.731023
0.565458
0.733686
0.668264
0.761909
0.476070
0.687748
0.477180
0.703751
0.797193
0.654502
0.793721
0.576486
0.566250
0.519324
0.535871
0.609869
0.693253
0.452765
0.638999
0.644474
0.370619
0.539152
0.535531
0.538239
0.498623
0.675867
0.600365
0.552332
0.319726
0.519209
0.487100
0.588764
0.571798
0.589382
0.635463
0.496241
0.691832
0.656427
0.762803
0.539818
0.768257
0.594985
0.575648
0.846820
0.699089
0.831622
0.563743
0.565894
0.543733
0.656220
0.588271
0.657796
0.664641
0.564858
0.609300
0.443503
0.574449
0.524165
0.583533
0.589143
0.577199
0.477521
0.290008
0.608826
0.514610
0.559909
0.601781
0.528607
0.644322
0.434510
0.765429
0.683221
0.829185
0.485315
0.719595
0.626351
0.630775
0.833686
0.656360
0.920643
0.650994
0.514679
0.569181
0.563097
0.481879
0.666475
0.641170
0.613598
0.501783
0.487628
0.416795
0.614067
0.577287
0.437724
0.568227
0.539653
0.590596
0.536613
0.591986
0.646040
0.739078
0.756351
0.416049
0.694425
0.661339
0.744497
0.462862
0.666994
0.503978
0.641302
0.781842
0.617344
0.833011
0.597290
0.502516
0.484411
0.554003
0.554912
0.668518
0.466448
0.634871
0.529109
0.594656
0.656454
0.654898
0.553406
0.561767
0.555885
0.599364
0.502121
0.589543
0.632749
0.721446
0.704953
0.553297
0.602705
0.594231
0.663006
0.518447
0.762013
0.430760
0.608172
0.831932
0.638253
0.795792
0.530111
0.555058
0.517569
0.593108
0.584363
0.678918
0.584918
0.602986
0.608633
0.520734
0.595910
0.421668
0.558408
0.546156
0.493647
0.535124
0.579271
0.539802
0.614920
0.733424
0.465059
0.776479
0.636380
0.704226
0.536382
0.749195
0.615210
0.603899
0.820663
0.583651
0.835089
0.706026
0.561864
0.536020
0.733396
0.584143
0.613348
0.485057
0.547234
0.507357
0.681080
0.635373
0.600735
0.422082
0.604278
0.586361
0.640769
0.295582
0.535088
0.737867
0.599035
0.667245
0.664633
0.621697
0.566096
0.786844
0.691977
0.411000
0.853833
0.658778
0.848712
0.592213
0.532706
0.618879
0.730532
0.682365
0.652248
0.634387
0.599176
0.615621
0.695687
0.537002
0.651157
0.623707
0.561133
0.574107
0.603352
0.612276
0.661921
0.640629
0.784911
0.709736
0.859552
0.589038
0.768045
0.616056
0.677543
0.730103
0.570416
0.835168
0.654410
0.614954
0.628439
0.630639
0.458472
0.699705
0.598419
0.697575
0.549913
0.638376
0.563066
0.602518
0.615679
0.650126
0.616953
0.703735
0.808121
0.480108
0.731951
0.696461
0.627100
0.544804
0.776311
0.613972
0.635509
0.809431
0.627877
0.759364
0.707950
0.606789
0.538254
0.741831
0.557729
0.707910
0.609448
0.599880
0.550122
0.467790
0.611149
0.479210
0.576578
0.591177
0.518171
0.582656
0.536023
0.748545
0.626753
0.731412
0.514194
0.817351
0.568532
0.550301
0.839399
0.634014
0.898931
0.578391
0.488644
0.614176
0.637351
0.354564
0.728161
0.682547
0.637173
0.562069
0.545976
0.440712
0.610722
0.438281
0.552494
0.531006
0.429746
0.674037
0.588092
0.718870
0.504557
0.819067
0.585056
0.473239
0.854762
0.660952
0.847603
0.495536
0.496478
0.581648
0.659696
0.507927
0.610397
0.647468
0.554456
0.549186
0.509069
0.598333
0.561526
0.662720
0.720080
0.568494
0.772898
0.606622
0.689019
0.600477
0.780469
0.589652
0.614154
0.856229
0.532821
0.821813
0.612975
0.583479
0.574451
0.736839
0.610241
0.580133
0.563637
0.447267
0.574759
0.551561
0.552696
0.629931
0.542437
0.531503
0.691129
0.588407
0.736498
0.496705
0.772005
0.540607
0.500186
0.870338
0.460962
0.857395
0.545284
0.403086
0.536645
0.641153
0.435080
0.592498
0.591138
0.493524
0.433924
0.623643
0.593399
0.653146
0.614679
0.691109
0.681679
0.691758
0.538343
0.664340
0.625696
0.596212
0.804966
0.627784
0.817186
0.614638
0.509796
0.562480
0.637426
0.547343
0.677765
0.645678
0.648263
0.591383
0.574934
0.713465
0.562394
0.702161
0.656046
0.645851
0.552569
0.728185
0.603074
0.501205
0.910470
0.548623
0.785285
0.599106
0.500365
0.591234
0.745225
0.566382
0.578162
0.589944
0.591442
0.589614
0.703828
0.671280
0.680367
0.674558
0.805161
0.564706
0.694540
0.672346
0.567918
0.756937
0.638431
0.879339
0.653511
0.590225
0.677303
0.718050
0.544281
0.700924
0.721719
0.691593
0.573911
0.682507
0.753191
0.638267
0.843253
0.696137
0.833499
0.563153
0.679740
0.722592
0.765549
0.902613
0.484568
0.652039
0.768643
0.791686
0.597093
0.770315
0.806649
0.742018
0.779936
0.634446
0.571986
0.690719
0.480534
0.803340
0.551502
0.512041
0.899625
0.623676
0.890430
0.585215
0.433607
0.476782
0.592911
0.549607
0.645803
0.592259
0.533768
0.514939
0.720125
0.752497
0.706908
0.882888
0.651667
0.613082
0.827016
0.771289
0.989747
0.660141
0.692121
0.671151
0.775343
0.794190
0.768807
0.768128
0.851916
0.760246
0.721108
0.579674
0.889059
0.625375
0.573817
0.753383
0.673524
0.798820
0.390504
0.621450
0.619206
0.738076
0.591066
0.718725
0.653877
0.626990
0.611783
0.658316
0.781663
0.647854
0.624009
0.903059
0.678709
0.819311
0.719010
0.651549
0.661402
0.805906
0.693528
0.734752
0.676775
0.633731
0.679114
0.643505
0.462007
0.594405
0.753020
0.559056
0.757574
0.600587
0.485317
0.467296
0.621241
0.515699
0.685623
0.578184
0.587831
0.496886
0.686468
0.781049
0.804444
0.690027
0.859331
0.838499
0.731108
0.756805
0.721508
0.787325
0.596944
0.678024
0.760844
0.690066
0.631304
0.726428
0.612505
0.763168
0.551388
0.558236
0.500422
0.674721
0.540974
0.630384
0.554559
0.624007
0.639350
0.894977
0.601905
0.875741
0.507577
0.447251
0.630795
0.681958
0.652283
0.649900
0.603907
0.657668
0.579012
0.902580
0.849410
0.669770
0.872445
0.757484
0.882221
0.812865
0.859605
0.771963
0.866116
0.813942
0.732700
0.689816
0.566741
0.559962
0.747357
0.582022
0.640515
0.551379
0.493034
0.410978
0.851908
0.880812
0.877358
0.829062
0.869240
0.898369
0.753845
0.675089
0.829416
0.489089
0.592202
0.642579
0.556352
0.685408
0.619052
0.725751
0.639938
0.541323
0.608244
0.495765
0.600445
0.600804
0.592755
0.491167
0.566820
0.540873
0.661547
0.467376
0.570054
0.536389
0.672196
0.752360
0.533343
0.673673
0.583218
0.675548
0.632620
0.600529
0.521283
0.646037
0.633262
0.586277
0.630670
0.525344
0.538872
