0.185270
0.060211
0.109131
0.180025
0.104388
0.044852
0.287322
0.034310
0.046122
0.060282
0.130908
0.148579
0.062538
0.091190
0.105167
0.082637
0.082147
0.022960
0.077015
0.063996
0.099683
0.071106
0.047696
0.047660
0.034685
0.054138
0.070742
0.178818
0.101424
0.234526
0.047224
0.056244
0.054324
0.294646
0.164256
0.061689
0.030169
0.099685
0.053035
0.323233
0.025758
0.077595
0.056507
0.071196
0.187144
0.064583
0.022415
0.137946
0.079383
0.103018
0.056134
0.028968
0.180313
0.073417
0.064112
0.084827
0.078670
0.058877
0.159560
0.013416
0.065627
0.097362
0.063378
0.042753
0.044840
0.166205
0.046016
0.108741
0.029746
0.051752
0.187328
0.073094
0.140646
0.066987
0.063225
0.026681
0.042177
0.068704
0.107980
0.070093
0.075984
0.057208
0.024055
0.130046
0.210217
0.080083
0.072610
0.093304
0.116667
0.058662
0.075394
0.056369
0.024225
0.054027
0.142965
0.026853
0.068044
0.052590
0.117621
0.039865
0.031148
0.167094
0.027364
0.045414
0.030647
0.051660
0.067414
0.045173
0.025174
0.032665
0.033766
0.037052
0.069958
0.057512
0.025306
0.052792
0.052549
0.042244
0.034500
0.037622
0.047393
0.058058
0.105778
0.076619
0.149490
0.052881
0.040625
0.020284
0.174066
0.078036
0.048212
0.049367
0.062798
0.033641
0.232206
0.038652
0.024463
0.033454
0.021930
0.120126
0.049419
0.030775
0.087861
0.032348
0.055507
0.119120
0.033402
0.102510
0.042829
0.034129
0.031220
0.108055
0.029711
0.022446
0.065097
0.038766
0.020646
0.020108
0.095922
0.025003
0.044028
0.023666
0.042516
0.118827
0.044818
0.067451
0.040671
0.040528
0.048425
0.035588
0.070433
0.060372
0.027424
0.033357
0.101276
0.024184
0.034799
0.116484
0.039535
0.027179
0.096679
0.051912
0.034517
0.025982
0.023907
0.050945
0.043035
0.073001
0.031861
0.030332
0.195037
0.076407
0.072209
0.082791
0.082473
0.066061
0.158734
0.032241
0.070681
0.114002
0.099267
0.048514
0.045631
0.174038
0.048887
0.107514
0.028501
0.054167
0.215646
0.067582
0.141093
0.066164
0.046599
0.009960
0.024141
0.047204
0.112361
0.061891
0.096314
0.080765
0.031003
0.122339
0.214042
0.066173
0.087536
0.090184
0.112470
0.079415
0.065620
0.061342
0.038304
0.052282
0.154806
0.014493
0.051112
0.092451
0.223870
0.084656
0.115014
0.103206
0.045829
0.136416
0.113979
0.042303
0.066506
0.092945
0.094262
0.114737
0.133142
0.073898
0.129456
0.118563
0.049200
0.105425
0.085520
0.120774
0.130355
0.192693
0.157530
0.200431
0.122099
0.112598
0.072688
0.223535
0.141474
0.096095
0.073319
0.128070
0.094387
0.305569
0.091264
0.071990
0.092818
0.075281
0.178543
0.129338
0.075623
0.176247
0.086642
0.154109
0.007074
0.004625
0.009719
0.097539
0.045936
0.008637
0.044858
0.038682
0.015162
0.015491
0.039416
0.016740
0.032811
0.020525
0.016001
0.061734
0.010147
0.025689
0.011578
0.014134
0.075161
0.033278
0.116433
0.021385
0.012029
0.012906
0.154426
0.057210
0.027886
0.061132
0.033079
0.008632
0.181486
0.009628
0.019476
0.012766
0.019189
0.076545
0.016541
0.021128
0.045589
0.026349
0.170454
0.167430
0.145756
0.189179
0.065984
0.141834
0.159240
0.112941
0.110447
0.105470
0.276119
0.124726
0.166592
0.099351
0.135706
0.286969
0.165379
0.229312
0.156007
0.135754
0.070078
0.115974
0.059075
0.193209
0.144107
0.157552
0.065376
0.053248
0.191728
0.298036
0.131862
0.155563
0.086647
0.203948
0.128561
0.145884
0.122061
0.078631
0.143723
0.237163
0.085030
0.121706
0.010921
0.011319
0.094667
0.057517
0.016594
0.051054
0.045870
0.020853
0.019753
0.035703
0.021173
0.028329
0.027825
0.017438
0.055435
0.007571
0.025242
0.012427
0.020316
0.079947
0.033043
0.135619
0.021161
0.012053
0.014334
0.175517
0.070373
0.035596
0.048425
0.041560
0.014206
0.206715
0.008843
0.025895
0.012070
0.019887
0.094874
0.015369
0.018229
0.053827
0.024118
0.012174
0.124889
0.051530
0.005988
0.060769
0.044826
0.018142
0.020508
0.034360
0.013240
0.043216
0.024395
0.019141
0.071104
0.013682
0.033292
0.014843
0.018279
0.078109
0.032443
0.121572
0.023507
0.011836
0.014304
0.166441
0.062371
0.028898
0.068931
0.037734
0.006394
0.178288
0.011903
0.024558
0.013333
0.026287
0.079198
0.019815
0.023876
0.046730
0.032362
0.107941
0.034933
0.012477
0.049392
0.041467
0.010378
0.017602
0.053024
0.017240
0.035858
0.013923
0.017968
0.076011
0.006640
0.045193
0.014264
0.018797
0.054927
0.025747
0.117657
0.030623
0.008755
0.012699
0.151624
0.049055
0.042420
0.078829
0.029152
0.013136
0.180686
0.023180
0.017430
0.009806
0.017237
0.075644
0.010367
0.032611
0.034723
0.020389
0.119846
0.120176
0.057477
0.087678
0.099693
0.082701
0.164540
0.131256
0.064412
0.113375
0.119576
0.098695
0.108313
0.094142
0.112689
0.116675
0.160675
0.142641
0.173801
0.113533
0.117513
0.096457
0.180418
0.126474
0.106142
0.102016
0.123223
0.107977
0.253622
0.106736
0.090800
0.102711
0.077638
0.168250
0.123864
0.106551
0.146914
0.088545
0.039404
0.067458
0.037448
0.021652
0.023610
0.132491
0.030971
0.069491
0.015937
0.041118
0.143049
0.051791
0.103807
0.044460
0.044549
0.025457
0.034147
0.063209
0.075496
0.044766
0.047033
0.061484
0.012009
0.086142
0.160801
0.050491
0.045507
0.097404
0.081937
0.036445
0.044669
0.030337
0.031135
0.038632
0.104546
0.019501
0.040685
0.058057
0.037617
0.012162
0.014387
0.047845
0.011990
0.047010
0.016892
0.021637
0.084168
0.019298
0.045818
0.019508
0.021055
0.063877
0.025488
0.100596
0.029915
0.008797
0.014699
0.140257
0.042927
0.028558
0.079442
0.032525
0.007393
0.152867
0.019412
0.020284
0.010850
0.022099
0.063192
0.022509
0.034436
0.034577
0.028078
0.037085
0.040018
0.043647
0.094382
0.075143
0.059830
0.064207
0.065448
0.062343
0.054508
0.061165
0.070010
0.069477
0.111436
0.090839
0.117691
0.089021
0.060172
0.034999
0.152671
0.072818
0.068189
0.083574
0.073350
0.046154
0.213109
0.062730
0.023102
0.050336
0.027966
0.097900
0.072583
0.054429
0.095480
0.041987
0.025863
0.030151
0.086512
0.045429
0.049875
0.048068
0.049349
0.069817
0.056364
0.066419
0.055295
0.067517
0.088736
0.072089
0.100474
0.070056
0.051786
0.020885
0.108961
0.043974
0.057158
0.094948
0.070228
0.027766
0.156573
0.057507
0.017705
0.039831
0.024534
0.072036
0.060568
0.057367
0.074122
0.044298
0.010437
0.067653
0.017221
0.040414
0.010415
0.021755
0.088815
0.018419
0.058682
0.026351
0.020614
0.042704
0.023896
0.077712
0.049334
0.014357
0.014424
0.117480
0.026700
0.040805
0.098699
0.024984
0.015466
0.143410
0.034263
0.009051
0.008923
0.011982
0.047997
0.020243
0.048700
0.027320
0.013542
0.077990
0.016959
0.038422
0.011298
0.020507
0.090810
0.022743
0.049882
0.021677
0.022075
0.043817
0.023388
0.075804
0.037453
0.019432
0.021613
0.104012
0.027567
0.042328
0.088032
0.034154
0.018003
0.128780
0.033057
0.017965
0.016167
0.012476
0.047355
0.024954
0.049647
0.025294
0.018044
0.064446
0.070391
0.091036
0.063353
0.044254
0.047011
0.040643
0.053664
0.068468
0.172802
0.096041
0.222285
0.053936
0.050401
0.042484
0.274876
0.146792
0.051264
0.044804
0.087857
0.040057
0.299743
0.022874
0.064691
0.047963
0.069028
0.159215
0.060244
0.020479
0.131527
0.081454
0.055914
0.013304
0.013865
0.108041
0.022301
0.056670
0.016205
0.019739
0.045784
0.014110
0.096309
0.036345
0.014892
0.023850
0.121010
0.040179
0.049557
0.104142
0.046321
0.013662
0.135794
0.032657
0.033628
0.020841
0.025654
0.050869
0.016888
0.054498
0.024151
0.033806
0.052336
0.053670
0.059376
0.036112
0.032980
0.039077
0.047405
0.102214
0.072177
0.148098
0.045296
0.043023
0.035660
0.176063
0.083026
0.031751
0.059859
0.043378
0.041580
0.211674
0.034246
0.044695
0.033368
0.033292
0.127747
0.044039
0.041268
0.082419
0.038284
0.018835
0.121587
0.020188
0.069432
0.020527
0.013999
0.024388
0.011188
0.073722
0.045133
0.017472
0.032375
0.098944
0.023787
0.056462
0.121320
0.028490
0.027090
0.121738
0.044397
0.027615
0.020181
0.022415
0.039601
0.015326
0.069317
0.009785
0.022850
0.097962
0.014508
0.050107
0.012854
0.017829
0.053846
0.021355
0.109439
0.036841
0.019842
0.026817
0.138706
0.053468
0.059585
0.099670
0.047701
0.019897
0.164450
0.027166
0.031276
0.025324
0.029268
0.060753
0.011521
0.048189
0.037768
0.034139
0.075576
0.039844
0.082245
0.111874
0.211883
0.147702
0.249134
0.074437
0.090849
0.050844
0.272501
0.163888
0.070684
0.025946
0.122182
0.062671
0.338793
0.049613
0.067554
0.076857
0.071064
0.193936
0.098734
0.026418
0.175097
0.097996
0.038131
0.013101
0.014406
0.061853
0.024668
0.127081
0.031111
0.010681
0.020029
0.173788
0.065727
0.045619
0.072249
0.034120
0.020105
0.200603
0.017804
0.025293
0.012173
0.022505
0.089742
0.007683
0.029314
0.042216
0.020780
0.035354
0.050622
0.143806
0.084366
0.179783
0.035999
0.049944
0.036595
0.213570
0.119964
0.029776
0.029435
0.076394
0.033973
0.244339
0.017752
0.054993
0.044630
0.046896
0.140032
0.054973
0.020168
0.107229
0.061099
0.017340
0.063155
0.026352
0.125077
0.017297
0.017505
0.028858
0.151105
0.062037
0.048489
0.074502
0.045361
0.020506
0.176022
0.017876
0.039378
0.021745
0.026478
0.079418
0.009187
0.040401
0.038181
0.034310
0.051728
0.019497
0.094790
0.035982
0.017497
0.039189
0.141868
0.054010
0.045382
0.104319
0.026590
0.030491
0.160718
0.028130
0.037585
0.021730
0.034055
0.065101
0.014556
0.055570
0.029242
0.028017
0.021920
0.053700
0.105541
0.052791
0.084772
0.086343
0.024457
0.120238
0.206412
0.061911
0.079733
0.090451
0.109358
0.070871
0.057636
0.055358
0.047004
0.047744
0.148675
0.010557
0.042202
0.079268
0.054921
0.017656
0.048023
0.118667
0.036002
0.073295
0.133423
0.046947
0.038368
0.126247
0.051397
0.048516
0.025662
0.035115
0.050400
0.017991
0.085001
0.010185
0.029105
0.170748
0.107909
0.128149
0.065703
0.039411
0.130076
0.250758
0.093251
0.119504
0.051842
0.155308
0.095721
0.100381
0.092525
0.048429
0.121580
0.194685
0.057314
0.079599
0.032306
0.040306
0.189693
0.092382
0.054431
0.056582
0.068472
0.031703
0.216202
0.020912
0.057736
0.038357
0.049068
0.117497
0.031831
0.036738
0.070000
0.058205
0.019770
0.158191
0.047165
0.038467
0.080093
0.031810
0.015578
0.169385
0.019945
0.026641
0.007938
0.020765
0.075514
0.013567
0.038661
0.032362
0.018492
0.159709
0.058872
0.033725
0.060451
0.046419
0.005386
0.194159
0.022388
0.009898
0.014624
0.015099
0.085740
0.029748
0.018861
0.061806
0.027674
0.055386
0.183740
0.290463
0.153982
0.152822
0.053089
0.204898
0.135873
0.158853
0.127810
0.050123
0.153864
0.239412
0.086347
0.142489
0.087619
0.171449
0.056497
0.055059
0.071015
0.092027
0.042670
0.047933
0.036009
0.024498
0.055652
0.119671
0.020489
0.040232
0.062552
0.038715
0.030028
0.187159
0.025746
0.044383
0.028884
0.045400
0.115969
0.061452
0.035103
0.086127
0.046048
0.122865
0.066205
0.332755
0.037597
0.085915
0.069772
0.073963
0.212361
0.098448
0.025258
0.165437
0.089275
0.046388
0.168804
0.046757
0.039106
0.025809
0.043836
0.086357
0.038395
0.068501
0.045376
0.028554
0.172858
0.017789
0.016202
0.015071
0.018621
0.073845
0.026084
0.022761
0.051998
0.032485
0.224265
0.171707
0.171232
0.159206
0.064640
0.181275
0.275143
0.092931
0.158540
0.037856
0.019017
0.034493
0.114459
0.028446
0.014008
0.075810
0.038287
0.018423
0.014561
0.064638
0.035597
0.036091
0.053798
0.022519
0.014940
0.080109
0.019583
0.032911
0.038250
0.010005
0.067828
0.026694
0.041771
0.039811
0.013221
0.075143
0.147827
0.037096
0.077535
0.049681
0.030302
0.029113
0.111014
0.055245
0.034838
