0.072011
0.547359
0.012006
0.080099
0.044406
0.611728
0.056704
0.325988
0.064717
0.245761
0.028282
0.113277
0.028563
0.063982
0.397085
0.041147
0.066152
0.034338
0.198074
0.022891
0.048845
0.079648
0.080335
0.012574
0.028906
0.118714
0.034859
0.059728
0.026857
0.076497
0.036190
0.017043
0.073686
0.106905
0.428464
0.103892
0.062401
0.052481
0.015877
0.046211
0.031211
0.057298
0.028028
0.057905
0.096851
0.019968
0.067820
0.232239
0.032232
0.497405
0.078472
0.015639
0.019697
0.577793
0.015162
0.291588
0.055233
0.251623
0.075525
0.027686
0.029058
0.028245
0.282939
0.024579
0.021248
0.035133
0.089953
0.085037
0.020111
0.028157
0.030225
0.055716
0.122841
0.054614
0.049994
0.154521
0.044268
0.033614
0.026580
0.084837
0.059624
0.042149
0.394088
0.034918
0.035651
0.067441
0.061333
0.027090
0.043265
0.036223
0.025306
0.089415
0.028184
0.068132
0.016634
0.257335
0.041965
0.559770
0.476554
0.483635
0.471044
0.500600
0.356561
0.474637
0.254181
0.600168
0.426834
0.530409
0.468256
0.273962
0.437149
0.438918
0.473619
0.367390
0.556632
0.477677
0.401050
0.431131
0.553338
0.610494
0.431053
0.538021
0.543605
0.522976
0.493490
0.516500
0.575087
0.531330
0.412296
0.357170
0.442211
0.510908
0.503052
0.524109
0.483803
0.536968
0.509288
0.521356
0.511555
0.525923
0.522806
0.449870
0.326857
0.462221
0.089946
0.046836
0.604719
0.058758
0.310186
0.071517
0.252872
0.024603
0.120576
0.024392
0.065933
0.398207
0.048716
0.075177
0.039771
0.202494
0.024543
0.055462
0.089842
0.084527
0.014984
0.021107
0.125169
0.033686
0.064949
0.028770
0.073385
0.038121
0.011042
0.086696
0.105600
0.423624
0.110219
0.053410
0.048553
0.016779
0.049885
0.020400
0.048031
0.032849
0.068090
0.093257
0.021102
0.077256
0.245244
0.039610
0.018040
0.572210
0.017261
0.307606
0.061591
0.272469
0.087759
0.015620
0.042129
0.030945
0.265672
0.028959
0.009724
0.024300
0.089608
0.088273
0.015703
0.024765
0.026919
0.064773
0.136605
0.062332
0.042865
0.168919
0.055074
0.029720
0.026860
0.090562
0.066607
0.034785
0.380957
0.023900
0.038956
0.068816
0.063568
0.026223
0.053528
0.029033
0.028935
0.100514
0.041189
0.078025
0.006862
0.254177
0.031269
0.568616
0.015665
0.275051
0.037973
0.240921
0.047981
0.033476
0.018500
0.026921
0.298268
0.018292
0.012021
0.010613
0.112140
0.050694
0.007817
0.031066
0.034531
0.030074
0.089697
0.075513
0.030088
0.129050
0.024987
0.030146
0.006684
0.046425
0.055195
0.042552
0.388851
0.039521
0.020183
0.034735
0.025241
0.023471
0.022236
0.017589
0.018107
0.068353
0.030324
0.040436
0.014763
0.237372
0.018637
0.555640
0.436866
0.626888
0.512383
0.649069
0.513897
0.564901
0.493867
0.585169
0.555264
0.543843
0.569413
0.499252
0.652635
0.556314
0.507015
0.527443
0.638648
0.594352
0.471456
0.575053
0.523126
0.614553
0.525304
0.585839
0.604108
0.674952
0.514940
0.241765
0.541766
0.553549
0.576117
0.607993
0.549037
0.593600
0.557056
0.608726
0.648955
0.636984
0.562513
0.552224
0.220753
0.582584
0.298592
0.076413
0.264726
0.065739
0.021808
0.014128
0.016750
0.296512
0.026947
0.013969
0.019469
0.088604
0.079261
0.017689
0.021800
0.020393
0.047821
0.088061
0.039574
0.029103
0.109725
0.052060
0.017040
0.020098
0.065178
0.088499
0.033360
0.367032
0.032259
0.027584
0.046424
0.052858
0.010091
0.025299
0.019348
0.026737
0.109873
0.046808
0.048396
0.014315
0.225541
0.034932
0.286620
0.161350
0.328366
0.277306
0.287412
0.237576
0.303469
0.259168
0.284508
0.287329
0.253305
0.329986
0.257817
0.258720
0.258109
0.316903
0.340496
0.301319
0.306054
0.315789
0.296155
0.259639
0.286901
0.301730
0.342211
0.233991
0.279554
0.273621
0.224827
0.250601
0.299959
0.281197
0.276878
0.285406
0.306610
0.328910
0.285558
0.281243
0.298198
0.270680
0.306789
0.228084
0.058680
0.100365
0.062530
0.083250
0.321372
0.036137
0.063356
0.053935
0.175113
0.044137
0.042267
0.084581
0.092047
0.042204
0.124449
0.150739
0.071670
0.187698
0.022754
0.091746
0.038490
0.067205
0.022218
0.096074
0.429194
0.093327
0.059331
0.069799
0.035549
0.079279
0.064933
0.066876
0.033763
0.027274
0.043054
0.068766
0.056739
0.292912
0.040356
0.274906
0.256284
0.249607
0.224716
0.247664
0.196852
0.235308
0.235600
0.223652
0.266648
0.232959
0.207622
0.217569
0.257868
0.300776
0.243282
0.272349
0.249329
0.241948
0.260542
0.246061
0.259530
0.267305
0.239771
0.410182
0.256301
0.244214
0.236394
0.245036
0.234547
0.253585
0.279054
0.247125
0.242319
0.264994
0.233222
0.247637
0.240717
0.231177
0.126149
0.037216
0.073744
0.429741
0.061004
0.082778
0.048530
0.229613
0.018580
0.058248
0.112631
0.099591
0.017072
0.050177
0.152396
0.036806
0.101177
0.030977
0.079961
0.030456
0.018391
0.055794
0.118929
0.481978
0.125068
0.052473
0.036074
0.024063
0.067652
0.028347
0.058094
0.031796
0.048768
0.077600
0.023477
0.082899
0.298676
0.044720
0.054132
0.025039
0.218895
0.044719
0.015061
0.040765
0.052749
0.135168
0.031066
0.016124
0.017993
0.101447
0.158510
0.040002
0.063236
0.165295
0.092987
0.025867
0.049060
0.125103
0.118502
0.024253
0.329580
0.020633
0.049312
0.081356
0.099240
0.031479
0.069336
0.039615
0.060454
0.150890
0.059759
0.095139
0.015497
0.214150
0.058879
0.023380
0.332215
0.025979
0.033466
0.022092
0.122374
0.049686
0.023890
0.039436
0.036442
0.023850
0.045654
0.060722
0.022918
0.074448
0.031467
0.028792
0.016859
0.034715
0.079663
0.055636
0.379221
0.057206
0.025295
0.031877
0.028218
0.017148
0.009039
0.020983
0.021191
0.084941
0.050125
0.022175
0.031504
0.222802
0.034917
0.255577
0.028524
0.027466
0.030871
0.072929
0.085366
0.026765
0.024604
0.017142
0.058248
0.091811
0.040177
0.035938
0.096225
0.061741
0.015952
0.030765
0.071773
0.099529
0.032056
0.315608
0.031318
0.029828
0.042190
0.062334
0.016381
0.032360
0.026041
0.035858
0.117575
0.054534
0.045960
0.026384
0.183045
0.046770
0.255562
0.263018
0.308322
0.110810
0.418375
0.290911
0.213811
0.204449
0.388886
0.459333
0.239452
0.366030
0.436009
0.345559
0.284537
0.322068
0.419580
0.369634
0.230306
0.384182
0.199447
0.311737
0.346169
0.367022
0.274058
0.352311
0.305942
0.328186
0.391781
0.268448
0.373732
0.256550
0.364975
0.322912
0.024233
0.022826
0.098245
0.051166
0.020866
0.024288
0.029127
0.033640
0.089833
0.067299
0.042695
0.116458
0.025600
0.044160
0.021671
0.057364
0.053277
0.049731
0.362159
0.040070
0.039425
0.050380
0.033168
0.021433
0.037364
0.037019
0.014665
0.059730
0.041565
0.043405
0.020460
0.209621
0.020070
0.012630
0.087862
0.083217
0.011557
0.015680
0.022373
0.057868
0.116918
0.054816
0.038610
0.135913
0.051267
0.026218
0.022816
0.076667
0.079600
0.028282
0.364992
0.029224
0.033843
0.057946
0.051804
0.019307
0.042685
0.026072
0.031562
0.097508
0.050364
0.061488
0.005521
0.211993
0.022389
0.121543
0.049915
0.010830
0.030921
0.032071
0.033284
0.074865
0.075239
0.018347
0.103044
0.035318
0.026327
0.015672
0.038222
0.071303
0.038719
0.385802
0.042259
0.026338
0.033733
0.025358
0.016394
0.021920
0.016938
0.021892
0.076777
0.059126
0.031418
0.020462
0.218334
0.012547
0.243508
0.102947
0.053480
0.046685
0.195848
0.247261
0.051163
0.162329
0.231945
0.172704
0.089705
0.132817
0.218544
0.212601
0.064597
0.295573
0.044160
0.119033
0.158045
0.186731
0.081865
0.148386
0.115951
0.145736
0.243703
0.110846
0.174165
0.083565
0.239762
0.151976
0.064552
0.115709
0.112271
0.009771
0.056032
0.172576
0.041802
0.112844
0.025076
0.095677
0.038114
0.024209
0.041881
0.128493
0.472345
0.132280
0.069011
0.049958
0.017789
0.076234
0.039850
0.066862
0.026631
0.034597
0.086214
0.038938
0.082115
0.285469
0.031311
0.024676
0.029019
0.042513
0.092148
0.070252
0.028715
0.127115
0.031154
0.024088
0.014858
0.050916
0.061695
0.033237
0.366794
0.032321
0.017479
0.043938
0.033583
0.020413
0.030913
0.018276
0.022480
0.074783
0.039036
0.042223
0.014110
0.226810
0.023406
0.011541
0.082678
0.124048
0.030275
0.057043
0.124372
0.071864
0.031991
0.044847
0.101887
0.111564
0.031101
0.319551
0.019367
0.051424
0.076349
0.076651
0.018431
0.058009
0.040028
0.048066
0.127206
0.064049
0.070690
0.016305
0.179718
0.046280
0.080522
0.119352
0.029472
0.051982
0.118891
0.073328
0.023832
0.040305
0.091854
0.113388
0.024843
0.323904
0.016483
0.043336
0.067537
0.078410
0.013308
0.050441
0.036856
0.047668
0.130161
0.060331
0.064720
0.021338
0.198957
0.051401
0.045975
0.127233
0.033286
0.093154
0.013910
0.071256
0.021152
0.018290
0.047142
0.099665
0.448807
0.100899
0.045996
0.041071
0.009891
0.048565
0.021578
0.047146
0.014704
0.042759
0.062331
0.028051
0.055970
0.271635
0.024368
0.149557
0.047907
0.037558
0.071949
0.092422
0.078507
0.030309
0.145127
0.140247
0.407668
0.153314
0.085269
0.072447
0.050109
0.078694
0.045462
0.073512
0.070566
0.117512
0.148981
0.030574
0.119198
0.228460
0.083138
0.093278
0.124135
0.124201
0.052262
0.085662
0.141212
0.171374
0.054829
0.289356
0.044617
0.088075
0.112330
0.129783
0.039131
0.087285
0.075695
0.092086
0.187227
0.111707
0.099813
0.052352
0.171821
0.097445
0.081525
0.048108
0.023696
0.027139
0.032515
0.078648
0.057900
0.387303
0.068479
0.032198
0.032767
0.036193
0.027358
0.019428
0.017116
0.024630
0.087871
0.081255
0.025556
0.041576
0.226262
0.028407
0.130107
0.111766
0.115832
0.075944
0.210343
0.155981
0.360177
0.173995
0.124367
0.100996
0.104114
0.090867
0.080176
0.118847
0.114359
0.176090
0.209513
0.053408
0.142392
0.156842
0.117517
0.073691
0.020917
0.029704
0.032131
0.086594
0.424062
0.083254
0.039871
0.055754
0.009601
0.051260
0.035505
0.046357
0.015372
0.027316
0.043960
0.038368
0.046370
0.270406
0.025092
0.038655
0.074287
0.109939
0.017679
0.326161
0.032294
0.022872
0.042285
0.069512
0.017422
0.031897
0.012667
0.044130
0.131229
0.064906
0.050121
0.030155
0.207099
0.050844
0.033564
0.049322
0.059802
0.409911
0.055917
0.023119
0.032312
0.022051
0.027039
0.019329
0.025354
0.014399
0.058461
0.034276
0.033681
0.022981
0.248082
0.020443
0.082889
0.108395
0.429124
0.119084
0.045084
0.045495
0.017195
0.058351
0.025979
0.050660
0.037628
0.062661
0.095101
0.021656
0.082591
0.250062
0.041617
0.122239
0.492799
0.113059
0.083006
0.084909
0.052033
0.094970
0.081392
0.089366
0.034000
0.021447
0.059028
0.084175
0.068644
0.340072
0.046546
0.285087
0.024711
0.033259
0.068968
0.088715
0.030818
0.060100
0.030994
0.064693
0.140714
0.073000
0.078582
0.032162
0.208315
0.059439
0.324115
0.355735
0.392291
0.423921
0.351890
0.400248
0.357833
0.419604
0.465344
0.450957
0.377383
0.360989
0.173472
0.401896
0.054602
0.080569
0.090589
0.026954
0.069976
0.039236
0.059538
0.139159
0.058602
0.088907
0.027943
0.234278
0.062745
0.034521
0.040300
0.031636
0.022146
0.016732
0.034770
0.093251
0.042914
0.041836
0.036520
0.246333
0.044078
0.040578
0.046236
0.021044
0.034914
0.045220
0.087521
0.070307
0.025852
0.065350
0.242936
0.049598
0.050060
0.025820
0.039366
0.022165
0.039484
0.063229
0.025682
0.053067
0.253454
0.021380
0.027608
0.022748
0.025718
0.107753
0.061264
0.040375
0.020908
0.206986
0.031794
0.019761
0.026606
0.082352
0.054955
0.021917
0.047449
0.244839
0.036150
0.030670
0.103332
0.050647
0.039520
0.028144
0.234413
0.035424
0.047054
0.041481
0.036089
0.026400
0.256641
0.013965
0.085780
0.067335
0.093421
0.299382
0.048594
0.091476
0.044172
0.330492
0.064467
0.064559
0.205115
0.040115
0.224897
0.024898
0.225045
