0.038532
0.037676
0.275507
0.036434
0.018846
0.055355
0.256669
0.146913
0.038592
0.025251
0.398188
0.039862
0.084882
0.319041
0.054994
0.023156
0.046189
0.026742
0.073434
0.022617
0.067713
0.033230
0.369440
0.093419
0.074401
0.665807
0.074694
0.034107
0.034551
0.463742
0.032313
0.296471
0.750848
0.384528
0.674694
0.079536
0.095105
0.041360
0.051280
0.114260
0.142244
0.009829
0.017474
0.583340
0.042146
0.022881
0.050122
0.146936
0.082375
0.059475
0.336553
0.029789
0.036628
0.109814
0.322135
0.249394
0.030316
0.041477
0.479075
0.105330
0.083580
0.446656
0.059513
0.030666
0.093871
0.037895
0.076264
0.045314
0.152257
0.021431
0.455296
0.106802
0.175632
0.726661
0.155339
0.049099
0.078465
0.542285
0.072707
0.404662
0.727271
0.510137
0.734317
0.153623
0.163238
0.073476
0.025574
0.211551
0.242149
0.033330
0.039231
0.660393
0.041350
0.037055
0.024379
0.239642
0.140690
0.283328
0.022455
0.027575
0.046228
0.208129
0.141837
0.071994
0.029959
0.393363
0.035389
0.041812
0.317243
0.036219
0.042973
0.029370
0.027804
0.076712
0.047650
0.079030
0.052556
0.336602
0.118923
0.103057
0.634034
0.076883
0.025553
0.031685
0.444733
0.026094
0.260150
0.687816
0.377628
0.641146
0.066509
0.096868
0.028077
0.071111
0.100335
0.134578
0.042060
0.026829
0.556420
0.023902
0.023944
0.066431
0.124432
0.048962
0.343312
0.330088
0.339467
0.200039
0.211744
0.231580
0.285800
0.189685
0.255036
0.426762
0.263004
0.423376
0.320182
0.246503
0.354861
0.202473
0.291527
0.280196
0.345085
0.298471
0.110486
0.232043
0.505490
0.195935
0.330083
0.320210
0.237598
0.330193
0.424480
0.632909
0.368279
0.474652
0.322356
0.122985
0.290335
0.403547
0.302278
0.276994
0.242494
0.318874
0.460865
0.335379
0.303351
0.402656
0.350840
0.297405
0.017914
0.062685
0.274988
0.185713
0.054738
0.024596
0.460451
0.058798
0.035835
0.378694
0.026092
0.026473
0.053983
0.014982
0.080596
0.041800
0.116114
0.021523
0.400326
0.128501
0.142964
0.695617
0.114764
0.020650
0.040061
0.514156
0.032335
0.328807
0.720501
0.454884
0.713336
0.103913
0.137297
0.030259
0.041347
0.144919
0.187194
0.037632
0.024210
0.616025
0.021115
0.013168
0.028415
0.166615
0.073429
0.031783
0.287834
0.165989
0.058477
0.025538
0.437429
0.044677
0.042091
0.351288
0.022321
0.019010
0.049840
0.009010
0.097354
0.032492
0.080993
0.023722
0.390040
0.137022
0.107675
0.682438
0.098903
0.015972
0.027544
0.496035
0.017743
0.300313
0.729746
0.411526
0.710043
0.075786
0.120205
0.033842
0.039371
0.110466
0.154396
0.028820
0.006651
0.594685
0.025256
0.010797
0.027732
0.128531
0.062443
0.264783
0.125275
0.133759
0.063981
0.398996
0.047210
0.064345
0.262855
0.041556
0.065887
0.057402
0.043415
0.164991
0.075867
0.048140
0.088123
0.318484
0.199435
0.073026
0.607040
0.076257
0.043060
0.034512
0.447455
0.023535
0.193214
0.680580
0.312663
0.643938
0.036334
0.114485
0.053046
0.097438
0.045882
0.085975
0.081153
0.030147
0.501002
0.064357
0.045118
0.088373
0.052235
0.043489
0.163392
0.268376
0.228372
0.217821
0.182408
0.298922
0.267571
0.345018
0.288058
0.153117
0.305334
0.184958
0.282086
0.215541
0.333516
0.304685
0.191463
0.190519
0.471901
0.143515
0.272485
0.278594
0.278387
0.260064
0.276084
0.635420
0.300739
0.458466
0.224448
0.120348
0.213643
0.375380
0.193008
0.185775
0.248601
0.279673
0.468267
0.283434
0.266114
0.372545
0.224485
0.221701
0.193920
0.146305
0.303260
0.086213
0.224302
0.136446
0.218878
0.191937
0.102671
0.164356
0.156579
0.170963
0.121459
0.212478
0.139802
0.174643
0.071471
0.548483
0.099673
0.158651
0.134032
0.357920
0.141486
0.195656
0.732187
0.251444
0.580077
0.116050
0.100507
0.091265
0.288268
0.069023
0.090000
0.153831
0.174421
0.429931
0.211304
0.146889
0.263892
0.092296
0.076748
0.048268
0.415940
0.097071
0.137094
0.390382
0.112860
0.041560
0.088670
0.066182
0.031318
0.053070
0.155871
0.033089
0.398948
0.042209
0.146610
0.709161
0.132929
0.075682
0.096101
0.484617
0.096480
0.408496
0.741426
0.486977
0.709509
0.167313
0.116874
0.066979
0.068127
0.206833
0.231186
0.016870
0.064555
0.641372
0.072732
0.050072
0.063197
0.247264
0.138438
0.431115
0.035168
0.069459
0.338061
0.055727
0.038040
0.030450
0.025187
0.075325
0.021586
0.083993
0.034114
0.375288
0.091697
0.100968
0.715173
0.081558
0.020844
0.028235
0.503846
0.033075
0.306513
0.769880
0.430415
0.726944
0.094846
0.100333
0.026262
0.062370
0.116872
0.158210
0.031305
0.029903
0.627217
0.043609
0.011810
0.057063
0.142050
0.055947
0.348980
0.504860
0.315255
0.502583
0.430799
0.342775
0.468414
0.357055
0.437805
0.336419
0.493486
0.365390
0.318578
0.317289
0.190901
0.271788
0.437245
0.439567
0.032569
0.415251
0.406336
0.437634
0.240826
0.266712
0.362681
0.192864
0.413239
0.530104
0.340682
0.298084
0.396300
0.421359
0.290492
0.461178
0.434138
0.517093
0.369114
0.399457
0.084703
0.252799
0.078253
0.065141
0.010082
0.049288
0.102583
0.052481
0.043994
0.086996
0.312719
0.120014
0.061766
0.624983
0.046191
0.043880
0.033489
0.421769
0.020815
0.231264
0.728411
0.323218
0.635553
0.053030
0.066936
0.028342
0.126107
0.060171
0.097329
0.053962
0.041881
0.544131
0.067674
0.035589
0.117023
0.086530
0.030165
0.426133
0.023522
0.068587
0.078539
0.039671
0.152977
0.091626
0.135505
0.074104
0.444305
0.225294
0.188683
0.701111
0.151016
0.045345
0.069594
0.542524
0.048935
0.315652
0.724831
0.452256
0.729041
0.114925
0.183756
0.069755
0.067573
0.149047
0.211417
0.095749
0.049126
0.631466
0.029348
0.050806
0.059422
0.156813
0.086563
0.397394
0.363944
0.275956
0.362713
0.364562
0.359342
0.225224
0.408408
0.170838
0.341782
0.149407
0.450436
0.201763
0.351975
0.283490
0.340838
0.310309
0.181633
0.721511
0.212636
0.447225
0.213565
0.224927
0.288047
0.466426
0.174382
0.133648
0.335692
0.339311
0.322652
0.394203
0.341450
0.447097
0.194752
0.242209
0.045858
0.081380
0.019489
0.153004
0.059356
0.104595
0.047437
0.424529
0.210906
0.150935
0.702460
0.138830
0.026635
0.036058
0.547523
0.030445
0.292013
0.726222
0.446333
0.732845
0.083034
0.178882
0.060407
0.041342
0.132777
0.180481
0.074442
0.025440
0.619483
0.028939
0.033914
0.035269
0.142660
0.077366
0.066562
0.028424
0.082841
0.052515
0.109245
0.020083
0.416515
0.119957
0.126866
0.674264
0.120460
0.047830
0.053262
0.486642
0.042198
0.359918
0.718924
0.453526
0.684662
0.112388
0.118705
0.051578
0.029578
0.157404
0.186756
0.022023
0.025624
0.614565
0.034051
0.030374
0.025691
0.186544
0.100263
0.053570
0.086399
0.054843
0.052433
0.087206
0.326525
0.105784
0.076094
0.622770
0.046179
0.045935
0.042917
0.417736
0.030627
0.236841
0.700979
0.340732
0.629025
0.063455
0.064934
0.028516
0.117928
0.068356
0.107374
0.054440
0.045976
0.561006
0.058878
0.036534
0.115064
0.095355
0.036896
0.101395
0.031396
0.094797
0.023701
0.378035
0.146679
0.120639
0.703869
0.113396
0.014063
0.023018
0.527558
0.021834
0.310046
0.754432
0.427688
0.735518
0.088736
0.140575
0.027163
0.041554
0.120846
0.167774
0.036647
0.016943
0.611519
0.026200
0.009051
0.031319
0.138489
0.055656
0.097020
0.185509
0.077949
0.341370
0.047572
0.160349
0.650937
0.137311
0.106143
0.132641
0.422518
0.128878
0.388485
0.726519
0.451237
0.648091
0.177297
0.105201
0.067072
0.129953
0.204317
0.229318
0.046711
0.108421
0.604788
0.099425
0.083759
0.119341
0.247796
0.143445
0.074704
0.047444
0.395747
0.097232
0.097673
0.729707
0.088822
0.023041
0.029363
0.514583
0.041892
0.301836
0.779310
0.425287
0.735202
0.096861
0.121915
0.049588
0.061719
0.125787
0.157510
0.032187
0.030859
0.637280
0.054767
0.022037
0.065387
0.151216
0.076111
0.150051
0.333567
0.170697
0.035376
0.594271
0.036464
0.077461
0.053664
0.407923
0.048267
0.152235
0.680905
0.268984
0.592959
0.035957
0.082611
0.091258
0.154118
0.037358
0.047201
0.097969
0.064201
0.508299
0.115162
0.082011
0.158956
0.057245
0.069400
0.430180
0.121712
0.160272
0.736933
0.154219
0.041371
0.056845
0.548999
0.060564
0.395070
0.762709
0.507299
0.759213
0.142508
0.160805
0.050361
0.030032
0.191630
0.234179
0.029301
0.037000
0.659689
0.040077
0.025044
0.015340
0.217662
0.108625
0.361170
0.227779
0.442463
0.281434
0.376611
0.339323
0.352439
0.367173
0.271926
0.675348
0.255699
0.495984
0.274983
0.294825
0.297798
0.497933
0.247480
0.222211
0.370368
0.388784
0.269216
0.422458
0.372903
0.475061
0.263688
0.273884
0.151583
0.666723
0.114596
0.135937
0.150978
0.399884
0.155012
0.396585
0.722063
0.449391
0.646179
0.208299
0.076923
0.113656
0.169645
0.219289
0.224470
0.064163
0.134366
0.610562
0.145250
0.109140
0.170821
0.267604
0.167615
0.554326
0.038536
0.111595
0.077160
0.378547
0.086689
0.142343
0.721415
0.223750
0.563348
0.044088
0.086346
0.092100
0.186786
0.045037
0.035340
0.095382
0.094712
0.428717
0.151507
0.108077
0.187338
0.073462
0.086829
0.532312
0.691642
0.689988
0.126231
0.660853
0.529354
0.364808
0.256255
0.101959
0.568208
0.500366
0.678330
0.744418
0.571131
0.497907
0.673164
0.659843
0.115249
0.685737
0.700029
0.724352
0.579258
0.657348
0.091849
0.080787
0.333146
0.069309
0.158477
0.672146
0.230761
0.541254
0.060714
0.050957
0.084143
0.174608
0.053450
0.064764
0.088597
0.079683
0.435089
0.116659
0.087464
0.177376
0.081149
0.079070
0.020571
0.501446
0.021465
0.274397
0.726561
0.407038
0.721921
0.074182
0.122424
0.033463
0.064162
0.103659
0.145687
0.048726
0.019283
0.595741
0.040003
0.009509
0.051007
0.116794
0.047444
0.501088
0.017984
0.242197
0.758115
0.387033
0.707602
0.054011
0.119891
0.035246
0.078704
0.079990
0.113348
0.054710
0.027083
0.583914
0.051876
0.021183
0.074273
0.098567
0.035384
0.480582
0.446981
0.401571
0.248118
0.217050
0.417454
0.259301
0.480791
0.577204
0.404290
0.359635
0.459298
0.479843
0.214237
0.506634
0.499343
0.559006
0.431284
0.466396
0.245764
0.719725
0.364561
0.678035
0.050676
0.106000
0.033517
0.076837
0.073760
0.115596
0.051713
0.014365
0.569040
0.039715
0.019356
0.070145
0.091449
0.039424
0.705683
0.176149
0.540460
0.124853
0.257052
0.263794
0.401401
0.092785
0.081245
0.339594
0.278043
0.406571
0.329088
0.302110
0.400050
0.084286
0.202612
0.602542
0.394989
0.661344
0.641815
0.753120
0.755291
0.698628
0.641508
0.747174
0.709097
0.464145
0.720835
0.740224
0.734244
0.697667
0.742205
0.294983
0.265590
0.292381
0.389479
0.525043
0.224526
0.184434
0.417144
0.384157
0.168814
0.439644
0.420508
0.514190
0.226670
0.343410
0.591361
0.510133
0.700191
0.753369
0.597005
0.511353
0.675385
0.680309
0.223348
0.686979
0.723431
0.748192
0.616276
0.693796
0.117983
0.077133
0.157991
0.036625
0.046460
0.110919
0.062743
0.456030
0.112275
0.086225
0.149647
0.051435
0.060784
0.103946
0.197563
0.105910
0.111359
0.093301
0.114796
0.465703
0.143669
0.109640
0.191154
0.139000
0.106649
0.097203
0.084120
0.131785
0.043988
0.044053
0.587806
0.054115
0.020382
0.081780
0.107106
0.029771
0.217668
0.256162
0.053467
0.042750
0.680294
0.032942
0.053974
0.015660
0.239454
0.153743
0.031913
0.144751
0.102945
0.463243
0.151321
0.109240
0.210290
0.008009
0.047473
0.173333
0.139836
0.391564
0.200706
0.156146
0.250311
0.041913
0.097570
0.030683
0.598018
0.042666
0.028782
0.052043
0.183815
0.097728
0.568546
0.025090
0.015952
0.039377
0.123739
0.067127
0.619796
0.606573
0.652018
0.467476
0.553115
0.031610
0.039644
0.174634
0.091955
0.041154
0.129487
0.046007
0.229133
0.138532
0.058234
