0.732489
0.719276
0.482249
0.503541
0.739475
0.676683
0.725595
0.689306
0.559625
0.589393
0.641167
0.791920
0.609417
0.648917
0.799210
0.612615
0.517139
0.573171
0.616920
0.670909
0.598049
0.551437
0.679863
0.626689
0.651019
0.697624
0.642054
0.667896
0.604895
0.675446
0.690558
0.675523
0.745056
0.648579
0.520040
0.567742
0.691489
0.604942
0.638966
0.692187
0.645830
0.713671
0.631327
0.696073
0.653984
0.738238
0.725580
0.546095
0.677241
0.786903
0.696506
0.724917
0.736031
0.650195
0.724469
0.597072
0.800584
0.791213
0.755928
0.701051
0.772604
0.824536
0.751223
0.666373
0.742184
0.824087
0.603841
0.810765
0.690999
0.749230
0.646210
0.754795
0.798097
0.627363
0.703416
0.789151
0.672050
0.784475
0.711145
0.769219
0.714292
0.830029
0.707189
0.701051
0.655594
0.831404
0.735134
0.734224
0.740880
0.775819
0.762491
0.780654
0.726081
0.686963
0.737962
0.719193
0.593432
0.745217
0.668408
0.721040
0.772794
0.734874
0.729627
0.714630
0.664376
0.694703
0.683478
0.706735
0.645721
0.629289
0.605859
0.738108
0.748499
0.696026
0.595221
0.467631
0.550608
0.588696
0.627144
0.852767
0.595374
0.458896
0.735623
0.636633
0.762893
0.656020
0.784328
0.663279
0.739205
0.725742
0.688827
0.613399
0.737404
0.564226
0.692692
0.805349
0.758550
0.681124
0.659472
0.742180
0.550877
0.736668
0.636472
0.828626
0.555686
0.676166
0.649090
0.737875
0.660759
0.774675
0.651436
0.702547
0.783799
0.637541
0.692992
0.794189
0.582465
0.669069
0.479138
0.585556
0.717186
0.693534
0.627615
0.736340
0.577020
0.760739
0.612858
0.726469
0.656472
0.576903
0.738144
0.677153
0.691262
0.719930
0.641050
0.581425
0.602093
0.717312
0.682977
0.722706
0.791873
0.736153
0.732234
0.677998
0.644322
0.537497
0.729370
0.684859
0.598551
0.626100
0.604778
0.600452
0.589769
0.662839
0.655964
0.512065
0.665308
0.703175
0.572782
0.570054
0.636390
0.577417
0.503304
0.517565
0.472562
0.479738
0.559702
0.544451
0.602103
0.656317
0.613532
0.611527
0.601457
0.645276
0.634573
0.683122
0.645378
0.585625
0.686960
0.529860
0.515910
0.600706
0.630174
0.597601
0.597573
0.587570
0.683919
0.681638
0.491359
0.556920
0.559435
0.578956
0.639081
0.563008
0.777951
0.532195
0.475745
0.682290
0.665466
0.657446
0.557207
0.516580
0.231636
0.571683
0.589962
0.607474
0.716699
0.618869
0.536231
0.442976
0.609654
0.576078
0.560151
0.669192
0.801929
0.636463
0.696179
0.785182
0.634038
0.597741
0.615106
0.709677
0.654198
0.622137
0.544933
0.645548
0.691056
0.702273
0.673100
0.568950
0.652630
0.603358
0.411997
0.423669
0.539618
0.513741
0.427140
0.640690
0.708314
0.586871
0.582426
0.664432
0.658549
0.589239
0.632508
0.603568
0.614745
0.718932
0.628702
0.664061
0.576801
0.567664
0.552119
0.671963
0.614464
0.627668
0.680690
0.518413
0.580478
0.622821
0.635815
0.613047
0.631051
0.670070
0.673376
0.695545
0.532444
0.574175
0.713407
0.617105
0.616640
0.556805
0.631222
0.738908
0.358214
0.428820
0.563943
0.634327
0.620477
0.578647
0.690782
0.642245
0.632949
0.629122
0.586243
0.644870
0.516741
0.608595
0.530610
0.654220
0.633081
0.677231
0.647166
0.463021
0.491256
0.571276
0.620810
0.494172
0.581315
0.710458
0.576721
0.575307
0.661842
0.603706
0.589067
0.692224
0.697348
0.632379
0.672592
0.568989
0.560194
0.622245
0.637212
0.499536
0.508500
0.671656
0.575448
0.395480
0.414927
0.591684
0.515055
0.455882
0.658349
0.778496
0.829377
0.688382
0.714556
0.624065
0.678213
0.675274
0.772505
0.463762
0.727568
0.711946
0.573866
0.630114
0.591438
0.602444
0.610699
0.661121
0.641233
0.510965
0.651424
0.631356
0.470061
0.614158
0.620817
0.619769
0.705546
0.552681
0.585775
0.549284
0.550697
0.776711
0.568055
0.748846
0.818800
0.610945
0.617308
0.601914
0.604720
0.577101
0.714398
0.655220
0.517226
0.533504
0.377386
0.777353
0.628928
0.647227
0.808830
0.737282
0.714035
0.776848
0.679320
0.597829
0.554299
0.629473
0.498607
0.543018
0.744495
0.642780
0.581764
0.644148
0.772966
0.577321
0.768995
0.749573
0.710965
0.762443
0.639425
0.727136
0.762026
0.673787
0.632128
0.589346
0.772955
0.715237
0.503176
0.708264
0.792737
0.543328
0.606673
0.700592
0.772858
0.602311
0.595647
0.669011
0.661514
0.683574
0.606483
0.648863
0.670844
0.592683
0.534856
0.608962
0.611947
0.617524
0.273522
0.593014
0.584219
0.621624
0.492477
0.655809
0.571254
0.628053
0.650601
0.733510
0.570145
0.510519
0.656054
0.569443
0.688425
0.504891
0.662453
0.789171
0.629531
0.500438
0.542593
0.627379
0.551597
0.668829
0.613260
0.778344
0.713498
0.551894
0.672241
0.786274
0.681232
0.697232
0.709652
0.683055
0.583091
0.540688
0.633490
0.510147
0.551954
0.751230
0.571813
0.552244
0.672342
0.618580
0.468276
0.720148
0.745301
0.568814
0.695644
0.522548
0.649344
0.695215
0.688831
0.666254
0.577313
0.703629
0.655648
0.466014
0.608781
0.624535
0.409214
0.546758
0.703044
0.715110
0.654593
0.599844
0.599212
0.541010
0.757303
0.780225
0.539845
0.530057
0.591491
0.597966
0.559225
0.607134
0.745636
0.554706
0.612587
0.573930
0.624286
0.576175
0.572280
0.688134
0.776196
0.644747
0.591047
0.617132
0.600332
0.767117
0.566051
0.687441
0.772640
0.617917
0.455728
0.380640
0.664726
0.572021
0.512775
0.653551
0.680147
0.554159
0.731122
0.650595
0.607018
0.486738
0.548272
0.551766
0.676683
0.540309
0.642409
0.645492
0.733346
0.715981
0.686914
0.713092
0.655135
0.541763
0.672496
0.682884
0.682150
0.626204
0.471460
0.618519
0.681859
0.683726
0.710435
0.648423
0.671939
0.615062
0.523103
0.570991
0.469977
0.537457
0.514363
0.579215
0.711932
0.657079
0.637298
0.749853
0.665676
0.524942
0.543595
0.394895
0.476323
0.483836
0.661696
0.749035
0.609577
0.444977
0.714409
0.678948
0.594574
0.611444
0.662505
0.641291
0.614419
0.604637
0.617154
0.602214
0.641383
0.468091
0.698191
0.656172
0.571375
0.527717
0.535408
0.570607
0.513983
0.502316
0.616520
0.813179
0.681386
0.758434
0.769187
0.586102
0.495148
0.657498
0.740455
0.640830
0.638692
0.875929
0.666347
0.634363
0.736502
0.697964
0.758912
0.650309
0.764088
0.791221
0.749475
0.666929
0.720517
0.649124
0.777475
0.556480
0.723696
0.797149
0.589338
0.671400
0.608020
0.741054
0.669846
0.638493
0.756811
0.827862
0.696946
0.686974
0.601341
0.510515
0.510130
0.560521
0.543847
0.608072
0.772241
0.425988
0.551197
0.642820
0.572905
0.570009
0.468216
0.624267
0.699074
0.599962
0.579505
0.618796
0.543085
0.679422
0.521985
0.691456
0.687802
0.627085
0.549587
0.450894
0.583405
0.561354
0.616921
0.535356
0.691057
0.493956
0.452571
0.659683
0.716121
0.675144
0.705120
0.672781
0.740251
0.723210
0.676098
0.640353
0.630485
0.673204
0.713003
0.511842
0.788581
0.679251
0.495308
0.563933
0.629705
0.692045
0.647415
0.702437
0.532638
0.704011
0.575390
0.700852
0.687057
0.714092
0.704011
0.562142
0.746393
0.594514
0.631674
0.749719
0.647436
0.760094
0.697561
0.656467
0.716464
0.766335
0.619948
0.597680
0.733893
0.738883
0.648999
0.734312
0.560790
0.462312
0.610635
0.742971
0.681001
0.710826
0.698502
0.693709
0.645787
0.592281
0.670136
0.617436
0.704702
0.594281
0.578234
0.695558
0.578175
0.539562
0.592486
0.476253
0.558207
0.689516
0.620433
0.589067
0.473457
0.524472
0.558942
0.582342
0.574939
0.687130
0.541969
0.488859
0.445675
0.591122
0.720506
0.512910
0.595140
0.632760
0.553720
0.473650
0.513665
0.534907
0.532920
0.541345
0.555129
0.667716
0.503039
0.513734
0.475397
0.545604
0.666580
0.506223
0.490894
0.711592
0.662804
0.535160
0.586835
0.599837
0.592273
0.552043
0.473767
0.606271
0.561606
0.595993
0.522452
0.517238
0.691438
0.544849
0.355725
0.344181
0.607520
0.429928
0.516443
0.573897
0.865134
0.472397
0.285384
0.569877
0.799801
0.400912
0.439209
0.690145
0.569466
0.689924
0.502542
0.633434
0.634552
0.590019
0.598144
0.572069
0.533800
0.658654
0.448552
0.647760
0.707124
0.653997
0.549586
0.568987
0.642597
0.358880
0.621075
0.563916
0.702127
0.480712
0.647310
0.588304
0.602181
0.496900
0.707669
0.612299
0.621783
0.594144
0.682222
0.553159
0.570870
0.563412
0.529048
0.575240
0.636357
0.591304
0.632398
0.692767
0.700524
0.489279
0.490869
0.619845
0.504464
0.575359
0.550835
0.733664
0.587800
0.758337
0.413528
0.417048
0.665285
0.562234
0.645839
0.594854
0.683724
0.574677
0.663218
0.550778
0.621461
0.551201
0.703462
0.450113
0.574968
0.702165
0.572008
0.523385
0.572988
0.622062
0.348740
0.578099
0.629144
0.721097
0.700755
0.521602
0.571197
0.482591
0.621031
0.529517
0.609712
0.694076
0.685302
0.610008
0.547611
0.625887
0.542305
0.744466
0.514037
0.677236
0.757905
0.650888
0.550712
0.534942
0.609126
0.556785
0.645097
0.614599
0.733570
0.765257
0.709932
0.651755
0.783177
0.641985
0.792438
0.782546
0.801299
0.633935
0.582784
0.800439
0.746074
0.795585
0.712092
0.718302
0.847082
0.693681
0.582939
0.643974
0.758971
0.702939
0.735101
0.728373
0.861138
0.528696
0.627685
0.511141
0.681871
0.582548
0.656904
0.664868
0.648675
0.621016
0.706989
0.537883
0.664962
0.527476
0.613871
0.722683
0.602362
0.549589
0.568120
0.589145
0.384798
0.651691
0.652733
0.642285
0.680247
0.681136
0.601284
0.600910
0.735741
0.575440
0.763809
0.568700
0.636423
0.511954
0.587538
0.382250
0.600571
0.670173
0.590761
0.521654
0.525680
0.667250
0.511807
0.559822
0.561125
0.880422
0.612746
0.564576
0.670899
0.660092
0.873059
0.654764
0.552299
0.740933
0.638730
0.763257
0.562683
0.780945
0.847536
0.568079
0.553294
0.663591
0.726814
0.639205
0.704420
0.599026
0.649603
0.662084
0.647474
0.612811
0.620604
0.515810
0.504709
0.491545
0.648353
0.717946
0.545626
0.720158
0.711322
0.642527
0.597566
0.588274
0.525757
0.543139
0.703287
0.670456
0.476971
0.601906
0.694124
0.701527
0.585815
0.473463
0.619422
0.568183
0.710734
0.616117
0.605242
0.689433
0.580044
0.489048
0.493342
0.594404
0.540220
0.417100
0.686913
0.819102
0.660128
0.782021
0.585116
0.613046
0.683087
0.500348
0.785795
0.562139
0.788386
0.753870
0.577949
0.581197
0.575714
0.709852
0.634088
0.625211
0.620050
0.776091
0.740206
0.428946
0.517553
0.604846
0.683163
0.761768
0.581097
0.737563
0.738400
0.675960
0.607994
0.696317
0.629457
0.623125
0.731223
0.623781
0.739381
0.687112
0.647405
0.625028
0.698397
0.617978
0.646116
0.623749
0.756758
0.771510
0.586675
0.630444
0.596632
0.455091
0.635278
0.676160
0.787950
0.496910
0.565155
0.602167
0.729066
0.596846
0.704409
0.767464
0.633468
0.536529
0.535390
0.568929
0.556968
0.680854
0.643343
0.724668
0.484136
0.586993
0.687848
0.536645
0.617766
0.652284
0.545714
0.453956
0.484187
0.512657
0.488871
0.550836
0.515703
0.685300
0.647877
0.717260
0.628550
0.620767
0.649345
0.723346
0.578066
0.538354
0.509051
0.618800
0.604544
0.570503
0.626662
0.723120
0.434124
0.689394
0.573365
0.533440
0.534420
0.591623
0.679240
0.572629
0.662502
0.617553
0.751882
0.676060
0.670295
0.684853
0.704439
0.521020
0.610625
0.612981
0.676798
0.662114
0.671412
0.803933
0.610168
0.724119
0.498901
0.538086
0.533541
0.645529
0.516130
0.659717
0.625052
0.711004
0.641381
0.698289
0.479774
0.517015
0.660611
0.532891
0.537645
0.692239
0.810122
0.813130
0.631303
0.674608
0.670691
0.726106
0.527106
0.678528
0.730421
0.502828
0.623264
0.705290
0.633890
0.584695
0.704835
0.710365
0.288694
0.617188
0.489122
0.421190
0.533026
0.717317
0.530261
0.531643
0.459896
0.568954
0.810699
0.504650
0.650477
0.627734
0.677486
0.563773
0.603460
0.716811
0.649546
0.772267
0.722425
