0.634825
0.568025
0.642693
0.588540
0.621843
0.581617
0.498613
0.639158
0.565059
0.593087
0.667948
0.468702
0.675905
0.643515
0.715929
0.688978
0.383202
0.507754
0.589339
0.482802
0.517042
0.663146
0.580340
0.566443
0.453091
0.458057
0.670479
0.597748
0.650273
0.508031
0.730830
0.686327
0.568369
0.503230
0.562805
0.610408
0.566275
0.456902
0.547515
0.477720
0.407515
0.523517
0.435878
0.505962
0.667996
0.821476
0.613047
0.496375
0.634612
0.806103
0.740544
0.653845
0.802259
0.849019
0.796434
0.751636
0.677962
0.678420
0.786147
0.705658
0.760330
0.660695
0.629606
0.732551
0.654985
0.661719
0.772366
0.730802
0.701961
0.834437
0.817605
0.773463
0.685408
0.702723
0.772240
0.458187
0.804562
0.650284
0.847853
0.681042
0.715549
0.639179
0.671145
0.483468
0.729492
0.483448
0.725994
0.697335
0.627626
0.802562
0.654348
0.712509
0.839244
0.776006
0.847619
0.603272
0.451303
0.706358
0.622271
0.757907
0.802559
0.684890
0.623634
0.594995
0.710675
0.754517
0.603554
0.832024
0.684142
0.808962
0.708439
0.540667
0.662748
0.713047
0.715789
0.589663
0.737231
0.781199
0.740756
0.533822
0.498651
0.818233
0.681354
0.583881
0.522433
0.746825
0.751682
0.705841
0.587140
0.618286
0.735310
0.692174
0.674789
0.696694
0.688991
0.522443
0.698613
0.587172
0.639288
0.714241
0.852645
0.718020
0.577171
0.817356
0.693006
0.672844
0.489363
0.712986
0.740532
0.503806
0.569433
0.720518
0.455168
0.793382
0.528125
0.798303
0.598675
0.545938
0.550330
0.629079
0.644927
0.535003
0.591004
0.690739
0.757385
0.609411
0.597311
0.633777
0.703393
0.649729
0.579209
0.616693
0.657678
0.702354
0.525456
0.615810
0.535627
0.658720
0.653254
0.691914
0.642599
0.465992
0.556452
0.820438
0.584100
0.689234
0.807870
0.803895
0.671099
0.634000
0.709777
0.712557
0.661806
0.704695
0.593683
0.664061
0.626930
0.588346
0.640261
0.528332
0.765940
0.577542
0.577699
0.595558
0.566462
0.710401
0.617132
0.724498
0.699395
0.607567
0.550351
0.639278
0.775061
0.601376
0.764551
0.517201
0.611800
0.604814
0.609977
0.601473
0.461891
0.558317
0.615237
0.608199
0.595348
0.704660
0.540452
0.705058
0.719262
0.610600
0.687782
0.731980
0.746298
0.555213
0.657319
0.729826
0.728768
0.726042
0.642516
0.653190
0.752907
0.658227
0.745708
0.716047
0.814673
0.649454
0.592754
0.734809
0.736460
0.678871
0.547680
0.683676
0.662093
0.730481
0.652875
0.633564
0.835049
0.842310
0.852769
0.677185
0.776836
0.926766
0.728577
0.698092
0.688069
0.616820
0.645409
0.748345
0.791145
0.639787
0.555667
0.642516
0.769035
0.659305
0.693310
0.810047
0.821763
0.669413
0.811668
0.713564
0.868691
0.604775
0.588798
0.689990
0.531435
0.766158
0.626953
0.852247
0.598756
0.633883
0.635300
0.708416
0.628141
0.693029
0.433429
0.738934
0.685846
0.652228
0.692031
0.641851
0.695770
0.786975
0.689021
0.675016
0.643474
0.790638
0.682228
0.651789
0.642935
0.627649
0.671451
0.741274
0.619766
0.543718
0.541049
0.839471
0.656154
0.685529
0.857643
0.722270
0.742602
0.778876
0.702286
0.652884
0.731140
0.733823
0.566329
0.765509
0.666188
0.636909
0.650582
0.622163
0.519207
0.606432
0.662621
0.566061
0.670992
0.700241
0.670005
0.557161
0.568586
0.692216
0.663117
0.616828
0.531285
0.671069
0.639873
0.589248
0.553865
0.556455
0.716881
0.646569
0.593622
0.580001
0.669612
0.569175
0.715263
0.669293
0.552053
0.707460
0.816479
0.334623
0.557619
0.702175
0.632061
0.632751
0.755605
0.698123
0.820673
0.698561
0.740719
0.729444
0.619699
0.675923
0.720705
0.664875
0.615825
0.715681
0.772635
0.757666
0.665094
0.672716
0.776170
0.751140
0.730229
0.629843
0.685128
0.735484
0.714186
0.560434
0.639824
0.661139
0.776331
0.686000
0.790023
0.733632
0.552591
0.728526
0.684968
0.663315
0.716513
0.750970
0.809976
0.579560
0.759656
0.428121
0.591872
0.442894
0.682127
0.429475
0.714874
0.472974
0.539138
0.468960
0.554386
0.574484
0.482097
0.529828
0.579336
0.575367
0.567696
0.465750
0.647533
0.649972
0.573386
0.534755
0.609836
0.534892
0.610995
0.533428
0.605550
0.531160
0.600806
0.510211
0.580341
0.536551
0.410428
0.446412
0.655052
0.503357
0.613416
0.756682
0.732365
0.524092
0.564170
0.624817
0.551441
0.712752
0.560055
0.724270
0.507548
0.586515
0.522640
0.604845
0.616893
0.538216
0.443540
0.618543
0.644282
0.613048
0.546620
0.670623
0.686963
0.601643
0.630966
0.707903
0.696790
0.561057
0.598859
0.678327
0.545509
0.665165
0.547640
0.596848
0.622353
0.480560
0.461598
0.620809
0.596731
0.559060
0.757945
0.699428
0.681726
0.654539
0.620751
0.731140
0.469707
0.876587
0.630117
0.697474
0.581071
0.566871
0.709525
0.569973
0.637473
0.686400
0.701682
0.694367
0.632444
0.719398
0.804353
0.735979
0.657708
0.520816
0.604502
0.718429
0.764954
0.634868
0.576473
0.685110
0.651400
0.692784
0.715861
0.565166
0.698331
0.745443
0.644411
0.697077
0.842178
0.725687
0.728170
0.679300
0.678777
0.556932
0.788460
0.545849
0.514121
0.428860
0.470531
0.511600
0.461182
0.569213
0.621747
0.610220
0.481261
0.449249
0.633475
0.649369
0.499998
0.472449
0.655766
0.602433
0.623648
0.531478
0.617885
0.538407
0.611822
0.562848
0.446999
0.521306
0.342175
0.452782
0.666558
0.526507
0.676619
0.788590
0.660655
0.558568
0.595193
0.642902
0.834705
0.544358
0.641770
0.640842
0.677281
0.681753
0.691392
0.763477
0.563178
0.660501
0.569996
0.642734
0.870370
0.876613
0.751386
0.645364
0.781565
0.794841
0.597914
0.765907
0.649012
0.689910
0.655801
0.713353
0.586036
0.587381
0.687151
0.629327
0.790759
0.659547
0.764967
0.841807
0.837174
0.790226
0.755219
0.789786
0.544194
0.510114
0.418011
0.440576
0.682353
0.474405
0.545912
0.562899
0.562828
0.622575
0.581054
0.600892
0.697809
0.568349
0.588331
0.439041
0.382727
0.532676
0.550968
0.499661
0.437655
0.564397
0.511313
0.573876
0.619594
0.453890
0.585217
0.741083
0.572586
0.577895
0.726558
0.685487
0.613142
0.448211
0.839837
0.767632
0.770660
0.883476
0.717083
0.736450
0.790909
0.851596
0.869671
0.649314
0.731753
0.762024
0.589232
0.826804
0.710655
0.901448
0.777019
0.713539
0.637747
0.763655
0.757593
0.723890
0.605294
0.780592
0.760212
0.708265
0.801580
0.855562
0.573722
0.840336
0.663890
0.772449
0.680847
0.611028
0.596106
0.584252
0.626684
0.603827
0.565828
0.545743
0.700150
0.660360
0.613177
0.545515
0.620875
0.729111
0.617832
0.654907
0.609086
0.703722
0.657973
0.607925
0.553152
0.522478
0.590392
0.612701
0.660672
0.668104
0.472152
0.604814
0.673121
0.616831
0.533286
0.704636
0.646274
0.674162
0.710582
0.504922
0.508532
0.521286
0.378196
0.645784
0.561088
0.536999
0.512537
0.392072
0.716809
0.554331
0.603956
0.443273
0.652123
0.608222
0.556905
0.469793
0.524851
0.571952
0.551544
0.436529
0.569202
0.502125
0.459988
0.499414
0.537535
0.515898
0.620244
0.799194
0.713006
0.494641
0.569465
0.381883
0.586334
0.427667
0.612458
0.606123
0.523483
0.506943
0.490539
0.607812
0.595077
0.472320
0.512439
0.533837
0.509079
0.523018
0.512424
0.572167
0.533201
0.614282
0.462286
0.452242
0.598706
0.443591
0.547772
0.680022
0.539371
0.635670
0.695037
0.631841
0.550670
0.517267
0.672511
0.490929
0.600641
0.502001
0.526450
0.600296
0.570424
0.741282
0.699505
0.584475
0.484143
0.587126
0.545233
0.514556
0.619539
0.527647
0.704725
0.614831
0.513517
0.424483
0.626236
0.556746
0.541570
0.752963
0.583592
0.678372
0.787297
0.721127
0.623509
0.621016
0.592232
0.698974
0.617879
0.610205
0.610358
0.528259
0.676980
0.706017
0.658705
0.636606
0.773426
0.799493
0.692705
0.553409
0.702326
0.557350
0.457192
0.577331
0.621979
0.370372
0.553136
0.633620
0.645378
0.584315
0.694986
0.837299
0.727090
0.606173
0.676694
0.588725
0.584343
0.631445
0.543510
0.385958
0.662747
0.626496
0.519841
0.539072
0.574885
0.555710
0.538623
0.504557
0.545039
0.555859
0.615094
0.498988
0.548934
0.630098
0.425335
0.534641
0.601846
0.578177
0.519775
0.760919
0.674500
0.524568
0.589411
0.592871
0.680739
0.660768
0.596750
0.661271
0.754717
0.683258
0.665314
0.627506
0.623131
0.662645
0.682038
0.686685
0.649666
0.673674
0.625928
0.699655
0.662938
0.563847
0.626461
0.719281
0.554261
0.589753
0.779908
0.628418
0.763606
0.661424
0.556651
0.588390
0.571927
0.791691
0.826842
0.748459
0.582293
0.756804
0.737058
0.522759
0.721756
0.625228
0.700191
0.596788
0.593749
0.575447
0.590230
0.639595
0.659057
0.774947
0.566155
0.659914
0.914825
0.718831
0.739540
0.673537
0.668591
0.596184
0.757462
0.734415
0.683097
0.605295
0.657708
0.689398
0.558255
0.690555
0.617756
0.625362
0.533107
0.511684
0.520636
0.558878
0.560699
0.593314
0.665571
0.666686
0.702707
0.852410
0.709017
0.685080
0.659518
0.455014
0.757771
0.638284
0.694832
0.471489
0.682829
0.689465
0.600468
0.515538
0.611249
0.644792
0.594125
0.531680
0.562367
0.514433
0.442930
0.589996
0.616960
0.478082
0.562312
0.863232
0.668419
0.546695
0.610210
0.739856
0.668512
0.598528
0.524618
0.662720
0.708547
0.556777
0.504008
0.620920
0.579385
0.645908
0.512192
0.531196
0.568791
0.444894
0.551480
0.571143
0.479600
0.597271
0.849245
0.642497
0.550608
0.645409
0.684749
0.634010
0.725105
0.458133
0.566308
0.728570
0.627526
0.698546
0.601551
0.673869
0.597261
0.727752
0.750564
0.628094
0.746739
0.806016
0.740704
0.791304
0.618565
0.702763
0.696553
0.695433
0.724731
0.622978
0.745663
0.460818
0.731120
0.445165
0.625853
0.711741
0.682488
0.358407
0.700628
0.728561
0.576102
0.775582
0.725540
0.648938
0.777270
0.593364
0.793206
0.430649
0.473854
0.691922
0.671598
0.592514
0.610553
0.623284
0.741138
0.699814
0.723442
0.612944
0.576994
0.693951
0.599698
0.675742
0.696439
0.709483
0.630399
0.680019
0.651204
0.710397
0.650098
0.708679
0.650679
0.510145
0.585747
0.449867
0.659025
0.677481
0.507548
0.507658
0.592990
0.502286
0.551590
0.618052
0.502337
0.704048
0.774433
0.718701
0.517616
0.634977
0.438896
0.704232
0.644330
0.597071
0.588069
0.680459
0.661076
0.774989
0.737118
0.534613
0.750305
0.841467
0.696522
0.676449
0.766485
0.729868
0.657462
0.692230
0.702865
0.591907
0.609648
0.663574
0.807463
0.475808
0.700139
0.737165
0.613541
0.743716
0.782650
0.661820
0.750234
0.670567
0.712615
0.541570
0.516343
0.716614
0.466523
0.688627
0.641402
0.430808
0.287221
0.606260
0.566781
0.490212
0.700179
0.610370
0.643817
0.851596
0.687356
0.707859
0.605164
0.587386
0.552202
0.553171
0.520510
0.690463
0.659512
0.391703
0.689894
0.647457
0.497843
0.669322
0.645809
0.706317
0.356071
0.549312
0.636775
0.600837
0.583611
0.580605
0.672140
0.503429
0.661810
0.716440
0.628620
0.662271
0.775857
0.690855
0.532502
0.681960
0.577452
0.630542
0.694875
0.622116
0.398540
0.660210
0.709295
0.605666
0.693324
0.693029
0.748383
0.595690
0.638617
0.568633
0.626161
0.466689
0.519456
0.640982
0.731881
0.602068
0.571565
0.778134
0.711621
0.641127
0.636476
0.429685
0.536181
0.503244
0.542675
0.552880
0.518914
0.642705
0.718390
0.660460
0.498037
0.343708
0.554034
0.564356
0.432189
0.668241
0.542935
0.665572
0.868678
0.688237
0.670256
0.598728
0.568683
0.515598
0.645375
0.505992
0.713752
0.899440
0.750842
0.689773
0.613037
0.488429
0.553482
0.511298
0.549924
0.744917
0.699113
0.465708
0.609003
0.684575
0.569344
0.662895
0.898063
0.790186
0.701968
0.673827
0.712463
0.672118
0.936379
0.679749
0.609641
0.709982
0.696895
0.813442
0.688758
0.543453
0.643840
0.754250
0.669371
0.743708
0.705765
0.869492
0.631904
0.738923
0.720149
0.741489
0.595391
