0.735399
0.537085
0.550159
0.485918
0.626227
0.577316
0.620259
0.578474
0.575205
0.533986
0.727491
0.676807
0.486857
0.624243
0.707844
0.553439
0.702945
0.591491
0.662750
0.658797
0.636832
0.598091
0.470582
0.610665
0.504315
0.509718
0.609186
0.552344
0.633263
0.632102
0.680131
0.699956
0.006306
0.845062
0.652222
0.620395
0.629404
0.497258
0.717300
0.677068
0.639438
0.618838
0.642929
0.651580
0.589898
0.514935
0.488553
0.613444
0.573212
0.637374
0.543565
0.618825
0.619094
0.698947
0.742882
0.739058
0.673273
0.688991
0.552778
0.672836
0.664357
0.867444
0.839696
0.651680
0.702664
0.680068
0.754281
0.689197
0.663176
0.746995
0.812574
0.707923
0.616973
0.675383
0.655752
0.642405
0.743948
0.652660
0.782724
0.844804
0.738141
0.673195
0.772410
0.812858
0.714678
0.761723
0.858085
0.829168
0.723784
0.682334
0.691313
0.751659
0.602795
0.723458
0.623783
0.528818
0.824781
0.431488
0.599465
0.579837
0.451849
0.534754
0.582406
0.460780
0.521564
0.637041
0.586965
0.531116
0.531607
0.655213
0.489868
0.576391
0.281415
0.457022
0.568489
0.471315
0.596427
0.672911
0.571332
0.464073
0.472469
0.575502
0.532738
0.632261
0.484955
0.616777
0.702511
0.532240
0.660307
0.670403
0.554546
0.587305
0.576866
0.716755
0.640652
0.663714
0.588886
0.600659
0.611716
0.426476
0.586629
0.346628
0.507603
0.570043
0.500190
0.691361
0.431738
0.564112
0.634125
0.525219
0.367255
0.541355
0.599640
0.528025
0.656311
0.556858
0.504227
0.491528
0.536391
0.543966
0.443377
0.607083
0.594220
0.583351
0.609794
0.513281
0.402844
0.562464
0.589911
0.550333
0.436453
0.525910
0.618371
0.555114
0.546852
0.667696
0.612556
0.539367
0.547620
0.598920
0.621132
0.639626
0.567680
0.635370
0.676801
0.472262
0.444903
0.397046
0.473739
0.513386
0.595510
0.609820
0.666003
0.598514
0.526359
0.564157
0.611643
0.584922
0.479248
0.819550
0.686078
0.419622
0.630738
0.626683
0.728132
0.599581
0.710714
0.565998
0.561856
0.506428
0.522877
0.539568
0.643350
0.607663
0.593932
0.600532
0.636589
0.754526
0.512605
0.786305
0.711608
0.751523
0.636521
0.551329
0.724706
0.810288
0.578581
0.565818
0.632173
0.700180
0.537997
0.584476
0.383120
0.452400
0.533491
0.708767
0.757223
0.788893
0.721838
0.722703
0.678686
0.687909
0.631449
0.806932
0.861929
0.619042
0.757334
0.587794
0.777151
0.718440
0.777076
0.758394
0.727851
0.694340
0.541210
0.714355
0.638745
0.724578
0.772383
0.633619
0.787665
0.831310
0.629743
0.837155
0.754791
0.824490
0.806507
0.722314
0.849344
0.848694
0.710150
0.733983
0.781261
0.774641
0.618195
0.744050
0.604794
0.645014
0.711950
0.617110
0.634329
0.608243
0.385047
0.563218
0.637115
0.569452
0.576750
0.588270
0.552844
0.523011
0.500739
0.413607
0.542285
0.583635
0.614261
0.574838
0.590964
0.518999
0.505372
0.559532
0.556025
0.555124
0.451597
0.640939
0.596741
0.586861
0.691656
0.751139
0.611027
0.589273
0.574790
0.655934
0.587483
0.695051
0.595831
0.676538
0.694855
0.535388
0.504400
0.403229
0.447865
0.545692
0.614065
0.501527
0.508370
0.591106
0.599544
0.640478
0.806737
0.761798
0.733875
0.603691
0.638481
0.635917
0.785703
0.786767
0.731483
0.653205
0.631917
0.529557
0.522819
0.578236
0.738068
0.652665
0.549515
0.712193
0.797133
0.646048
0.860699
0.741615
0.775453
0.636608
0.657865
0.834206
0.674363
0.762084
0.680984
0.608453
0.802531
0.664946
0.636010
0.527214
0.594031
0.570936
0.620218
0.619706
0.657468
0.686734
0.570786
0.820252
0.712801
0.775572
0.725869
0.624420
0.676677
0.818824
0.759370
0.669516
0.668088
0.752531
0.675531
0.601528
0.547415
0.704618
0.687563
0.616712
0.730543
0.890510
0.580764
0.907302
0.808900
0.768910
0.632214
0.556590
0.802815
0.697891
0.576350
0.430093
0.652062
0.807154
0.656555
0.678801
0.484694
0.639694
0.637289
0.523502
0.613423
0.616119
0.510368
0.714783
0.672718
0.562878
0.613385
0.560250
0.539589
0.675921
0.611684
0.574898
0.579272
0.594559
0.516353
0.475183
0.584666
0.609318
0.599761
0.580737
0.630281
0.739116
0.599104
0.722701
0.735071
0.731302
0.559127
0.632547
0.843672
0.660272
0.688399
0.646526
0.552277
0.660290
0.530701
0.614936
0.445126
0.399080
0.621945
0.593962
0.558074
0.480574
0.638824
0.481318
0.571487
0.501215
0.626539
0.514055
0.499019
0.673215
0.599338
0.503321
0.597996
0.514134
0.395026
0.544118
0.526685
0.518923
0.475969
0.552712
0.596554
0.549307
0.693591
0.744384
0.623637
0.525410
0.533370
0.646513
0.493299
0.698885
0.588036
0.560140
0.699676
0.563001
0.428933
0.395933
0.450232
0.431338
0.616489
0.721343
0.893318
0.764348
0.618149
0.674955
0.614348
0.718872
0.714910
0.710128
0.767465
0.734712
0.519482
0.585332
0.648843
0.538333
0.581246
0.755636
0.356705
0.739200
0.780451
0.730822
0.667173
0.805579
0.849618
0.660170
0.791037
0.849721
0.767625
0.787500
0.634484
0.743632
0.814160
0.490423
0.710108
0.576511
0.492767
0.692176
0.576612
0.777536
0.720219
0.606885
0.643427
0.657029
0.736023
0.696154
0.703195
0.670869
0.645417
0.544588
0.584012
0.596755
0.697093
0.635293
0.663454
0.648528
0.728883
0.758900
0.681516
0.738435
0.680795
0.755997
0.648964
0.685043
0.812173
0.674929
0.751000
0.657838
0.720472
0.713785
0.579287
0.693691
0.567840
0.582516
0.620459
0.634417
0.716909
0.469225
0.643804
0.616023
0.640145
0.689989
0.626548
0.537482
0.509335
0.592645
0.490922
0.550801
0.514790
0.547728
0.557783
0.608285
0.663141
0.759418
0.511685
0.798083
0.729416
0.739838
0.643738
0.594170
0.788518
0.720094
0.500063
0.682732
0.602371
0.699677
0.507000
0.589801
0.461088
0.519808
0.612629
0.712098
0.595362
0.770817
0.509891
0.488198
0.679975
0.571577
0.637762
0.689899
0.707585
0.633182
0.640028
0.760650
0.657779
0.665923
0.688671
0.713965
0.694277
0.623629
0.810995
0.868462
0.607784
0.709456
0.648175
0.788161
0.674063
0.819169
0.749801
0.762463
0.650493
0.645990
0.637084
0.628586
0.693308
0.747180
0.622094
0.639793
0.680032
0.688634
0.517791
0.710032
0.615986
0.644307
0.657188
0.748470
0.545825
0.772790
0.646790
0.485745
0.589523
0.596068
0.586494
0.713090
0.770524
0.849401
0.559108
0.370707
0.661032
0.538133
0.654986
0.853536
0.648369
0.681773
0.645732
0.769842
0.426706
0.516333
0.573621
0.575161
0.535590
0.487416
0.623263
0.455171
0.530726
0.407919
0.499925
0.492803
0.495443
0.551916
0.636618
0.453923
0.542601
0.470564
0.708821
0.581691
0.562390
0.561450
0.718178
0.559002
0.606667
0.654284
0.690325
0.799627
0.635678
0.671413
0.694417
0.551717
0.471889
0.515883
0.521336
0.422169
0.640446
0.652594
0.674343
0.559543
0.685450
0.611046
0.539900
0.666899
0.583537
0.537226
0.653768
0.603219
0.598826
0.492940
0.543579
0.576589
0.719461
0.670407
0.800762
0.648775
0.571356
0.731455
0.593545
0.720255
0.708941
0.647803
0.706197
0.730069
0.633239
0.521145
0.603109
0.494085
0.634138
0.530127
0.622238
0.462890
0.547835
0.664171
0.541650
0.500686
0.554850
0.669641
0.578559
0.657046
0.482576
0.635048
0.746457
0.603704
0.726196
0.795742
0.600962
0.602721
0.645238
0.759587
0.631660
0.707557
0.534741
0.679442
0.625448
0.445406
0.625001
0.471221
0.554549
0.640823
0.704498
0.534155
0.652889
0.778170
0.748378
0.567984
0.633881
0.597688
0.605880
0.743634
0.590472
0.720214
0.762288
0.668423
0.726789
0.739675
0.703778
0.575709
0.678280
0.819092
0.658325
0.678947
0.675101
0.621542
0.774447
0.588361
0.656971
0.478643
0.606133
0.732670
0.581337
0.565571
0.585529
0.566047
0.654880
0.420913
0.729767
0.609070
0.593330
0.562787
0.675321
0.348270
0.658093
0.552714
0.854167
0.450642
0.579269
0.661707
0.516910
0.685585
0.833886
0.627806
0.723227
0.494829
0.632680
0.499215
0.520491
0.490273
0.653810
0.651319
0.697144
0.594233
0.621969
0.604585
0.662233
0.494899
0.671849
0.625570
0.730744
0.642805
0.642646
0.653320
0.857222
0.585774
0.614597
0.723435
0.773996
0.654386
0.750190
0.659939
0.693310
0.597634
0.529066
0.666029
0.563613
0.560184
0.753606
0.593975
0.670819
0.645697
0.558829
0.741608
0.626554
0.617009
0.591767
0.719265
0.677287
0.614628
0.798856
0.858876
0.624836
0.641748
0.620035
0.766765
0.755791
0.545631
0.652704
0.743900
0.662682
0.510713
0.595513
0.597095
0.568534
0.726281
0.598357
0.590200
0.484673
0.657040
0.550533
0.563183
0.501965
0.693494
0.615961
0.495112
0.842569
0.841456
0.598482
0.665845
0.545971
0.715729
0.660724
0.692783
0.615606
0.716884
0.644020
0.678077
0.495777
0.571353
0.530818
0.589336
0.532289
0.550303
0.680059
0.526550
0.594063
0.526728
0.648364
0.631453
0.631208
0.742816
0.823412
0.649858
0.583713
0.740325
0.723834
0.572492
0.803944
0.633144
0.692613
0.690485
0.630281
0.594984
0.514478
0.408204
0.631385
0.504650
0.458349
0.457839
0.621788
0.510392
0.656278
0.682202
0.518359
0.766805
0.668241
0.725852
0.593271
0.606508
0.782052
0.671717
0.626115
0.672098
0.573207
0.665486
0.534649
0.601711
0.464309
0.519609
0.583857
0.584738
0.553869
0.506170
0.472171
0.573192
0.541425
0.528430
0.652735
0.770708
0.580650
0.501148
0.551552
0.684714
0.530034
0.766357
0.555010
0.557651
0.643145
0.602821
0.462977
0.407184
0.438855
0.482026
0.568861
0.698399
0.543664
0.738237
0.730930
0.622171
0.719164
0.780052
0.796675
0.582757
0.716701
0.929326
0.723876
0.593588
0.642451
0.548785
0.700618
0.533776
0.643819
0.474563
0.504214
0.709972
0.619834
0.441824
0.677927
0.570946
0.563994
0.651561
0.800802
0.638708
0.565555
0.691498
0.796458
0.743113
0.643927
0.629700
0.628243
0.600730
0.553191
0.574563
0.574232
0.488171
0.704921
0.580896
0.573878
0.603005
0.654997
0.807925
0.884466
0.565789
0.666481
0.583921
0.604314
0.627813
0.747365
0.692716
0.614937
0.662379
0.666263
0.434697
0.500114
0.502140
0.497758
0.667073
0.540473
0.639769
0.665107
0.804476
0.621959
0.561228
0.600810
0.717000
0.653097
0.704240
0.618455
0.666811
0.700097
0.492336
0.456456
0.489177
0.424355
0.570704
0.765542
0.700024
0.723030
0.795138
0.729550
0.675252
0.761540
0.567733
0.693007
0.771881
0.597448
0.692062
0.768713
0.723640
0.535562
0.581048
0.579482
0.537146
0.699324
0.597239
0.892216
0.480993
0.606793
0.780331
0.670926
0.701077
0.881803
0.715279
0.829295
0.572056
0.747064
0.498469
0.669386
0.564054
0.775717
0.831768
0.641827
0.617919
0.636294
0.483940
0.712363
0.694062
0.670031
0.624951
0.664379
0.643979
0.603330
0.530476
0.498930
0.634102
0.584714
0.881544
0.734110
0.629054
0.925566
0.769037
0.843419
0.893022
0.765818
0.837321
0.773913
0.703926
0.732817
0.705789
0.605734
0.825255
0.829127
0.847401
0.783444
0.828281
0.828461
0.807682
0.766264
0.662222
0.800466
0.708367
0.786746
0.681254
0.761904
0.739398
0.620479
0.704701
0.583122
0.682640
0.825154
0.633273
0.744868
0.536133
0.665816
0.464197
0.601504
0.641898
0.647878
0.712226
0.757550
0.654007
0.756601
0.526522
0.607567
0.645360
0.682327
0.493327
0.479568
0.517011
0.628164
0.730248
0.706928
0.675348
0.558098
0.690600
0.715092
0.631896
0.608487
0.466002
0.668834
0.506239
0.764342
0.893614
0.717773
0.806967
0.676686
0.816527
0.546048
0.683055
0.702432
0.636534
0.851013
0.685233
0.682180
0.785682
0.737679
0.600036
0.594398
0.657833
0.617092
0.677328
0.723886
0.864147
0.474555
0.726769
0.644500
0.687736
0.773618
0.648207
0.681632
0.589128
0.564937
0.475706
0.563341
0.614206
0.727634
0.704506
0.633726
0.474515
0.603859
0.644384
0.687311
0.645864
0.606505
0.659241
0.808081
0.682202
0.505011
0.493165
0.664513
0.499436
0.506484
0.513262
0.377405
0.421832
0.540658
