0.027036
0.021453
0.033197
0.052527
0.026938
0.051648
0.386628
0.055978
0.409550
0.269527
0.157113
0.050661
0.068432
0.041671
0.039988
0.031931
0.076150
0.144786
0.109173
0.068497
0.355305
0.117900
0.035858
0.056885
0.105857
0.121311
0.036826
0.039241
0.026447
0.044128
0.031222
0.048884
0.299260
0.027557
0.061102
0.053470
0.040793
0.370629
0.055853
0.130241
0.031572
0.482269
0.043162
0.033596
0.050325
0.033503
0.052738
0.067714
0.117673
0.027041
0.028827
0.028750
0.031698
0.024973
0.428323
0.031674
0.401102
0.220274
0.132100
0.033367
0.052375
0.086899
0.022067
0.056526
0.076036
0.174505
0.133619
0.030070
0.394731
0.104600
0.035742
0.050748
0.128570
0.120259
0.057331
0.057177
0.028336
0.033444
0.014671
0.030377
0.298371
0.030697
0.052599
0.045158
0.025888
0.433133
0.064793
0.217614
0.020133
0.479155
0.026678
0.058073
0.027120
0.041105
0.034012
0.054320
0.095792
0.014041
0.024217
0.012583
0.019206
0.453973
0.019751
0.407473
0.247045
0.113222
0.018079
0.037698
0.039441
0.028148
0.023162
0.039797
0.162352
0.105903
0.047363
0.429726
0.078678
0.012554
0.028079
0.085651
0.095646
0.015886
0.023702
0.036232
0.017737
0.011724
0.014604
0.318444
0.009783
0.037529
0.021330
0.015604
0.412012
0.043560
0.156150
0.015592
0.547433
0.025004
0.019150
0.016750
0.028879
0.026781
0.029914
0.090821
0.031302
0.022422
0.026651
0.436423
0.025526
0.350905
0.196051
0.151932
0.017294
0.049553
0.057957
0.029360
0.035871
0.052265
0.156211
0.122823
0.047161
0.415268
0.121355
0.027990
0.052486
0.074886
0.071233
0.029515
0.033500
0.042684
0.014912
0.019736
0.023054
0.273858
0.016035
0.060240
0.028061
0.031116
0.408509
0.039378
0.177938
0.018891
0.524233
0.027862
0.035363
0.019721
0.045991
0.039600
0.051692
0.064356
0.022326
0.020280
0.511849
0.018347
0.424069
0.227508
0.091955
0.017368
0.034519
0.065367
0.032566
0.055605
0.037661
0.182181
0.104679
0.027483
0.480975
0.070040
0.028490
0.029274
0.105636
0.092745
0.040963
0.045189
0.042314
0.023381
0.020297
0.020961
0.330003
0.027663
0.042273
0.021788
0.013747
0.481027
0.068339
0.230309
0.025737
0.563967
0.029164
0.042404
0.018588
0.036981
0.021940
0.029802
0.087192
0.033224
0.465022
0.023206
0.453944
0.279131
0.102356
0.020007
0.045599
0.035019
0.038235
0.042967
0.033002
0.184321
0.098577
0.050757
0.441305
0.075847
0.017383
0.030913
0.093099
0.109723
0.015545
0.018192
0.037893
0.025471
0.020942
0.028561
0.333849
0.014986
0.030941
0.015341
0.017176
0.433106
0.070402
0.163351
0.033318
0.567435
0.034060
0.009997
0.028790
0.014773
0.018831
0.030412
0.112288
0.499695
0.013929
0.407427
0.222475
0.102962
0.018677
0.033767
0.089663
0.023386
0.057277
0.050722
0.195989
0.150810
0.043944
0.472536
0.070529
0.022968
0.028900
0.107449
0.100461
0.047414
0.056317
0.048430
0.022141
0.012150
0.009507
0.316262
0.025572
0.044492
0.032299
0.013359
0.462534
0.064701
0.243611
0.019752
0.556929
0.027018
0.058647
0.011515
0.052929
0.032576
0.028181
0.076156
0.505319
0.464938
0.527869
0.685570
0.512916
0.529257
0.403289
0.449345
0.430874
0.494910
0.318328
0.389315
0.528742
0.061937
0.617639
0.470337
0.534110
0.387951
0.471210
0.437315
0.481035
0.401281
0.455308
0.486711
0.494531
0.462073
0.438199
0.549085
0.535357
0.515407
0.209777
0.433365
0.328011
0.444972
0.301736
0.503477
0.472206
0.509026
0.459043
0.532812
0.572386
0.463002
0.430912
0.234769
0.078382
0.006348
0.031480
0.080326
0.028962
0.066146
0.041158
0.197863
0.130911
0.036975
0.470179
0.065054
0.018641
0.030695
0.120396
0.107702
0.040399
0.044939
0.061991
0.028485
0.012901
0.008435
0.354535
0.026329
0.028587
0.018627
0.011888
0.458078
0.080051
0.225487
0.029424
0.563748
0.028069
0.042930
0.009301
0.038883
0.015425
0.016862
0.095921
0.145220
0.625585
0.413396
0.404920
0.458778
0.407470
0.358638
0.453629
0.372435
0.443088
0.403371
0.483892
0.583465
0.456220
0.475498
0.370945
0.270740
0.435648
0.420082
0.392856
0.349762
0.412018
0.408561
0.253341
0.381339
0.493947
0.441637
0.445069
0.426704
0.275280
0.439406
0.338442
0.460513
0.384820
0.461023
0.391624
0.498137
0.481195
0.491697
0.240139
0.417009
0.225476
0.207190
0.334464
0.230631
0.244043
0.299867
0.307022
0.297485
0.188413
0.534851
0.391139
0.287539
0.283028
0.277362
0.141628
0.290289
0.258781
0.239640
0.185329
0.229858
0.227209
0.200932
0.223605
0.287701
0.244654
0.249333
0.461211
0.147721
0.404092
0.175402
0.466129
0.191543
0.309674
0.208935
0.319223
0.270297
0.297087
0.087761
0.092369
0.083729
0.165775
0.142943
0.181565
0.109352
0.358572
0.218852
0.118729
0.628886
0.024583
0.107668
0.057065
0.284428
0.251465
0.134815
0.123738
0.172185
0.141613
0.093824
0.091018
0.520708
0.125316
0.049404
0.077297
0.067093
0.583123
0.214182
0.325826
0.142928
0.663149
0.102743
0.110722
0.101474
0.096345
0.059140
0.037623
0.259310
0.036027
0.071098
0.031362
0.057453
0.040865
0.192110
0.126684
0.034841
0.478624
0.079482
0.018547
0.036196
0.106547
0.095996
0.037714
0.040083
0.059103
0.025367
0.014039
0.011304
0.333968
0.024068
0.033331
0.014247
0.014364
0.465550
0.070387
0.219744
0.027401
0.570503
0.027161
0.036341
0.008145
0.041249
0.016365
0.022216
0.087956
0.096572
0.068211
0.076659
0.069121
0.230664
0.112692
0.051302
0.502998
0.063055
0.057625
0.022259
0.149254
0.100129
0.058957
0.036527
0.076074
0.033136
0.030404
0.032535
0.333720
0.040665
0.023655
0.023721
0.020232
0.413043
0.066172
0.203224
0.035543
0.560271
0.022644
0.057198
0.033860
0.057704
0.028859
0.026375
0.095782
0.086700
0.044651
0.048635
0.143213
0.070646
0.114906
0.381136
0.121425
0.049379
0.069155
0.078588
0.121814
0.023407
0.044884
0.066015
0.060518
0.076560
0.075393
0.340189
0.042825
0.090074
0.064084
0.069716
0.374933
0.081838
0.101277
0.070352
0.567389
0.088252
0.025724
0.081554
0.044724
0.076652
0.084473
0.147729
0.054136
0.063579
0.141887
0.148454
0.046596
0.417594
0.111088
0.025885
0.059187
0.111431
0.104758
0.059062
0.070597
0.037911
0.036190
0.020452
0.027327
0.326305
0.034004
0.067927
0.054489
0.035102
0.470082
0.070685
0.235665
0.030558
0.499611
0.037745
0.066029
0.021228
0.045162
0.047825
0.057733
0.092398
0.068673
0.123962
0.110590
0.078834
0.421478
0.129970
0.041994
0.072812
0.071071
0.100343
0.031730
0.048508
0.042431
0.042470
0.046320
0.051114
0.303959
0.031000
0.087932
0.060095
0.055609
0.398327
0.025940
0.134254
0.030429
0.528352
0.058636
0.043927
0.051799
0.060454
0.075653
0.080590
0.100626
0.188274
0.105287
0.098026
0.485759
0.076359
0.040565
0.043362
0.087532
0.090036
0.033992
0.056699
0.082004
0.038996
0.056291
0.045657
0.358638
0.037522
0.065561
0.041586
0.042313
0.452255
0.095958
0.208700
0.060904
0.617268
0.071639
0.039471
0.046351
0.050205
0.052915
0.046055
0.112456
0.203115
0.196363
0.288392
0.310137
0.161585
0.237545
0.149043
0.176567
0.175468
0.214852
0.139737
0.177463
0.184167
0.188892
0.394642
0.181228
0.267450
0.225125
0.210614
0.400341
0.159032
0.233001
0.159347
0.405717
0.206344
0.204686
0.181547
0.178906
0.231944
0.244811
0.204734
0.147000
0.390177
0.175296
0.127167
0.119750
0.133219
0.148636
0.084353
0.091020
0.122686
0.102251
0.137358
0.135526
0.367070
0.096429
0.130366
0.110234
0.121195
0.344992
0.119271
0.122658
0.112902
0.559245
0.131225
0.090654
0.135474
0.106279
0.120939
0.145712
0.170211
0.487480
0.112447
0.058739
0.060973
0.167505
0.115833
0.087740
0.072047
0.060607
0.051728
0.030779
0.042320
0.328510
0.054719
0.058208
0.041250
0.034557
0.510602
0.077602
0.264136
0.037500
0.526241
0.028724
0.079380
0.033450
0.063647
0.032607
0.057350
0.103022
0.581129
0.436844
0.506072
0.420195
0.471213
0.429776
0.467725
0.389201
0.448028
0.453809
0.462097
0.503519
0.428226
0.513398
0.511330
0.486252
0.248019
0.432030
0.322232
0.422188
0.284872
0.473381
0.452842
0.476032
0.426835
0.496167
0.530958
0.473044
0.080104
0.032376
0.222173
0.205391
0.093988
0.094785
0.128158
0.100882
0.072271
0.066291
0.472103
0.085786
0.040148
0.064941
0.046131
0.527525
0.159674
0.270132
0.104869
0.635602
0.082449
0.082478
0.080132
0.075182
0.054387
0.028978
0.212878
0.042582
0.090520
0.125780
0.025336
0.044563
0.046396
0.037195
0.019850
0.016511
0.361265
0.025974
0.046703
0.033649
0.023510
0.452584
0.077412
0.192062
0.035310
0.565779
0.046821
0.031851
0.019105
0.029269
0.029990
0.032645
0.117635
0.147905
0.110825
0.045954
0.039158
0.071797
0.034275
0.029934
0.029347
0.359079
0.032630
0.020231
0.021299
0.011840
0.452864
0.081833
0.207224
0.043150
0.577790
0.027363
0.039023
0.035524
0.038670
0.023713
0.015664
0.122087
0.116285
0.059354
0.102488
0.088593
0.082334
0.121263
0.111304
0.267504
0.083727
0.180571
0.118022
0.124025
0.387692
0.097188
0.187136
0.098948
0.616373
0.145246
0.098738
0.115071
0.122148
0.148462
0.158108
0.103014
0.111658
0.109600
0.124201
0.053129
0.112865
0.100179
0.242997
0.081449
0.149939
0.099017
0.107883
0.426374
0.063227
0.251492
0.075030
0.531410
0.091049
0.122349
0.090310
0.143351
0.132227
0.136476
0.047392
0.019372
0.048532
0.030205
0.040123
0.039700
0.319661
0.019083
0.056617
0.033134
0.037130
0.382606
0.061075
0.122602
0.041551
0.593566
0.054839
0.011759
0.045201
0.030474
0.046560
0.050682
0.110306
0.056571
0.031080
0.037295
0.049010
0.312842
0.024881
0.035208
0.020153
0.032836
0.384943
0.059610
0.122011
0.044626
0.585956
0.034658
0.011288
0.048862
0.028608
0.033356
0.044967
0.113123
0.041214
0.034409
0.056218
0.255830
0.040068
0.083256
0.065688
0.047795
0.408614
0.062176
0.189451
0.035854
0.491475
0.049022
0.056523
0.052399
0.044115
0.062930
0.083927
0.092326
0.023586
0.025379
0.266809
0.014250
0.053353
0.027136
0.025310
0.403295
0.034725
0.188600
0.014504
0.539610
0.023889
0.038072
0.021256
0.049592
0.040761
0.047462
0.051131
0.011997
0.324234
0.021474
0.029341
0.023104
0.010493
0.447483
0.059292
0.210224
0.016339
0.532565
0.014286
0.038990
0.009203
0.033731
0.018651
0.023178
0.092570
0.330161
0.021615
0.035745
0.024278
0.013636
0.448843
0.060305
0.220692
0.020508
0.543194
0.026788
0.045368
0.008670
0.048384
0.024760
0.021754
0.083961
0.280210
0.390414
0.338810
0.341662
0.427907
0.231232
0.402321
0.275510
0.532135
0.296889
0.344460
0.327343
0.367275
0.369793
0.403861
0.151569
0.041063
0.025284
0.022253
0.392694
0.038079
0.154497
0.017134
0.543064
0.027525
0.022542
0.024425
0.037535
0.033969
0.039934
0.074272
0.019879
0.016551
0.455076
0.098910
0.202890
0.052372
0.582059
0.030371
0.037980
0.039961
0.037526
0.012076
0.014208
0.149246
0.011941
0.460249
0.070640
0.196074
0.036729
0.587813
0.023833
0.022733
0.025012
0.033584
0.010402
0.017687
0.103471
0.461601
0.070372
0.212737
0.024192
0.559642
0.018506
0.032889
0.016821
0.029734
0.010971
0.011020
0.100900
0.362747
0.203576
0.409555
0.501574
0.427504
0.411695
0.466676
0.423771
0.477345
0.492053
0.421676
0.156203
0.027153
0.494177
0.047204
0.074612
0.059679
0.095062
0.092776
0.102702
0.056454
0.189502
0.550615
0.202314
0.126281
0.231428
0.157211
0.217632
0.231450
0.278741
0.499981
0.023391
0.049968
0.019847
0.058170
0.042552
0.048678
0.057995
0.526971
0.590843
0.552753
0.543132
0.579504
0.605464
0.525918
0.048003
0.021476
0.044350
0.025519
0.035808
0.081837
0.048532
0.022626
0.031980
0.040564
0.134245
0.048650
0.024475
0.026709
0.078256
0.027835
0.042394
0.152872
0.015154
0.129887
0.140098
