0.683247
0.068807
0.039401
0.092131
0.048464
0.082089
0.425675
0.043121
0.106326
0.107338
0.059676
0.189302
0.103483
0.077598
0.071859
0.087086
0.082437
0.099154
0.100578
0.354049
0.086885
0.043741
0.164859
0.555832
0.086049
0.097106
0.294714
0.138689
0.135322
0.103925
0.031133
0.122594
0.054977
0.099747
0.128520
0.072497
0.037947
0.097472
0.150626
0.071196
0.043360
0.149705
0.062153
0.064158
0.105281
0.224270
0.065429
0.045317
0.112822
0.651855
0.673807
0.634656
0.681211
0.666874
0.528113
0.674017
0.616773
0.633106
0.658174
0.572018
0.655339
0.624755
0.797209
0.647447
0.709942
0.664365
0.672406
0.655374
0.675774
0.685499
0.586766
0.456957
0.636160
0.622581
0.681316
0.647656
0.641415
0.623873
0.670253
0.711078
0.695553
0.645094
0.664668
0.673223
0.688589
0.711713
0.687709
0.659586
0.735288
0.591193
0.692997
0.676216
0.627295
0.642730
0.666461
0.682603
0.624930
0.023666
0.033755
0.013027
0.020237
0.375818
0.031093
0.017716
0.014478
0.009418
0.074988
0.016714
0.041382
0.137384
0.017411
0.041511
0.021827
0.025468
0.213046
0.034562
0.026778
0.052038
0.478684
0.008577
0.028731
0.144708
0.037747
0.040679
0.014437
0.022970
0.046863
0.026202
0.025971
0.045915
0.011072
0.025046
0.043444
0.037120
0.020009
0.064622
0.061720
0.029347
0.027479
0.022078
0.090955
0.019167
0.014178
0.037221
0.052126
0.020671
0.018307
0.388853
0.041410
0.040436
0.051165
0.027338
0.136846
0.051269
0.049958
0.086746
0.029570
0.019551
0.057609
0.037787
0.291132
0.069048
0.033463
0.108643
0.543389
0.031190
0.034343
0.234772
0.062072
0.083245
0.042468
0.015169
0.038422
0.029651
0.032700
0.096888
0.026047
0.024918
0.024452
0.063257
0.040221
0.036736
0.093462
0.015629
0.009535
0.034529
0.160344
0.035153
0.007047
0.045291
0.032395
0.049591
0.332735
0.038180
0.023309
0.030745
0.025476
0.062643
0.023208
0.031218
0.158525
0.019665
0.060228
0.037334
0.026155
0.186860
0.024486
0.049693
0.070028
0.442772
0.025408
0.018073
0.152697
0.036512
0.043507
0.029575
0.032733
0.048964
0.025175
0.039625
0.071227
0.023514
0.052810
0.065763
0.064510
0.038162
0.065142
0.031088
0.044584
0.056838
0.049227
0.117642
0.029693
0.046072
0.078208
0.027003
0.365337
0.031780
0.027012
0.024395
0.014277
0.085255
0.022354
0.039884
0.122000
0.019221
0.040273
0.028902
0.026318
0.226423
0.031435
0.021741
0.068795
0.473608
0.018211
0.033060
0.165132
0.046387
0.048784
0.029101
0.012830
0.046432
0.021002
0.034518
0.057612
0.014838
0.024297
0.045260
0.049560
0.023210
0.045261
0.061733
0.020918
0.025905
0.038677
0.106319
0.019318
0.013802
0.054227
0.381324
0.058717
0.028982
0.033688
0.028397
0.110420
0.037816
0.046186
0.131378
0.022950
0.025575
0.042213
0.028581
0.252458
0.066906
0.044662
0.078891
0.517910
0.022788
0.033502
0.195363
0.035007
0.060094
0.028059
0.031857
0.027510
0.034706
0.023374
0.077506
0.018384
0.040339
0.024695
0.035459
0.040813
0.063341
0.075484
0.024917
0.021072
0.023308
0.129310
0.031686
0.016748
0.041534
0.410308
0.316415
0.320797
0.378248
0.249096
0.326386
0.335037
0.596307
0.341508
0.435057
0.357782
0.316795
0.221946
0.380918
0.398575
0.289094
0.168651
0.364722
0.326997
0.334864
0.320886
0.314220
0.348704
0.393896
0.394512
0.396642
0.328076
0.372070
0.353455
0.445240
0.443399
0.369179
0.349081
0.458970
0.278598
0.392302
0.398004
0.376120
0.346456
0.356346
0.403664
0.430345
0.055579
0.047272
0.020499
0.105697
0.042004
0.038293
0.107479
0.041388
0.070076
0.034580
0.050518
0.256335
0.028332
0.013786
0.090054
0.517503
0.039868
0.058205
0.181763
0.076290
0.064328
0.049751
0.021826
0.084674
0.022785
0.059200
0.055085
0.030892
0.015915
0.079402
0.087288
0.024104
0.046908
0.092124
0.043098
0.051350
0.061505
0.133225
0.022788
0.032214
0.082214
0.011965
0.027641
0.045239
0.012243
0.041186
0.187562
0.011647
0.057606
0.029977
0.017559
0.167602
0.047027
0.054953
0.039552
0.423754
0.008143
0.015642
0.123467
0.022981
0.032226
0.006622
0.042158
0.042621
0.040681
0.016769
0.060812
0.018622
0.057992
0.054159
0.039209
0.027889
0.091048
0.039373
0.042217
0.037560
0.029056
0.074190
0.031289
0.032628
0.046598
0.019996
0.034197
0.006048
0.037816
0.204201
0.019728
0.072222
0.012723
0.018749
0.157332
0.035255
0.039811
0.021658
0.409187
0.012392
0.031389
0.101070
0.023815
0.017663
0.011312
0.044167
0.058581
0.040653
0.025802
0.032302
0.016569
0.053835
0.070478
0.033482
0.017999
0.097890
0.039880
0.048264
0.050545
0.033995
0.058072
0.019971
0.038071
0.060214
0.077282
0.017290
0.027920
0.130698
0.018225
0.044559
0.016465
0.024081
0.224984
0.022771
0.015273
0.059009
0.491474
0.016614
0.033183
0.155906
0.039509
0.035161
0.023826
0.017788
0.050701
0.014778
0.031021
0.040084
0.009378
0.022606
0.050539
0.047221
0.016868
0.055525
0.056311
0.027645
0.036401
0.030924
0.107131
0.009643
0.020962
0.059211
0.036659
0.075428
0.331212
0.067844
0.167688
0.047190
0.063526
0.078928
0.071271
0.102856
0.015344
0.293235
0.063858
0.077345
0.055680
0.057192
0.028213
0.051968
0.116558
0.131517
0.105219
0.073120
0.048730
0.074699
0.134218
0.163167
0.085271
0.055446
0.192710
0.055439
0.126739
0.131504
0.095064
0.045390
0.069862
0.118299
0.132105
0.036240
0.197102
0.015017
0.071296
0.010790
0.013538
0.157398
0.027107
0.036905
0.030364
0.425442
0.012982
0.029319
0.100416
0.026527
0.014195
0.012541
0.040388
0.056884
0.031671
0.024668
0.032039
0.013776
0.051993
0.072224
0.038056
0.014909
0.091887
0.040224
0.047707
0.053612
0.037907
0.063525
0.017749
0.040149
0.070308
0.160881
0.034439
0.076135
0.033994
0.039601
0.215214
0.039707
0.032754
0.066030
0.453826
0.041126
0.046318
0.167063
0.049453
0.043927
0.043686
0.039384
0.074638
0.037758
0.046410
0.056776
0.029370
0.052247
0.083222
0.078647
0.032479
0.072978
0.051498
0.051778
0.061388
0.060228
0.126206
0.023613
0.046063
0.097154
0.150635
0.085796
0.193588
0.175939
0.500800
0.155806
0.118951
0.297061
0.739756
0.159751
0.159366
0.425172
0.215269
0.241905
0.188477
0.088434
0.136028
0.105100
0.173842
0.234022
0.138631
0.078199
0.097446
0.208645
0.169709
0.060021
0.243149
0.106029
0.103965
0.154500
0.347079
0.149062
0.092577
0.143708
0.034657
0.022859
0.014108
0.204801
0.030888
0.037520
0.060779
0.471464
0.013858
0.020071
0.148932
0.023091
0.032541
0.018438
0.027451
0.026340
0.018242
0.017679
0.059274
0.010394
0.037748
0.038736
0.032492
0.026464
0.063491
0.045001
0.020783
0.027033
0.024436
0.096505
0.018567
0.025174
0.051626
0.077902
0.047253
0.320999
0.080140
0.060313
0.141382
0.589279
0.047677
0.041409
0.262105
0.061302
0.104882
0.063219
0.032464
0.013019
0.034971
0.046244
0.125848
0.039172
0.041375
0.007583
0.051008
0.074645
0.041330
0.104279
0.014133
0.019814
0.033731
0.188560
0.055336
0.025723
0.047558
0.024340
0.177825
0.021416
0.025416
0.032853
0.459093
0.026794
0.051824
0.101812
0.033016
0.013573
0.025393
0.045791
0.068153
0.027911
0.034236
0.016879
0.015811
0.044796
0.081110
0.040963
0.013133
0.096647
0.058184
0.049600
0.061041
0.045545
0.067371
0.008495
0.044598
0.083351
0.187941
0.042903
0.042814
0.054198
0.465011
0.021980
0.020672
0.138113
0.021495
0.028624
0.021486
0.040283
0.031938
0.028281
0.020191
0.056116
0.012720
0.055701
0.049656
0.028586
0.028593
0.080525
0.045238
0.032863
0.043332
0.035915
0.093154
0.022660
0.037178
0.072333
0.204063
0.253015
0.105494
0.246913
0.201750
0.205902
0.062941
0.168878
0.139264
0.181182
0.274563
0.265989
0.255932
0.199081
0.152280
0.211925
0.296930
0.312810
0.196244
0.193180
0.363455
0.170852
0.278480
0.284466
0.234765
0.114254
0.210811
0.272144
0.270405
0.031898
0.074317
0.465735
0.041304
0.060104
0.130584
0.058289
0.041746
0.048272
0.038665
0.078871
0.019203
0.060806
0.046640
0.025706
0.042366
0.090661
0.074239
0.035137
0.076877
0.053808
0.055269
0.077501
0.066745
0.105454
0.019489
0.055184
0.100863
0.078371
0.505412
0.038460
0.063326
0.170031
0.066972
0.055125
0.048185
0.021103
0.075637
0.022238
0.049536
0.043138
0.024443
0.017816
0.070884
0.067256
0.020648
0.051519
0.093366
0.032646
0.044332
0.055296
0.117579
0.013069
0.026747
0.077556
0.343215
0.047765
0.071068
0.060087
0.044809
0.020885
0.036806
0.100861
0.113527
0.094659
0.055052
0.026472
0.058813
0.106964
0.134712
0.058152
0.039970
0.172447
0.068466
0.104425
0.102724
0.070248
0.035708
0.053412
0.089256
0.100672
0.458098
0.462933
0.334737
0.449668
0.412885
0.449503
0.509065
0.552056
0.530869
0.463033
0.438078
0.489459
0.558969
0.587304
0.479157
0.458959
0.599164
0.389556
0.532414
0.537535
0.486981
0.364639
0.475945
0.532618
0.498839
0.020382
0.138635
0.030901
0.038302
0.005059
0.027992
0.043699
0.031557
0.021775
0.055548
0.015093
0.037361
0.047245
0.037748
0.023685
0.070696
0.052122
0.031875
0.029486
0.025683
0.080632
0.025407
0.020553
0.035382
0.177387
0.030089
0.054964
0.023247
0.037788
0.030989
0.040610
0.026289
0.090263
0.025826
0.057986
0.042512
0.047673
0.044426
0.067741
0.042881
0.036140
0.034254
0.031904
0.122581
0.042875
0.034967
0.050842
0.128431
0.085770
0.119260
0.219072
0.219012
0.185869
0.147658
0.079707
0.149054
0.214320
0.257205
0.128689
0.130937
0.308828
0.155819
0.216306
0.223904
0.178055
0.029902
0.141433
0.203594
0.199411
0.033687
0.026326
0.064818
0.033239
0.048982
0.030949
0.060293
0.024803
0.076857
0.053912
0.023203
0.049426
0.106099
0.042795
0.049085
0.059504
0.038695
0.088912
0.033719
0.056059
0.076879
0.031642
0.073176
0.081798
0.053326
0.040852
0.019221
0.033727
0.078283
0.105623
0.048663
0.024492
0.133403
0.053002
0.076715
0.083647
0.057734
0.061005
0.029208
0.071283
0.103364
0.044560
0.051940
0.039897
0.018932
0.052579
0.017456
0.052228
0.060267
0.039259
0.024999
0.095742
0.052480
0.047550
0.041892
0.032294
0.065377
0.028415
0.031273
0.045031
0.049614
0.016869
0.043484
0.080644
0.024282
0.016843
0.040862
0.072669
0.031335
0.023715
0.077158
0.017950
0.024894
0.040657
0.155801
0.025911
0.013547
0.058736
0.041804
0.036097
0.113557
0.036565
0.063141
0.012513
0.030652
0.073443
0.065498
0.082163
0.022203
0.031092
0.032078
0.156129
0.055870
0.039484
0.056456
0.037430
0.066398
0.013157
0.021925
0.045904
0.059894
0.031768
0.042709
0.067995
0.023983
0.041004
0.044906
0.136840
0.013789
0.027703
0.075476
0.066937
0.022389
0.057360
0.045490
0.036074
0.030231
0.091484
0.072058
0.034907
0.031843
0.019424
0.092435
0.029339
0.030128
0.048863
0.048151
0.070357
0.126942
0.061860
0.027699
0.141057
0.093271
0.090277
0.099191
0.075344
0.060035
0.034121
0.077420
0.110138
0.030147
0.042804
0.037308
0.021187
0.059837
0.046798
0.027045
0.035064
0.031856
0.100808
0.008877
0.021228
0.061448
0.051269
0.074376
0.033538
0.034202
0.105305
0.027549
0.029825
0.048500
0.147088
0.029620
0.017394
0.057027
0.048760
0.078203
0.052103
0.107280
0.021894
0.021711
0.031705
0.183757
0.061307
0.028348
0.045672
0.059655
0.116916
0.086114
0.040868
0.051649
0.031396
0.079764
0.047508
0.054502
0.053297
0.077624
0.070457
0.045322
0.043420
0.044056
0.083796
0.015080
0.029016
0.072134
0.114684
0.034625
0.043436
0.082542
0.237361
0.064976
0.038669
0.097540
0.086925
0.101020
0.081030
0.129023
0.056756
0.090098
0.125773
0.012812
0.031199
0.146126
0.031221
0.016999
0.047674
0.028835
0.142985
0.044719
0.008917
0.029928
0.118116
0.042062
0.029354
0.031336
0.098326
0.130165
0.118623
0.029514
0.076873
0.033639
