0.076480
0.041185
0.362015
0.085139
0.024192
0.100182
0.060693
0.017820
0.033015
0.033057
0.025420
0.053821
0.036313
0.034738
0.128620
0.022091
0.033697
0.014110
0.272509
0.025267
0.022273
0.280006
0.044808
0.029783
0.085668
0.067261
0.034366
0.033059
0.028862
0.045552
0.077633
0.025418
0.028819
0.026071
0.018467
0.018501
0.021294
0.031600
0.050124
0.027496
0.077979
0.107690
0.052947
0.027651
0.191930
0.116700
0.080932
0.068486
0.147409
0.131127
0.437531
0.128033
0.106274
0.157794
0.060207
0.063342
0.062077
0.087300
0.067268
0.164730
0.096912
0.095681
0.249106
0.051819
0.101848
0.048313
0.406166
0.073441
0.078927
0.389669
0.123471
0.099852
0.185319
0.180539
0.093613
0.120321
0.105205
0.022417
0.181858
0.043905
0.114374
0.106494
0.094623
0.058273
0.084766
0.058795
0.136834
0.088467
0.168304
0.216224
0.116006
0.096850
0.258335
0.235936
0.174715
0.179658
0.202902
0.329468
0.038995
0.019711
0.143206
0.112078
0.050887
0.035329
0.063431
0.027534
0.018163
0.079694
0.062968
0.138446
0.066313
0.061904
0.047078
0.202698
0.043067
0.032232
0.199421
0.008606
0.025555
0.111341
0.054734
0.043596
0.013632
0.029288
0.087960
0.029342
0.058509
0.048816
0.051254
0.028196
0.057265
0.046095
0.030299
0.071781
0.030964
0.034585
0.100272
0.016778
0.061720
0.259762
0.080775
0.080636
0.105622
0.209529
0.322027
0.325453
0.439371
0.404997
0.366129
0.320329
0.373810
0.315611
0.330673
0.375540
0.406361
0.389358
0.397394
0.380774
0.371929
0.242648
0.379617
0.344409
0.320091
0.337849
0.283575
0.379138
0.285518
0.352222
0.373707
0.399127
0.397643
0.297083
0.347704
0.399907
0.362529
0.359167
0.371166
0.366155
0.323145
0.448730
0.303818
0.297367
0.298635
0.325629
0.406487
0.534447
0.325944
0.309308
0.369079
0.486764
0.056474
0.216371
0.136861
0.095275
0.050067
0.134554
0.037528
0.050639
0.148198
0.138444
0.199260
0.112316
0.122937
0.079567
0.177404
0.095588
0.077318
0.152343
0.020933
0.069176
0.215789
0.115348
0.080397
0.057998
0.081511
0.092691
0.022626
0.086841
0.128372
0.126405
0.081607
0.110445
0.089774
0.042251
0.161932
0.052663
0.081799
0.098199
0.019419
0.128560
0.381127
0.070459
0.116538
0.209434
0.309764
0.121441
0.074126
0.022199
0.038892
0.042026
0.020981
0.027152
0.039208
0.041842
0.112200
0.043357
0.030338
0.027275
0.222851
0.025770
0.012647
0.250281
0.026344
0.017828
0.080738
0.066740
0.017562
0.025664
0.024488
0.066757
0.045827
0.030254
0.036214
0.031619
0.012354
0.033266
0.020075
0.029328
0.055845
0.017030
0.032714
0.069774
0.036968
0.039863
0.211968
0.071047
0.042241
0.077290
0.150870
0.154806
0.089430
0.141918
0.087892
0.137045
0.125841
0.082240
0.066468
0.162128
0.119361
0.070618
0.096288
0.411441
0.077367
0.102209
0.405422
0.151118
0.129775
0.077771
0.116073
0.095103
0.115263
0.082228
0.145724
0.203745
0.117877
0.077989
0.066396
0.094646
0.089194
0.079669
0.148858
0.064221
0.139911
0.131042
0.220176
0.171424
0.062006
0.119857
0.221378
0.150073
0.058207
0.128909
0.038480
0.092846
0.071575
0.068957
0.134404
0.056080
0.071435
0.183011
0.038025
0.061297
0.041794
0.377379
0.058186
0.059443
0.398018
0.116243
0.089687
0.142162
0.172481
0.061877
0.113582
0.084093
0.037560
0.164517
0.050768
0.085429
0.071633
0.065578
0.044296
0.056654
0.071501
0.102815
0.073160
0.131597
0.148685
0.127513
0.073221
0.222583
0.174027
0.103005
0.138379
0.150807
0.041644
0.019553
0.025067
0.060437
0.012296
0.016923
0.131140
0.015088
0.013316
0.010476
0.313588
0.011534
0.009204
0.334291
0.058377
0.030773
0.067773
0.093901
0.017236
0.045016
0.024345
0.030556
0.098066
0.014648
0.021419
0.019298
0.014935
0.007623
0.007561
0.031654
0.040681
0.025507
0.067415
0.113272
0.067862
0.018128
0.160244
0.123498
0.065710
0.064789
0.108008
0.049483
0.013350
0.058980
0.077623
0.064815
0.181791
0.045902
0.072344
0.028414
0.240416
0.039968
0.031602
0.228938
0.032884
0.023705
0.124015
0.069077
0.052740
0.038621
0.048978
0.041931
0.059939
0.025876
0.058863
0.059520
0.043069
0.036895
0.047653
0.006925
0.097581
0.023304
0.076246
0.137602
0.024437
0.060262
0.248409
0.134089
0.115972
0.117898
0.205441
0.050257
0.077413
0.021849
0.010493
0.134475
0.029986
0.026293
0.029964
0.343363
0.011401
0.022417
0.362166
0.079281
0.041898
0.039479
0.081678
0.031528
0.053143
0.035254
0.063438
0.126179
0.030792
0.014632
0.014368
0.023805
0.012902
0.027995
0.047824
0.034077
0.048403
0.065901
0.163584
0.088031
0.020881
0.111334
0.174525
0.082705
0.041879
0.079835
0.043350
0.057149
0.057766
0.170439
0.034617
0.048359
0.021843
0.226938
0.035349
0.017800
0.228775
0.025962
0.020100
0.118730
0.082805
0.033182
0.035850
0.037740
0.033444
0.045088
0.021732
0.050989
0.052198
0.030312
0.031557
0.027248
0.009555
0.087577
0.013087
0.065571
0.089662
0.021185
0.048687
0.249057
0.088332
0.087775
0.114454
0.190768
0.083783
0.070683
0.121840
0.093780
0.060720
0.061222
0.182279
0.052637
0.043815
0.183133
0.017273
0.041335
0.106269
0.053605
0.044816
0.018523
0.027718
0.113255
0.023679
0.078964
0.052999
0.058816
0.041148
0.073725
0.042583
0.053374
0.069551
0.042388
0.038682
0.077924
0.029570
0.062272
0.253456
0.049558
0.076433
0.098425
0.210351
0.013671
0.116084
0.034115
0.010672
0.032080
0.355949
0.019896
0.022963
0.394370
0.095731
0.048264
0.042481
0.108868
0.026297
0.067897
0.041530
0.064751
0.140100
0.031365
0.024303
0.018044
0.026448
0.018984
0.016439
0.067461
0.034782
0.052531
0.074960
0.133708
0.112724
0.024020
0.116460
0.157246
0.060609
0.042183
0.071644
0.116479
0.034289
0.014645
0.030778
0.364878
0.008577
0.024030
0.379665
0.079276
0.050374
0.036867
0.085921
0.030225
0.047271
0.023836
0.069328
0.132672
0.038092
0.009762
0.010596
0.019590
0.015688
0.020730
0.060025
0.017788
0.054767
0.064580
0.165214
0.095890
0.013776
0.108523
0.172751
0.076910
0.035120
0.076763
0.179046
0.114375
0.134630
0.323081
0.107477
0.135078
0.367001
0.140553
0.149110
0.105814
0.122168
0.107249
0.122527
0.113974
0.208011
0.171180
0.157736
0.123522
0.093006
0.103095
0.136169
0.124007
0.172712
0.102800
0.155927
0.103914
0.172860
0.182962
0.129262
0.193917
0.184791
0.061391
0.103685
0.146098
0.034709
0.018170
0.342384
0.029869
0.024339
0.348649
0.078997
0.047254
0.095844
0.115261
0.045196
0.066035
0.044855
0.029008
0.124874
0.023598
0.035102
0.036556
0.028575
0.012246
0.029584
0.039768
0.064048
0.037297
0.099928
0.144751
0.079684
0.031023
0.177971
0.158463
0.104503
0.090698
0.126846
0.026916
0.336047
0.016444
0.018057
0.355316
0.075804
0.048096
0.047342
0.097826
0.019572
0.051495
0.022145
0.064955
0.113378
0.038898
0.017111
0.015607
0.016323
0.020115
0.009992
0.061561
0.024381
0.049639
0.063021
0.118404
0.089857
0.013190
0.124004
0.124873
0.058979
0.048891
0.081544
0.300578
0.016348
0.018465
0.295486
0.048324
0.033195
0.088136
0.086779
0.024821
0.039292
0.027932
0.021666
0.086618
0.014998
0.032051
0.026407
0.022249
0.010334
0.014340
0.020986
0.053375
0.030098
0.079128
0.115668
0.054179
0.023866
0.182154
0.124026
0.079585
0.082392
0.132493
0.323047
0.275990
0.075380
0.194152
0.214811
0.359019
0.185428
0.290099
0.240823
0.289276
0.347979
0.126477
0.304368
0.323306
0.315900
0.281818
0.323532
0.292327
0.243622
0.369974
0.216301
0.219946
0.134621
0.176658
0.333698
0.572102
0.135905
0.264495
0.339721
0.512264
0.013665
0.330124
0.051087
0.036198
0.050405
0.074883
0.014649
0.031590
0.016803
0.048771
0.097786
0.023738
0.015039
0.012241
0.012184
0.010667
0.015189
0.034319
0.026287
0.037823
0.047380
0.138189
0.063838
0.017242
0.138249
0.142035
0.060999
0.050743
0.096433
0.297711
0.041674
0.020415
0.063887
0.080744
0.014908
0.030653
0.018027
0.043728
0.075147
0.019306
0.019841
0.022230
0.012353
0.013882
0.012378
0.026227
0.042342
0.020833
0.046094
0.103710
0.046172
0.021878
0.171200
0.105171
0.063887
0.067512
0.120394
0.177870
0.237101
0.402729
0.201832
0.309704
0.227831
0.287051
0.339144
0.118372
0.322689
0.335323
0.336372
0.301032
0.336725
0.304541
0.238687
0.383794
0.244545
0.251472
0.183516
0.155315
0.338046
0.593628
0.155680
0.318222
0.381646
0.552632
0.036651
0.138858
0.066016
0.047443
0.016332
0.034472
0.082995
0.018953
0.062595
0.065903
0.066118
0.039399
0.068350
0.051337
0.029472
0.088574
0.034758
0.049316
0.095547
0.010722
0.073979
0.288355
0.068243
0.088765
0.131004
0.236096
0.088482
0.052337
0.039841
0.034504
0.040549
0.066687
0.055943
0.028240
0.042819
0.040072
0.028023
0.035499
0.032250
0.020218
0.074242
0.016286
0.047256
0.101152
0.037313
0.051301
0.223492
0.105780
0.078540
0.081661
0.175457
0.096182
0.064322
0.092884
0.070031
0.152224
0.181014
0.094464
0.038606
0.032389
0.061028
0.057911
0.065106
0.125840
0.045865
0.108793
0.074730
0.184633
0.153920
0.042710
0.060862
0.207304
0.083658
0.013970
0.045659
0.093021
0.054072
0.069760
0.150351
0.079695
0.099470
0.072040
0.067172
0.064313
0.085936
0.083178
0.078864
0.089657
0.070175
0.060798
0.143563
0.071396
0.084262
0.237427
0.140557
0.110281
0.067584
0.218372
0.037680
0.027019
0.058328
0.077079
0.029878
0.033757
0.026101
0.019149
0.027470
0.014057
0.040128
0.043951
0.037120
0.040846
0.091190
0.062494
0.032365
0.165941
0.098573
0.037583
0.067424
0.110792
0.017589
0.083812
0.044813
0.055217
0.034197
0.043086
0.028712
0.048440
0.035263
0.035761
0.047272
0.043019
0.044537
0.116353
0.027685
0.045745
0.228602
0.099018
0.086574
0.084784
0.187706
0.067703
0.072188
0.047942
0.014884
0.022973
0.014570
0.028549
0.019105
0.043948
0.021778
0.041471
0.051748
0.125687
0.047058
0.018398
0.171123
0.104387
0.080281
0.069367
0.133792
0.125882
0.026345
0.075993
0.074138
0.062520
0.031553
0.045804
0.032654
0.105440
0.052917
0.135135
0.154829
0.078142
0.061047
0.239457
0.165419
0.133451
0.150100
0.178510
0.099861
0.107491
0.111886
0.076000
0.113190
0.080922
0.054076
0.141409
0.050553
0.071188
0.067798
0.019504
0.114390
0.352335
0.040020
0.105981
0.171511
0.293521
0.046824
0.040245
0.030962
0.016704
0.025743
0.020521
0.073944
0.025279
0.078097
0.127073
0.063182
0.043435
0.194076
0.145341
0.082101
0.089581
0.139322
0.012907
0.017803
0.017907
0.019334
0.056276
0.016218
0.049419
0.065923
0.148749
0.076792
0.008570
0.120808
0.145689
0.088089
0.038857
0.093506
0.014755
0.017034
0.021349
0.056859
0.020910
0.048766
0.053354
0.135437
0.085015
0.016069
0.108666
0.142464
0.060255
0.030978
0.078829
0.019496
0.017954
0.037005
0.031362
0.026200
0.040790
0.111591
0.052478
0.021591
0.166470
0.110003
0.051865
0.057947
0.117041
0.016684
0.033232
0.040619
0.034352
0.075716
0.137533
0.070848
0.013958
0.139930
0.152792
0.081472
0.057391
0.095658
0.037441
0.035551
0.029869
0.062852
0.094862
0.062404
0.015514
0.163946
0.100234
0.062396
0.059487
0.117734
0.092964
0.018653
0.068684
0.120010
0.024417
0.057983
0.256229
0.118375
0.096947
0.122312
0.199541
0.087199
0.074718
0.173803
0.112556
0.024228
0.112696
0.167340
0.092397
0.041948
0.091556
0.057443
0.090079
0.033925
0.051702
0.245241
0.091030
0.075435
0.100391
0.186540
0.107243
0.064352
0.079884
0.216377
0.105163
0.039675
0.076803
0.164739
0.100614
0.140399
0.345361
0.029248
0.081168
0.172486
0.262150
0.080406
0.308027
0.077126
0.115109
0.149822
0.253764
0.115133
0.142408
0.089782
0.044157
0.085520
0.366758
0.201739
0.086980
0.024740
0.107568
0.200194
0.298535
0.086738
0.127759
0.076574
