0.065469
0.049600
0.032956
0.138533
0.033210
0.016917
0.028706
0.023713
0.023909
0.130883
0.039597
0.067607
0.013036
0.012291
0.050713
0.019501
0.006716
0.099561
0.019341
0.022079
0.084514
0.042074
0.118550
0.022125
0.021361
0.028689
0.012479
0.114961
0.008021
0.048729
0.139621
0.030476
0.051943
0.015109
0.027966
0.063342
0.020184
0.011265
0.096841
0.061031
0.044859
0.012734
0.013474
0.069224
0.018544
0.059833
0.046366
0.036726
0.054069
0.023990
0.040387
0.036159
0.020437
0.050640
0.049041
0.085507
0.036852
0.042482
0.013832
0.032552
0.036326
0.039059
0.036145
0.074158
0.045903
0.100206
0.039023
0.022078
0.021281
0.056068
0.035138
0.025526
0.033140
0.037221
0.059257
0.027632
0.053999
0.057091
0.041122
0.019500
0.009546
0.037623
0.039021
0.005452
0.036585
0.032420
0.022052
0.005585
0.024136
0.035373
0.041006
0.020180
0.035247
0.007552
0.015640
0.026927
0.039116
0.047696
0.041434
0.020581
0.053669
0.023873
0.045632
0.038264
0.032030
0.027738
0.044484
0.026657
0.036732
0.050943
0.067841
0.040759
0.058176
0.035068
0.020695
0.020163
0.028358
0.065700
0.030792
0.038838
0.014625
0.049470
0.037104
0.041486
0.085129
0.063967
0.029015
0.015284
0.029105
0.040992
0.027018
0.046778
0.026757
0.043221
0.011470
0.009706
0.036138
0.033515
0.029859
0.029544
0.026807
0.026028
0.037902
0.056862
0.122118
0.023998
0.016531
0.034626
0.048946
0.010212
0.109422
0.015608
0.072539
0.028831
0.021000
0.015612
0.020931
0.022942
0.111331
0.021126
0.029208
0.084525
0.062673
0.112272
0.019806
0.028584
0.040166
0.021138
0.088834
0.024558
0.020132
0.117343
0.015927
0.033908
0.029733
0.030731
0.037162
0.014376
0.020263
0.083422
0.040969
0.043881
0.025824
0.025344
0.062816
0.012683
0.039773
0.037403
0.046523
0.048093
0.071881
0.138978
0.099657
0.151194
0.117019
0.019321
0.077238
0.043985
0.097211
0.112742
0.113590
0.172194
0.116769
0.100314
0.112429
0.071690
0.023342
0.083198
0.031913
0.088939
0.098962
0.080278
0.142534
0.020162
0.131791
0.159078
0.025254
0.080543
0.047937
0.098147
0.104940
0.041746
0.118585
0.096345
0.037359
0.032220
0.042459
0.100327
0.103812
0.034574
0.104476
0.040079
0.053366
0.067546
0.092860
0.019560
0.022400
0.053592
0.016156
0.076258
0.009745
0.039749
0.010203
0.010840
0.019195
0.034866
0.023641
0.069389
0.013670
0.009202
0.038759
0.051213
0.069826
0.019484
0.012460
0.025135
0.022499
0.046673
0.021885
0.035532
0.071345
0.006270
0.014447
0.016455
0.017010
0.020571
0.014965
0.012672
0.045612
0.017824
0.021372
0.014403
0.016659
0.027062
0.011461
0.016241
0.019817
0.022347
0.022932
0.037314
0.042271
0.008866
0.137403
0.018583
0.069781
0.015020
0.006473
0.018348
0.009085
0.015095
0.114295
0.006000
0.019657
0.087259
0.063450
0.116263
0.019124
0.009685
0.035115
0.007048
0.100793
0.009778
0.017231
0.128099
0.014239
0.041486
0.012548
0.012394
0.045271
0.005257
0.010691
0.080472
0.050586
0.053148
0.011364
0.012792
0.060293
0.009111
0.046311
0.036081
0.034189
0.031137
0.024599
0.028349
0.083746
0.034760
0.073482
0.019504
0.022656
0.048423
0.036552
0.021641
0.047740
0.032927
0.026994
0.048691
0.049063
0.111613
0.029587
0.038705
0.026653
0.029969
0.089021
0.027551
0.063865
0.121497
0.029235
0.025952
0.031903
0.046897
0.054840
0.038090
0.025862
0.091679
0.041236
0.023894
0.032459
0.031538
0.063045
0.023450
0.046467
0.052891
0.055253
0.069317
0.036521
0.124169
0.057880
0.113904
0.033530
0.035249
0.070326
0.033147
0.028792
0.096946
0.035325
0.043730
0.089970
0.045552
0.162062
0.043378
0.052138
0.025494
0.030141
0.139945
0.023503
0.083451
0.174851
0.056068
0.060383
0.032757
0.052373
0.089525
0.049405
0.031211
0.120556
0.071166
0.053605
0.043762
0.037076
0.100843
0.034416
0.089315
0.073573
0.080590
0.097863
0.108004
0.009790
0.069997
0.016285
0.013002
0.014889
0.010295
0.014803
0.095728
0.008981
0.019491
0.069615
0.055471
0.111001
0.013768
0.016034
0.029038
0.010439
0.088084
0.015010
0.018009
0.117514
0.009806
0.025758
0.016290
0.020189
0.035737
0.005669
0.010772
0.074642
0.036202
0.040247
0.018932
0.021034
0.055614
0.003672
0.037813
0.033085
0.037950
0.044534
0.075254
0.063511
0.093749
0.111227
0.112393
0.160243
0.108398
0.094408
0.108662
0.076556
0.024509
0.059379
0.056703
0.083301
0.107652
0.065583
0.134178
0.034760
0.121677
0.157386
0.051574
0.084988
0.045269
0.098473
0.111268
0.047275
0.120460
0.093808
0.051988
0.031668
0.034113
0.106143
0.101148
0.046285
0.096237
0.050701
0.061814
0.083940
0.115581
0.049206
0.018632
0.016994
0.010811
0.031807
0.023876
0.098208
0.012866
0.015815
0.043017
0.050026
0.072773
0.013803
0.014526
0.026802
0.024877
0.054599
0.026227
0.022078
0.077720
0.006081
0.011075
0.019723
0.019000
0.012315
0.010323
0.013572
0.040648
0.014377
0.028331
0.021212
0.022493
0.031202
0.010089
0.016900
0.017227
0.027164
0.030214
0.052222
0.052877
0.070870
0.102797
0.059959
0.099252
0.059355
0.030804
0.042234
0.060534
0.018198
0.041759
0.041840
0.056783
0.079270
0.025494
0.072222
0.089548
0.025366
0.035035
0.042166
0.044669
0.047290
0.024395
0.058960
0.046655
0.031817
0.037367
0.037226
0.038541
0.045550
0.010418
0.056668
0.017385
0.018461
0.014756
0.034289
0.005419
0.032839
0.025102
0.010798
0.076683
0.010623
0.009748
0.049849
0.036733
0.091136
0.017228
0.011357
0.018611
0.012575
0.075612
0.007270
0.039425
0.103092
0.015304
0.025602
0.011805
0.017524
0.037076
0.014143
0.005776
0.062509
0.030166
0.023765
0.009753
0.009856
0.042516
0.010878
0.034360
0.030497
0.026291
0.035285
0.024329
0.017801
0.010953
0.092299
0.006789
0.009737
0.061957
0.048929
0.093248
0.015700
0.007807
0.023156
0.009690
0.081871
0.006262
0.027869
0.106448
0.010886
0.029644
0.008813
0.011950
0.036654
0.009042
0.005778
0.065060
0.037170
0.035358
0.005277
0.007473
0.046259
0.009775
0.033450
0.028221
0.025917
0.027418
0.028095
0.037090
0.124948
0.016936
0.029460
0.076238
0.075215
0.102959
0.026913
0.019778
0.042957
0.025360
0.075487
0.034042
0.018767
0.100159
0.013354
0.030017
0.028177
0.020247
0.030945
0.014066
0.024350
0.064403
0.036415
0.054016
0.029347
0.029525
0.049013
0.016172
0.033919
0.030476
0.042799
0.029547
0.017157
0.116375
0.015823
0.035820
0.108379
0.074280
0.158380
0.028479
0.026036
0.046207
0.006641
0.137661
0.015455
0.023108
0.170245
0.027764
0.054730
0.024975
0.030708
0.071482
0.013171
0.020597
0.118086
0.072438
0.067398
0.027985
0.028414
0.090069
0.012778
0.070867
0.061570
0.061164
0.063074
0.083757
0.017635
0.020061
0.064602
0.039672
0.102880
0.013255
0.017733
0.028681
0.012857
0.100855
0.012021
0.032826
0.125014
0.019329
0.031654
0.016941
0.029064
0.045388
0.013013
0.010035
0.083141
0.044865
0.031143
0.014738
0.015600
0.056284
0.010782
0.043351
0.038210
0.031974
0.051029
0.107172
0.085305
0.068822
0.100399
0.135750
0.095545
0.103328
0.091358
0.107446
0.107741
0.103365
0.138600
0.139892
0.085006
0.069738
0.100805
0.119888
0.103529
0.108808
0.094263
0.139115
0.088586
0.051453
0.101564
0.102586
0.091403
0.083716
0.087842
0.108016
0.101782
0.132001
0.011762
0.066335
0.044489
0.100312
0.016101
0.007094
0.018855
0.007695
0.079723
0.008208
0.028156
0.106255
0.011770
0.030332
0.005148
0.006312
0.034356
0.007500
0.005128
0.059337
0.034233
0.039764
0.010868
0.009525
0.044200
0.006187
0.036990
0.024809
0.028763
0.027770
0.040267
0.037192
0.061555
0.016266
0.009303
0.017344
0.021079
0.049006
0.015548
0.047599
0.068541
0.009899
0.020472
0.008200
0.012322
0.022346
0.016475
0.007035
0.041045
0.019817
0.022107
0.007008
0.009845
0.026285
0.013396
0.017709
0.015073
0.014624
0.023360
0.056085
0.039473
0.048316
0.058214
0.040913
0.089505
0.033845
0.078402
0.106053
0.047428
0.046487
0.016868
0.056762
0.067431
0.027009
0.074355
0.055041
0.032627
0.017996
0.022344
0.061684
0.064821
0.026471
0.061940
0.025079
0.036037
0.048162
0.070382
0.092986
0.039821
0.048325
0.020670
0.051988
0.079260
0.042203
0.099694
0.102760
0.054057
0.047604
0.037755
0.051764
0.052706
0.057176
0.032710
0.064635
0.039695
0.025248
0.046120
0.032154
0.049120
0.041160
0.057214
0.042919
0.047359
0.076703
0.071093
0.077115
0.086120
0.131840
0.024785
0.119649
0.128223
0.015581
0.065985
0.056196
0.082587
0.083019
0.031776
0.098616
0.085341
0.029058
0.046888
0.062495
0.075821
0.085116
0.022856
0.099908
0.027987
0.033791
0.039976
0.059920
0.014601
0.023003
0.022869
0.068115
0.023332
0.032491
0.087848
0.010270
0.018995
0.014876
0.021956
0.023362
0.013729
0.011715
0.052879
0.029370
0.030460
0.014271
0.018350
0.036397
0.012599
0.024112
0.017694
0.019697
0.038569
0.025913
0.015781
0.068402
0.015443
0.029658
0.087682
0.009435
0.028883
0.007813
0.006288
0.028887
0.007869
0.008322
0.049308
0.033158
0.038499
0.006473
0.008305
0.033089
0.011767
0.026978
0.018168
0.013572
0.015072
0.031283
0.064011
0.020903
0.070859
0.089120
0.028747
0.026553
0.014550
0.024643
0.035658
0.034134
0.014471
0.049776
0.024326
0.025535
0.022857
0.019334
0.041436
0.023510
0.039153
0.025775
0.036371
0.049166
0.111416
0.007576
0.029097
0.142163
0.020502
0.044871
0.013094
0.018676
0.057666
0.009741
0.009708
0.094163
0.053849
0.048324
0.016502
0.014599
0.067869
0.007649
0.055658
0.045808
0.043852
0.046313
0.101245
0.118000
0.009534
0.051837
0.041692
0.071066
0.066582
0.023643
0.086308
0.072335
0.023571
0.025745
0.044042
0.069441
0.072875
0.017431
0.077039
0.022424
0.028967
0.041757
0.049328
0.038902
0.130616
0.023373
0.043039
0.010632
0.017075
0.052527
0.013571
0.006409
0.081294
0.046530
0.041029
0.010568
0.009191
0.063294
0.011681
0.052992
0.040544
0.038040
0.043231
0.141749
0.022394
0.049778
0.042588
0.036807
0.049082
0.013345
0.034060
0.094917
0.065838
0.076983
0.038101
0.043173
0.075484
0.023899
0.053290
0.052507
0.055524
0.048624
0.071869
0.062224
0.091437
0.086349
0.035628
0.109468
0.095858
0.025345
0.045509
0.068964
0.088003
0.096600
0.024344
0.106236
0.032708
0.038859
0.051422
0.060342
0.014387
0.013800
0.014917
0.015668
0.008002
0.010614
0.045275
0.022512
0.028750
0.012316
0.017553
0.026811
0.007814
0.012885
0.013784
0.017344
0.022473
0.030131
0.037378
0.012879
0.030298
0.024976
0.035885
0.009637
0.016167
0.033512
0.036371
0.024770
0.023256
0.012176
0.021635
0.032018
0.046129
0.007139
0.033435
0.013118
0.004782
0.052345
0.033138
0.035111
0.007248
0.008360
0.036646
0.011249
0.033531
0.018668
0.020825
0.027213
0.032058
0.014465
0.011296
0.048951
0.035889
0.046951
0.010828
0.009420
0.035588
0.016524
0.034552
0.017633
0.022209
0.013370
0.032977
0.029822
0.016643
0.009194
0.027120
0.032942
0.036679
0.012735
0.032017
0.005248
0.008175
0.020722
0.029472
0.008125
0.067073
0.039044
0.045036
0.011457
0.015534
0.048927
0.005733
0.033417
0.027387
0.025583
0.029852
0.055823
0.027740
0.027273
0.006488
0.007201
0.038127
0.006524
0.029987
0.020214
0.021224
0.031374
0.022772
0.049732
0.056396
0.059074
0.017918
0.068162
0.022863
0.019872
0.034012
0.039787
0.014478
0.035313
0.035354
0.019979
0.031515
0.013192
0.016995
0.030771
0.041375
0.036177
0.031170
0.027397
0.028768
0.024721
0.030564
0.034500
0.057482
0.006627
0.038730
0.014586
0.029167
0.019923
0.014059
0.021081
0.039465
0.013315
0.035731
0.022445
0.020391
0.022824
0.044052
0.011051
0.011714
0.018022
0.028076
0.032319
0.027197
0.029187
0.037571
0.011139
0.016827
0.027779
0.011146
0.019020
0.017472
