0.556883
0.723561
0.488717
0.546243
0.558411
0.588689
0.516638
0.712301
0.632659
0.764816
0.755590
0.314705
0.613692
0.604600
0.664284
0.528657
0.571941
0.778074
0.739597
0.756503
0.540911
0.743646
0.520739
0.663480
0.550927
0.639637
0.575791
0.591740
0.597646
0.559078
0.587909
0.631861
0.511539
0.603310
0.637512
0.466635
0.590294
0.588774
0.629898
0.279395
0.756040
0.636954
0.662835
0.709971
0.733646
0.520866
0.665412
0.666046
0.567431
0.546312
0.517769
0.347619
0.543566
0.428239
0.556322
0.530732
0.331192
0.552387
0.562774
0.512589
0.488968
0.470760
0.444375
0.470312
0.554520
0.667674
0.588665
0.678478
0.588365
0.589758
0.471505
0.525417
0.461791
0.551596
0.422604
0.520545
0.476552
0.520227
0.475691
0.554028
0.419852
0.543796
0.479423
0.605991
0.405361
0.444938
0.453637
0.499948
0.711105
0.500665
0.490219
0.544436
0.404758
0.579926
0.531032
0.456018
0.419452
0.674028
0.605627
0.642666
0.522029
0.717056
0.586549
0.587238
0.762680
0.706722
0.633621
0.637796
0.503482
0.539241
0.595901
0.624516
0.695310
0.671506
0.740990
0.635970
0.727560
0.640267
0.582048
0.667858
0.627365
0.562605
0.573917
0.633398
0.558205
0.658356
0.704831
0.558522
0.572842
0.566031
0.578473
0.525356
0.646255
0.633211
0.662191
0.732442
0.591172
0.644115
0.689741
0.592988
0.657198
0.569686
0.693197
0.577095
0.588702
0.660434
0.507032
0.596346
0.623794
0.656730
0.808360
0.694321
0.500185
0.598281
0.579277
0.543940
0.569970
0.643427
0.786680
0.749980
0.750733
0.676838
0.698707
0.556562
0.558838
0.551616
0.678601
0.610093
0.603535
0.659314
0.407116
0.538311
0.655655
0.562775
0.690112
0.477008
0.558748
0.568786
0.573598
0.609734
0.481496
0.747277
0.609311
0.637911
0.672131
0.735324
0.530318
0.569059
0.531314
0.548766
0.582385
0.469922
0.549183
0.484848
0.495511
0.676414
0.625640
0.495799
0.485905
0.514888
0.504433
0.438168
0.565292
0.592720
0.615516
0.611690
0.609378
0.537270
0.497601
0.505384
0.433982
0.464701
0.437976
0.546070
0.278700
0.507348
0.475334
0.522474
0.456989
0.573736
0.513539
0.652637
0.414663
0.515307
0.472518
0.556216
0.603128
0.464752
0.542779
0.624594
0.493346
0.411377
0.508462
0.454221
0.498188
0.586603
0.577927
0.729875
0.680816
0.822727
0.772067
0.578380
0.639965
0.661272
0.621678
0.476749
0.297743
0.720224
0.720488
0.738079
0.499516
0.684246
0.222072
0.566368
0.516942
0.533767
0.585010
0.656168
0.541775
0.536463
0.523546
0.529280
0.520136
0.640860
0.634449
0.654302
0.616691
0.722232
0.572675
0.554331
0.741596
0.611327
0.613758
0.680672
0.687738
0.543086
0.523649
0.701195
0.598617
0.584862
0.487068
0.555177
0.721346
0.548898
0.514965
0.538453
0.421896
0.407384
0.429245
0.634226
0.645698
0.529341
0.702555
0.575094
0.631618
0.584554
0.538220
0.369846
0.535744
0.499574
0.505470
0.516341
0.490630
0.545469
0.589825
0.391577
0.512924
0.358922
0.514597
0.364944
0.535472
0.474008
0.533495
0.692442
0.482509
0.468524
0.546521
0.417030
0.497414
0.504376
0.529925
0.366636
0.730820
0.731453
0.923462
0.730707
0.460865
0.595253
0.565336
0.499232
0.556450
0.621064
0.743347
0.727305
0.844058
0.568211
0.747101
0.511696
0.624826
0.436277
0.668007
0.494209
0.531859
0.509226
0.612906
0.572537
0.464893
0.500571
0.689382
0.599150
0.634510
0.516991
0.581619
0.566897
0.535869
0.825708
0.596413
0.532552
0.622505
0.706627
0.593280
0.636789
0.606423
0.513250
0.632379
0.694330
0.761919
0.704708
0.606719
0.465578
0.540544
0.476384
0.728035
0.481124
0.640901
0.646870
0.796828
0.480618
0.735142
0.587618
0.575326
0.548593
0.639884
0.631745
0.583083
0.565049
0.642497
0.740690
0.492538
0.524208
0.518335
0.649250
0.494314
0.653030
0.628150
0.677524
0.399108
0.637502
0.681392
0.646869
0.478141
0.593165
0.573922
0.627694
0.598994
0.621809
0.650463
0.609960
0.506969
0.594782
0.532354
0.516268
0.733890
0.770704
0.659621
0.590850
0.716298
0.705692
0.688542
0.633736
0.611378
0.712672
0.528759
0.556125
0.602485
0.585402
0.653576
0.711882
0.480014
0.620834
0.571515
0.629800
0.516016
0.561842
0.594161
0.599703
0.821920
0.582652
0.587425
0.664106
0.533387
0.600901
0.637047
0.613061
0.556704
0.735284
0.824699
0.656601
0.695686
0.708960
0.717177
0.742187
0.895692
0.809062
0.811944
0.900680
0.800581
0.776694
0.731600
0.837479
0.741323
0.797984
0.800681
0.755350
0.696800
0.762006
0.875732
0.726882
0.786570
0.744650
0.800388
0.660807
0.818518
0.655905
0.844157
0.751989
0.775093
0.822538
0.718711
0.663762
0.829238
0.722987
0.814282
0.765941
0.741812
0.670994
0.526276
0.458938
0.661350
0.604720
0.806681
0.650157
0.676501
0.752647
0.787359
0.648351
0.503045
0.624045
0.594694
0.515939
0.627684
0.563979
0.588679
0.588122
0.719731
0.599397
0.757807
0.599317
0.729767
0.467152
0.597186
0.387173
0.689209
0.859319
0.539010
0.686178
0.622319
0.589511
0.631237
0.450270
0.493412
0.566466
0.561723
0.598468
0.562264
0.567262
0.609382
0.790016
0.717059
0.792179
0.497365
0.756030
0.478537
0.613636
0.531529
0.645779
0.467831
0.496266
0.601269
0.504452
0.602222
0.622481
0.506057
0.639126
0.497978
0.553037
0.461165
0.553640
0.590838
0.299193
0.808959
0.495175
0.529330
0.675080
0.704794
0.553584
0.621149
0.608074
0.465665
0.570622
0.522511
0.531809
0.711780
0.809815
0.664777
0.730580
0.683359
0.676971
0.627445
0.616589
0.590732
0.621393
0.495081
0.582378
0.530842
0.598882
0.589785
0.659971
0.445896
0.703154
0.576122
0.654672
0.438572
0.573386
0.562640
0.625448
0.757664
0.561475
0.519142
0.672522
0.530222
0.537548
0.621135
0.614302
0.547225
0.272287
0.461899
0.523956
0.656956
0.564383
0.688658
0.585680
0.639018
0.610428
0.432170
0.501972
0.525735
0.542473
0.427544
0.536962
0.484884
0.539377
0.579193
0.366737
0.509759
0.491939
0.652377
0.403001
0.500138
0.452774
0.602712
0.690295
0.544463
0.560724
0.542211
0.428873
0.637988
0.428670
0.548038
0.462169
0.466101
0.527184
0.695061
0.551185
0.673324
0.595515
0.646761
0.539022
0.414262
0.463997
0.555019
0.487783
0.409832
0.539209
0.397315
0.461355
0.568372
0.338870
0.560222
0.433247
0.664875
0.326253
0.405849
0.383613
0.613714
0.745983
0.491098
0.485344
0.459041
0.444558
0.570736
0.418827
0.467053
0.404079
0.570495
0.664653
0.554076
0.682209
0.580510
0.598083
0.532912
0.576635
0.403860
0.484314
0.577523
0.507938
0.481342
0.504101
0.577934
0.601768
0.216821
0.450400
0.485975
0.519831
0.459404
0.573412
0.534891
0.601292
0.634513
0.621134
0.609518
0.619046
0.498764
0.410933
0.509800
0.482570
0.467770
0.708566
0.678091
0.744754
0.577210
0.653773
0.225574
0.352846
0.583480
0.506568
0.568327
0.675695
0.508766
0.514499
0.539713
0.544130
0.558846
0.646210
0.650018
0.679218
0.547854
0.656685
0.446146
0.579300
0.716821
0.507648
0.677375
0.698303
0.691249
0.623984
0.350374
0.649601
0.603963
0.745811
0.691513
0.752756
0.525769
0.726073
0.675997
0.650809
0.568964
0.676185
0.746828
0.626133
0.726587
0.697150
0.717963
0.653365
0.643648
0.675357
0.743606
0.651082
0.752512
0.734401
0.716963
0.577626
0.702318
0.781599
0.763930
0.695202
0.675184
0.662176
0.701891
0.694758
0.657008
0.731954
0.627100
0.709597
0.539441
0.593427
0.669410
0.619926
0.633112
0.633609
0.572964
0.625486
0.716711
0.481633
0.596830
0.630553
0.620519
0.557755
0.707848
0.559457
0.721355
0.787341
0.624466
0.657104
0.711293
0.557781
0.626027
0.538118
0.729465
0.546755
0.765697
0.614717
0.714069
0.587319
0.724331
0.620608
0.643259
0.720673
0.704513
0.682525
0.661560
0.715928
0.634805
0.707357
0.741334
0.747126
0.644871
0.786017
0.606430
0.683043
0.749401
0.650481
0.738701
0.781478
0.601946
0.595711
0.595684
0.813075
0.747506
0.776938
0.487716
0.593892
0.534782
0.625454
0.560404
0.515759
0.571287
0.590824
0.614883
0.580118
0.527776
0.610105
0.654453
0.659245
0.616490
0.597982
0.550320
0.515066
0.852409
0.566914
0.624192
0.755487
0.713806
0.602493
0.591899
0.720746
0.572094
0.643313
0.617095
0.669305
0.617971
0.614697
0.725641
0.635398
0.690303
0.637780
0.613115
0.615416
0.606967
0.684247
0.750136
0.572721
0.768512
0.641254
0.648003
0.456367
0.622373
0.689495
0.744779
0.573280
0.692041
0.623098
0.671743
0.647247
0.447342
0.487374
0.483977
0.508423
0.592196
0.467667
0.459621
0.453976
0.507922
0.518793
0.654124
0.573594
0.664066
0.517825
0.594928
0.472095
0.495763
0.667478
0.476277
0.591502
0.637767
0.674010
0.542955
0.431683
0.599393
0.518129
0.464773
0.479030
0.468860
0.595993
0.535007
0.479455
0.457241
0.591102
0.524653
0.635197
0.525896
0.664001
0.399540
0.583015
0.218891
0.599300
0.727277
0.451406
0.623550
0.596683
0.582916
0.551561
0.100773
0.561193
0.486507
0.573856
0.514578
0.485374
0.481464
0.500318
0.490073
0.564526
0.388617
0.533202
0.451170
0.616160
0.469449
0.571936
0.527628
0.521244
0.723414
0.485291
0.542689
0.576987
0.544449
0.388009
0.453041
0.399591
0.414284
0.549154
0.623080
0.511030
0.582411
0.572952
0.571331
0.520358
0.644463
0.620006
0.675602
0.507492
0.651795
0.460225
0.587288
0.660144
0.519199
0.682165
0.651066
0.609202
0.594113
0.456457
0.621724
0.620288
0.555281
0.484197
0.570996
0.494490
0.540987
0.516518
0.579423
0.499676
0.573218
0.393397
0.528968
0.368673
0.455684
0.765148
0.375872
0.533411
0.591542
0.547084
0.585747
0.470023
0.552902
0.462103
0.542377
0.477098
0.574691
0.641863
0.413555
0.494959
0.541670
0.582867
0.474710
0.472377
0.550519
0.595753
0.755263
0.519905
0.648013
0.633152
0.597470
0.572349
0.579886
0.600505
0.534879
0.526851
0.514256
0.544908
0.485292
0.633682
0.625135
0.587024
0.464428
0.599054
0.506539
0.598194
0.612327
0.543077
0.558371
0.670001
0.572518
0.419191
0.539786
0.560367
0.577780
0.461179
0.654792
0.493438
0.635746
0.412849
0.531024
0.431278
0.542001
0.506465
0.512968
0.693056
0.545191
0.608338
0.541800
0.584155
0.465843
0.439113
0.545625
0.491908
0.598342
0.530233
0.656231
0.548113
0.643147
0.470283
0.605916
0.427549
0.569098
0.677172
0.507930
0.588465
0.629210
0.587569
0.512210
0.472329
0.621364
0.522720
0.583249
0.683219
0.691767
0.760274
0.548604
0.682827
0.564581
0.587536
0.754784
0.553913
0.596360
0.723779
0.644762
0.700020
0.617049
0.661325
0.595549
0.418234
0.507292
0.510906
0.414361
0.485515
0.542727
0.543061
0.679461
0.546496
0.557055
0.570596
0.460908
0.428867
0.508833
0.549484
0.405270
0.544773
0.557944
0.535948
0.657693
0.626616
0.591581
0.682929
0.658778
0.661219
0.704989
0.585211
0.614742
0.629482
0.643512
0.524040
0.587798
0.344476
0.581086
0.474792
0.603190
0.725121
0.543805
0.490377
0.500468
0.545277
0.521006
0.488047
0.519499
0.382937
0.557015
0.715208
0.611601
0.516644
0.777522
0.664235
0.694634
0.771474
0.718923
0.620317
0.673009
0.685786
0.523578
0.464712
0.335192
0.558962
0.660459
0.398228
0.466369
0.491807
0.447395
0.546909
0.398258
0.474177
0.266788
0.554969
0.648546
0.815333
0.578973
0.620106
0.566713
0.535539
0.644992
0.571007
0.457547
0.546667
0.589184
0.779965
0.396333
0.585363
0.594200
0.536215
0.574809
0.254784
0.563168
0.412702
0.751045
0.526749
0.555035
0.721787
0.709347
0.583038
0.594541
0.628718
0.559421
0.717261
0.861522
0.765362
0.650857
0.652763
0.723237
0.778853
0.681679
0.616979
0.673906
0.598626
0.613939
0.476641
0.603472
0.501742
0.645427
0.613460
0.610270
0.648727
0.596863
0.553780
0.521160
0.627891
0.569598
0.603532
0.580431
0.602350
0.550442
0.620631
0.542270
0.493424
0.566288
0.561392
0.552865
0.475669
0.470973
