0.038840
0.026950
0.006882
0.010036
0.015869
0.107034
0.013078
0.018355
0.024510
0.003361
0.004278
0.007239
0.003734
0.005485
0.021051
0.015744
0.030145
0.004160
0.015393
0.010458
0.013905
0.022727
0.015534
0.010527
0.002699
0.006038
0.028804
0.044191
0.020186
0.005435
0.018895
0.004871
0.014117
0.009991
0.019623
0.026540
0.029307
0.030668
0.027278
0.017880
0.008439
0.016764
0.006301
0.017726
0.025140
0.009763
0.039746
0.020962
0.022995
0.034969
0.028504
0.035981
0.040099
0.097550
0.066512
0.025634
0.024370
0.046390
0.034048
0.038389
0.040143
0.027880
0.063473
0.041256
0.017131
0.035717
0.031350
0.035046
0.027906
0.025793
0.029056
0.038545
0.027626
0.042052
0.017533
0.045727
0.037987
0.049553
0.018624
0.037288
0.026050
0.042984
0.029314
0.029112
0.017128
0.044488
0.058945
0.049710
0.027187
0.027157
0.035435
0.026038
0.022802
0.032978
0.026127
0.023325
0.018574
0.013822
0.011038
0.008073
0.123564
0.025172
0.027765
0.023370
0.024385
0.016361
0.021878
0.031135
0.032775
0.055627
0.038230
0.020112
0.018228
0.034849
0.024176
0.014769
0.029408
0.008287
0.013915
0.023353
0.032977
0.039736
0.051032
0.011940
0.021711
0.022398
0.023884
0.009535
0.028300
0.027331
0.018728
0.035528
0.013359
0.075995
0.063873
0.029942
0.009530
0.019967
0.020088
0.024705
0.024200
0.033565
0.009531
0.019060
0.004814
0.008581
0.107191
0.017519
0.013248
0.019477
0.006066
0.004925
0.006872
0.008921
0.011717
0.032004
0.020952
0.020059
0.003328
0.018722
0.011249
0.007007
0.021053
0.005784
0.005122
0.005141
0.011318
0.021898
0.039613
0.015866
0.010000
0.014213
0.007691
0.005151
0.012764
0.017106
0.016346
0.025837
0.015819
0.042662
0.031265
0.011781
0.007115
0.005027
0.015275
0.013858
0.008016
0.025682
0.009195
0.018146
0.005146
0.100129
0.018121
0.013887
0.016736
0.010135
0.006489
0.008349
0.011823
0.017078
0.040268
0.025889
0.018311
0.006314
0.018233
0.009760
0.007083
0.018416
0.005473
0.007095
0.008292
0.011208
0.031634
0.034949
0.011547
0.012091
0.022413
0.009519
0.004787
0.017245
0.016759
0.012976
0.026990
0.018254
0.052560
0.039950
0.012496
0.007275
0.006751
0.018459
0.017363
0.013491
0.023667
0.009957
0.016834
0.101063
0.018299
0.014254
0.016030
0.015074
0.008625
0.008275
0.016711
0.024746
0.051371
0.031733
0.016249
0.010401
0.019861
0.013121
0.007586
0.017837
0.003889
0.009027
0.013035
0.018510
0.038009
0.034064
0.009041
0.016830
0.026649
0.011708
0.004163
0.026858
0.014111
0.011957
0.028169
0.020858
0.067068
0.052096
0.018389
0.008369
0.009210
0.018984
0.019835
0.019401
0.026711
0.009305
0.015886
0.144914
0.055847
0.072363
0.124039
0.108669
0.085673
0.086481
0.091824
0.192177
0.130399
0.066468
0.121261
0.066870
0.066057
0.082058
0.053475
0.097055
0.114197
0.092061
0.086309
0.101733
0.023376
0.090993
0.138324
0.142233
0.108371
0.092652
0.132581
0.060566
0.062760
0.055001
0.140699
0.169579
0.135106
0.073655
0.102173
0.083220
0.138964
0.082004
0.116116
0.059293
0.099436
0.098477
0.041152
0.039389
0.009387
0.012272
0.015455
0.017678
0.026201
0.025762
0.023818
0.048317
0.012837
0.032000
0.024667
0.025262
0.042342
0.021311
0.017960
0.021165
0.021188
0.054445
0.070394
0.023463
0.007912
0.030795
0.014131
0.024544
0.021062
0.034416
0.040344
0.055330
0.032364
0.045682
0.036218
0.029725
0.027032
0.020148
0.023411
0.045868
0.023238
0.063720
0.032570
0.037493
0.010824
0.024608
0.016044
0.009099
0.013690
0.016760
0.065867
0.037871
0.009881
0.019540
0.011795
0.007932
0.007115
0.007002
0.011211
0.017673
0.010169
0.016064
0.025310
0.010865
0.017283
0.032361
0.032119
0.017364
0.008502
0.034426
0.005451
0.007641
0.010287
0.037348
0.066723
0.047386
0.009590
0.013613
0.007905
0.030885
0.011387
0.021613
0.010575
0.013270
0.017580
0.030578
0.017194
0.014535
0.023593
0.023430
0.059361
0.032142
0.006060
0.024257
0.010532
0.012266
0.009861
0.005767
0.011917
0.024889
0.016407
0.019916
0.034858
0.021718
0.015337
0.034640
0.028177
0.018640
0.009616
0.038848
0.006097
0.008488
0.013124
0.043568
0.063997
0.047415
0.013193
0.015948
0.016044
0.020753
0.017303
0.030085
0.014548
0.015842
0.007657
0.005930
0.009017
0.006011
0.011386
0.018852
0.015056
0.035092
0.002827
0.021342
0.016182
0.014873
0.030665
0.014897
0.008516
0.007209
0.008446
0.030475
0.053950
0.021183
0.004908
0.019302
0.006498
0.014882
0.008878
0.025595
0.029854
0.040104
0.024311
0.030154
0.021628
0.013362
0.017161
0.007761
0.018922
0.025660
0.007857
0.045190
0.020701
0.026978
0.006357
0.008702
0.011660
0.026256
0.019070
0.022758
0.003828
0.014199
0.012127
0.011538
0.017415
0.009867
0.010708
0.004535
0.009894
0.034252
0.041428
0.016469
0.006995
0.017982
0.003091
0.007818
0.017954
0.014014
0.018916
0.023964
0.029246
0.038416
0.026322
0.012460
0.011415
0.007885
0.010656
0.025122
0.015119
0.032976
0.016464
0.016122
0.005707
0.012094
0.041136
0.022500
0.019150
0.008290
0.009861
0.006630
0.005519
0.013753
0.006781
0.009016
0.006161
0.007602
0.030077
0.028429
0.012912
0.014009
0.025145
0.006860
0.006903
0.021133
0.008159
0.012619
0.023241
0.028982
0.048404
0.031451
0.009044
0.011944
0.003781
0.020325
0.016927
0.013931
0.026901
0.014386
0.018402
0.007032
0.032154
0.016721
0.027993
0.007944
0.012001
0.008149
0.011102
0.019438
0.015051
0.011482
0.004615
0.003559
0.024436
0.033263
0.020574
0.012817
0.025221
0.007930
0.014231
0.013724
0.015793
0.022518
0.027587
0.031285
0.033684
0.020605
0.006221
0.018063
0.004548
0.024579
0.019460
0.010007
0.034169
0.020761
0.025714
0.028628
0.016072
0.026477
0.011975
0.017191
0.010825
0.014992
0.022350
0.020748
0.014331
0.005647
0.009342
0.019078
0.039139
0.020727
0.014541
0.015981
0.014085
0.017636
0.010164
0.019237
0.027794
0.022101
0.035371
0.028537
0.017557
0.006474
0.018183
0.008859
0.022013
0.020046
0.009416
0.036863
0.020344
0.022514
0.017569
0.070100
0.021599
0.046600
0.050288
0.050303
0.065090
0.048505
0.039110
0.029945
0.031455
0.052513
0.109289
0.054678
0.019142
0.024487
0.024710
0.047794
0.022241
0.061896
0.072795
0.072443
0.056799
0.010388
0.014875
0.038094
0.047627
0.041760
0.023851
0.062257
0.029435
0.087469
0.054245
0.045786
0.036790
0.016946
0.022007
0.027907
0.026259
0.036505
0.027830
0.024902
0.019318
0.015869
0.027298
0.066086
0.029219
0.020385
0.017399
0.017488
0.026582
0.015563
0.032848
0.041851
0.044313
0.041581
0.019133
0.014379
0.017898
0.030385
0.022452
0.017377
0.032384
0.017370
0.056840
0.031541
0.024423
0.027420
0.014449
0.016001
0.011008
0.007685
0.011476
0.025506
0.019699
0.025877
0.025944
0.018656
0.013924
0.040432
0.028022
0.025024
0.009972
0.039278
0.010394
0.007143
0.012956
0.036196
0.072598
0.056121
0.015599
0.015326
0.018073
0.025753
0.013248
0.027721
0.011814
0.011323
0.006974
0.018886
0.015371
0.011621
0.024568
0.009830
0.007258
0.004988
0.009500
0.027402
0.049178
0.018957
0.006387
0.014597
0.004605
0.009296
0.011885
0.020877
0.023751
0.032091
0.021415
0.032710
0.023922
0.012029
0.012215
0.007557
0.011930
0.021269
0.009024
0.036520
0.014974
0.019353
0.010878
0.014240
0.006117
0.016515
0.027707
0.011690
0.009637
0.031810
0.021862
0.022163
0.028146
0.032470
0.009894
0.015284
0.033633
0.007041
0.013935
0.015892
0.049878
0.042825
0.027419
0.008437
0.024873
0.013713
0.022945
0.023958
0.026450
0.024959
0.025851
0.014507
0.006380
0.010447
0.011026
0.014493
0.008066
0.008825
0.029874
0.018457
0.012340
0.019140
0.029894
0.013707
0.009842
0.020824
0.009642
0.010887
0.017749
0.031659
0.053720
0.036839
0.006599
0.013785
0.005103
0.029275
0.016330
0.016513
0.019924
0.015340
0.020557
0.012933
0.003098
0.006990
0.009136
0.012219
0.022116
0.025188
0.008587
0.021141
0.020391
0.014164
0.002980
0.020333
0.009354
0.007035
0.020912
0.019224
0.057538
0.041635
0.008429
0.005988
0.004379
0.021462
0.006092
0.011420
0.015353
0.004598
0.013823
0.015300
0.029606
0.014322
0.017632
0.035360
0.011575
0.019311
0.036332
0.036979
0.017077
0.012379
0.043121
0.004099
0.007363
0.008523
0.048684
0.065189
0.045998
0.011230
0.020611
0.015614
0.027062
0.020486
0.032865
0.013645
0.021035
0.012238
0.007469
0.010872
0.016114
0.026468
0.032030
0.009066
0.018688
0.019617
0.012171
0.001985
0.022755
0.012375
0.008009
0.025297
0.014639
0.060581
0.046331
0.013933
0.005469
0.007203
0.017199
0.010668
0.014245
0.018968
0.004821
0.012029
0.009779
0.015109
0.023979
0.046136
0.012419
0.011721
0.016377
0.015610
0.007590
0.010873
0.022950
0.021461
0.035562
0.011773
0.051832
0.040226
0.014791
0.006638
0.005707
0.021456
0.013202
0.006042
0.033778
0.007326
0.022770
0.006074
0.021883
0.032909
0.017896
0.010618
0.017458
0.005211
0.008649
0.013933
0.013296
0.017981
0.019814
0.027983
0.034075
0.022510
0.005112
0.011695
0.004326
0.016067
0.016551
0.009821
0.027286
0.014677
0.015642
0.028111
0.034250
0.021842
0.015557
0.027863
0.008917
0.014377
0.015625
0.016427
0.020609
0.028323
0.036057
0.031603
0.017681
0.004983
0.019725
0.006706
0.023655
0.021147
0.013359
0.033065
0.022930
0.022059
0.049673
0.034150
0.040555
0.016692
0.034129
0.025127
0.022059
0.034862
0.034584
0.033786
0.028376
0.045724
0.037691
0.018600
0.025219
0.023641
0.032547
0.012097
0.012809
0.034776
0.020352
0.026357
0.033491
0.063274
0.068176
0.041772
0.029281
0.065039
0.014909
0.015646
0.016099
0.066547
0.103715
0.077531
0.025306
0.036878
0.026764
0.063853
0.029433
0.050738
0.016627
0.035712
0.037573
0.022295
0.024654
0.021195
0.009607
0.023533
0.015913
0.014639
0.028915
0.024206
0.068451
0.054006
0.016465
0.011264
0.012012
0.024494
0.018514
0.018389
0.028420
0.008948
0.014533
0.019908
0.009824
0.018694
0.010494
0.032043
0.035997
0.043496
0.026045
0.033989
0.026977
0.021107
0.018690
0.013994
0.018353
0.036859
0.013797
0.054085
0.024382
0.029924
0.021508
0.018309
0.015319
0.032920
0.036303
0.035247
0.024869
0.032431
0.029680
0.022198
0.016072
0.022940
0.009432
0.022341
0.012132
0.043799
0.015487
0.016840
0.011216
0.020971
0.014564
0.021786
0.026624
0.035037
0.033331
0.023454
0.012105
0.018031
0.009728
0.012372
0.027397
0.017378
0.035428
0.022101
0.017127
0.022709
0.009614
0.007074
0.019892
0.018559
0.059244
0.043735
0.011971
0.003991
0.006380
0.014724
0.010069
0.014200
0.017063
0.004451
0.010146
0.039773
0.040397
0.047810
0.019633
0.029515
0.024749
0.016306
0.020687
0.013822
0.026540
0.024797
0.004981
0.052789
0.021255
0.032157
0.008579
0.009476
0.046612
0.065749
0.044404
0.011937
0.018080
0.011256
0.023742
0.018994
0.028804
0.018003
0.018440
0.014685
0.016728
0.032288
0.077970
0.057224
0.015502
0.012271
0.013614
0.030934
0.013874
0.028605
0.010395
0.011539
0.015135
0.057614
0.068752
0.049176
0.019085
0.025410
0.022909
0.030969
0.026466
0.037661
0.018238
0.025782
0.021109
0.073634
0.065465
0.034143
0.014801
0.022666
0.035719
0.020184
0.015987
0.042610
0.012647
0.036421
0.005980
0.036072
0.060526
0.048905
0.034884
0.063753
0.035183
0.088827
0.065172
0.051212
0.022910
0.047160
0.033328
0.027963
0.049959
0.027477
0.070508
0.052198
0.040924
0.016093
0.005650
0.023447
0.012184
0.011353
0.023038
0.016239
0.014295
0.009859
0.018876
0.011686
0.012793
0.020595
0.003495
0.014857
0.024287
0.011513
0.008442
0.024454
0.010803
0.019568
0.031545
0.023209
0.044248
0.020840
0.011608
0.013330
0.015577
0.007127
0.018143
0.037407
0.011761
0.023603
0.018561
0.024212
0.013532
