0.686049
0.539514
0.703542
0.595938
0.645928
0.613937
0.581508
0.582092
0.708224
0.607470
0.568342
0.663395
0.663932
0.692509
0.688357
0.596488
0.533611
0.537231
0.580428
0.705844
0.700566
0.657730
0.679330
0.549741
0.546113
0.586560
0.664743
0.613965
0.635734
0.487682
0.719307
0.605400
0.602406
0.630833
0.616922
0.519559
0.654607
0.656174
0.599076
0.613406
0.682430
0.633854
0.739457
0.673185
0.614430
0.730182
0.477239
0.574460
0.686418
0.740452
0.701054
0.561713
0.740571
0.623736
0.626118
0.686083
0.676920
0.743900
0.635112
0.716384
0.718774
0.643045
0.712137
0.697255
0.678174
0.647001
0.616811
0.807199
0.664110
0.581469
0.693229
0.663549
0.630436
0.671692
0.644763
0.736055
0.513523
0.709257
0.636294
0.596784
0.627370
0.725737
0.734672
0.647503
0.680082
0.668764
0.625073
0.749988
0.750668
0.691791
0.644949
0.643626
0.689355
0.669239
0.681706
0.631920
0.634826
0.794716
0.697470
0.659785
0.765500
0.623100
0.762565
0.756370
0.767260
0.674712
0.774740
0.744041
0.681183
0.677325
0.748781
0.695035
0.622369
0.707704
0.727431
0.784236
0.533151
0.565219
0.452342
0.569442
0.716642
0.644508
0.650184
0.789877
0.759318
0.827198
0.721165
0.743241
0.588140
0.697976
0.588671
0.706699
0.623506
0.693720
0.796783
0.750161
0.738268
0.766373
0.653163
0.569144
0.693868
0.420645
0.661503
0.685687
0.462274
0.503177
0.643886
0.534546
0.503991
0.589621
0.762383
0.382868
0.443858
0.627230
0.681075
0.661836
0.423986
0.443477
0.472368
0.537225
0.587968
0.657155
0.554938
0.690866
0.513832
0.362783
0.488965
0.463877
0.575487
0.409735
0.572619
0.535360
0.512150
0.453893
0.752697
0.519679
0.555637
0.484129
0.387038
0.477889
0.540126
0.403901
0.564706
0.649971
0.483356
0.477254
0.657250
0.709592
0.599638
0.468090
0.521414
0.551116
0.446363
0.451624
0.565333
0.726864
0.458535
0.489814
0.561168
0.656819
0.649220
0.445997
0.583589
0.540086
0.540477
0.644274
0.572499
0.522508
0.613481
0.482518
0.498876
0.487691
0.542505
0.632630
0.436167
0.639111
0.537087
0.507947
0.424050
0.709912
0.591038
0.568256
0.432493
0.483527
0.320315
0.554743
0.566235
0.484224
0.721760
0.450487
0.551192
0.605166
0.583997
0.583109
0.585874
0.662661
0.551424
0.660445
0.560744
0.706718
0.453969
0.593015
0.630954
0.613645
0.698955
0.633319
0.564371
0.419547
0.611188
0.296677
0.732415
0.486976
0.602984
0.487197
0.505636
0.559771
0.460575
0.707278
0.548268
0.724490
0.581064
0.571744
0.614644
0.722878
0.527015
0.514101
0.569361
0.467879
0.515039
0.711343
0.492695
0.678992
0.710048
0.534749
0.426430
0.615267
0.613996
0.647140
0.522859
0.556330
0.298361
0.640467
0.778900
0.594150
0.639362
0.701494
0.759158
0.740457
0.628000
0.657627
0.594214
0.595087
0.791516
0.601902
0.592398
0.669719
0.555423
0.645897
0.673120
0.606960
0.770621
0.436945
0.432577
0.521819
0.518464
0.467036
0.594655
0.647926
0.659425
0.648009
0.589339
0.490228
0.411445
0.627583
0.768271
0.629533
0.597369
0.674205
0.629569
0.698432
0.353089
0.645435
0.485343
0.616450
0.762621
0.522084
0.545462
0.680853
0.675894
0.597747
0.514945
0.637693
0.550662
0.535981
0.685405
0.530000
0.576715
0.671176
0.495952
0.429242
0.587873
0.578372
0.530027
0.490566
0.602098
0.569790
0.558176
0.469894
0.694318
0.646123
0.575676
0.475509
0.527317
0.472287
0.535747
0.614882
0.561540
0.684909
0.449621
0.594279
0.616830
0.579222
0.525148
0.629438
0.661899
0.793097
0.549097
0.629397
0.736768
0.746107
0.724977
0.502005
0.626620
0.619819
0.570808
0.734345
0.569754
0.611060
0.720150
0.511555
0.577797
0.638671
0.563662
0.650806
0.445664
0.437675
0.489266
0.431453
0.318579
0.584262
0.697731
0.610034
0.556719
0.534624
0.478866
0.277553
0.586654
0.591838
0.726904
0.494451
0.589838
0.706265
0.622659
0.439192
0.634672
0.688317
0.582432
0.670154
0.598318
0.606551
0.716274
0.575932
0.600230
0.467770
0.589941
0.663266
0.644854
0.565879
0.582333
0.607043
0.669994
0.618534
0.549831
0.718251
0.577564
0.701596
0.611589
0.533602
0.609720
0.711916
0.575805
0.542859
0.627129
0.616735
0.500100
0.700609
0.627842
0.686214
0.613043
0.635707
0.576652
0.636780
0.639254
0.595135
0.538644
0.630148
0.697413
0.633668
0.624007
0.819443
0.688190
0.694746
0.520777
0.571568
0.699859
0.807823
0.702354
0.618117
0.715871
0.745336
0.673282
0.718841
0.741242
0.666179
0.665967
0.696193
0.542987
0.683049
0.755464
0.457890
0.624437
0.680348
0.733497
0.586427
0.760387
0.629682
0.722651
0.726641
0.708549
0.678324
0.737729
0.648895
0.644489
0.689218
0.407565
0.472177
0.645270
0.675349
0.475818
0.486910
0.412668
0.520285
0.558722
0.630628
0.544393
0.650297
0.503436
0.516958
0.300629
0.487543
0.621496
0.364870
0.536038
0.423910
0.454915
0.476415
0.714777
0.397618
0.510603
0.512104
0.498746
0.354015
0.551065
0.376730
0.494244
0.668717
0.488669
0.420127
0.533930
0.586275
0.559229
0.421650
0.563301
0.686132
0.640409
0.537704
0.549754
0.525225
0.562903
0.620681
0.704393
0.625031
0.744893
0.550198
0.506999
0.514348
0.537732
0.596602
0.556232
0.586764
0.509813
0.585138
0.567808
0.794029
0.512770
0.604037
0.548303
0.538890
0.526071
0.624592
0.479019
0.577922
0.765658
0.583564
0.544753
0.687080
0.679418
0.631149
0.599363
0.576668
0.700808
0.589497
0.651608
0.594213
0.645581
0.727837
0.665935
0.638702
0.513197
0.687686
0.721765
0.567439
0.611731
0.729712
0.564473
0.643953
0.546115
0.552380
0.631101
0.795532
0.469705
0.600735
0.585872
0.706101
0.460485
0.737645
0.629904
0.691524
0.686575
0.661419
0.635638
0.599456
0.619521
0.585833
0.713236
0.745048
0.677331
0.614946
0.536528
0.596507
0.583433
0.741862
0.586052
0.506317
0.634544
0.685982
0.704037
0.504159
0.746975
0.733792
0.673874
0.740176
0.589699
0.696671
0.662184
0.592316
0.509181
0.723867
0.600303
0.649619
0.833128
0.722434
0.739436
0.652010
0.695549
0.544513
0.635674
0.619899
0.617233
0.676050
0.717266
0.677699
0.594818
0.617454
0.776691
0.733500
0.622029
0.605993
0.655208
0.613945
0.759303
0.663868
0.716553
0.735890
0.764761
0.716979
0.677833
0.696737
0.731708
0.732724
0.600090
0.680619
0.652293
0.637090
0.769714
0.740423
0.724415
0.694777
0.750875
0.674602
0.627783
0.718270
0.681973
0.661070
0.526796
0.551235
0.456106
0.690992
0.616309
0.556076
0.691725
0.583816
0.526005
0.445563
0.520965
0.407859
0.464553
0.463841
0.603873
0.549954
0.435834
0.735070
0.587286
0.501320
0.391880
0.568354
0.487429
0.566713
0.563908
0.556180
0.540361
0.528642
0.544746
0.695162
0.611491
0.565013
0.506538
0.344399
0.540571
0.649332
0.748128
0.577175
0.660103
0.620773
0.544114
0.508356
0.563742
0.613369
0.576878
0.524568
0.728445
0.592454
0.553324
0.754434
0.567133
0.451257
0.566669
0.583664
0.560511
0.681952
0.534363
0.648865
0.650863
0.622116
0.552116
0.773641
0.649619
0.618774
0.582342
0.492265
0.486376
0.655827
0.489204
0.545669
0.494929
0.461747
0.481063
0.442610
0.589195
0.526758
0.522279
0.589970
0.457999
0.536677
0.666574
0.414532
0.387694
0.557717
0.493296
0.435707
0.650954
0.456889
0.652980
0.558303
0.587579
0.446184
0.619001
0.573404
0.521571
0.457086
0.587885
0.624524
0.442790
0.569963
0.523521
0.595699
0.600307
0.522885
0.635193
0.475870
0.487134
0.565169
0.456187
0.450130
0.657321
0.473003
0.432666
0.537332
0.515470
0.475852
0.590758
0.560555
0.616296
0.588956
0.596543
0.524957
0.574772
0.604689
0.469025
0.493505
0.761240
0.581801
0.706882
0.533590
0.577210
0.643820
0.419207
0.751528
0.643532
0.690219
0.616307
0.649107
0.663292
0.759285
0.574891
0.506613
0.649004
0.466957
0.627275
0.764533
0.600609
0.755745
0.715952
0.638596
0.415653
0.656985
0.698581
0.706317
0.554613
0.605298
0.734284
0.545192
0.699292
0.708087
0.650326
0.728124
0.610262
0.628955
0.621947
0.669336
0.617262
0.746049
0.680450
0.665808
0.623436
0.612865
0.584225
0.626143
0.692176
0.684988
0.675923
0.561372
0.697449
0.665752
0.677738
0.640369
0.651189
0.518527
0.392483
0.603844
0.629403
0.499694
0.697139
0.525275
0.642991
0.598601
0.501095
0.524144
0.623383
0.585629
0.423769
0.596578
0.397789
0.481944
0.687618
0.626784
0.610340
0.566114
0.532880
0.378628
0.499876
0.494068
0.536004
0.450981
0.572535
0.675240
0.736221
0.485438
0.788671
0.655538
0.774634
0.649212
0.515340
0.634140
0.628130
0.595076
0.489350
0.629806
0.630042
0.504778
0.742886
0.732071
0.697973
0.613076
0.703359
0.592461
0.552012
0.553157
0.500147
0.675679
0.433041
0.622039
0.423513
0.644968
0.558003
0.620236
0.615843
0.535980
0.509934
0.610486
0.525688
0.491096
0.558592
0.276428
0.501304
0.583850
0.523282
0.621435
0.686134
0.471985
0.450890
0.563083
0.476149
0.436491
0.525409
0.492507
0.488812
0.462258
0.578118
0.539146
0.666817
0.573398
0.554755
0.721811
0.612425
0.547499
0.485467
0.449221
0.566395
0.589043
0.629138
0.661557
0.691860
0.505906
0.545551
0.747355
0.566497
0.575573
0.522705
0.563568
0.635926
0.476222
0.560227
0.536539
0.536822
0.572530
0.774223
0.527666
0.530587
0.532215
0.655746
0.446628
0.625232
0.535653
0.549144
0.713840
0.562122
0.566742
0.714026
0.605267
0.663206
0.528008
0.646701
0.542710
0.621340
0.586262
0.459455
0.427039
0.551454
0.523603
0.413943
0.494956
0.352021
0.486436
0.643361
0.521668
0.680703
0.600740
0.559882
0.339498
0.549014
0.564219
0.478153
0.431155
0.685300
0.569279
0.790479
0.658338
0.670915
0.748793
0.612512
0.624651
0.587088
0.631848
0.683782
0.633797
0.585346
0.719530
0.669192
0.605394
0.583918
0.822708
0.692271
0.666524
0.622875
0.553116
0.355005
0.419951
0.377252
0.732220
0.521262
0.523467
0.457883
0.517116
0.362791
0.429128
0.493723
0.560524
0.569371
0.425595
0.555953
0.529552
0.652343
0.517306
0.528471
0.645337
0.556342
0.483288
0.713194
0.592246
0.584454
0.610828
0.620139
0.583753
0.461218
0.646039
0.722261
0.682740
0.654870
0.602019
0.772077
0.702419
0.407752
0.561083
0.484798
0.482386
0.693906
0.556296
0.578526
0.584767
0.599685
0.381007
0.541916
0.494751
0.555442
0.723791
0.517411
0.560137
0.582413
0.684173
0.647447
0.553523
0.295260
0.550180
0.405046
0.513789
0.532395
0.543187
0.392334
0.425323
0.509630
0.599355
0.639864
0.553782
0.498176
0.579848
0.577364
0.423913
0.588111
0.521228
0.594314
0.527024
0.449884
0.524301
0.394499
0.383152
0.567255
0.525759
0.645225
0.474687
0.522656
0.637309
0.553662
0.459317
0.567433
0.762508
0.627846
0.831057
0.651476
0.723528
0.709827
0.760322
0.804940
0.676790
0.776867
0.636900
0.639597
0.621711
0.622795
0.658754
0.476437
0.552105
0.543582
0.389498
0.663428
0.299682
0.623374
0.588253
0.566506
0.517289
0.583894
0.631534
0.533244
0.551285
0.519235
0.523127
0.450831
0.691916
0.523941
0.550239
0.476588
0.562311
0.438128
0.571458
0.499522
0.533262
0.523162
0.552527
0.382944
0.537244
0.543995
0.623398
0.720739
0.405011
0.588410
0.664576
0.609171
0.611040
0.587881
0.501456
0.619572
0.512599
0.655591
0.637500
0.507934
0.330348
0.586985
0.662133
0.536553
0.420915
0.516200
0.450952
0.514305
0.642038
0.449034
0.521351
0.536780
0.523612
0.491712
0.555888
0.611210
0.635739
0.802711
0.514956
0.688279
0.801860
0.699942
0.420760
0.682051
0.621109
0.746214
0.533866
0.490802
0.631240
0.667995
0.638753
0.554620
0.711651
0.541058
0.613790
0.716713
0.643486
0.727242
0.651779
0.686936
0.666478
0.583415
0.698396
0.590549
0.574476
0.549421
0.606342
0.562051
0.595509
0.580444
0.585390
0.583251
0.607595
0.451125
0.690863
0.612707
0.662080
0.597308
0.697939
0.561086
