0.525555
0.674359
0.598819
0.545755
0.564521
0.538043
0.541140
0.543687
0.555948
0.513001
0.656272
0.546458
0.666244
0.573767
0.509388
0.605380
0.630656
0.577973
0.566693
0.550335
0.473855
0.618482
0.611949
0.528655
0.602161
0.532549
0.651503
0.522089
0.567764
0.763496
0.712355
0.507428
0.532201
0.736707
0.647022
0.478230
0.656993
0.583983
0.878355
0.488028
0.678921
0.625965
0.625649
0.597747
0.561291
0.493512
0.660546
0.769857
0.535332
0.497002
0.627374
0.536028
0.489307
0.517911
0.580969
0.473993
0.569341
0.539852
0.465456
0.581978
0.636515
0.558645
0.511496
0.657012
0.567298
0.684637
0.632826
0.468655
0.467051
0.686537
0.666116
0.623568
0.648203
0.501409
0.673936
0.538990
0.540586
0.720708
0.557223
0.592807
0.618569
0.650545
0.643700
0.476169
0.602388
0.632985
0.732243
0.452721
0.655624
0.559142
0.588808
0.604944
0.537808
0.533235
0.681413
0.665199
0.640013
0.638375
0.603465
0.729249
0.680511
0.606348
0.746594
0.578462
0.583586
0.596032
0.737038
0.827708
0.646640
0.605920
0.730809
0.625138
0.754515
0.836091
0.524098
0.637236
0.725709
0.662764
0.552791
0.725039
0.640357
0.643929
0.609675
0.501183
0.846193
0.371050
0.699280
0.609637
0.802164
0.646328
0.616280
0.677797
0.629433
0.774319
0.610414
0.727728
0.706866
0.739113
0.769205
0.725297
0.632496
0.580610
0.764496
0.674213
0.681886
0.675520
0.692738
0.656293
0.713243
0.567309
0.557627
0.651898
0.702660
0.795003
0.585073
0.447950
0.694442
0.655968
0.690598
0.780303
0.543929
0.651145
0.681746
0.698506
0.631746
0.727210
0.708035
0.612247
0.673724
0.592842
0.818675
0.709283
0.678186
0.680215
0.884970
0.603065
0.590384
0.551086
0.511575
0.760207
0.581310
0.756041
0.724981
0.756484
0.805033
0.679265
0.535404
0.732205
0.851119
0.728163
0.613188
0.732701
0.511621
0.530001
0.581542
0.552254
0.484843
0.735169
0.633466
0.616964
0.635494
0.703210
0.544024
0.640246
0.693588
0.592673
0.609300
0.784536
0.622537
0.660373
0.664366
0.423867
0.702415
0.412712
0.441053
0.818244
0.592383
0.596947
0.707599
0.789729
0.700792
0.502613
0.765474
0.698108
0.751579
0.482711
0.750053
0.695195
0.632471
0.481115
0.544873
0.638084
0.615991
0.751308
0.490487
0.523636
0.609579
0.471956
0.588505
0.559692
0.537209
0.539206
0.718064
0.552511
0.510643
0.582267
0.592652
0.499095
0.604780
0.607704
0.595725
0.650159
0.682395
0.605285
0.575652
0.474456
0.625872
0.616283
0.501315
0.697977
0.750066
0.710251
0.552466
0.715889
0.631959
0.529653
0.482095
0.558307
0.718232
0.508974
0.672130
0.820657
0.632773
0.653734
0.531433
0.489953
0.629029
0.725154
0.635444
0.519953
0.642760
0.716700
0.522032
0.606219
0.495626
0.769610
0.548170
0.514851
0.474471
0.607991
0.665443
0.584945
0.603679
0.496658
0.704560
0.701023
0.562213
0.661511
0.638479
0.672021
0.614690
0.561061
0.397344
0.640485
0.589955
0.323785
0.686111
0.697389
0.611549
0.646592
0.521693
0.750505
0.570843
0.283181
0.695703
0.684906
0.693014
0.596852
0.550636
0.579807
0.360545
0.754152
0.565629
0.614394
0.529531
0.543921
0.560209
0.757360
0.578272
0.576067
0.533261
0.643484
0.746684
0.561876
0.492131
0.468644
0.628513
0.603208
0.496219
0.632068
0.573998
0.694206
0.496064
0.568858
0.820510
0.556088
0.519745
0.416898
0.711971
0.648079
0.558003
0.597396
0.440513
0.817524
0.494567
0.523884
0.671029
0.557316
0.673864
0.607692
0.580619
0.494281
0.572707
0.533137
0.643502
0.564766
0.445391
0.544650
0.536795
0.660408
0.592528
0.619516
0.606375
0.659150
0.592385
0.498317
0.511203
0.626383
0.751860
0.671664
0.635464
0.431912
0.750347
0.562321
0.563089
0.769367
0.763321
0.647900
0.635173
0.712191
0.715234
0.523678
0.656686
0.626618
0.742244
0.520628
0.716175
0.743229
0.558892
0.539258
0.507325
0.559207
0.640503
0.698581
0.522960
0.601071
0.637909
0.757680
0.767334
0.596942
0.662901
0.672236
0.689060
0.697147
0.754455
0.637469
0.519909
0.606216
0.577019
0.544010
0.622083
0.587478
0.693752
0.636357
0.559925
0.879343
0.567213
0.709572
0.608884
0.805354
0.592242
0.528840
0.591207
0.675340
0.824093
0.530971
0.824492
0.664328
0.710491
0.793090
0.612968
0.496254
0.604543
0.779968
0.581678
0.615784
0.621170
0.702725
0.520426
0.513450
0.509872
0.614673
0.731363
0.595399
0.391302
0.538509
0.646891
0.642178
0.567484
0.652681
0.561087
0.644658
0.502600
0.580900
0.746811
0.544084
0.354367
0.472782
0.739852
0.613267
0.592903
0.675126
0.616656
0.757870
0.502406
0.502216
0.622004
0.609333
0.658322
0.650020
0.545611
0.558874
0.663447
0.567048
0.629940
0.680662
0.613590
0.562762
0.606388
0.540275
0.663152
0.724084
0.565773
0.484240
0.691682
0.665878
0.605224
0.667240
0.410946
0.760075
0.593846
0.490692
0.701699
0.621590
0.688518
0.667876
0.733976
0.678359
0.544502
0.581525
0.545512
0.645100
0.490158
0.624201
0.706845
0.621158
0.641826
0.457047
0.604790
0.587354
0.616281
0.590309
0.720172
0.606579
0.389580
0.649553
0.597782
0.584276
0.504151
0.574741
0.561090
0.783396
0.685484
0.628548
0.524105
0.586888
0.728916
0.564548
0.607335
0.774227
0.772387
0.649634
0.604014
0.710963
0.650329
0.559828
0.644496
0.498021
0.720330
0.547709
0.612492
0.789394
0.551376
0.686953
0.617375
0.483560
0.641300
0.707281
0.738674
0.842816
0.721519
0.838179
0.762882
0.813645
0.617442
0.690781
0.721188
0.777155
0.797673
0.809001
0.757073
0.513850
0.874278
0.686099
0.628255
0.938220
0.880986
0.752368
0.796258
0.502177
0.838073
0.637926
0.840923
0.789409
0.797942
0.717512
0.883002
0.839610
0.572778
0.661543
0.601872
0.661190
0.816027
0.828561
0.654603
0.530932
0.601262
0.477877
0.611508
0.689533
0.583259
0.597913
0.666711
0.542701
0.499150
0.666129
0.603057
0.441484
0.618430
0.553745
0.819978
0.572151
0.549177
0.594032
0.771648
0.671295
0.615895
0.686756
0.551608
0.709330
0.512396
0.647768
0.661470
0.732896
0.742364
0.569877
0.599448
0.627387
0.689735
0.754336
0.615092
0.526829
0.609770
0.641030
0.523583
0.616922
0.755872
0.625929
0.538148
0.517433
0.587554
0.556348
0.577163
0.559370
0.758734
0.641176
0.605399
0.603217
0.732690
0.522475
0.553958
0.525506
0.451511
0.782352
0.498744
0.602436
0.735023
0.571097
0.716336
0.638621
0.418004
0.569913
0.774183
0.720115
0.721070
0.783970
0.670600
0.543506
0.527770
0.664958
0.577805
0.646691
0.590369
0.634838
0.685849
0.640885
0.666579
0.605673
0.704459
0.626865
0.525720
0.766672
0.612506
0.677076
0.655010
0.624934
0.827196
0.566178
0.467432
0.700579
0.672278
0.695186
0.746779
0.573563
0.625436
0.595421
0.635993
0.588746
0.731439
0.674681
0.627238
0.739671
0.792072
0.552324
0.658670
0.584960
0.572346
0.668264
0.491383
0.749157
0.705601
0.620232
0.632917
0.784077
0.778764
0.623290
0.647329
0.595887
0.693644
0.564817
0.691310
0.787375
0.744862
0.628581
0.578865
0.587241
0.710373
0.773220
0.680887
0.798498
0.764346
0.726454
0.765240
0.774921
0.650062
0.584452
0.664177
0.621444
0.641518
0.592349
0.805145
0.830830
0.825820
0.790194
0.834700
0.774047
0.602011
0.616077
0.612622
0.830547
0.664393
0.824494
0.906900
0.758337
0.740268
0.666844
0.614443
0.724403
0.822112
0.767080
0.624257
0.647762
0.741080
0.702784
0.721107
0.680642
0.657190
0.851648
0.588016
0.576200
0.882625
0.772063
0.647308
0.623241
0.632986
0.798902
0.605173
0.803306
0.648135
0.835973
0.630600
0.744283
0.685633
0.595694
0.671293
0.588795
0.666254
0.611911
0.782057
0.686863
0.568511
0.626049
0.663875
0.584371
0.606160
0.613925
0.682046
0.505164
0.600545
0.795889
0.516633
0.458509
0.511027
0.713728
0.608677
0.551567
0.660009
0.577261
0.777874
0.486032
0.591486
0.636829
0.607952
0.668229
0.662537
0.624131
0.602196
0.707454
0.471873
0.514583
0.633125
0.514266
0.656235
0.568364
0.764165
0.576383
0.545741
0.708914
0.637476
0.560506
0.478586
0.734869
0.699611
0.522422
0.635814
0.552155
0.702438
0.527861
0.535055
0.494322
0.640777
0.748602
0.585794
0.521228
0.592819
0.582163
0.642482
0.769565
0.646235
0.679300
0.679521
0.751311
0.696303
0.696933
0.900252
0.756174
0.749608
0.644751
0.746114
0.696607
0.586452
0.697375
0.569185
0.854318
0.625003
0.782078
0.656424
0.756848
0.798222
0.628341
0.633358
0.682141
0.820933
0.664539
0.656734
0.740033
0.640424
0.722525
0.604917
0.703761
0.919050
0.703085
0.653037
0.641261
0.793424
0.631177
0.596913
0.793488
0.715244
0.840654
0.584668
0.784829
0.686035
0.686554
0.762293
0.678858
0.516835
0.596301
0.709393
0.632830
0.689785
0.678300
0.538320
0.662817
0.515318
0.838485
0.542521
0.615300
0.512414
0.687487
0.647879
0.652909
0.527405
0.413060
0.795567
0.552001
0.564061
0.590030
0.706216
0.818976
0.659712
0.568898
0.506995
0.794669
0.674257
0.660221
0.747960
0.546755
0.668327
0.820165
0.779801
0.761462
0.668202
0.710815
0.624332
0.629444
0.629803
0.656420
0.858419
0.564666
0.716877
0.820397
0.673662
0.696636
0.698534
0.516104
0.687697
0.760325
0.684793
0.747589
0.547625
0.515023
0.763603
0.690385
0.633098
0.632753
0.742508
0.691189
0.510383
0.671682
0.611845
0.678360
0.445126
0.714324
0.734566
0.443994
0.592522
0.486381
0.524184
0.620311
0.727986
0.585028
0.728263
0.679169
0.830412
0.719405
0.679374
0.587661
0.838370
0.569525
0.771242
0.532059
0.506626
0.831804
0.546492
0.732821
0.821471
0.789116
0.783827
0.754198
0.621422
0.693492
0.796555
0.792519
0.524764
0.773567
0.652100
0.603139
0.633418
0.781911
0.599114
0.574413
0.713865
0.634190
0.832535
0.503185
0.609813
0.706073
0.581513
0.561580
0.592734
0.583053
0.590463
0.696287
0.514123
0.789620
0.602648
0.705157
0.559656
0.739852
0.717033
0.551477
0.661931
0.549886
0.596524
0.572935
0.667813
0.737125
0.693608
0.622980
0.457227
0.581632
0.595880
0.680099
0.648723
0.809007
0.839048
0.637900
0.856146
0.834021
0.795323
0.755300
0.742149
0.869259
0.687540
0.339102
0.889389
0.897155
0.715999
0.858252
0.768185
0.791323
0.483662
0.786746
0.573114
0.612428
0.750895
0.698164
0.645163
0.752792
0.661240
0.841563
0.567878
0.664798
0.686683
0.717757
0.801522
0.702400
0.757380
0.390723
0.722915
0.693382
0.566230
0.743368
0.677958
0.720178
0.774285
0.709606
0.873879
0.577854
0.607206
0.557392
0.600540
0.664474
0.670622
0.712573
0.628667
0.730385
0.535871
0.715727
0.690049
0.651248
0.586392
0.477298
0.798668
0.560922
0.439480
0.763203
0.644096
0.700932
0.677701
0.569438
0.550769
0.434117
0.616130
0.682306
0.755464
0.797195
0.738515
0.897574
0.722372
0.730225
0.781841
0.627304
0.751372
0.605286
0.684876
0.799109
0.835941
0.733946
0.677451
0.451617
0.565464
0.898665
0.573400
0.714960
0.790232
0.615193
0.719620
0.699122
0.452257
0.690282
0.797067
0.640679
0.609668
0.576001
0.769908
0.516137
0.772894
0.691621
0.664411
0.651106
0.541180
0.494847
0.611441
0.751140
0.555286
0.467837
0.844930
0.577075
0.683112
0.867919
0.697695
0.800223
0.709437
0.500564
0.670448
0.778794
0.720914
0.759889
0.534075
0.564571
0.773623
0.633128
0.821107
0.583235
0.439864
0.511537
0.687907
0.720277
0.768682
0.819750
0.895951
0.813834
0.800888
0.665492
0.735578
0.876259
0.730431
0.903507
0.605029
0.606961
0.556160
0.648851
0.547948
0.488630
0.530038
0.706119
0.552775
0.687723
0.778136
0.721197
0.752953
0.670977
0.626014
0.404504
0.715362
0.817359
0.860090
0.741341
0.746437
0.740917
0.903255
0.743948
0.680646
0.639760
0.560652
0.586064
0.812946
0.654554
0.704348
0.720639
0.746020
0.712033
0.505257
0.560250
0.662141
0.741939
0.642742
0.629387
0.711624
0.609594
0.700065
0.601603
0.744567
