0.434068
0.487475
0.629142
0.614274
0.450037
0.653409
0.681755
0.575220
0.542729
0.637685
0.531377
0.794582
0.626902
0.480313
0.621709
0.660300
0.587491
0.519671
0.637846
0.505019
0.521280
0.522920
0.513871
0.517544
0.587683
0.384725
0.570612
0.533553
0.683904
0.523350
0.637669
0.616667
0.542549
0.560235
0.659991
0.514064
0.489130
0.551029
0.647242
0.721153
0.659603
0.689808
0.489066
0.530176
0.411460
0.492928
0.472553
0.615135
0.569797
0.396366
0.563322
0.519424
0.322877
0.497392
0.521128
0.498969
0.573552
0.634558
0.563330
0.607285
0.572149
0.304760
0.436461
0.510341
0.568991
0.353754
0.552222
0.574241
0.433956
0.491508
0.431102
0.382308
0.395129
0.519908
0.548263
0.442608
0.653099
0.526653
0.680150
0.509931
0.597253
0.427827
0.476019
0.511009
0.335854
0.559890
0.638358
0.650196
0.701359
0.719052
0.440401
0.490138
0.351900
0.478354
0.456746
0.515328
0.374872
0.624091
0.545187
0.427315
0.564135
0.620553
0.584405
0.619125
0.590285
0.576095
0.623222
0.586053
0.474345
0.501500
0.529055
0.576702
0.441926
0.561230
0.449425
0.506199
0.566201
0.471580
0.499158
0.527882
0.559478
0.659576
0.517766
0.613875
0.487926
0.630539
0.563366
0.576576
0.467773
0.499416
0.460604
0.506028
0.587245
0.653968
0.661921
0.644272
0.752061
0.466255
0.495115
0.386152
0.631685
0.612933
0.527973
0.467723
0.614300
0.576321
0.591010
0.751418
0.630640
0.556225
0.634481
0.673191
0.876916
0.511230
0.657575
0.610873
0.692899
0.564065
0.610626
0.585038
0.708448
0.721154
0.636290
0.586896
0.589058
0.625448
0.683309
0.648524
0.558117
0.752027
0.593035
0.669249
0.524672
0.649290
0.667041
0.702335
0.555454
0.451654
0.644317
0.795786
0.609959
0.841761
0.816883
0.612036
0.576144
0.553083
0.652997
0.674765
0.623442
0.656626
0.554643
0.465420
0.661377
0.519740
0.508317
0.571975
0.585264
0.834397
0.625231
0.594179
0.586100
0.667154
0.556794
0.559828
0.373157
0.644480
0.657799
0.603641
0.552848
0.585120
0.563609
0.620437
0.641906
0.264975
0.678058
0.561518
0.592926
0.518515
0.644210
0.647770
0.680869
0.596908
0.692274
0.447787
0.662639
0.590023
0.770439
0.844903
0.466218
0.327189
0.474199
0.613755
0.595376
0.404691
0.647083
0.448393
0.561792
0.472853
0.596681
0.676778
0.573188
0.508575
0.569225
0.411783
0.455644
0.352945
0.667057
0.351450
0.651546
0.499153
0.355348
0.465322
0.404829
0.388795
0.360960
0.487530
0.581873
0.503373
0.650161
0.456885
0.621006
0.449486
0.637314
0.470212
0.360624
0.439013
0.284626
0.545471
0.669504
0.625236
0.584488
0.635587
0.437770
0.505000
0.365659
0.446354
0.490950
0.451249
0.388480
0.697568
0.538349
0.612153
0.717533
0.654893
0.682505
0.587379
0.594974
0.578615
0.617611
0.667499
0.450311
0.628375
0.718365
0.560851
0.622373
0.468271
0.483401
0.488405
0.589246
0.613070
0.478175
0.665393
0.556569
0.653363
0.504316
0.584530
0.603852
0.621430
0.445846
0.543998
0.614629
0.690691
0.617400
0.802460
0.855401
0.532811
0.544525
0.434277
0.648407
0.617849
0.478705
0.615649
0.657595
0.660092
0.810091
0.556820
0.616878
0.720403
0.523330
0.547010
0.534855
0.682414
0.510989
0.733399
0.656122
0.496708
0.549868
0.593183
0.523012
0.458974
0.677359
0.548692
0.650917
0.789551
0.667931
0.725966
0.633004
0.738618
0.616444
0.569844
0.713798
0.579948
0.684575
0.688883
0.795319
0.681850
0.811167
0.593936
0.607454
0.499836
0.601576
0.606362
0.662698
0.527282
0.638765
0.568033
0.683046
0.772214
0.542966
0.576121
0.585911
0.626466
0.694054
0.586017
0.572790
0.681206
0.586951
0.640004
0.450185
0.623784
0.563382
0.571454
0.665435
0.532086
0.724818
0.617438
0.651476
0.627796
0.647417
0.692509
0.608176
0.513002
0.587033
0.692542
0.834140
0.641641
0.696389
0.827648
0.498003
0.580284
0.516321
0.549966
0.640121
0.574746
0.614120
0.592654
0.517254
0.843183
0.616712
0.621337
0.640136
0.736512
0.407925
0.564542
0.460341
0.598437
0.705054
0.609063
0.521021
0.654647
0.621950
0.589852
0.470030
0.532759
0.675881
0.542116
0.597331
0.453688
0.586696
0.675892
0.768589
0.539587
0.670344
0.626006
0.632661
0.544889
0.759365
0.818190
0.630453
0.403749
0.421546
0.574118
0.605377
0.620103
0.663715
0.722779
0.926756
0.645190
0.709978
0.769688
0.781994
0.605979
0.647143
0.542659
0.640285
0.704020
0.647589
0.663170
0.779768
0.756052
0.689782
0.622060
0.452918
0.721571
0.668183
0.629303
0.669212
0.721844
0.753566
0.769092
0.688146
0.777340
0.668880
0.739309
0.643150
0.848244
0.903085
0.618172
0.600055
0.602636
0.675039
0.660884
0.648902
0.736908
0.694198
0.654439
0.637072
0.582196
0.636883
0.603339
0.530583
0.622414
0.656784
0.596219
0.611490
0.574584
0.584993
0.487188
0.491848
0.639818
0.522178
0.714097
0.576607
0.614318
0.655871
0.567939
0.705342
0.600660
0.593077
0.625816
0.553268
0.551485
0.569613
0.712010
0.804129
0.558376
0.462947
0.451007
0.686445
0.592081
0.537130
0.595136
0.761555
0.649998
0.570888
0.578882
0.788446
0.484424
0.864913
0.635154
0.592623
0.694512
0.683596
0.561842
0.471760
0.763325
0.807620
0.741796
0.773512
0.803037
0.812320
0.773410
0.792130
0.667728
0.548393
0.714112
0.628925
0.799074
0.804294
0.811009
0.728949
0.804735
0.723363
0.751526
0.576568
0.727570
0.729877
0.639359
0.540435
0.604358
0.635291
0.745292
0.631439
0.600055
0.682137
0.739746
0.645699
0.641964
0.594359
0.491963
0.560348
0.660036
0.673074
0.593932
0.773822
0.606529
0.689920
0.694290
0.611673
0.688155
0.724451
0.606406
0.658715
0.658127
0.798230
0.651530
0.769225
0.857373
0.604201
0.654454
0.513519
0.720937
0.689988
0.677924
0.586997
0.503974
0.620583
0.586669
0.421111
0.602361
0.608254
0.490339
0.549904
0.484189
0.420761
0.450243
0.580693
0.519354
0.499640
0.668367
0.555393
0.740532
0.588054
0.654575
0.463320
0.600798
0.589370
0.505109
0.559589
0.655602
0.710523
0.695663
0.751729
0.451062
0.602003
0.371583
0.459298
0.501053
0.621421
0.461751
0.549575
0.653753
0.391533
0.642301
0.602928
0.522779
0.592227
0.485370
0.414546
0.465896
0.573242
0.634074
0.561191
0.615520
0.588809
0.636502
0.443676
0.584670
0.448132
0.549468
0.549230
0.472677
0.618028
0.652005
0.633546
0.472858
0.589114
0.456220
0.538402
0.455318
0.622629
0.515107
0.569739
0.460919
0.770706
0.414040
0.778940
0.628986
0.505887
0.587541
0.581091
0.537224
0.364665
0.722930
0.706304
0.651309
0.729471
0.582246
0.673723
0.520626
0.746500
0.606601
0.159702
0.537297
0.423056
0.725460
0.632882
0.728643
0.631330
0.669207
0.587308
0.585269
0.554561
0.596729
0.653172
0.584910
0.494859
0.542771
0.562907
0.670825
0.686161
0.638218
0.568766
0.605563
0.667333
0.610064
0.606397
0.524835
0.618509
0.679711
0.688204
0.618388
0.657071
0.597280
0.738078
0.628263
0.696616
0.623602
0.701232
0.661005
0.786774
0.836007
0.618868
0.496259
0.470660
0.636641
0.654331
0.656721
0.616774
0.682869
0.524590
0.392602
0.494717
0.474325
0.313215
0.329147
0.517501
0.515099
0.537002
0.568632
0.571497
0.651077
0.419810
0.602747
0.385268
0.412816
0.480393
0.383479
0.628948
0.515131
0.563026
0.656094
0.682684
0.474707
0.531592
0.294925
0.564614
0.533095
0.502959
0.295494
0.693171
0.733879
0.666246
0.533276
0.680071
0.640486
0.678681
0.673701
0.410896
0.658211
0.544051
0.646857
0.569435
0.698585
0.759191
0.783417
0.630879
0.717869
0.520537
0.719504
0.673386
0.825583
0.913257
0.603004
0.441340
0.477864
0.630621
0.689266
0.506184
0.757738
0.563995
0.596310
0.648681
0.576531
0.625787
0.598287
0.546016
0.655021
0.750848
0.651317
0.639218
0.520797
0.707143
0.613380
0.618590
0.620166
0.531606
0.699588
0.726305
0.692030
0.689544
0.747310
0.530337
0.554984
0.509426
0.497429
0.584793
0.642087
0.579518
0.494830
0.531421
0.436588
0.533722
0.498192
0.646902
0.618915
0.697308
0.600498
0.617204
0.662745
0.594535
0.490728
0.470001
0.576177
0.382079
0.592803
0.662880
0.647496
0.691511
0.780686
0.540062
0.613244
0.433442
0.622171
0.607451
0.563055
0.441046
0.642828
0.431188
0.508400
0.517116
0.615375
0.555791
0.636366
0.509785
0.568988
0.580417
0.665438
0.607743
0.570112
0.579636
0.543509
0.560254
0.729784
0.630251
0.680603
0.709091
0.542363
0.567528
0.484840
0.496649
0.535212
0.594864
0.571002
0.528651
0.523354
0.591031
0.595695
0.511637
0.693916
0.504857
0.660271
0.522823
0.613914
0.574653
0.557522
0.373483
0.490496
0.661701
0.673258
0.632701
0.692985
0.791548
0.457971
0.526290
0.364653
0.513339
0.631045
0.571184
0.460027
0.359018
0.523591
0.630838
0.565744
0.672067
0.574251
0.728791
0.545856
0.653080
0.440682
0.528692
0.538827
0.406490
0.594343
0.651080
0.643427
0.656555
0.716747
0.484392
0.611840
0.379297
0.582204
0.564605
0.508255
0.348408
0.589937
0.642258
0.523273
0.661978
0.579840
0.640558
0.514179
0.653364
0.584349
0.440373
0.489069
0.436686
0.560719
0.503655
0.630118
0.620754
0.671412
0.496172
0.517024
0.392923
0.574200
0.584134
0.531754
0.400089
0.693925
0.573564
0.675342
0.599998
0.591475
0.693308
0.480391
0.571985
0.663285
0.573087
0.507008
0.564619
0.674984
0.565643
0.639515
0.757498
0.496781
0.512590
0.441243
0.661290
0.568219
0.627488
0.610213
0.578924
0.778444
0.631372
0.651811
0.438197
0.709796
0.631236
0.716855
0.612226
0.605443
0.687716
0.702026
0.694461
0.768870
0.765672
0.544868
0.539317
0.494512
0.436625
0.384839
0.648129
0.607955
0.676193
0.508722
0.651436
0.554312
0.566923
0.628109
0.667226
0.563364
0.653796
0.385694
0.639736
0.570277
0.793767
0.802364
0.437463
0.351122
0.468458
0.589899
0.476046
0.435563
0.610538
0.787205
0.776246
0.640187
0.725555
0.649085
0.670850
0.642069
0.729820
0.685604
0.674343
0.732923
0.605517
0.755169
0.664302
0.741390
0.617208
0.739554
0.748162
0.674009
0.723085
0.615539
0.576251
0.645554
0.640564
0.557951
0.577176
0.600994
0.539540
0.700903
0.678776
0.780663
0.884721
0.471593
0.531412
0.433867
0.611804
0.592800
0.513052
0.616550
0.640693
0.642688
0.744627
0.655181
0.602176
0.669301
0.624893
0.718818
0.685775
0.705710
0.795560
0.654934
0.476807
0.560385
0.632536
0.614671
0.681499
0.719246
0.662909
0.598768
0.579151
0.414240
0.492304
0.702223
0.707423
0.600438
0.627794
0.610831
0.490601
0.482418
0.416965
0.511624
0.535227
0.541006
0.556395
0.636592
0.723380
0.493119
0.594397
0.658793
0.655935
0.630278
0.784362
0.807641
0.668747
0.570639
0.525950
0.755627
0.681828
0.611380
0.679759
0.562113
0.564901
0.507529
0.616820
0.681397
0.682369
0.578390
0.619540
0.491957
0.677005
0.452309
0.692941
0.570533
0.619241
0.468116
0.565548
0.438406
0.717150
0.712122
0.726223
0.572975
0.660269
0.569629
0.598399
0.508135
0.618353
0.607506
0.603374
0.489389
0.463459
0.674402
0.645541
0.543269
0.639023
0.667216
0.502059
0.533166
0.413519
0.558544
0.670585
0.494896
0.531900
0.660475
0.646149
0.657507
0.662297
0.665141
0.510452
0.587127
0.449776
0.513361
0.557895
0.598813
0.404820
0.616648
0.690685
0.701924
0.811866
0.571095
0.515318
0.584698
0.669391
0.609326
0.516723
0.683387
0.772648
0.782672
0.872388
0.669031
0.610481
0.564533
0.759497
0.706005
0.742447
0.612490
0.791099
0.840042
0.553792
0.543493
0.588149
0.704741
0.730333
0.529516
0.677123
0.496041
0.627228
0.761963
0.644893
0.708122
0.693467
0.774150
0.674010
0.759250
0.776451
0.768813
0.686069
0.623438
0.788367
0.694701
0.490102
0.436047
0.553927
0.473920
0.557525
0.498011
0.378433
0.521557
0.531762
0.479220
0.587232
0.478019
0.517932
0.462678
0.430554
0.471056
0.620830
0.578113
0.619450
0.628616
0.600291
