0.622681
0.731615
0.494388
0.561172
0.700991
0.804879
0.678289
0.874128
0.618547
0.646372
0.661832
0.694495
0.643447
0.580892
0.743437
0.756888
0.753725
0.753188
0.791029
0.822892
0.769673
0.823464
0.515320
0.588460
0.609345
0.539051
0.689952
0.665131
0.340665
0.574928
0.802516
0.906675
0.726653
0.653765
0.642100
0.658537
0.709373
0.791139
0.859567
0.676894
0.582021
0.743919
0.524256
0.850209
0.536434
0.738942
0.643860
0.792551
0.588978
0.711289
0.738176
0.761376
0.666278
0.687509
0.798679
0.787574
0.632057
0.687945
0.714753
0.853654
0.736040
0.615230
0.837454
0.727411
0.794346
0.797354
0.733966
0.718021
0.715560
0.873550
0.695182
0.868834
0.716212
0.711247
0.806173
0.677368
0.615855
0.623174
0.819781
0.734388
0.781879
0.774127
0.737180
0.741235
0.672851
0.817223
0.608187
0.699769
0.572424
0.603778
0.627843
0.668152
0.818212
0.806692
0.526869
0.713824
0.604038
0.627486
0.472420
0.574495
0.542243
0.563212
0.412478
0.579207
0.465373
0.612055
0.793832
0.461899
0.592652
0.414365
0.670659
0.528477
0.458184
0.430159
0.648694
0.513663
0.704970
0.518785
0.662003
0.498775
0.587793
0.440595
0.383424
0.562962
0.484737
0.649748
0.522961
0.493508
0.422425
0.433802
0.550549
0.525936
0.560362
0.625479
0.493868
0.633923
0.413668
0.626133
0.412628
0.735415
0.423111
0.730343
0.394671
0.529773
0.661779
0.564076
0.750374
0.577304
0.729521
0.658613
0.582086
0.449434
0.739245
0.568887
0.501736
0.720320
0.594610
0.637629
0.628296
0.607829
0.726537
0.694616
0.774814
0.433083
0.618352
0.364643
0.426862
0.605690
0.647397
0.356470
0.587426
0.785932
0.709691
0.635337
0.635462
0.526123
0.708821
0.671618
0.641831
0.668823
0.496107
0.548352
0.548603
0.528607
0.670034
0.573806
0.686348
0.624557
0.686805
0.581019
0.592936
0.759978
0.580377
0.619885
0.661544
0.516633
0.642229
0.698442
0.522864
0.516369
0.445574
0.671689
0.643796
0.621673
0.684054
0.684304
0.614840
0.628663
0.435142
0.621707
0.560478
0.621761
0.536320
0.461097
0.447259
0.527617
0.731101
0.710360
0.569539
0.422276
0.404752
0.423424
0.598268
0.716853
0.803225
0.579349
0.609223
0.655057
0.530592
0.674435
0.624581
0.591199
0.751734
0.658080
0.512476
0.774485
0.706101
0.727244
0.663051
0.601416
0.324960
0.904804
0.696759
0.623281
0.741724
0.616342
0.716281
0.716097
0.678585
0.672368
0.702064
0.860145
0.549615
0.712383
0.693294
0.557756
0.658611
0.639730
0.578715
0.622080
0.781635
0.663565
0.641930
0.625989
0.647011
0.696680
0.793517
0.713668
0.671666
0.677317
0.653358
0.581193
0.629229
0.685338
0.670147
0.687705
0.641248
0.706777
0.684594
0.624709
0.587228
0.631892
0.529676
0.794983
0.851248
0.570415
0.694975
0.656281
0.764478
0.647853
0.560047
0.406414
0.663389
0.580636
0.832891
0.761885
0.814217
0.705147
0.694624
0.612478
0.650320
0.684601
0.714908
0.752376
0.561192
0.556687
0.687096
0.644976
0.699651
0.671655
0.683620
0.584312
0.612450
0.857473
0.432698
0.828829
0.515338
0.863159
0.596659
0.794074
0.552593
0.761218
0.530063
0.635228
0.469288
0.649175
0.754997
0.543529
0.598334
0.562145
0.764266
0.617267
0.568328
0.608175
0.780562
0.609316
0.800161
0.616501
0.636784
0.589841
0.652020
0.633626
0.630804
0.472752
0.614073
0.760948
0.752995
0.491742
0.578195
0.616708
0.720025
0.614977
0.470953
0.807803
0.561833
0.711057
0.569068
0.718722
0.603502
0.729511
0.511450
0.792468
0.587871
0.663598
0.624541
0.530437
0.712948
0.722516
0.545395
0.641009
0.439979
0.743080
0.516323
0.383282
0.490818
0.751625
0.508769
0.658394
0.660411
0.730397
0.586190
0.683787
0.481136
0.464333
0.686820
0.615871
0.723418
0.663779
0.580838
0.419466
0.458172
0.617991
0.454636
0.525655
0.702707
0.514978
0.755377
0.457481
0.758897
0.323234
0.875224
0.502926
0.779428
0.453889
0.602989
0.572248
0.623288
0.762795
0.654238
0.628770
0.621464
0.679867
0.768337
0.617568
0.625347
0.699961
0.584328
0.771694
0.501013
0.762054
0.462252
0.687157
0.588380
0.616694
0.563881
0.567421
0.680001
0.679997
0.631659
0.587031
0.595246
0.688842
0.624963
0.639792
0.696544
0.611269
0.738772
0.546203
0.553880
0.675741
0.793264
0.608851
0.642674
0.660561
0.659087
0.635251
0.720870
0.470045
0.570062
0.544788
0.621744
0.630465
0.597594
0.534994
0.681409
0.602455
0.680641
0.557086
0.650954
0.567579
0.517511
0.556590
0.478704
0.508772
0.504854
0.692035
0.604597
0.491218
0.514124
0.441036
0.611111
0.581395
0.560208
0.651457
0.475514
0.680726
0.451777
0.652846
0.564452
0.678563
0.496244
0.717614
0.591696
0.636830
0.833572
0.589963
0.590278
0.675659
0.693470
0.699595
0.654261
0.675357
0.674788
0.701664
0.799571
0.524513
0.689464
0.575853
0.557180
0.658587
0.633668
0.511772
0.580354
0.792657
0.674283
0.633789
0.543344
0.597407
0.690496
0.748894
0.626750
0.683028
0.636220
0.650367
0.588374
0.592183
0.705763
0.573596
0.705208
0.603258
0.665228
0.559820
0.627445
0.771159
0.633639
0.866601
0.825270
0.734985
0.766284
0.841118
0.791874
0.561373
0.772615
0.736509
0.599636
0.800809
0.767847
0.812453
0.668257
0.789212
0.881665
0.886210
0.897100
0.695577
0.574374
0.700806
0.631538
0.695897
0.888208
0.610470
0.918347
0.802830
0.835060
0.826060
0.693953
0.790938
0.816137
0.797461
0.789747
0.638660
0.466763
0.726518
0.590280
0.600783
0.484872
0.661282
0.561605
0.719374
0.566654
0.623541
0.513514
0.566539
0.579969
0.554769
0.558313
0.530975
0.828862
0.612042
0.550404
0.467307
0.403497
0.534106
0.578799
0.595379
0.612979
0.479767
0.731436
0.508352
0.681742
0.607474
0.560171
0.605404
0.750997
0.556699
0.535712
0.639279
0.717567
0.667642
0.590984
0.625495
0.631996
0.444743
0.769236
0.533130
0.760336
0.583768
0.568053
0.673470
0.580956
0.433307
0.624673
0.783329
0.658076
0.539160
0.594693
0.625514
0.686389
0.511377
0.638868
0.629191
0.441149
0.500460
0.575623
0.398579
0.517214
0.693555
0.647153
0.731991
0.607196
0.504360
0.797640
0.640114
0.464011
0.579221
0.796428
0.528922
0.590861
0.619272
0.616672
0.509665
0.709820
0.540437
0.497679
0.618262
0.580821
0.699129
0.596367
0.580166
0.303862
0.476485
0.568886
0.447755
0.601561
0.793182
0.457718
0.775527
0.543100
0.728799
0.610588
0.732433
0.465647
0.779502
0.604783
0.652774
0.703354
0.741995
0.686299
0.784907
0.755530
0.906664
0.597402
0.768016
0.677813
0.579255
0.784603
0.645133
0.639590
0.713142
0.656110
0.649733
0.756009
0.726027
0.685158
0.732761
0.732999
0.759001
0.735690
0.718855
0.644676
0.601350
0.681981
0.650238
0.800208
0.627863
0.805994
0.762926
0.761841
0.589012
0.561339
0.871644
0.647476
0.817786
0.733021
0.660796
0.761645
0.609130
0.627346
0.565403
0.634101
0.628002
0.697584
0.754691
0.635393
0.592499
0.545612
0.721013
0.716430
0.682408
0.767867
0.645003
0.710673
0.581604
0.797095
0.466842
0.768314
0.532799
0.810220
0.597031
0.595860
0.555765
0.715482
0.547686
0.694582
0.642611
0.724115
0.552569
0.609727
0.444687
0.460025
0.588213
0.605788
0.699096
0.655230
0.521343
0.514483
0.506862
0.649021
0.484359
0.629281
0.728546
0.442771
0.665603
0.578623
0.689084
0.409877
0.817317
0.480697
0.714687
0.558013
0.652477
0.673340
0.569835
0.706257
0.636386
0.737528
0.567466
0.562652
0.563321
0.593745
0.625251
0.620265
0.688681
0.364166
0.570781
0.554380
0.517864
0.599482
0.540326
0.550876
0.434158
0.509912
0.749489
0.324616
0.775081
0.496068
0.757416
0.543820
0.783662
0.418253
0.668113
0.642191
0.877951
0.697775
0.857243
0.687164
0.664048
0.726553
0.700708
0.686925
0.739936
0.945948
0.614838
0.611939
0.736238
0.694261
0.692282
0.693364
0.760122
0.488335
0.687696
0.715202
0.639571
0.713384
0.683215
0.714770
0.831746
0.780516
0.677977
0.699856
0.778984
0.635059
0.837364
0.615675
0.673294
0.459789
0.498684
0.648932
0.640818
0.743024
0.658593
0.622475
0.492105
0.596619
0.680631
0.455096
0.644652
0.647476
0.532980
0.680687
0.553926
0.577090
0.506235
0.790988
0.578178
0.787303
0.570256
0.512657
0.749333
0.716488
0.655453
0.746634
0.650420
0.747917
0.676091
0.733518
0.851855
0.863063
0.790301
0.647157
0.479647
0.577523
0.636853
0.705908
0.758853
0.650440
0.821889
0.685300
0.808658
0.766664
0.754263
0.752052
0.808450
0.669082
0.719244
0.643268
0.291475
0.548832
0.592412
0.585466
0.378282
0.349817
0.806361
0.697346
0.601408
0.553181
0.560070
0.579103
0.638296
0.690756
0.743284
0.596788
0.555123
0.581421
0.208434
0.684842
0.668030
0.628610
0.737450
0.657727
0.591547
0.712055
0.643676
0.718696
0.677668
0.479881
0.603467
0.785450
0.839734
0.640572
0.563004
0.613952
0.624654
0.830394
0.677331
0.926832
0.720337
0.737347
0.671066
0.747504
0.769075
0.585415
0.682425
0.840633
0.739883
0.648392
0.589134
0.582206
0.583036
0.460077
0.518799
0.720975
0.656082
0.577764
0.536482
0.438977
0.610860
0.496925
0.606567
0.679463
0.465221
0.671925
0.582912
0.445253
0.629860
0.714695
0.623261
0.655473
0.577289
0.658540
0.595533
0.558196
0.510806
0.519840
0.762097
0.614272
0.609701
0.613806
0.568627
0.684567
0.631046
0.708914
0.597002
0.578541
0.511875
0.518307
0.550907
0.636944
0.626510
0.643505
0.728643
0.645667
0.589074
0.421455
0.625133
0.524207
0.716547
0.706947
0.545071
0.515608
0.422126
0.626914
0.598362
0.691261
0.687559
0.615305
0.696834
0.582753
0.664732
0.553348
0.790590
0.561303
0.719331
0.547777
0.634318
0.576486
0.510708
0.641037
0.658380
0.524975
0.473765
0.471881
0.507437
0.526326
0.650045
0.738158
0.533255
0.545342
0.538723
0.593183
0.465117
0.714529
0.402776
0.664564
0.469245
0.552421
0.544104
0.827925
0.728527
0.571746
0.558716
0.535638
0.590200
0.617463
0.627116
0.746636
0.536348
0.467810
0.590552
0.433405
0.670078
0.570963
0.637384
0.676101
0.672496
0.514047
0.707976
0.655080
0.587372
0.426676
0.510228
0.604670
0.617277
0.685419
0.717377
0.624859
0.635830
0.543024
0.402889
0.622490
0.631069
0.638411
0.685902
0.588607
0.593387
0.704530
0.753378
0.670657
0.682200
0.725705
0.694136
0.719140
0.825903
0.705491
0.820590
0.621248
0.843084
0.613099
0.836989
0.534844
0.777782
0.658537
0.848523
0.661019
0.606584
0.676818
0.648039
0.641519
0.666360
0.450651
0.621126
0.780995
0.478284
0.799316
0.633374
0.782933
0.668606
0.749705
0.523479
0.803977
0.560543
0.571953
0.651511
0.659601
0.622511
0.746895
0.561312
0.672133
0.476343
0.715658
0.549698
0.731095
0.565015
0.756300
0.555431
0.663413
0.398179
0.560371
0.485889
0.550526
0.753372
0.481324
0.681764
0.484899
0.645649
0.545600
0.575857
0.521095
0.711312
0.555851
0.555164
0.516780
0.498979
0.595079
0.622873
0.453065
0.658405
0.508291
0.678749
0.522115
0.640403
0.545618
0.715313
0.501554
0.547179
0.653641
0.716599
0.759299
0.645987
0.697400
0.544752
0.672089
0.611913
0.614875
0.661113
0.726379
0.521022
0.680495
0.539271
0.593767
0.393718
0.561570
0.519144
0.636796
0.502311
0.801827
0.509566
0.739529
0.491931
0.632214
0.724152
0.507780
0.784335
0.503420
0.820950
0.580787
0.736204
0.538909
0.713450
0.513136
0.649885
0.660603
0.738114
0.478913
0.754007
0.604509
0.772316
0.785203
0.798713
0.537945
0.719130
0.614267
0.455768
0.630408
0.517849
0.709129
0.535437
0.739095
0.543158
0.572929
0.658065
0.450727
0.605448
0.689099
0.658984
0.718464
0.700589
0.584584
0.709238
0.429416
0.756031
0.479382
0.675089
0.418148
0.660365
0.700859
0.717707
0.716458
0.760423
0.731552
0.576594
0.845814
0.507329
0.751190
0.395924
0.604691
0.760148
0.753128
0.799152
0.632121
0.766535
0.547100
0.633495
0.698993
0.687066
0.619715
