0.807517
0.469563
0.578983
0.583915
0.426049
0.501375
0.511119
0.669260
0.479099
0.537827
0.717934
0.520177
0.620057
0.608396
0.573332
0.517945
0.375108
0.439100
0.674889
0.549730
0.640590
0.749231
0.470101
0.741822
0.479195
0.418257
0.504587
0.557655
0.477856
0.518455
0.602653
0.492171
0.530848
0.524739
0.527753
0.723532
0.517394
0.552705
0.584033
0.592176
0.545399
0.462343
0.609225
0.661361
0.470455
0.663374
0.463063
0.590362
0.520953
0.793538
0.908416
0.766845
0.771587
0.802914
0.875560
0.766130
0.886702
0.848966
0.875333
0.733132
0.901582
0.864294
0.793963
0.889074
0.734221
0.814937
0.839183
0.690815
0.859488
0.843800
0.903532
0.994372
0.795715
0.823494
0.821059
0.880303
0.876095
0.864729
0.831712
0.838155
0.873472
0.927495
0.885360
0.942879
0.865424
0.631533
0.831046
0.893863
0.843821
0.693465
0.836439
0.813467
0.839097
0.865045
0.889497
0.782531
0.835074
0.599731
0.603273
0.413569
0.496208
0.465408
0.610884
0.539767
0.670717
0.681032
0.479676
0.471510
0.526874
0.492268
0.715576
0.411056
0.537608
0.572600
0.653607
0.649390
0.763110
0.548403
0.759371
0.563031
0.503369
0.570688
0.448428
0.379291
0.556333
0.551237
0.565365
0.580236
0.566215
0.704462
0.677664
0.384638
0.605932
0.568941
0.526812
0.566598
0.541399
0.619948
0.511157
0.401115
0.638102
0.478353
0.547050
0.509122
0.726189
0.620575
0.494138
0.637083
0.776872
0.622642
0.656479
0.766554
0.557907
0.608549
0.654497
0.601662
0.619471
0.612301
0.599278
0.771692
0.785442
0.735977
0.827104
0.673581
0.757053
0.603589
0.628655
0.622945
0.394054
0.641168
0.723629
0.641440
0.605151
0.649344
0.723707
0.516862
0.852826
0.471741
0.687409
0.764655
0.718375
0.605248
0.611453
0.571818
0.610441
0.599827
0.743337
0.579113
0.657529
0.592008
0.610020
0.651975
0.672596
0.741060
0.602368
0.761924
0.868391
0.541876
0.819088
0.681906
0.717359
0.716712
0.512651
0.622857
0.654114
0.679652
0.627084
0.835024
0.675780
0.692585
0.540069
0.644121
0.752731
0.649469
0.652436
0.595684
0.693750
0.466515
0.685424
0.720781
0.694412
0.689619
0.717844
0.583986
0.703450
0.620599
0.653388
0.664580
0.635464
0.722367
0.615772
0.777282
0.558443
0.723598
0.729944
0.497693
0.530050
0.473371
0.444884
0.569687
0.741830
0.468496
0.608529
0.465651
0.523566
0.789531
0.496155
0.535896
0.611422
0.626115
0.679554
0.680673
0.531116
0.810137
0.490567
0.474779
0.528612
0.527362
0.479169
0.647557
0.577388
0.512469
0.604653
0.560797
0.730175
0.597754
0.494753
0.640743
0.589534
0.548412
0.619547
0.472388
0.685022
0.570935
0.393352
0.698992
0.553051
0.589166
0.517877
0.487118
0.610614
0.556117
0.631832
0.707330
0.448546
0.526226
0.572767
0.470880
0.726578
0.523187
0.539195
0.658998
0.667395
0.703659
0.738915
0.550790
0.680851
0.618613
0.523484
0.587156
0.375866
0.502578
0.611593
0.539349
0.574597
0.600885
0.482014
0.642774
0.757197
0.403008
0.599519
0.675335
0.640235
0.587682
0.502131
0.618872
0.523732
0.476074
0.659203
0.460329
0.522496
0.487776
0.695146
0.612405
0.625939
0.544125
0.429439
0.610904
0.703214
0.536035
0.565233
0.490642
0.519527
0.490393
0.567751
0.654430
0.664924
0.474139
0.727634
0.604275
0.377798
0.668109
0.598808
0.474706
0.471892
0.552992
0.493641
0.524239
0.641337
0.691030
0.721055
0.354380
0.522182
0.591840
0.453623
0.533222
0.633362
0.674098
0.446850
0.391129
0.537474
0.446100
0.675329
0.414994
0.678350
0.634149
0.830083
0.575376
0.717712
0.552788
0.618704
0.866358
0.623075
0.697785
0.752526
0.635513
0.817840
0.755645
0.753015
0.880754
0.741734
0.614908
0.704450
0.690678
0.661626
0.757146
0.680528
0.707540
0.750300
0.639084
0.787066
0.803243
0.626252
0.730876
0.776019
0.672151
0.779646
0.590002
0.888641
0.680893
0.550345
0.730456
0.707420
0.450547
0.654315
0.629103
0.813775
0.549754
0.630609
0.527382
0.599347
0.807133
0.528585
0.543041
0.731846
0.727815
0.630228
0.740998
0.646606
0.649281
0.557710
0.607221
0.538489
0.559831
0.512902
0.695463
0.725435
0.438123
0.663199
0.647627
0.673651
0.816131
0.549686
0.649126
0.674736
0.705602
0.621766
0.436492
0.615271
0.713962
0.481701
0.802178
0.518476
0.598117
0.689467
0.801249
0.677287
0.715926
0.782940
0.656865
0.774623
0.625902
0.706862
0.830157
0.592522
0.673898
0.733714
0.626161
0.755672
0.657866
0.551747
0.634070
0.648522
0.750423
0.742349
0.645990
0.596918
0.601366
0.817020
0.599792
0.920502
0.541066
0.754714
0.682053
0.700440
0.613936
0.540822
0.594126
0.573591
0.520965
0.796435
0.643130
0.737749
0.561149
0.728564
0.827049
0.853235
0.748675
0.651920
0.672583
0.653398
0.570279
0.697625
0.801863
0.814179
0.658611
0.842845
0.703895
0.658376
0.849711
0.656418
0.688229
0.582465
0.667046
0.770362
0.746261
0.789294
0.766065
0.737342
0.630775
0.661846
0.686004
0.725463
0.606681
0.705949
0.750410
0.671066
0.717831
0.399171
0.679641
0.852028
0.557897
0.568914
0.539639
0.488805
0.586957
0.479862
0.542792
0.550175
0.499597
0.659422
0.645650
0.569052
0.798365
0.487828
0.355784
0.691291
0.516584
0.479662
0.486878
0.536757
0.529224
0.641984
0.607878
0.698008
0.732547
0.438563
0.358308
0.637776
0.462805
0.555250
0.543127
0.631143
0.526064
0.377010
0.580125
0.505388
0.584848
0.458097
0.619852
0.501992
0.816297
0.656701
0.725321
0.726118
0.741711
0.755008
0.699580
0.681752
0.889969
0.722857
0.539975
0.716471
0.576411
0.562390
0.684688
0.679649
0.726546
0.723351
0.688079
0.783720
0.862699
0.399320
0.713108
0.559195
0.753550
0.699468
0.638959
0.822921
0.576016
0.482288
0.666009
0.594225
0.507074
0.602199
0.595362
0.774667
0.594668
0.642854
0.719904
0.735000
0.738095
0.808993
0.718294
0.786095
0.650140
0.645902
0.666919
0.524112
0.434834
0.731119
0.714915
0.577642
0.750967
0.524828
0.737995
0.761520
0.615380
0.734151
0.751344
0.686762
0.710470
0.599942
0.724282
0.724111
0.536780
0.810207
0.701760
0.509704
0.775390
0.704256
0.573852
0.589212
0.699841
0.633044
0.729285
0.707862
0.636644
0.778232
0.610240
0.573267
0.640116
0.527834
0.528825
0.624349
0.609162
0.617660
0.641864
0.731297
0.715195
0.841508
0.476711
0.665512
0.661650
0.696274
0.645312
0.578297
0.740330
0.587882
0.468522
0.646299
0.560519
0.529466
0.618060
0.665059
0.632178
0.634037
0.677018
0.817988
0.766469
0.721153
0.856448
0.626077
0.564160
0.790143
0.687463
0.762392
0.608015
0.634742
0.746392
0.712509
0.739900
0.534827
0.846925
0.731343
0.675898
0.784549
0.648788
0.684303
0.722170
0.710484
0.751492
0.701071
0.672239
0.721367
0.801737
0.683717
0.342646
0.625961
0.454817
0.589809
0.794063
0.544910
0.742718
0.508016
0.476696
0.611526
0.553996
0.457663
0.512938
0.522618
0.490688
0.594269
0.608677
0.647226
0.733407
0.522474
0.558496
0.638819
0.557546
0.524493
0.520172
0.577132
0.649580
0.450536
0.644004
0.418498
0.605780
0.512273
0.531881
0.434097
0.653566
0.758219
0.472014
0.698799
0.581050
0.519192
0.565162
0.517293
0.524207
0.629758
0.501144
0.498679
0.546998
0.581603
0.605224
0.625279
0.564304
0.564777
0.665411
0.523242
0.514129
0.555064
0.662827
0.632207
0.534279
0.665966
0.492263
0.637626
0.537900
0.542804
0.709148
0.690527
0.567274
0.771995
0.620414
0.450915
0.795000
0.686062
0.657804
0.527380
0.528610
0.668448
0.668517
0.703522
0.735731
0.485635
0.580024
0.613854
0.583992
0.396513
0.565179
0.706318
0.691411
0.594636
0.610276
0.494402
0.636014
0.760316
0.556986
0.735732
0.576714
0.536008
0.737547
0.558445
0.427933
0.782311
0.694417
0.669233
0.646221
0.448273
0.569779
0.619073
0.685682
0.703839
0.639994
0.597631
0.465029
0.625892
0.568399
0.558465
0.627994
0.671779
0.695792
0.460104
0.677628
0.603889
0.668833
0.563899
0.824155
0.665078
0.728229
0.566865
0.739782
0.724202
0.740716
0.586462
0.629282
0.743098
0.551067
0.724181
0.746945
0.812313
0.807552
0.673550
0.698852
0.625724
0.683688
0.589171
0.777454
0.599094
0.699275
0.596479
0.763869
0.502430
0.814123
0.744100
0.662439
0.878295
0.742355
0.579856
0.850674
0.822821
0.701369
0.876442
0.640549
0.785821
0.721883
0.805325
0.841267
0.793221
0.677783
0.695240
0.592666
0.735724
0.726105
0.773094
0.822318
0.736666
0.643818
0.796835
0.745039
0.733887
0.691880
0.593550
0.624537
0.426086
0.628471
0.554000
0.493747
0.627076
0.465693
0.491312
0.480175
0.596294
0.643596
0.529533
0.511919
0.540035
0.636076
0.547526
0.438667
0.586580
0.564527
0.542511
0.528523
0.540391
0.485805
0.708607
0.451780
0.715701
0.803114
0.716199
0.641638
0.693778
0.867517
0.727025
0.559115
0.709000
0.787838
0.631145
0.681891
0.711711
0.818165
0.747635
0.791267
0.648982
0.846797
0.592591
0.716145
0.659161
0.784524
0.623016
0.875894
0.744272
0.593693
0.510284
0.610946
0.591367
0.560234
0.635489
0.445390
0.578648
0.691451
0.699558
0.660748
0.569339
0.461597
0.593592
0.556759
0.547330
0.684791
0.446191
0.575530
0.522006
0.669134
0.523450
0.721142
0.609771
0.733819
0.615929
0.529637
0.531036
0.482112
0.583630
0.547294
0.605967
0.651993
0.688006
0.358387
0.488892
0.549420
0.457172
0.470908
0.484462
0.665494
0.497260
0.398340
0.555994
0.481452
0.607146
0.331904
0.620235
0.660878
0.756007
0.670483
0.622277
0.579283
0.598275
0.674233
0.743141
0.615950
0.689274
0.731122
0.690338
0.695729
0.618279
0.634346
0.649172
0.612018
0.838687
0.606008
0.667453
0.689886
0.512336
0.611742
0.532767
0.541647
0.605568
0.575421
0.553836
0.730460
0.480455
0.653104
0.675188
0.592644
0.586909
0.529388
0.521682
0.575277
0.492449
0.647550
0.475609
0.589958
0.544287
0.618681
0.540708
0.506849
0.632425
0.486827
0.749100
0.742202
0.457981
0.564985
0.574330
0.612380
0.545044
0.595704
0.673329
0.605696
0.449019
0.566528
0.490939
0.540505
0.560853
0.687236
0.614843
0.648136
0.720020
0.742497
0.790341
0.573345
0.559635
0.685624
0.458787
0.568702
0.663517
0.660291
0.648147
0.557507
0.467305
0.584495
0.739785
0.569804
0.575675
0.611471
0.633858
0.602561
0.712409
0.553925
0.566342
0.702044
0.567066
0.502024
0.605020
0.653387
0.571721
0.504361
0.574236
0.550818
0.678669
0.476732
0.521971
0.664435
0.632457
0.636959
0.507497
0.514977
0.673303
0.513930
0.482973
0.575752
0.446190
0.552489
0.444069
0.680661
0.436312
0.655462
0.622885
0.735929
0.694525
0.666874
0.553854
0.523679
0.645913
0.609979
0.545264
0.716165
0.537418
0.596011
0.526313
0.711589
0.524253
0.685672
0.612258
0.745086
0.660528
0.654372
0.663935
0.737698
0.598449
0.661435
0.568049
0.762844
0.755795
0.633855
0.735346
0.676634
0.635579
0.649535
0.833001
0.659478
0.725268
0.864487
0.772770
0.622512
0.658035
0.598594
0.657581
0.758146
0.716811
0.680264
0.766599
0.625285
0.752258
0.751945
0.695920
0.613577
0.679882
0.855387
0.675896
0.689221
0.727108
0.749339
0.697490
0.840483
0.701014
0.563782
0.542972
0.550897
0.459776
0.541019
0.623685
0.332233
0.372360
0.577484
0.417593
0.501017
0.333462
0.648226
0.569078
0.519455
0.656054
0.650072
0.629731
0.530236
0.578685
0.587642
0.663639
0.525910
0.641505
0.589835
0.735801
0.731892
0.592551
0.463309
0.691325
0.560422
0.733247
0.574684
0.528172
0.661324
0.649927
0.600643
0.477400
0.652424
0.621901
0.687675
0.548245
0.596871
0.525015
0.512850
0.522352
0.613948
0.515484
0.741572
0.444177
0.655261
0.669771
0.548011
0.683284
0.620119
0.520833
0.539230
0.617694
0.580011
0.716585
0.479782
0.803366
0.673137
0.479400
0.615067
0.562407
0.716822
0.330790
0.638937
0.411216
0.533793
0.488767
0.630264
0.684739
0.565130
0.615271
0.512483
0.765674
