0.019016
0.036810
0.010657
0.036581
0.033269
0.019313
0.022902
0.013682
0.098260
0.009662
0.015618
0.025888
0.023434
0.023174
0.047173
0.006099
0.018559
0.021399
0.063345
0.032793
0.048081
0.015308
0.044773
0.008656
0.023397
0.054371
0.020709
0.015625
0.035075
0.041324
0.038594
0.033175
0.040599
0.033201
0.007031
0.014202
0.015213
0.013940
0.013079
0.024958
0.017783
0.032322
0.051227
0.011886
0.008789
0.015607
0.021294
0.032160
0.013058
0.029305
0.013849
0.043196
0.048375
0.019151
0.011761
0.019394
0.067647
0.024099
0.017114
0.027160
0.022081
0.032480
0.023255
0.019973
0.018965
0.040025
0.055699
0.061171
0.045816
0.016763
0.030394
0.026030
0.029954
0.060517
0.019032
0.017827
0.024397
0.051410
0.049308
0.044508
0.023239
0.059338
0.027652
0.019558
0.028549
0.032024
0.015001
0.042677
0.034342
0.028795
0.038123
0.013583
0.014582
0.025111
0.024620
0.028063
0.022335
0.044284
0.103555
0.102305
0.052924
0.044141
0.037715
0.140654
0.031779
0.019280
0.083087
0.065316
0.077862
0.070151
0.042350
0.068125
0.072363
0.106965
0.081223
0.089010
0.032418
0.090753
0.026738
0.039106
0.019150
0.063267
0.019531
0.080844
0.111852
0.102354
0.093536
0.073862
0.065436
0.025718
0.067053
0.039077
0.021838
0.041241
0.090972
0.066296
0.087915
0.089092
0.040115
0.025413
0.066797
0.070898
0.076871
0.057942
0.022385
0.023348
0.010229
0.009435
0.017005
0.063437
0.014370
0.024059
0.012226
0.013879
0.014820
0.023894
0.011040
0.007597
0.022175
0.051060
0.053095
0.031024
0.018322
0.018046
0.019299
0.027129
0.066974
0.006433
0.019851
0.015625
0.028352
0.028513
0.021446
0.017586
0.041679
0.019213
0.008985
0.025819
0.028695
0.004894
0.024317
0.021995
0.014855
0.027715
0.015922
0.008278
0.010887
0.008395
0.015408
0.010631
0.005414
0.021651
0.022947
0.043101
0.047084
0.040495
0.061889
0.008035
0.016808
0.011012
0.034919
0.028089
0.012008
0.025606
0.041466
0.071438
0.033245
0.045180
0.012832
0.053068
0.045748
0.129071
0.012902
0.058208
0.015679
0.002921
0.007540
0.005708
0.028839
0.055550
0.053551
0.014319
0.055974
0.069054
0.020490
0.011281
0.025642
0.006509
0.028745
0.048725
0.036343
0.010638
0.009577
0.012528
0.025339
0.022240
0.030216
0.041746
0.062174
0.037461
0.061569
0.010812
0.022192
0.009815
0.044235
0.025542
0.015436
0.021910
0.049826
0.058210
0.039729
0.044992
0.021162
0.048191
0.045032
0.118899
0.016126
0.054403
0.020722
0.005447
0.009130
0.007544
0.036370
0.045340
0.046193
0.014655
0.049913
0.059433
0.019902
0.010973
0.022096
0.011095
0.037369
0.047237
0.035631
0.009772
0.010175
0.015530
0.020656
0.013853
0.021171
0.064814
0.019636
0.025527
0.014464
0.014483
0.009216
0.031339
0.016763
0.013445
0.017770
0.052187
0.041366
0.038739
0.020402
0.022213
0.028099
0.020073
0.073605
0.010300
0.021867
0.026298
0.026654
0.019345
0.018664
0.023850
0.036163
0.027099
0.014578
0.033550
0.030913
0.006520
0.020068
0.014373
0.013486
0.039488
0.024832
0.014591
0.009746
0.008984
0.016252
0.011910
0.027088
0.045491
0.020437
0.029295
0.018495
0.012546
0.020347
0.013867
0.019268
0.012547
0.029246
0.042087
0.075148
0.029503
0.023089
0.014069
0.030568
0.023492
0.069428
0.010612
0.025720
0.015275
0.027785
0.027803
0.021155
0.014529
0.049780
0.032277
0.017478
0.035466
0.040525
0.006977
0.032218
0.029209
0.015384
0.019952
0.030457
0.013212
0.016092
0.012433
0.013205
0.021956
0.095571
0.026140
0.009814
0.030929
0.017942
0.029838
0.049343
0.008251
0.019248
0.029304
0.038383
0.048267
0.033581
0.003917
0.043398
0.022848
0.018059
0.065884
0.023062
0.027383
0.042051
0.050151
0.041229
0.042225
0.046548
0.040355
0.015826
0.016916
0.011110
0.026613
0.018399
0.026244
0.016304
0.030609
0.047302
0.020510
0.008772
0.018077
0.023272
0.027397
0.025456
0.090653
0.120198
0.054863
0.042810
0.060829
0.029665
0.084333
0.049608
0.073349
0.065765
0.157478
0.050659
0.097757
0.031460
0.111792
0.087431
0.169038
0.050194
0.103472
0.038303
0.049589
0.060133
0.053593
0.035418
0.116909
0.121137
0.056758
0.105275
0.131716
0.060845
0.078198
0.088111
0.040602
0.035939
0.100170
0.084123
0.065135
0.049503
0.038404
0.074536
0.023890
0.034772
0.028331
0.025639
0.047383
0.012317
0.027492
0.018945
0.079696
0.041134
0.058023
0.025239
0.047566
0.007481
0.019178
0.038992
0.025213
0.008523
0.040288
0.042671
0.039467
0.032142
0.042041
0.020241
0.009452
0.024922
0.026687
0.012038
0.010089
0.035912
0.024427
0.038668
0.058304
0.021260
0.011307
0.022967
0.025706
0.036555
0.014018
0.045374
0.033963
0.043281
0.056786
0.016373
0.033813
0.042603
0.061105
0.048458
0.057130
0.006661
0.060072
0.020451
0.019189
0.044680
0.035455
0.017516
0.056115
0.070409
0.057065
0.056284
0.054067
0.046235
0.014286
0.032454
0.017788
0.017943
0.022364
0.041809
0.025376
0.048161
0.064415
0.020857
0.009962
0.029510
0.037662
0.044288
0.032717
0.017187
0.009414
0.030742
0.022355
0.007549
0.027298
0.048235
0.055996
0.037631
0.033921
0.010072
0.041461
0.045450
0.112255
0.007182
0.041990
0.010601
0.013267
0.016219
0.013818
0.021924
0.060032
0.041947
0.007546
0.043971
0.054319
0.015469
0.012812
0.023753
0.006173
0.030593
0.026945
0.026616
0.009341
0.006063
0.014189
0.015498
0.014522
0.022103
0.013177
0.008224
0.017413
0.025457
0.065212
0.015611
0.020053
0.017494
0.036345
0.019269
0.091368
0.010325
0.039149
0.020620
0.021664
0.017272
0.015605
0.021519
0.042028
0.035631
0.009567
0.025977
0.047264
0.012518
0.016672
0.015402
0.009547
0.020772
0.035551
0.017559
0.009480
0.008460
0.006871
0.022157
0.037296
0.018738
0.012275
0.015479
0.052900
0.043407
0.039645
0.031327
0.019817
0.035442
0.029884
0.093984
0.009222
0.034354
0.024303
0.013001
0.008155
0.007648
0.028311
0.036324
0.034327
0.011233
0.039886
0.040608
0.012448
0.010134
0.012931
0.009399
0.039473
0.033156
0.024867
0.005098
0.008647
0.013026
0.013100
0.042119
0.020586
0.053645
0.047248
0.107465
0.030463
0.048136
0.015819
0.060043
0.050644
0.099267
0.020809
0.051266
0.012942
0.042206
0.046032
0.035398
0.007089
0.080522
0.064618
0.028226
0.054805
0.071098
0.025129
0.053527
0.055194
0.022789
0.011611
0.048670
0.036843
0.032182
0.026331
0.017730
0.041296
0.014381
0.013421
0.045581
0.036545
0.035695
0.010000
0.036743
0.011947
0.015279
0.059036
0.016936
0.020446
0.030786
0.031681
0.027676
0.025023
0.038577
0.025572
0.009019
0.010370
0.009703
0.019650
0.010605
0.017303
0.010671
0.024429
0.041974
0.017945
0.006571
0.010137
0.015637
0.022301
0.013524
0.025206
0.030061
0.062764
0.021453
0.021931
0.010330
0.034854
0.031953
0.097583
0.005908
0.037128
0.010048
0.018201
0.019035
0.015911
0.017950
0.048935
0.034092
0.004486
0.030107
0.046859
0.009866
0.015469
0.020820
0.004771
0.018771
0.024069
0.017365
0.006451
0.005745
0.007028
0.016229
0.061208
0.034316
0.044710
0.032252
0.041642
0.024965
0.021033
0.078315
0.025201
0.032948
0.040069
0.025449
0.022959
0.021296
0.043094
0.024942
0.024651
0.018116
0.028103
0.032898
0.017252
0.020874
0.013262
0.026589
0.053694
0.037984
0.023153
0.016852
0.016807
0.027283
0.014897
0.127447
0.013280
0.037331
0.038140
0.088903
0.045515
0.145004
0.042819
0.094728
0.047462
0.046511
0.043473
0.048271
0.056592
0.085570
0.078703
0.036918
0.051011
0.100762
0.046469
0.041999
0.044895
0.030009
0.024518
0.083978
0.047295
0.035781
0.038159
0.022323
0.072326
0.114113
0.052952
0.095355
0.035051
0.056029
0.085989
0.060789
0.037581
0.083957
0.074336
0.063477
0.065393
0.087450
0.048872
0.033237
0.046534
0.045607
0.028788
0.051402
0.045437
0.033009
0.070435
0.121709
0.034018
0.050627
0.045696
0.056029
0.079131
0.028855
0.035483
0.027052
0.068411
0.039945
0.120571
0.026811
0.076629
0.033312
0.038315
0.038989
0.036214
0.035618
0.070760
0.061519
0.027178
0.042828
0.081671
0.031824
0.039186
0.040409
0.022938
0.011532
0.070540
0.034366
0.028507
0.024828
0.014012
0.056028
0.043957
0.024910
0.013299
0.056697
0.025221
0.024787
0.044494
0.051250
0.040683
0.042576
0.048053
0.038878
0.016835
0.020026
0.012403
0.026026
0.016295
0.029188
0.015957
0.032490
0.045919
0.024365
0.007127
0.018991
0.025441
0.027655
0.028957
0.060806
0.051627
0.124280
0.009854
0.057148
0.007260
0.018740
0.023743
0.019216
0.013171
0.074935
0.062942
0.017831
0.060060
0.077038
0.019746
0.030839
0.041720
0.005914
0.014993
0.046129
0.035607
0.019344
0.010719
0.009519
0.032052
0.028576
0.038927
0.031844
0.011391
0.048180
0.057522
0.055998
0.047839
0.053531
0.032938
0.003783
0.028971
0.020842
0.009564
0.019817
0.041928
0.031548
0.050996
0.071723
0.016605
0.012392
0.031044
0.034558
0.050340
0.020107
0.048551
0.032683
0.024826
0.055409
0.047196
0.033527
0.034941
0.051512
0.020109
0.022421
0.030187
0.020488
0.025931
0.015854
0.033423
0.014521
0.037088
0.051922
0.043692
0.012979
0.022897
0.028436
0.028222
0.031060
0.092381
0.028619
0.111573
0.131008
0.119153
0.109084
0.103525
0.055647
0.036248
0.090253
0.051267
0.024073
0.058688
0.114566
0.079771
0.117405
0.118111
0.066594
0.045160
0.087454
0.095881
0.100460
0.070942
0.033084
0.011918
0.018351
0.018146
0.014128
0.014784
0.047380
0.032745
0.008464
0.037274
0.044164
0.008987
0.017510
0.022799
0.007053
0.023945
0.025621
0.017947
0.008178
0.006110
0.010106
0.016643
0.048613
0.062576
0.054764
0.049203
0.045911
0.034517
0.012808
0.032939
0.028628
0.007763
0.016655
0.048719
0.031878
0.049048
0.072006
0.015273
0.014489
0.032398
0.035892
0.047614
0.016492
0.021571
0.032774
0.023608
0.011308
0.074392
0.052568
0.014040
0.049839
0.066031
0.019815
0.033200
0.044411
0.011674
0.015985
0.034192
0.032206
0.020863
0.013256
0.015029
0.025451
0.007391
0.006518
0.036006
0.052085
0.057362
0.018886
0.060535
0.072979
0.024094
0.014262
0.027351
0.011259
0.034100
0.056686
0.041052
0.014322
0.013466
0.016403
0.027560
0.003261
0.039287
0.039673
0.052375
0.020060
0.054042
0.062506
0.020992
0.007695
0.014434
0.010859
0.040623
0.055628
0.036569
0.008433
0.013479
0.013758
0.026510
0.029146
0.040059
0.047023
0.017867
0.051366
0.057070
0.016694
0.010786
0.018558
0.010351
0.032389
0.050563
0.032272
0.007898
0.010862
0.011680
0.022744
0.076696
0.058530
0.022976
0.056539
0.064793
0.021912
0.044591
0.047292
0.017646
0.018855
0.040055
0.035599
0.026581
0.019098
0.017790
0.029674
0.028553
0.044030
0.038119
0.029171
0.029208
0.042715
0.026055
0.055188
0.082849
0.054888
0.031755
0.033846
0.043445
0.048773
0.033609
0.027818
0.014666
0.007017
0.018614
0.037576
0.024257
0.049512
0.069692
0.019007
0.008860
0.026915
0.033720
0.046809
0.020965
0.022409
0.039342
0.011911
0.012784
0.015552
0.009287
0.026656
0.019678
0.016615
0.006808
0.007374
0.011819
0.012202
0.021977
0.025813
0.037231
0.022471
0.045513
0.052358
0.027419
0.012905
0.027687
0.033578
0.037704
0.030345
0.025403
0.050705
0.030992
0.062495
0.085343
0.023074
0.017955
0.035874
0.045640
0.057351
0.024323
0.021966
0.016239
0.014020
0.029453
0.022402
0.007119
0.008834
0.007761
0.012616
0.011239
0.008404
0.014312
0.046553
0.039101
0.028688
0.006127
0.013272
0.018883
0.022147
0.022400
0.051934
0.034011
0.018171
0.008028
0.016858
0.021503
0.017972
0.019676
0.038743
0.028070
0.007650
0.004729
0.004604
0.021020
0.065363
0.038346
0.030089
0.024090
0.012112
0.051551
0.019369
0.027955
0.029531
0.045136
0.013632
0.016060
0.017347
0.024000
0.018135
0.006913
0.008177
0.013407
0.007843
0.012890
0.025913
