0.047100
0.017751
0.088268
0.054357
0.241185
0.016232
0.088198
0.111552
0.057701
0.096525
0.084275
0.055542
0.021138
0.075308
0.062480
0.044845
0.045569
0.044209
0.021873
0.010386
0.061497
0.064298
0.107233
0.091643
0.013284
0.097657
0.104138
0.127054
0.028930
0.052683
0.074008
0.016138
0.141539
0.048238
0.044396
0.021086
0.040497
0.036058
0.075851
0.049728
0.045598
0.031872
0.014103
0.100593
0.043825
0.010628
0.029965
0.063215
0.170954
0.033142
0.023617
0.020097
0.176088
0.044181
0.034522
0.048065
0.033444
0.036488
0.027080
0.022541
0.079741
0.057137
0.042735
0.058162
0.135836
0.120518
0.067241
0.073728
0.031678
0.024778
0.045188
0.019704
0.073929
0.030782
0.044041
0.044931
0.064930
0.026906
0.156557
0.060280
0.055488
0.098032
0.015571
0.040275
0.022197
0.045972
0.073747
0.045511
0.020062
0.026411
0.071569
0.038378
0.032657
0.060714
0.025784
0.011836
0.065991
0.065527
0.038703
0.177641
0.016244
0.056870
0.082255
0.040963
0.062552
0.058654
0.035336
0.027723
0.069945
0.050783
0.037344
0.070672
0.062960
0.044472
0.028161
0.044502
0.042134
0.070405
0.058178
0.025806
0.056773
0.079616
0.087957
0.027237
0.033209
0.101731
0.018989
0.097229
0.071805
0.024651
0.016659
0.025365
0.034657
0.068759
0.054163
0.018200
0.022958
0.025791
0.057379
0.025933
0.028361
0.026108
0.038989
0.126743
0.026228
0.183699
0.073321
0.020579
0.034862
0.042184
0.030249
0.032219
0.027621
0.134584
0.053591
0.049300
0.073685
0.206279
0.178878
0.102102
0.123870
0.031997
0.025705
0.031077
0.013491
0.122587
0.020594
0.037870
0.027313
0.102095
0.038927
0.197547
0.099175
0.043891
0.136092
0.027511
0.073263
0.039295
0.063975
0.105244
0.055680
0.037540
0.054053
0.119741
0.032234
0.045251
0.102399
0.044400
0.015194
0.034022
0.180529
0.040835
0.035035
0.020520
0.009949
0.024801
0.020835
0.009167
0.088206
0.062702
0.042742
0.062758
0.147782
0.137623
0.070428
0.071301
0.039414
0.029539
0.029930
0.018388
0.079598
0.039694
0.048070
0.040439
0.050655
0.021119
0.160093
0.068888
0.045079
0.104891
0.021449
0.039590
0.028407
0.045548
0.058625
0.036067
0.022163
0.027283
0.074539
0.040359
0.021782
0.065791
0.032448
0.018575
0.057596
0.237755
0.139101
0.153565
0.187666
0.173674
0.142700
0.182233
0.223745
0.273537
0.267165
0.266724
0.314170
0.306975
0.296037
0.267129
0.228129
0.212498
0.147930
0.166876
0.266522
0.161222
0.233551
0.153302
0.221718
0.160708
0.412748
0.237070
0.128773
0.369685
0.175753
0.206029
0.169101
0.273093
0.223400
0.260503
0.142863
0.213125
0.251074
0.126856
0.185162
0.270653
0.244529
0.156160
0.173183
0.074048
0.095448
0.050484
0.071674
0.082119
0.040463
0.031779
0.052089
0.044960
0.023979
0.058663
0.047811
0.023256
0.018736
0.047988
0.053168
0.093854
0.072521
0.013580
0.082532
0.087482
0.113798
0.031490
0.050263
0.058639
0.010203
0.128252
0.039609
0.037656
0.022063
0.033594
0.024265
0.079562
0.045294
0.036555
0.036980
0.014031
0.091673
0.039253
0.012256
0.016882
0.054177
0.145204
0.033342
0.044968
0.020582
0.025355
0.030063
0.114971
0.068868
0.061468
0.073054
0.189140
0.178962
0.103154
0.115558
0.039777
0.028051
0.018486
0.022304
0.115607
0.020844
0.078915
0.027190
0.078517
0.023139
0.214575
0.089966
0.027042
0.163700
0.027229
0.063008
0.024801
0.078638
0.075123
0.074227
0.035724
0.055334
0.116531
0.015528
0.030634
0.107805
0.056740
0.022808
0.050097
0.026681
0.030938
0.018006
0.032542
0.150559
0.103828
0.078434
0.110949
0.227546
0.217959
0.134386
0.137860
0.068418
0.050048
0.017202
0.027153
0.148658
0.044309
0.073722
0.022589
0.095747
0.031966
0.248311
0.130193
0.019203
0.186489
0.050566
0.079603
0.053916
0.094527
0.075154
0.069107
0.045583
0.067012
0.140912
0.035404
0.040260
0.133789
0.079996
0.033222
0.038599
0.031300
0.023140
0.012231
0.090617
0.069052
0.046781
0.062911
0.151038
0.138751
0.079793
0.072909
0.042041
0.033839
0.026644
0.027810
0.085505
0.051212
0.054950
0.042243
0.043218
0.028638
0.163601
0.072483
0.049318
0.111965
0.035602
0.041827
0.036587
0.047031
0.061524
0.037663
0.026740
0.025379
0.083816
0.043099
0.020722
0.078005
0.040023
0.029302
0.065198
0.024950
0.014663
0.124609
0.063629
0.046822
0.070928
0.196847
0.190734
0.101517
0.114772
0.039150
0.022894
0.018155
0.015032
0.119049
0.029504
0.070892
0.028814
0.069035
0.030374
0.207073
0.095758
0.027477
0.146749
0.030922
0.066700
0.033005
0.069417
0.062027
0.071213
0.040758
0.042760
0.123461
0.024483
0.028094
0.112408
0.051387
0.032137
0.053024
0.025764
0.111884
0.090628
0.068742
0.097544
0.182486
0.179262
0.105307
0.108899
0.053384
0.038291
0.019827
0.020474
0.118189
0.036620
0.074162
0.019997
0.071119
0.022346
0.230000
0.100243
0.016658
0.164853
0.034204
0.060188
0.031858
0.082487
0.058578
0.068171
0.032432
0.041165
0.115231
0.023707
0.030875
0.107293
0.065618
0.023663
0.048605
0.085061
0.057959
0.041485
0.055063
0.149373
0.140568
0.071631
0.071592
0.033313
0.020946
0.026141
0.016825
0.078444
0.034339
0.052733
0.042099
0.044640
0.023248
0.161352
0.062847
0.044486
0.105603
0.018825
0.037502
0.029056
0.044641
0.057274
0.044043
0.021973
0.021814
0.078782
0.031226
0.016053
0.070027
0.029810
0.022026
0.064586
0.122936
0.110930
0.071065
0.024916
0.033535
0.046677
0.017117
0.105072
0.107403
0.143353
0.132563
0.016622
0.132491
0.165384
0.171309
0.029929
0.080093
0.094242
0.020897
0.169592
0.081768
0.071357
0.030076
0.056665
0.077557
0.084027
0.104594
0.069028
0.064141
0.015652
0.123704
0.065714
0.027680
0.064593
0.104034
0.223286
0.019155
0.026126
0.152039
0.121663
0.054676
0.094670
0.023129
0.044294
0.084293
0.056626
0.084341
0.077206
0.056754
0.082176
0.094570
0.083022
0.091862
0.059551
0.124566
0.062340
0.064897
0.082395
0.049033
0.026469
0.145250
0.044361
0.063262
0.060157
0.092467
0.097218
0.076291
0.075231
0.025559
0.051024
0.098163
0.022737
0.144822
0.128176
0.052062
0.080580
0.013443
0.020731
0.062463
0.041151
0.076955
0.055249
0.048795
0.062488
0.070741
0.053232
0.102088
0.060470
0.098394
0.061762
0.041055
0.058747
0.039526
0.014833
0.100321
0.028299
0.045432
0.031066
0.085137
0.071742
0.045503
0.068422
0.016887
0.037526
0.090908
0.095796
0.071188
0.040955
0.054145
0.027325
0.043304
0.087955
0.071945
0.043850
0.077945
0.080047
0.104259
0.052696
0.069730
0.057318
0.029593
0.134282
0.041838
0.054506
0.045372
0.041072
0.016610
0.112974
0.043650
0.054467
0.046553
0.051974
0.093325
0.049471
0.045980
0.013383
0.059449
0.133174
0.026243
0.048573
0.025580
0.152650
0.165508
0.225099
0.204540
0.022488
0.212252
0.228820
0.249868
0.062714
0.138009
0.069620
0.037230
0.258483
0.079569
0.132077
0.068107
0.106122
0.102510
0.134347
0.132443
0.126834
0.108106
0.023167
0.210368
0.122977
0.035240
0.098508
0.165438
0.310870
0.053392
0.037202
0.127694
0.153334
0.212278
0.184799
0.025405
0.193081
0.180965
0.230444
0.076250
0.144646
0.044852
0.031112
0.254571
0.059612
0.123981
0.073488
0.100663
0.084769
0.164855
0.116992
0.114727
0.109861
0.025999
0.202193
0.126492
0.033566
0.080330
0.144912
0.271771
0.022832
0.057841
0.071378
0.131275
0.105239
0.018989
0.126047
0.124004
0.141435
0.044796
0.069752
0.056453
0.021598
0.167083
0.036608
0.060268
0.040051
0.045456
0.037334
0.083780
0.049050
0.072337
0.044607
0.027571
0.132473
0.065253
0.014596
0.034895
0.080838
0.193398
0.086275
0.087786
0.133649
0.120672
0.006871
0.129903
0.141968
0.161749
0.021694
0.070327
0.065077
0.016168
0.170813
0.052054
0.066391
0.029271
0.058164
0.047574
0.077677
0.069516
0.064189
0.046622
0.009212
0.128934
0.055758
0.010377
0.044601
0.093438
0.210227
0.013545
0.045263
0.028860
0.080594
0.037428
0.041781
0.043953
0.069876
0.040969
0.125192
0.059167
0.076376
0.081085
0.028083
0.050352
0.027667
0.027377
0.095270
0.031376
0.034220
0.028917
0.089008
0.050169
0.038720
0.073182
0.021863
0.023058
0.072315
0.030574
0.019907
0.089374
0.021095
0.049902
0.034448
0.064852
0.023311
0.157404
0.070719
0.054163
0.103447
0.016573
0.049172
0.029077
0.034508
0.069008
0.041692
0.029901
0.021373
0.097038
0.028788
0.020928
0.079262
0.026864
0.018553
0.068329
0.018406
0.143400
0.025204
0.066089
0.013269
0.081313
0.029776
0.239266
0.118445
0.014871
0.180342
0.041618
0.074242
0.044185
0.082852
0.077959
0.068243
0.037823
0.052389
0.144261
0.014532
0.029580
0.136724
0.068327
0.028241
0.034022
0.121964
0.016994
0.031930
0.017093
0.088338
0.029860
0.204724
0.097014
0.026558
0.139441
0.024006
0.068094
0.034379
0.061830
0.087455
0.053024
0.026993
0.038151
0.121088
0.022977
0.036180
0.107094
0.043347
0.010834
0.026851
0.129823
0.136978
0.166130
0.034462
0.077381
0.051244
0.008941
0.179326
0.042112
0.066723
0.032343
0.054492
0.045534
0.092282
0.074248
0.064922
0.053671
0.004526
0.135113
0.064972
0.006587
0.040144
0.092845
0.211575
0.049881
0.027812
0.098799
0.034990
0.217119
0.103017
0.033945
0.156761
0.026216
0.069505
0.044856
0.070210
0.101185
0.077228
0.030841
0.051731
0.128389
0.011794
0.036043
0.119692
0.053635
0.019430
0.040603
0.058366
0.134622
0.081550
0.176055
0.114731
0.094564
0.115922
0.060173
0.099624
0.075659
0.059305
0.166497
0.053224
0.048955
0.065060
0.133005
0.078248
0.084827
0.118360
0.051811
0.033871
0.046118
0.115914
0.040637
0.256873
0.135630
0.017645
0.193622
0.048836
0.094985
0.051609
0.093076
0.102706
0.072492
0.044252
0.063416
0.166294
0.023512
0.051869
0.151739
0.080525
0.023776
0.024251
0.046199
0.113359
0.034619
0.112932
0.087709
0.050194
0.023105
0.040389
0.055520
0.040152
0.068400
0.052504
0.032520
0.040400
0.083132
0.027586
0.042696
0.047272
0.077802
0.167783
0.184368
0.065937
0.038584
0.133332
0.014192
0.033960
0.020514
0.062253
0.032474
0.050169
0.024169
0.024715
0.078455
0.028744
0.012645
0.069483
0.046309
0.021390
0.083548
0.054012
0.303826
0.022777
0.155659
0.106550
0.134808
0.060793
0.216220
0.105388
0.148013
0.131128
0.056635
0.244160
0.155346
0.054256
0.076404
0.170792
0.289703
0.153071
0.046097
0.053529
0.028647
0.039699
0.036036
0.095228
0.064686
0.047941
0.045671
0.011855
0.108355
0.055549
0.013771
0.030436
0.072002
0.178582
0.232205
0.056414
0.100250
0.060770
0.125280
0.079907
0.107256
0.056531
0.076108
0.177016
0.019726
0.048826
0.170560
0.103056
0.040542
0.036486
0.101525
0.073753
0.095223
0.030655
0.161797
0.068573
0.104503
0.077710
0.048994
0.182726
0.108385
0.038028
0.038323
0.116705
0.222062
0.029904
0.019173
0.046760
0.051499
0.047336
0.018764
0.020064
0.069020
0.029055
0.019984
0.056376
0.028463
0.015990
0.082969
0.028992
0.043209
0.051683
0.046810
0.033414
0.029298
0.032243
0.065361
0.025134
0.034275
0.033447
0.048546
0.142183
0.046726
0.052332
0.050464
0.024835
0.028589
0.057566
0.041507
0.025630
0.053004
0.029941
0.026107
0.090715
0.108346
0.028103
0.042966
0.031478
0.050183
0.086983
0.044644
0.040135
0.009620
0.046771
0.119560
0.099978
0.079500
0.050498
0.101532
0.077216
0.035187
0.093739
0.089852
0.086140
0.166834
0.046172
0.036046
0.074021
0.087776
0.049834
0.057663
0.028497
0.037737
0.102120
0.026547
0.060300
0.031233
0.026461
0.060162
0.032690
0.014977
0.069128
0.059910
0.050689
0.018482
0.047934
0.024960
0.031214
0.108376
0.134975
0.068092
0.007545
0.044014
0.089763
0.204746
0.028295
0.129763
0.069428
0.026896
0.050845
0.062998
0.033165
0.031784
0.092957
0.033504
0.077562
0.193583
0.032856
0.102356
0.042839
