0.749100
0.479662
0.653934
0.586462
0.668404
0.564985
0.474706
0.590160
0.693778
0.673329
0.632425
0.630008
0.552666
0.503029
0.528825
0.562390
0.449019
0.612380
0.434834
0.669233
0.627957
0.479169
0.493747
0.513613
0.574330
0.529637
0.641168
0.661626
0.605203
0.742202
0.540708
0.622954
0.565120
0.506849
0.590902
0.477102
0.457981
0.650560
0.667368
0.608744
0.501719
0.540505
0.559743
0.605696
0.538025
0.566528
0.545044
0.604510
0.560853
0.698008
0.503860
0.812313
0.649122
0.725268
0.691030
0.671908
0.631145
0.598594
0.694525
0.584481
0.551628
0.681599
0.715195
0.783720
0.758146
0.772770
0.737995
0.703839
0.642571
0.730175
0.643596
0.685107
0.864487
0.651993
0.516862
0.787066
0.721046
0.833001
0.602561
0.720776
0.785312
0.632457
0.430887
0.685191
0.659478
0.758900
0.596464
0.642792
0.724372
0.766599
0.515611
0.657581
0.553659
0.716811
0.622512
0.517949
0.625285
0.636883
0.659422
0.569310
0.358308
0.429439
0.489812
0.798365
0.631143
0.641984
0.559512
0.526041
0.587003
0.488805
0.568914
0.377010
0.462805
0.539639
0.499597
0.523803
0.468496
0.569052
0.455536
0.637776
0.355784
0.557907
0.575376
0.402115
0.732547
0.536757
0.502659
0.478684
0.529224
0.510822
0.505325
0.438563
0.485340
0.539499
0.611533
0.522406
0.584848
0.600566
0.526064
0.498170
0.580125
0.555250
0.631314
0.458097
0.731660
0.701530
0.728308
0.642601
0.668067
0.827796
0.675533
0.744545
0.675267
0.601166
0.645278
0.767854
0.764858
0.734204
0.672859
0.785865
0.678136
0.509060
0.685431
0.557713
0.643528
0.762702
0.522335
0.664235
0.827460
0.716299
0.680271
0.552591
0.624653
0.600454
0.679233
0.491636
0.563073
0.648864
0.590659
0.593986
0.661199
0.522080
0.770774
0.634312
0.683402
0.551510
0.615574
0.601568
0.549804
0.592933
0.821240
0.698852
0.654430
0.738703
0.728229
0.599094
0.724181
0.752794
0.773021
0.796894
0.729285
0.755008
0.596479
0.683688
0.738095
0.735732
0.718936
0.679554
0.665078
0.752269
0.625724
0.739782
0.735977
0.817840
0.680562
0.807552
0.743098
0.705153
0.575146
0.551067
0.685709
0.723993
0.673550
0.694652
0.838569
0.746718
0.604225
0.814123
0.684625
0.699275
0.697404
0.763869
0.589171
0.676006
0.744100
0.680053
0.485367
0.565010
0.740812
0.675465
0.664446
0.515923
0.403359
0.544897
0.620906
0.586847
0.508551
0.655510
0.716300
0.565613
0.560610
0.591065
0.492688
0.542181
0.634148
0.459685
0.633714
0.661306
0.665540
0.725362
0.505244
0.630577
0.567450
0.611825
0.560768
0.453649
0.461155
0.541331
0.478453
0.605565
0.530445
0.702432
0.569907
0.514428
0.454264
0.578206
0.486938
0.517567
0.410097
0.522182
0.591740
0.818165
0.650072
0.523679
0.666897
0.536772
0.626299
0.665512
0.713108
0.530236
0.569078
0.734151
0.465029
0.607737
0.640743
0.540035
0.512828
0.648226
0.488892
0.687409
0.730876
0.537383
0.751945
0.566342
0.554493
0.575531
0.514977
0.537824
0.546427
0.563782
0.682502
0.615322
0.672147
0.616884
0.663639
0.638275
0.629731
0.567840
0.578685
0.519455
0.666847
0.525910
0.517333
0.727634
0.674098
0.524239
0.524107
0.433127
0.405581
0.536035
0.610904
0.391129
0.453623
0.703214
0.567751
0.523935
0.530050
0.474139
0.505826
0.591840
0.377798
0.637083
0.695146
0.557749
0.721055
0.552992
0.354438
0.468131
0.493641
0.561792
0.366408
0.354380
0.519123
0.541091
0.521940
0.441206
0.675329
0.587970
0.446850
0.468637
0.537474
0.533222
0.568206
0.414994
0.766040
0.716204
0.658765
0.635429
0.507733
0.606803
0.637659
0.591263
0.455230
0.624757
0.674404
0.473494
0.612317
0.505817
0.512684
0.373526
0.638798
0.388951
0.723590
0.639280
0.411860
0.744584
0.496970
0.588258
0.566829
0.625681
0.497921
0.566644
0.512123
0.517656
0.540571
0.670687
0.574863
0.671741
0.599048
0.584805
0.537247
0.638378
0.647060
0.668572
0.453448
0.592591
0.709000
0.744403
0.815938
0.827615
0.778232
0.889969
0.659161
0.791267
0.786095
0.737547
0.839398
0.810137
0.593550
0.827723
0.747635
0.803114
0.757053
0.880754
0.767884
0.681891
0.727025
0.772769
0.719063
0.559116
0.784254
0.790549
0.711711
0.764994
0.811522
0.723644
0.643360
0.875894
0.682212
0.716145
0.724081
0.784524
0.648982
0.649074
0.744272
0.537418
0.645873
0.598016
0.694797
0.740330
0.822921
0.580011
0.649927
0.724282
0.671779
0.727127
0.685022
0.564527
0.654539
0.731892
0.665494
0.571818
0.888641
0.645107
0.675896
0.653387
0.719632
0.617051
0.446190
0.586599
0.691733
0.623685
0.656826
0.685428
0.603180
0.585454
0.803366
0.634678
0.617694
0.599771
0.716585
0.525015
0.582132
0.673137
0.658320
0.565425
0.621518
0.641864
0.723351
0.526313
0.609979
0.750967
0.619073
0.674244
0.604653
0.480175
0.629528
0.645913
0.547294
0.649344
0.750300
0.647460
0.666874
0.611471
0.611259
0.655247
0.521971
0.584245
0.589139
0.553854
0.658451
0.698362
0.526252
0.608474
0.685672
0.609754
0.596011
0.543762
0.711589
0.545264
0.593204
0.612258
0.488763
0.574378
0.682238
0.719512
0.624002
0.672463
0.769017
0.708715
0.609303
0.672488
0.539423
0.630814
0.770897
0.584578
0.546558
0.759534
0.691354
0.919488
0.514459
0.476432
0.669645
0.627671
0.595259
0.534885
0.459528
0.634291
0.537393
0.484530
0.553360
0.770583
0.513418
0.511101
0.461443
0.619624
0.493212
0.450515
0.433140
0.491623
0.508827
0.565996
0.487078
0.645413
0.705195
0.552198
0.530881
0.517943
0.476373
0.435048
0.587317
0.429994
0.541429
0.723700
0.584731
0.763651
0.411105
0.518297
0.603093
0.567753
0.413692
0.417657
0.420606
0.508788
0.499968
0.526712
0.494210
0.680757
0.556717
0.371972
0.408811
0.503636
0.478928
0.496506
0.386329
0.594114
0.651430
0.590805
0.579456
0.659565
0.619270
0.496397
0.647045
0.516024
0.577556
0.743005
0.441396
0.622597
0.749650
0.630501
0.826268
0.497064
0.415908
0.664832
0.609146
0.605572
0.419818
0.531901
0.602232
0.457650
0.592030
0.577390
0.691309
0.618968
0.573877
0.436423
0.525249
0.575645
0.565841
0.477973
0.501992
0.468522
0.696274
0.595362
0.633044
0.620978
0.523566
0.636644
0.592077
0.661650
0.573267
0.601662
0.618704
0.526052
0.841508
0.609162
0.627833
0.724299
0.617660
0.593336
0.613420
0.476711
0.546045
0.647963
0.653830
0.664056
0.529466
0.681363
0.587882
0.619009
0.646299
0.645312
0.684475
0.618060
0.482288
0.753550
0.619852
0.741711
0.610813
0.608529
0.681752
0.585872
0.559195
0.539975
0.608549
0.717712
0.608880
0.862699
0.679649
0.700212
0.703426
0.726546
0.658743
0.631917
0.399320
0.526184
0.638597
0.673936
0.658594
0.507074
0.726047
0.576016
0.681919
0.666008
0.699468
0.713325
0.602199
0.477400
0.536780
0.460104
0.592688
0.393352
0.528523
0.501416
0.463309
0.398340
0.599827
0.550345
0.387858
0.727108
0.504361
0.564540
0.470523
0.444069
0.516498
0.508754
0.372360
0.426587
0.574950
0.552953
0.507962
0.533793
0.545992
0.479400
0.539967
0.638937
0.522352
0.564465
0.488767
0.686762
0.568399
0.553229
0.548412
0.547526
0.563336
0.641505
0.457172
0.718375
0.672151
0.549845
0.613577
0.567066
0.505587
0.471469
0.513930
0.632706
0.507445
0.550897
0.623979
0.631045
0.664986
0.609996
0.687675
0.578030
0.600643
0.550434
0.652423
0.528172
0.582003
0.548245
0.735000
0.715343
0.465651
0.718294
0.629254
0.751344
0.645902
0.654497
0.552788
0.687429
0.761520
0.714915
0.791641
0.653814
0.577642
0.705346
0.700913
0.615380
0.703328
0.750106
0.735301
0.709151
0.509704
0.698556
0.724111
0.667242
0.810207
0.710470
0.712254
0.775390
0.627637
0.626115
0.536008
0.440665
0.625892
0.427933
0.785442
0.635513
0.345119
0.639994
0.448273
0.558641
0.658183
0.569779
0.524215
0.578773
0.597631
0.613773
0.537694
0.689657
0.685726
0.668833
0.678909
0.695792
0.600932
0.677628
0.558465
0.700311
0.563899
0.619252
0.521812
0.565974
0.690326
0.339835
0.642879
0.777262
0.660019
0.740622
0.536640
0.577875
0.569456
0.666425
0.597328
0.551150
0.447760
0.517296
0.450967
0.578224
0.498437
0.776490
0.632483
0.591188
0.398427
0.619707
0.550554
0.461395
0.478347
0.531116
0.522498
0.589534
0.474779
0.620575
0.473371
0.508209
0.597754
0.577388
0.679865
0.500819
0.512469
0.608735
0.580153
0.494753
0.486261
0.621075
0.629943
0.529492
0.589165
0.573900
0.570935
0.553155
0.698992
0.619547
0.635183
0.517877
0.510639
0.636076
0.426086
0.673581
0.753015
0.605677
0.529533
0.465693
0.564039
0.501751
0.491312
0.530800
0.428935
0.511919
0.605653
0.505626
0.565161
0.384597
0.708606
0.524333
0.542511
0.404917
0.540391
0.438667
0.448506
0.451780
0.589265
0.368055
0.724725
0.587442
0.439875
0.682386
0.482132
0.628232
0.567379
0.615330
0.489040
0.514645
0.446833
0.528285
0.440887
0.621906
0.531244
0.592219
0.575023
0.463508
0.546353
0.599870
0.561112
0.617045
0.383113
0.549420
0.764655
0.776019
0.643312
0.695920
0.702044
0.628722
0.606903
0.673303
0.686954
0.631316
0.542972
0.550589
0.772791
0.643809
0.585210
0.733247
0.699382
0.592551
0.685736
0.691325
0.589835
0.700297
0.574684
0.628655
0.614908
0.407151
0.688006
0.482112
0.504346
0.502548
0.583630
0.455483
0.426436
0.358387
0.434898
0.344703
0.529810
0.444955
0.607146
0.606586
0.497260
0.416054
0.555994
0.470908
0.540799
0.331904
0.776872
0.686797
0.852826
0.641440
0.651235
0.695691
0.605151
0.583226
0.655523
0.471741
0.583935
0.651995
0.571505
0.634974
0.657529
0.605274
0.610441
0.590647
0.743337
0.605248
0.542009
0.592008
0.606672
0.803243
0.680528
0.755542
0.707527
0.707540
0.700615
0.704259
0.626252
0.619944
0.701703
0.750962
0.781621
0.450547
0.734348
0.680893
0.698795
0.730456
0.779646
0.815015
0.654315
0.777824
0.550599
0.605867
0.668173
0.577552
0.558259
0.613218
0.436990
0.450614
0.546911
0.630228
0.661915
0.566935
0.640174
0.592558
0.590002
0.660926
0.586123
0.707180
0.520066
0.712409
0.761323
0.512090
0.636959
0.792849
0.705733
0.752258
0.735923
0.812869
0.833198
0.521400
0.840483
0.750393
0.689221
0.706665
0.749339
0.679882
0.777725
0.701014
0.555578
0.619619
0.575676
0.473573
0.500660
0.553925
0.547166
0.510671
0.598381
0.582926
0.678668
0.496336
0.571721
0.421514
0.574236
0.502024
0.482940
0.476732
0.632597
0.630916
0.550843
0.422157
0.541535
0.680047
0.588072
0.655736
0.563339
0.730841
0.686309
0.594103
0.527436
0.454813
0.515755
0.639690
0.500589
0.447276
0.613919
0.554774
0.542202
0.598218
0.694921
0.647892
0.251943
0.773480
0.608403
0.559886
0.554343
0.712524
0.559909
0.569791
0.547819
0.536118
0.561704
0.507497
0.615295
0.662864
0.576314
0.487582
0.655462
0.457799
0.552489
0.531230
0.680661
0.482973
0.555931
0.622885
0.514230
0.556050
0.656145
0.519404
0.639660
0.607114
0.671457
0.589479
0.612657
0.537307
0.591611
0.520775
0.559265
0.549667
0.482437
0.606995
0.611737
0.520861
0.475366
0.736896
0.586957
0.518416
0.448351
0.330694
0.481063
0.549263
0.422658
0.343090
0.473390
0.473789
0.439301
0.501017
0.518576
0.332233
0.446476
0.577484
0.459776
0.489423
0.333462
0.565614
0.498513
0.564466
0.612106
0.602222
0.448638
0.570557
0.662302
0.599383
0.591837
0.444026
0.639153
0.604132
0.696091
0.538086
0.554068
0.448686
0.633476
0.536591
0.528276
0.412131
0.542105
0.677208
0.572335
0.564950
0.486352
0.628320
0.566836
0.524102
0.516865
0.816600
0.569026
0.431660
0.412448
0.593110
0.504543
0.494825
0.431873
0.720334
0.716822
0.721924
0.684739
0.741572
0.804317
0.765674
0.532298
0.388642
0.679313
0.487875
0.383461
0.454628
0.502883
0.615067
0.512850
0.538027
0.330790
0.571649
0.419057
0.336158
0.379470
0.613948
0.659191
0.565130
0.412734
0.444177
0.449934
