0.542695
0.749519
0.573713
0.628552
0.530886
0.581407
0.614535
0.440919
0.686752
0.631950
0.537011
0.475278
0.626380
0.486314
0.651525
0.608197
0.524541
0.587260
0.578707
0.505894
0.661719
0.576686
0.711844
0.436042
0.702817
0.653984
0.599962
0.528200
0.614679
0.579729
0.531317
0.585725
0.563025
0.654395
0.654437
0.506784
0.568506
0.504101
0.556485
0.641506
0.668993
0.627827
0.556405
0.615086
0.518161
0.528060
0.537981
0.560203
0.662347
0.522284
0.679941
0.559716
0.487114
0.399110
0.465673
0.412709
0.627349
0.583495
0.566232
0.531761
0.408279
0.458864
0.457644
0.606128
0.570488
0.480036
0.571448
0.474054
0.692688
0.542368
0.496395
0.405428
0.697952
0.599930
0.639268
0.421288
0.661761
0.517210
0.434293
0.421539
0.504908
0.631895
0.676707
0.404921
0.615051
0.526591
0.480889
0.434519
0.601201
0.608477
0.591757
0.655500
0.387182
0.474393
0.541668
0.494525
0.563516
0.763304
0.545576
0.539533
0.503531
0.578162
0.601447
0.648978
0.677020
0.644990
0.689309
0.494363
0.636235
0.471277
0.658266
0.704214
0.570441
0.628882
0.717783
0.745067
0.767699
0.639857
0.518047
0.855362
0.643008
0.733068
0.612676
0.798324
0.575344
0.506004
0.552639
0.587140
0.733006
0.669217
0.522912
0.666363
0.550176
0.563764
0.526460
0.584770
0.723675
0.645989
0.683967
0.504584
0.512467
0.703503
0.523565
0.648755
0.662467
0.579122
0.656863
0.777559
0.548890
0.715296
0.700845
0.720769
0.649167
0.645715
0.627407
0.725518
0.663594
0.669902
0.590322
0.651736
0.725803
0.686220
0.758343
0.674920
0.531927
0.826067
0.745609
0.582386
0.708267
0.573159
0.657253
0.663220
0.609938
0.674492
0.699093
0.812055
0.574880
0.699428
0.635113
0.618329
0.685357
0.775363
0.721720
0.699866
0.676225
0.596643
0.559419
0.674091
0.540727
0.731884
0.546631
0.495734
0.571077
0.453323
0.556001
0.496575
0.475960
0.501062
0.553332
0.513692
0.507471
0.598084
0.675620
0.519759
0.651309
0.617013
0.577627
0.654120
0.479699
0.475873
0.774316
0.513362
0.613693
0.580862
0.607653
0.521262
0.433566
0.457664
0.557532
0.532551
0.704729
0.508670
0.507633
0.477551
0.551500
0.526066
0.508316
0.678584
0.582682
0.585320
0.376110
0.505636
0.714150
0.542482
0.681928
0.390945
0.544858
0.441702
0.550475
0.534693
0.505805
0.527339
0.527302
0.295247
0.427925
0.512727
0.596541
0.475844
0.459161
0.674116
0.667548
0.592862
0.581243
0.355537
0.729224
0.571089
0.545120
0.519798
0.685694
0.480848
0.414775
0.496044
0.370387
0.591194
0.782677
0.314694
0.572193
0.381576
0.348948
0.477510
0.569887
0.508601
0.473053
0.610992
0.431522
0.490873
0.537183
0.420983
0.544049
0.470921
0.412045
0.585574
0.479686
0.462003
0.506348
0.429059
0.392466
0.396551
0.514748
0.600573
0.377259
0.538695
0.588222
0.568901
0.570209
0.386309
0.387475
0.778949
0.535117
0.581022
0.479584
0.686025
0.362249
0.366329
0.362860
0.363250
0.601960
0.763318
0.349940
0.556492
0.301420
0.409670
0.417689
0.517425
0.578682
0.434657
0.637162
0.369797
0.371117
0.580829
0.446075
0.549877
0.489966
0.659068
0.575994
0.467984
0.489641
0.573372
0.559165
0.501148
0.602278
0.632398
0.555936
0.630438
0.577390
0.681646
0.670560
0.532777
0.430465
0.826584
0.630439
0.707211
0.542120
0.626647
0.532548
0.459562
0.509731
0.543818
0.585345
0.715411
0.538812
0.554060
0.541324
0.534004
0.675659
0.451687
0.622972
0.579099
0.730775
0.515047
0.458366
0.641675
0.489898
0.528376
0.596763
0.534393
0.339592
0.391264
0.448721
0.411958
0.428088
0.444996
0.493066
0.485573
0.434013
0.490312
0.485704
0.621942
0.477958
0.320267
0.741545
0.588022
0.525862
0.525745
0.612545
0.489800
0.420258
0.462912
0.419227
0.612403
0.624649
0.413841
0.470735
0.360901
0.382025
0.579111
0.550035
0.502457
0.407782
0.549070
0.369303
0.412478
0.501276
0.444070
0.615987
0.564332
0.560804
0.535910
0.646294
0.616430
0.567778
0.583072
0.679171
0.612538
0.717534
0.648163
0.775704
0.650955
0.630433
0.511613
0.743465
0.654801
0.702586
0.564246
0.772488
0.460179
0.512479
0.596478
0.533364
0.576712
0.704522
0.527974
0.643347
0.544394
0.652080
0.580930
0.573325
0.713456
0.602788
0.729342
0.492023
0.584376
0.776993
0.530874
0.786324
0.457178
0.413778
0.593508
0.491456
0.509513
0.554656
0.602125
0.511444
0.641149
0.608689
0.670744
0.600683
0.353703
0.446458
0.790121
0.424661
0.570597
0.492297
0.610153
0.385259
0.393376
0.420327
0.382115
0.458017
0.816089
0.436935
0.486700
0.594771
0.547875
0.599946
0.526949
0.555561
0.444538
0.653876
0.492853
0.478606
0.645576
0.442559
0.616923
0.376557
0.611817
0.420951
0.520463
0.462240
0.567156
0.537113
0.512483
0.602280
0.555141
0.651720
0.519489
0.384721
0.805252
0.584871
0.583392
0.556077
0.585755
0.444966
0.406535
0.509044
0.354086
0.575208
0.721534
0.445999
0.334363
0.432212
0.478512
0.632975
0.473537
0.487559
0.360158
0.583300
0.442197
0.459847
0.572422
0.483851
0.619289
0.553123
0.480476
0.493844
0.431029
0.430719
0.543382
0.557118
0.402922
0.633032
0.498999
0.528038
0.383387
0.629985
0.590372
0.568071
0.427452
0.614492
0.485109
0.424364
0.499410
0.417456
0.551980
0.646062
0.437364
0.415134
0.518507
0.499863
0.631683
0.526910
0.526602
0.475651
0.622262
0.459693
0.438955
0.583088
0.462695
0.547434
0.518851
0.327410
0.571890
0.543196
0.494462
0.503056
0.535340
0.694082
0.665425
0.565432
0.432095
0.798758
0.636581
0.648831
0.593294
0.679782
0.549396
0.499048
0.455387
0.543206
0.674384
0.646375
0.468952
0.602918
0.478785
0.559541
0.435270
0.619544
0.625046
0.544202
0.573585
0.464027
0.379163
0.556768
0.515945
0.631948
0.491622
0.552338
0.680743
0.381391
0.440697
0.614532
0.585508
0.603420
0.518371
0.345913
0.773664
0.552740
0.489327
0.523636
0.592318
0.449371
0.360583
0.399610
0.362166
0.541316
0.763665
0.240356
0.559182
0.427613
0.334635
0.379746
0.565360
0.491928
0.420123
0.645378
0.360330
0.473772
0.631633
0.419652
0.500466
0.506516
0.589441
0.522025
0.572036
0.462926
0.656751
0.700568
0.477316
0.444860
0.800646
0.575133
0.684346
0.532041
0.699921
0.456654
0.448138
0.414931
0.460859
0.622628
0.688771
0.397801
0.533500
0.456343
0.512780
0.538703
0.433769
0.610290
0.470573
0.654654
0.419336
0.435105
0.589363
0.500926
0.623916
0.398694
0.604606
0.604342
0.603521
0.721053
0.758901
0.525751
0.509698
0.756550
0.714305
0.665611
0.631218
0.714173
0.441015
0.518523
0.558397
0.501280
0.654667
0.714950
0.488246
0.517216
0.510295
0.556739
0.641488
0.599276
0.608852
0.530941
0.645773
0.512322
0.412174
0.528796
0.541549
0.695885
0.663622
0.603049
0.564310
0.738244
0.742133
0.651164
0.533168
0.742287
0.755968
0.694463
0.591143
0.716630
0.599782
0.618568
0.655823
0.548514
0.689056
0.703782
0.605087
0.645909
0.585275
0.612133
0.712198
0.725872
0.604191
0.616370
0.629179
0.583556
0.499083
0.408916
0.551964
0.757252
0.623838
0.631319
0.643422
0.689350
0.466202
0.374516
0.781721
0.644308
0.600926
0.570894
0.618247
0.342528
0.437500
0.344264
0.534459
0.620471
0.745083
0.346178
0.632728
0.488146
0.431407
0.354686
0.596424
0.589455
0.476452
0.694911
0.331152
0.409021
0.665257
0.502676
0.575050
0.638277
0.710152
0.647172
0.719932
0.450335
0.797856
0.718390
0.594018
0.596688
0.716254
0.638625
0.525709
0.680150
0.464945
0.663952
0.777350
0.496845
0.584588
0.389881
0.451524
0.680225
0.599447
0.535619
0.475759
0.546398
0.522393
0.432348
0.500999
0.515921
0.565948
0.704258
0.551450
0.565888
0.484288
0.685664
0.751117
0.742670
0.437280
0.669724
0.619638
0.533794
0.577457
0.591059
0.641616
0.593276
0.551304
0.613590
0.589419
0.649956
0.652917
0.529087
0.721007
0.593177
0.747764
0.538333
0.492652
0.621463
0.600731
0.709839
0.658087
0.625275
0.598254
0.803333
0.730986
0.755922
0.650440
0.697373
0.663436
0.631399
0.609145
0.665232
0.722008
0.769071
0.644710
0.690327
0.635003
0.650405
0.778069
0.698284
0.676679
0.654497
0.607262
0.575372
0.623486
0.753786
0.603254
0.748466
0.719817
0.557158
0.573882
0.716533
0.581939
0.429185
0.751784
0.648605
0.531243
0.649555
0.527725
0.592159
0.701413
0.574966
0.681755
0.586589
0.589617
0.661475
0.724840
0.606950
0.705036
0.590842
0.574172
0.651652
0.684102
0.536090
0.541789
0.496751
0.856955
0.495924
0.722249
0.553319
0.593493
0.406028
0.410603
0.349594
0.519217
0.534578
0.757285
0.428208
0.502916
0.497954
0.569266
0.522581
0.513716
0.678404
0.444042
0.733792
0.451474
0.458930
0.675524
0.527145
0.686357
0.761791
0.591870
0.510369
0.462303
0.561530
0.445438
0.344054
0.412833
0.396426
0.537744
0.665410
0.289501
0.520785
0.387212
0.395149
0.461943
0.439756
0.525214
0.408678
0.576679
0.351835
0.339582
0.546082
0.372732
0.518310
0.830128
0.804525
0.646108
0.898246
0.841368
0.785925
0.777370
0.744959
0.760736
0.831358
0.760551
0.813667
0.751027
0.700962
0.770324
0.896414
0.770434
0.872831
0.677870
0.770828
0.797752
0.776841
0.703017
0.727036
0.648046
0.579469
0.741007
0.511425
0.416918
0.484750
0.530503
0.590903
0.845734
0.482033
0.625422
0.610178
0.618863
0.571069
0.537501
0.662762
0.547453
0.696578
0.518162
0.640265
0.684361
0.525924
0.718907
0.579755
0.726469
0.612199
0.527730
0.641151
0.445715
0.630033
0.830538
0.527866
0.677112
0.595481
0.466156
0.573988
0.749485
0.444543
0.602101
0.595416
0.510405
0.601186
0.672420
0.392174
0.555127
0.730125
0.507275
0.375808
0.530746
0.419886
0.621288
0.659868
0.439480
0.579108
0.520987
0.496073
0.573665
0.564153
0.558701
0.566570
0.624653
0.440434
0.511536
0.590946
0.445578
0.583869
0.620348
0.636176
0.529384
0.634733
0.396675
0.820310
0.631468
0.498686
0.714914
0.668316
0.700712
0.713800
0.794475
0.627426
0.690233
0.656988
0.577558
0.817886
0.576155
0.733726
0.366147
0.336152
0.411122
0.496226
0.758616
0.341650
0.500177
0.490753
0.499844
0.467050
0.484547
0.568171
0.407251
0.719997
0.369328
0.367982
0.663780
0.480958
0.660497
0.299992
0.336877
0.527033
0.714053
0.285096
0.501498
0.413635
0.368123
0.395444
0.393589
0.537120
0.417715
0.597238
0.301289
0.409287
0.615199
0.382698
0.573600
0.513163
0.544973
0.771367
0.358038
0.539534
0.502353
0.500802
0.420199
0.489585
0.640520
0.433800
0.664317
0.381382
0.407026
0.732871
0.512421
0.654282
0.482770
0.782603
0.368470
0.460168
0.416360
0.345739
0.514955
0.511836
0.433164
0.384030
0.630790
0.468638
0.464631
0.544513
0.336265
0.491575
0.797844
0.572954
0.607135
0.631973
0.611373
0.663367
0.611389
0.690803
0.627680
0.738689
0.599922
0.580688
0.767789
0.531296
0.660541
0.750834
0.737286
0.694080
0.817111
0.706034
0.730863
0.846167
0.817845
0.736476
0.695133
0.670197
0.728767
0.700120
0.843472
0.518297
0.417407
0.329100
0.341867
0.436821
0.518170
0.360838
0.657686
0.253559
0.377665
0.585601
0.401884
0.537158
0.511485
0.567909
0.642185
0.605325
0.635612
0.461867
0.601900
0.542730
0.516361
0.635541
0.560269
0.669891
0.408796
0.514188
0.504475
0.581711
0.381958
0.536036
0.382877
0.412519
0.478463
0.486359
0.606275
0.445596
0.645897
0.504991
0.452407
0.576170
0.388198
0.486207
0.601664
0.391108
0.482941
0.625383
0.682273
0.577872
0.737741
0.366257
0.511464
0.685868
0.541764
0.600694
0.712299
0.475337
0.803550
0.497495
0.454174
0.738147
0.585001
0.711367
0.504038
0.587410
0.514390
0.592277
0.557013
0.505865
0.619945
0.680548
0.445313
0.416136
0.565266
0.497677
0.669794
0.610306
0.603501
0.533592
0.506523
0.688553
0.383787
0.575928
0.469105
0.570102
0.567625
0.446567
0.588929
0.553191
0.633634
0.486884
