0.495363
0.437819
0.743294
0.487122
0.701994
0.459720
0.540351
0.664063
0.716701
0.522250
0.544646
0.528273
0.633443
0.689020
0.637664
0.754881
0.595282
0.623356
0.586817
0.697477
0.459991
0.756427
0.556712
0.591745
0.655625
0.732203
0.522792
0.466759
0.679989
0.508042
0.510809
0.767959
0.605945
0.574604
0.474001
0.572623
0.500083
0.691699
0.753672
0.613579
0.590392
0.732171
0.675229
0.626633
0.525649
0.544138
0.400478
0.749205
0.371326
0.635738
0.733263
0.644661
0.645457
0.452696
0.667714
0.635929
0.630954
0.641588
0.476767
0.657183
0.565390
0.540545
0.540942
0.846357
0.494146
0.628818
0.608261
0.776752
0.610704
0.853610
0.587120
0.464058
0.733217
0.626004
0.585455
0.535414
0.637893
0.521353
0.308523
0.720653
0.591630
0.655166
0.576453
0.726147
0.475731
0.730180
0.820721
0.749261
0.633073
0.752164
0.758891
0.734441
0.645592
0.581665
0.597780
0.669925
0.534341
0.773519
0.778790
0.679488
0.618137
0.651078
0.706757
0.809463
0.646347
0.684912
0.348469
0.540029
0.735652
0.627918
0.829864
0.539171
0.667325
0.696218
0.749583
0.676096
0.805744
0.675398
0.495276
0.730348
0.783185
0.640445
0.436224
0.714160
0.590646
0.548908
0.796547
0.689107
0.671386
0.585530
0.695658
0.595496
0.709417
0.782792
0.660836
0.725837
0.679531
0.636614
0.763779
0.690718
0.532428
0.461983
0.693420
0.608703
0.724384
0.508216
0.758755
0.708631
0.568455
0.685833
0.688476
0.844052
0.770983
0.708936
0.799866
0.753566
0.596973
0.761863
0.775743
0.701022
0.813245
0.617105
0.786749
0.827604
0.636889
0.682533
0.804475
0.627381
0.833999
0.706799
0.751636
0.741755
0.796116
0.571423
0.747518
0.715277
0.744099
0.637372
0.715266
0.768422
0.664121
0.762228
0.570725
0.631534
0.691240
0.739519
0.823068
0.767087
0.678637
0.681497
0.680212
0.632875
0.655836
0.697864
0.651249
0.376982
0.695431
0.699515
0.663943
0.704654
0.779465
0.740474
0.704081
0.663423
0.636618
0.730414
0.549876
0.770246
0.641501
0.635684
0.775039
0.741019
0.631896
0.653197
0.717227
0.612257
0.652560
0.729482
0.568892
0.683574
0.586580
0.652365
0.706701
0.739196
0.761671
0.628101
0.738411
0.735048
0.779925
0.471525
0.713980
0.599888
0.628952
0.691328
0.535664
0.720476
0.725712
0.563489
0.662739
0.688584
0.702700
0.689690
0.577735
0.737814
0.721583
0.735153
0.639572
0.734435
0.669232
0.802681
0.575817
0.715779
0.723294
0.694223
0.715567
0.754408
0.649371
0.774771
0.723082
0.714740
0.632168
0.666436
0.596364
0.689886
0.713409
0.724312
0.609414
0.755076
0.775568
0.720690
0.730935
0.578649
0.662704
0.611381
0.783826
0.791001
0.678389
0.633134
0.666525
0.557438
0.568695
0.671456
0.503029
0.591258
0.659721
0.687257
0.554019
0.549778
0.791129
0.575738
0.500942
0.490873
0.737010
0.543194
0.821623
0.552544
0.595313
0.585857
0.618091
0.538967
0.611531
0.600868
0.383289
0.425974
0.795053
0.453256
0.581883
0.542411
0.702355
0.541464
0.568487
0.749370
0.634387
0.473982
0.779398
0.671329
0.668387
0.526850
0.561134
0.492922
0.593848
0.442766
0.676303
0.642215
0.625057
0.676232
0.542193
0.676030
0.682297
0.702986
0.794545
0.501173
0.549569
0.643949
0.698698
0.459581
0.701163
0.678565
0.684992
0.765037
0.641893
0.557880
0.549998
0.644993
0.453269
0.668155
0.688193
0.499948
0.656817
0.674609
0.615824
0.617474
0.663016
0.814832
0.584059
0.657145
0.791823
0.738465
0.637296
0.692416
0.576684
0.536985
0.675155
0.511001
0.615768
0.659572
0.687288
0.633955
0.644923
0.597238
0.561198
0.756408
0.566185
0.547783
0.509580
0.821400
0.566220
0.795006
0.678891
0.655563
0.624202
0.665661
0.704229
0.696274
0.595006
0.619581
0.680457
0.683645
0.365465
0.608334
0.549686
0.784265
0.599705
0.647610
0.736479
0.685982
0.651266
0.560464
0.556054
0.510880
0.793524
0.676425
0.673307
0.463958
0.549216
0.698305
0.807011
0.712009
0.726233
0.744650
0.711162
0.832642
0.680131
0.696401
0.667397
0.683140
0.636880
0.829693
0.798348
0.745739
0.753786
0.676751
0.677916
0.795427
0.690951
0.671176
0.676239
0.799398
0.515408
0.673633
0.739387
0.787035
0.744909
0.711883
0.655651
0.655352
0.767750
0.718996
0.755547
0.546383
0.695556
0.765809
0.784899
0.582600
0.690904
0.673482
0.673344
0.543215
0.659934
0.719791
0.750158
0.714428
0.731751
0.578268
0.824744
0.519793
0.723889
0.673850
0.520174
0.676267
0.773085
0.589463
0.651415
0.614939
0.617723
0.628504
0.659437
0.499193
0.657763
0.488667
0.572139
0.536887
0.622137
0.591154
0.417995
0.714528
0.671089
0.632074
0.394809
0.675742
0.500049
0.484166
0.581622
0.461006
0.667595
0.629816
0.487194
0.671942
0.915254
0.526333
0.709405
0.533728
0.750794
0.574755
0.857471
0.492154
0.566046
0.737164
0.686671
0.631063
0.557651
0.710982
0.648949
0.506412
0.670373
0.676611
0.693410
0.498712
0.634659
0.577420
0.803768
0.891541
0.754118
0.708243
0.835776
0.780584
0.737266
0.745604
0.636857
0.591313
0.694969
0.534211
0.522499
0.675878
0.670739
0.886099
0.435167
0.559062
0.713039
0.759488
0.567322
0.857649
0.708739
0.518985
0.803621
0.706062
0.677952
0.380948
0.670945
0.518623
0.616285
0.678122
0.644570
0.679054
0.544365
0.737005
0.658028
0.725330
0.840060
0.687614
0.719761
0.758501
0.710312
0.701309
0.792447
0.431456
0.607511
0.696568
0.593602
0.589168
0.640482
0.774886
0.502142
0.740819
0.673500
0.815815
0.626461
0.833195
0.677993
0.522764
0.730451
0.647515
0.654163
0.532625
0.642179
0.627149
0.599600
0.703504
0.623427
0.729635
0.610396
0.699952
0.605971
0.717430
0.776837
0.630946
0.772009
0.610392
0.609802
0.623479
0.731052
0.468538
0.645347
0.646890
0.596048
0.684742
0.885522
0.596082
0.576625
0.474323
0.819873
0.631087
0.844707
0.687879
0.645922
0.772057
0.641800
0.606935
0.602215
0.562432
0.512481
0.508875
0.660210
0.546773
0.705643
0.620903
0.786206
0.702590
0.671996
0.864317
0.745880
0.744331
0.794998
0.700113
0.628058
0.732568
0.663784
0.665103
0.611717
0.588890
0.757657
0.580796
0.616248
0.647521
0.771053
0.666797
0.887581
0.706897
0.582223
0.593729
0.702737
0.643768
0.672148
0.661559
0.619780
0.578607
0.764128
0.600677
0.635913
0.642043
0.676461
0.609070
0.613579
0.871827
0.765736
0.646536
0.649929
0.615303
0.723013
0.714289
0.691351
0.670793
0.572539
0.619726
0.899724
0.839499
0.821488
0.843404
0.730238
0.877499
0.877258
0.780098
0.651917
0.890662
0.727202
0.950744
0.837966
0.797148
0.866740
0.905110
0.736024
0.840378
0.863905
0.817540
0.818190
0.767948
0.836230
0.782231
0.863924
0.719457
0.761224
0.761025
0.762813
0.869340
0.805458
0.668047
0.706442
0.607596
0.640692
0.793118
0.560778
0.774204
0.717948
0.466626
0.711874
0.535217
0.661299
0.400218
0.637949
0.483797
0.487564
0.822921
0.504550
0.699076
0.621904
0.702942
0.561136
0.703066
0.842565
0.749583
0.713108
0.757715
0.724416
0.697347
0.708396
0.443016
0.659466
0.662056
0.560395
0.559422
0.754354
0.626074
0.900118
0.657111
0.684456
0.707216
0.708773
0.668982
0.595006
0.579119
0.394084
0.608321
0.717520
0.500018
0.685864
0.619338
0.768916
0.696355
0.508653
0.862392
0.687790
0.629509
0.785631
0.636253
0.674910
0.762255
0.618838
0.589012
0.589395
0.619122
0.687428
0.628671
0.816451
0.620291
0.689812
0.560549
0.685454
0.541368
0.692441
0.663531
0.565014
0.604773
0.675301
0.456104
0.599175
0.510493
0.672946
0.596849
0.610770
0.776763
0.631240
0.618478
0.684850
0.512272
0.404904
0.681543
0.710001
0.587109
0.394283
0.498426
0.797570
0.954754
0.810866
0.774663
0.737512
0.742764
0.691176
0.806839
0.788311
0.675303
0.680727
0.762367
0.659564
0.795670
0.755709
0.720396
0.786206
0.783218
0.889645
0.702648
0.842959
0.894504
0.799020
0.727429
0.730836
0.819276
0.690378
0.674438
0.700990
0.733534
0.581060
0.654268
0.703893
0.678913
0.468596
0.555224
0.651125
0.587942
0.629402
0.662042
0.589127
0.651178
0.661525
0.657141
0.563770
0.642799
0.759945
0.603678
0.572098
0.718966
0.709751
0.512379
0.667865
0.577698
0.470660
0.615555
0.382649
0.855606
0.808886
0.838035
0.795825
0.828967
0.834467
0.845236
0.793469
0.855473
0.926246
0.652647
0.864702
0.810109
0.636267
0.735693
0.846331
0.865125
0.709174
0.913221
0.806816
0.837804
0.713109
0.740458
0.758231
0.689019
0.869104
0.748835
0.674226
0.752593
0.767466
0.692034
0.635011
0.663252
0.644519
0.604501
0.801210
0.672935
0.609031
0.625567
0.709810
0.606803
0.745366
0.827912
0.723662
0.612701
0.803593
0.757448
0.769501
0.721509
0.698823
0.627956
0.738110
0.609209
0.689100
0.748052
0.621263
0.417846
0.639449
0.546879
0.441512
0.732819
0.609723
0.726921
0.537095
0.634558
0.567111
0.754980
0.748372
0.577755
0.774233
0.662640
0.649413
0.689965
0.666535
0.445643
0.620387
0.624969
0.563666
0.767447
0.645094
0.844028
0.684123
0.671898
0.745557
0.845660
0.577243
0.688254
0.691789
0.667926
0.608205
0.576540
0.770483
0.664511
0.733464
0.734050
0.604417
0.653266
0.587243
0.796733
0.690084
0.517694
0.611829
0.745277
0.690678
0.714901
0.513967
0.609364
0.770019
0.604735
0.820132
0.744362
0.804064
0.769684
0.706047
0.936831
0.825587
0.770532
0.836702
0.785449
0.641603
0.827122
0.708351
0.751548
0.693287
0.643306
0.660093
0.704512
0.613159
0.626005
0.644195
0.553429
0.636173
0.672932
0.665153
0.527245
0.683477
0.772873
0.596811
0.743919
0.664216
0.662529
0.680452
0.624544
0.660878
0.527054
0.606056
0.440663
0.630537
0.485061
0.467207
0.792491
0.672422
0.712552
0.552679
0.746844
0.631879
0.816639
0.860727
0.667824
0.619204
0.764951
0.729966
0.726523
0.773678
0.376410
0.588297
0.782584
0.561145
0.596136
0.585725
0.703598
0.558906
0.621714
0.626041
0.721914
0.627959
0.644358
0.837219
0.648023
0.655549
0.667268
0.596138
0.642212
0.748883
0.662253
0.626738
0.573434
0.582479
0.398911
0.750358
0.416348
0.638456
0.591059
0.677635
0.622008
0.561799
0.817098
0.639198
0.626281
0.823647
0.701000
0.588565
0.577541
0.504828
0.475317
0.594336
0.482740
0.817343
0.576038
0.653277
0.564071
0.687315
0.577081
0.711859
0.798342
0.761016
0.704255
0.748732
0.777841
0.726371
0.641000
0.518351
0.622503
0.709184
0.571076
0.710505
0.788281
0.706375
0.800104
0.691465
0.805589
0.924403
0.727373
0.760889
0.783909
0.726920
0.651406
0.873566
0.816989
0.709205
0.716040
0.637377
0.647629
0.509655
0.568688
0.515386
0.534267
0.648430
0.499715
0.680704
0.618527
0.539016
0.417665
0.606811
0.577579
0.561453
0.376698
0.446221
0.634665
0.675212
0.658065
0.681590
0.739749
0.685431
0.597025
0.685137
0.701206
0.721679
0.660941
0.681856
0.630666
0.676873
0.594252
0.556804
0.632702
0.745292
0.717357
0.615278
0.725769
0.586132
0.560640
0.642335
0.758034
0.543211
0.594068
0.655470
0.564389
0.713561
0.668415
0.686841
0.572954
0.803175
0.741917
0.727146
0.594963
0.648383
0.696633
0.586791
0.699936
0.629478
0.644231
0.807991
0.639057
0.608601
0.738227
0.637961
0.653431
0.632913
0.620259
0.497182
0.602579
0.450235
0.811806
0.631066
0.735358
0.764209
0.603902
0.621926
0.734681
0.720382
0.636196
0.526599
0.572192
0.498274
0.860334
0.803045
0.803004
0.688846
0.736028
0.719382
0.752227
0.749862
0.758113
0.709281
0.683204
0.607071
0.539107
0.631792
0.529366
0.538885
0.597638
0.550665
0.849470
0.714412
0.747685
0.704122
0.771789
0.581127
0.740162
0.583659
0.309654
0.681253
0.809619
0.697944
0.753188
0.704471
0.737165
0.565852
0.739620
0.703671
0.658747
0.566947
0.610828
0.702976
0.700989
0.600950
0.378811
0.506534
0.691291
0.536210
0.684690
0.448191
0.590899
0.737500
0.517363
0.653437
0.372313
0.521591
