0.046897
0.167178
0.060423
0.087741
0.034456
0.101974
0.098053
0.023405
0.115405
0.049216
0.062547
0.137912
0.094095
0.139211
0.056933
0.016499
0.046257
0.159936
0.009884
0.094536
0.018275
0.081607
0.023497
0.026479
0.026247
0.048359
0.021057
0.067728
0.028078
0.052861
0.085995
0.091414
0.032718
0.025772
0.069012
0.187383
0.117908
0.021192
0.015734
0.028504
0.043644
0.035401
0.077522
0.137819
0.167923
0.038206
0.085913
0.106483
0.031639
0.101227
0.047922
0.063996
0.115035
0.059022
0.049443
0.049196
0.056638
0.100471
0.059897
0.175750
0.054296
0.087560
0.042553
0.042232
0.085346
0.193602
0.062787
0.047471
0.083901
0.100463
0.085737
0.032518
0.051735
0.090366
0.056575
0.046406
0.077030
0.074447
0.054804
0.039855
0.046809
0.061451
0.117585
0.115260
0.110095
0.059156
0.068814
0.048995
0.064999
0.044241
0.058636
0.082553
0.122405
0.014376
0.058783
0.050008
0.033913
0.129873
0.041569
0.265153
0.018772
0.032306
0.140615
0.015105
0.220117
0.106766
0.154668
0.029111
0.017546
0.074150
0.117568
0.147264
0.201432
0.189129
0.026247
0.213463
0.090417
0.235224
0.108552
0.177911
0.244760
0.164310
0.061288
0.229041
0.213006
0.032727
0.028507
0.091257
0.159960
0.156029
0.074012
0.090191
0.176964
0.181008
0.168783
0.187612
0.093970
0.036317
0.020907
0.046732
0.088615
0.040615
0.028870
0.085356
0.076607
0.103968
0.076820
0.090602
0.042152
0.079575
0.058375
0.108879
0.161968
0.084837
0.110818
0.083087
0.051403
0.068305
0.162234
0.075506
0.068469
0.075032
0.104569
0.065558
0.040212
0.043368
0.076483
0.045376
0.083147
0.086012
0.026768
0.070711
0.069524
0.064431
0.038407
0.119010
0.140533
0.103431
0.051148
0.063000
0.057618
0.048962
0.062213
0.076290
0.099048
0.170692
0.051161
0.065092
0.065950
0.060406
0.147113
0.017232
0.019180
0.057044
0.018478
0.108474
0.081243
0.071053
0.011230
0.022994
0.030935
0.055536
0.051314
0.096597
0.096400
0.033214
0.101736
0.048429
0.121942
0.040863
0.092078
0.132710
0.069543
0.019659
0.119067
0.133860
0.004340
0.026597
0.031037
0.064954
0.055828
0.139339
0.028252
0.073072
0.094580
0.096483
0.125896
0.043602
0.017241
0.016007
0.038898
0.044050
0.011915
0.031463
0.032272
0.186106
0.167997
0.036310
0.200617
0.033460
0.111680
0.153793
0.168968
0.215709
0.114477
0.065520
0.052711
0.162202
0.027712
0.180542
0.025502
0.122456
0.012442
0.060687
0.037780
0.028487
0.038969
0.124383
0.020750
0.069335
0.150274
0.170274
0.083249
0.044638
0.084011
0.296541
0.150869
0.028616
0.026781
0.058751
0.081860
0.067740
0.149669
0.211423
0.235175
0.099949
0.153294
0.195873
0.086734
0.023196
0.078005
0.006734
0.148437
0.080183
0.119304
0.012633
0.016058
0.048098
0.058496
0.091858
0.161971
0.119998
0.010167
0.140824
0.065013
0.155681
0.061639
0.114214
0.167940
0.099344
0.036303
0.158012
0.139788
0.012195
0.014212
0.041596
0.092716
0.109573
0.082683
0.061306
0.109175
0.113490
0.098210
0.132848
0.057567
0.015962
0.020801
0.056642
0.047660
0.012442
0.019236
0.046284
0.074570
0.014541
0.130801
0.068326
0.101571
0.010058
0.018740
0.026913
0.067977
0.074855
0.131079
0.110520
0.032592
0.123436
0.073080
0.144093
0.046742
0.100110
0.156797
0.087412
0.016128
0.130203
0.153014
0.013530
0.017387
0.045665
0.088447
0.082958
0.114734
0.060157
0.094616
0.106048
0.105775
0.124896
0.043296
0.021295
0.017918
0.027326
0.039483
0.026718
0.027628
0.034491
0.088485
0.028138
0.075174
0.106291
0.071071
0.108517
0.055085
0.020041
0.023128
0.119293
0.027818
0.077499
0.026570
0.066723
0.024058
0.020629
0.025919
0.036980
0.016424
0.048929
0.032370
0.044761
0.057612
0.074127
0.030553
0.012706
0.058964
0.194083
0.071352
0.012527
0.025190
0.024778
0.068141
0.029928
0.063287
0.102443
0.138518
0.039283
0.060237
0.092433
0.034804
0.156050
0.082951
0.130453
0.008665
0.013451
0.042077
0.072906
0.100775
0.165724
0.134620
0.015825
0.151614
0.081054
0.167571
0.061454
0.115806
0.176524
0.108806
0.030679
0.163219
0.149912
0.010175
0.007857
0.053888
0.101869
0.115317
0.081901
0.070138
0.114925
0.124227
0.114847
0.133050
0.058923
0.017149
0.011577
0.044576
0.047679
0.020360
0.012039
0.048423
0.131428
0.113289
0.131848
0.175469
0.105289
0.061447
0.027440
0.103630
0.051485
0.152071
0.021245
0.109284
0.021660
0.045745
0.039297
0.048856
0.022765
0.100219
0.038619
0.047164
0.112035
0.138515
0.071152
0.016968
0.063576
0.273057
0.106512
0.021614
0.034895
0.068465
0.077043
0.070066
0.117795
0.162287
0.196012
0.093676
0.112409
0.151788
0.075536
0.171411
0.075635
0.092562
0.041412
0.067728
0.102448
0.195882
0.076640
0.067768
0.103655
0.091248
0.109835
0.043048
0.079406
0.122190
0.089838
0.059661
0.087616
0.136681
0.073155
0.054846
0.070122
0.101310
0.108480
0.132760
0.110619
0.081641
0.079114
0.100914
0.096896
0.024348
0.066478
0.087206
0.106229
0.037040
0.089123
0.077238
0.040471
0.099567
0.107728
0.114416
0.113257
0.046465
0.024087
0.124963
0.154737
0.111515
0.083668
0.145439
0.104100
0.146003
0.179334
0.092556
0.096155
0.138087
0.213726
0.084483
0.143061
0.077835
0.093190
0.032160
0.292163
0.057618
0.104485
0.127555
0.155170
0.199604
0.112700
0.099604
0.112215
0.102318
0.142217
0.081360
0.144941
0.092248
0.018485
0.024324
0.057394
0.075043
0.133746
0.107891
0.027610
0.121574
0.068957
0.139451
0.046498
0.096965
0.151292
0.086937
0.012754
0.134224
0.145368
0.005921
0.012740
0.036727
0.082466
0.079600
0.114604
0.061408
0.091037
0.100544
0.099183
0.122740
0.044862
0.010897
0.015004
0.030491
0.040675
0.018300
0.021683
0.030988
0.058366
0.093456
0.101154
0.146809
0.147656
0.026331
0.171009
0.070830
0.191455
0.080674
0.144639
0.205806
0.123273
0.047106
0.182556
0.187965
0.018125
0.027424
0.063529
0.122243
0.111416
0.089463
0.060828
0.139311
0.149567
0.138640
0.169499
0.069708
0.030840
0.012914
0.036445
0.068134
0.019915
0.023035
0.062697
0.050783
0.064189
0.136224
0.068537
0.052145
0.083549
0.076513
0.094711
0.022383
0.056426
0.101157
0.065529
0.009910
0.083176
0.122072
0.027539
0.027975
0.039188
0.070046
0.058759
0.147191
0.076796
0.056165
0.065912
0.089113
0.077530
0.019482
0.024979
0.043663
0.051566
0.021314
0.049518
0.045443
0.015250
0.041332
0.149457
0.024254
0.063103
0.038517
0.067255
0.046742
0.027024
0.044295
0.075834
0.026305
0.048863
0.053659
0.061835
0.052967
0.061354
0.012755
0.022112
0.068858
0.160355
0.092926
0.033296
0.026893
0.020886
0.067642
0.034544
0.045785
0.098974
0.131174
0.032737
0.049479
0.074633
0.024404
0.052764
0.041422
0.103127
0.028678
0.052866
0.044725
0.031804
0.048924
0.068343
0.018535
0.057216
0.046079
0.085618
0.058699
0.096803
0.032412
0.017626
0.019440
0.231143
0.049074
0.024094
0.044436
0.062049
0.096392
0.044612
0.069988
0.099095
0.116632
0.065854
0.056020
0.103068
0.041512
0.148473
0.189197
0.114535
0.108723
0.149792
0.113975
0.151293
0.175934
0.097001
0.121625
0.138823
0.214067
0.111022
0.176164
0.116958
0.099824
0.043141
0.332286
0.062058
0.103612
0.153148
0.187311
0.210358
0.134124
0.141425
0.133539
0.136635
0.159384
0.112286
0.167360
0.114702
0.116264
0.021230
0.083082
0.020434
0.035591
0.033457
0.043398
0.018664
0.081224
0.020507
0.064706
0.098151
0.114006
0.036404
0.030198
0.065075
0.217687
0.119571
0.025264
0.022394
0.025948
0.062043
0.042074
0.096660
0.151273
0.176903
0.049822
0.093633
0.124632
0.038692
0.142499
0.064543
0.151189
0.062369
0.106461
0.158290
0.100389
0.048779
0.152959
0.125342
0.024482
0.017073
0.054672
0.099018
0.130939
0.052294
0.074811
0.110606
0.116763
0.093387
0.117656
0.055515
0.030025
0.032195
0.082758
0.037939
0.021837
0.017118
0.050831
0.095736
0.016518
0.036605
0.037045
0.048830
0.014860
0.086295
0.020441
0.062534
0.106009
0.132368
0.050182
0.015027
0.049187
0.259130
0.113394
0.014080
0.022975
0.052500
0.068714
0.056327
0.108609
0.162971
0.184969
0.073843
0.107712
0.142581
0.051138
0.116293
0.070466
0.110864
0.130366
0.069546
0.073574
0.117367
0.138590
0.054033
0.087023
0.051728
0.078944
0.066573
0.161736
0.042352
0.087883
0.103479
0.095445
0.146530
0.060697
0.064422
0.076496
0.104443
0.078867
0.044117
0.082826
0.063840
0.042416
0.022712
0.020433
0.021459
0.101221
0.018852
0.040771
0.123752
0.141646
0.065786
0.023637
0.078976
0.264936
0.136480
0.015335
0.019262
0.040210
0.056331
0.058893
0.123619
0.180392
0.215895
0.075075
0.124883
0.158441
0.065565
0.023609
0.057329
0.023221
0.027189
0.038289
0.063078
0.038717
0.043287
0.026220
0.023865
0.047906
0.159050
0.070581
0.018259
0.028534
0.053118
0.050224
0.011309
0.040082
0.067459
0.093792
0.019637
0.050044
0.055628
0.011453
0.026299
0.032045
0.067219
0.031941
0.039616
0.089628
0.088576
0.057408
0.033011
0.077035
0.202604
0.121665
0.019779
0.020774
0.043256
0.025126
0.037238
0.084010
0.131949
0.168660
0.045739
0.095728
0.108457
0.045159
0.044381
0.112045
0.034015
0.048184
0.135574
0.148886
0.090884
0.052492
0.106131
0.274546
0.143943
0.031197
0.043077
0.053226
0.068886
0.067928
0.141716
0.186607
0.226631
0.083458
0.139329
0.172048
0.085146
0.067199
0.025406
0.048692
0.071395
0.095761
0.031838
0.009058
0.046544
0.206504
0.080264
0.012104
0.026768
0.036908
0.063412
0.041840
0.079689
0.118636
0.153601
0.047688
0.068669
0.098749
0.033254
0.093687
0.127609
0.016747
0.024340
0.034433
0.063277
0.056352
0.156273
0.064312
0.058926
0.072149
0.084597
0.099285
0.027093
0.018197
0.033579
0.036288
0.031291
0.038450
0.044307
0.020208
0.075039
0.119526
0.135214
0.067872
0.034581
0.070991
0.262106
0.134945
0.018570
0.030963
0.052257
0.076099
0.051611
0.129953
0.173139
0.196395
0.066423
0.127991
0.151053
0.054964
0.131039
0.129014
0.088104
0.043293
0.146947
0.206131
0.155158
0.052376
0.053521
0.050412
0.047352
0.086102
0.125785
0.178182
0.246350
0.082965
0.122600
0.136962
0.093464
0.015791
0.032607
0.067659
0.067314
0.115585
0.041544
0.074779
0.092030
0.094707
0.119214
0.039604
0.013580
0.012462
0.038581
0.038216
0.012408
0.019830
0.028701
0.049769
0.091529
0.109845
0.079403
0.081398
0.094211
0.097405
0.101303
0.101130
0.039494
0.013691
0.021248
0.053917
0.031721
0.030451
0.014642
0.035696
0.030158
0.048223
0.156398
0.066378
0.043774
0.038830
0.042111
0.084701
0.032827
0.030953
0.069547
0.089054
0.034918
0.028017
0.059593
0.016953
0.050138
0.214073
0.081340
0.012114
0.026544
0.036522
0.067121
0.046976
0.073297
0.115427
0.151308
0.053808
0.065823
0.098167
0.038384
0.270268
0.056279
0.046098
0.066756
0.110776
0.122090
0.057823
0.071717
0.102499
0.095459
0.086223
0.076500
0.120940
0.048198
0.207572
0.230307
0.215793
0.193240
0.178023
0.144274
0.116154
0.112089
0.181768
0.117958
0.108301
0.057854
0.140627
0.086126
0.127685
0.126989
0.170925
0.074098
0.063790
0.050527
0.077223
0.083434
0.039098
0.084867
0.072211
0.021936
0.044710
0.058155
0.036354
0.081228
0.122231
0.154373
0.045927
0.085061
0.110274
0.035828
0.041597
0.040045
0.038484
0.079159
0.144086
0.168617
0.059284
0.096422
0.122423
0.041118
0.074966
0.061192
0.093941
0.146952
0.189050
0.053004
0.081729
0.117364
0.056993
0.064916
0.099473
0.155793
0.201239
0.065567
0.122440
0.115043
0.066487
0.037299
0.062649
0.082043
0.023742
0.052795
0.057979
0.016576
0.027353
0.045182
0.042290
0.024727
0.030278
0.030890
0.027816
0.060917
0.025734
0.020947
0.055606
0.098619
0.063585
0.067293
0.073125
0.045616
0.040892
0.016887
0.026581
0.038916
0.043329
