0.563650
0.571602
0.573529
0.501559
0.653245
0.559645
0.493765
0.508702
0.657503
0.738701
0.513589
0.678458
0.651094
0.670112
0.612065
0.534298
0.503216
0.719904
0.583876
0.532013
0.695934
0.503487
0.715664
0.491984
0.519993
0.737332
0.545280
0.725591
0.611655
0.819058
0.630621
0.722765
0.383478
0.514678
0.739629
0.500280
0.773960
0.732340
0.797889
0.580114
0.535341
0.363038
0.613556
0.855515
0.742159
0.809914
0.703558
0.759367
0.620256
0.633152
0.676717
0.473196
0.672553
0.517183
0.547940
0.617815
0.732501
0.738109
0.609773
0.661408
0.815194
0.714484
0.725544
0.569541
0.628100
0.771884
0.651365
0.602353
0.706077
0.598107
0.644001
0.634342
0.730028
0.734797
0.667474
0.686249
0.558384
0.753254
0.633640
0.667027
0.565234
0.678226
0.674464
0.616609
0.700173
0.767254
0.759713
0.705393
0.762775
0.647204
0.663048
0.788139
0.652026
0.706271
0.638077
0.812340
0.648325
0.612965
0.594737
0.715540
0.623555
0.440328
0.567259
0.634086
0.715851
0.556976
0.735180
0.847632
0.772570
0.760274
0.591347
0.649723
0.804564
0.661870
0.575176
0.714097
0.325533
0.637551
0.572930
0.591390
0.759635
0.600117
0.646753
0.706868
0.731195
0.581643
0.611539
0.597018
0.431938
0.658279
0.402241
0.702520
0.740066
0.727843
0.598504
0.434274
0.698741
0.615177
0.716852
0.701521
0.755345
0.729622
0.729859
0.620686
0.625050
0.779321
0.646144
0.440785
0.552206
0.654429
0.723051
0.466457
0.758713
0.623935
0.838254
0.685269
0.593896
0.682542
0.724360
0.736180
0.667294
0.638259
0.577813
0.639024
0.590044
0.655771
0.756797
0.627299
0.708416
0.728567
0.653142
0.662321
0.654232
0.558465
0.606814
0.754463
0.621869
0.773040
0.613062
0.713585
0.528667
0.636709
0.709607
0.530360
0.678859
0.740049
0.678250
0.735279
0.633101
0.655454
0.704122
0.448526
0.501314
0.558059
0.615731
0.686729
0.618797
0.628105
0.778751
0.647883
0.627649
0.594813
0.572778
0.673492
0.636375
0.498366
0.637897
0.550375
0.541009
0.601821
0.678435
0.664598
0.406577
0.671314
0.660538
0.747777
0.554201
0.648272
0.457860
0.574565
0.565886
0.566835
0.677216
0.708673
0.730406
0.604875
0.615879
0.664060
0.632444
0.812629
0.607414
0.657254
0.556530
0.720920
0.609206
0.649516
0.612080
0.670986
0.623871
0.840962
0.589777
0.605261
0.804076
0.798149
0.516437
0.747973
0.757718
0.770503
0.639123
0.665493
0.674262
0.708726
0.585476
0.523261
0.754231
0.897225
0.717162
0.775165
0.703082
0.718548
0.759536
0.761252
0.629093
0.645572
0.765185
0.623842
0.779251
0.691164
0.750829
0.680099
0.809057
0.374681
0.738131
0.825042
0.821056
0.727147
0.818201
0.762280
0.775465
0.417177
0.517529
0.640846
0.669023
0.582675
0.475532
0.671853
0.596009
0.675437
0.449461
0.628079
0.518686
0.444597
0.381772
0.502995
0.540033
0.458402
0.583498
0.592715
0.528622
0.512864
0.428049
0.637299
0.689313
0.586284
0.580102
0.430560
0.521299
0.405258
0.541228
0.573854
0.622735
0.606752
0.479734
0.663021
0.596126
0.655137
0.664254
0.615859
0.530144
0.548593
0.695051
0.446199
0.425317
0.418298
0.548637
0.451568
0.540968
0.662692
0.544381
0.608376
0.502252
0.696293
0.683758
0.532852
0.398676
0.475669
0.379709
0.452511
0.513025
0.608754
0.655443
0.433621
0.546446
0.591527
0.634381
0.509709
0.366083
0.473537
0.412970
0.566311
0.384536
0.601642
0.580006
0.630040
0.478224
0.570053
0.528137
0.554793
0.677670
0.537445
0.640064
0.602245
0.604285
0.400282
0.630047
0.760997
0.518656
0.723133
0.772579
0.718369
0.730442
0.539712
0.805893
0.727159
0.603290
0.543610
0.680024
0.592986
0.629058
0.482535
0.642133
0.732434
0.634989
0.733261
0.678083
0.632756
0.611271
0.630476
0.548126
0.519408
0.602630
0.524746
0.801846
0.729949
0.797292
0.615822
0.737685
0.570434
0.646036
0.802673
0.739287
0.746471
0.735149
0.710695
0.662113
0.622906
0.599936
0.703745
0.772015
0.622723
0.600447
0.725180
0.855411
0.614159
0.683750
0.555296
0.663443
0.601448
0.566017
0.676007
0.784428
0.763102
0.544391
0.670774
0.732107
0.812042
0.647678
0.588954
0.661300
0.575549
0.696131
0.569735
0.804362
0.493768
0.781516
0.575567
0.685620
0.597590
0.680940
0.821553
0.768618
0.695035
0.762427
0.524696
0.612717
0.781260
0.764623
0.723989
0.636052
0.720504
0.771916
0.853017
0.755576
0.724659
0.585715
0.713770
0.627756
0.658879
0.737875
0.920943
0.654888
0.558861
0.530936
0.828921
0.860642
0.549385
0.385420
0.755672
0.660637
0.739005
0.467009
0.766668
0.873311
0.766780
0.689755
0.669313
0.743880
0.729774
0.715623
0.740417
0.746039
0.603930
0.888172
0.579125
0.721404
0.748320
0.793300
0.698057
0.560744
0.788636
0.790298
0.654298
0.595166
0.587503
0.558048
0.589453
0.483203
0.694355
0.763340
0.696842
0.704011
0.537407
0.773620
0.665247
0.629045
0.447168
0.502053
0.700669
0.565882
0.824548
0.716668
0.784115
0.544330
0.674235
0.548692
0.636372
0.737958
0.792138
0.738131
0.768674
0.769338
0.628318
0.651888
0.763841
0.685386
0.504794
0.777770
0.750875
0.620475
0.574535
0.408685
0.692725
0.531794
0.737633
0.705857
0.713787
0.497049
0.551862
0.725517
0.749961
0.662019
0.666039
0.517872
0.595811
0.572899
0.643207
0.622143
0.629226
0.569249
0.694607
0.746840
0.594249
0.800752
0.690251
0.518096
0.500711
0.752560
0.630647
0.536689
0.832944
0.806049
0.742612
0.743000
0.696488
0.661034
0.675779
0.509899
0.647807
0.694762
0.618345
0.681171
0.642502
0.622051
0.756887
0.801922
0.867313
0.722991
0.753358
0.621921
0.669027
0.753935
0.772305
0.853092
0.616081
0.717404
0.661115
0.688734
0.669317
0.784851
0.650782
0.700568
0.580881
0.653937
0.697659
0.710546
0.675435
0.765340
0.783225
0.727222
0.719248
0.625072
0.764231
0.628735
0.628182
0.770114
0.853953
0.773593
0.668359
0.703858
0.740459
0.835220
0.689925
0.676916
0.689518
0.724814
0.740170
0.645628
0.682664
0.745451
0.835082
0.674828
0.706422
0.726871
0.780345
0.856182
0.742985
0.797794
0.607989
0.812419
0.626925
0.778069
0.732152
0.741766
0.721074
0.700911
0.709733
0.664368
0.620206
0.679763
0.812755
0.824403
0.587551
0.777717
0.693685
0.826488
0.656809
0.779701
0.625080
0.661063
0.757480
0.612407
0.753279
0.694505
0.796066
0.681695
0.741293
0.528260
0.717290
0.845404
0.788808
0.769463
0.833817
0.747374
0.690977
0.742398
0.771391
0.616184
0.535996
0.593635
0.621925
0.667593
0.675866
0.648098
0.629566
0.661955
0.520139
0.662675
0.567610
0.572408
0.604252
0.386771
0.576701
0.564776
0.570847
0.653584
0.727954
0.705150
0.589376
0.644340
0.597767
0.664161
0.620797
0.694427
0.615636
0.691408
0.738111
0.572172
0.782003
0.776712
0.661813
0.770625
0.587864
0.753970
0.679587
0.653602
0.869066
0.695089
0.681841
0.728117
0.928267
0.745943
0.862898
0.580563
0.722597
0.791531
0.713586
0.763446
0.726738
0.719135
0.705829
0.490204
0.790037
0.718706
0.852300
0.693639
0.798764
0.699669
0.768329
0.734944
0.709058
0.569402
0.686404
0.669528
0.617715
0.752995
0.749038
0.587669
0.639848
0.686258
0.812639
0.871244
0.713761
0.799750
0.606677
0.705755
0.523540
0.694616
0.746511
0.431325
0.754775
0.614980
0.772122
0.770473
0.710872
0.842910
0.670074
0.615815
0.608649
0.532971
0.668052
0.426974
0.608364
0.558325
0.665586
0.616256
0.677469
0.736584
0.576157
0.649327
0.691989
0.674702
0.643169
0.670895
0.532962
0.509616
0.661985
0.569024
0.752661
0.760585
0.731565
0.628489
0.721771
0.549496
0.836268
0.754941
0.753040
0.743522
0.822011
0.758990
0.535854
0.493186
0.464448
0.560845
0.579801
0.691780
0.587707
0.513422
0.530761
0.681764
0.740786
0.619016
0.488849
0.471230
0.473144
0.475392
0.454312
0.651102
0.654425
0.712765
0.573943
0.623936
0.535484
0.650015
0.805357
0.677748
0.713616
0.639335
0.709018
0.393571
0.599223
0.384288
0.585462
0.720770
0.620419
0.531497
0.631243
0.746024
0.764794
0.665688
0.599808
0.535310
0.577236
0.573443
0.540005
0.668828
0.576004
0.573691
0.579908
0.742250
0.647920
0.712298
0.661019
0.519617
0.498021
0.734563
0.597707
0.451506
0.562026
0.534857
0.630398
0.683082
0.522341
0.639584
0.613478
0.779000
0.573861
0.605586
0.518638
0.383690
0.601838
0.488753
0.694162
0.657545
0.722995
0.565875
0.399750
0.620461
0.614653
0.776986
0.628246
0.741651
0.564071
0.718851
0.525709
0.564473
0.772031
0.687991
0.481021
0.594585
0.714229
0.761046
0.589119
0.620200
0.581591
0.553690
0.573174
0.587877
0.690505
0.580270
0.604726
0.606486
0.752351
0.679431
0.696520
0.716529
0.464672
0.513152
0.602979
0.597537
0.590859
0.610135
0.753080
0.609795
0.753095
0.673637
0.725911
0.607966
0.666957
0.540205
0.516921
0.706137
0.522358
0.806003
0.717138
0.799902
0.658774
0.631903
0.529834
0.627354
0.776235
0.796248
0.686971
0.718394
0.738485
0.658459
0.822596
0.679701
0.789977
0.745563
0.846615
0.675742
0.827649
0.523139
0.505967
0.755694
0.686521
0.822592
0.680186
0.733433
0.538780
0.570129
0.659019
0.544038
0.832296
0.695634
0.745502
0.851786
0.674198
0.686909
0.680524
0.647332
0.764507
0.844815
0.728060
0.752103
0.663698
0.728581
0.482278
0.658108
0.801631
0.878307
0.850253
0.726615
0.784216
0.778974
0.709352
0.751220
0.707617
0.641448
0.614129
0.892935
0.675016
0.573194
0.766987
0.765673
0.489534
0.599582
0.560908
0.458525
0.626383
0.477595
0.643108
0.670497
0.605351
0.620734
0.626293
0.683491
0.662094
0.660971
0.512843
0.542059
0.646955
0.637954
0.462693
0.787160
0.755595
0.640823
0.529354
0.624556
0.689084
0.560571
0.569182
0.680044
0.718385
0.530959
0.575959
0.625130
0.788179
0.667535
0.598197
0.667463
0.558291
0.639316
0.797928
0.484060
0.855168
0.719578
0.763058
0.630521
0.631601
0.795939
0.678898
0.825168
0.768022
0.837549
0.657096
0.717293
0.598584
0.767993
0.895405
0.745429
0.812490
0.730026
0.810069
0.755344
0.723209
0.674223
0.756377
0.771318
0.744938
0.771242
0.780839
0.837893
0.792774
0.812399
0.938556
0.807464
0.832938
0.684409
0.820329
0.805598
0.784953
0.823754
0.789261
0.571365
0.525413
0.548628
0.657407
0.541140
0.755258
0.735651
0.709085
0.690153
0.655594
0.716011
0.723891
0.624442
0.682046
0.636735
0.722619
0.708803
0.636239
0.644918
0.582652
0.595612
0.443985
0.595678
0.744482
0.724778
0.664382
0.749979
0.728247
0.693277
0.679487
0.753312
0.696097
0.666785
0.730950
0.504533
0.450831
0.544787
0.545014
0.704993
0.632402
0.687097
0.469407
0.530497
0.486084
0.635245
0.722820
0.667751
0.613649
0.664829
0.658801
0.553935
0.654975
0.507625
0.761508
0.648429
0.735690
0.538876
0.533844
0.542476
0.670915
0.718100
0.632199
0.722581
0.677066
0.664075
0.594489
0.619586
0.578398
0.717090
0.701976
0.728323
0.780033
0.750765
0.719063
0.737800
0.654606
0.643153
0.634394
0.718842
0.562804
0.618410
0.766636
0.718019
0.636044
0.503723
0.550812
0.637265
0.669584
0.653419
0.652357
0.711642
0.720655
0.421339
0.749321
0.643209
0.712534
0.840562
0.817523
0.737043
0.671024
0.707484
0.643523
0.751171
0.736648
0.501236
0.756344
0.531085
0.707866
0.700079
0.673012
0.830408
0.667639
0.548434
0.683020
0.141747
0.703486
0.703310
0.753579
0.840642
0.806888
0.540303
0.553745
0.569157
0.768906
0.762343
0.522109
0.601961
0.607626
0.513619
0.769014
0.725903
0.673599
0.735742
0.615591
0.550308
0.649755
0.731662
0.792627
0.746033
0.761587
0.702802
0.758049
0.594384
0.741644
0.882876
0.856256
0.805701
0.842995
0.737064
0.679301
0.847635
0.769202
0.752546
0.700779
0.656702
0.706436
0.737595
0.539674
0.702336
0.833111
0.657971
0.613759
0.639073
0.662887
0.625838
0.686629
0.582667
0.621615
0.786168
0.738932
0.722026
