0.024600
0.033876
0.045792
0.033280
0.210776
0.158849
0.093699
0.199637
0.112457
0.053341
0.109478
0.044774
0.130918
0.046165
0.248125
0.053250
0.031276
0.044541
0.130713
0.062308
0.164469
0.101410
0.226808
0.082161
0.124029
0.145167
0.056608
0.030023
0.033309
0.037667
0.291524
0.015401
0.026451
0.060773
0.060310
0.245278
0.141223
0.097645
0.123072
0.115497
0.018376
0.050132
0.202402
0.180863
0.205024
0.051383
0.067682
0.043632
0.049990
0.062838
0.067912
0.080445
0.234481
0.168137
0.112358
0.233041
0.145976
0.086134
0.123284
0.092210
0.154335
0.085722
0.285471
0.078380
0.056932
0.064687
0.130448
0.074335
0.196792
0.149188
0.282946
0.115964
0.149607
0.163092
0.097474
0.062463
0.067003
0.041415
0.331833
0.033347
0.057980
0.085424
0.092053
0.293298
0.167821
0.097623
0.192026
0.125129
0.036894
0.076417
0.232217
0.220142
0.219464
0.066026
0.108849
0.061755
0.084015
0.019756
0.017375
0.115594
0.077165
0.045759
0.110069
0.055424
0.016874
0.041296
0.025141
0.057643
0.029539
0.142384
0.016458
0.013713
0.017419
0.100342
0.022185
0.121227
0.067412
0.132073
0.037106
0.052352
0.059700
0.025459
0.009967
0.020395
0.063728
0.176790
0.025333
0.010151
0.032385
0.009911
0.145726
0.068542
0.051483
0.108855
0.051434
0.022632
0.021312
0.103824
0.091834
0.116267
0.018735
0.069153
0.007032
0.038069
0.016741
0.096827
0.062301
0.025535
0.099375
0.062682
0.029013
0.033156
0.054390
0.053479
0.016321
0.133975
0.012178
0.012525
0.027489
0.111388
0.025032
0.139967
0.096717
0.125248
0.034643
0.052283
0.059164
0.036923
0.018060
0.035174
0.047225
0.157134
0.023650
0.012614
0.017829
0.018442
0.131471
0.052082
0.043343
0.142975
0.050057
0.016869
0.018146
0.092144
0.080477
0.096411
0.022676
0.111500
0.011935
0.031241
0.125744
0.101318
0.046875
0.117968
0.072404
0.020718
0.065477
0.031809
0.073284
0.013208
0.147348
0.016056
0.016686
0.025599
0.127545
0.043110
0.130648
0.064095
0.122733
0.032014
0.060763
0.083594
0.020083
0.010124
0.023110
0.050972
0.178820
0.020335
0.008711
0.027533
0.026758
0.139458
0.077918
0.080850
0.089208
0.076929
0.021088
0.018788
0.117329
0.096623
0.126762
0.030758
0.066191
0.022933
0.040205
0.033092
0.060867
0.010338
0.042747
0.099782
0.041673
0.149873
0.024058
0.130289
0.016444
0.098600
0.113528
0.105149
0.099082
0.086971
0.088252
0.147124
0.031787
0.080608
0.030085
0.020971
0.112404
0.107254
0.149510
0.210749
0.031941
0.173380
0.113905
0.131350
0.074675
0.023060
0.028248
0.087178
0.191196
0.041566
0.161487
0.085279
0.005822
0.013808
0.013510
0.101636
0.199317
0.103100
0.152273
0.040273
0.044364
0.045849
0.082363
0.017411
0.112183
0.019162
0.096839
0.072085
0.061977
0.083779
0.082029
0.113408
0.054830
0.128636
0.150331
0.088848
0.087334
0.044601
0.017095
0.098583
0.084913
0.107155
0.168555
0.084150
0.118045
0.082510
0.099009
0.045237
0.080253
0.012797
0.031554
0.224544
0.029710
0.106951
0.076537
0.028891
0.028732
0.035900
0.080254
0.194283
0.067291
0.091433
0.069086
0.056567
0.052772
0.032367
0.087107
0.030506
0.050806
0.095254
0.028554
0.033435
0.048667
0.108649
0.028875
0.118194
0.126508
0.092602
0.054471
0.037867
0.042911
0.061356
0.041813
0.071114
0.082211
0.122571
0.059535
0.033542
0.046940
0.032593
0.092932
0.033049
0.036707
0.172019
0.031599
0.051948
0.034763
0.057624
0.053202
0.049973
0.035070
0.138532
0.036590
0.055327
0.030539
0.091446
0.046001
0.131128
0.028591
0.118396
0.012994
0.099941
0.112874
0.100738
0.093817
0.096983
0.071315
0.125663
0.022893
0.067320
0.027211
0.025088
0.099211
0.098758
0.133463
0.208757
0.027877
0.167877
0.107046
0.134179
0.073538
0.016448
0.034700
0.107569
0.158065
0.048800
0.162902
0.078463
0.012838
0.010197
0.018080
0.103496
0.181459
0.104623
0.160635
0.048566
0.029754
0.061602
0.025610
0.075580
0.060754
0.064166
0.066544
0.059529
0.054484
0.055145
0.051512
0.086866
0.064464
0.049618
0.030319
0.022254
0.062532
0.050611
0.070346
0.152341
0.086246
0.099172
0.057336
0.099702
0.032269
0.065941
0.035547
0.067772
0.108899
0.029483
0.098454
0.047801
0.041673
0.032305
0.048960
0.061782
0.112748
0.061087
0.103507
0.049188
0.022419
0.055576
0.027547
0.114548
0.021507
0.024354
0.014917
0.091970
0.035224
0.102682
0.040847
0.105803
0.019982
0.032179
0.053942
0.008224
0.012891
0.021182
0.074346
0.146408
0.039675
0.020850
0.036171
0.020095
0.117646
0.065995
0.071592
0.079579
0.057102
0.040091
0.013256
0.088854
0.078940
0.101425
0.020534
0.053249
0.021197
0.061774
0.077228
0.018272
0.063900
0.076281
0.037405
0.046817
0.048347
0.083773
0.028605
0.110044
0.113008
0.088079
0.052011
0.030595
0.014314
0.064652
0.047934
0.068024
0.127496
0.094999
0.083840
0.047504
0.059157
0.017883
0.084520
0.020795
0.028353
0.173890
0.016567
0.070710
0.039069
0.036169
0.037502
0.044655
0.044473
0.152203
0.031495
0.067130
0.082112
0.041748
0.170077
0.044664
0.048671
0.038568
0.126971
0.056341
0.125357
0.062133
0.151451
0.061273
0.074885
0.087516
0.025007
0.026544
0.012146
0.103079
0.199081
0.045942
0.031301
0.066477
0.033619
0.164031
0.088803
0.088747
0.087023
0.082940
0.048631
0.041481
0.130285
0.111986
0.152147
0.048809
0.052295
0.043950
0.058900
0.082601
0.053928
0.050308
0.062184
0.057096
0.083598
0.036157
0.079835
0.109393
0.059316
0.060324
0.018230
0.013451
0.063488
0.052996
0.080691
0.151432
0.082239
0.103782
0.057967
0.080925
0.028697
0.059022
0.011249
0.040822
0.154580
0.014340
0.091551
0.047014
0.018418
0.020552
0.024338
0.051413
0.136183
0.054047
0.087287
0.155691
0.020578
0.028409
0.038804
0.142096
0.056941
0.149007
0.079505
0.138266
0.034692
0.070180
0.087143
0.032036
0.023345
0.029317
0.054681
0.174999
0.023031
0.018872
0.028804
0.035444
0.146115
0.075498
0.085475
0.115368
0.087923
0.027038
0.026905
0.121894
0.098038
0.130870
0.044249
0.096473
0.031517
0.046906
0.128381
0.142598
0.126568
0.118362
0.125994
0.091944
0.141056
0.013960
0.083211
0.038111
0.044032
0.121565
0.130453
0.174038
0.243544
0.016536
0.210409
0.141183
0.161741
0.104899
0.009589
0.064816
0.144109
0.172979
0.074816
0.205123
0.104545
0.019145
0.024230
0.029596
0.130335
0.204973
0.134041
0.202905
0.018307
0.022920
0.116176
0.024421
0.132804
0.080320
0.121845
0.034775
0.045616
0.054336
0.029333
0.017130
0.030881
0.056120
0.158369
0.024261
0.013506
0.018940
0.017774
0.129175
0.054738
0.045466
0.131726
0.048396
0.020089
0.018580
0.090653
0.080627
0.091926
0.021018
0.089786
0.015171
0.037316
0.015490
0.090726
0.020977
0.121056
0.074774
0.129861
0.033224
0.051556
0.072086
0.029241
0.010303
0.034300
0.037352
0.182589
0.022632
0.008532
0.022653
0.020087
0.144811
0.073702
0.052247
0.116033
0.054236
0.017662
0.015415
0.107247
0.096624
0.107933
0.015228
0.080195
0.009087
0.036037
0.080148
0.028667
0.105970
0.046848
0.120209
0.025865
0.037098
0.063238
0.015495
0.011349
0.025225
0.059167
0.170104
0.036356
0.016480
0.037988
0.024666
0.134038
0.074643
0.065193
0.099251
0.051952
0.034995
0.011608
0.097034
0.090193
0.102190
0.020988
0.064104
0.017234
0.061597
0.089933
0.042177
0.102755
0.124839
0.081057
0.070338
0.081911
0.107289
0.086767
0.125814
0.155325
0.167861
0.134549
0.105008
0.141997
0.088068
0.136223
0.119432
0.112985
0.126689
0.073874
0.134552
0.078155
0.110776
0.111530
0.097614
0.090941
0.116463
0.095204
0.172806
0.120544
0.109609
0.129164
0.056414
0.045237
0.045401
0.047891
0.025221
0.046692
0.074983
0.164360
0.047317
0.024453
0.035268
0.015862
0.134848
0.050669
0.022871
0.157123
0.021425
0.032870
0.028513
0.078690
0.083176
0.079239
0.013893
0.102927
0.015165
0.041719
0.096083
0.086071
0.091831
0.066553
0.086171
0.110482
0.099918
0.142977
0.201659
0.141525
0.164472
0.119516
0.174098
0.103971
0.096672
0.110366
0.153631
0.089276
0.093007
0.171636
0.094634
0.097907
0.087878
0.087828
0.117364
0.093923
0.128385
0.194190
0.118944
0.046853
0.066876
0.109756
0.037258
0.052726
0.069334
0.138595
0.184018
0.100040
0.073926
0.104722
0.076301
0.144145
0.130733
0.159122
0.040942
0.127608
0.111140
0.056928
0.138179
0.117224
0.154776
0.085428
0.050100
0.080121
0.141700
0.075097
0.041714
0.060818
0.104689
0.115073
0.158618
0.231700
0.027304
0.195549
0.127101
0.151816
0.099470
0.009104
0.070676
0.155001
0.131417
0.089497
0.191350
0.095175
0.032354
0.024556
0.047440
0.128183
0.180337
0.129935
0.187970
0.026451
0.055987
0.023218
0.025438
0.048335
0.081927
0.113701
0.061816
0.034538
0.043789
0.035118
0.086756
0.074992
0.102429
0.079351
0.062913
0.063976
0.015337
0.078228
0.066458
0.083291
0.035391
0.085455
0.034359
0.100005
0.020288
0.035997
0.041348
0.070347
0.129563
0.070857
0.098794
0.051381
0.068487
0.033209
0.045037
0.034045
0.072040
0.108496
0.029203
0.092715
0.026403
0.025406
0.027501
0.029336
0.040326
0.104678
0.047499
0.105877
0.072218
0.064975
0.090075
0.158925
0.063080
0.112672
0.069262
0.085918
0.032487
0.053671
0.018365
0.046544
0.163971
0.020898
0.104195
0.053019
0.017755
0.022431
0.025742
0.056924
0.144998
0.054527
0.099699
0.013477
0.017921
0.078566
0.157618
0.047139
0.021975
0.043038
0.030281
0.121140
0.076166
0.092961
0.071404
0.069373
0.046853
0.014790
0.098404
0.084958
0.111120
0.030105
0.053202
0.031436
0.071933
0.016792
0.054793
0.171080
0.024092
0.005260
0.031997
0.015821
0.131264
0.067196
0.064226
0.081677
0.049688
0.022527
0.009767
0.099631
0.084974
0.104238
0.016624
0.056080
0.014302
0.046688
0.071996
0.204769
0.029169
0.018819
0.045284
0.030621
0.170379
0.088513
0.082683
0.105258
0.073984
0.029355
0.026921
0.132181
0.115335
0.145293
0.036055
0.066778
0.031818
0.053449
0.287120
0.023614
0.044900
0.045947
0.090959
0.243316
0.159151
0.114381
0.176836
0.131782
0.028273
0.058025
0.210925
0.195391
0.190875
0.053539
0.110414
0.055290
0.074675
0.246308
0.178180
0.188633
0.133966
0.013053
0.078647
0.167718
0.218098
0.109642
0.238779
0.139431
0.032114
0.034114
0.054785
0.170588
0.263158
0.167381
0.223277
0.016611
0.035875
0.045161
0.208023
0.107357
0.073451
0.137555
0.093699
0.007465
0.037221
0.166857
0.145365
0.163967
0.037619
0.078822
0.029097
0.039111
0.027927
0.017461
0.140215
0.065922
0.056876
0.104784
0.052041
0.014686
0.013339
0.105236
0.089683
0.107971
0.018794
0.072435
0.014390
0.033941
0.035766
0.158749
0.087538
0.069641
0.154331
0.074641
0.021882
0.026465
0.120672
0.118348
0.122836
0.024694
0.114830
0.023224
0.042055
0.108862
0.036698
0.034801
0.119078
0.027011
0.036133
0.020492
0.063797
0.057150
0.077303
0.021341
0.093259
0.011188
0.040055
0.064032
0.150939
0.165531
0.088393
0.202522
0.104740
0.023865
0.023745
0.037088
0.136479
0.204983
0.140002
0.192213
0.039792
0.185336
0.029473
0.096105
0.061115
0.022513
0.017691
0.034352
0.068304
0.164742
0.062792
0.076860
0.228012
0.033300
0.057033
0.067924
0.079847
0.084010
0.084727
0.050221
0.161200
0.041754
0.041482
0.171888
0.151214
0.089697
0.187914
0.157889
0.200282
0.123109
0.052543
0.132921
0.190645
0.078792
0.044116
0.038210
0.045632
0.034429
0.037992
0.140661
0.044134
0.084412
0.032866
0.152927
0.139722
0.152837
0.028256
0.091900
0.023204
0.024690
0.079350
0.072985
0.080093
0.016647
0.072984
0.018153
0.059642
0.011097
0.016924
0.094138
0.192348
0.095145
0.137410
0.025939
0.094293
0.173405
0.088499
0.127438
0.089964
0.195318
0.102207
0.153117
0.078565
0.014477
0.051467
0.089886
0.131294
0.037607
