0.048884
0.067434
0.180074
0.023617
0.060348
0.009786
0.127535
0.015795
0.028500
0.011230
0.044797
0.020123
0.009382
0.013879
0.042966
0.026592
0.051956
0.024945
0.040947
0.012218
0.034883
0.027978
0.077225
0.030547
0.011903
0.015889
0.013371
0.021287
0.111317
0.118812
0.059500
0.029465
0.007925
0.075922
0.181576
0.078128
0.081041
0.031936
0.041928
0.048208
0.026611
0.011661
0.016257
0.128421
0.026244
0.022149
0.017833
0.026077
0.032095
0.013190
0.076844
0.034180
0.027000
0.030513
0.104237
0.065072
0.055842
0.064372
0.010009
0.059334
0.050313
0.079885
0.111522
0.090474
0.051827
0.046579
0.109289
0.047086
0.078167
0.085438
0.011172
0.037260
0.038282
0.071346
0.067639
0.090973
0.051392
0.033424
0.053759
0.045251
0.051850
0.044654
0.081212
0.015386
0.017865
0.098493
0.029912
0.010854
0.016436
0.067982
0.038597
0.040250
0.022375
0.023975
0.075570
0.017677
0.026792
0.061926
0.047096
0.014995
0.047510
0.068897
0.085483
0.054522
0.090096
0.008794
0.076179
0.070729
0.105050
0.116225
0.117018
0.085249
0.074723
0.146838
0.053155
0.105726
0.109267
0.010547
0.040910
0.053007
0.081042
0.088634
0.099184
0.027588
0.018779
0.045201
0.065533
0.067302
0.072121
0.072923
0.013010
0.023301
0.117970
0.027659
0.009482
0.024406
0.094099
0.054747
0.055725
0.030870
0.036626
0.092943
0.033480
0.021963
0.136189
0.099625
0.152566
0.170425
0.200341
0.166667
0.222024
0.084241
0.192278
0.182661
0.222390
0.247288
0.253680
0.170181
0.162315
0.263877
0.164534
0.219907
0.234889
0.064364
0.139150
0.173896
0.208837
0.207605
0.235950
0.097676
0.045162
0.143801
0.164112
0.182876
0.126557
0.011874
0.049603
0.079389
0.239826
0.085602
0.067149
0.121030
0.219601
0.165788
0.033837
0.101899
0.117081
0.222075
0.130867
0.107575
0.047009
0.015919
0.140643
0.026175
0.047056
0.040943
0.038179
0.021927
0.031212
0.033892
0.084443
0.063707
0.055454
0.028739
0.044510
0.032299
0.024593
0.059897
0.059156
0.042771
0.027445
0.039043
0.017567
0.057451
0.090805
0.093973
0.055463
0.005655
0.030924
0.035348
0.129737
0.051198
0.065407
0.040392
0.035061
0.033181
0.034644
0.030132
0.016413
0.093944
0.011741
0.012251
0.051909
0.015104
0.039932
0.040220
0.044083
0.071863
0.042271
0.075479
0.015130
0.059799
0.061876
0.098134
0.089272
0.095456
0.080860
0.073476
0.139947
0.044264
0.087342
0.092717
0.027856
0.024237
0.039857
0.068537
0.075312
0.084129
0.019395
0.042136
0.017317
0.058047
0.055296
0.093636
0.122700
0.023921
0.039643
0.098779
0.046236
0.027585
0.027144
0.077758
0.045937
0.098435
0.034970
0.039252
0.071463
0.030679
0.019614
0.114300
0.020615
0.030093
0.016819
0.026135
0.014402
0.014926
0.026103
0.050042
0.037621
0.033061
0.014506
0.054601
0.012536
0.030686
0.027000
0.052752
0.023749
0.008082
0.022932
0.019014
0.031078
0.087960
0.088208
0.042922
0.018821
0.012416
0.062586
0.153773
0.054528
0.052707
0.031660
0.040458
0.032464
0.018634
0.016935
0.009112
0.103979
0.017015
0.018049
0.022961
0.010651
0.024641
0.145271
0.062235
0.139328
0.072526
0.125529
0.137990
0.172425
0.115513
0.140629
0.181291
0.165581
0.249723
0.089364
0.186765
0.156728
0.095506
0.066527
0.097966
0.118164
0.155638
0.119595
0.037106
0.091907
0.048922
0.159792
0.107316
0.221506
0.210866
0.088543
0.108091
0.175186
0.108038
0.089767
0.084641
0.149867
0.118593
0.199127
0.123792
0.129476
0.115205
0.118248
0.058384
0.045164
0.022993
0.065124
0.021746
0.013567
0.015400
0.046711
0.034931
0.063883
0.037315
0.044849
0.023200
0.033461
0.040082
0.097109
0.046779
0.017856
0.015969
0.017147
0.032111
0.121795
0.144554
0.070334
0.028216
0.014788
0.081709
0.195395
0.095702
0.112799
0.041832
0.055418
0.065588
0.037898
0.014190
0.012726
0.148472
0.029093
0.028599
0.031113
0.033298
0.050294
0.035822
0.042680
0.027545
0.045940
0.041400
0.054532
0.035743
0.095389
0.060327
0.090822
0.021762
0.070215
0.060601
0.077318
0.027465
0.026850
0.029690
0.039714
0.029278
0.066531
0.100485
0.044223
0.058049
0.019361
0.116549
0.181635
0.070536
0.082535
0.057426
0.043491
0.044554
0.033058
0.039262
0.036745
0.144873
0.048849
0.048010
0.028828
0.050297
0.024380
0.063520
0.020428
0.016876
0.017002
0.042121
0.014707
0.052025
0.036398
0.041784
0.022574
0.035687
0.029352
0.095182
0.040953
0.012779
0.019171
0.016884
0.021636
0.127486
0.144615
0.073695
0.039860
0.012563
0.092474
0.224140
0.100859
0.100088
0.034778
0.066674
0.068863
0.035197
0.007919
0.024715
0.155578
0.048932
0.041413
0.014174
0.036277
0.049499
0.057221
0.048716
0.081647
0.088929
0.090558
0.057689
0.047964
0.122356
0.034257
0.083243
0.072944
0.012539
0.028859
0.032175
0.060090
0.068845
0.073429
0.042666
0.028198
0.037722
0.051886
0.046195
0.069897
0.095086
0.019994
0.016486
0.089833
0.028784
0.010436
0.013283
0.069277
0.036052
0.063190
0.025073
0.030944
0.066240
0.017944
0.014980
0.031881
0.020575
0.062078
0.024838
0.066076
0.033576
0.042616
0.025085
0.020474
0.042295
0.092893
0.036586
0.020737
0.029594
0.010000
0.034725
0.098318
0.132912
0.049530
0.018368
0.016969
0.082705
0.196607
0.078237
0.093205
0.022157
0.060897
0.057890
0.045409
0.013957
0.016092
0.146948
0.036215
0.032123
0.024210
0.033046
0.045775
0.023547
0.048072
0.035604
0.043492
0.028217
0.053020
0.020909
0.040377
0.031693
0.077071
0.035096
0.013244
0.020931
0.025084
0.033175
0.114797
0.124024
0.064804
0.034319
0.014353
0.075167
0.182006
0.081336
0.087163
0.047263
0.048515
0.055494
0.026397
0.017194
0.017196
0.125849
0.025935
0.021731
0.026990
0.024934
0.039068
0.060297
0.024422
0.077506
0.041130
0.025637
0.031193
0.033941
0.043478
0.119196
0.063665
0.028284
0.022094
0.011723
0.025405
0.149398
0.168153
0.095374
0.034604
0.017928
0.085156
0.215014
0.114411
0.125233
0.027683
0.062564
0.075239
0.052559
0.011273
0.024761
0.161518
0.045168
0.039152
0.029679
0.047971
0.064117
0.061229
0.081154
0.066736
0.118858
0.025692
0.100897
0.033724
0.122393
0.053590
0.034454
0.025054
0.063180
0.019731
0.142995
0.149878
0.085350
0.096881
0.032785
0.180634
0.256011
0.143480
0.139048
0.077375
0.094019
0.102970
0.057616
0.053486
0.061501
0.212371
0.080632
0.088550
0.026543
0.074328
0.058206
0.090922
0.066683
0.056485
0.040457
0.050287
0.054014
0.128996
0.048890
0.031846
0.034892
0.027134
0.034302
0.137740
0.182444
0.078116
0.058857
0.019985
0.126075
0.264536
0.121922
0.134404
0.046950
0.091510
0.092381
0.061661
0.013984
0.040783
0.191514
0.075499
0.061647
0.021117
0.067213
0.065766
0.019736
0.101589
0.054693
0.070820
0.038006
0.067765
0.056374
0.040606
0.072899
0.069255
0.078138
0.141048
0.099488
0.092014
0.057732
0.055274
0.084839
0.166840
0.086637
0.062711
0.083442
0.086451
0.070467
0.048059
0.061598
0.055353
0.100123
0.050718
0.056705
0.055741
0.031064
0.067418
0.063275
0.030850
0.044727
0.022891
0.072518
0.043875
0.028444
0.045781
0.036822
0.049891
0.128535
0.104040
0.077874
0.031752
0.030214
0.070717
0.155598
0.077650
0.063497
0.045177
0.059093
0.055048
0.039989
0.038480
0.030148
0.103337
0.028500
0.034010
0.037136
0.023442
0.050480
0.079405
0.022090
0.082391
0.160951
0.109150
0.064465
0.063767
0.021179
0.076778
0.199995
0.222771
0.139150
0.036054
0.058676
0.072032
0.250490
0.148450
0.161733
0.037908
0.098908
0.116248
0.094893
0.031583
0.051537
0.187707
0.070019
0.055776
0.074086
0.068650
0.117076
0.057709
0.025868
0.062662
0.022222
0.009081
0.013791
0.029998
0.015108
0.084989
0.089897
0.042581
0.043651
0.009284
0.103267
0.170255
0.069232
0.069505
0.043229
0.042846
0.040898
0.020317
0.027744
0.018205
0.130638
0.027783
0.033142
0.016126
0.027276
0.019015
0.065469
0.120765
0.070731
0.041404
0.055841
0.014729
0.069970
0.140213
0.173110
0.080384
0.013643
0.045384
0.062078
0.217017
0.102057
0.117527
0.025929
0.083851
0.087102
0.072529
0.024161
0.028011
0.160413
0.047717
0.039448
0.056477
0.038461
0.084452
0.108086
0.048980
0.025367
0.036734
0.046285
0.025132
0.152608
0.144974
0.083724
0.063653
0.028119
0.135742
0.235572
0.123505
0.103822
0.048556
0.094111
0.091201
0.050903
0.041224
0.042491
0.176209
0.060445
0.064944
0.017491
0.045347
0.060994
0.048445
0.057845
0.091476
0.104797
0.112075
0.047667
0.013570
0.062532
0.077317
0.077108
0.074150
0.072500
0.020373
0.017441
0.135664
0.044863
0.016868
0.024490
0.104501
0.064157
0.043718
0.039108
0.048013
0.100732
0.033610
0.033071
0.022398
0.044010
0.048152
0.047909
0.051992
0.073718
0.020199
0.051002
0.022736
0.108085
0.161361
0.046742
0.055395
0.070328
0.052835
0.037959
0.027030
0.044399
0.037094
0.117523
0.034744
0.033948
0.026485
0.033169
0.013504
0.015802
0.024326
0.021732
0.084248
0.095846
0.044013
0.032914
0.009966
0.083971
0.177931
0.066677
0.067368
0.042767
0.046984
0.042108
0.013102
0.018019
0.012435
0.125767
0.026828
0.027572
0.016845
0.015561
0.025680
0.026936
0.013084
0.120569
0.131147
0.072924
0.047357
0.010512
0.103194
0.205500
0.105291
0.107072
0.045888
0.051741
0.062668
0.031096
0.020573
0.022287
0.161442
0.041968
0.044140
0.024700
0.041216
0.041177
0.034650
0.125379
0.152242
0.068962
0.015626
0.019534
0.070776
0.207178
0.094192
0.109384
0.021395
0.060217
0.066620
0.050648
0.008269
0.019662
0.153505
0.035851
0.028660
0.028838
0.034803
0.055590
0.133012
0.145615
0.079879
0.067218
0.015813
0.140727
0.238418
0.124353
0.119077
0.042641
0.072675
0.079241
0.045491
0.029856
0.038835
0.190849
0.063222
0.064862
0.013203
0.056401
0.049323
0.051725
0.034839
0.104369
0.100023
0.140199
0.130098
0.031934
0.063731
0.149060
0.077401
0.050410
0.061377
0.131954
0.088187
0.119392
0.072672
0.075214
0.116812
0.074759
0.045958
0.082878
0.120316
0.114742
0.113847
0.056959
0.030001
0.023797
0.180160
0.058252
0.029133
0.052750
0.155706
0.107096
0.047833
0.068512
0.084249
0.138661
0.068089
0.048480
0.060142
0.051977
0.125707
0.174151
0.042459
0.063987
0.081636
0.077997
0.052820
0.051492
0.069947
0.045342
0.143613
0.048879
0.048761
0.058185
0.046336
0.027633
0.037146
0.037767
0.159166
0.064135
0.077763
0.032086
0.055214
0.050400
0.048596
0.027186
0.017310
0.113062
0.021188
0.017718
0.056026
0.019748
0.055094
0.092821
0.187801
0.079124
0.083977
0.041144
0.045116
0.047624
0.025049
0.012787
0.017968
0.136868
0.032206
0.030244
0.011143
0.032009
0.027237
0.105517
0.065677
0.075799
0.107218
0.056253
0.054821
0.071043
0.078342
0.061302
0.061050
0.045610
0.038719
0.133103
0.045747
0.094693
0.063401
0.088385
0.240637
0.080888
0.069768
0.124504
0.219620
0.163393
0.024459
0.100043
0.117844
0.233571
0.130189
0.123341
0.023257
0.120064
0.041529
0.016525
0.042691
0.098818
0.061016
0.042773
0.036384
0.037133
0.104239
0.041683
0.034096
0.124960
0.055158
0.023402
0.041100
0.108733
0.071422
0.049451
0.051569
0.056703
0.104207
0.038897
0.039367
0.097162
0.095038
0.080027
0.030220
0.033585
0.191945
0.058773
0.054618
0.041358
0.053658
0.078910
0.015106
0.027337
0.064513
0.047534
0.060736
0.027672
0.029350
0.077843
0.041331
0.027457
0.020258
0.068061
0.042269
0.044787
0.023770
0.027110
0.075363
0.028496
0.017344
0.044519
0.024683
0.081725
0.022131
0.026183
0.043133
0.015340
0.017044
0.019105
0.155187
0.043365
0.033873
0.023228
0.037693
0.053458
0.119208
0.017514
0.018481
0.035803
0.014246
0.035563
0.073153
0.080073
0.174487
0.083755
0.091761
0.006446
0.056571
0.013728
0.027319
0.054232
0.017526
0.029278
0.047406
0.041725
0.031794
