0.055695
0.020009
0.055769
0.036847
0.031559
0.038789
0.042968
0.030043
0.023970
0.053221
0.050735
0.056806
0.052960
0.027888
0.037499
0.071626
0.038292
0.034934
0.076789
0.075108
0.054777
0.037791
0.063115
0.046739
0.022847
0.026595
0.150313
0.090084
0.044550
0.039177
0.050955
0.056742
0.062109
0.033131
0.048839
0.074332
0.052813
0.036846
0.038512
0.037786
0.141675
0.035056
0.060327
0.040462
0.044462
0.047339
0.039576
0.037868
0.056704
0.061131
0.057475
0.040681
0.054743
0.033096
0.027015
0.041968
0.030722
0.057712
0.067058
0.047047
0.058174
0.044990
0.068772
0.031366
0.032171
0.040789
0.042876
0.039471
0.041162
0.040456
0.047659
0.043056
0.054114
0.035557
0.113275
0.054752
0.017108
0.065507
0.093116
0.064568
0.042091
0.020438
0.051747
0.053953
0.070189
0.046315
0.018882
0.018173
0.065772
0.043267
0.056954
0.043073
0.061248
0.081222
0.044825
0.057103
0.044889
0.026536
0.016339
0.017391
0.022303
0.028753
0.010586
0.017186
0.026505
0.020811
0.033831
0.037873
0.018885
0.012003
0.057816
0.025599
0.032865
0.057332
0.060032
0.035875
0.022353
0.038610
0.026053
0.006110
0.012470
0.154832
0.068654
0.037645
0.012873
0.017308
0.024680
0.042673
0.025139
0.027159
0.042915
0.026579
0.040565
0.033956
0.029323
0.122106
0.014037
0.030410
0.023189
0.014833
0.018571
0.016198
0.013121
0.035308
0.018368
0.010042
0.010770
0.013005
0.014589
0.026503
0.009050
0.016940
0.022048
0.044688
0.033046
0.023507
0.021510
0.013343
0.020048
0.019399
0.030583
0.006293
0.029631
0.023121
0.020867
0.025427
0.015581
0.129030
0.038517
0.031549
0.007348
0.022686
0.021859
0.009587
0.017469
0.015495
0.017285
0.034977
0.034750
0.017417
0.024610
0.074561
0.011483
0.008830
0.010322
0.014785
0.015682
0.008574
0.030428
0.028456
0.017068
0.015415
0.017854
0.004128
0.007844
0.029798
0.009133
0.017406
0.019076
0.008882
0.009340
0.037745
0.014229
0.035337
0.038818
0.033167
0.022368
0.009723
0.013077
0.011399
0.010464
0.004988
0.119705
0.038548
0.016601
0.015662
0.019101
0.009769
0.028729
0.014519
0.010663
0.024420
0.011456
0.050532
0.018375
0.013420
0.099671
0.006340
0.020436
0.009879
0.007103
0.021458
0.008587
0.006323
0.011703
0.011524
0.016815
0.014272
0.020046
0.018477
0.019600
0.028961
0.047317
0.027243
0.019932
0.030347
0.013252
0.019713
0.026562
0.032004
0.013055
0.031746
0.030147
0.025746
0.019905
0.011487
0.135344
0.051566
0.027702
0.008107
0.026442
0.024220
0.014340
0.015338
0.022035
0.026909
0.035579
0.028667
0.015804
0.021590
0.085483
0.013158
0.013623
0.009237
0.018826
0.022165
0.009190
0.024920
0.034717
0.012010
0.010935
0.014936
0.013851
0.019053
0.019167
0.039994
0.024304
0.022309
0.019245
0.003878
0.022966
0.012701
0.019328
0.008265
0.027127
0.019227
0.017405
0.023702
0.012084
0.120628
0.038281
0.015658
0.010834
0.038004
0.022191
0.012514
0.004828
0.018494
0.013326
0.034713
0.033376
0.007890
0.010036
0.058850
0.010516
0.007656
0.007379
0.019453
0.032007
0.005811
0.026438
0.022708
0.016003
0.022405
0.015442
0.028754
0.032549
0.048698
0.031900
0.034262
0.015218
0.013232
0.013741
0.022971
0.030869
0.011999
0.025176
0.032463
0.025239
0.023873
0.012365
0.132676
0.044064
0.016505
0.019394
0.039947
0.032719
0.009792
0.010977
0.023599
0.026121
0.044887
0.023095
0.009645
0.011024
0.066320
0.016112
0.022737
0.014563
0.025715
0.028109
0.016401
0.034273
0.032982
0.008646
0.021469
0.006881
0.016026
0.019655
0.010720
0.006627
0.037852
0.010432
0.028794
0.035701
0.036125
0.018376
0.010295
0.015712
0.009510
0.006191
0.004153
0.118952
0.040145
0.017687
0.010014
0.015815
0.010510
0.027743
0.013336
0.009483
0.021422
0.011459
0.041110
0.017199
0.013384
0.100629
0.005526
0.016237
0.009245
0.004635
0.017750
0.006110
0.008519
0.012690
0.032084
0.020283
0.015658
0.017044
0.005611
0.016005
0.037562
0.014654
0.029467
0.040838
0.032700
0.024339
0.009703
0.015334
0.010627
0.012374
0.008879
0.111227
0.039570
0.017461
0.023052
0.030204
0.018183
0.033483
0.011379
0.013808
0.029848
0.019226
0.041626
0.015140
0.015061
0.097648
0.009000
0.025495
0.016960
0.014219
0.029044
0.011622
0.011986
0.012596
0.028315
0.032711
0.053113
0.037881
0.031847
0.021910
0.019573
0.020254
0.026376
0.045564
0.011372
0.035250
0.036181
0.027001
0.027247
0.024953
0.153448
0.056307
0.042731
0.011835
0.032250
0.032800
0.017676
0.021575
0.023279
0.021547
0.048297
0.033036
0.025163
0.033245
0.074845
0.016981
0.015991
0.023574
0.022093
0.021872
0.014757
0.041389
0.038232
0.020277
0.027466
0.019169
0.006059
0.048510
0.015732
0.046104
0.039068
0.040551
0.023095
0.021205
0.016119
0.015110
0.014707
0.013954
0.131043
0.045243
0.029344
0.011259
0.016182
0.009149
0.035144
0.026711
0.010501
0.016425
0.010208
0.060223
0.031287
0.026575
0.114705
0.012102
0.013735
0.012054
0.005914
0.021532
0.009460
0.012097
0.016947
0.016904
0.018953
0.021663
0.040974
0.020097
0.038309
0.036215
0.026827
0.021920
0.016655
0.009002
0.007849
0.025510
0.017944
0.092349
0.018970
0.028429
0.028624
0.030684
0.016107
0.033218
0.020384
0.011402
0.021177
0.019197
0.058139
0.022391
0.026408
0.091633
0.017223
0.021457
0.020627
0.014666
0.030145
0.014714
0.019428
0.007173
0.012602
0.021879
0.065642
0.038791
0.056747
0.073809
0.057786
0.044192
0.010406
0.017515
0.010246
0.023703
0.024679
0.099393
0.038712
0.040603
0.044905
0.029687
0.019922
0.064419
0.037529
0.014418
0.046957
0.010196
0.080483
0.040714
0.040674
0.144012
0.024776
0.047430
0.039651
0.016504
0.037229
0.028956
0.019581
0.007735
0.014067
0.050114
0.024296
0.037779
0.055707
0.044417
0.033303
0.009277
0.016257
0.012333
0.011864
0.011893
0.107634
0.040608
0.026875
0.026579
0.026293
0.015354
0.047729
0.022595
0.012986
0.037135
0.013733
0.056445
0.028143
0.023927
0.116857
0.014338
0.034650
0.023370
0.013181
0.028627
0.016917
0.009776
0.012666
0.059094
0.021955
0.046674
0.054967
0.053942
0.032260
0.016769
0.022236
0.016006
0.009076
0.013766
0.142261
0.055653
0.036284
0.012024
0.011358
0.011045
0.045563
0.028585
0.014137
0.029755
0.008814
0.059369
0.035034
0.030170
0.134873
0.010772
0.021897
0.018605
0.005976
0.019096
0.013170
0.007737
0.019739
0.021313
0.025409
0.016462
0.030947
0.011445
0.044927
0.037929
0.039136
0.053522
0.035116
0.135889
0.048609
0.031662
0.035236
0.069099
0.052535
0.012641
0.017260
0.034169
0.026724
0.068670
0.037640
0.014560
0.027198
0.044201
0.028174
0.026595
0.028163
0.045410
0.051042
0.027661
0.059461
0.044603
0.026443
0.012382
0.020224
0.008567
0.027023
0.019793
0.018191
0.024030
0.012759
0.121049
0.042236
0.013914
0.013304
0.040470
0.025239
0.014446
0.005663
0.016831
0.012206
0.032528
0.032963
0.007177
0.009872
0.068305
0.010455
0.008173
0.005168
0.019652
0.034940
0.006770
0.026807
0.021872
0.036649
0.043586
0.018613
0.034058
0.045699
0.033063
0.030730
0.020724
0.118481
0.047036
0.033635
0.028225
0.045403
0.048777
0.020255
0.021119
0.031675
0.047579
0.058948
0.010759
0.018021
0.028053
0.083756
0.028245
0.037787
0.026944
0.037788
0.029816
0.027534
0.048797
0.047448
0.013694
0.010730
0.058780
0.033341
0.039381
0.057889
0.034311
0.123657
0.045360
0.026058
0.030166
0.071974
0.045669
0.009873
0.017163
0.038326
0.015687
0.066696
0.043802
0.015181
0.023663
0.034898
0.031905
0.013026
0.016386
0.044781
0.059900
0.019793
0.058386
0.043685
0.020802
0.051640
0.023210
0.030891
0.056148
0.029337
0.089250
0.025771
0.017569
0.042774
0.073005
0.035321
0.018874
0.020399
0.036583
0.024237
0.053843
0.058318
0.017198
0.020195
0.042982
0.038730
0.023355
0.018754
0.044722
0.065610
0.022525
0.047982
0.031156
0.032140
0.022361
0.019878
0.032750
0.018727
0.118273
0.036207
0.023314
0.015396
0.040800
0.028571
0.006976
0.011089
0.015848
0.013314
0.041343
0.030775
0.009355
0.020287
0.060635
0.015220
0.008528
0.010960
0.022178
0.030187
0.009441
0.039143
0.026552
0.018066
0.009777
0.010619
0.012541
0.113539
0.037074
0.027527
0.029480
0.021264
0.018916
0.044704
0.022918
0.009899
0.037882
0.013951
0.051395
0.026567
0.024794
0.123609
0.012733
0.037244
0.027331
0.011358
0.021125
0.020983
0.012923
0.011267
0.008184
0.028895
0.018119
0.086480
0.017999
0.023104
0.028734
0.033540
0.009545
0.034805
0.022065
0.009781
0.017945
0.016326
0.068957
0.024698
0.024369
0.084609
0.018213
0.019915
0.018949
0.014522
0.036735
0.013308
0.018902
0.005823
0.016043
0.011823
0.099413
0.023886
0.023291
0.024102
0.023824
0.011007
0.033221
0.019168
0.006092
0.021742
0.012717
0.052894
0.021329
0.022788
0.100084
0.013684
0.021259
0.019468
0.008934
0.025333
0.011492
0.016113
0.005129
0.008522
0.139874
0.055371
0.032191
0.016008
0.012384
0.018405
0.041862
0.024863
0.016064
0.036880
0.016606
0.040930
0.031154
0.026018
0.128303
0.011785
0.031000
0.022367
0.008655
0.013562
0.015707
0.008896
0.022868
0.108882
0.033847
0.013637
0.014274
0.020505
0.014319
0.022388
0.011137
0.013637
0.028166
0.017861
0.033594
0.013433
0.010381
0.091165
0.009554
0.021494
0.007891
0.010444
0.019191
0.008422
0.010306
0.016828
0.059915
0.095391
0.151386
0.151569
0.111401
0.133408
0.115401
0.107799
0.135712
0.111943
0.148043
0.107343
0.108467
0.154056
0.136714
0.138299
0.115132
0.126625
0.152930
0.118031
0.128489
0.092011
0.035130
0.056882
0.060094
0.032085
0.043777
0.039042
0.028703
0.040429
0.042304
0.078318
0.036165
0.036100
0.079643
0.046750
0.044996
0.037898
0.041581
0.055504
0.037015
0.045522
0.023028
0.035185
0.057649
0.028661
0.025337
0.012124
0.028373
0.029744
0.036608
0.042588
0.010524
0.004824
0.068710
0.025779
0.028247
0.014091
0.032162
0.054426
0.019245
0.030227
0.024359
0.017457
0.020326
0.021907
0.019694
0.018088
0.020644
0.029611
0.038612
0.024685
0.026071
0.095862
0.008971
0.009984
0.010490
0.011994
0.015181
0.008106
0.022042
0.032787
0.018391
0.050796
0.045154
0.019382
0.045436
0.016733
0.063450
0.050522
0.049651
0.152191
0.018169
0.035398
0.031626
0.007602
0.006866
0.022983
0.016076
0.030293
0.038777
0.029336
0.013565
0.023597
0.009141
0.071922
0.034108
0.027325
0.103644
0.017784
0.020281
0.019140
0.007349
0.027088
0.011387
0.010401
0.011138
0.014081
0.031913
0.021827
0.058377
0.028821
0.010623
0.020769
0.046655
0.022983
0.014949
0.013634
0.033980
0.036501
0.016173
0.047280
0.041195
0.021159
0.021784
0.037840
0.030029
0.003464
0.007337
0.058897
0.010774
0.016097
0.009497
0.023923
0.036061
0.010356
0.027369
0.022919
0.018475
0.012903
0.052316
0.022714
0.025881
0.108142
0.010409
0.018990
0.017043
0.007343
0.018481
0.011859
0.017704
0.008286
0.037146
0.061375
0.024773
0.026472
0.066208
0.019928
0.006910
0.017171
0.022232
0.040705
0.013147
0.034251
0.022931
0.080067
0.042453
0.036025
0.144199
0.020310
0.034822
0.027274
0.008086
0.029078
0.020630
0.008953
0.010225
0.025766
0.038453
0.099475
0.040228
0.048006
0.036850
0.054434
0.045014
0.039253
0.065293
0.069845
0.007785
0.059590
0.015310
0.018963
0.010450
0.028679
0.040237
0.013411
0.034434
0.025406
0.065745
0.018082
0.024136
0.011028
0.028307
0.044366
0.015285
0.025656
0.024629
0.094102
0.067674
0.074942
0.114419
0.131490
0.076208
0.121818
0.101846
0.013957
0.011132
0.007232
0.015502
0.006667
0.013031
0.017007
0.009739
0.017734
0.032479
0.006282
0.030694
0.026441
0.016274
0.028541
0.005970
0.021287
0.022891
0.012096
0.008154
0.008267
0.011571
0.021893
0.022977
0.034474
0.015477
0.015652
0.015840
