0.080653
0.079217
0.082711
0.166278
0.098101
0.111854
0.073822
0.143426
0.110304
0.101056
0.108933
0.077117
0.122389
0.068202
0.178990
0.108690
0.131921
0.062222
0.090631
0.073804
0.112125
0.105646
0.075937
0.090173
0.072898
0.140792
0.066237
0.181487
0.110322
0.146317
0.140928
0.084110
0.076050
0.132171
0.072425
0.099169
0.183677
0.142556
0.097677
0.077246
0.090757
0.099513
0.105458
0.110235
0.129456
0.106996
0.183005
0.106314
0.126524
0.021545
0.032768
0.086510
0.037125
0.026589
0.019000
0.061849
0.026036
0.012152
0.023356
0.086673
0.027828
0.067837
0.084294
0.019084
0.036278
0.019003
0.043109
0.015806
0.025135
0.031850
0.018112
0.030856
0.027361
0.029303
0.027466
0.076637
0.014364
0.029592
0.058775
0.024895
0.023398
0.104927
0.038328
0.032798
0.155824
0.033199
0.022487
0.014745
0.030419
0.042848
0.015283
0.053118
0.094482
0.014123
0.065397
0.031961
0.019997
0.078243
0.100997
0.029947
0.047743
0.021209
0.105283
0.031130
0.034834
0.018380
0.085575
0.040705
0.077861
0.128843
0.050798
0.044126
0.031465
0.069900
0.015836
0.025747
0.025846
0.014792
0.030898
0.017151
0.051440
0.022133
0.131423
0.035262
0.039374
0.049929
0.057595
0.019554
0.134277
0.020988
0.017980
0.196185
0.039297
0.026839
0.020627
0.036234
0.024570
0.025799
0.087439
0.093819
0.040770
0.110834
0.017604
0.054102
0.122733
0.084093
0.044788
0.062963
0.042169
0.060739
0.033329
0.083180
0.080313
0.055443
0.117238
0.066506
0.032248
0.088644
0.024947
0.029505
0.063816
0.078343
0.094991
0.069247
0.073884
0.088283
0.069681
0.078866
0.044834
0.042176
0.077022
0.095216
0.017289
0.067210
0.072165
0.106955
0.086846
0.146655
0.092164
0.070364
0.044098
0.058731
0.103272
0.048696
0.033598
0.146449
0.036404
0.053177
0.095345
0.040791
0.087112
0.051159
0.074062
0.097575
0.099929
0.065861
0.113653
0.174158
0.067290
0.125620
0.072644
0.099654
0.049015
0.091792
0.146591
0.071662
0.047970
0.089757
0.116698
0.035111
0.086703
0.034876
0.122321
0.162021
0.116906
0.058048
0.159784
0.071818
0.131739
0.121860
0.135554
0.117318
0.368852
0.044278
0.097136
0.094647
0.047580
0.100704
0.071060
0.155996
0.279461
0.101082
0.089994
0.080457
0.076738
0.047900
0.019796
0.108829
0.019478
0.042050
0.037269
0.098957
0.024460
0.123749
0.118883
0.050713
0.048530
0.046703
0.056858
0.025905
0.021323
0.051780
0.042803
0.030174
0.030627
0.045268
0.055139
0.096184
0.053070
0.039201
0.034116
0.058199
0.025980
0.108613
0.054014
0.030008
0.208329
0.039208
0.033758
0.024030
0.040272
0.024648
0.048499
0.062816
0.123371
0.040322
0.082713
0.020289
0.056536
0.038672
0.058429
0.033829
0.014720
0.049300
0.113962
0.020579
0.106077
0.056407
0.022914
0.028916
0.024398
0.059947
0.031001
0.020096
0.043685
0.049880
0.028744
0.046142
0.017372
0.060408
0.070038
0.032422
0.015635
0.077705
0.022245
0.056220
0.091547
0.081265
0.051080
0.236901
0.022957
0.038977
0.027808
0.024709
0.051536
0.013706
0.067139
0.173222
0.025095
0.036385
0.040558
0.017525
0.092230
0.024496
0.029057
0.024957
0.088863
0.026470
0.072977
0.110143
0.036467
0.034542
0.037632
0.049738
0.011073
0.018205
0.038234
0.024398
0.016288
0.021447
0.029979
0.037317
0.102900
0.036593
0.033783
0.047514
0.041992
0.019476
0.120725
0.032400
0.024161
0.183814
0.029533
0.020062
0.019194
0.032700
0.032896
0.031886
0.065315
0.103373
0.028525
0.080444
0.018366
0.038885
0.086469
0.038507
0.104265
0.124044
0.066275
0.142839
0.024781
0.075791
0.085868
0.051162
0.092430
0.077453
0.084830
0.093131
0.101081
0.077201
0.106637
0.073779
0.106473
0.078301
0.084485
0.078464
0.137694
0.033438
0.112889
0.074328
0.140917
0.118499
0.268290
0.088258
0.106525
0.066544
0.054633
0.107786
0.070571
0.092921
0.236393
0.080502
0.063137
0.112393
0.068382
0.029881
0.030070
0.103161
0.015121
0.130802
0.100066
0.025033
0.050708
0.036893
0.036227
0.028996
0.025661
0.049474
0.036372
0.040067
0.042144
0.040702
0.058100
0.061735
0.031654
0.026253
0.020886
0.046397
0.024201
0.110480
0.063790
0.025663
0.179757
0.038754
0.026485
0.014481
0.044186
0.036344
0.029815
0.044278
0.115338
0.020411
0.051772
0.024465
0.039450
0.033799
0.088438
0.021134
0.091418
0.051323
0.025911
0.030761
0.017489
0.051271
0.019525
0.023618
0.030456
0.034290
0.026805
0.036805
0.023056
0.042041
0.063811
0.020954
0.021428
0.067697
0.014190
0.041013
0.076250
0.063139
0.044885
0.207528
0.026305
0.038739
0.016726
0.015643
0.043044
0.015459
0.058052
0.148578
0.020484
0.046277
0.037461
0.019362
0.123229
0.034575
0.085785
0.133706
0.050989
0.041597
0.047174
0.077327
0.013674
0.030823
0.020219
0.008607
0.047085
0.023412
0.047457
0.025759
0.122805
0.025067
0.034183
0.047524
0.068071
0.016811
0.148741
0.027536
0.017010
0.201130
0.031546
0.020101
0.020117
0.046722
0.024765
0.029234
0.090784
0.091488
0.035099
0.104306
0.024580
0.048031
0.115441
0.141639
0.162030
0.116081
0.151561
0.060183
0.071090
0.096674
0.118519
0.119583
0.105111
0.096084
0.107249
0.137911
0.098599
0.137539
0.101754
0.143331
0.109555
0.070882
0.087240
0.089768
0.119707
0.099059
0.203143
0.150419
0.132832
0.086105
0.079939
0.111802
0.109333
0.079939
0.177881
0.108314
0.154927
0.111308
0.132198
0.134706
0.069820
0.029229
0.038787
0.035460
0.044463
0.028245
0.020439
0.052442
0.044680
0.031389
0.047314
0.021590
0.069445
0.059731
0.034576
0.020930
0.038230
0.037177
0.038060
0.092517
0.081419
0.037285
0.221513
0.026555
0.027918
0.024084
0.032619
0.043523
0.027918
0.048390
0.151292
0.022069
0.031779
0.033304
0.032727
0.174875
0.113488
0.088496
0.087211
0.153392
0.059860
0.092046
0.064882
0.059955
0.076869
0.057842
0.103856
0.045586
0.228867
0.101456
0.117812
0.186216
0.096845
0.092700
0.191477
0.047313
0.101888
0.235832
0.099487
0.086460
0.090782
0.087850
0.099463
0.087090
0.178230
0.126882
0.111045
0.203117
0.094917
0.102889
0.081453
0.078133
0.067250
0.119107
0.097516
0.087439
0.117988
0.136049
0.076488
0.122974
0.067019
0.139698
0.082849
0.113003
0.080291
0.159393
0.044868
0.148615
0.084543
0.174710
0.141709
0.312951
0.084932
0.120411
0.088039
0.057199
0.125433
0.079863
0.117721
0.282645
0.093213
0.052356
0.121371
0.064862
0.048989
0.029936
0.031061
0.044023
0.036286
0.069175
0.049310
0.050268
0.058115
0.032826
0.067373
0.044711
0.022475
0.032572
0.055016
0.029256
0.040192
0.118855
0.076170
0.047587
0.138922
0.047660
0.027098
0.026830
0.056567
0.071205
0.021301
0.039180
0.112002
0.007591
0.035211
0.046326
0.014962
0.052247
0.107801
0.022609
0.015442
0.031347
0.048859
0.022679
0.027648
0.017299
0.050411
0.127632
0.053615
0.019453
0.096434
0.051834
0.063133
0.138835
0.054564
0.054627
0.255566
0.009361
0.040819
0.038871
0.030290
0.040123
0.028734
0.124218
0.161541
0.044798
0.085416
0.024276
0.025852
0.038864
0.029347
0.038481
0.046266
0.037562
0.038396
0.038516
0.049443
0.040597
0.073724
0.031681
0.048280
0.067578
0.016371
0.036754
0.070667
0.061175
0.042159
0.185484
0.055572
0.043451
0.018853
0.026029
0.047142
0.023033
0.048519
0.133034
0.030952
0.065103
0.045134
0.036784
0.069980
0.074576
0.109834
0.072737
0.078839
0.090904
0.079055
0.097074
0.040261
0.042352
0.080496
0.044041
0.039848
0.040959
0.086653
0.108796
0.060849
0.121465
0.101613
0.058213
0.041684
0.079674
0.096756
0.062097
0.006047
0.120182
0.028982
0.053221
0.078942
0.062807
0.016461
0.013744
0.011605
0.018008
0.008313
0.031588
0.016959
0.114380
0.033549
0.027400
0.061941
0.041358
0.022968
0.113864
0.023676
0.025181
0.215001
0.020015
0.024047
0.012600
0.019091
0.016042
0.023401
0.084409
0.115237
0.033700
0.091615
0.017816
0.036214
0.028225
0.037546
0.011636
0.024121
0.013946
0.047217
0.104955
0.040561
0.011350
0.060594
0.041630
0.038344
0.116429
0.046813
0.030217
0.238708
0.009547
0.024401
0.025015
0.024844
0.029132
0.021468
0.086970
0.142561
0.031604
0.066458
0.010273
0.029853
0.020966
0.037437
0.018395
0.047972
0.016107
0.147485
0.041180
0.031267
0.090730
0.061826
0.043835
0.132777
0.030326
0.039800
0.258777
0.024557
0.048434
0.027547
0.028684
0.021045
0.029740
0.126029
0.135400
0.055103
0.122604
0.026696
0.051307
0.046237
0.018706
0.056565
0.011211
0.127031
0.027305
0.045026
0.059382
0.062305
0.016368
0.145781
0.018318
0.023877
0.180911
0.041935
0.023393
0.018068
0.045081
0.026910
0.028468
0.087736
0.079039
0.037703
0.115026
0.032044
0.049422
0.026902
0.021208
0.049296
0.118004
0.058835
0.027232
0.079795
0.035675
0.051673
0.105354
0.051962
0.041866
0.252360
0.020142
0.038292
0.032286
0.015599
0.037120
0.032415
0.094039
0.160841
0.048188
0.079083
0.022051
0.040442
0.048107
0.015348
0.145269
0.047941
0.041040
0.071455
0.061664
0.027666
0.143448
0.018348
0.029486
0.216917
0.030337
0.030209
0.023259
0.031323
0.014476
0.035383
0.107900
0.107403
0.048632
0.123173
0.018594
0.051121
0.070821
0.091197
0.041635
0.014227
0.083018
0.037641
0.062884
0.116877
0.078829
0.056132
0.244532
0.011569
0.036914
0.041943
0.030907
0.060061
0.023128
0.087771
0.169767
0.029677
0.045493
0.034769
0.019643
0.151557
0.043269
0.057448
0.090667
0.065523
0.033124
0.146556
0.015000
0.040939
0.197788
0.050034
0.046360
0.027470
0.041939
0.026775
0.039139
0.114317
0.089624
0.057288
0.145352
0.038070
0.057541
0.073246
0.089944
0.081681
0.055305
0.102691
0.095337
0.181578
0.117800
0.180415
0.117316
0.104335
0.072450
0.101632
0.135024
0.085231
0.029950
0.201821
0.049277
0.027549
0.123861
0.062456
0.033771
0.053717
0.039075
0.025492
0.117004
0.057923
0.039460
0.148633
0.044759
0.031415
0.024845
0.052135
0.059265
0.017908
0.051227
0.097788
0.010846
0.065495
0.043891
0.026747
0.065965
0.045203
0.052393
0.127562
0.067155
0.041854
0.245823
0.007709
0.033267
0.028728
0.032216
0.040567
0.017805
0.091312
0.158349
0.029079
0.052938
0.023409
0.021702
0.089633
0.029253
0.150499
0.089783
0.030621
0.168818
0.080166
0.045223
0.040888
0.086420
0.057013
0.068203
0.050099
0.113642
0.045646
0.084551
0.046092
0.081276
0.061217
0.052389
0.088420
0.066569
0.195755
0.053955
0.058480
0.031993
0.025946
0.072490
0.030507
0.047074
0.165022
0.031491
0.044421
0.060075
0.027980
0.134230
0.030048
0.014867
0.146020
0.056201
0.019874
0.016903
0.059114
0.032691
0.039517
0.053796
0.068581
0.027985
0.100230
0.027763
0.057483
0.187583
0.146523
0.301135
0.137179
0.153694
0.097393
0.072247
0.135824
0.114228
0.080733
0.276213
0.109127
0.094884
0.141091
0.120532
0.037881
0.183569
0.058160
0.038519
0.039607
0.064717
0.037075
0.053497
0.132425
0.069048
0.065602
0.166499
0.031419
0.073663
0.198565
0.044372
0.019069
0.022301
0.052629
0.025679
0.037481
0.076603
0.095936
0.041923
0.102927
0.019071
0.058216
0.269801
0.169124
0.182037
0.266624
0.255778
0.205896
0.133488
0.076860
0.139581
0.234728
0.218968
0.183489
0.035521
0.034395
0.026768
0.033730
0.023260
0.113852
0.164327
0.040129
0.073781
0.020342
0.025928
0.026706
0.057924
0.043354
0.029284
0.071331
0.080687
0.024736
0.078748
0.027243
0.038054
0.027497
0.020700
0.020076
0.053170
0.111613
0.022109
0.068336
0.023710
0.031480
0.033704
0.029069
0.088987
0.183011
0.050185
0.075627
0.036077
0.039326
0.044696
0.107954
0.133602
0.061032
0.121918
0.020428
0.063302
0.075550
0.133686
0.019777
0.058268
0.029667
0.017993
0.137246
0.035897
0.048377
0.097596
0.071214
0.102186
0.224944
0.117373
0.137604
0.040765
0.039314
0.016418
0.096861
0.046276
0.043811
