0.016462
0.064577
0.050725
0.031406
0.219257
0.020908
0.169168
0.045840
0.023454
0.057035
0.013999
0.140366
0.149768
0.094572
0.154670
0.121837
0.024480
0.020392
0.050358
0.082617
0.022346
0.020645
0.175409
0.149967
0.036209
0.116145
0.040392
0.014481
0.156709
0.070530
0.247613
0.191291
0.056733
0.051183
0.137463
0.229543
0.030818
0.120698
0.169453
0.179213
0.100660
0.013799
0.116091
0.147825
0.176861
0.318006
0.043568
0.163700
0.026213
0.050519
0.031991
0.011657
0.187000
0.013518
0.148169
0.035040
0.019645
0.044058
0.010986
0.131753
0.118963
0.078752
0.126269
0.086165
0.023800
0.014255
0.031640
0.068530
0.012014
0.028441
0.148159
0.119192
0.050676
0.089902
0.031353
0.014948
0.142836
0.041571
0.202936
0.168266
0.043931
0.029458
0.116147
0.225804
0.017079
0.098286
0.153197
0.170055
0.087225
0.013202
0.093773
0.122179
0.163154
0.315644
0.041803
0.140231
0.025948
0.080991
0.057943
0.067000
0.051127
0.045605
0.018248
0.083936
0.027957
0.034178
0.052317
0.029563
0.021861
0.030649
0.077633
0.036985
0.054850
0.070204
0.017659
0.030081
0.051642
0.043658
0.036124
0.041865
0.024986
0.017560
0.065320
0.043319
0.039124
0.090509
0.051062
0.035708
0.015659
0.026504
0.118843
0.024040
0.022194
0.042628
0.070074
0.014820
0.062597
0.017061
0.025235
0.060532
0.233047
0.113941
0.046239
0.040975
0.043337
0.219305
0.034359
0.207459
0.074713
0.027723
0.060609
0.042977
0.206289
0.155507
0.130590
0.148375
0.109846
0.061643
0.051155
0.041973
0.087428
0.038725
0.038923
0.190375
0.119542
0.111397
0.099397
0.041083
0.033866
0.198256
0.067626
0.229235
0.186752
0.039648
0.060279
0.159744
0.310777
0.036640
0.139797
0.181322
0.233182
0.117034
0.046279
0.134425
0.159947
0.219052
0.413454
0.033309
0.192634
0.044736
0.185240
0.024311
0.150070
0.037419
0.037210
0.048567
0.015625
0.138252
0.112329
0.082297
0.123870
0.074210
0.036844
0.020453
0.031019
0.071340
0.019207
0.041206
0.142302
0.113469
0.058880
0.087707
0.040380
0.025218
0.156535
0.051278
0.181532
0.173873
0.048664
0.038838
0.115415
0.229884
0.020471
0.094528
0.159695
0.173353
0.085745
0.025349
0.094643
0.125930
0.164614
0.327646
0.060120
0.135384
0.036908
0.197621
0.028637
0.105900
0.251110
0.110317
0.161019
0.059445
0.022285
0.066135
0.016426
0.108993
0.173884
0.186603
0.174630
0.062003
0.157259
0.188064
0.012174
0.043266
0.143710
0.046879
0.120319
0.219875
0.055382
0.136402
0.033307
0.018435
0.146652
0.104045
0.033058
0.078338
0.135968
0.037892
0.046541
0.048114
0.057008
0.213784
0.027034
0.021639
0.059897
0.187438
0.294515
0.027740
0.189968
0.150709
0.033596
0.024682
0.054850
0.016298
0.137453
0.123931
0.077578
0.131956
0.092646
0.018580
0.011100
0.046176
0.081235
0.019125
0.017471
0.156637
0.120193
0.047931
0.097220
0.032348
0.014831
0.135095
0.055510
0.217227
0.179392
0.040815
0.037862
0.117360
0.239790
0.017332
0.098174
0.155273
0.171519
0.077959
0.018214
0.100900
0.126721
0.153315
0.321580
0.043595
0.143042
0.021131
0.064125
0.210409
0.099846
0.123689
0.015439
0.016444
0.024446
0.031030
0.098395
0.117335
0.141517
0.165221
0.061423
0.119179
0.153859
0.014562
0.065652
0.091741
0.060823
0.101214
0.179660
0.013960
0.105745
0.064767
0.042183
0.122637
0.078156
0.012994
0.042240
0.104899
0.020940
0.033752
0.016728
0.030546
0.165137
0.017232
0.011840
0.014495
0.125721
0.255613
0.006189
0.139464
0.062741
0.032002
0.021753
0.060879
0.049410
0.022162
0.062449
0.058001
0.024247
0.034305
0.060604
0.037006
0.020937
0.042360
0.069290
0.072163
0.030760
0.051435
0.023188
0.046309
0.065697
0.037324
0.126871
0.100022
0.031815
0.015225
0.041685
0.133817
0.021389
0.033813
0.082333
0.080067
0.024150
0.043570
0.036197
0.055169
0.067836
0.224521
0.093971
0.058258
0.031818
0.061779
0.028892
0.190582
0.173380
0.125228
0.177992
0.136555
0.038063
0.040989
0.067749
0.098115
0.025454
0.034670
0.212273
0.163682
0.086652
0.132233
0.045094
0.022396
0.195549
0.059624
0.271427
0.216634
0.047842
0.048713
0.167877
0.288938
0.045161
0.149582
0.195725
0.229224
0.126707
0.018189
0.145200
0.175201
0.219192
0.378469
0.010152
0.203508
0.025630
0.031859
0.102337
0.065059
0.063944
0.059853
0.094901
0.053266
0.064579
0.065327
0.017547
0.030747
0.045709
0.082745
0.053750
0.062291
0.030963
0.018452
0.063892
0.104484
0.048597
0.123268
0.081596
0.021139
0.021926
0.068828
0.173035
0.031169
0.054593
0.088181
0.120503
0.044162
0.055587
0.050460
0.067346
0.118685
0.295356
0.089310
0.093697
0.044620
0.108501
0.095821
0.059559
0.102140
0.077320
0.019084
0.015312
0.031447
0.050632
0.010521
0.017270
0.119243
0.096288
0.030905
0.071424
0.020161
0.015200
0.120005
0.049905
0.175410
0.142404
0.030899
0.025870
0.089206
0.193184
0.011839
0.073101
0.121832
0.137700
0.059487
0.016556
0.071840
0.101334
0.130282
0.292644
0.052614
0.114373
0.019305
0.042163
0.027217
0.059836
0.107904
0.104270
0.123811
0.155395
0.070720
0.107836
0.137970
0.040979
0.096864
0.070268
0.083921
0.104410
0.159080
0.022736
0.112417
0.106026
0.068583
0.129315
0.080652
0.027933
0.028583
0.102752
0.038740
0.052711
0.015887
0.046123
0.144486
0.030302
0.033013
0.025259
0.095568
0.236877
0.023204
0.130783
0.025416
0.011558
0.072114
0.100855
0.118625
0.122396
0.033983
0.089874
0.125440
0.007465
0.029028
0.086867
0.029335
0.066894
0.148594
0.031787
0.076143
0.033657
0.029467
0.085014
0.052827
0.010338
0.082914
0.074675
0.008677
0.028898
0.043291
0.018584
0.138116
0.008784
0.007135
0.033077
0.196400
0.212186
0.014076
0.112386
0.045709
0.057786
0.052373
0.071393
0.099110
0.046837
0.058899
0.087730
0.034559
0.065375
0.046198
0.054361
0.053923
0.100918
0.025673
0.058748
0.086458
0.072800
0.072699
0.036321
0.014037
0.084260
0.049941
0.018605
0.047202
0.044241
0.019426
0.093772
0.017796
0.025384
0.025748
0.179459
0.164193
0.025917
0.072374
0.083974
0.119519
0.128403
0.120437
0.030688
0.100169
0.121275
0.012514
0.013456
0.103128
0.014156
0.067076
0.149266
0.048420
0.092790
0.035858
0.015491
0.082446
0.059381
0.019187
0.101441
0.079861
0.016400
0.031889
0.053318
0.023432
0.151594
0.013090
0.012641
0.055634
0.222260
0.216078
0.026084
0.125157
0.109940
0.076220
0.065961
0.097482
0.096189
0.098776
0.081556
0.089702
0.105105
0.079128
0.096525
0.104647
0.120541
0.107338
0.108150
0.142846
0.094141
0.073329
0.069748
0.179360
0.070733
0.058654
0.132309
0.109474
0.070107
0.124512
0.065805
0.093708
0.100669
0.256590
0.174531
0.073586
0.126001
0.025611
0.062610
0.063755
0.013036
0.037611
0.129448
0.118087
0.027973
0.097148
0.023467
0.031975
0.098810
0.032530
0.193283
0.151000
0.048762
0.030182
0.094263
0.195466
0.020755
0.082650
0.121169
0.146557
0.065590
0.016995
0.080260
0.098758
0.121107
0.290525
0.062091
0.121095
0.011172
0.034461
0.084264
0.024768
0.025100
0.145547
0.125129
0.036988
0.098485
0.043753
0.014563
0.133595
0.065233
0.207121
0.178204
0.058741
0.046526
0.111861
0.216421
0.021600
0.093036
0.155983
0.155858
0.080812
0.022693
0.092873
0.124396
0.145794
0.294274
0.063207
0.130091
0.035000
0.083171
0.043009
0.049013
0.142127
0.104932
0.069909
0.086884
0.049268
0.034637
0.169904
0.077193
0.173716
0.165094
0.069208
0.063944
0.124341
0.253343
0.031551
0.102708
0.167170
0.185063
0.099550
0.055969
0.099839
0.133468
0.180955
0.355000
0.092980
0.146422
0.069128
0.043824
0.071624
0.045301
0.033785
0.060992
0.019768
0.023289
0.092352
0.069764
0.050502
0.083396
0.038149
0.041550
0.029969
0.043501
0.120764
0.038967
0.036762
0.049579
0.084392
0.032341
0.075469
0.023767
0.033731
0.085042
0.249654
0.128180
0.060348
0.060144
0.032024
0.120273
0.095298
0.038984
0.070602
0.013042
0.022103
0.112740
0.025680
0.173362
0.130621
0.029930
0.017616
0.089024
0.194720
0.014261
0.077100
0.114646
0.144678
0.061172
0.014520
0.071713
0.092256
0.131899
0.299750
0.044904
0.116353
0.010787
0.149663
0.106059
0.047148
0.085217
0.033489
0.017602
0.139796
0.084527
0.212767
0.163450
0.033682
0.047390
0.114015
0.228420
0.024192
0.093700
0.139820
0.158410
0.071820
0.032979
0.098896
0.126450
0.152464
0.319456
0.049990
0.140868
0.031156
0.034401
0.100950
0.034585
0.090409
0.179669
0.036976
0.106490
0.027284
0.025862
0.112170
0.075419
0.014096
0.070507
0.097788
0.015068
0.031544
0.036358
0.029659
0.170478
0.011604
0.011872
0.034693
0.183682
0.256414
0.012591
0.146221
0.114065
0.010187
0.058598
0.136227
0.077383
0.095712
0.041381
0.030658
0.068422
0.061837
0.038908
0.154337
0.067190
0.032910
0.043596
0.094426
0.033001
0.145155
0.032845
0.033482
0.087802
0.296099
0.193551
0.055299
0.114862
0.092141
0.045258
0.055557
0.082000
0.074549
0.169720
0.131897
0.080266
0.052335
0.078175
0.138244
0.037013
0.064865
0.108541
0.103558
0.058781
0.043271
0.064915
0.086833
0.096189
0.228030
0.122535
0.093150
0.049168
0.041986
0.109844
0.076283
0.079966
0.059218
0.033515
0.048860
0.043553
0.036931
0.139247
0.051784
0.030814
0.049029
0.083157
0.027501
0.114439
0.024522
0.032893
0.084578
0.268085
0.162171
0.050639
0.091605
0.040817
0.093554
0.029247
0.137278
0.089684
0.019930
0.017311
0.070704
0.185690
0.014533
0.057611
0.084388
0.129418
0.041149
0.033301
0.050833
0.067329
0.114522
0.305822
0.066756
0.098975
0.019293
0.168414
0.072132
0.239322
0.195618
0.048159
0.050843
0.137478
0.255888
0.027078
0.120126
0.173043
0.189549
0.097995
0.021997
0.119934
0.152595
0.183267
0.344946
0.034663
0.165688
0.027126
0.098213
0.096954
0.055176
0.117392
0.076176
0.022893
0.060846
0.099470
0.032480
0.029461
0.032865
0.033438
0.153565
0.028752
0.018589
0.015969
0.141755
0.237705
0.026844
0.121487
0.141645
0.114244
0.056429
0.019906
0.084349
0.200482
0.040265
0.075403
0.107895
0.154873
0.070868
0.048881
0.067902
0.076424
0.128895
0.312693
0.085558
0.113192
0.038852
0.050543
0.161735
0.119372
0.051825
0.140671
0.143508
0.050316
0.068325
0.103419
0.076371
0.235076
0.052861
0.048858
0.094981
0.288561
0.314131
0.056813
0.208090
0.114760
0.088733
0.039659
0.093135
0.117560
0.045406
0.026850
0.065015
0.051172
0.186405
0.029808
0.019133
0.073086
0.226652
0.252150
0.046524
0.154464
0.028448
0.082144
0.209876
0.027324
0.070321
0.097319
0.138804
0.044083
0.054523
0.071604
0.089168
0.122471
0.319789
0.061474
0.110826
0.027553
0.050681
0.158816
0.023635
0.042747
0.077443
0.105692
0.036185
0.043624
0.040955
0.054547
0.093577
0.265902
0.075944
0.076844
0.030354
0.070968
0.073538
0.008353
0.027194
0.028002
0.012553
0.139410
0.010579
0.010434
0.018802
0.177955
0.207290
0.010835
0.106656
0.191209
0.089895
0.079084
0.022108
0.101959
0.230995
0.072449
0.073158
0.049407
0.058544
0.334908
0.049318
0.219140
0.058704
0.101993
0.130568
0.044936
0.028251
0.057035
0.079186
0.113679
0.298494
0.069528
0.096795
0.021888
0.036992
0.039820
0.009189
0.119714
0.009700
0.013767
0.031101
0.195646
0.190263
0.015877
0.096872
0.049521
0.033661
0.165810
0.031503
0.019352
0.038774
0.202731
0.224213
0.038150
0.122399
0.045271
0.186728
0.035252
0.037609
0.017327
0.081799
0.272136
0.015011
0.164993
0.102180
0.015692
0.020563
0.030732
0.207452
0.159097
0.025609
0.069095
0.111636
0.141704
0.176973
0.317701
0.035928
0.162313
0.018198
0.009056
0.033395
0.178691
0.186268
0.016070
0.092909
0.030245
0.184663
0.214614
0.016766
0.112048
0.124653
0.259968
0.016395
0.139873
0.425077
0.134505
0.322959
0.246274
0.037374
0.138808
