0.608059
0.648981
0.761408
0.508814
0.569743
0.655771
0.491038
0.628995
0.587005
0.604571
0.694251
0.651348
0.632426
0.534341
0.763914
0.621328
0.745864
0.722867
0.456056
0.657190
0.730878
0.402966
0.526035
0.436668
0.680669
0.472565
0.756729
0.642068
0.601605
0.561738
0.697030
0.633108
0.624155
0.607866
0.514739
0.490387
0.523529
0.664865
0.457908
0.572980
0.470730
0.665978
0.519467
0.552150
0.603091
0.585716
0.714713
0.616066
0.526939
0.802355
0.647521
0.576924
0.740457
0.701241
0.674243
0.571329
0.601292
0.703064
0.642938
0.679552
0.556237
0.648802
0.656093
0.675946
0.675116
0.789735
0.545426
0.547761
0.724893
0.539263
0.652067
0.588661
0.676474
0.522188
0.821477
0.664856
0.774544
0.678943
0.577092
0.743098
0.649382
0.699516
0.573308
0.508654
0.632458
0.480303
0.578379
0.604903
0.627920
0.665851
0.600821
0.731063
0.688105
0.464208
0.738882
0.791457
0.628252
0.874256
0.590016
0.669319
0.810365
0.587821
0.843129
0.800324
0.588871
0.763315
0.801766
0.780840
0.560427
0.861014
0.634357
0.924580
0.833995
0.710598
0.801591
0.670240
0.651089
0.677917
0.660064
0.829457
0.673977
0.545132
0.672519
0.520692
0.782839
0.822652
0.733950
0.602488
0.723065
0.541919
0.621507
0.722374
0.833904
0.604944
0.489409
0.566686
0.586569
0.643718
0.739940
0.711448
0.823021
0.413298
0.686985
0.697708
0.792322
0.673800
0.737673
0.764612
0.363616
0.631291
0.688654
0.766611
0.743965
0.733336
0.756475
0.596643
0.837314
0.404051
0.849955
0.794912
0.793520
0.701440
0.810326
0.701997
0.772992
0.856664
0.736597
0.748942
0.695814
0.835784
0.746216
0.632462
0.809247
0.674478
0.831181
0.737099
0.703145
0.680390
0.657978
0.704607
0.707685
0.891290
0.708539
0.638768
0.795134
0.572361
0.469238
0.816936
0.874284
0.839046
0.634456
0.586268
0.496912
0.665604
0.469483
0.597379
0.565898
0.734797
0.617521
0.407584
0.655336
0.456746
0.672922
0.756696
0.403533
0.560227
0.621859
0.297769
0.549007
0.464278
0.516363
0.513923
0.610187
0.438515
0.560490
0.539671
0.487106
0.607027
0.649585
0.571602
0.488194
0.373805
0.378529
0.506309
0.470183
0.382509
0.416146
0.442295
0.453509
0.579966
0.577491
0.630757
0.624492
0.564204
0.433033
0.620496
0.499423
0.597698
0.682351
0.621514
0.788093
0.655137
0.812599
0.555885
0.639600
0.733862
0.776992
0.833697
0.623856
0.726950
0.631230
0.594564
0.684449
0.550989
0.769609
0.623244
0.596055
0.527013
0.552964
0.719224
0.654366
0.815449
0.775581
0.635160
0.550122
0.626016
0.656325
0.708797
0.561364
0.562809
0.753998
0.719666
0.507426
0.740862
0.571119
0.649177
0.583842
0.769090
0.750344
0.582478
0.596236
0.648327
0.720945
0.734521
0.708013
0.648902
0.749682
0.726773
0.729570
0.769926
0.919159
0.663706
0.723214
0.666211
0.561240
0.713768
0.576192
0.657200
0.665402
0.788131
0.515671
0.726973
0.773447
0.644183
0.795232
0.746354
0.715317
0.634122
0.665528
0.694255
0.521839
0.621224
0.681108
0.660918
0.693332
0.574231
0.743662
0.609290
0.619437
0.783190
0.791627
0.778429
0.610100
0.605035
0.584853
0.690605
0.508417
0.521949
0.502915
0.823931
0.590613
0.699385
0.808911
0.521129
0.617332
0.649518
0.415550
0.583059
0.454273
0.661539
0.573093
0.730872
0.560050
0.423807
0.588443
0.627707
0.686725
0.679050
0.669605
0.571029
0.532226
0.521181
0.649446
0.449903
0.544697
0.486325
0.572224
0.435665
0.617450
0.652528
0.601506
0.593306
0.635257
0.622584
0.552703
0.639005
0.665805
0.600988
0.541734
0.693760
0.534495
0.731678
0.527287
0.819343
0.621664
0.688763
0.574188
0.655266
0.582590
0.551901
0.660207
0.688511
0.750575
0.618352
0.772367
0.695648
0.612808
0.701251
0.558367
0.714539
0.646604
0.565859
0.611522
0.483483
0.632689
0.657851
0.756629
0.586417
0.524280
0.639126
0.537129
0.341808
0.787907
0.747347
0.732216
0.705491
0.520873
0.793282
0.566450
0.595281
0.491447
0.561707
0.468873
0.669745
0.478749
0.698007
0.560714
0.474205
0.720522
0.477209
0.542209
0.607049
0.759997
0.583689
0.662886
0.461714
0.423294
0.580565
0.667273
0.703409
0.457128
0.487652
0.473320
0.462074
0.557012
0.528704
0.678240
0.592954
0.608761
0.588176
0.559346
0.558045
0.661151
0.724570
0.530154
0.746413
0.749190
0.525918
0.511511
0.750922
0.506727
0.718774
0.799403
0.564298
0.746675
0.658741
0.564465
0.601024
0.577306
0.796724
0.628253
0.706020
0.638329
0.771809
0.690080
0.694695
0.538048
0.590708
0.667027
0.640211
0.557209
0.535889
0.743774
0.530909
0.522273
0.617372
0.547721
0.437650
0.665344
0.626969
0.634029
0.689007
0.684449
0.569401
0.846605
0.635922
0.689236
0.697503
0.630255
0.699118
0.654259
0.690881
0.755393
0.816594
0.556093
0.757560
0.640127
0.676515
0.688260
0.853651
0.772478
0.679387
0.581253
0.599179
0.497385
0.741575
0.825701
0.650519
0.504328
0.673786
0.648508
0.699807
0.640250
0.608295
0.634055
0.657993
0.754793
0.704557
0.686953
0.740192
0.778213
0.576201
0.691223
0.761052
0.811701
0.779281
0.770911
0.889379
0.577746
0.569625
0.726605
0.614346
0.652122
0.555405
0.816111
0.750727
0.736679
0.694285
0.860961
0.809039
0.807049
0.851852
0.715269
0.673558
0.634617
0.733066
0.758215
0.715137
0.773071
0.780922
0.638036
0.755088
0.560201
0.761908
0.700007
0.569631
0.788666
0.868103
0.752089
0.661975
0.769094
0.570205
0.622673
0.761636
0.624332
0.547376
0.652470
0.577429
0.657117
0.575829
0.713105
0.664989
0.864822
0.717064
0.718410
0.649372
0.601724
0.592376
0.583996
0.751323
0.650552
0.563605
0.523086
0.553401
0.557725
0.617523
0.601916
0.498337
0.661594
0.642195
0.641738
0.538580
0.758214
0.741774
0.604600
0.769085
0.477865
0.748266
0.739907
0.531665
0.646857
0.686640
0.344840
0.597298
0.459828
0.673668
0.492721
0.535659
0.564079
0.491006
0.579686
0.561801
0.691138
0.776798
0.558517
0.523569
0.399339
0.452788
0.677600
0.466724
0.282360
0.568755
0.538429
0.401967
0.586887
0.684598
0.640493
0.532725
0.627307
0.451793
0.756809
0.651005
0.850952
0.619968
0.799146
0.637154
0.709359
0.815777
0.653115
0.694066
0.726001
0.758009
0.654265
0.845188
0.726893
0.629058
0.676966
0.769061
0.810487
0.580485
0.554582
0.682410
0.571652
0.719457
0.648059
0.840349
0.743177
0.661382
0.741753
0.566046
0.587852
0.722907
0.855005
0.647032
0.734413
0.710531
0.530923
0.613663
0.693153
0.461266
0.667641
0.508388
0.641543
0.565746
0.678186
0.621690
0.629998
0.672470
0.657680
0.570005
0.666545
0.646966
0.570948
0.507345
0.542732
0.682636
0.538547
0.443577
0.515503
0.605940
0.558242
0.563207
0.687605
0.687919
0.686026
0.678622
0.518057
0.838827
0.663042
0.677709
0.673439
0.687124
0.744526
0.720401
0.809076
0.776564
0.847512
0.765209
0.839361
0.573111
0.675343
0.699948
0.727127
0.803621
0.693399
0.725858
0.520729
0.638199
0.678622
0.725134
0.782387
0.768622
0.704425
0.782802
0.622821
0.568863
0.802659
0.824767
0.712587
0.709340
0.847081
0.884517
0.737981
0.889760
0.794972
0.855570
0.748353
0.769317
0.833125
0.847713
0.594329
0.752760
0.670428
0.838676
0.790668
0.623539
0.674155
0.773867
0.798973
0.713379
0.756666
0.792125
0.749783
0.789842
0.628777
0.786019
0.763529
0.747974
0.996161
0.781434
0.584151
0.649127
0.309082
0.572038
0.301881
0.618928
0.513155
0.692010
0.570712
0.742123
0.545009
0.549076
0.659045
0.699490
0.370620
0.493025
0.371170
0.424208
0.468148
0.492358
0.530709
0.487572
0.624914
0.415828
0.562824
0.666764
0.569250
0.682861
0.704911
0.384980
0.666605
0.494588
0.629628
0.646498
0.726244
0.681571
0.770442
0.617789
0.787494
0.742677
0.662519
0.813155
0.688419
0.710073
0.615652
0.696619
0.658061
0.561389
0.676131
0.728498
0.576536
0.735915
0.634648
0.719237
0.787248
0.626605
0.813446
0.789190
0.661507
0.674926
0.645477
0.641516
0.755626
0.769087
0.630375
0.604547
0.720973
0.691254
0.587530
0.746016
0.679699
0.809304
0.664830
0.692840
0.589675
0.642046
0.629104
0.623163
0.732936
0.631877
0.652509
0.764526
0.534312
0.614458
0.677269
0.725037
0.772109
0.536598
0.346774
0.509642
0.424531
0.686406
0.505275
0.578819
0.545526
0.506812
0.651435
0.671273
0.521745
0.422243
0.393889
0.429946
0.487106
0.466731
0.412409
0.338201
0.532541
0.423223
0.499797
0.654948
0.543569
0.633074
0.632612
0.355652
0.538317
0.732508
0.497957
0.695840
0.630710
0.727281
0.713550
0.724089
0.692384
0.531152
0.611135
0.675567
0.552886
0.604248
0.700720
0.564492
0.630120
0.611730
0.537050
0.546900
0.547417
0.785161
0.683183
0.763005
0.692013
0.607523
0.586926
0.412260
0.684504
0.581124
0.634426
0.580328
0.567031
0.674961
0.654161
0.479400
0.508098
0.388847
0.416117
0.536608
0.464869
0.406825
0.528205
0.585098
0.415748
0.599206
0.647618
0.596542
0.636802
0.664693
0.484320
0.657545
0.795290
0.612583
0.760046
0.759379
0.621303
0.751120
0.770869
0.767420
0.614694
0.590508
0.637854
0.617316
0.690893
0.616056
0.609136
0.638472
0.686912
0.575687
0.805403
0.673967
0.775852
0.765441
0.549867
0.772978
0.604071
0.633407
0.617218
0.591587
0.660498
0.666068
0.474288
0.527483
0.457578
0.513937
0.656806
0.427489
0.461962
0.512531
0.607803
0.603972
0.605546
0.732058
0.685999
0.709710
0.736590
0.526802
0.607041
0.662386
0.850317
0.754781
0.864712
0.805670
0.725863
0.490989
0.660107
0.750544
0.793156
0.667230
0.525685
0.761760
0.723407
0.677844
0.602271
0.612805
0.793834
0.569456
0.774595
0.779474
0.690013
0.672507
0.599018
0.760786
0.703829
0.664537
0.562189
0.551269
0.614337
0.542688
0.584192
0.575491
0.659224
0.619065
0.505559
0.613870
0.510595
0.611941
0.662887
0.735976
0.627723
0.634880
0.690818
0.804719
0.787290
0.824550
0.681394
0.588232
0.644642
0.801956
0.517564
0.535989
0.628724
0.585494
0.644336
0.686168
0.667524
0.782582
0.608779
0.690564
0.647684
0.533062
0.516143
0.710644
0.684898
0.666742
0.532890
0.426535
0.681681
0.592304
0.608791
0.612533
0.689959
0.661708
0.716005
0.728023
0.679059
0.714667
0.810431
0.556296
0.682685
0.781222
0.714055
0.601915
0.529297
0.561124
0.458386
0.534410
0.507474
0.688220
0.503978
0.632644
0.793687
0.623919
0.573826
0.702969
0.743319
0.642347
0.684266
0.790272
0.675353
0.602334
0.600412
0.758792
0.601657
0.608797
0.641049
0.638841
0.707563
0.734596
0.720551
0.725059
0.761705
0.738694
0.636222
0.786589
0.718140
0.597932
0.683996
0.691076
0.639756
0.688446
0.617231
0.539880
0.636603
0.661139
0.696760
0.660577
0.813592
0.730493
0.736532
0.552365
0.521345
0.556186
0.680005
0.583503
0.607143
0.666127
0.717537
0.551326
0.687858
0.794267
0.735237
0.691720
0.823040
0.579521
0.508010
0.538541
0.554328
0.473910
0.484692
0.553161
0.683668
0.559599
0.518058
0.579293
0.577809
0.369396
0.758730
0.539688
0.424917
0.512436
0.462811
0.383645
0.537110
0.411942
0.469062
0.545993
0.673383
0.612326
0.552200
0.623159
0.404864
0.633087
0.469859
0.481129
0.615844
0.576492
0.532222
0.621435
0.687861
0.616448
0.664862
0.657938
0.460706
0.652137
0.635320
0.637065
0.640512
0.582683
0.738327
0.651153
0.491988
0.763722
0.726523
0.588573
0.441753
0.567297
0.586766
0.523949
0.534690
0.547060
0.599252
0.586301
0.638395
0.568767
0.495848
0.541783
0.505998
0.666839
0.582065
0.645328
0.476446
0.632102
0.519486
0.625583
0.562025
0.599612
0.691133
0.653787
0.703350
0.653606
0.503362
0.582694
0.594159
0.643694
0.662938
0.701090
0.664049
0.622185
0.607667
0.633859
0.452733
0.661300
0.651165
0.507475
0.675270
0.690029
0.710106
0.767592
0.603865
0.532758
0.701525
0.709762
0.736301
0.729304
0.799057
0.621289
0.790574
0.692832
0.702183
