0.019882
0.018262
0.014750
0.027604
0.021191
0.020211
0.088152
0.009345
0.017922
0.024146
0.017021
0.014516
0.030016
0.011380
0.079830
0.012117
0.019063
0.022086
0.020176
0.034247
0.016753
0.018058
0.018299
0.076436
0.021850
0.036881
0.014910
0.012517
0.025862
0.021444
0.013784
0.013234
0.020140
0.016096
0.034962
0.018644
0.030244
0.021408
0.021203
0.012726
0.024518
0.023865
0.023743
0.012078
0.012799
0.028394
0.027289
0.016149
0.025835
0.021377
0.017334
0.040362
0.018327
0.030053
0.095070
0.025153
0.022264
0.040008
0.023370
0.022113
0.044760
0.019191
0.099200
0.018918
0.020851
0.045762
0.021719
0.041722
0.019772
0.019662
0.024233
0.059347
0.028650
0.048527
0.010211
0.011998
0.029741
0.027610
0.019864
0.025150
0.015052
0.035169
0.050282
0.028482
0.043511
0.027774
0.023875
0.017939
0.034031
0.040695
0.025932
0.015018
0.021036
0.037886
0.029083
0.021337
0.032574
0.013949
0.043212
0.021978
0.018974
0.152817
0.018647
0.018087
0.022801
0.005539
0.010246
0.011001
0.028391
0.076338
0.010868
0.005297
0.022658
0.009867
0.027226
0.026177
0.005953
0.009412
0.103202
0.009406
0.021257
0.027772
0.022054
0.009286
0.048856
0.012903
0.014329
0.022078
0.034565
0.018741
0.041643
0.012942
0.018772
0.046121
0.018669
0.052803
0.050880
0.007727
0.009641
0.010604
0.018226
0.052918
0.014262
0.009645
0.031679
0.006701
0.011087
0.116670
0.016489
0.007545
0.010539
0.011744
0.008482
0.025529
0.015631
0.051547
0.006974
0.012953
0.027604
0.007426
0.011520
0.022842
0.017455
0.014647
0.060783
0.023177
0.017043
0.014685
0.011975
0.012247
0.035126
0.017450
0.008307
0.013691
0.024291
0.017018
0.024795
0.029331
0.025753
0.032765
0.008320
0.034927
0.029924
0.018150
0.005760
0.008225
0.019303
0.036720
0.006644
0.012732
0.045638
0.023088
0.094258
0.027036
0.026616
0.047123
0.034697
0.028447
0.043285
0.017382
0.093691
0.024888
0.040100
0.027009
0.040790
0.047816
0.014223
0.031431
0.024699
0.079443
0.036191
0.043026
0.029867
0.033467
0.041196
0.019852
0.034693
0.016945
0.029226
0.026191
0.043923
0.013053
0.040335
0.027221
0.020432
0.014725
0.034169
0.020689
0.034382
0.025032
0.019969
0.027023
0.018753
0.015675
0.029925
0.025207
0.114260
0.023684
0.010175
0.021228
0.016834
0.021039
0.040759
0.020054
0.069912
0.010499
0.015445
0.046068
0.012066
0.016426
0.028881
0.023722
0.028952
0.063623
0.031240
0.032689
0.013839
0.015132
0.016825
0.037115
0.018985
0.020063
0.013946
0.035485
0.034202
0.030233
0.041802
0.035883
0.034151
0.016135
0.032970
0.036243
0.027840
0.008563
0.019843
0.035676
0.043108
0.018074
0.023303
0.133959
0.023837
0.019919
0.018682
0.020640
0.008224
0.030496
0.025415
0.050452
0.010697
0.022259
0.024437
0.013768
0.018615
0.029919
0.021516
0.011705
0.069047
0.024828
0.010294
0.026810
0.019907
0.022544
0.043421
0.033199
0.006038
0.028630
0.022522
0.015016
0.033872
0.026499
0.034774
0.045396
0.007023
0.054956
0.038078
0.018781
0.014630
0.004163
0.011253
0.039878
0.006743
0.013956
0.103360
0.110072
0.142067
0.138182
0.125299
0.176981
0.070821
0.207685
0.120807
0.149955
0.140927
0.141307
0.155452
0.082049
0.137371
0.136570
0.078161
0.143686
0.175032
0.070792
0.087326
0.153777
0.042421
0.111753
0.121032
0.097006
0.088372
0.181274
0.057756
0.175306
0.113845
0.050998
0.101793
0.047278
0.061038
0.153347
0.116582
0.126332
0.153214
0.054913
0.118337
0.161570
0.013010
0.024512
0.014655
0.013180
0.020663
0.014561
0.080823
0.011520
0.015168
0.014588
0.020014
0.037400
0.014055
0.014063
0.014940
0.089312
0.012904
0.033806
0.018638
0.023230
0.023002
0.023139
0.013941
0.010396
0.023961
0.012627
0.030917
0.019052
0.019990
0.011102
0.022268
0.017439
0.026899
0.031237
0.016604
0.012409
0.015217
0.020095
0.028584
0.013940
0.023649
0.017196
0.009172
0.012666
0.024577
0.012353
0.068130
0.006949
0.013074
0.024796
0.010948
0.017249
0.018685
0.015162
0.015852
0.072300
0.020485
0.023563
0.017117
0.015741
0.010615
0.026691
0.014440
0.011093
0.012083
0.023670
0.024670
0.019719
0.026080
0.017159
0.025310
0.011870
0.026544
0.026481
0.018239
0.006681
0.014152
0.019667
0.029433
0.008945
0.013930
0.020325
0.016041
0.025525
0.031214
0.028864
0.018108
0.025462
0.025136
0.015140
0.011734
0.044807
0.032937
0.025141
0.088752
0.034115
0.015569
0.037433
0.028814
0.018684
0.055638
0.031425
0.017046
0.033381
0.031979
0.011065
0.040514
0.034117
0.039032
0.056187
0.023810
0.052602
0.043015
0.031030
0.020743
0.019801
0.023717
0.060438
0.017297
0.019229
0.010790
0.010506
0.021270
0.077038
0.006703
0.004348
0.022736
0.007735
0.022011
0.021378
0.005248
0.010304
0.103420
0.008963
0.019880
0.024086
0.021766
0.003739
0.038061
0.007076
0.010539
0.017544
0.028669
0.017732
0.030435
0.010420
0.013960
0.036753
0.014797
0.037194
0.035896
0.008823
0.004928
0.010202
0.016690
0.046864
0.010964
0.007494
0.018994
0.020821
0.057071
0.007514
0.011603
0.017062
0.007711
0.024238
0.021472
0.010235
0.004667
0.073288
0.010971
0.013489
0.019646
0.015610
0.015140
0.036467
0.020747
0.005189
0.023290
0.015568
0.015265
0.030502
0.016121
0.017451
0.037909
0.009272
0.045024
0.037930
0.008064
0.010273
0.005183
0.008187
0.034613
0.006154
0.011163
0.038270
0.077647
0.021032
0.013710
0.014242
0.021751
0.035703
0.033711
0.014221
0.015203
0.142601
0.013392
0.024799
0.049820
0.044595
0.013536
0.061548
0.018412
0.018435
0.037341
0.038992
0.015113
0.046320
0.008666
0.016368
0.057417
0.032368
0.059685
0.056146
0.013975
0.020095
0.020692
0.017818
0.067006
0.019590
0.011943
0.089523
0.016335
0.025792
0.030200
0.026964
0.034644
0.009468
0.023445
0.022675
0.057909
0.030476
0.041060
0.012489
0.015699
0.028738
0.010484
0.015749
0.016340
0.009514
0.022586
0.043594
0.006044
0.040904
0.020357
0.008577
0.012304
0.014707
0.013952
0.029089
0.012059
0.018191
0.033971
0.012920
0.014145
0.027190
0.066923
0.081772
0.067533
0.057317
0.042715
0.106871
0.093491
0.070279
0.112883
0.091420
0.040688
0.092072
0.080939
0.068973
0.120670
0.099257
0.059045
0.093790
0.078038
0.035766
0.098795
0.087724
0.102489
0.123136
0.067739
0.121623
0.095887
0.081935
0.076095
0.062396
0.058939
0.116950
0.060110
0.061510
0.006881
0.022589
0.004935
0.017646
0.018248
0.008465
0.010116
0.079383
0.012637
0.017770
0.016165
0.014611
0.008980
0.030417
0.012554
0.005520
0.016127
0.017602
0.018783
0.023629
0.016810
0.018180
0.029921
0.006355
0.034183
0.030831
0.010815
0.003702
0.005334
0.012402
0.033731
0.007189
0.010431
0.025643
0.008101
0.025985
0.022146
0.003567
0.010132
0.102564
0.007820
0.023981
0.023690
0.021889
0.008356
0.044417
0.009334
0.012819
0.018650
0.032212
0.022311
0.036936
0.010756
0.015680
0.039351
0.017150
0.046117
0.047678
0.005573
0.005818
0.011559
0.017099
0.048006
0.013808
0.008894
0.028250
0.043854
0.027647
0.022281
0.016177
0.115389
0.019295
0.029277
0.042309
0.038676
0.028387
0.045666
0.029015
0.016560
0.038157
0.025196
0.022604
0.035191
0.020508
0.018306
0.045458
0.026518
0.053943
0.045819
0.020878
0.025957
0.020737
0.016470
0.045394
0.017219
0.020018
0.016542
0.031072
0.011894
0.013300
0.084947
0.015551
0.014933
0.022702
0.018170
0.007398
0.046276
0.018202
0.011086
0.020321
0.025726
0.014915
0.038267
0.018666
0.025334
0.046245
0.012732
0.047408
0.042217
0.012571
0.008388
0.009668
0.014216
0.049160
0.011303
0.010673
0.048987
0.035295
0.030393
0.084332
0.043100
0.015410
0.040097
0.028654
0.016496
0.062039
0.034008
0.020746
0.029474
0.046354
0.015785
0.045016
0.039757
0.049435
0.059856
0.021531
0.055425
0.043776
0.035344
0.018178
0.020661
0.028950
0.064712
0.019568
0.016836
0.015045
0.017191
0.069885
0.019641
0.047410
0.012808
0.021412
0.032248
0.012003
0.014671
0.017175
0.015526
0.022068
0.047142
0.008647
0.032251
0.010291
0.007839
0.015070
0.019785
0.023835
0.019820
0.014071
0.018748
0.029012
0.013017
0.016146
0.027367
0.005904
0.099406
0.004509
0.027577
0.021304
0.020243
0.012509
0.035811
0.009524
0.011904
0.019101
0.026653
0.026874
0.031988
0.008542
0.008876
0.032820
0.015082
0.042650
0.043817
0.003584
0.007740
0.010040
0.014246
0.038351
0.012620
0.010692
0.083711
0.008905
0.016386
0.023993
0.020342
0.017485
0.038178
0.019745
0.006558
0.024754
0.020267
0.018014
0.031377
0.011290
0.012407
0.036038
0.011789
0.049668
0.043872
0.003995
0.011276
0.005578
0.006675
0.033203
0.007765
0.009023
0.112141
0.096216
0.045077
0.047670
0.109464
0.063218
0.103207
0.078699
0.062746
0.076589
0.114100
0.064976
0.138336
0.102020
0.061961
0.058317
0.077899
0.074738
0.098748
0.077340
0.075862
0.096702
0.043743
0.071160
0.101355
0.027712
0.027525
0.030260
0.016843
0.041096
0.015269
0.013142
0.029534
0.024952
0.026742
0.036892
0.007137
0.010636
0.041342
0.021649
0.048454
0.049817
0.004480
0.013709
0.014112
0.013414
0.045975
0.015465
0.015417
0.047539
0.039004
0.017662
0.068372
0.040464
0.013770
0.040493
0.037079
0.005762
0.052029
0.024107
0.041704
0.070112
0.021010
0.073487
0.053746
0.020131
0.021856
0.013622
0.012916
0.066494
0.014889
0.011213
0.008616
0.032263
0.013791
0.020177
0.018956
0.013438
0.023045
0.050508
0.016848
0.045079
0.025940
0.013943
0.011966
0.021006
0.025997
0.027423
0.013046
0.018635
0.036103
0.018219
0.017222
0.033562
0.027820
0.025012
0.021360
0.019017
0.013604
0.026578
0.042754
0.025358
0.040511
0.028184
0.023638
0.011335
0.029760
0.031012
0.026659
0.013345
0.015237
0.029850
0.023263
0.016428
0.027819
0.050032
0.013550
0.014960
0.020931
0.037921
0.014631
0.038821
0.016383
0.023260
0.048257
0.018474
0.045310
0.040319
0.015237
0.008444
0.014722
0.019655
0.058931
0.013737
0.007358
0.027201
0.029614
0.024380
0.023733
0.071113
0.006064
0.056939
0.027383
0.004396
0.023419
0.010296
0.015088
0.046229
0.027012
0.033050
0.049720
0.010364
0.029035
0.051513
0.018395
0.014358
0.030877
0.035287
0.020787
0.020563
0.012104
0.022996
0.020147
0.021523
0.028463
0.018304
0.007559
0.018324
0.030042
0.039588
0.018971
0.019259
0.022411
0.013523
0.014437
0.021340
0.014959
0.018099
0.030659
0.005761
0.037282
0.028158
0.010985
0.007214
0.002173
0.008206
0.031705
0.003045
0.010450
0.039120
0.042345
0.018777
0.039807
0.023399
0.019401
0.014366
0.025239
0.024293
0.025740
0.010204
0.020745
0.035634
0.025750
0.015805
0.021238
0.037837
0.022255
0.031229
0.021621
0.028927
0.019585
0.031692
0.031760
0.027228
0.024767
0.018101
0.020267
0.024998
0.020708
0.037076
0.051955
0.020677
0.037314
0.070836
0.024469
0.071347
0.053652
0.021332
0.022364
0.015858
0.014274
0.073700
0.016152
0.009981
0.048264
0.022372
0.005693
0.018335
0.008880
0.009293
0.039445
0.019833
0.025920
0.039491
0.013245
0.020250
0.037759
0.015690
0.055982
0.027952
0.061643
0.057484
0.007770
0.019337
0.015954
0.010983
0.061283
0.020057
0.013563
0.023261
0.024526
0.030099
0.037236
0.012799
0.017278
0.021297
0.019222
0.028202
0.018711
0.022189
0.023856
0.010221
0.018873
0.043000
0.024496
0.033463
0.049786
0.008659
0.029257
0.048248
0.032359
0.021895
0.017309
0.007022
0.004516
0.016351
0.023956
0.004752
0.014025
0.012195
0.055455
0.028499
0.042792
0.058444
0.024874
0.036996
0.055143
0.052769
0.027201
0.031984
0.048762
0.028889
0.026936
0.042226
0.011599
0.010144
0.009685
0.043634
0.012297
0.009404
0.006672
0.018876
0.032800
0.006576
0.009620
0.009683
0.033907
0.004400
0.009488
0.043764
0.010354
0.012383
0.029459
0.052132
0.008285
