0.029133
0.039061
0.012293
0.014767
0.004025
0.018563
0.043568
0.018215
0.016076
0.040464
0.046337
0.014495
0.006634
0.018392
0.151067
0.035362
0.040761
0.052108
0.017836
0.042423
0.009088
0.029880
0.018673
0.039180
0.029772
0.034491
0.018807
0.021696
0.106938
0.089718
0.038521
0.032283
0.040862
0.009273
0.025059
0.012239
0.035638
0.016402
0.009502
0.047575
0.046570
0.054910
0.011095
0.016192
0.018730
0.018464
0.019750
0.029588
0.009922
0.021607
0.020353
0.042875
0.025550
0.015218
0.015734
0.020108
0.026290
0.010879
0.020705
0.026337
0.032490
0.021107
0.267514
0.014079
0.013249
0.015786
0.019338
0.017973
0.015437
0.015101
0.005566
0.012671
0.055961
0.017313
0.014547
0.010649
0.055824
0.161782
0.063596
0.021270
0.021791
0.012856
0.025278
0.018499
0.011184
0.029936
0.034662
0.011779
0.014015
0.012497
0.036155
0.015643
0.024436
0.022415
0.067257
0.058238
0.012106
0.026002
0.030399
0.031476
0.012544
0.006880
0.017569
0.022137
0.015547
0.011843
0.016101
0.035035
0.011129
0.265023
0.014635
0.013247
0.017505
0.023802
0.011340
0.016340
0.009129
0.018252
0.016604
0.048112
0.013570
0.013713
0.010589
0.082160
0.140715
0.071146
0.019132
0.015419
0.019096
0.008930
0.022210
0.015101
0.017768
0.035454
0.018997
0.019372
0.020779
0.038653
0.015176
0.020074
0.015760
0.051139
0.051056
0.016239
0.022363
0.010947
0.016129
0.028628
0.018158
0.012107
0.024464
0.030036
0.015316
0.017861
0.011294
0.201245
0.029330
0.023565
0.037078
0.012496
0.028386
0.007728
0.012977
0.012282
0.021801
0.041083
0.020042
0.016777
0.017325
0.090165
0.121448
0.055437
0.012905
0.023990
0.011445
0.020817
0.011034
0.022623
0.015084
0.015361
0.035902
0.035559
0.034215
0.018821
0.007902
0.009188
0.015326
0.029793
0.023989
0.010173
0.011015
0.018922
0.046197
0.013019
0.022637
0.053633
0.052263
0.012649
0.008728
0.017580
0.143489
0.046308
0.049824
0.062060
0.032665
0.046664
0.015850
0.033138
0.032368
0.051438
0.010844
0.043851
0.018276
0.026012
0.125089
0.056890
0.025559
0.043200
0.053137
0.019963
0.013253
0.013353
0.049404
0.008780
0.008594
0.057714
0.051053
0.069705
0.017398
0.020131
0.028749
0.013910
0.019129
0.021885
0.017455
0.013430
0.036299
0.011698
0.013393
0.038076
0.039478
0.008508
0.003367
0.012565
0.162041
0.032166
0.035327
0.047128
0.020274
0.037049
0.007467
0.025814
0.017294
0.035494
0.021294
0.032246
0.012959
0.016620
0.110410
0.089549
0.032732
0.029980
0.039969
0.009947
0.018008
0.007729
0.032415
0.011721
0.005460
0.043624
0.041492
0.051715
0.010382
0.012704
0.018396
0.012554
0.022105
0.022691
0.008020
0.015833
0.010705
0.018272
0.019631
0.022053
0.008984
0.017706
0.008355
0.226816
0.017184
0.018544
0.025717
0.020150
0.019370
0.008706
0.013148
0.013322
0.019327
0.029182
0.018671
0.008049
0.007194
0.078085
0.120919
0.043295
0.020950
0.025837
0.009855
0.010866
0.012926
0.018304
0.012770
0.016827
0.021288
0.020998
0.028975
0.023774
0.008936
0.019231
0.010010
0.040488
0.035695
0.009408
0.022808
0.025446
0.006295
0.006210
0.020850
0.044156
0.014529
0.299738
0.007591
0.004135
0.005993
0.022805
0.006438
0.018828
0.007547
0.013495
0.008876
0.064499
0.007923
0.017447
0.008794
0.071157
0.175113
0.086880
0.014522
0.009097
0.019490
0.018143
0.028646
0.006255
0.032620
0.047344
0.009565
0.012042
0.009957
0.047329
0.016738
0.020789
0.019600
0.063663
0.065563
0.017864
0.019387
0.026714
0.027630
0.008133
0.013595
0.009850
0.194787
0.023240
0.025129
0.031805
0.023537
0.021893
0.007891
0.016720
0.016268
0.029751
0.019457
0.029729
0.007511
0.008879
0.093188
0.093152
0.031389
0.029493
0.031295
0.011387
0.007669
0.013625
0.024020
0.013415
0.017559
0.029495
0.019105
0.040183
0.024181
0.016311
0.026694
0.003075
0.028530
0.033966
0.005930
0.026701
0.019434
0.010288
0.014575
0.009633
0.204229
0.019382
0.020822
0.032952
0.010979
0.019369
0.007669
0.015687
0.014434
0.023878
0.034298
0.016638
0.011123
0.018800
0.121537
0.119163
0.066121
0.015942
0.023335
0.013911
0.014048
0.009208
0.021255
0.015379
0.015677
0.030208
0.036059
0.034709
0.012884
0.008346
0.012953
0.015435
0.028716
0.024483
0.010762
0.009229
0.029004
0.047598
0.018604
0.306380
0.006569
0.004576
0.005170
0.015541
0.006178
0.017423
0.008621
0.010413
0.003543
0.072583
0.007797
0.020292
0.010727
0.064645
0.191300
0.092170
0.010932
0.005888
0.019788
0.025788
0.029744
0.002532
0.039388
0.050056
0.005942
0.011068
0.004074
0.050753
0.016957
0.019660
0.023580
0.069442
0.071939
0.016977
0.024641
0.044967
0.016793
0.303762
0.006864
0.005166
0.009129
0.020263
0.003341
0.019532
0.011683
0.017450
0.009551
0.066068
0.009147
0.016589
0.016044
0.095478
0.185700
0.100840
0.013821
0.010413
0.024396
0.020910
0.030128
0.006777
0.034097
0.048135
0.009672
0.015843
0.010825
0.044132
0.018823
0.023494
0.023297
0.065582
0.061547
0.020264
0.011050
0.004849
0.189642
0.022441
0.022092
0.034510
0.021254
0.023734
0.007699
0.014594
0.017137
0.029188
0.023904
0.024859
0.010010
0.009506
0.101366
0.094817
0.040143
0.022771
0.027885
0.010132
0.007810
0.011545
0.024379
0.011438
0.014192
0.034750
0.029099
0.041693
0.018659
0.011322
0.019406
0.006039
0.019454
0.026438
0.007658
0.017389
0.146246
0.037763
0.042876
0.055105
0.026510
0.042113
0.010794
0.032780
0.022746
0.044957
0.015246
0.039208
0.013088
0.022940
0.125242
0.075818
0.029149
0.039932
0.049996
0.013640
0.017827
0.007704
0.040771
0.011974
0.004074
0.049713
0.047564
0.061142
0.007303
0.016683
0.025210
0.015823
0.022956
0.019199
0.011101
0.222106
0.017752
0.015314
0.024171
0.014320
0.015138
0.005503
0.009020
0.013008
0.016247
0.031168
0.014701
0.010522
0.006827
0.099138
0.117583
0.052318
0.010781
0.016513
0.013069
0.006896
0.010650
0.014986
0.011574
0.017496
0.024858
0.025796
0.028876
0.024980
0.007098
0.011678
0.006651
0.027722
0.031220
0.007392
0.283743
0.297902
0.324319
0.235670
0.296120
0.203637
0.257976
0.237969
0.308320
0.153019
0.286008
0.217384
0.242065
0.348605
0.052512
0.130257
0.277502
0.293822
0.194210
0.215032
0.191238
0.293271
0.177312
0.155529
0.320364
0.289539
0.339452
0.151349
0.227959
0.229574
0.202710
0.122567
0.152366
0.198277
0.006812
0.008094
0.014687
0.004723
0.015252
0.012619
0.012299
0.008858
0.058888
0.009251
0.012561
0.010691
0.083640
0.174500
0.086845
0.016850
0.011532
0.016971
0.020420
0.026293
0.005443
0.033869
0.042231
0.006592
0.012558
0.011085
0.039645
0.016479
0.021707
0.020221
0.062240
0.064204
0.014841
0.006660
0.018858
0.005188
0.017182
0.006091
0.011506
0.006030
0.065865
0.007129
0.016598
0.010707
0.072118
0.183110
0.090044
0.010209
0.008794
0.018937
0.021317
0.025840
0.004467
0.036084
0.045456
0.008756
0.011276
0.007034
0.044769
0.013864
0.020243
0.020245
0.063962
0.059400
0.017258
0.024134
0.007405
0.024691
0.014053
0.015018
0.007361
0.079266
0.009606
0.024387
0.015449
0.074053
0.201450
0.104269
0.018438
0.010347
0.027044
0.028906
0.036374
0.004560
0.046918
0.059825
0.005380
0.012771
0.006378
0.058087
0.023773
0.026850
0.028595
0.080416
0.083161
0.023368
0.016036
0.007594
0.014469
0.011312
0.013849
0.051231
0.011465
0.016101
0.016719
0.098147
0.147467
0.080694
0.010964
0.014195
0.013956
0.020732
0.016602
0.014284
0.023269
0.026723
0.021851
0.029326
0.022725
0.026171
0.009852
0.008687
0.019571
0.040713
0.048738
0.011227
0.015558
0.009516
0.014800
0.007988
0.057672
0.008210
0.013593
0.013044
0.091837
0.177384
0.091769
0.013140
0.009015
0.022370
0.016492
0.026937
0.005628
0.033411
0.044800
0.006859
0.012170
0.010420
0.043806
0.016124
0.021744
0.017927
0.062531
0.060437
0.017027
0.010877
0.007849
0.017155
0.028068
0.014546
0.005675
0.008012
0.095930
0.113693
0.049237
0.014338
0.018713
0.006185
0.009117
0.006801
0.014337
0.010859
0.012406
0.022259
0.023047
0.028146
0.014851
0.006118
0.009602
0.006906
0.026114
0.030701
0.002733
0.010001
0.009872
0.051899
0.007850
0.013351
0.009168
0.070434
0.148839
0.071485
0.008279
0.009624
0.013092
0.013506
0.018308
0.009174
0.022647
0.032288
0.016778
0.014735
0.014881
0.033455
0.008336
0.012143
0.012371
0.044337
0.043140
0.011650
0.012106
0.050077
0.010536
0.012289
0.009574
0.067204
0.141867
0.061195
0.013818
0.014306
0.006632
0.018951
0.012709
0.008510
0.022448
0.026683
0.014125
0.018259
0.014731
0.024280
0.009510
0.012555
0.016079
0.046295
0.045091
0.005845
0.069416
0.005242
0.020176
0.012932
0.077663
0.193401
0.094470
0.006492
0.007564
0.022724
0.025651
0.026482
0.003792
0.036234
0.044041
0.007626
0.018971
0.005347
0.048194
0.012809
0.014706
0.024895
0.070600
0.064987
0.019202
0.064448
0.023236
0.040214
0.161626
0.061755
0.023329
0.064114
0.079019
0.037679
0.021782
0.022426
0.066841
0.022117
0.014513
0.067969
0.062065
0.089758
0.026818
0.034942
0.053264
0.022624
0.036812
0.025196
0.031675
0.017841
0.015221
0.086284
0.177014
0.095297
0.006773
0.007864
0.018675
0.021560
0.021818
0.006951
0.029346
0.038341
0.010979
0.023495
0.010082
0.036001
0.009358
0.008380
0.023872
0.059980
0.055240
0.018052
0.009518
0.098833
0.118361
0.049046
0.022805
0.026616
0.009571
0.008256
0.008772
0.017266
0.012406
0.014252
0.018844
0.017885
0.028347
0.015614
0.008768
0.019645
0.008544
0.040317
0.029795
0.006935
0.071547
0.134304
0.052054
0.016453
0.015531
0.009300
0.011582
0.015461
0.009611
0.019644
0.026120
0.015820
0.012410
0.020166
0.032688
0.011125
0.018192
0.008753
0.042735
0.048742
0.006170
0.238795
0.125317
0.090618
0.078571
0.071808
0.104653
0.106829
0.074349
0.110618
0.129399
0.078214
0.058184
0.063585
0.130415
0.091450
0.098405
0.093751
0.144313
0.153377
0.082937
0.048118
0.172267
0.183981
0.110604
0.101722
0.102787
0.182892
0.083752
0.082208
0.195203
0.170568
0.216887
0.089426
0.131672
0.142552
0.101028
0.060013
0.086140
0.109094
0.091259
0.102341
0.045424
0.046990
0.042356
0.088536
0.040062
0.032636
0.093916
0.076535
0.111322
0.048800
0.059352
0.078228
0.039822
0.048353
0.046931
0.043084
0.007736
0.021935
0.023647
0.023751
0.009851
0.029696
0.037266
0.020053
0.029991
0.015823
0.040847
0.010179
0.008693
0.021560
0.050618
0.048883
0.018541
0.022415
0.025407
0.033488
0.005158
0.037200
0.053226
0.016039
0.022064
0.010593
0.051066
0.019120
0.014333
0.025279
0.057020
0.070482
0.018578
0.015840
0.011937
0.017258
0.014496
0.018025
0.025276
0.021309
0.029367
0.014583
0.010654
0.015253
0.011806
0.029844
0.036762
0.003622
0.011437
0.023067
0.010059
0.019676
0.027980
0.024500
0.036271
0.025104
0.011802
0.020971
0.006367
0.030869
0.033665
0.010149
0.026100
0.010099
0.007636
0.032201
0.035293
0.037813
0.011921
0.006600
0.015207
0.014186
0.034551
0.022582
0.008708
0.035130
0.044548
0.006632
0.013323
0.006083
0.044170
0.015117
0.016804
0.020797
0.062704
0.065339
0.013612
0.009613
0.042518
0.041584
0.049453
0.013809
0.014646
0.019662
0.014795
0.025607
0.022831
0.012581
0.052398
0.052991
0.062815
0.008359
0.013994
0.023564
0.018510
0.028211
0.014251
0.016438
0.012671
0.005993
0.051657
0.022187
0.029596
0.028506
0.083005
0.076474
0.022433
0.016977
0.053087
0.026969
0.039306
0.019101
0.070248
0.073529
0.018836
0.061219
0.024208
0.026887
0.037676
0.090632
0.083712
0.027494
0.018367
0.023696
0.025116
0.028148
0.017845
0.016770
0.006843
0.012070
0.039401
0.028119
0.009454
0.021087
0.037742
0.038630
0.014012
0.024871
0.032000
0.006593
0.035214
0.027217
0.035173
