0.107754
0.071259
0.165861
0.093903
0.017582
0.103897
0.030409
0.061955
0.094183
0.099465
0.168311
0.075176
0.135955
0.131458
0.134340
0.035078
0.119650
0.035424
0.044218
0.076367
0.077846
0.069084
0.145692
0.065381
0.053070
0.155421
0.047848
0.030580
0.086395
0.081427
0.066289
0.130203
0.056046
0.160636
0.138675
0.119911
0.127404
0.106711
0.235918
0.079965
0.160988
0.134783
0.084575
0.128701
0.097815
0.022920
0.041615
0.134708
0.118702
0.017911
0.038509
0.021973
0.073978
0.021278
0.031490
0.018072
0.031425
0.005656
0.024722
0.012403
0.019641
0.015839
0.020091
0.032652
0.031098
0.044962
0.038150
0.025307
0.015467
0.019972
0.019650
0.037928
0.028427
0.029764
0.022674
0.056249
0.017783
0.012904
0.014671
0.042736
0.031720
0.048558
0.021400
0.022839
0.023718
0.012336
0.097765
0.200149
0.039491
0.020520
0.021843
0.019662
0.013558
0.047512
0.028255
0.030171
0.042614
0.027892
0.025925
0.045856
0.005845
0.023122
0.007658
0.015062
0.016894
0.030258
0.009145
0.017293
0.015206
0.018052
0.012043
0.015622
0.016291
0.018951
0.009380
0.002373
0.012563
0.016977
0.025483
0.009944
0.027942
0.010614
0.050414
0.005029
0.007392
0.006593
0.023717
0.011868
0.043504
0.020597
0.012085
0.015195
0.006737
0.095309
0.199381
0.029964
0.015265
0.008791
0.012084
0.015213
0.023071
0.011870
0.015821
0.018672
0.050123
0.115889
0.017629
0.087206
0.045351
0.027651
0.041610
0.011875
0.046962
0.022901
0.019169
0.023726
0.064017
0.020858
0.062427
0.073434
0.032969
0.029667
0.041981
0.010135
0.065467
0.046687
0.029030
0.055916
0.123220
0.022529
0.037037
0.037344
0.029090
0.053197
0.029420
0.018858
0.015382
0.013366
0.016875
0.075855
0.314269
0.011855
0.010291
0.037598
0.011960
0.041818
0.085970
0.063130
0.014304
0.027556
0.066348
0.030514
0.036984
0.027054
0.045206
0.018599
0.051004
0.026786
0.050499
0.042970
0.041412
0.026720
0.050614
0.037274
0.042494
0.034807
0.029340
0.014602
0.044057
0.053903
0.029088
0.063696
0.031174
0.036362
0.031768
0.029256
0.028734
0.066989
0.042141
0.080396
0.045516
0.040705
0.040397
0.028930
0.153549
0.169612
0.047687
0.038456
0.039278
0.032691
0.038833
0.044169
0.033898
0.043783
0.058567
0.068287
0.019920
0.042524
0.054299
0.067734
0.113761
0.053663
0.102272
0.096222
0.101038
0.025611
0.083712
0.016130
0.032655
0.043562
0.051643
0.044244
0.104220
0.050252
0.030374
0.116311
0.032290
0.027617
0.053104
0.056335
0.042102
0.094346
0.040249
0.112230
0.092832
0.081729
0.082172
0.072543
0.182697
0.088441
0.107179
0.090188
0.061593
0.086531
0.070382
0.013161
0.030664
0.099683
0.085125
0.041505
0.017137
0.016522
0.020244
0.020353
0.015177
0.012601
0.011552
0.010536
0.025990
0.010926
0.030528
0.030271
0.012850
0.007004
0.017519
0.010413
0.037654
0.019709
0.019314
0.023247
0.071107
0.008092
0.013008
0.016079
0.016659
0.020533
0.039571
0.013447
0.007860
0.008871
0.006662
0.076921
0.237520
0.018065
0.008225
0.011951
0.005645
0.017944
0.042633
0.027228
0.006416
0.010630
0.014275
0.041089
0.027241
0.078279
0.016841
0.056360
0.052017
0.055358
0.009036
0.058354
0.019151
0.014753
0.027705
0.023874
0.025546
0.064401
0.034315
0.018950
0.071491
0.009338
0.017101
0.028045
0.021951
0.015982
0.071644
0.020612
0.090189
0.057386
0.050798
0.055274
0.038233
0.155103
0.112292
0.081414
0.058500
0.029228
0.053570
0.030795
0.010026
0.008237
0.064411
0.060285
0.023609
0.018247
0.042493
0.006030
0.022511
0.020870
0.024859
0.008314
0.026490
0.021294
0.017654
0.014003
0.006998
0.016475
0.029004
0.026004
0.011423
0.034831
0.007385
0.040245
0.009585
0.004849
0.006039
0.038682
0.011180
0.054087
0.027078
0.019918
0.024558
0.013083
0.116198
0.179277
0.045466
0.025920
0.012159
0.023169
0.013076
0.018166
0.005635
0.028166
0.030178
0.032728
0.020910
0.030789
0.032102
0.022157
0.036953
0.031159
0.022846
0.026607
0.049345
0.008917
0.014181
0.024164
0.025554
0.031762
0.014416
0.045128
0.027477
0.073023
0.009483
0.025931
0.017076
0.029928
0.029511
0.019546
0.021936
0.022639
0.014803
0.014662
0.078826
0.220401
0.019507
0.013483
0.029303
0.016277
0.034470
0.032963
0.027666
0.028617
0.031251
0.030373
0.010348
0.022052
0.019384
0.018964
0.028895
0.034798
0.041385
0.032832
0.025908
0.014561
0.021150
0.022430
0.039776
0.027263
0.031250
0.019773
0.049074
0.016708
0.013063
0.013985
0.048275
0.030351
0.057562
0.020704
0.022879
0.026335
0.013837
0.110265
0.185694
0.039778
0.024120
0.019841
0.020523
0.015273
0.044184
0.025424
0.030875
0.041128
0.040880
0.018722
0.013361
0.023417
0.066986
0.022248
0.068678
0.078395
0.027756
0.027110
0.042139
0.008903
0.061441
0.042287
0.025101
0.054905
0.117555
0.021261
0.032681
0.033638
0.029684
0.055025
0.017267
0.009833
0.016106
0.008954
0.014445
0.059087
0.298914
0.009456
0.005506
0.037936
0.010666
0.033868
0.082235
0.059971
0.020882
0.035305
0.017220
0.017800
0.015006
0.014807
0.027043
0.030412
0.016630
0.020970
0.007690
0.021277
0.024766
0.031774
0.019410
0.024663
0.011954
0.044819
0.012920
0.004322
0.008956
0.037865
0.013111
0.062090
0.021944
0.018508
0.025077
0.012771
0.107882
0.182713
0.048200
0.026158
0.009467
0.020747
0.007160
0.027501
0.011715
0.024792
0.027302
0.004543
0.004866
0.045090
0.014485
0.060041
0.045595
0.027938
0.013475
0.037926
0.005176
0.046229
0.038281
0.005441
0.032846
0.100805
0.015521
0.013387
0.022187
0.020644
0.030518
0.038947
0.009565
0.007677
0.013753
0.008585
0.067383
0.282931
0.028411
0.011802
0.013589
0.010396
0.012763
0.066489
0.037871
0.009726
0.017976
0.008494
0.041462
0.018858
0.053802
0.050162
0.023775
0.011567
0.031681
0.004905
0.041736
0.034432
0.013932
0.030588
0.095046
0.011013
0.015050
0.018005
0.025621
0.033730
0.030967
0.009890
0.011088
0.013090
0.003700
0.075900
0.274054
0.021341
0.006914
0.018610
0.006300
0.016829
0.058767
0.034647
0.011076
0.024341
0.042668
0.017862
0.058707
0.040559
0.031430
0.015751
0.034719
0.007797
0.050418
0.039660
0.006256
0.035171
0.093332
0.018579
0.014701
0.023872
0.023785
0.029475
0.051453
0.009807
0.008557
0.015493
0.010602
0.078590
0.270622
0.030346
0.013827
0.013778
0.010704
0.011949
0.066626
0.040435
0.006933
0.015797
0.040869
0.010541
0.012501
0.020035
0.015366
0.014259
0.049804
0.027782
0.010939
0.060272
0.006819
0.023232
0.020051
0.016863
0.013335
0.051941
0.011948
0.077023
0.048668
0.036679
0.041335
0.026640
0.144151
0.143615
0.063072
0.043550
0.020928
0.037916
0.027841
0.009277
0.006492
0.042240
0.041890
0.044116
0.042217
0.015936
0.016290
0.028754
0.013465
0.037756
0.023489
0.018566
0.034342
0.089845
0.019004
0.021204
0.025331
0.005868
0.023236
0.026827
0.016642
0.010085
0.010133
0.016048
0.049693
0.269323
0.024550
0.013559
0.014325
0.015177
0.024973
0.056515
0.037067
0.010566
0.010283
0.019396
0.020753
0.022138
0.018912
0.057402
0.026896
0.013061
0.073495
0.015243
0.031256
0.022871
0.028830
0.018747
0.052261
0.018726
0.071236
0.055758
0.044239
0.043830
0.034970
0.135968
0.139037
0.062844
0.048668
0.032961
0.044102
0.042577
0.011944
0.017356
0.051656
0.046537
0.028767
0.022297
0.027208
0.053497
0.038018
0.023887
0.053085
0.011985
0.032087
0.028003
0.019140
0.018505
0.050362
0.010756
0.095538
0.051034
0.037255
0.047750
0.037130
0.133780
0.151092
0.079049
0.055611
0.016456
0.048597
0.024871
0.024844
0.016164
0.045512
0.035143
0.009706
0.014339
0.024845
0.030617
0.005861
0.040439
0.017404
0.050769
0.009620
0.016981
0.011299
0.022450
0.015980
0.030285
0.021766
0.016303
0.013111
0.014225
0.080517
0.203942
0.024042
0.015861
0.014748
0.018324
0.025920
0.025779
0.016067
0.024366
0.022764
0.015922
0.015045
0.024978
0.011379
0.023901
0.011629
0.054613
0.004144
0.005565
0.006532
0.023746
0.012879
0.039703
0.016592
0.011138
0.013937
0.005726
0.088439
0.204612
0.029452
0.013757
0.008767
0.011396
0.011782
0.025572
0.011955
0.016106
0.019101
0.034649
0.027022
0.012683
0.053443
0.015828
0.032978
0.018563
0.021958
0.016384
0.037477
0.022190
0.053639
0.037126
0.029309
0.028104
0.018757
0.114676
0.173063
0.037365
0.026328
0.023312
0.024170
0.030540
0.026688
0.019613
0.029780
0.036681
0.050391
0.036918
0.010696
0.038621
0.104767
0.014600
0.018604
0.023580
0.018925
0.036050
0.030114
0.007487
0.006003
0.008221
0.006423
0.064730
0.290788
0.016709
0.005345
0.018941
0.005902
0.019341
0.071099
0.044882
0.007427
0.018908
0.024848
0.059182
0.019589
0.054549
0.030152
0.032946
0.024346
0.042154
0.024349
0.050622
0.051568
0.045667
0.048003
0.035425
0.100543
0.176484
0.067467
0.047118
0.034338
0.044131
0.040835
0.031007
0.027519
0.048591
0.048484
0.051605
0.013628
0.033471
0.014268
0.016872
0.011843
0.033211
0.012749
0.043776
0.032461
0.024959
0.022442
0.020649
0.102314
0.166566
0.039712
0.027139
0.018482
0.028058
0.027294
0.014226
0.010330
0.034636
0.032822
0.048055
0.119278
0.027171
0.021248
0.034529
0.022515
0.037638
0.049005
0.011409
0.011541
0.018564
0.019573
0.061410
0.299271
0.037704
0.020084
0.020523
0.018067
0.016877
0.082203
0.053935
0.013722
0.018018
0.031151
0.013383
0.012163
0.007415
0.046016
0.011529
0.064343
0.039167
0.030164
0.035364
0.020511
0.122325
0.157940
0.057350
0.037476
0.015038
0.032228
0.020232
0.017444
0.007420
0.039049
0.038409
0.062319
0.053051
0.043914
0.105871
0.043594
0.129328
0.096948
0.086403
0.089477
0.072183
0.202433
0.077704
0.113996
0.094509
0.058730
0.089822
0.065579
0.024535
0.029550
0.098981
0.095500
0.008314
0.005238
0.029246
0.018503
0.033822
0.014166
0.011192
0.011232
0.004913
0.090671
0.215006
0.023007
0.011112
0.013585
0.009768
0.014767
0.030212
0.016000
0.018673
0.022870
0.006651
0.031665
0.011547
0.051816
0.017534
0.012633
0.016422
0.009086
0.099305
0.201891
0.040857
0.020428
0.007782
0.017705
0.004390
0.031582
0.012622
0.021684
0.024766
0.036237
0.012013
0.044006
0.021315
0.017502
0.020092
0.009897
0.104158
0.183856
0.039292
0.021349
0.011605
0.019987
0.011980
0.021450
0.008836
0.027945
0.030352
0.027282
0.031590
0.022824
0.015325
0.016061
0.024579
0.039733
0.290642
0.030607
0.019036
0.020025
0.021145
0.033694
0.067814
0.049372
0.012785
0.010085
0.060127
0.032926
0.022725
0.027948
0.023390
0.097244
0.184833
0.057167
0.035770
0.008577
0.031956
0.016581
0.023896
0.012164
0.029472
0.022011
0.029562
0.034609
0.024024
0.031342
0.049953
0.307401
0.023210
0.021450
0.051871
0.029770
0.058147
0.080614
0.064255
0.040468
0.047891
0.006500
0.006000
0.010468
0.062631
0.269475
0.017368
0.007315
0.020058
0.009290
0.016089
0.063833
0.041953
0.013388
0.019352
0.005691
0.008529
0.068821
0.262867
0.019026
0.007699
0.011112
0.009045
0.014452
0.055117
0.033952
0.007688
0.010673
0.009096
0.060019
0.266439
0.011622
0.004322
0.018290
0.007265
0.018611
0.056859
0.037753
0.011880
0.017441
0.085675
0.241115
0.018568
0.005616
0.013044
0.004654
0.013571
0.042296
0.023112
0.010942
0.022389
0.393316
0.075170
0.065993
0.084369
0.075024
0.090815
0.155906
0.132182
0.070245
0.062257
0.300014
0.273970
0.221316
0.264540
0.216629
0.118432
0.154997
0.287397
0.270680
0.007337
0.039741
0.010285
0.048227
0.077466
0.059105
0.019514
0.032369
0.022340
0.003566
0.023323
0.058867
0.040324
0.009125
0.020728
0.019410
0.010750
0.038067
0.016621
0.016429
0.014557
0.021818
0.055741
0.036179
0.007860
0.019469
0.044928
0.023573
0.024208
0.027312
0.009407
0.065751
0.059658
0.043295
0.041168
0.007997
