0.660016
0.771668
0.734971
0.717321
0.769601
0.786722
0.645330
0.705012
0.778198
0.707645
0.762548
0.714619
0.750870
0.707072
0.745629
0.655881
0.839537
0.713083
0.636974
0.618916
0.741876
0.768501
0.705363
0.753396
0.769219
0.835913
0.750837
0.679047
0.808818
0.703849
0.713230
0.703257
0.809830
0.751002
0.687642
0.828345
0.772483
0.783027
0.711061
0.672869
0.755179
0.765830
0.636270
0.752080
0.675770
0.819824
0.688331
0.734230
0.639734
0.539785
0.485983
0.519543
0.597005
0.569291
0.528587
0.577104
0.685926
0.579396
0.697372
0.453534
0.567423
0.661457
0.587330
0.560887
0.753395
0.687125
0.285676
0.402860
0.526203
0.636771
0.478704
0.687501
0.790021
0.600128
0.640238
0.501007
0.476499
0.499632
0.588610
0.584759
0.556056
0.691885
0.598403
0.673283
0.586959
0.734735
0.551989
0.436254
0.553683
0.512973
0.640557
0.577314
0.547751
0.646940
0.573235
0.503903
0.447984
0.547506
0.643602
0.607895
0.550877
0.673217
0.637500
0.692241
0.639995
0.521598
0.669632
0.585974
0.780033
0.649042
0.730108
0.760369
0.599650
0.471260
0.701025
0.677463
0.755783
0.624263
0.777694
0.800260
0.681037
0.726072
0.625195
0.729902
0.725977
0.744036
0.682051
0.656279
0.627276
0.741255
0.666044
0.603466
0.733227
0.631966
0.601721
0.547313
0.524039
0.815794
0.761861
0.648379
0.639607
0.565464
0.575352
0.667282
0.696168
0.616774
0.629855
0.634788
0.674140
0.680410
0.588972
0.578802
0.547817
0.505083
0.746048
0.438993
0.556987
0.757544
0.466141
0.510462
0.584892
0.580895
0.597900
0.492275
0.716703
0.818900
0.757260
0.795849
0.647423
0.729331
0.634270
0.689408
0.598614
0.452365
0.639228
0.605428
0.567491
0.702031
0.746449
0.657718
0.529472
0.611957
0.557193
0.684140
0.770727
0.583383
0.648843
0.395998
0.594644
0.541120
0.603095
0.619837
0.581436
0.607123
0.655805
0.632936
0.606412
0.564806
0.607622
0.668462
0.664179
0.711681
0.796356
0.596780
0.363909
0.560522
0.608110
0.722210
0.605877
0.793118
0.726723
0.603071
0.635917
0.580531
0.635544
0.543357
0.675428
0.618064
0.635361
0.695194
0.710826
0.649243
0.668203
0.657947
0.266162
0.620517
0.695717
0.676188
0.774156
0.602028
0.578307
0.623397
0.604894
0.543831
0.575962
0.466682
0.629392
0.755348
0.746838
0.748270
0.506975
0.740032
0.694661
0.641798
0.674087
0.772580
0.845308
0.680205
0.557284
0.692617
0.666637
0.685136
0.570818
0.763514
0.876865
0.724005
0.718498
0.771834
0.526472
0.727464
0.763744
0.717280
0.616914
0.753932
0.877777
0.565268
0.603121
0.677321
0.529414
0.653881
0.745714
0.714651
0.811955
0.719252
0.605990
0.672767
0.652493
0.684738
0.615489
0.589323
0.705679
0.756526
0.687656
0.522638
0.731915
0.665044
0.712394
0.669137
0.729888
0.875981
0.678182
0.523762
0.674658
0.636219
0.697927
0.612662
0.780294
0.829483
0.673294
0.709441
0.724023
0.679866
0.699271
0.787081
0.667732
0.657559
0.660563
0.802042
0.590651
0.568649
0.603295
0.549157
0.595412
0.669891
0.534805
0.751636
0.646435
0.603518
0.624529
0.678559
0.609472
0.581632
0.524734
0.653634
0.472638
0.569410
0.568041
0.487734
0.683604
0.619895
0.518728
0.918250
0.701867
0.403376
0.536414
0.603308
0.544988
0.488411
0.760198
0.667578
0.561155
0.751547
0.568165
0.526809
0.515627
0.708204
0.511799
0.596519
0.623692
0.665074
0.687989
0.511239
0.765600
0.490126
0.412737
0.567011
0.562419
0.657607
0.693108
0.313087
0.549306
0.632199
0.614509
0.513965
0.539422
0.605972
0.646429
0.560870
0.555583
0.706061
0.607663
0.688772
0.947389
0.652480
0.507485
0.575283
0.565433
0.695498
0.630820
0.761839
0.560785
0.631123
0.822091
0.581297
0.719250
0.671683
0.857788
0.443677
0.793279
0.595866
0.799210
0.711166
0.409962
0.758840
0.616075
0.590603
0.648251
0.676974
0.693132
0.719806
0.571879
0.579770
0.631763
0.644528
0.607351
0.550588
0.656158
0.600098
0.639386
0.767181
0.708787
0.773247
0.948440
0.707306
0.642437
0.632151
0.649613
0.769166
0.628328
0.799725
0.681170
0.738699
0.837053
0.663865
0.815700
0.679219
0.869834
0.634186
0.719090
0.342965
0.809333
0.757242
0.706008
0.769575
0.658023
0.686257
0.630828
0.671021
0.819948
0.742461
0.710370
0.438894
0.709365
0.733747
0.682741
0.625124
0.526507
0.566525
0.721738
0.623576
0.591135
0.794061
0.674576
0.535693
0.604420
0.614911
0.709808
0.561831
0.747483
0.785001
0.736567
0.780188
0.585835
0.728514
0.623422
0.724339
0.584129
0.601171
0.644830
0.648795
0.750390
0.721442
0.828663
0.589371
0.491521
0.583264
0.706976
0.704545
0.821385
0.474980
0.653547
0.672856
0.653557
0.557771
0.746656
0.539550
0.810890
0.613119
0.786411
0.929958
0.609205
0.557241
0.788794
0.769025
0.794036
0.607963
0.760320
0.799019
0.702433
0.813810
0.705184
0.807044
0.703957
0.848413
0.564148
0.710727
0.557493
0.786285
0.576065
0.614289
0.722574
0.577959
0.694038
0.576662
0.580602
0.798987
0.770094
0.607190
0.553272
0.555371
0.774290
0.733619
0.584349
0.723097
0.531224
0.582546
0.858425
0.772857
0.455482
0.466329
0.518032
0.711999
0.570935
0.715716
0.766904
0.748071
0.821404
0.591586
0.701282
0.520063
0.677106
0.640352
0.657708
0.675805
0.543532
0.713274
0.665033
0.836289
0.613251
0.557992
0.684919
0.650060
0.538033
0.679349
0.626873
0.743889
0.679240
0.635342
0.528584
0.707449
0.445829
0.637910
0.824890
0.592253
0.507720
0.601438
0.585484
0.620591
0.513551
0.518713
0.743065
0.638461
0.711927
0.495194
0.628130
0.662891
0.771435
0.283022
0.636090
0.390873
0.672979
0.651677
0.656048
0.791602
0.652046
0.571977
0.597648
0.535991
0.732969
0.684225
0.553315
0.611133
0.549295
0.608279
0.581903
0.708018
0.654091
0.751243
0.757097
0.584390
0.674564
0.656841
0.686893
0.630637
0.544684
0.773573
0.802600
0.763435
0.736837
0.631693
0.689165
0.655142
0.672048
0.737900
0.781585
0.699973
0.697751
0.724490
0.774049
0.632685
0.703500
0.806839
0.773274
0.712857
0.758923
0.634800
0.736625
0.688845
0.789767
0.642251
0.730982
0.849982
0.652103
0.611317
0.574504
0.509336
0.608346
0.508825
0.733119
0.658973
0.764046
0.859913
0.618386
0.746092
0.713336
0.795203
0.540698
0.608640
0.523684
0.686022
0.562200
0.721503
0.754807
0.630493
0.624281
0.629299
0.607270
0.644908
0.766365
0.638786
0.662342
0.543619
0.709264
0.617083
0.651655
0.617636
0.467692
0.529189
0.519432
0.504935
0.512110
0.609526
0.708988
0.815782
0.648136
0.668568
0.737308
0.622585
0.627101
0.682959
0.538602
0.763682
0.583108
0.800452
0.692842
0.706369
0.715685
0.482992
0.585197
0.660402
0.593365
0.660525
0.581317
0.821269
0.626494
0.579690
0.526694
0.579088
0.740010
0.811052
0.867658
0.911443
0.674907
0.781298
0.886777
0.904375
0.625865
0.883114
0.898655
0.872836
0.632165
0.958501
0.676157
0.930391
0.724227
0.969738
0.857917
0.717475
0.798314
0.741394
0.853547
0.821437
0.933293
0.941557
0.881123
0.960502
0.861791
0.634507
0.706652
0.627773
0.664064
0.623482
0.694912
0.567388
0.694565
0.756800
0.764428
0.693354
0.611302
0.769354
0.759356
0.711276
0.690357
0.583739
0.716934
0.751278
0.647953
0.710172
0.664913
0.647114
0.617208
0.602683
0.633916
0.796224
0.841542
0.634287
0.664647
0.462982
0.569041
0.686858
0.462330
0.524479
0.649261
0.446293
0.654088
0.756404
0.495761
0.604877
0.429976
0.549873
0.431054
0.607191
0.525134
0.473445
0.634911
0.614263
0.655363
0.460011
0.670752
0.444220
0.445044
0.513038
0.456837
0.705985
0.558148
0.407883
0.612751
0.504242
0.442082
0.409664
0.445019
0.587773
0.440513
0.700452
0.711327
0.687327
0.718622
0.537759
0.564153
0.457636
0.739620
0.613542
0.537000
0.652769
0.638594
0.697777
0.658171
0.786904
0.638343
0.509906
0.577949
0.587202
0.565174
0.623580
0.602148
0.713098
0.576100
0.553701
0.513799
0.528473
0.542434
0.667959
0.679027
0.655213
0.730068
0.658135
0.635546
0.560186
0.748571
0.598821
0.634768
0.677561
0.652915
0.585675
0.692781
0.750539
0.671379
0.638912
0.556825
0.602683
0.689230
0.514175
0.690733
0.705219
0.578103
0.643480
0.574476
0.604972
0.693034
0.614572
0.792475
0.817210
0.731293
0.631353
0.692369
0.765058
0.609249
0.646292
0.683923
0.683962
0.651381
0.755509
0.671877
0.714979
0.591224
0.626844
0.649848
0.635523
0.632422
0.600085
0.654589
0.567636
0.712224
0.604640
0.636717
0.725820
0.658094
0.691492
0.584363
0.595248
0.589365
0.659312
0.584483
0.530281
0.589691
0.675845
0.639776
0.573550
0.744173
0.536215
0.532037
0.549110
0.575911
0.581554
0.726698
0.536663
0.631820
0.521317
0.553272
0.484081
0.868119
0.850735
0.697895
0.662648
0.761004
0.777625
0.765723
0.512009
0.811022
0.718578
0.735562
0.816811
0.721281
0.773493
0.732253
0.760472
0.725217
0.732533
0.780185
0.723063
0.710449
0.844253
0.765305
0.763320
0.624770
0.823631
0.841038
0.849618
0.875263
0.755098
0.767027
0.786509
0.771233
0.679255
0.812032
0.821915
0.729842
0.523082
0.765148
0.700868
0.826536
0.697115
0.765339
0.806900
0.715080
0.767725
0.752004
0.794201
0.717376
0.768356
0.654550
0.503296
0.572501
0.836160
0.678949
0.729939
0.748587
0.861229
0.712865
0.758877
0.851614
0.745296
0.768705
0.642594
0.637041
0.904073
0.657288
0.642498
0.676160
0.566521
0.657487
0.787501
0.747316
0.767690
0.744155
0.590113
0.861014
0.700804
0.886398
0.805975
0.856379
0.707435
0.651031
0.658533
0.761312
0.858604
0.751580
0.851728
0.712811
0.705817
0.822322
0.724529
0.554912
0.603595
0.705619
0.630871
0.806477
0.427524
0.603540
0.618564
0.806380
0.740472
0.646315
0.873995
0.649037
0.616402
0.581610
0.606526
0.780405
0.762388
0.568319
0.690806
0.607997
0.618697
0.592408
0.716142
0.808373
0.704291
0.722533
0.798163
0.792459
0.718619
0.669360
0.835451
0.687729
0.683631
0.658461
0.710492
0.789995
0.645163
0.591993
0.724171
0.584357
0.654013
0.688351
0.683941
0.655634
0.644019
0.719858
0.649390
0.669991
0.730617
0.809521
0.657995
0.644590
0.671744
0.550574
0.744814
0.652021
0.605241
0.637310
0.606055
0.658278
0.619447
0.854527
0.638303
0.891495
0.348406
0.806178
0.781854
0.680630
0.639461
0.696277
0.835161
0.713485
0.741868
0.839204
0.698195
0.852232
0.738905
0.703009
0.612251
0.679955
0.480837
0.776541
0.691602
0.643557
0.862873
0.614404
0.612107
0.627218
0.664554
0.765475
0.684579
0.539016
0.614087
0.633832
0.708410
0.615253
0.726946
0.756554
0.618797
0.713846
0.764411
0.663579
0.550712
0.637190
0.644326
0.807419
0.760081
0.547639
0.675363
0.532126
0.543307
0.493050
0.804483
0.751472
0.676413
0.784411
0.673659
0.626768
0.583021
0.554525
0.743350
0.720274
0.667326
0.498669
0.707276
0.737101
0.667182
0.779721
0.863775
0.784436
0.746972
0.618650
0.664794
0.708119
0.624118
0.764140
0.690438
0.816262
0.671757
0.758307
0.643465
0.764670
0.788598
0.672249
0.754111
0.650270
0.657622
0.790459
0.693769
0.669509
0.646112
0.502292
0.749420
0.701347
0.803973
0.503465
0.590858
0.723304
0.627167
0.753845
0.730315
0.558204
0.683963
0.710532
0.686472
0.565811
0.650069
0.736706
0.819496
0.617433
0.793420
0.788531
0.748002
0.748813
0.805676
0.656481
0.654573
0.527096
0.741360
0.653918
0.686804
0.715777
0.479797
0.613131
0.714923
0.593695
0.499997
0.610897
0.585800
0.544857
0.753269
0.455711
0.679961
0.649506
0.518834
0.423309
0.532919
0.747698
0.685610
0.670139
0.601987
0.566203
0.640226
0.702653
0.771220
0.667148
0.627485
0.606800
0.605913
0.554381
0.605114
0.778599
0.707042
0.838924
0.743094
0.787501
0.652293
0.766366
0.744269
0.664555
0.767514
0.642628
0.632323
0.580403
0.562351
0.507115
0.610475
0.747178
0.706402
0.689774
0.698452
0.519839
