0.539489
0.597740
0.574892
0.654009
0.533527
0.378613
0.592190
0.440699
0.554784
0.551426
0.414458
0.689862
0.583639
0.529667
0.481505
0.571798
0.439173
0.601484
0.601557
0.605955
0.424854
0.598401
0.458068
0.536936
0.439147
0.507647
0.481837
0.436418
0.481472
0.550258
0.549999
0.593009
0.563200
0.460128
0.546417
0.518520
0.519391
0.462413
0.619232
0.443196
0.504079
0.629115
0.516658
0.653840
0.524770
0.491651
0.712741
0.549599
0.491713
0.644633
0.588560
0.688216
0.600425
0.491118
0.718588
0.500314
0.704928
0.296456
0.583791
0.781029
0.686547
0.579281
0.489779
0.658871
0.610816
0.650642
0.558571
0.667365
0.617892
0.422088
0.563840
0.581380
0.635504
0.549844
0.509928
0.530182
0.542163
0.556128
0.672970
0.653300
0.698080
0.585111
0.632980
0.320997
0.548329
0.562159
0.694404
0.548035
0.636377
0.628188
0.603837
0.498886
0.499747
0.689951
0.663118
0.363661
0.574038
0.587717
0.613550
0.394989
0.423088
0.653354
0.497876
0.546665
0.644352
0.429048
0.614141
0.577329
0.588504
0.560889
0.552043
0.541136
0.558339
0.592665
0.562210
0.456318
0.620623
0.496544
0.596230
0.427886
0.544577
0.604263
0.435718
0.635854
0.515218
0.648407
0.582399
0.642419
0.578347
0.490108
0.644298
0.562586
0.428037
0.522057
0.484615
0.626627
0.718015
0.578123
0.525323
0.557170
0.541574
0.718065
0.601330
0.513959
0.660298
0.484532
0.405209
0.707498
0.548604
0.626865
0.586535
0.538185
0.591485
0.558463
0.564432
0.489814
0.509982
0.576318
0.482080
0.392630
0.335375
0.443218
0.604669
0.593000
0.529006
0.522849
0.604250
0.664157
0.535881
0.601941
0.553387
0.610369
0.572160
0.713319
0.629572
0.581163
0.591981
0.564940
0.510847
0.535856
0.498325
0.590567
0.565400
0.638375
0.413039
0.459941
0.607160
0.637599
0.590386
0.421349
0.635279
0.648004
0.738496
0.643883
0.667623
0.608096
0.637834
0.742337
0.728520
0.718531
0.620131
0.675660
0.649835
0.650664
0.600952
0.686462
0.677966
0.622774
0.635423
0.658167
0.633025
0.574847
0.700318
0.630795
0.684519
0.686269
0.732066
0.696604
0.755437
0.703526
0.691033
0.748930
0.715776
0.552790
0.769746
0.641968
0.735626
0.735683
0.638136
0.570693
0.652720
0.543014
0.771556
0.628382
0.633401
0.360304
0.717505
0.365328
0.513686
0.560322
0.422138
0.600655
0.436643
0.527194
0.422694
0.455749
0.548940
0.572905
0.528512
0.497770
0.419736
0.601755
0.405466
0.464686
0.357773
0.514076
0.540610
0.353338
0.487883
0.449162
0.512419
0.464510
0.676173
0.483747
0.425704
0.547045
0.444893
0.393651
0.517276
0.462743
0.499254
0.625453
0.476457
0.498201
0.533377
0.447560
0.649131
0.541685
0.454548
0.601411
0.333910
0.397296
0.532784
0.352176
0.547351
0.426759
0.378429
0.300050
0.370094
0.335233
0.466154
0.494848
0.488201
0.294250
0.489647
0.346551
0.432507
0.272633
0.411080
0.444068
0.278503
0.436130
0.517698
0.463395
0.456715
0.566608
0.406795
0.450791
0.429259
0.377774
0.318921
0.511374
0.349023
0.513794
0.510578
0.356188
0.476194
0.389113
0.497347
0.585182
0.449520
0.330136
0.602776
0.613475
0.710103
0.571097
0.774271
0.753471
0.594434
0.594992
0.699811
0.640241
0.752957
0.693060
0.685108
0.616776
0.723764
0.623506
0.649300
0.592502
0.687673
0.648767
0.624387
0.616276
0.705210
0.598254
0.748151
0.528457
0.636982
0.725819
0.758873
0.735889
0.580119
0.748018
0.590185
0.792352
0.681014
0.682081
0.618324
0.564938
0.715959
0.887563
0.705863
0.563923
0.437473
0.517372
0.325569
0.685694
0.539517
0.249353
0.367927
0.521275
0.453073
0.545469
0.467968
0.575263
0.357236
0.411101
0.253978
0.414328
0.238706
0.482015
0.318415
0.194384
0.394475
0.531033
0.453133
0.541810
0.617323
0.437869
0.408381
0.444595
0.417782
0.315126
0.559255
0.309402
0.598955
0.623886
0.303994
0.469377
0.450725
0.488772
0.677670
0.423945
0.421532
0.677277
0.495584
0.764836
0.546102
0.481030
0.501524
0.465622
0.471705
0.603108
0.586631
0.537985
0.409580
0.643407
0.470267
0.484170
0.343645
0.594868
0.520798
0.371842
0.540495
0.656466
0.607089
0.557344
0.756915
0.571742
0.551958
0.639799
0.550286
0.414946
0.620705
0.445160
0.662581
0.679296
0.489715
0.586144
0.518942
0.630602
0.775163
0.599615
0.465116
0.613933
0.712263
0.682943
0.590935
0.482545
0.683922
0.603075
0.720160
0.540102
0.663206
0.642452
0.527325
0.605091
0.578547
0.624882
0.514529
0.592355
0.553245
0.527750
0.564769
0.698148
0.679874
0.637425
0.626663
0.665858
0.430156
0.582438
0.540616
0.685938
0.596630
0.638617
0.612691
0.582247
0.510788
0.561295
0.666973
0.659525
0.335983
0.602464
0.665799
0.536535
0.469464
0.494328
0.570975
0.488836
0.547175
0.530326
0.593818
0.308403
0.518259
0.350738
0.494966
0.317295
0.497519
0.438576
0.389820
0.532610
0.532640
0.469451
0.624835
0.596560
0.487044
0.332240
0.520788
0.553290
0.360246
0.473921
0.308821
0.589414
0.562830
0.491425
0.523757
0.471697
0.381589
0.709315
0.517830
0.412437
0.664102
0.786722
0.573538
0.643395
0.560865
0.680015
0.711251
0.623569
0.620979
0.777547
0.749390
0.644181
0.678073
0.664537
0.786892
0.707815
0.738963
0.758243
0.680125
0.615350
0.752067
0.680710
0.699982
0.668119
0.610447
0.619301
0.640637
0.772005
0.703924
0.629639
0.756283
0.625684
0.733172
0.590119
0.568306
0.698432
0.612089
0.613155
0.521457
0.492856
0.561290
0.542120
0.600579
0.557404
0.488019
0.638372
0.518648
0.560502
0.481097
0.681022
0.634914
0.513693
0.538175
0.654390
0.634221
0.472436
0.692993
0.643812
0.602830
0.606574
0.491801
0.547764
0.529759
0.560861
0.514703
0.688458
0.546488
0.625311
0.563487
0.557122
0.719633
0.545478
0.522757
0.449274
0.571939
0.396861
0.623609
0.474221
0.638617
0.450079
0.529964
0.351444
0.444205
0.355475
0.522956
0.393793
0.295780
0.522774
0.551249
0.499679
0.687755
0.611050
0.542937
0.571876
0.517466
0.520133
0.361786
0.575332
0.329459
0.734198
0.608421
0.365210
0.511231
0.464661
0.632687
0.764223
0.494959
0.472371
0.483856
0.436505
0.561779
0.527368
0.570655
0.452960
0.431796
0.430791
0.429780
0.419125
0.467385
0.483078
0.387285
0.410215
0.493103
0.537379
0.456941
0.667400
0.495798
0.551555
0.418440
0.233462
0.407909
0.613552
0.438121
0.630832
0.519290
0.405421
0.461440
0.429719
0.582074
0.582680
0.412915
0.463067
0.492772
0.525379
0.551662
0.518229
0.435545
0.648586
0.571812
0.446832
0.422292
0.611883
0.630041
0.478824
0.597266
0.708320
0.612779
0.508608
0.727897
0.560900
0.630080
0.583859
0.513845
0.492559
0.560870
0.467050
0.527206
0.684633
0.581286
0.549747
0.570959
0.587233
0.703166
0.638804
0.457244
0.468035
0.523626
0.583244
0.386498
0.605501
0.482043
0.412193
0.383338
0.488547
0.491570
0.386549
0.544760
0.589779
0.562581
0.595964
0.561871
0.566730
0.610999
0.516387
0.523104
0.290020
0.523234
0.372033
0.649108
0.671565
0.448222
0.565840
0.528182
0.622043
0.729878
0.540559
0.461684
0.524920
0.528010
0.474787
0.606786
0.577731
0.565541
0.573392
0.553184
0.632586
0.544183
0.573372
0.602391
0.655746
0.607278
0.745343
0.650580
0.686536
0.607305
0.585656
0.554771
0.521218
0.500329
0.618052
0.716918
0.590633
0.557232
0.562229
0.586719
0.688215
0.587929
0.538222
0.445952
0.547070
0.606542
0.501736
0.464597
0.503546
0.552310
0.569527
0.510496
0.613863
0.588802
0.596283
0.593089
0.728286
0.654358
0.619111
0.596833
0.541784
0.431677
0.544479
0.501114
0.619412
0.639792
0.563982
0.280932
0.513668
0.690571
0.780822
0.557412
0.483471
0.500616
0.704511
0.555451
0.482022
0.501198
0.642663
0.648912
0.555272
0.649747
0.588113
0.522341
0.518342
0.722764
0.621990
0.665802
0.670321
0.624617
0.496481
0.520956
0.579761
0.570020
0.581797
0.654028
0.433079
0.544279
0.628868
0.706772
0.653354
0.527568
0.595390
0.415379
0.459575
0.244313
0.488395
0.507442
0.352083
0.587061
0.642164
0.531768
0.584001
0.571841
0.522411
0.492356
0.560135
0.560312
0.298211
0.407864
0.322324
0.530717
0.656411
0.495097
0.581492
0.497645
0.466229
0.740728
0.568720
0.396763
0.463839
0.594414
0.591114
0.541220
0.451272
0.510217
0.562998
0.575541
0.663592
0.673575
0.704197
0.597039
0.594402
0.477020
0.542793
0.518970
0.664146
0.490725
0.637667
0.659180
0.508856
0.511040
0.489408
0.612100
0.695574
0.501308
0.579804
0.454169
0.319453
0.522740
0.353212
0.297742
0.488975
0.502029
0.525346
0.576705
0.535055
0.465428
0.469306
0.522993
0.505820
0.355991
0.590401
0.376935
0.619628
0.635554
0.403835
0.545132
0.398491
0.498085
0.749300
0.480572
0.462553
0.377428
0.591422
0.493464
0.420791
0.474706
0.648896
0.510919
0.503549
0.625334
0.521921
0.583575
0.551416
0.527143
0.422794
0.514319
0.401302
0.604844
0.595491
0.510497
0.490191
0.518370
0.587947
0.648481
0.551394
0.505101
0.508870
0.477618
0.234306
0.512123
0.587171
0.510167
0.461896
0.612809
0.474566
0.443451
0.567477
0.468669
0.267782
0.503924
0.299714
0.532280
0.640113
0.356365
0.549866
0.530050
0.474734
0.791061
0.541382
0.392254
0.486239
0.433631
0.595470
0.546603
0.603605
0.692485
0.665196
0.606090
0.591302
0.512190
0.564968
0.461763
0.654170
0.511907
0.720960
0.657476
0.400543
0.536126
0.566464
0.605473
0.658510
0.548166
0.547091
0.340033
0.531461
0.523679
0.531761
0.674828
0.579862
0.518121
0.534203
0.509525
0.555575
0.461574
0.651982
0.396414
0.681617
0.629790
0.454189
0.557995
0.469496
0.588910
0.725747
0.491560
0.585449
0.459566
0.509620
0.476577
0.548523
0.603363
0.436076
0.375624
0.515194
0.447783
0.307429
0.583689
0.290054
0.631259
0.637569
0.226925
0.449544
0.419211
0.583171
0.732065
0.471349
0.454549
0.449504
0.566774
0.467841
0.659569
0.570373
0.638503
0.511432
0.382114
0.542499
0.634915
0.520194
0.666981
0.623001
0.448846
0.589136
0.557721
0.624834
0.637035
0.434846
0.542709
0.616941
0.673979
0.685509
0.624486
0.639289
0.579881
0.534069
0.562556
0.678949
0.541880
0.730841
0.679115
0.539693
0.538054
0.558300
0.616501
0.651249
0.558351
0.592772
0.685733
0.690236
0.498596
0.579925
0.623337
0.613014
0.515458
0.546790
0.533340
0.697318
0.476736
0.512757
0.481790
0.585875
0.585708
0.686158
0.633865
0.495027
0.722901
0.444059
0.668101
0.606592
0.421348
0.575564
0.616397
0.584530
0.519729
0.667050
0.594449
0.633714
0.630582
0.602415
0.689166
0.599246
0.599707
0.587606
0.765813
0.777544
0.754840
0.541378
0.620869
0.564975
0.662355
0.794761
0.649039
0.749762
0.607958
0.673505
0.788319
0.735709
0.637125
0.524081
0.564195
0.595144
0.505273
0.686460
0.526024
0.598450
0.641367
0.539999
0.610675
0.533941
0.563826
0.718935
0.593619
0.565555
0.574393
0.558420
0.500947
0.682517
0.463069
0.712168
0.667434
0.514658
0.589577
0.492029
0.511892
0.706969
0.580781
0.542894
0.410407
0.547754
0.667086
0.551649
0.628100
0.596527
0.540321
0.613026
0.543188
0.619015
0.654924
0.285158
0.540495
0.561601
0.620120
0.518701
0.586484
0.629181
0.476140
0.563757
0.560530
0.589411
0.614309
0.464627
0.520002
0.481656
0.345299
0.591672
0.559250
0.410522
0.429487
0.486290
0.532516
0.701809
0.530436
0.392205
0.442184
0.543239
0.665711
0.677567
0.573502
0.599099
0.583934
0.752594
0.621198
0.569373
0.636908
0.619386
0.390353
0.508531
0.415962
0.533358
0.756420
0.524592
0.457284
0.760529
0.691862
0.684087
0.678177
0.521953
0.820863
0.673498
0.615196
0.670190
0.417285
0.603342
0.614204
0.561556
0.555760
0.477056
0.545282
0.475531
0.630078
0.728598
0.483686
0.588602
0.496163
0.648882
0.660780
0.565747
0.423619
0.646579
0.691812
0.485592
0.523416
0.641049
0.651097
0.516242
0.682614
0.701773
0.532959
