0.040686
0.078607
0.020601
0.211617
0.030900
0.044512
0.070920
0.020178
0.048617
0.048625
0.036080
0.047910
0.086057
0.221582
0.197363
0.052153
0.087955
0.011142
0.090309
0.013640
0.020989
0.098502
0.036136
0.055163
0.041515
0.060356
0.014011
0.014276
0.017224
0.019451
0.162233
0.015614
0.085823
0.031004
0.049439
0.023286
0.040872
0.010840
0.026413
0.035236
0.024483
0.068250
0.036579
0.036324
0.050943
0.106060
0.012012
0.053634
0.014735
0.029450
0.032032
0.104932
0.012124
0.018664
0.028459
0.016565
0.029145
0.017782
0.008119
0.028547
0.061305
0.125200
0.134850
0.016175
0.037878
0.026629
0.067745
0.022402
0.020046
0.058762
0.011598
0.010658
0.008727
0.020817
0.033661
0.026382
0.021879
0.021760
0.074220
0.023241
0.033409
0.007042
0.010532
0.047303
0.013733
0.036292
0.018111
0.026100
0.016427
0.023859
0.013811
0.020123
0.010842
0.042814
0.024473
0.034154
0.026031
0.047301
0.070241
0.045756
0.024013
0.020104
0.040453
0.024130
0.032711
0.019910
0.054414
0.040614
0.077127
0.183738
0.025398
0.026204
0.057660
0.118262
0.064740
0.038785
0.067142
0.027449
0.018953
0.027886
0.049563
0.083255
0.053712
0.050811
0.042597
0.039376
0.071007
0.020323
0.027402
0.016073
0.097233
0.013963
0.066756
0.025377
0.030249
0.037854
0.019609
0.044448
0.039733
0.021726
0.041802
0.049148
0.043711
0.060052
0.163833
0.030949
0.036284
0.041587
0.017708
0.022789
0.035323
0.022725
0.028883
0.052645
0.172480
0.194065
0.028098
0.072009
0.018938
0.107819
0.024758
0.010666
0.071981
0.031431
0.039937
0.022734
0.043225
0.033040
0.007713
0.026735
0.013099
0.131219
0.029889
0.059121
0.022295
0.024530
0.052840
0.032040
0.020878
0.018749
0.013043
0.027881
0.031288
0.040091
0.035233
0.035137
0.087832
0.015664
0.058031
0.026319
0.128328
0.083506
0.070209
0.153640
0.106576
0.092510
0.088980
0.172323
0.101490
0.015655
0.271322
0.115691
0.066499
0.173911
0.240657
0.168907
0.155536
0.158574
0.115266
0.073612
0.113885
0.124608
0.196642
0.167731
0.150047
0.159661
0.032094
0.189851
0.050141
0.117499
0.086119
0.233208
0.098770
0.179301
0.111925
0.125562
0.125615
0.087748
0.140327
0.099919
0.085545
0.054214
0.162982
0.122542
0.166567
0.019294
0.040263
0.016099
0.035679
0.016902
0.012767
0.039567
0.071592
0.152626
0.173594
0.036779
0.053563
0.020450
0.088204
0.014824
0.024238
0.089106
0.021210
0.018424
0.021098
0.033085
0.023833
0.020226
0.018833
0.021947
0.098583
0.016845
0.053076
0.010429
0.026676
0.040880
0.022763
0.025293
0.021497
0.037549
0.017687
0.043518
0.017853
0.016027
0.022477
0.047275
0.020704
0.034877
0.010380
0.017317
0.022929
0.016469
0.007948
0.008355
0.064464
0.031370
0.098939
0.218159
0.038750
0.016238
0.029455
0.116857
0.032898
0.031330
0.097010
0.022850
0.014248
0.026056
0.050798
0.044404
0.029293
0.022370
0.025885
0.053236
0.041875
0.018265
0.016271
0.017184
0.069133
0.010660
0.033389
0.007500
0.030422
0.012029
0.032559
0.035905
0.006884
0.010760
0.024896
0.021191
0.017600
0.022787
0.036116
0.021183
0.023791
0.016379
0.061085
0.031355
0.078127
0.208346
0.032484
0.024784
0.046210
0.133130
0.054480
0.038178
0.083351
0.029572
0.020787
0.026810
0.050168
0.066811
0.043277
0.040454
0.043019
0.049698
0.064480
0.015432
0.027612
0.015759
0.092011
0.019728
0.053651
0.020469
0.027404
0.027497
0.020181
0.046273
0.025302
0.018840
0.040565
0.040214
0.038578
0.051210
0.024872
0.021847
0.014843
0.030849
0.061262
0.171821
0.175879
0.023607
0.050524
0.012113
0.075645
0.014971
0.009561
0.077924
0.019818
0.029838
0.013780
0.041647
0.022088
0.008770
0.015867
0.007656
0.106368
0.015817
0.052242
0.007545
0.019313
0.032970
0.014811
0.020381
0.014115
0.021733
0.013196
0.033742
0.022480
0.023927
0.020596
0.061569
0.010668
0.031753
0.014557
0.016150
0.017415
0.050474
0.013622
0.113668
0.220307
0.031179
0.032902
0.035820
0.127483
0.043877
0.021644
0.082696
0.029099
0.027707
0.020574
0.049542
0.058184
0.025614
0.036675
0.018089
0.076892
0.051234
0.026563
0.022670
0.018699
0.082969
0.022002
0.044241
0.013759
0.020825
0.023915
0.024419
0.049917
0.023266
0.017517
0.046025
0.021255
0.037108
0.035809
0.012032
0.055989
0.035612
0.117241
0.210996
0.039999
0.023328
0.034608
0.114933
0.033853
0.028897
0.096134
0.029100
0.021659
0.021667
0.044421
0.040885
0.026205
0.032379
0.023098
0.066856
0.038441
0.026692
0.014305
0.019509
0.075586
0.020702
0.039933
0.016113
0.036023
0.018545
0.036903
0.039140
0.013016
0.008115
0.020591
0.024241
0.021981
0.021526
0.036019
0.042939
0.102734
0.169813
0.017216
0.028816
0.022737
0.090406
0.021998
0.017013
0.065139
0.010840
0.007820
0.010694
0.027483
0.033895
0.019464
0.017372
0.018908
0.063545
0.028373
0.022059
0.007294
0.007283
0.052833
0.008188
0.026933
0.007654
0.015336
0.012158
0.018242
0.019048
0.011477
0.009316
0.036068
0.019405
0.028287
0.022061
0.092931
0.183286
0.101830
0.017376
0.094687
0.043907
0.061978
0.037791
0.015727
0.039862
0.028318
0.043854
0.019450
0.016810
0.045596
0.033026
0.049179
0.029420
0.137793
0.029638
0.080782
0.025579
0.032675
0.050654
0.045777
0.051941
0.047996
0.031436
0.048062
0.033753
0.024518
0.062096
0.042564
0.102869
0.042252
0.081378
0.050101
0.101830
0.286421
0.065095
0.042727
0.069688
0.187441
0.083531
0.055686
0.117808
0.061716
0.055257
0.053934
0.088241
0.098629
0.057552
0.069573
0.050956
0.085202
0.093981
0.033872
0.057717
0.043675
0.130235
0.049216
0.079030
0.033350
0.045648
0.050844
0.049227
0.092202
0.043932
0.041922
0.062080
0.048370
0.058256
0.067747
0.289592
0.124904
0.083884
0.186335
0.266651
0.186457
0.165712
0.168068
0.124373
0.086718
0.127594
0.136803
0.217727
0.182741
0.163044
0.175765
0.042400
0.211607
0.060574
0.136165
0.101726
0.246972
0.111706
0.190333
0.123213
0.130117
0.138519
0.091873
0.155438
0.112529
0.104028
0.084288
0.176549
0.144080
0.188129
0.117611
0.226641
0.195535
0.066335
0.159390
0.151835
0.080295
0.127198
0.149157
0.135184
0.092956
0.174784
0.199908
0.175064
0.178131
0.239997
0.145880
0.207218
0.155416
0.154827
0.144820
0.174586
0.199776
0.197872
0.167730
0.180838
0.157169
0.107068
0.209630
0.170461
0.238218
0.193060
0.214533
0.203779
0.058022
0.037431
0.070320
0.036786
0.017212
0.039971
0.015428
0.022823
0.009964
0.022726
0.054305
0.033116
0.034903
0.027224
0.088211
0.039332
0.042533
0.017206
0.011478
0.055217
0.020879
0.050587
0.027467
0.014028
0.033177
0.012523
0.023588
0.042511
0.025372
0.072221
0.036071
0.061311
0.051609
0.066662
0.130599
0.072417
0.058668
0.101905
0.041617
0.028783
0.044402
0.071034
0.080501
0.065388
0.054523
0.051961
0.025318
0.078371
0.011543
0.037385
0.027555
0.115168
0.021283
0.070304
0.028650
0.053694
0.033917
0.043903
0.059553
0.032535
0.015788
0.021328
0.052647
0.019314
0.058398
0.092435
0.012376
0.020115
0.092986
0.024697
0.038593
0.029013
0.051301
0.018219
0.012647
0.010103
0.015729
0.130330
0.015813
0.063346
0.020429
0.033484
0.025170
0.024188
0.013371
0.017122
0.026420
0.015325
0.048773
0.028381
0.024105
0.036271
0.084980
0.009116
0.039877
0.012127
0.075823
0.071965
0.067710
0.062688
0.088623
0.070833
0.060878
0.078306
0.101973
0.082818
0.079149
0.176849
0.059482
0.135823
0.073236
0.089036
0.063475
0.086352
0.094528
0.100786
0.098882
0.083485
0.109018
0.049155
0.111698
0.088545
0.146012
0.089566
0.099256
0.094358
0.018087
0.082187
0.019562
0.032009
0.026377
0.037939
0.009938
0.014148
0.007475
0.018917
0.134245
0.007213
0.064597
0.020606
0.033191
0.015801
0.029783
0.010971
0.019505
0.027595
0.012449
0.052629
0.016726
0.022313
0.035293
0.082102
0.010513
0.040288
0.009969
0.053630
0.017361
0.029475
0.011059
0.026883
0.024690
0.009206
0.022244
0.008207
0.113369
0.016985
0.052006
0.010747
0.017221
0.038104
0.022433
0.023609
0.016785
0.012195
0.019008
0.025444
0.020369
0.031425
0.022780
0.074320
0.012907
0.044016
0.022712
0.047100
0.062076
0.045304
0.034948
0.093491
0.084869
0.081867
0.068017
0.133193
0.074254
0.079392
0.066427
0.051143
0.093950
0.070522
0.095110
0.077032
0.051016
0.082444
0.057382
0.052052
0.103979
0.069992
0.132253
0.083775
0.102002
0.100745
0.011262
0.011277
0.017647
0.033774
0.030759
0.014401
0.020851
0.079261
0.023434
0.032869
0.013960
0.016137
0.034414
0.012383
0.026700
0.015721
0.019651
0.012467
0.026972
0.008377
0.021084
0.018062
0.060464
0.019747
0.029168
0.026744
0.017376
0.024156
0.050079
0.039217
0.024080
0.033039
0.048043
0.039967
0.019814
0.015246
0.011669
0.063549
0.011751
0.040220
0.016897
0.026173
0.017763
0.019800
0.017714
0.015638
0.012727
0.034824
0.032482
0.032784
0.035363
0.017232
0.039525
0.021977
0.027285
0.015893
0.082875
0.028156
0.036413
0.007637
0.009670
0.052058
0.017755
0.037526
0.020618
0.017585
0.021137
0.017144
0.019008
0.028515
0.013274
0.053310
0.024279
0.040162
0.032484
0.048676
0.047039
0.043349
0.037699
0.102480
0.034574
0.054977
0.025571
0.028753
0.059729
0.041436
0.052079
0.044566
0.036886
0.040525
0.034451
0.017456
0.044369
0.030770
0.076444
0.046176
0.062868
0.049278
0.017391
0.017642
0.026016
0.152744
0.006793
0.077948
0.029251
0.046249
0.022762
0.042211
0.013337
0.030094
0.040899
0.022443
0.071120
0.026229
0.034989
0.043579
0.093142
0.017523
0.043417
0.011701
0.019101
0.009752
0.129677
0.016864
0.059986
0.016127
0.024582
0.040466
0.027939
0.015482
0.015398
0.017304
0.019760
0.037763
0.033260
0.028089
0.029952
0.076666
0.010433
0.046106
0.013723
0.020471
0.110494
0.015336
0.047028
0.021498
0.027688
0.020722
0.018161
0.009539
0.010882
0.022031
0.007781
0.046083
0.017758
0.015430
0.030950
0.076062
0.008855
0.028304
0.012343
0.113411
0.018178
0.051396
0.012411
0.022821
0.040703
0.021321
0.021195
0.014904
0.020455
0.017156
0.037170
0.028466
0.027467
0.022136
0.067370
0.008500
0.033836
0.015293
0.144894
0.031246
0.077923
0.058449
0.184664
0.053432
0.135653
0.076870
0.098594
0.084085
0.062666
0.099471
0.074338
0.048858
0.031300
0.119968
0.069242
0.125288
0.075771
0.021279
0.038453
0.015741
0.034903
0.018142
0.028061
0.034988
0.020585
0.059595
0.014611
0.034520
0.037366
0.089871
0.014880
0.043304
0.011057
0.038649
0.018619
0.109099
0.022378
0.064711
0.023607
0.034927
0.032296
0.030578
0.053402
0.028933
0.018002
0.033144
0.049998
0.031710
0.060788
0.011564
0.045511
0.011084
0.029160
0.015471
0.022778
0.015349
0.021952
0.016178
0.018847
0.010440
0.041809
0.018693
0.030541
0.019631
0.067423
0.009809
0.040574
0.012313
0.011742
0.019911
0.008371
0.025526
0.025365
0.009128
0.041422
0.027493
0.036945
0.038031
0.053183
0.027927
0.048290
0.052804
0.036253
0.088160
0.025692
0.055347
0.073107
0.136549
0.029065
0.066750
0.030568
0.031471
0.008441
0.020642
0.012250
0.021743
0.021943
0.018146
0.011621
0.039788
0.021293
0.020000
0.027770
0.018099
0.029965
0.014981
0.061187
0.029253
0.023441
0.040530
0.089526
0.011211
0.036165
0.011113
0.012989
0.006335
0.026872
0.027666
0.010966
0.014631
0.048190
0.008612
0.021597
0.017216
0.024091
0.016690
0.030769
0.033142
0.028010
0.079138
0.021173
0.051676
0.037653
0.037648
0.020022
0.008930
0.015202
0.050063
0.008250
0.016280
0.013137
0.038309
0.040173
0.021863
0.058106
0.045099
0.063890
0.062017
0.030041
0.027672
0.073225
0.027087
0.039010
0.026029
0.017173
0.036985
0.017533
0.022324
0.017430
0.022401
0.026585
0.020463
0.030607
0.072317
0.041113
0.066784
0.027136
0.008482
0.025541
