0.029485
0.016897
0.045146
0.018722
0.042411
0.022168
0.052164
0.009110
0.009333
0.014466
0.017264
0.022854
0.019065
0.019535
0.021632
0.150664
0.016013
0.032914
0.024647
0.020762
0.022119
0.024630
0.009891
0.048695
0.041843
0.061993
0.012895
0.009116
0.020448
0.008992
0.013964
0.023280
0.025474
0.024545
0.014174
0.027539
0.014350
0.049145
0.028938
0.010634
0.014345
0.021323
0.020352
0.063210
0.020632
0.011414
0.014027
0.029990
0.012870
0.069789
0.035492
0.030608
0.115279
0.089321
0.023741
0.039092
0.045227
0.023569
0.060903
0.083505
0.068374
0.051037
0.013618
0.069982
0.061846
0.092608
0.036562
0.083014
0.012337
0.079874
0.052181
0.022495
0.051615
0.089897
0.048463
0.017958
0.073686
0.053566
0.046266
0.079776
0.072658
0.021113
0.037768
0.034196
0.070420
0.124971
0.091528
0.050662
0.019915
0.048785
0.065097
0.042680
0.028861
0.024524
0.066486
0.022459
0.035281
0.074809
0.038987
0.027682
0.007256
0.095004
0.017757
0.012417
0.032875
0.021770
0.022877
0.016612
0.025232
0.048679
0.210045
0.018149
0.020371
0.044041
0.011110
0.059746
0.019812
0.014237
0.088178
0.055212
0.073247
0.018736
0.035152
0.015442
0.011111
0.027881
0.022266
0.021646
0.055453
0.020772
0.049847
0.012553
0.026007
0.014888
0.008185
0.037669
0.031471
0.019560
0.103612
0.043565
0.030763
0.007404
0.063605
0.024162
0.031131
0.114742
0.094049
0.072405
0.040962
0.039831
0.053082
0.055879
0.072986
0.080034
0.069795
0.045484
0.086194
0.078068
0.090241
0.026441
0.072006
0.046700
0.057099
0.055915
0.034842
0.009070
0.029761
0.064512
0.038305
0.085459
0.065834
0.042431
0.072173
0.049120
0.040753
0.033368
0.027117
0.074460
0.124804
0.071288
0.059796
0.039701
0.017887
0.055315
0.056261
0.057570
0.036947
0.073653
0.031705
0.036166
0.053607
0.048690
0.042568
0.017054
0.017092
0.038327
0.029907
0.033806
0.024690
0.034597
0.016200
0.106416
0.025952
0.057248
0.014709
0.035591
0.020799
0.032762
0.025680
0.033731
0.027839
0.048095
0.025443
0.015265
0.045282
0.030136
0.013122
0.034068
0.026761
0.020462
0.018389
0.012780
0.033124
0.076330
0.047070
0.022528
0.021340
0.025974
0.042639
0.062890
0.022431
0.024451
0.027928
0.012906
0.013445
0.018925
0.121769
0.042566
0.032843
0.084463
0.032594
0.024471
0.015957
0.052616
0.081239
0.262420
0.015078
0.033038
0.057454
0.018816
0.089841
0.025919
0.038542
0.137731
0.085288
0.084931
0.034198
0.063896
0.030137
0.031540
0.035852
0.018492
0.025311
0.088149
0.048705
0.080182
0.022645
0.032983
0.027584
0.027423
0.069505
0.060436
0.054258
0.158710
0.057278
0.070277
0.018371
0.089062
0.051067
0.113226
0.024582
0.017881
0.048915
0.022013
0.020780
0.014929
0.034559
0.062726
0.245354
0.014423
0.013249
0.052641
0.011822
0.071676
0.019642
0.017653
0.115534
0.073395
0.082604
0.021626
0.044946
0.014934
0.014658
0.032464
0.020760
0.024068
0.071700
0.029455
0.061657
0.011620
0.024030
0.014060
0.012694
0.048738
0.042116
0.026215
0.131526
0.052143
0.044401
0.005990
0.080329
0.031998
0.063776
0.075540
0.054649
0.086015
0.103126
0.070914
0.070682
0.026852
0.065889
0.071428
0.133353
0.062176
0.109082
0.020067
0.103388
0.079323
0.039302
0.082210
0.129379
0.067448
0.033745
0.102942
0.071956
0.065547
0.094788
0.100767
0.031163
0.068890
0.050348
0.090132
0.153376
0.131285
0.076151
0.040674
0.087100
0.109117
0.061754
0.028012
0.056618
0.088230
0.030563
0.064877
0.005314
0.021300
0.013155
0.022921
0.018192
0.016411
0.026886
0.161613
0.019010
0.024483
0.020419
0.021882
0.027972
0.024081
0.004858
0.055576
0.030760
0.051825
0.008538
0.012411
0.018726
0.010637
0.012896
0.017626
0.025127
0.024347
0.006294
0.028118
0.011440
0.043126
0.023059
0.008552
0.010809
0.018298
0.015124
0.070924
0.018663
0.012403
0.011614
0.032212
0.006856
0.028145
0.012820
0.017702
0.017146
0.024194
0.030105
0.168796
0.015664
0.021019
0.017606
0.013073
0.036965
0.013500
0.008073
0.061310
0.026859
0.040911
0.012790
0.017456
0.018796
0.012083
0.011120
0.015918
0.013160
0.035872
0.006064
0.026562
0.011994
0.038816
0.015351
0.006085
0.021004
0.013560
0.014887
0.081954
0.028671
0.016931
0.008943
0.037634
0.007954
0.037064
0.051863
0.046084
0.019495
0.028506
0.140317
0.044024
0.055317
0.044185
0.047546
0.021247
0.053926
0.022634
0.037790
0.056732
0.091337
0.023958
0.012962
0.031961
0.022452
0.034730
0.051928
0.058863
0.023067
0.029620
0.042436
0.035603
0.067501
0.051000
0.027113
0.015271
0.036654
0.023639
0.039178
0.031466
0.007596
0.036546
0.036346
0.024613
0.017419
0.018308
0.015490
0.054736
0.198994
0.020660
0.017438
0.028560
0.016055
0.047917
0.020761
0.011778
0.075918
0.044590
0.051567
0.010450
0.024918
0.011104
0.010643
0.014608
0.016129
0.019981
0.034582
0.020763
0.054087
0.009536
0.032257
0.015849
0.013959
0.025972
0.024266
0.015786
0.085195
0.030456
0.022293
0.013220
0.047884
0.021549
0.017713
0.032325
0.062259
0.211915
0.026417
0.031173
0.045951
0.007214
0.060177
0.015625
0.013812
0.085423
0.052218
0.055686
0.022247
0.034175
0.020224
0.013843
0.012043
0.010969
0.018364
0.051391
0.032577
0.049342
0.010157
0.032239
0.019912
0.021377
0.049178
0.029679
0.023892
0.097118
0.050495
0.035472
0.015321
0.050000
0.031444
0.024438
0.043776
0.194246
0.006597
0.028863
0.037751
0.014534
0.046099
0.020560
0.017904
0.083185
0.060564
0.075489
0.012742
0.029296
0.018909
0.011295
0.015641
0.012348
0.024542
0.043107
0.027792
0.044470
0.009636
0.036318
0.025351
0.011781
0.034750
0.041118
0.035993
0.104137
0.025790
0.038201
0.007631
0.046353
0.025449
0.048876
0.185973
0.030315
0.035697
0.041178
0.029291
0.036135
0.039487
0.014136
0.056587
0.060971
0.082041
0.008832
0.019635
0.011377
0.010825
0.024644
0.029028
0.043724
0.020068
0.029099
0.060324
0.017527
0.038023
0.031939
0.018025
0.017081
0.041101
0.017695
0.058198
0.023556
0.014406
0.021159
0.043457
0.022678
0.089728
0.037464
0.074338
0.029831
0.062927
0.012289
0.062446
0.037726
0.036613
0.049680
0.089773
0.036794
0.016021
0.062766
0.043595
0.035403
0.060404
0.056117
0.027829
0.024949
0.016815
0.052392
0.100783
0.076174
0.031449
0.020276
0.046238
0.060137
0.066551
0.024656
0.027745
0.042651
0.021834
0.021935
0.196674
0.262940
0.131989
0.219872
0.093189
0.202573
0.186624
0.057499
0.116213
0.169170
0.185500
0.117056
0.234324
0.189062
0.150860
0.214683
0.187063
0.100107
0.152421
0.090564
0.215720
0.300833
0.244054
0.186191
0.130715
0.148287
0.207518
0.091464
0.132896
0.138298
0.208765
0.072123
0.147614
0.026418
0.030703
0.019051
0.044686
0.023408
0.021455
0.089832
0.064154
0.077640
0.015154
0.029333
0.021172
0.017026
0.021383
0.019197
0.024064
0.049507
0.024680
0.045888
0.015066
0.037956
0.026440
0.010231
0.031654
0.041861
0.038265
0.111720
0.025938
0.037766
0.007839
0.053550
0.023975
0.049446
0.023390
0.079504
0.032695
0.019252
0.127097
0.072293
0.079185
0.021948
0.052336
0.014767
0.022890
0.036983
0.027003
0.031080
0.075208
0.027548
0.077714
0.016118
0.028131
0.014458
0.016044
0.046587
0.042113
0.022176
0.141064
0.056325
0.044851
0.012409
0.089464
0.031442
0.041775
0.033998
0.033154
0.031843
0.051493
0.023188
0.034919
0.029004
0.026073
0.045908
0.039587
0.022918
0.037418
0.024976
0.033877
0.014616
0.027414
0.040157
0.075095
0.042560
0.024976
0.020458
0.022499
0.040593
0.077825
0.026226
0.027875
0.034318
0.031843
0.014249
0.066469
0.009102
0.015427
0.088672
0.051155
0.053192
0.021365
0.038406
0.014706
0.011794
0.015570
0.012686
0.011538
0.056531
0.028730
0.052297
0.009815
0.023197
0.007966
0.014947
0.048054
0.026248
0.019009
0.103075
0.051247
0.035360
0.009515
0.058802
0.029496
0.065380
0.036041
0.024841
0.054840
0.093101
0.031510
0.007753
0.056055
0.038474
0.031005
0.058456
0.066118
0.013717
0.035060
0.026872
0.050616
0.101236
0.079737
0.039435
0.014118
0.048203
0.054348
0.041750
0.017509
0.019622
0.048462
0.015827
0.026600
0.023068
0.084749
0.037677
0.033636
0.029568
0.039035
0.027248
0.020220
0.018633
0.014758
0.009806
0.058564
0.025370
0.044664
0.019083
0.040614
0.012591
0.022312
0.048162
0.019233
0.026624
0.103358
0.051833
0.039635
0.018401
0.057812
0.027782
0.064854
0.043113
0.061290
0.007835
0.016009
0.011439
0.006084
0.013192
0.014755
0.026096
0.029573
0.013027
0.038395
0.005908
0.033064
0.019666
0.008552
0.019177
0.022975
0.009484
0.074941
0.028692
0.013807
0.008667
0.039963
0.011314
0.047453
0.082104
0.065300
0.028874
0.090007
0.066121
0.048708
0.089724
0.083734
0.017986
0.059080
0.035819
0.084848
0.140122
0.104129
0.072077
0.039634
0.053764
0.070380
0.016568
0.050267
0.033319
0.087369
0.015142
0.047967
0.018297
0.052299
0.039011
0.069252
0.051991
0.031866
0.047690
0.033280
0.045046
0.024449
0.026197
0.055511
0.097025
0.051081
0.045792
0.041239
0.011243
0.044105
0.071057
0.052429
0.037328
0.056909
0.034837
0.029581
0.074487
0.067760
0.080353
0.068563
0.043050
0.052811
0.030832
0.075380
0.044148
0.056339
0.067456
0.103620
0.049668
0.066326
0.072462
0.022535
0.057184
0.105968
0.083568
0.063051
0.070393
0.065618
0.051101
0.016586
0.007825
0.007683
0.015071
0.016083
0.032059
0.025834
0.017571
0.045216
0.008564
0.031892
0.023716
0.006702
0.015192
0.033189
0.017760
0.077078
0.016873
0.015897
0.009850
0.038685
0.013651
0.032557
0.017517
0.016447
0.034590
0.041453
0.010489
0.019525
0.024169
0.026600
0.069186
0.049353
0.021976
0.009331
0.027858
0.029123
0.040651
0.015311
0.008119
0.027796
0.016167
0.015402
0.008270
0.023790
0.017976
0.031724
0.046023
0.029989
0.069472
0.008472
0.017884
0.013571
0.011750
0.032426
0.039837
0.012155
0.094933
0.037536
0.024301
0.010349
0.064745
0.026514
0.013266
0.012760
0.026142
0.030161
0.021482
0.047471
0.004524
0.031122
0.019027
0.009843
0.023939
0.028176
0.014554
0.074467
0.025917
0.017336
0.008518
0.042319
0.020010
0.013467
0.018813
0.025335
0.020741
0.027866
0.014701
0.050777
0.026638
0.016646
0.026519
0.018888
0.024146
0.067819
0.026955
0.019868
0.017369
0.020826
0.016987
0.021527
0.049370
0.025729
0.052176
0.008205
0.034868
0.018529
0.018013
0.038927
0.030334
0.027155
0.105900
0.035093
0.037895
0.014637
0.052338
0.025873
0.058619
0.020937
0.043666
0.024518
0.046359
0.015822
0.021124
0.047078
0.019347
0.030942
0.109277
0.049787
0.039707
0.019128
0.054555
0.026107
0.033900
0.037573
0.042535
0.089436
0.067796
0.038602
0.013296
0.041414
0.042033
0.028354
0.018022
0.015545
0.047579
0.012417
0.026122
0.025751
0.022123
0.055580
0.027330
0.011056
0.014820
0.016396
0.022814
0.082277
0.025664
0.018654
0.017483
0.037974
0.005135
0.051594
0.100937
0.064713
0.037282
0.034221
0.027912
0.053941
0.066125
0.041999
0.034622
0.044998
0.018724
0.022633
0.023776
0.015115
0.009012
0.031153
0.030854
0.016151
0.094973
0.032647
0.026869
0.005687
0.051984
0.021061
0.021035
0.030008
0.069644
0.064480
0.030613
0.135894
0.074186
0.056805
0.024353
0.107763
0.055941
0.017470
0.049230
0.024703
0.013972
0.116384
0.059420
0.038417
0.014060
0.076546
0.030562
0.021457
0.026703
0.018011
0.091143
0.025502
0.019817
0.004094
0.044936
0.009844
0.032214
0.030330
0.051651
0.010121
0.011278
0.030434
0.027600
0.011956
0.021264
0.068284
0.047582
0.023375
0.032334
0.037108
0.021168
0.072420
0.048796
0.014840
0.020278
0.057026
0.020706
0.069150
0.039274
0.104941
0.036071
0.070891
0.024462
0.033124
0.029086
0.022694
0.028907
0.027118
0.014335
0.054360
0.017403
0.030782
