0.649110
0.583283
0.570516
0.507776
0.725089
0.521420
0.602581
0.311204
0.533497
0.621057
0.616320
0.537997
0.735838
0.562547
0.565076
0.510943
0.613407
0.837681
0.631322
0.611499
0.613384
0.552573
0.666845
0.572087
0.617715
0.535372
0.517520
0.547071
0.719724
0.601587
0.556234
0.506953
0.541699
0.640540
0.603842
0.463346
0.583051
0.506894
0.602045
0.615267
0.615496
0.540798
0.588387
0.531994
0.597529
0.658972
0.493928
0.647159
0.517211
0.672411
0.561414
0.636764
0.840063
0.517734
0.510307
0.582479
0.580906
0.480095
0.551811
0.558975
0.724621
0.552574
0.538940
0.612619
0.608553
0.789276
0.654597
0.563575
0.514814
0.655430
0.464402
0.614415
0.677308
0.495133
0.493341
0.583352
0.595252
0.543623
0.649417
0.527663
0.579012
0.566900
0.519691
0.517610
0.561286
0.573772
0.607264
0.517269
0.727239
0.409072
0.499581
0.461759
0.709185
0.757555
0.608982
0.561576
0.552907
0.490130
0.620575
0.942204
0.518170
0.575433
0.526602
0.562687
0.630836
0.678584
0.230191
0.699668
0.562198
0.587999
0.563972
0.647013
0.771904
0.628816
0.625020
0.604834
0.581032
0.647616
0.358137
0.621524
0.582250
0.537120
0.506043
0.723675
0.568171
0.535620
0.514824
0.551437
0.654774
0.673128
0.433164
0.764081
0.521339
0.651101
0.578319
0.723855
0.652921
0.549763
0.524794
0.652348
0.676679
0.238517
0.794475
0.608841
0.457421
0.856322
0.305741
0.333840
0.470333
0.480027
0.416706
0.595258
0.494665
0.642638
0.604595
0.547029
0.411654
0.611868
0.724449
0.641679
0.367340
0.424815
0.523131
0.543310
0.564509
0.275668
0.527979
0.363411
0.456048
0.611385
0.291571
0.574182
0.497643
0.426723
0.501551
0.469492
0.375142
0.600302
0.487231
0.510844
0.438280
0.593561
0.458210
0.358169
0.487851
0.558533
0.635150
0.509427
0.682278
0.466004
0.782861
0.332125
0.549161
0.452587
0.368855
0.492444
0.476194
0.534520
0.634127
0.599437
0.497075
0.412656
0.641595
0.673829
0.684277
0.513691
0.490097
0.528818
0.587952
0.618738
0.536747
0.505207
0.411858
0.540120
0.524461
0.359011
0.623800
0.469824
0.538728
0.467535
0.560796
0.450582
0.550084
0.647821
0.538444
0.466579
0.469117
0.526271
0.404672
0.529114
0.549594
0.730060
0.549611
0.714393
0.602335
0.803222
0.739347
0.844727
0.816112
0.839295
0.736644
0.951149
0.907602
0.835652
0.841982
0.790388
0.893112
0.905657
0.944889
0.838290
0.724869
0.811725
0.921460
0.922692
0.907882
0.750425
0.746014
0.706854
0.641580
0.842009
0.821154
0.803246
0.846726
0.739236
0.854495
0.830723
0.756213
0.836048
0.763227
0.707631
0.733253
0.843724
0.732999
0.764645
0.891799
0.713900
0.876613
0.957613
0.852764
0.340476
0.437364
0.443609
0.390318
0.508670
0.425860
0.640035
0.572435
0.346892
0.279880
0.588387
0.629555
0.665133
0.430099
0.338747
0.515056
0.420287
0.532619
0.474300
0.414782
0.285096
0.365921
0.522912
0.341650
0.496845
0.423373
0.434863
0.358709
0.438371
0.368470
0.565374
0.477140
0.488634
0.333393
0.548556
0.423127
0.248825
0.405752
0.583634
0.644710
0.520252
0.631468
0.515392
0.511981
0.544374
0.371563
0.529089
0.492783
0.659753
0.607820
0.510940
0.348927
0.620375
0.693817
0.706325
0.328375
0.356352
0.586248
0.496142
0.558080
0.598592
0.473845
0.359085
0.403990
0.565688
0.444778
0.596661
0.452095
0.480500
0.416847
0.455852
0.439594
0.601532
0.525735
0.492568
0.330559
0.629323
0.380108
0.312116
0.469267
0.610219
0.600133
0.560357
0.667538
0.410233
0.486427
0.485421
0.501062
0.522313
0.685886
0.532599
0.538512
0.467726
0.565864
0.777387
0.625776
0.527282
0.588622
0.561735
0.618860
0.568326
0.550823
0.525360
0.424364
0.560579
0.689309
0.485109
0.557118
0.504603
0.523290
0.644176
0.559442
0.417456
0.555471
0.423951
0.636384
0.533361
0.557088
0.504747
0.478343
0.535799
0.541249
0.633032
0.491823
0.614492
0.513305
0.474600
0.443869
0.520418
0.443981
0.529051
0.549039
0.510974
0.554326
0.643955
0.455788
0.526254
0.550173
0.422727
0.567607
0.485152
0.470219
0.403422
0.413673
0.591666
0.552163
0.448180
0.498965
0.370933
0.402193
0.507510
0.575651
0.460795
0.687617
0.563776
0.339404
0.398722
0.470982
0.450295
0.352607
0.396605
0.424813
0.645517
0.408575
0.527897
0.627553
0.481618
0.523953
0.616063
0.582796
0.514813
0.418428
0.613378
0.784833
0.622174
0.384750
0.441189
0.607301
0.507848
0.541878
0.598974
0.508865
0.403966
0.511891
0.548684
0.468919
0.664908
0.475100
0.519481
0.465651
0.418978
0.459554
0.536144
0.527384
0.550381
0.380405
0.538491
0.332636
0.380654
0.495701
0.568686
0.623689
0.581279
0.563789
0.443911
0.615348
0.667285
0.587304
0.537083
0.496983
0.595381
0.683757
0.586278
0.466698
0.545233
0.612227
0.574478
0.678309
0.619625
0.467507
0.433566
0.562652
0.545576
0.521262
0.651309
0.572137
0.550673
0.516223
0.586881
0.557532
0.443356
0.600736
0.535758
0.463992
0.497282
0.523409
0.455307
0.534721
0.601057
0.577627
0.612267
0.607653
0.457133
0.647632
0.520301
0.454404
0.442645
0.578664
0.633814
0.646394
0.531125
0.506399
0.563603
0.491821
0.228032
0.617516
0.463184
0.513287
0.459598
0.661302
0.573457
0.511000
0.396523
0.527582
0.501153
0.525378
0.433594
0.696283
0.557432
0.581680
0.434522
0.653957
0.485751
0.502870
0.421549
0.572319
0.677435
0.191452
0.625000
0.554981
0.609424
0.652051
0.619781
0.690192
0.835433
0.653484
0.667662
0.720574
0.544847
0.622170
0.579343
0.622864
0.520929
0.612071
0.630519
0.674343
0.626575
0.426538
0.604927
0.549713
0.663699
0.589947
0.590841
0.805052
0.678815
0.492885
0.632031
0.643105
0.642429
0.604612
0.573986
0.600301
0.752944
0.588775
0.636833
0.720619
0.533407
0.569095
0.665869
0.857436
0.585248
0.612060
0.653886
0.629720
0.564789
0.505145
0.701251
0.522489
0.563748
0.570875
0.703114
0.639477
0.619608
0.457843
0.618624
0.651861
0.610430
0.495059
0.732666
0.593824
0.622398
0.587733
0.675733
0.545599
0.587288
0.378244
0.674161
0.660006
0.523977
0.668496
0.630509
0.402425
0.594588
0.626634
0.715187
0.566140
0.437577
0.606793
0.491085
0.516775
0.627320
0.442767
0.455437
0.402744
0.631721
0.532400
0.573703
0.407921
0.587128
0.411228
0.525767
0.487960
0.601932
0.561779
0.575255
0.407025
0.650348
0.445515
0.450804
0.442184
0.605731
0.648626
0.533233
0.628440
0.591115
0.524918
0.730136
0.649159
0.455460
0.446992
0.501256
0.393358
0.508045
0.493088
0.382544
0.434110
0.379614
0.621693
0.458907
0.546165
0.400926
0.473318
0.456763
0.431936
0.495736
0.580516
0.525796
0.452619
0.392186
0.492296
0.401197
0.420014
0.494541
0.477245
0.498203
0.558849
0.630403
0.542789
0.723198
0.685657
0.640046
0.598728
0.600388
0.671648
0.622421
0.646906
0.586106
0.579702
0.662619
0.700221
0.648493
0.644075
0.588883
0.576790
0.572545
0.723120
0.657946
0.726215
0.647188
0.651027
0.606515
0.703346
0.566344
0.603668
0.558248
0.585572
0.542187
0.572746
0.533548
0.638946
0.803676
0.761801
0.594450
0.788231
0.801424
0.757901
0.791380
0.680538
0.656125
0.782676
0.700791
0.718412
0.694646
0.753812
0.794263
0.487468
0.730298
0.742778
0.791707
0.758176
0.756310
0.627702
0.750133
0.756902
0.646521
0.619433
0.817878
0.820743
0.714793
0.764988
0.821673
0.617614
0.743190
0.709450
0.613401
0.654698
0.601323
0.610503
0.571786
0.719751
0.771108
0.602992
0.640631
0.545978
0.539348
0.676231
0.670190
0.628060
0.692094
0.615920
0.571831
0.656983
0.701811
0.523934
0.567440
0.553126
0.601437
0.692964
0.572282
0.613226
0.627990
0.415538
0.685947
0.582976
0.609132
0.554974
0.544387
0.383601
0.474534
0.634034
0.418046
0.678088
0.521818
0.442345
0.516219
0.513652
0.378282
0.381788
0.505098
0.514829
0.420073
0.607615
0.454409
0.409175
0.490164
0.642836
0.628026
0.573366
0.610255
0.195726
0.617747
0.587537
0.618188
0.647785
0.535136
0.382681
0.444557
0.505636
0.443051
0.646898
0.505372
0.541208
0.314457
0.459763
0.453904
0.475712
0.605038
0.543699
0.351833
0.666650
0.480456
0.397147
0.514110
0.650095
0.727929
0.559732
0.678356
0.454374
0.557028
0.607540
0.537708
0.450754
0.567500
0.592799
0.576240
0.521869
0.490446
0.527675
0.457088
0.581800
0.624671
0.536111
0.758140
0.579495
0.446593
0.503661
0.549627
0.603546
0.475155
0.600061
0.551426
0.700591
0.501599
0.724306
0.679607
0.486092
0.564095
0.289882
0.557299
0.527586
0.654479
0.496608
0.538143
0.443474
0.410542
0.509874
0.479420
0.560741
0.691290
0.571411
0.431426
0.483744
0.625946
0.424411
0.470039
0.485795
0.607796
0.671227
0.572523
0.563969
0.656826
0.622138
0.487611
0.592878
0.493193
0.742417
0.616800
0.536126
0.332214
0.548793
0.617120
0.564153
0.539038
0.796664
0.563137
0.559024
0.508274
0.664462
0.488541
0.588859
0.449237
0.561962
0.674338
0.240638
0.590837
0.637760
0.532181
0.503766
0.598835
0.689995
0.371202
0.603708
0.555183
0.403251
0.623537
0.607436
0.551990
0.711896
0.540999
0.469274
0.574833
0.553761
0.565146
0.458082
0.570782
0.553783
0.689074
0.584549
0.657258
0.689835
0.447895
0.516174
0.462099
0.513262
0.432924
0.376407
0.365551
0.416923
0.477277
0.481158
0.617330
0.518442
0.225516
0.391877
0.519042
0.421342
0.405815
0.374641
0.563589
0.580339
0.433963
0.579142
0.606776
0.432465
0.506004
0.366147
0.525709
0.475227
0.460096
0.385386
0.503776
0.336877
0.468178
0.488037
0.508369
0.354647
0.529566
0.482027
0.283934
0.408983
0.585654
0.631399
0.505038
0.636176
0.431328
0.621417
0.490283
0.623183
0.462244
0.537619
0.449884
0.445436
0.428579
0.561659
0.516324
0.537736
0.420367
0.668648
0.530431
0.477277
0.463492
0.658726
0.616323
0.519408
0.727628
0.521546
0.575344
0.628882
0.625487
0.613672
0.458171
0.580724
0.587140
0.647206
0.757072
0.497166
0.468740
0.606197
0.645671
0.516054
0.581843
0.744802
0.745067
0.631712
0.798324
0.668565
0.638625
0.539965
0.390650
0.487245
0.506959
0.411122
0.579858
0.513699
0.490883
0.436033
0.542757
0.484797
0.325566
0.472278
0.572376
0.663436
0.571132
0.620348
0.532846
0.503488
0.460996
0.646728
0.625806
0.464945
0.718205
0.513605
0.452537
0.619058
0.638218
0.661562
0.535191
0.555322
0.589055
0.710152
0.466932
0.716254
0.663816
0.473506
0.452965
0.457499
0.477368
0.674967
0.524806
0.383117
0.384876
0.555630
0.364658
0.438202
0.391684
0.450081
0.621341
0.364472
0.526164
0.605957
0.562446
0.522409
0.428111
0.646338
0.388231
0.255147
0.492257
0.608147
0.523130
0.396110
0.499206
0.548431
0.632400
0.485674
0.575441
0.513627
0.495943
0.515208
0.575488
0.678986
0.491928
0.338506
0.616935
0.481426
0.384427
0.405724
0.610137
0.650698
0.587635
0.629691
0.580012
0.481146
0.608431
0.563152
0.496990
0.469843
0.635051
0.455447
0.522046
0.510348
0.634843
0.720715
0.605830
0.582827
0.525217
0.443736
0.408426
0.526992
0.511982
0.584901
0.549951
0.429002
0.407625
0.591145
0.665232
0.407615
0.634733
0.456978
0.587626
0.680058
0.590556
0.657723
0.621475
0.604846
0.603376
0.736667
0.716788
0.719819
0.708920
0.413045
0.576574
0.525043
0.647442
0.547143
0.501502
0.536968
0.567392
0.630950
0.522759
0.607201
0.527674
0.385610
0.571882
0.451411
0.408793
0.469949
0.555873
0.640249
0.498886
0.640543
0.640372
0.543219
0.361381
0.277051
0.416807
0.512125
0.606201
0.475059
0.607155
0.501843
0.586270
0.496414
0.599636
0.518567
0.646348
0.643992
0.654567
0.733320
0.408532
0.439229
0.531600
0.602271
0.519549
0.471601
0.515253
0.417774
0.543398
0.608144
0.502396
0.653205
0.498502
0.631736
0.578083
0.448123
0.557542
0.561206
0.577328
0.491342
0.601861
0.682427
0.662638
0.697373
0.684875
0.661241
0.577918
0.685895
