0.634784
0.854769
0.460773
0.729724
0.687788
0.693522
0.653731
0.685103
0.515471
0.779156
0.793871
0.678401
0.485681
0.557664
0.596938
0.510962
0.828582
0.651109
0.561384
0.602912
0.664290
0.778231
0.867398
0.685960
0.633263
0.674409
0.675788
0.738774
0.571384
0.608678
0.670184
0.677345
0.756583
0.733439
0.732496
0.745706
0.564302
0.625027
0.584172
0.698265
0.589327
0.533966
0.722623
0.714529
0.745903
0.602767
0.740715
0.666444
0.742143
0.671228
0.535795
0.670810
0.713683
0.750322
0.666596
0.700267
0.705955
0.617583
0.733175
0.545160
0.573166
0.441980
0.603536
0.576997
0.625348
0.488988
0.577979
0.339745
0.633220
0.762496
0.673808
0.649460
0.576082
0.568246
0.435008
0.748919
0.568573
0.604558
0.698955
0.662493
0.569808
0.559267
0.617161
0.782011
0.587624
0.641783
0.770576
0.646584
0.603187
0.646589
0.712333
0.633003
0.661532
0.670887
0.728852
0.607275
0.654932
0.602456
0.751628
0.796890
0.813961
0.414583
0.774939
0.816925
0.703388
0.829827
0.678559
0.608045
0.671589
0.715348
0.567037
0.585132
0.588744
0.644638
0.499631
0.624245
0.878102
0.425554
0.834026
0.757375
0.773103
0.545312
0.849447
0.702728
0.645619
0.663656
0.774304
0.762269
0.661159
0.606997
0.836996
0.880875
0.864077
0.892004
0.547762
0.757135
0.745141
0.869958
0.799813
0.790844
0.690707
0.818488
0.803030
0.498612
0.646036
0.692531
0.674895
0.382868
0.634895
0.548846
0.687824
0.749793
0.602046
0.535956
0.564889
0.569135
0.358871
0.683778
0.621515
0.557967
0.415102
0.440518
0.806938
0.687948
0.712053
0.689571
0.663144
0.631124
0.731623
0.596755
0.570641
0.562174
0.655740
0.689526
0.673357
0.596017
0.764077
0.585555
0.665378
0.673181
0.639853
0.646756
0.602826
0.728839
0.633465
0.706335
0.661552
0.727213
0.710824
0.479049
0.694854
0.776735
0.757755
0.656085
0.634655
0.592523
0.598291
0.558813
0.728091
0.761471
0.637712
0.673481
0.517556
0.565979
0.711943
0.670481
0.568711
0.775951
0.722291
0.745486
0.666958
0.721065
0.777394
0.733632
0.653754
0.579581
0.799539
0.751809
0.555160
0.558786
0.749000
0.621890
0.680192
0.612071
0.680220
0.742351
0.496989
0.714679
0.681835
0.648820
0.652607
0.781914
0.618970
0.704036
0.801699
0.785287
0.799159
0.745773
0.770816
0.778166
0.751075
0.708823
0.593463
0.734971
0.772804
0.598342
0.832524
0.773622
0.687273
0.732698
0.727245
0.771003
0.964514
0.700545
0.577232
0.806472
0.758256
0.751246
0.485034
0.608188
0.725425
0.829224
0.777588
0.736987
0.753276
0.548309
0.569580
0.743027
0.579052
0.703311
0.534394
0.536161
0.660089
0.515144
0.731806
0.710825
0.591597
0.737257
0.821340
0.707344
0.827669
0.811730
0.830613
0.884203
0.698605
0.714075
0.761568
0.693323
0.746059
0.843839
0.684106
0.770320
0.682124
0.620630
0.832605
0.820679
0.777355
0.791581
0.739485
0.782063
0.830591
0.689266
0.782955
0.741966
0.768709
0.850158
0.822977
0.712830
0.786859
0.765819
0.819847
0.721739
0.764777
0.776748
0.744297
0.880779
0.767421
0.700828
0.886716
0.816228
0.728472
0.755989
0.750071
0.705283
0.765632
0.912186
0.678122
0.615893
0.728949
0.629288
0.346074
0.666833
0.627794
0.582497
0.481158
0.516024
0.929308
0.584506
0.856287
0.788761
0.798423
0.664625
0.866476
0.683141
0.621987
0.652814
0.750892
0.804579
0.786029
0.571276
0.806350
0.807090
0.882903
0.753412
0.598025
0.706216
0.783958
0.857459
0.825943
0.788732
0.738023
0.782462
0.800489
0.489238
0.690399
0.685071
0.643659
0.613758
0.620775
0.694160
0.728323
0.662921
0.728569
0.656954
0.626781
0.666598
0.692166
0.775994
0.875277
0.633346
0.667121
0.502665
0.753956
0.726522
0.681602
0.678405
0.732602
0.726738
0.709675
0.631936
0.687195
0.771190
0.728943
0.510341
0.793921
0.671251
0.768386
0.658076
0.713982
0.704386
0.709747
0.733644
0.666733
0.720355
0.733895
0.546528
0.672020
0.738114
0.670372
0.626512
0.626731
0.574266
0.621113
0.623028
0.631450
0.680642
0.658934
0.706224
0.736279
0.764387
0.690937
0.753737
0.795897
0.655824
0.641191
0.618710
0.742546
0.724138
0.545225
0.547949
0.712639
0.787033
0.670162
0.677896
0.783290
0.655855
0.671883
0.517973
0.698201
0.740241
0.677690
0.751642
0.707852
0.707097
0.734583
0.614647
0.618416
0.687935
0.647955
0.686158
0.695178
0.407011
0.573150
0.551554
0.608341
0.583573
0.718270
0.700645
0.685172
0.637314
0.695007
0.719371
0.729279
0.589048
0.650074
0.739135
0.727603
0.459424
0.329012
0.638909
0.721805
0.708816
0.701376
0.812929
0.585283
0.800384
0.633109
0.637143
0.738279
0.578480
0.752809
0.626787
0.568939
0.784866
0.397568
0.684633
0.665518
0.817635
0.802050
0.700968
0.634445
0.643448
0.806665
0.637706
0.664560
0.935321
0.667989
0.660417
0.586953
0.741601
0.613715
0.617518
0.692195
0.801229
0.721141
0.624656
0.650295
0.693447
0.639346
0.710694
0.442546
0.850767
0.693106
0.771668
0.624250
0.738135
0.626857
0.561334
0.784217
0.517417
0.712347
0.820041
0.571912
0.650394
0.729501
0.647767
0.624934
0.525711
0.554107
0.615917
0.544518
0.754131
0.847259
0.696486
0.607861
0.568162
0.575301
0.702770
0.591248
0.604223
0.685326
0.676751
0.690552
0.589011
0.595827
0.644097
0.591096
0.523857
0.648714
0.702992
0.658718
0.649342
0.713398
0.591962
0.572337
0.694810
0.447584
0.611582
0.796420
0.438817
0.612744
0.449958
0.740512
0.564366
0.467978
0.597175
0.504831
0.755270
0.773050
0.670993
0.578358
0.637097
0.551904
0.722578
0.489036
0.603954
0.527513
0.593037
0.700985
0.633550
0.545421
0.702101
0.591625
0.582419
0.700907
0.466287
0.690671
0.430603
0.711643
0.626139
0.675768
0.532161
0.597394
0.612946
0.609602
0.645841
0.573939
0.736860
0.500541
0.469967
0.515710
0.660180
0.699277
0.745162
0.597138
0.602489
0.536977
0.591832
0.617730
0.564775
0.693840
0.696280
0.616825
0.563183
0.549396
0.606532
0.817251
0.632260
0.597675
0.815953
0.586305
0.696072
0.559497
0.711440
0.645833
0.656134
0.597089
0.739097
0.633974
0.635680
0.591087
0.660115
0.657131
0.563959
0.447417
0.554021
0.699045
0.733772
0.733140
0.679852
0.710568
0.650370
0.653291
0.647421
0.726103
0.722678
0.682086
0.682343
0.670179
0.565303
0.821204
0.764955
0.728983
0.690438
0.627283
0.651334
0.693506
0.663160
0.704369
0.670251
0.752429
0.720613
0.752154
0.654657
0.643099
0.602763
0.559131
0.442541
0.456946
0.804081
0.654801
0.710460
0.653957
0.669351
0.644057
0.733494
0.532632
0.475386
0.566474
0.694171
0.683766
0.644584
0.523645
0.716206
0.634332
0.699725
0.671202
0.526551
0.631066
0.579753
0.707248
0.651722
0.674290
0.589404
0.730053
0.692539
0.507663
0.464754
0.657523
0.582628
0.577684
0.725958
0.527813
0.738828
0.747873
0.760297
0.793757
0.701073
0.664985
0.583023
0.708913
0.770639
0.464773
0.412382
0.673948
0.781135
0.824647
0.730817
0.791080
0.687891
0.691816
0.764303
0.735950
0.808601
0.660509
0.852488
0.662517
0.773471
0.696232
0.566702
0.489861
0.591944
0.618249
0.600924
0.613646
0.603970
0.606303
0.667253
0.612558
0.589482
0.582664
0.700714
0.655503
0.594648
0.535435
0.636269
0.758874
0.644725
0.640061
0.744923
0.620705
0.574183
0.610672
0.777899
0.604293
0.624113
0.678993
0.663561
0.626715
0.667620
0.534198
0.551703
0.702931
0.795296
0.574448
0.577707
0.572847
0.546188
0.686868
0.528989
0.566327
0.598126
0.588699
0.540316
0.501866
0.498102
0.695755
0.654348
0.621003
0.748219
0.493968
0.703110
0.583560
0.676849
0.659772
0.542500
0.610030
0.504798
0.662014
0.695382
0.469548
0.742791
0.561720
0.674858
0.632361
0.603298
0.515674
0.717116
0.579247
0.649088
0.625203
0.633519
0.658189
0.555671
0.496370
0.843972
0.703545
0.739653
0.788158
0.545179
0.679310
0.685288
0.697170
0.620608
0.708074
0.585615
0.765440
0.650781
0.525590
0.742335
0.747492
0.717030
0.740706
0.691566
0.582924
0.691466
0.564537
0.657548
0.610312
0.670086
0.688285
0.607735
0.578751
0.697376
0.688982
0.674647
0.655222
0.547553
0.683765
0.566496
0.669618
0.578462
0.564338
0.715710
0.578783
0.716552
0.606973
0.865822
0.420569
0.763299
0.746215
0.779362
0.155052
0.699144
0.746053
0.855073
0.762723
0.683151
0.638674
0.782272
0.853010
0.853445
0.783797
0.839881
0.771260
0.774232
0.708390
0.799843
0.626190
0.764758
0.870028
0.721411
0.820349
0.876383
0.907984
0.862225
0.868360
0.738515
0.881747
0.766454
0.677347
0.808428
0.805454
0.644487
0.615760
0.706469
0.928246
0.934057
0.894735
0.963067
0.684362
0.781160
0.857280
0.917401
0.939371
0.831708
0.837486
0.964389
0.867067
0.629153
0.674509
0.579023
0.789850
0.397011
0.543486
0.623433
0.750469
0.720268
0.626921
0.642509
0.750176
0.801114
0.705688
0.661917
0.738506
0.779991
0.721707
0.595579
0.779409
0.642777
0.736633
0.762498
0.728236
0.715441
0.828631
0.672660
0.656276
0.724973
0.506653
0.653448
0.657660
0.764722
0.707250
0.632242
0.707515
0.540667
0.452670
0.705623
0.652231
0.671803
0.676677
0.547112
0.569751
0.608569
0.612905
0.718849
0.682945
0.604367
0.795444
0.614072
0.732843
0.633371
0.740065
0.754138
0.720152
0.635277
0.634984
0.637007
0.870432
0.650013
0.517178
0.862477
0.680564
0.744215
0.646059
0.791800
0.677751
0.609188
0.734683
0.693472
0.625682
0.769399
0.763016
0.620137
0.694989
0.671674
0.694245
0.741727
0.659948
0.567231
0.817370
0.743197
0.701859
0.857388
0.577638
0.700060
0.624291
0.729525
0.635017
0.673213
0.638143
0.705729
0.673443
0.699527
0.640968
0.703790
0.827643
0.718034
0.668599
0.618164
0.788317
0.826517
0.796931
0.755354
0.793777
0.778013
0.747852
0.658960
0.726788
0.662073
0.727494
0.846447
0.683183
0.776171
0.807209
0.494053
0.578344
0.662582
0.586263
0.545992
0.556508
0.573634
0.541355
0.615088
0.570433
0.590079
0.551140
0.312587
0.551239
0.618304
0.566985
0.674725
0.640731
0.639479
0.688461
0.629099
0.713824
0.547061
0.565527
0.656427
0.657640
0.656600
0.599177
0.663285
0.684335
0.570831
0.605850
0.650652
0.576294
0.573913
0.681844
0.649078
0.688949
0.730795
0.770236
0.767132
0.729231
0.672907
0.772606
0.698974
0.772471
0.780502
0.694956
0.770725
0.605150
0.734170
0.745367
0.703208
0.734300
0.736922
0.717417
0.711553
0.625267
0.659653
0.693604
0.914070
0.672053
0.686729
0.815304
0.659090
0.727433
0.677810
0.783932
0.744601
0.690998
0.672571
0.749197
0.635005
0.730951
0.345776
0.653343
0.817880
0.707526
0.642773
0.843604
0.688335
0.684612
0.684598
0.690218
0.682842
0.578088
0.774780
0.646578
0.739460
0.738390
0.582878
0.755026
0.690231
0.622713
0.796356
0.603962
0.718354
0.605053
0.677675
0.708585
0.576984
0.714467
0.641679
0.662650
0.749849
0.783396
0.756271
0.684396
0.844351
0.361173
0.762224
0.619173
0.778394
0.698872
0.643658
0.667863
0.712040
0.771988
0.551066
0.704065
0.677053
0.636757
0.740544
0.656723
0.691514
0.668500
0.760188
0.705197
0.857177
0.630487
0.790483
0.728665
0.688702
0.606824
0.753024
0.573173
0.519697
0.678863
0.635789
0.653121
0.734465
0.678660
0.450672
0.852716
0.800055
0.632905
0.682622
0.620050
0.787219
0.669714
0.606259
0.748006
0.578947
0.699708
0.859571
0.870527
0.589466
0.658167
0.645809
0.719390
0.780230
0.806543
0.678464
0.902720
0.847670
0.794812
0.588434
0.797577
0.696880
0.564767
0.666567
0.695051
0.725855
0.643094
0.654244
0.683185
0.710788
0.787474
0.743661
0.589403
0.695341
0.762150
0.576785
0.618493
0.588465
0.673577
0.609584
0.665846
0.747407
0.612408
0.651127
0.781748
0.692433
0.655567
0.794132
0.556588
0.758247
0.726125
0.674599
0.815405
0.766703
0.482786
0.587302
0.816398
0.724280
0.659023
0.702754
0.654136
0.811639
0.850321
