0.090597
0.110119
0.087727
0.083193
0.057650
0.064493
0.071355
0.090085
0.087061
0.116830
0.082368
0.084201
0.090975
0.108078
0.081855
0.201938
0.093725
0.092590
0.128431
0.095909
0.095081
0.103599
0.094302
0.073373
0.075264
0.106934
0.080273
0.121669
0.140460
0.097441
0.074618
0.087773
0.062693
0.137750
0.107191
0.072546
0.081834
0.200872
0.069779
0.047437
0.123824
0.137027
0.106076
0.075137
0.104471
0.065234
0.133187
0.075461
0.069204
0.005707
0.011435
0.017052
0.011435
0.025752
0.029443
0.015950
0.015156
0.009328
0.004323
0.010548
0.010584
0.020986
0.009595
0.099347
0.005023
0.020445
0.017595
0.032146
0.010808
0.010264
0.037895
0.019772
0.013915
0.012704
0.006983
0.019039
0.092809
0.004927
0.009374
0.009402
0.014708
0.021599
0.015896
0.010058
0.008720
0.217067
0.014376
0.026068
0.032829
0.022273
0.014593
0.016020
0.014367
0.010521
0.036580
0.006065
0.006661
0.008866
0.020625
0.021365
0.033085
0.028242
0.012057
0.016290
0.009980
0.008513
0.011377
0.008981
0.023909
0.013002
0.101325
0.003672
0.017051
0.010295
0.035425
0.016285
0.014803
0.039382
0.025412
0.019491
0.010439
0.010620
0.014114
0.111095
0.007053
0.009867
0.006668
0.016492
0.020417
0.015010
0.014766
0.011326
0.235377
0.018932
0.029889
0.038264
0.012330
0.014265
0.021034
0.011888
0.016034
0.034421
0.010081
0.009806
0.009786
0.020780
0.036081
0.013086
0.006503
0.012548
0.017085
0.013492
0.006624
0.006000
0.016917
0.006473
0.134003
0.009111
0.006367
0.009085
0.042024
0.015020
0.015095
0.030031
0.028678
0.019657
0.007048
0.013060
0.011360
0.132535
0.011316
0.006932
0.002935
0.007489
0.037689
0.009778
0.017422
0.018593
0.260163
0.011364
0.016053
0.053669
0.013060
0.008880
0.012792
0.008430
0.009685
0.055319
0.010257
0.014239
0.020087
0.044648
0.016583
0.017012
0.021195
0.027907
0.018920
0.014726
0.020144
0.009700
0.012636
0.165838
0.018432
0.019409
0.016370
0.050709
0.020175
0.009998
0.042921
0.042513
0.027371
0.014181
0.019843
0.021623
0.140767
0.019339
0.017201
0.014507
0.015492
0.059246
0.015040
0.022661
0.025915
0.272374
0.013078
0.025415
0.068972
0.022549
0.017206
0.016086
0.015812
0.015897
0.084107
0.016821
0.024409
0.012622
0.032462
0.024131
0.016573
0.020052
0.005246
0.016077
0.018829
0.025419
0.012857
0.096670
0.015095
0.034425
0.040266
0.028075
0.013557
0.015859
0.038696
0.012894
0.009333
0.028171
0.007809
0.037526
0.072957
0.013057
0.016840
0.018756
0.018007
0.033273
0.023200
0.005852
0.008728
0.170192
0.009008
0.017296
0.031141
0.048120
0.025558
0.014146
0.024228
0.009686
0.046505
0.006053
0.007765
0.056857
0.028917
0.018668
0.030152
0.017434
0.025519
0.024809
0.046366
0.028221
0.072838
0.027197
0.045997
0.061570
0.020313
0.030497
0.038210
0.037228
0.005840
0.015073
0.045808
0.016474
0.050969
0.071953
0.028401
0.031619
0.029055
0.033094
0.035924
0.040544
0.007857
0.014740
0.123433
0.019923
0.020947
0.026028
0.070744
0.036659
0.022445
0.033466
0.018168
0.033051
0.017925
0.013784
0.021412
0.033265
0.039393
0.031364
0.019456
0.024809
0.029512
0.017036
0.172355
0.025088
0.016416
0.023141
0.064367
0.028168
0.029679
0.046350
0.050096
0.036017
0.020677
0.032200
0.029000
0.152064
0.028417
0.017739
0.015355
0.007794
0.064129
0.021871
0.037491
0.038208
0.293401
0.022355
0.022208
0.079474
0.025438
0.028434
0.024032
0.025532
0.024325
0.086559
0.022960
0.029310
0.006549
0.015697
0.016433
0.004480
0.003170
0.017096
0.010035
0.126211
0.009233
0.007877
0.014764
0.028117
0.016295
0.019966
0.016459
0.023732
0.016322
0.007270
0.013434
0.007446
0.126643
0.014975
0.015371
0.004158
0.012238
0.040282
0.008599
0.016243
0.020965
0.240320
0.011665
0.014839
0.046051
0.022806
0.005582
0.009184
0.004068
0.009639
0.048386
0.013907
0.017121
0.010699
0.011458
0.006636
0.005148
0.015109
0.008813
0.104951
0.011249
0.018527
0.024975
0.021834
0.011805
0.016941
0.014554
0.013591
0.008200
0.013094
0.009691
0.014487
0.104540
0.011390
0.021545
0.010065
0.018361
0.032152
0.010632
0.010874
0.016723
0.204775
0.007248
0.015997
0.029105
0.037508
0.006974
0.008360
0.005399
0.007813
0.039661
0.012359
0.013800
0.008893
0.011248
0.009550
0.017907
0.011787
0.089238
0.007238
0.025554
0.022386
0.025783
0.007193
0.012871
0.027519
0.021813
0.013160
0.013113
0.010856
0.015820
0.087714
0.007110
0.022899
0.013635
0.023956
0.016050
0.010672
0.017311
0.016741
0.216369
0.016161
0.031904
0.019512
0.031306
0.010772
0.016138
0.010037
0.016392
0.032249
0.012792
0.014988
0.010854
0.010662
0.019241
0.008472
0.085965
0.005953
0.026792
0.024703
0.022939
0.008755
0.009852
0.034232
0.012040
0.007497
0.016762
0.002901
0.023765
0.078543
0.004094
0.012740
0.011244
0.015652
0.019746
0.014377
0.005020
0.004457
0.187295
0.009031
0.022548
0.024677
0.031889
0.015582
0.013063
0.014558
0.010052
0.033746
0.003257
0.004880
0.004084
0.014001
0.005187
0.112704
0.006553
0.009427
0.016692
0.026456
0.008514
0.013729
0.015301
0.019987
0.010154
0.007386
0.010971
0.009225
0.104459
0.009230
0.012511
0.004315
0.009264
0.033665
0.007012
0.014104
0.016526
0.224892
0.008049
0.013385
0.033753
0.026323
0.006181
0.003309
0.004699
0.006531
0.043569
0.008025
0.012960
0.019341
0.006789
0.107285
0.006187
0.008504
0.015823
0.026172
0.010623
0.017635
0.016881
0.017101
0.011762
0.007695
0.008603
0.008828
0.111419
0.008682
0.011898
0.003318
0.012124
0.027212
0.008208
0.012256
0.015455
0.227998
0.010868
0.014563
0.035068
0.023621
0.004444
0.009525
0.005482
0.007094
0.036653
0.009315
0.011770
0.012291
0.147440
0.018544
0.027441
0.019501
0.038639
0.013036
0.006716
0.030866
0.040555
0.022079
0.012479
0.020331
0.016533
0.125608
0.017045
0.031892
0.019396
0.023832
0.052363
0.008021
0.026808
0.031352
0.258867
0.012734
0.034915
0.049600
0.032826
0.011424
0.013474
0.009137
0.021361
0.077095
0.020534
0.030476
0.114390
0.009775
0.013541
0.017801
0.033393
0.005419
0.010953
0.023221
0.019392
0.009737
0.009690
0.009446
0.015439
0.108352
0.006621
0.012201
0.005936
0.007930
0.030477
0.006262
0.012708
0.016501
0.232040
0.005277
0.015994
0.036732
0.025746
0.008456
0.007473
0.008152
0.007807
0.050557
0.006074
0.010886
0.099443
0.149387
0.150818
0.075169
0.104542
0.121551
0.119783
0.066340
0.086001
0.135983
0.090195
0.136004
0.059511
0.093260
0.121711
0.117901
0.132596
0.052058
0.125693
0.086399
0.077060
0.092158
0.117557
0.134140
0.044232
0.158536
0.124734
0.114452
0.121527
0.115358
0.036851
0.091544
0.086381
0.015542
0.012778
0.026846
0.010878
0.010782
0.028644
0.020786
0.013396
0.007649
0.007711
0.011296
0.093531
0.004298
0.010157
0.006271
0.013144
0.021750
0.011681
0.012870
0.010749
0.220920
0.014586
0.023206
0.029544
0.019206
0.010242
0.013315
0.008310
0.011767
0.032472
0.006746
0.007814
0.012388
0.051053
0.022544
0.026773
0.026051
0.038732
0.029604
0.009400
0.024407
0.010258
0.147615
0.019566
0.010948
0.005832
0.011431
0.046497
0.017416
0.028784
0.032157
0.285212
0.022600
0.018075
0.065328
0.016590
0.012800
0.018251
0.012649
0.013838
0.059067
0.019858
0.023109
0.056975
0.025102
0.017157
0.044390
0.051285
0.035820
0.006641
0.025821
0.008741
0.155411
0.015385
0.017377
0.010584
0.020229
0.044589
0.015455
0.034622
0.032076
0.307492
0.027985
0.041207
0.067841
0.004345
0.014304
0.028414
0.012229
0.026036
0.064534
0.022965
0.027764
0.032230
0.036728
0.027938
0.019638
0.020580
0.039837
0.020347
0.039654
0.068688
0.031637
0.046813
0.034998
0.041416
0.040482
0.032099
0.021279
0.022877
0.147898
0.026331
0.040579
0.023371
0.072604
0.030179
0.021870
0.028940
0.030213
0.037209
0.026266
0.029306
0.010798
0.023505
0.021995
0.009748
0.012575
0.010606
0.017694
0.088812
0.007046
0.020297
0.012908
0.016039
0.026059
0.007270
0.015918
0.019524
0.221699
0.009753
0.023005
0.026657
0.035079
0.011059
0.009856
0.011199
0.011357
0.047060
0.009788
0.015304
0.039501
0.033116
0.020061
0.012857
0.012433
0.019356
0.099884
0.007841
0.020679
0.016261
0.021683
0.033510
0.012021
0.018313
0.019083
0.239916
0.014738
0.035714
0.040759
0.025891
0.013744
0.015600
0.012775
0.017733
0.057964
0.010938
0.019329
0.030712
0.020190
0.025802
0.031788
0.020621
0.111268
0.031451
0.040539
0.025586
0.032336
0.055297
0.022456
0.034383
0.040926
0.218150
0.023099
0.025371
0.040176
0.062547
0.017975
0.014867
0.017232
0.020317
0.052110
0.031465
0.035680
0.009660
0.035706
0.011874
0.040587
0.074924
0.019122
0.026110
0.022327
0.026528
0.024834
0.030929
0.006808
0.011365
0.139957
0.016059
0.020507
0.020152
0.060601
0.028098
0.019249
0.026229
0.015566
0.025494
0.013043
0.010130
0.021079
0.008597
0.024934
0.075863
0.010870
0.022474
0.014369
0.019210
0.030327
0.015548
0.009224
0.011431
0.171102
0.007008
0.017803
0.020695
0.049489
0.016571
0.009845
0.013862
0.009303
0.036221
0.010093
0.009899
0.015901
0.002682
0.127462
0.009754
0.015844
0.006795
0.013197
0.038825
0.007576
0.024251
0.025979
0.272425
0.016502
0.026630
0.049470
0.015129
0.007097
0.014599
0.003709
0.015781
0.054184
0.015901
0.020502
0.022282
0.082643
0.006669
0.014673
0.010787
0.015357
0.022629
0.013472
0.003963
0.006518
0.189452
0.010545
0.020063
0.028803
0.033155
0.013084
0.012224
0.013642
0.010111
0.036071
0.005810
0.007496
0.134063
0.015093
0.022489
0.009854
0.021003
0.042575
0.010184
0.030900
0.031963
0.278074
0.022248
0.032333
0.051075
0.019084
0.007629
0.017400
0.004280
0.019307
0.053315
0.022637
0.027791
0.088917
0.115242
0.120307
0.119102
0.074933
0.119378
0.084521
0.079192
0.094163
0.104388
0.115390
0.047659
0.171465
0.122535
0.096498
0.119482
0.101100
0.067943
0.084923
0.084591
0.012071
0.008719
0.015066
0.017322
0.011795
0.011951
0.011035
0.218516
0.013095
0.027138
0.028053
0.023385
0.011859
0.014743
0.010248
0.012159
0.032955
0.005353
0.007806
0.006654
0.008924
0.033227
0.023333
0.015468
0.015468
0.239395
0.018249
0.016378
0.054489
0.017412
0.021483
0.020423
0.020132
0.010612
0.045723
0.008270
0.008184
0.007113
0.030877
0.009453
0.013639
0.015596
0.242429
0.010857
0.014204
0.044441
0.014988
0.008474
0.011494
0.006706
0.007811
0.043694
0.007944
0.010213
0.042882
0.015473
0.018760
0.021595
0.244054
0.012617
0.011622
0.053135
0.024689
0.018560
0.013093
0.015796
0.012096
0.058228
0.010540
0.012565
0.037908
0.026247
0.021449
0.190588
0.040336
0.054297
0.020930
0.046684
0.036975
0.041737
0.036347
0.035423
0.016482
0.022096
0.021328
0.021448
0.024307
0.253836
0.010568
0.025956
0.041486
0.025255
0.004530
0.009191
0.005826
0.015443
0.060258
0.014480
0.023373
0.005272
0.168328
0.009941
0.017462
0.030474
0.040979
0.020015
0.014132
0.018782
0.009179
0.035368
0.006266
0.005830
0.169373
0.015015
0.026272
0.027960
0.037715
0.024020
0.018809
0.022301
0.014103
0.028828
0.006754
0.006344
0.205240
0.207767
0.134719
0.325236
0.252859
0.206770
0.242002
0.211332
0.149015
0.196460
0.183734
0.012643
0.036138
0.038736
0.013504
0.006627
0.010220
0.006473
0.055224
0.008727
0.012316
0.053021
0.048289
0.024555
0.014096
0.022433
0.009169
0.059342
0.017821
0.017044
0.082752
0.041552
0.033515
0.037632
0.038838
0.021750
0.029946
0.029015
0.025254
0.040935
0.023564
0.034400
0.071560
0.028234
0.032307
0.009837
0.004919
0.012011
0.052243
0.015661
0.022337
0.009118
0.008305
0.052564
0.010248
0.017553
0.012524
0.047924
0.014222
0.018476
0.045479
0.008333
0.009435
0.035810
0.029160
0.004808
