0.044834
0.072634
0.023240
0.037021
0.051875
0.029299
0.023149
0.013956
0.022703
0.016450
0.019495
0.023853
0.053401
0.081642
0.036567
0.042803
0.023437
0.026259
0.037254
0.030161
0.047757
0.072302
0.091334
0.056208
0.025229
0.023428
0.016954
0.018047
0.087710
0.037341
0.053260
0.033266
0.020132
0.098788
0.011213
0.014879
0.029313
0.030611
0.049840
0.020691
0.025915
0.042894
0.072268
0.042240
0.016084
0.035054
0.024872
0.089411
0.035015
0.068867
0.053122
0.118133
0.117856
0.087410
0.063231
0.040191
0.023166
0.040743
0.031853
0.065214
0.023184
0.126723
0.091542
0.087545
0.052107
0.069765
0.087784
0.083332
0.052666
0.107489
0.154635
0.122314
0.038438
0.049099
0.057912
0.039020
0.143673
0.061012
0.105842
0.094409
0.063248
0.137241
0.046254
0.057819
0.066191
0.092512
0.103972
0.036706
0.068895
0.122326
0.153708
0.100739
0.062206
0.079021
0.053211
0.137469
0.095528
0.061502
0.135044
0.102374
0.058485
0.062882
0.077912
0.062368
0.085135
0.069619
0.124791
0.048134
0.231925
0.069559
0.081660
0.061743
0.061855
0.058876
0.065440
0.041353
0.204401
0.119922
0.077459
0.093251
0.072110
0.050633
0.103268
0.176901
0.059529
0.108207
0.069749
0.055474
0.051515
0.076856
0.100288
0.098959
0.058898
0.099510
0.057156
0.066759
0.092052
0.097855
0.116535
0.048929
0.117891
0.057777
0.096727
0.085941
0.061944
0.036989
0.024814
0.015004
0.016487
0.044061
0.018385
0.022841
0.035231
0.047762
0.103001
0.031014
0.032817
0.014196
0.014432
0.022433
0.021225
0.035750
0.073639
0.066664
0.058823
0.025771
0.010550
0.026643
0.024842
0.074100
0.014903
0.044808
0.027009
0.017320
0.070755
0.023156
0.021622
0.035197
0.036221
0.042941
0.018383
0.025920
0.033883
0.066435
0.035461
0.018052
0.036629
0.011324
0.067187
0.038224
0.047017
0.040030
0.043079
0.048723
0.088246
0.058224
0.057995
0.034869
0.134746
0.101095
0.035270
0.078003
0.052094
0.059946
0.056531
0.045788
0.100753
0.086933
0.097645
0.055330
0.071486
0.064438
0.045596
0.053756
0.092396
0.077146
0.045965
0.039403
0.036522
0.125874
0.035274
0.034721
0.047672
0.062770
0.047700
0.069374
0.042609
0.037316
0.064435
0.047503
0.038130
0.042042
0.064795
0.099280
0.028643
0.016274
0.027251
0.037142
0.106120
0.058484
0.052215
0.042667
0.129102
0.138442
0.016564
0.051875
0.032894
0.028728
0.023880
0.015329
0.090369
0.103829
0.038061
0.031484
0.065592
0.047731
0.034672
0.055944
0.099651
0.039691
0.018361
0.021076
0.026052
0.079407
0.038876
0.047573
0.040386
0.056061
0.022508
0.067535
0.018851
0.021872
0.036493
0.020972
0.032567
0.033047
0.044434
0.038533
0.013592
0.013644
0.025095
0.070105
0.038229
0.033195
0.037556
0.090096
0.131230
0.008507
0.034598
0.017788
0.016715
0.011431
0.008165
0.055406
0.110077
0.041822
0.021202
0.047372
0.029674
0.014682
0.045963
0.102262
0.027402
0.021944
0.011469
0.010036
0.048867
0.023716
0.031792
0.028413
0.029913
0.018792
0.037724
0.012808
0.017072
0.028845
0.024103
0.008712
0.029642
0.024835
0.034653
0.007856
0.012503
0.052898
0.020274
0.020764
0.027946
0.067286
0.103372
0.020444
0.028854
0.010630
0.018257
0.015289
0.016854
0.043197
0.077774
0.044010
0.046090
0.026070
0.014838
0.016188
0.023603
0.076281
0.013623
0.020871
0.021920
0.009677
0.065102
0.010951
0.018918
0.019044
0.043524
0.023862
0.030316
0.020446
0.026790
0.061800
0.021389
0.008100
0.021733
0.015578
0.045633
0.018544
0.036875
0.009911
0.013000
0.014522
0.059060
0.072810
0.031160
0.030569
0.011692
0.019873
0.027829
0.024923
0.047461
0.057145
0.062188
0.057501
0.010612
0.012348
0.019129
0.010509
0.076478
0.018419
0.028542
0.033135
0.016297
0.088087
0.007934
0.013503
0.014270
0.048136
0.030126
0.021746
0.020290
0.042196
0.073787
0.020839
0.016509
0.015438
0.016548
0.058416
0.025570
0.035239
0.041549
0.062086
0.036040
0.109562
0.073878
0.069893
0.052302
0.058443
0.072283
0.064602
0.050034
0.099150
0.152444
0.094206
0.040468
0.046446
0.037352
0.036830
0.119224
0.062056
0.104705
0.072832
0.048835
0.131347
0.032629
0.044906
0.070066
0.047500
0.100097
0.025324
0.055437
0.093552
0.116293
0.092314
0.045175
0.079907
0.043967
0.141359
0.082420
0.013443
0.016710
0.052809
0.054530
0.049456
0.043738
0.016911
0.033759
0.037562
0.034007
0.051862
0.045951
0.068833
0.074807
0.011066
0.013115
0.026309
0.009129
0.078245
0.026271
0.044380
0.051053
0.028965
0.102210
0.013239
0.015859
0.025476
0.058725
0.038438
0.022866
0.033209
0.059486
0.096817
0.032464
0.021464
0.020824
0.022101
0.076733
0.042859
0.021294
0.041171
0.094963
0.039012
0.051499
0.011804
0.030674
0.040848
0.034004
0.039865
0.075776
0.073449
0.066499
0.018760
0.020017
0.026522
0.018786
0.103142
0.028315
0.042834
0.038878
0.022316
0.087899
0.016098
0.019374
0.019298
0.062464
0.038539
0.024794
0.028302
0.059615
0.091071
0.039241
0.021689
0.023242
0.026350
0.069810
0.035435
0.096895
0.053869
0.042046
0.056010
0.024266
0.041261
0.048377
0.035942
0.082183
0.040037
0.070845
0.068904
0.021191
0.032091
0.033632
0.015289
0.078656
0.046801
0.030709
0.046981
0.030012
0.125016
0.015409
0.015889
0.018643
0.073822
0.030832
0.044168
0.030502
0.054253
0.086167
0.021501
0.033313
0.008388
0.039411
0.074761
0.027355
0.169589
0.097094
0.093672
0.054240
0.065622
0.085323
0.089901
0.032472
0.143878
0.158773
0.130740
0.057888
0.045676
0.071778
0.060774
0.155402
0.056643
0.128700
0.089243
0.066359
0.109305
0.065173
0.068907
0.083576
0.082121
0.118902
0.035540
0.085925
0.115821
0.157417
0.121849
0.059342
0.106879
0.051581
0.146262
0.113829
0.142521
0.119754
0.106793
0.130113
0.124276
0.119900
0.169231
0.023318
0.139874
0.167370
0.068147
0.087189
0.109552
0.054505
0.096631
0.115510
0.107360
0.153560
0.124367
0.240935
0.078206
0.074082
0.100456
0.152946
0.102909
0.108723
0.114878
0.138867
0.184193
0.082743
0.111150
0.066851
0.105548
0.168961
0.119429
0.049627
0.021417
0.024972
0.020700
0.013707
0.060811
0.115139
0.058138
0.021652
0.056741
0.039356
0.022152
0.053195
0.101810
0.035805
0.025815
0.007349
0.009746
0.059936
0.027478
0.037343
0.035425
0.036360
0.021865
0.043313
0.013679
0.019325
0.028012
0.030054
0.017320
0.035403
0.034613
0.043032
0.009108
0.035033
0.027249
0.029847
0.045245
0.048898
0.098242
0.060739
0.076147
0.037098
0.032951
0.042718
0.050289
0.068977
0.024804
0.038190
0.044421
0.034021
0.063605
0.040220
0.042532
0.038790
0.050874
0.055776
0.041195
0.046547
0.037056
0.061426
0.032313
0.030902
0.045451
0.022998
0.053270
0.042926
0.015390
0.021478
0.022344
0.033538
0.082437
0.049717
0.052978
0.019612
0.012332
0.024291
0.026127
0.083119
0.013347
0.026556
0.020825
0.009704
0.055814
0.016031
0.020891
0.015051
0.048911
0.021538
0.021677
0.022552
0.034604
0.064764
0.024352
0.011341
0.020751
0.015830
0.041244
0.022160
0.018715
0.024770
0.032746
0.098980
0.060745
0.055436
0.030080
0.017602
0.030747
0.037542
0.079325
0.015312
0.038871
0.018709
0.012947
0.053696
0.030191
0.031677
0.026784
0.033285
0.041613
0.026078
0.030315
0.019556
0.052036
0.028388
0.017406
0.039333
0.011254
0.051251
0.028726
0.016077
0.047669
0.095589
0.035418
0.042304
0.041357
0.022370
0.025900
0.046936
0.076434
0.016173
0.024243
0.025275
0.018995
0.047469
0.032954
0.041312
0.041008
0.035318
0.024728
0.037229
0.025415
0.015310
0.037168
0.023714
0.012121
0.037264
0.014270
0.033574
0.023741
0.069193
0.098151
0.045308
0.016420
0.049725
0.033841
0.011337
0.041324
0.105270
0.033697
0.028294
0.016139
0.016157
0.069971
0.020888
0.031321
0.036934
0.029419
0.023495
0.041390
0.007119
0.028571
0.036930
0.028340
0.016201
0.030869
0.030023
0.046438
0.014458
0.131536
0.110846
0.107575
0.041534
0.034975
0.060081
0.065052
0.093868
0.030012
0.084170
0.054082
0.036588
0.056850
0.056745
0.057998
0.060950
0.057547
0.085281
0.028148
0.071014
0.059869
0.097296
0.078815
0.036496
0.080130
0.022873
0.092033
0.075315
0.121412
0.156902
0.048241
0.066730
0.097609
0.039356
0.054789
0.087249
0.083138
0.125731
0.097332
0.214901
0.064177
0.059312
0.086301
0.133108
0.087789
0.089817
0.095167
0.105256
0.158355
0.060890
0.093053
0.051340
0.073695
0.145585
0.100207
0.071507
0.078411
0.063264
0.063258
0.087114
0.113016
0.046209
0.024799
0.066599
0.061316
0.072316
0.069868
0.083783
0.059422
0.105093
0.024668
0.101737
0.056483
0.056142
0.078276
0.028927
0.051485
0.042042
0.063043
0.018445
0.043070
0.098798
0.075247
0.023948
0.082156
0.162983
0.072711
0.049397
0.026713
0.036926
0.083305
0.045604
0.062176
0.063483
0.041122
0.041605
0.075935
0.015929
0.051224
0.036471
0.059009
0.037573
0.060940
0.071972
0.063566
0.021905
0.015446
0.041598
0.015575
0.062441
0.023675
0.045963
0.057215
0.031254
0.101093
0.022635
0.023332
0.023480
0.068039
0.049775
0.024776
0.048058
0.059143
0.101362
0.031237
0.031088
0.024626
0.016924
0.073632
0.050969
0.035706
0.018316
0.076382
0.010044
0.041570
0.037493
0.022725
0.074890
0.023236
0.018669
0.026012
0.048972
0.038124
0.015404
0.038020
0.037567
0.080696
0.032454
0.015855
0.032255
0.009590
0.064176
0.042260
0.032471
0.108846
0.036350
0.035849
0.027311
0.015127
0.076447
0.010978
0.030462
0.033092
0.031594
0.032542
0.035228
0.008182
0.043966
0.054730
0.036940
0.012567
0.032640
0.032011
0.060063
0.018729
0.080897
0.032476
0.046136
0.056407
0.034036
0.127127
0.012880
0.016121
0.026723
0.068386
0.049142
0.030450
0.036261
0.062204
0.105677
0.035420
0.030756
0.025669
0.029015
0.094347
0.045393
0.070750
0.080254
0.104216
0.081705
0.146610
0.085916
0.086574
0.097037
0.115473
0.099212
0.097020
0.111328
0.066211
0.127157
0.060132
0.087754
0.077181
0.059677
0.115743
0.099880
0.031063
0.036905
0.021072
0.048456
0.031174
0.037830
0.029849
0.057582
0.034998
0.029194
0.038356
0.033464
0.075179
0.027526
0.018381
0.036605
0.010765
0.041193
0.038420
0.037495
0.027649
0.074088
0.031212
0.043608
0.024746
0.079993
0.010736
0.066393
0.026870
0.032567
0.056537
0.009341
0.028379
0.014461
0.040699
0.023840
0.012004
0.009404
0.056907
0.030084
0.031589
0.032473
0.027878
0.035540
0.040357
0.020448
0.018437
0.031766
0.036761
0.019063
0.043255
0.033697
0.052650
0.016088
0.052809
0.014787
0.022796
0.019398
0.032592
0.028053
0.025710
0.016662
0.021691
0.046570
0.026927
0.008463
0.028545
0.018374
0.048040
0.013985
0.097869
0.110908
0.082149
0.085328
0.072905
0.079198
0.080932
0.060747
0.074445
0.085909
0.052823
0.103820
0.060678
0.044016
0.069232
0.012434
0.018143
0.043943
0.030985
0.027575
0.016048
0.045810
0.073441
0.028159
0.014473
0.018425
0.027507
0.069192
0.021133
0.019837
0.046282
0.043653
0.024346
0.030557
0.044271
0.075835
0.035732
0.022050
0.023355
0.027899
0.088273
0.032836
0.070815
0.030446
0.041865
0.032997
0.047337
0.083442
0.022967
0.024033
0.015623
0.034562
0.051599
0.022345
0.073580
0.036867
0.036223
0.036759
0.040452
0.069004
0.029092
0.077493
0.036359
0.095068
0.050207
0.058855
0.024085
0.037947
0.055281
0.016656
0.023792
0.015782
0.044170
0.024800
0.013600
0.040023
0.051813
0.072912
0.058288
0.021846
0.051800
0.016703
0.089680
0.053784
0.039116
0.042117
0.030494
0.018125
0.026960
0.035671
0.050660
0.012049
0.030079
0.028606
0.023233
0.048009
0.026597
0.051443
0.024709
0.058799
0.048541
0.076306
0.062928
0.062145
0.036837
0.029167
0.009980
0.031531
0.032141
0.017197
0.028983
0.015307
0.047736
0.018268
0.037400
0.045483
0.018994
0.057542
0.040228
0.034996
