0.028188
0.056862
0.035068
0.019512
0.058530
0.033753
0.042343
0.038261
0.031141
0.016107
0.018320
0.025227
0.051075
0.029946
0.063454
0.035947
0.019214
0.037838
0.047104
0.044441
0.029015
0.026657
0.024046
0.009836
0.034432
0.023288
0.036676
0.040759
0.062522
0.030412
0.026028
0.038264
0.024015
0.038819
0.018306
0.020695
0.036138
0.025817
0.048383
0.026129
0.026319
0.020570
0.049600
0.053669
0.042352
0.033674
0.054489
0.037632
0.020785
0.035539
0.018359
0.020423
0.111248
0.017290
0.050470
0.011710
0.005985
0.010121
0.012203
0.018376
0.037484
0.009375
0.029285
0.027222
0.013909
0.027672
0.052446
0.020163
0.009415
0.017465
0.015835
0.037207
0.052241
0.007039
0.022156
0.020384
0.033877
0.023366
0.008885
0.023080
0.012058
0.041048
0.024766
0.007112
0.008062
0.020538
0.032267
0.015791
0.012955
0.026863
0.025780
0.023335
0.078910
0.028289
0.023525
0.022211
0.048634
0.012690
0.017523
0.174334
0.011188
0.126265
0.013291
0.035627
0.052066
0.027259
0.013103
0.004946
0.023344
0.020695
0.051024
0.049060
0.098339
0.138373
0.012614
0.031276
0.017031
0.019711
0.079432
0.088008
0.034970
0.010186
0.014152
0.032351
0.053876
0.052871
0.017255
0.021263
0.074938
0.053977
0.026763
0.018348
0.012878
0.095574
0.019914
0.024351
0.056756
0.007130
0.011224
0.163352
0.009881
0.026684
0.004592
0.104252
0.009550
0.144193
0.004084
0.079320
0.006838
0.018829
0.028860
0.009075
0.006915
0.008828
0.009315
0.017661
0.030447
0.031715
0.063976
0.088056
0.003318
0.011770
0.010623
0.010198
0.055914
0.066259
0.015167
0.009443
0.017635
0.022643
0.036761
0.024809
0.008981
0.009847
0.059401
0.039433
0.011762
0.010868
0.010967
0.057257
0.007274
0.010187
0.030385
0.019341
0.006000
0.111155
0.007114
0.011898
0.005482
0.068800
0.107617
0.011248
0.078058
0.013306
0.020052
0.021661
0.009852
0.006438
0.015820
0.012792
0.029325
0.033721
0.024174
0.059721
0.085216
0.013635
0.014988
0.007193
0.006872
0.036767
0.049738
0.013519
0.008201
0.012871
0.043500
0.028832
0.030152
0.009980
0.008159
0.049047
0.024227
0.013160
0.016161
0.008397
0.066560
0.006399
0.008185
0.022090
0.017907
0.017085
0.096965
0.008703
0.022899
0.010037
0.056719
0.140403
0.086080
0.144219
0.106526
0.080026
0.103884
0.120793
0.166430
0.110002
0.172811
0.114294
0.081662
0.085639
0.093072
0.151240
0.108336
0.109073
0.101743
0.045811
0.067141
0.094826
0.128008
0.120110
0.181160
0.090708
0.110584
0.132145
0.105981
0.067197
0.064927
0.110013
0.135999
0.116192
0.126393
0.109269
0.108112
0.065664
0.149418
0.162335
0.058590
0.132251
0.146237
0.148407
0.053662
0.081325
0.007173
0.016077
0.028993
0.009522
0.008476
0.009225
0.008025
0.014617
0.030041
0.028712
0.062708
0.094557
0.004315
0.012960
0.008514
0.009945
0.055938
0.060835
0.015556
0.010030
0.013729
0.015548
0.038036
0.025519
0.011377
0.010597
0.049900
0.039933
0.010154
0.008049
0.010391
0.056907
0.009328
0.010069
0.033791
0.014001
0.006624
0.113987
0.007726
0.012511
0.004699
0.066451
0.077367
0.053354
0.042857
0.054991
0.082688
0.116493
0.066491
0.101293
0.067832
0.039287
0.020206
0.012266
0.088986
0.053789
0.075809
0.072536
0.039370
0.058862
0.053251
0.098154
0.100468
0.086652
0.063976
0.033125
0.093149
0.073252
0.062511
0.061849
0.049728
0.070006
0.079572
0.019824
0.071363
0.071351
0.039311
0.113734
0.101257
0.028276
0.095405
0.087170
0.094014
0.024510
0.014238
0.026600
0.011388
0.007716
0.015988
0.008087
0.015315
0.025975
0.025079
0.057209
0.084515
0.005477
0.009448
0.013125
0.011601
0.052656
0.071855
0.013862
0.009459
0.015521
0.023233
0.028798
0.020498
0.010362
0.010303
0.062110
0.034894
0.011089
0.006027
0.012211
0.053852
0.008276
0.011447
0.034283
0.014928
0.008018
0.113432
0.012342
0.013608
0.007098
0.074418
0.011430
0.014505
0.021230
0.037526
0.006053
0.030575
0.023913
0.011199
0.027960
0.059443
0.018756
0.007765
0.013557
0.010505
0.039036
0.046907
0.005206
0.020526
0.015859
0.030396
0.024454
0.012622
0.021365
0.011860
0.034057
0.024554
0.009333
0.009008
0.019437
0.037884
0.014169
0.008835
0.021440
0.025419
0.020780
0.083840
0.027883
0.016840
0.024228
0.048861
0.015496
0.023515
0.052755
0.016981
0.053408
0.028237
0.010125
0.021605
0.039599
0.035217
0.019130
0.019428
0.019465
0.022374
0.040169
0.008545
0.031806
0.028973
0.049540
0.023839
0.012930
0.032339
0.015402
0.038111
0.016082
0.014108
0.020993
0.024745
0.034065
0.021341
0.015809
0.020516
0.039148
0.040238
0.055205
0.037535
0.038651
0.035951
0.032099
0.008317
0.022096
0.007592
0.023822
0.023919
0.021884
0.043975
0.062950
0.011295
0.009597
0.012475
0.010501
0.034011
0.044544
0.007499
0.014454
0.020133
0.032282
0.025330
0.015533
0.013028
0.007402
0.044097
0.025206
0.007271
0.013454
0.012612
0.040401
0.005748
0.009566
0.018782
0.027821
0.017781
0.072248
0.011775
0.019023
0.013680
0.042564
0.012811
0.009645
0.022888
0.025170
0.026862
0.064349
0.087233
0.008975
0.014260
0.011302
0.008226
0.040066
0.061455
0.014773
0.005267
0.012915
0.033900
0.024511
0.027267
0.008069
0.006299
0.057740
0.024444
0.013576
0.013739
0.008005
0.065129
0.005948
0.010216
0.028579
0.015489
0.012561
0.101690
0.006019
0.020427
0.006482
0.063701
0.022637
0.020032
0.046844
0.053593
0.097378
0.132256
0.009854
0.027791
0.017694
0.018947
0.076455
0.078249
0.032853
0.011031
0.019356
0.032353
0.054908
0.050969
0.014114
0.020911
0.070795
0.054439
0.024934
0.022248
0.014459
0.089676
0.017075
0.023245
0.050341
0.016533
0.011360
0.148863
0.005880
0.022489
0.004280
0.093566
0.021369
0.018399
0.018152
0.045345
0.073802
0.007944
0.004808
0.009788
0.005563
0.040780
0.051862
0.005347
0.009534
0.010938
0.026878
0.020198
0.017925
0.010081
0.004803
0.040639
0.022666
0.010093
0.008727
0.013617
0.049683
0.005292
0.004426
0.019569
0.020534
0.010257
0.091355
0.014750
0.008270
0.014222
0.056189
0.053322
0.051624
0.084061
0.120601
0.011042
0.024568
0.026156
0.029087
0.088616
0.090460
0.031346
0.022238
0.024771
0.025879
0.058748
0.042059
0.023285
0.030007
0.071544
0.068018
0.024121
0.015465
0.028362
0.070495
0.021271
0.029538
0.055381
0.022584
0.011689
0.145960
0.017854
0.020800
0.013816
0.098892
0.030731
0.057964
0.069646
0.029024
0.017356
0.037520
0.019881
0.033699
0.062197
0.019966
0.026870
0.039773
0.046640
0.011919
0.025869
0.022928
0.018240
0.066464
0.021426
0.029549
0.034536
0.034259
0.060629
0.021363
0.020257
0.031307
0.054591
0.034040
0.077494
0.034176
0.026062
0.039352
0.056712
0.023703
0.045923
0.036436
0.019107
0.017644
0.017606
0.019685
0.046946
0.014466
0.032014
0.028785
0.044133
0.023747
0.019403
0.037186
0.020372
0.035721
0.019064
0.013609
0.018215
0.020315
0.038958
0.023503
0.018153
0.016984
0.034603
0.039812
0.068169
0.038812
0.038969
0.035460
0.037469
0.019159
0.072025
0.039411
0.054395
0.053472
0.037687
0.042510
0.032629
0.075656
0.064701
0.071181
0.052314
0.017316
0.073450
0.051766
0.038119
0.042415
0.035894
0.046666
0.062174
0.014965
0.056302
0.051054
0.037074
0.077413
0.079703
0.042270
0.082475
0.067500
0.072945
0.026984
0.100300
0.060805
0.087935
0.080376
0.040450
0.069374
0.056151
0.104934
0.108692
0.106061
0.061957
0.031241
0.098376
0.076002
0.077621
0.058086
0.060456
0.080988
0.090412
0.027048
0.078761
0.076611
0.049426
0.124095
0.112819
0.023875
0.109759
0.098672
0.106038
0.031111
0.010213
0.012908
0.011020
0.064961
0.073463
0.015584
0.007909
0.016261
0.021909
0.037292
0.029055
0.006668
0.011881
0.063634
0.044365
0.014369
0.010857
0.015239
0.065426
0.006341
0.010508
0.035077
0.019396
0.002935
0.123826
0.007457
0.006654
0.006706
0.080699
0.015304
0.007466
0.037193
0.052635
0.005797
0.013467
0.019329
0.033018
0.018222
0.013784
0.009806
0.009805
0.045047
0.024019
0.009899
0.012316
0.019397
0.044592
0.005939
0.006629
0.016180
0.030476
0.014239
0.081760
0.018656
0.008184
0.018476
0.052162
0.007268
0.044711
0.052349
0.011712
0.011153
0.010798
0.030376
0.037429
0.030497
0.016285
0.010187
0.039903
0.030809
0.009748
0.009753
0.006720
0.062052
0.009420
0.007336
0.022437
0.013036
0.015020
0.106724
0.012580
0.020297
0.011199
0.059611
0.033030
0.048353
0.007410
0.004786
0.008932
0.036779
0.018001
0.025920
0.007415
0.004493
0.042051
0.017406
0.011442
0.014083
0.007694
0.064820
0.004197
0.002940
0.015140
0.018549
0.013386
0.095371
0.010238
0.013389
0.013332
0.055021
0.039323
0.032026
0.049670
0.054011
0.086342
0.020950
0.035143
0.052656
0.034399
0.047395
0.011503
0.035030
0.053103
0.039076
0.057827
0.039032
0.037820
0.020506
0.068578
0.073410
0.036740
0.054222
0.068639
0.059951
0.022455
0.041689
0.066365
0.056251
0.084917
0.059173
0.048527
0.067909
0.047777
0.024257
0.041979
0.048170
0.068251
0.056707
0.058052
0.055086
0.051608
0.037172
0.076838
0.083279
0.060263
0.068013
0.070859
0.070526
0.020018
0.015184
0.016126
0.039617
0.019204
0.013657
0.013465
0.006491
0.036893
0.017790
0.008593
0.013207
0.017261
0.041842
0.006782
0.005068
0.014211
0.029046
0.019836
0.073765
0.021470
0.015164
0.022407
0.043997
0.008104
0.039127
0.025434
0.036963
0.004565
0.006764
0.058945
0.027308
0.018034
0.015739
0.009274
0.082300
0.005598
0.008339
0.030301
0.013386
0.009672
0.122880
0.005907
0.014959
0.008391
0.077559
0.040259
0.033130
0.038210
0.014803
0.010600
0.041896
0.028735
0.020061
0.014738
0.012395
0.078145
0.013137
0.011994
0.033756
0.006716
0.015095
0.127183
0.015633
0.020679
0.012775
0.075735
0.067457
0.034816
0.041871
0.036700
0.067494
0.074846
0.027104
0.019300
0.034081
0.052602
0.037091
0.036133
0.062900
0.033541
0.023631
0.135037
0.034209
0.030016
0.025061
0.083096
0.029468
0.024625
0.017017
0.062547
0.008540
0.029644
0.036430
0.031434
0.066054
0.020728
0.019615
0.021804
0.049652
0.040534
0.070961
0.037471
0.034388
0.042720
0.054419
0.033085
0.021669
0.046103
0.031099
0.015073
0.019923
0.033172
0.017182
0.024040
0.023405
0.029649
0.046366
0.036081
0.054863
0.039833
0.031619
0.033466
0.035106
0.008993
0.064345
0.029702
0.019491
0.018932
0.016805
0.076860
0.004180
0.008014
0.028699
0.023909
0.008866
0.114758
0.008099
0.009867
0.011888
0.076554
0.045535
0.016949
0.012728
0.013851
0.009748
0.057563
0.005036
0.004363
0.019899
0.020325
0.015129
0.089402
0.012783
0.015905
0.014352
0.053569
0.045825
0.039640
0.049109
0.049151
0.056318
0.050553
0.046064
0.037522
0.056639
0.067676
0.080127
0.061354
0.059239
0.059852
0.035255
0.028356
0.038035
0.027189
0.065190
0.023058
0.020501
0.018387
0.044833
0.048526
0.060050
0.038047
0.044051
0.042099
0.040487
0.007008
0.010936
0.036221
0.011143
0.010595
0.021588
0.022079
0.019657
0.080509
0.016878
0.022474
0.013862
0.044019
0.013289
0.045578
0.013430
0.012696
0.034835
0.012734
0.011364
0.110018
0.017089
0.018249
0.010220
0.068192
0.065865
0.010910
0.011729
0.025333
0.012140
0.017902
0.107936
0.008780
0.026928
0.008756
0.060995
0.060079
0.060293
0.051104
0.084282
0.074755
0.050157
0.078767
0.066589
0.068553
0.035397
0.004626
0.016962
0.022552
0.010221
0.093132
0.007814
0.010492
0.011295
0.059243
0.016192
0.022243
0.012666
0.093964
0.014490
0.011135
0.016565
0.057622
0.051565
0.040460
0.057866
0.034372
0.031122
0.040962
0.032439
0.016917
0.151232
0.017367
0.031892
0.009137
0.092206
0.139686
0.010500
0.006932
0.008430
0.092969
0.119880
0.121626
0.127105
0.024159
0.019507
0.005304
0.074492
0.020132
0.082775
0.078230
