0.630283
0.688079
0.518254
0.536451
0.654329
0.796258
0.639396
0.757934
0.512975
0.773117
0.588662
0.596448
0.730194
0.556115
0.621529
0.615799
0.888322
0.684144
0.481144
0.679740
0.682011
0.854360
0.638832
0.770412
0.722149
0.623516
0.724649
0.891769
0.753411
0.544769
0.779982
0.576546
0.741699
0.600933
0.841216
0.509061
0.719218
0.854270
0.666106
0.878738
0.623982
0.709139
0.581253
0.796052
0.729903
0.628796
0.621633
0.528634
0.803101
0.543435
0.470875
0.614143
0.667002
0.659338
0.605216
0.770724
0.686626
0.796045
0.555680
0.580690
0.599157
0.643118
0.547978
0.618112
0.850454
0.497134
0.714187
0.600129
0.701273
0.830322
0.666964
0.729077
0.618362
0.610394
0.609903
0.799246
0.818952
0.666253
0.619172
0.568323
0.634439
0.517237
0.706687
0.595837
0.674708
0.711534
0.541307
0.947074
0.610598
0.565657
0.555043
0.687743
0.559716
0.526074
0.675082
0.646087
0.752552
0.646417
0.663860
0.666815
0.665060
0.679455
0.780045
0.756862
0.839404
0.684690
0.728315
0.734537
0.666232
0.698806
0.632535
0.873372
0.658362
0.805396
0.759923
0.767724
0.764730
0.724760
0.772653
0.718116
0.695815
0.700821
0.904910
0.809258
0.747082
0.805662
0.685236
0.665381
0.644517
0.855458
0.709182
0.773268
0.811347
0.631728
0.855464
0.655495
0.622455
0.594401
0.869033
0.609662
0.638560
0.733862
0.648537
0.876123
0.447211
0.588176
0.557328
0.581387
0.609702
0.458725
0.609763
0.358829
0.486627
0.582679
0.678646
0.362623
0.486729
0.738866
0.521238
0.542532
0.634143
0.530329
0.738575
0.539471
0.502613
0.526500
0.589677
0.484060
0.698205
0.693854
0.546295
0.514657
0.354322
0.626786
0.502086
0.515857
0.423287
0.497306
0.539582
0.599389
0.765187
0.535963
0.569292
0.450124
0.644105
0.557658
0.457160
0.460828
0.543768
0.669354
0.656580
0.666848
0.734290
0.722687
0.527155
0.783123
0.519688
0.604824
0.689903
0.672622
0.500776
0.675069
0.737571
0.702627
0.656528
0.666401
0.696737
0.776928
0.666073
0.696542
0.515759
0.648233
0.686048
0.661686
0.763593
0.756759
0.680173
0.474261
0.608499
0.488942
0.622957
0.563565
0.668019
0.647757
0.619340
0.911982
0.578362
0.733130
0.427678
0.660155
0.675369
0.563520
0.679586
0.673715
0.611279
0.649937
0.689818
0.819855
0.708632
0.560344
0.651277
0.683036
0.759571
0.762485
0.664492
0.588563
0.927630
0.625378
0.783458
0.676150
0.495714
0.877304
0.733778
0.677001
0.752484
0.698939
0.680640
0.845249
0.840092
0.800936
0.804061
0.608685
0.686943
0.515187
0.811664
0.600408
0.731529
0.798648
0.698588
0.844101
0.688613
0.585837
0.547138
0.809788
0.577026
0.575246
0.664035
0.647873
0.817159
0.657471
0.709357
0.633476
0.636467
0.543830
0.633387
0.650874
0.759511
0.642561
0.580158
0.772321
0.381658
0.771950
0.686476
0.732362
0.758178
0.693529
0.679927
0.604756
0.391788
0.673881
0.830316
0.729632
0.708285
0.725590
0.497972
0.677163
0.515479
0.739668
0.606541
0.599575
0.719577
0.651769
0.949994
0.713384
0.650409
0.638631
0.761626
0.569762
0.615900
0.657173
0.655178
0.753006
0.765725
0.696482
0.659223
0.641474
0.563591
0.719736
0.733718
0.768990
0.447835
0.876792
0.555829
0.690346
0.705067
0.622670
0.675424
0.614082
0.715665
0.753098
0.562614
0.707459
0.882311
0.817933
0.632612
0.716776
0.575865
0.729404
0.664611
0.818098
0.701464
0.581975
0.798677
0.783458
0.886822
0.678389
0.508180
0.696665
0.866813
0.632472
0.509990
0.725703
0.461206
0.849196
0.574603
0.669126
0.638574
0.652494
0.639542
0.727752
0.674325
0.685168
0.769205
0.733087
0.708840
0.613216
0.720173
0.551929
0.718758
0.587353
0.585837
0.618438
0.616762
0.842169
0.466548
0.654038
0.761591
0.554704
0.579378
0.673833
0.728921
0.763814
0.474665
0.823090
0.754128
0.829935
0.669206
0.780223
0.660873
0.668196
0.699940
0.506121
0.717079
0.628559
0.760738
0.701742
0.514448
0.603491
0.666928
0.675495
0.575891
0.656723
0.839238
0.620273
0.525842
0.642429
0.653904
0.650505
0.527239
0.595687
0.599818
0.469002
0.598803
0.907281
0.546838
0.508108
0.723698
0.502878
0.574654
0.544426
0.761034
0.448781
0.552838
0.748554
0.564616
0.824802
0.588799
0.755589
0.598636
0.669593
0.634521
0.519424
0.580315
0.451539
0.778544
0.678519
0.641600
0.680093
0.844717
0.715029
0.665910
0.877739
0.617424
0.708489
0.810666
0.582391
0.766996
0.638844
0.622038
0.762062
0.659412
0.642836
0.939368
0.701011
0.621733
0.728165
0.596626
0.802410
0.702335
0.675651
0.707773
0.540440
0.649659
0.820193
0.847495
0.772522
0.640820
0.829645
0.830557
0.678931
0.561938
0.705084
0.594377
0.855652
0.540994
0.607695
0.759162
0.566930
0.569313
0.615178
0.548373
0.639556
0.546771
0.638539
0.771160
0.553735
0.650633
0.556557
0.602679
0.583114
0.771562
0.687698
0.640017
0.654431
0.402802
0.624876
0.576159
0.462851
0.598859
0.630017
0.540837
0.563070
0.815409
0.547673
0.635587
0.592344
0.702967
0.564087
0.542592
0.608377
0.613847
0.584967
0.538024
0.563709
0.670343
0.561458
0.722263
0.636943
0.529556
0.591636
0.650994
0.582515
0.629214
0.675879
0.568917
0.648428
0.645212
0.848272
0.688881
0.534979
0.665210
0.515753
0.707324
0.589217
0.678342
0.577116
0.522609
0.683793
0.566749
0.863682
0.520125
0.649076
0.665675
0.819129
0.587264
0.486108
0.693294
0.517623
0.734163
0.833134
0.722743
0.622239
0.729441
0.629394
0.627290
0.661092
0.794400
0.749392
0.558300
0.708472
0.587503
0.593955
0.719230
0.883272
0.654051
0.652905
0.665135
0.581526
0.787859
0.564059
0.711111
0.581558
0.594295
0.688127
0.680076
0.927603
0.703351
0.691628
0.654347
0.842888
0.614506
0.542824
0.719944
0.592513
0.752418
0.649565
0.676248
0.946373
0.764442
0.632432
0.636780
0.738528
0.702071
0.855487
0.779691
0.666684
0.673598
0.696920
0.917069
0.635360
0.580641
0.751559
0.595105
0.656354
0.694802
0.801800
0.639579
0.740047
0.805466
0.511020
0.956636
0.572465
0.749307
0.676985
0.781609
0.642767
0.712998
0.633390
0.673451
0.805565
0.604873
0.847101
0.609026
0.675844
0.722365
0.656557
0.814031
0.663134
0.625138
0.581523
0.660408
0.623732
0.727906
0.765103
0.612198
0.656010
0.516126
0.679505
0.651313
0.517804
0.517842
0.637455
0.577023
0.677273
0.881531
0.651638
0.696561
0.544255
0.622055
0.624520
0.548904
0.589566
0.680596
0.683990
0.811303
0.534605
0.665132
0.549512
0.531059
0.781093
0.644194
0.642436
0.653398
0.594455
0.672582
0.826190
0.713991
0.535136
0.738633
0.492583
0.603113
0.585767
0.721905
0.626715
0.609002
0.708205
0.704946
0.853026
0.650156
0.428818
0.646270
0.767463
0.535407
0.528947
0.615546
0.479578
0.771772
0.814301
0.793330
0.695184
0.905121
0.865317
0.802546
0.862365
0.748347
0.859419
0.854189
0.828720
0.811262
0.870992
0.796299
0.677871
0.792812
0.792658
0.526533
0.844932
0.835280
0.702651
0.806024
0.838023
0.841236
0.794116
0.860564
0.887866
0.887837
0.837967
0.941594
0.816433
0.602834
0.747266
0.615509
0.655056
0.764415
0.629799
0.714434
0.681352
0.443195
0.644170
0.859444
0.747098
0.668221
0.723194
0.512987
0.712233
0.604798
0.708769
0.587446
0.607085
0.701265
0.682783
0.865299
0.666434
0.425285
0.621183
0.816690
0.539366
0.570708
0.640537
0.527042
0.776644
0.802797
0.727831
0.731514
0.610557
0.698253
0.667436
0.651538
0.706791
0.870617
0.697152
0.407607
0.726444
0.553550
0.818127
0.649494
0.701003
0.489899
0.541910
0.699605
0.664573
0.923968
0.595798
0.706255
0.650596
0.860375
0.687513
0.537178
0.653970
0.595996
0.765635
0.762859
0.691984
0.736241
0.741529
0.684444
0.650458
0.761996
0.895397
0.559169
0.738966
0.778000
0.561617
0.521848
0.655869
0.733093
0.739977
0.708804
0.796164
0.599099
0.855985
0.632307
0.622088
0.662321
0.782643
0.651338
0.635158
0.763595
0.634495
0.778628
0.841109
0.672061
0.600648
0.721651
0.707259
0.657874
0.856072
0.813528
0.767668
0.816267
0.610216
0.700085
0.643157
0.783253
0.705956
0.665333
0.776761
0.832656
0.811271
0.698230
0.517889
0.649801
0.721858
0.524570
0.540063
0.590209
0.667195
0.794856
0.766316
0.675838
0.756928
0.653785
0.723144
0.953111
0.648721
0.627995
0.799874
0.653011
0.728018
0.836826
0.817080
0.790348
0.648912
0.834249
0.739116
0.813206
0.649977
0.714006
0.778414
0.837650
0.742649
0.620045
0.847715
0.662643
0.857221
0.662702
0.652256
0.504734
0.704139
0.929501
0.697226
0.678001
0.743866
0.587265
0.749537
0.632476
0.678010
0.607690
0.532072
0.674719
0.754210
0.864251
0.676282
0.691309
0.718856
0.770482
0.570742
0.436921
0.661156
0.518757
0.790892
0.731237
0.622664
0.576619
0.919545
0.708245
0.674699
0.754844
0.551582
0.748880
0.737290
0.716232
0.749587
0.613330
0.710531
0.765307
0.694154
0.730432
0.563767
0.657654
0.733123
0.656619
0.569167
0.677374
0.653045
0.795249
0.615536
0.643668
0.777581
0.712572
0.643938
0.710239
0.463092
0.646764
0.420039
0.600658
0.629683
0.484789
0.722614
0.663402
0.937134
0.647591
0.721917
0.638043
0.663590
0.602551
0.570214
0.608201
0.655842
0.722717
0.695873
0.941975
0.607030
0.611762
0.722173
0.487085
0.596037
0.598863
0.816340
0.616908
0.530334
0.792694
0.628820
0.962842
0.674425
0.685695
0.656623
0.717480
0.529893
0.557965
0.696843
0.412642
0.778241
0.820312
0.679356
0.625040
0.707275
0.548222
0.703596
0.652014
0.692945
0.587505
0.639971
0.744225
0.611023
0.832854
0.579223
0.643915
0.605803
0.831218
0.647160
0.531246
0.455164
0.603029
0.747094
0.924666
0.907667
0.732535
0.807910
0.873558
0.768145
0.746218
0.751665
0.864990
0.768452
0.855268
0.951892
0.802644
0.930147
0.803787
0.825580
0.885220
0.762369
0.807303
0.975836
0.741182
0.649083
0.755237
0.626151
0.561363
0.749963
0.785526
0.643880
0.571359
0.801998
0.602875
0.911748
0.583281
0.821400
0.766170
0.663145
0.649603
0.604100
0.545075
0.623717
0.873607
0.609283
0.471288
0.713209
0.668389
0.661506
0.495570
0.521219
0.707515
0.608110
0.884398
0.598468
0.674810
0.728701
0.846104
0.671839
0.570669
0.677961
0.488155
0.780406
0.681301
0.831094
0.747544
0.634433
0.623844
0.605902
0.691531
0.667566
0.821048
0.592907
0.815936
0.676266
0.813623
0.768376
0.576658
0.708121
0.680347
0.505090
0.596803
0.404024
0.518082
0.497500
0.521998
0.546686
0.534908
0.856116
0.541785
0.555537
0.542791
0.682081
0.521414
0.450568
0.478911
0.557612
0.664076
0.663899
0.737769
0.732487
0.719135
0.782324
0.648035
0.961422
0.610795
0.749327
0.642486
0.687872
0.611536
0.688999
0.777874
0.626283
0.761482
0.758899
0.520368
0.625163
0.812769
0.627318
0.964420
0.663015
0.655050
0.429561
0.688422
0.582653
0.502650
0.533351
0.630461
0.739706
0.671576
0.657580
0.359674
0.708943
0.875538
0.726720
0.739302
0.748861
0.806621
0.712128
0.687183
0.754574
0.760450
0.523134
0.598804
0.651048
0.560629
0.836012
0.540826
0.691632
0.530037
0.817417
0.595433
0.510422
0.488644
0.601335
0.737761
0.727160
0.628910
0.806460
0.613345
0.720703
0.682954
0.681987
0.595093
0.382148
0.621963
0.507796
0.738327
0.780814
0.873380
0.754984
0.726324
0.787707
0.850848
0.614803
0.687178
0.742904
0.793672
0.562053
0.883432
0.444496
0.752858
0.625977
0.786123
0.666790
0.622072
0.571771
0.622452
0.768410
0.849028
0.803901
0.802537
0.806691
0.876394
0.849512
0.836249
0.906021
0.927980
0.660156
0.573322
0.861367
0.613104
0.484687
0.537443
0.617369
0.673165
0.646463
0.841694
0.568303
0.576669
0.684919
0.616307
0.824664
0.804273
0.594284
0.490707
0.548147
0.665953
0.751200
0.633983
0.740306
0.734650
0.791093
0.852361
0.493035
0.573970
0.599796
0.774412
0.521740
0.526429
0.726109
0.655390
0.796122
0.750800
