0.024279
0.015908
0.032980
0.054836
0.007492
0.011708
0.018114
0.053330
0.036047
0.015844
0.015601
0.043333
0.040940
0.023386
0.006579
0.060807
0.016031
0.010217
0.054268
0.050222
0.007466
0.029691
0.018623
0.016400
0.010085
0.036622
0.039220
0.053142
0.093462
0.025694
0.013533
0.004098
0.008830
0.018643
0.008093
0.059253
0.075962
0.029253
0.041562
0.070947
0.016140
0.006882
0.041113
0.044201
0.030189
0.043840
0.039720
0.013943
0.016040
0.037378
0.008171
0.114048
0.035346
0.037565
0.031703
0.099394
0.054910
0.041566
0.017450
0.082645
0.019536
0.047770
0.024367
0.091411
0.049525
0.028566
0.111406
0.074020
0.027439
0.031371
0.005276
0.058196
0.039700
0.045143
0.069377
0.019340
0.130319
0.076004
0.034498
0.027802
0.031260
0.038614
0.026000
0.114605
0.134380
0.052707
0.096138
0.112316
0.021457
0.011878
0.102158
0.083923
0.030246
0.078059
0.034580
0.028570
0.044574
0.033812
0.072333
0.024069
0.009477
0.019166
0.058546
0.024126
0.009279
0.015603
0.074020
0.028226
0.025816
0.013018
0.089507
0.019326
0.021429
0.047511
0.023407
0.030257
0.022685
0.023648
0.017300
0.020153
0.019575
0.041973
0.052319
0.143735
0.044979
0.025529
0.018880
0.012458
0.011690
0.013735
0.083200
0.074860
0.036271
0.056404
0.103768
0.006994
0.024301
0.056650
0.072097
0.018503
0.034166
0.017465
0.013724
0.011464
0.141308
0.039932
0.037933
0.026736
0.118605
0.061865
0.044318
0.016705
0.096878
0.013728
0.043923
0.024578
0.097077
0.059553
0.037162
0.124534
0.070961
0.041260
0.023355
0.011402
0.063944
0.047196
0.044500
0.065033
0.015481
0.146655
0.092408
0.035315
0.039662
0.032160
0.040533
0.029449
0.129118
0.145926
0.047458
0.111685
0.123167
0.016393
0.021701
0.124359
0.094419
0.020428
0.088838
0.025526
0.030228
0.046302
0.067479
0.067159
0.099498
0.023905
0.056956
0.052427
0.093181
0.055375
0.137419
0.101151
0.073685
0.112801
0.037656
0.053720
0.029698
0.082289
0.046021
0.105576
0.100293
0.044922
0.052276
0.086668
0.099159
0.161653
0.113804
0.031765
0.076518
0.046850
0.065877
0.070837
0.068542
0.056889
0.052976
0.105584
0.028478
0.092296
0.097194
0.069294
0.005762
0.063208
0.118343
0.043462
0.117246
0.074315
0.063990
0.014414
0.013986
0.076673
0.057604
0.021810
0.028619
0.034579
0.054879
0.018124
0.005748
0.037463
0.027524
0.021073
0.067738
0.067651
0.014308
0.027749
0.031793
0.019105
0.016695
0.055633
0.019504
0.067696
0.072189
0.023504
0.008354
0.015417
0.006238
0.027476
0.012708
0.042429
0.081689
0.018836
0.039782
0.048627
0.021796
0.016167
0.052742
0.028477
0.030123
0.059580
0.050283
0.015245
0.023085
0.014610
0.060939
0.032374
0.008200
0.023064
0.061346
0.036617
0.014040
0.009380
0.068463
0.013467
0.017856
0.041137
0.035011
0.025099
0.017554
0.025686
0.009550
0.010463
0.024529
0.031861
0.070324
0.121524
0.032889
0.015120
0.015826
0.008451
0.008707
0.006852
0.065567
0.058959
0.025851
0.040233
0.080179
0.010834
0.022590
0.053261
0.055370
0.015257
0.031454
0.024078
0.008815
0.009878
0.094801
0.059191
0.025372
0.023422
0.066240
0.040525
0.009784
0.012104
0.055183
0.035985
0.030046
0.076482
0.051386
0.033935
0.018172
0.029342
0.022693
0.024807
0.041970
0.019780
0.054061
0.113026
0.050934
0.010747
0.029853
0.011654
0.020322
0.014011
0.074316
0.083974
0.011798
0.058868
0.076901
0.012957
0.024678
0.082057
0.056326
0.015426
0.061178
0.031798
0.017730
0.017536
0.031478
0.049479
0.071727
0.081809
0.108387
0.099204
0.074120
0.146311
0.025552
0.040369
0.026424
0.067477
0.046918
0.091529
0.082374
0.048778
0.045394
0.053893
0.118477
0.133389
0.156664
0.050256
0.078038
0.042516
0.069216
0.057552
0.058334
0.093483
0.055063
0.117041
0.047149
0.138159
0.080885
0.063384
0.022510
0.093722
0.099291
0.034593
0.092575
0.072221
0.056574
0.027237
0.035499
0.082072
0.050337
0.067012
0.045235
0.130543
0.016876
0.019064
0.037694
0.040845
0.041961
0.050475
0.035584
0.038488
0.028841
0.013692
0.097518
0.081287
0.161662
0.058541
0.054078
0.029252
0.044372
0.025350
0.027539
0.104415
0.079652
0.090178
0.062047
0.136647
0.033609
0.040612
0.047203
0.094735
0.049762
0.027649
0.037114
0.040510
0.033336
0.023206
0.061546
0.038613
0.027470
0.014219
0.083048
0.014706
0.022576
0.038221
0.024926
0.024609
0.025346
0.029131
0.012610
0.015953
0.026071
0.039670
0.066079
0.126579
0.032698
0.024398
0.016175
0.011654
0.012633
0.015022
0.067288
0.056426
0.035859
0.042841
0.086200
0.016561
0.023121
0.043384
0.058478
0.027034
0.026365
0.026901
0.013051
0.012334
0.085166
0.020244
0.030525
0.014711
0.106828
0.033161
0.019313
0.078677
0.041519
0.026620
0.029313
0.012019
0.036152
0.021353
0.025085
0.061921
0.026973
0.148335
0.063149
0.025932
0.015998
0.023487
0.018879
0.017089
0.114992
0.099952
0.040068
0.084724
0.120652
0.009488
0.012189
0.079039
0.089723
0.025498
0.059097
0.028932
0.025448
0.020017
0.119937
0.080990
0.047870
0.028456
0.052646
0.047244
0.090629
0.127978
0.029827
0.074035
0.078871
0.057748
0.057301
0.105316
0.054412
0.129808
0.022134
0.027683
0.047099
0.047911
0.041765
0.083172
0.052195
0.019913
0.115281
0.069342
0.037776
0.020655
0.079207
0.053855
0.046482
0.007613
0.085924
0.089108
0.104057
0.049850
0.078680
0.053185
0.034480
0.128321
0.055184
0.042740
0.110045
0.056642
0.052233
0.031417
0.013544
0.064684
0.048693
0.034493
0.083989
0.023096
0.187108
0.095016
0.051385
0.043684
0.041150
0.036373
0.037961
0.145882
0.142323
0.068021
0.121705
0.152545
0.017727
0.031656
0.122013
0.119310
0.022797
0.076365
0.020217
0.032311
0.045137
0.017529
0.069042
0.038923
0.036454
0.071448
0.050928
0.044910
0.029300
0.041951
0.018895
0.020399
0.046294
0.025911
0.078013
0.129480
0.051925
0.012836
0.033216
0.019786
0.017481
0.017262
0.083152
0.069439
0.010489
0.061458
0.085873
0.019324
0.034365
0.085705
0.070579
0.024572
0.066221
0.045750
0.027140
0.014919
0.056071
0.024896
0.017546
0.065728
0.049014
0.014548
0.018539
0.018600
0.018669
0.015867
0.038283
0.025569
0.050127
0.097376
0.032246
0.010894
0.011155
0.004424
0.018532
0.009196
0.062814
0.083941
0.018950
0.050460
0.066686
0.009731
0.011256
0.059568
0.044001
0.018054
0.051396
0.030983
0.008410
0.016707
0.082363
0.076704
0.130461
0.152310
0.058284
0.069377
0.094867
0.071451
0.078889
0.134628
0.031816
0.137346
0.032481
0.051364
0.050031
0.077400
0.044379
0.098927
0.064080
0.025029
0.137935
0.052334
0.057608
0.015875
0.085323
0.073397
0.098342
0.015742
0.077828
0.123625
0.110880
0.054506
0.093069
0.011412
0.021440
0.040840
0.021280
0.033352
0.034719
0.014048
0.012076
0.021799
0.054664
0.087965
0.120327
0.022472
0.028938
0.014459
0.021105
0.015519
0.013459
0.058823
0.047949
0.054919
0.028003
0.089876
0.029205
0.027520
0.028439
0.054835
0.035630
0.016851
0.039368
0.020214
0.017562
0.048082
0.056375
0.013534
0.029933
0.019263
0.024066
0.008621
0.022256
0.060167
0.060937
0.104787
0.032341
0.019696
0.009319
0.020461
0.018048
0.008835
0.071154
0.075918
0.051572
0.045141
0.087890
0.020780
0.012578
0.042845
0.054114
0.032074
0.040473
0.042455
0.023419
0.021713
0.046708
0.063880
0.074309
0.090187
0.024993
0.040376
0.045081
0.087202
0.158731
0.174742
0.042405
0.067767
0.047971
0.057265
0.037484
0.049718
0.080131
0.023016
0.088755
0.028100
0.125625
0.069222
0.074315
0.025301
0.091223
0.079292
0.014521
0.077076
0.057202
0.035406
0.069946
0.049622
0.059739
0.032697
0.048444
0.027291
0.077400
0.087047
0.217723
0.083145
0.064595
0.048590
0.045859
0.024951
0.043421
0.133477
0.062000
0.059908
0.077607
0.158732
0.035276
0.061063
0.072783
0.126844
0.050538
0.029613
0.031758
0.045393
0.023204
0.038891
0.024824
0.030177
0.019504
0.051198
0.049229
0.059058
0.072715
0.023362
0.022655
0.007614
0.016751
0.036283
0.018807
0.052265
0.087062
0.046183
0.041501
0.061276
0.031728
0.008905
0.037524
0.033809
0.043818
0.052161
0.054000
0.020531
0.034543
0.026838
0.035271
0.032180
0.029722
0.033865
0.056121
0.133597
0.057459
0.025158
0.035147
0.016362
0.023263
0.017248
0.084817
0.087838
0.033844
0.065514
0.093712
0.015223
0.030883
0.090680
0.063937
0.007457
0.048561
0.018869
0.012593
0.028079
0.046020
0.028460
0.029071
0.067034
0.024500
0.136335
0.063778
0.030557
0.020006
0.025663
0.025392
0.018554
0.108097
0.122354
0.054116
0.088411
0.113984
0.013439
0.011575
0.087731
0.082216
0.022353
0.061767
0.024544
0.020909
0.033026
0.013588
0.033910
0.031883
0.095986
0.119072
0.025091
0.020966
0.020169
0.014706
0.012312
0.014848
0.054410
0.036209
0.026253
0.022664
0.077618
0.026179
0.031424
0.033894
0.052166
0.035755
0.026989
0.044687
0.021375
0.007398
0.027145
0.049880
0.074969
0.113210
0.027146
0.014720
0.010990
0.018446
0.010808
0.009149
0.070318
0.053745
0.038677
0.041235
0.087803
0.021528
0.016820
0.043196
0.057764
0.033486
0.040333
0.048548
0.024565
0.011555
0.085026
0.069449
0.191424
0.070446
0.047408
0.032151
0.040051
0.012049
0.020795
0.126351
0.074877
0.069517
0.074755
0.151603
0.019948
0.039075
0.074641
0.111034
0.027533
0.028718
0.022584
0.033516
0.020913
0.099827
0.088982
0.042791
0.024596
0.053571
0.018335
0.048911
0.038482
0.042355
0.086648
0.014918
0.050311
0.047149
0.043227
0.053235
0.084902
0.035753
0.036806
0.077161
0.061181
0.027127
0.040773
0.180314
0.124336
0.066802
0.057555
0.058075
0.068766
0.059676
0.165871
0.185877
0.080621
0.152341
0.165240
0.038373
0.036193
0.145853
0.130793
0.052646
0.118776
0.049173
0.059194
0.072971
0.073516
0.088128
0.104829
0.089819
0.155067
0.107421
0.040627
0.184720
0.108089
0.084552
0.024419
0.142385
0.101106
0.106493
0.023051
0.148123
0.176186
0.178963
0.107160
0.147463
0.035371
0.026210
0.027573
0.044185
0.036002
0.026423
0.061703
0.057084
0.025075
0.049496
0.057851
0.039680
0.025622
0.026215
0.063892
0.048061
0.085042
0.032109
0.039835
0.022533
0.013583
0.022650
0.013345
0.059321
0.075756
0.018780
0.048428
0.059861
0.020465
0.019812
0.064920
0.042265
0.025519
0.063014
0.047747
0.021992
0.019486
0.015202
0.019046
0.010635
0.069070
0.072046
0.041774
0.043718
0.081314
0.019949
0.008166
0.035788
0.053032
0.037231
0.038500
0.043759
0.017959
0.019603
0.020081
0.009897
0.047532
0.073220
0.018725
0.036713
0.057042
0.013369
0.016758
0.051532
0.034420
0.019220
0.044041
0.029745
0.006269
0.017743
0.009929
0.092892
0.053386
0.035450
0.053049
0.112480
0.012125
0.025396
0.059649
0.080933
0.022015
0.028806
0.027037
0.020780
0.003742
0.067781
0.067417
0.027771
0.040705
0.079481
0.009829
0.014120
0.053961
0.051382
0.018311
0.036891
0.027472
0.012270
0.012575
0.096316
0.072685
0.026774
0.024518
0.097689
0.080016
0.048069
0.010197
0.095845
0.085950
0.117756
0.056641
0.084742
0.080381
0.036704
0.133405
0.092386
0.092441
0.054197
0.104989
0.101132
0.042365
0.109426
0.081642
0.046586
0.058168
0.064208
0.029121
0.039011
0.089685
0.056364
0.034783
0.078639
0.053413
0.029165
0.026878
0.054901
0.071130
0.059365
0.021752
0.032217
0.077850
0.038863
0.087510
0.045438
0.046948
0.103600
0.085598
0.083503
0.015831
0.103699
0.126725
0.131792
0.068147
0.104372
0.017958
0.080096
0.077525
0.010438
0.049612
0.014699
0.013290
0.014914
0.059303
0.056009
0.033443
0.058165
0.043620
0.020272
0.025864
0.054130
0.100487
0.035632
0.099412
0.059440
0.052621
0.077379
0.088742
0.100566
0.044469
0.074974
0.054111
0.013639
0.012363
0.027388
0.042129
0.035839
0.030833
0.019100
0.033413
0.022729
