0.079340
0.113847
0.083854
0.031453
0.105946
0.030043
0.035163
0.315672
0.105079
0.055291
0.081962
0.017188
0.121909
0.013641
0.074556
0.032067
0.112206
0.037749
0.046536
0.013749
0.103290
0.035901
0.059999
0.130268
0.077703
0.094564
0.140787
0.257246
0.129464
0.093420
0.022321
0.117121
0.188277
0.032418
0.047955
0.060838
0.033933
0.103145
0.017513
0.062233
0.141940
0.070862
0.034927
0.091211
0.060148
0.040640
0.016194
0.026356
0.079069
0.037377
0.021785
0.061514
0.041702
0.057418
0.051179
0.407410
0.009812
0.024024
0.011983
0.041614
0.027583
0.107209
0.020579
0.046442
0.012273
0.115067
0.057900
0.062056
0.016857
0.041795
0.018619
0.016827
0.008536
0.017762
0.034270
0.095364
0.015232
0.010855
0.047862
0.032118
0.099061
0.049865
0.029724
0.055246
0.042145
0.020261
0.081024
0.019409
0.070317
0.057357
0.091825
0.025160
0.025373
0.042508
0.080671
0.102398
0.009738
0.045542
0.062044
0.042922
0.072593
0.060971
0.428554
0.035830
0.048370
0.040856
0.065956
0.033256
0.128191
0.035030
0.075954
0.032385
0.165700
0.046532
0.093114
0.024708
0.065480
0.043174
0.038411
0.041941
0.029733
0.025787
0.088717
0.025296
0.031097
0.056348
0.034145
0.069505
0.073348
0.074536
0.082675
0.044351
0.015635
0.108856
0.023610
0.059339
0.073856
0.094162
0.031132
0.047496
0.076933
0.105637
0.117237
0.024543
0.073400
0.050351
0.073718
0.043585
0.374507
0.031130
0.043081
0.046240
0.059343
0.022208
0.120925
0.052157
0.060284
0.024004
0.136621
0.057746
0.067848
0.036060
0.046907
0.024302
0.048369
0.035478
0.027814
0.027914
0.076566
0.037225
0.032558
0.058294
0.020339
0.061545
0.079861
0.063448
0.028276
0.035192
0.035930
0.096937
0.030835
0.035039
0.068660
0.105124
0.024047
0.063083
0.034428
0.102165
0.109026
0.028974
0.069634
0.018935
0.021916
0.335962
0.081367
0.059855
0.058392
0.024209
0.091663
0.027560
0.049780
0.042393
0.079170
0.067435
0.017334
0.021530
0.072000
0.040183
0.057551
0.108393
0.070228
0.059351
0.097007
0.208788
0.083611
0.060110
0.009924
0.085438
0.159024
0.018850
0.052096
0.068580
0.017618
0.057063
0.021532
0.033407
0.117861
0.078602
0.015122
0.063063
0.037348
0.049532
0.016767
0.033537
0.058885
0.087078
0.045866
0.492145
0.034261
0.051132
0.045133
0.074128
0.023695
0.121812
0.048405
0.053667
0.025698
0.173289
0.050627
0.071330
0.021642
0.036010
0.031326
0.056200
0.046020
0.014956
0.034560
0.090451
0.027179
0.022159
0.059141
0.025907
0.079340
0.085308
0.052498
0.063015
0.060219
0.039446
0.090868
0.045055
0.046540
0.043349
0.108436
0.020364
0.063483
0.044613
0.101195
0.096948
0.028855
0.040738
0.298436
0.072639
0.051091
0.049600
0.021982
0.099258
0.030609
0.048906
0.046761
0.077858
0.045542
0.029861
0.020997
0.079650
0.049479
0.055013
0.097827
0.057452
0.067998
0.112971
0.215731
0.086773
0.060582
0.019121
0.101868
0.187390
0.007682
0.037425
0.066584
0.028349
0.062282
0.024673
0.033004
0.132267
0.088947
0.014217
0.073736
0.023103
0.053124
0.017723
0.043359
0.056193
0.358049
0.063912
0.059538
0.064674
0.032385
0.055472
0.046218
0.057018
0.033975
0.055962
0.094191
0.013858
0.021154
0.055342
0.019346
0.042468
0.099290
0.065134
0.036584
0.064462
0.156922
0.068191
0.045965
0.016301
0.046809
0.102954
0.047735
0.058049
0.035401
0.016114
0.048913
0.042172
0.033336
0.064580
0.059110
0.044498
0.031101
0.061908
0.018640
0.041870
0.029672
0.048656
0.418403
0.422480
0.404590
0.351185
0.434853
0.334956
0.453146
0.381371
0.430682
0.247831
0.373855
0.308395
0.478383
0.390903
0.408619
0.477192
0.433508
0.421608
0.460564
0.505147
0.458403
0.415172
0.355117
0.444538
0.502456
0.327066
0.394210
0.311979
0.340837
0.408624
0.351268
0.386282
0.428973
0.489577
0.288887
0.408574
0.377239
0.348818
0.339631
0.349740
0.421171
0.034599
0.014251
0.058654
0.017358
0.132353
0.031768
0.051015
0.008938
0.132646
0.068146
0.075601
0.013280
0.045214
0.024528
0.013846
0.013365
0.013690
0.030198
0.071014
0.008686
0.005969
0.063901
0.028914
0.091979
0.066713
0.034275
0.059387
0.059959
0.019380
0.103466
0.027778
0.059367
0.064221
0.109929
0.019291
0.033720
0.044750
0.105578
0.117854
0.008798
0.023854
0.025869
0.052037
0.081221
0.020715
0.035299
0.039855
0.107991
0.052753
0.056139
0.027951
0.032945
0.012747
0.034226
0.011669
0.042154
0.063521
0.144115
0.046139
0.034778
0.039407
0.059195
0.119551
0.041497
0.024935
0.061646
0.040096
0.041589
0.060897
0.024121
0.089288
0.033531
0.076657
0.047907
0.027179
0.048963
0.063283
0.082967
0.017815
0.040719
0.044556
0.102060
0.018116
0.042266
0.022291
0.109361
0.061015
0.061910
0.022093
0.044098
0.022271
0.024666
0.011764
0.025655
0.055874
0.123604
0.021415
0.014326
0.049060
0.056081
0.139263
0.038194
0.018357
0.071794
0.052701
0.028426
0.069371
0.024661
0.097244
0.062854
0.079270
0.038751
0.013545
0.051531
0.071247
0.098509
0.013798
0.081151
0.025786
0.032123
0.016429
0.069987
0.050023
0.031569
0.020419
0.055400
0.021623
0.035238
0.074930
0.037061
0.058553
0.095415
0.204226
0.076592
0.052075
0.010121
0.083217
0.151571
0.017392
0.028002
0.060998
0.020362
0.054554
0.024189
0.025852
0.117101
0.051994
0.034251
0.058859
0.025679
0.035472
0.020919
0.034147
0.038492
0.153334
0.056078
0.065211
0.011096
0.176280
0.064991
0.089486
0.017199
0.048510
0.031889
0.035725
0.039134
0.010290
0.009456
0.040032
0.014731
0.016931
0.075138
0.006659
0.044163
0.101429
0.068798
0.049120
0.059426
0.023503
0.127836
0.037965
0.019976
0.061265
0.130501
0.009267
0.071390
0.044508
0.131880
0.127856
0.019735
0.086725
0.045864
0.140536
0.043891
0.048193
0.020388
0.124852
0.050905
0.088253
0.160438
0.103440
0.114816
0.170895
0.303130
0.152682
0.112950
0.022579
0.148047
0.222964
0.032351
0.066328
0.092604
0.047071
0.120733
0.015416
0.078045
0.176789
0.088689
0.026588
0.113826
0.068027
0.063934
0.011049
0.020254
0.101822
0.044557
0.036174
0.123723
0.044671
0.066617
0.022739
0.041908
0.029830
0.033877
0.017649
0.037394
0.059703
0.149973
0.033126
0.026818
0.034465
0.059208
0.127634
0.037629
0.033189
0.090358
0.039697
0.026808
0.065726
0.016927
0.106367
0.049327
0.073218
0.045444
0.019342
0.062939
0.064869
0.081845
0.022088
0.064389
0.068925
0.046695
0.023928
0.050341
0.009408
0.034423
0.077949
0.044533
0.047928
0.092087
0.182057
0.071793
0.045128
0.024813
0.072326
0.142470
0.042046
0.024001
0.055997
0.038880
0.066262
0.037014
0.043572
0.102593
0.041335
0.063725
0.047624
0.042686
0.019817
0.043770
0.037789
0.037671
0.159608
0.059735
0.081779
0.012442
0.049615
0.025760
0.023726
0.022540
0.006569
0.016761
0.057602
0.005989
0.007401
0.067129
0.016181
0.076099
0.075341
0.048684
0.054014
0.057380
0.015909
0.108718
0.027230
0.043658
0.064551
0.110233
0.013684
0.045577
0.047257
0.109800
0.121032
0.013200
0.107708
0.039660
0.159304
0.091683
0.117495
0.162461
0.115981
0.143292
0.203960
0.306177
0.170377
0.129700
0.065504
0.180197
0.268841
0.045369
0.066911
0.105384
0.085385
0.145010
0.050285
0.106476
0.213107
0.144238
0.056861
0.143251
0.072984
0.085252
0.042857
0.078107
0.119399
0.033905
0.052701
0.030236
0.047087
0.097954
0.062555
0.043178
0.069137
0.168971
0.067574
0.048661
0.012552
0.059531
0.115732
0.035686
0.063472
0.057225
0.013919
0.039073
0.043359
0.021145
0.078119
0.066526
0.027753
0.041170
0.048912
0.041427
0.038611
0.034236
0.048873
0.080347
0.024159
0.047716
0.111998
0.066056
0.062556
0.111699
0.211915
0.095153
0.061555
0.017513
0.088838
0.165601
0.025817
0.033364
0.040695
0.030026
0.078197
0.014640
0.050300
0.110221
0.068646
0.028765
0.061439
0.045834
0.022001
0.016575
0.025075
0.060421
0.039384
0.022934
0.019472
0.017458
0.012406
0.020063
0.079823
0.010081
0.010654
0.054973
0.021712
0.070039
0.070473
0.043955
0.069281
0.052249
0.015114
0.099278
0.023016
0.052479
0.043598
0.106942
0.015764
0.040892
0.051181
0.100753
0.106975
0.009926
0.025757
0.076697
0.041386
0.033501
0.070740
0.156387
0.059740
0.035479
0.020168
0.051765
0.113097
0.047689
0.031729
0.039386
0.029647
0.052325
0.041744
0.035064
0.071813
0.031904
0.060575
0.030638
0.049668
0.011883
0.049245
0.031902
0.034459
0.035014
0.013717
0.025622
0.043907
0.109476
0.034234
0.023815
0.041135
0.038129
0.095203
0.052576
0.027585
0.033110
0.035240
0.037764
0.060747
0.024596
0.055502
0.036454
0.081348
0.029096
0.037185
0.027535
0.069571
0.081661
0.013995
0.013378
0.036118
0.038946
0.082244
0.018577
0.025309
0.088563
0.045413
0.097496
0.086643
0.051490
0.094831
0.082096
0.030992
0.132313
0.041195
0.084789
0.068275
0.143872
0.044070
0.042669
0.082743
0.130914
0.159668
0.014137
0.030066
0.048644
0.112731
0.024861
0.018703
0.050121
0.048293
0.114236
0.047992
0.023020
0.063108
0.049504
0.029524
0.078062
0.021941
0.082964
0.048405
0.093173
0.037971
0.021516
0.049436
0.079199
0.103370
0.009416
0.018278
0.071066
0.009207
0.005468
0.049174
0.013655
0.072327
0.065688
0.044388
0.048115
0.045228
0.016631
0.088919
0.025714
0.037847
0.052613
0.092798
0.005417
0.044667
0.033837
0.091096
0.093701
0.013165
0.041131
0.016719
0.028125
0.085604
0.005758
0.031877
0.113626
0.090990
0.067975
0.063853
0.020176
0.144306
0.040431
0.023366
0.075531
0.141241
0.015350
0.081338
0.066996
0.144619
0.148592
0.028482
0.060392
0.081232
0.194642
0.048379
0.057742
0.221571
0.173224
0.113925
0.159532
0.083055
0.266914
0.120178
0.044806
0.158116
0.255016
0.069268
0.170386
0.137716
0.271578
0.267897
0.088418
0.007305
0.073149
0.021698
0.080558
0.079903
0.053136
0.076605
0.064839
0.012600
0.119022
0.029295
0.054438
0.070535
0.120011
0.017569
0.043818
0.063180
0.119719
0.134184
0.013829
0.047625
0.025500
0.091849
0.054485
0.032484
0.055808
0.048190
0.014078
0.085644
0.022087
0.056071
0.056745
0.088610
0.012788
0.030211
0.039034
0.087354
0.095572
0.009847
0.071803
0.136650
0.017862
0.039995
0.058137
0.011645
0.047961
0.022251
0.023684
0.101792
0.052129
0.022197
0.048812
0.032401
0.034333
0.019794
0.022995
0.043617
0.030705
0.104801
0.077811
0.049971
0.054323
0.025215
0.124450
0.040686
0.017948
0.060510
0.129211
0.008586
0.079277
0.045821
0.127697
0.123699
0.027397
0.194612
0.169269
0.095190
0.107854
0.074801
0.212091
0.099857
0.025943
0.103852
0.209873
0.052201
0.165938
0.108020
0.215044
0.193893
0.085485
0.028802
0.080036
0.032514
0.058951
0.022028
0.031229
0.144962
0.083044
0.018272
0.074954
0.013582
0.059098
0.014840
0.047949
0.050684
0.065910
0.055732
0.059209
0.038444
0.041835
0.117898
0.051976
0.066616
0.054305
0.017547
0.037556
0.044651
0.070372
0.029415
0.043992
0.070215
0.076971
0.056110
0.041293
0.077403
0.082286
0.041415
0.083933
0.019974
0.084417
0.080367
0.054910
0.039024
0.040859
0.016934
0.076859
0.062976
0.034188
0.041312
0.042853
0.035471
0.038923
0.043558
0.041333
0.101660
0.012194
0.056410
0.071334
0.082457
0.018747
0.037001
0.060778
0.094089
0.103991
0.016897
0.062406
0.156598
0.080333
0.025609
0.093924
0.045626
0.049935
0.007089
0.030089
0.080567
0.069662
0.060397
0.050502
0.029242
0.022405
0.045357
0.056636
0.070420
0.017003
0.084957
0.154045
0.026616
0.125554
0.057842
0.163338
0.146456
0.057917
0.109333
0.051747
0.072829
0.053510
0.088140
0.076989
0.041854
0.096394
0.049246
0.071220
0.016999
0.033523
0.088890
0.057644
0.027777
0.097131
0.087971
0.019024
0.061421
0.041182
0.081769
0.025514
0.059007
0.047920
0.039374
0.031401
0.079963
0.096359
