0.550222
0.682218
0.592681
0.506364
0.555834
0.674715
0.453864
0.702373
0.699293
0.556797
0.527070
0.547874
0.654306
0.664121
0.654270
0.642871
0.667581
0.553134
0.563672
0.655544
0.658820
0.600844
0.462711
0.515698
0.701512
0.694377
0.651765
0.754783
0.468581
0.612601
0.483628
0.520004
0.639619
0.679542
0.633207
0.578380
0.629017
0.566436
0.676987
0.511433
0.688927
0.653819
0.556378
0.596951
0.631416
0.575167
0.684408
0.659006
0.582015
0.489882
0.654162
0.494798
0.648238
0.540696
0.545725
0.654861
0.598747
0.577281
0.410045
0.342195
0.617594
0.673794
0.651861
0.542804
0.585992
0.297404
0.425095
0.675738
0.624227
0.574878
0.633286
0.599913
0.665579
0.706122
0.595675
0.745607
0.509507
0.397908
0.510690
0.577099
0.600500
0.706907
0.420805
0.431268
0.390882
0.579123
0.620347
0.547402
0.596218
0.577680
0.588946
0.541431
0.404725
0.555510
0.656482
0.575814
0.545260
0.624993
0.642411
0.659256
0.648899
0.638521
0.557835
0.713202
0.592997
0.521158
0.631732
0.716692
0.776115
0.741115
0.665024
0.562571
0.531920
0.537962
0.809971
0.588601
0.585433
0.678122
0.734003
0.712280
0.850703
0.616658
0.782519
0.683708
0.655577
0.608051
0.527054
0.720153
0.821289
0.561145
0.576425
0.525351
0.714445
0.684258
0.682719
0.594920
0.613863
0.578892
0.617785
0.661688
0.730438
0.767058
0.743119
0.520731
0.495942
0.376279
0.746322
0.558751
0.513933
0.735178
0.467869
0.574914
0.583802
0.561750
0.721604
0.567019
0.590865
0.466479
0.588282
0.589943
0.652437
0.599533
0.574221
0.526971
0.652833
0.716692
0.755849
0.616151
0.739787
0.551225
0.581079
0.515712
0.491162
0.681057
0.778573
0.716181
0.674709
0.642191
0.622502
0.660758
0.610708
0.554592
0.510757
0.247711
0.374661
0.633919
0.630669
0.707145
0.595529
0.513077
0.556897
0.578527
0.438602
0.551399
0.535165
0.371342
0.474181
0.457709
0.401242
0.668192
0.420334
0.438752
0.612638
0.354506
0.417515
0.542607
0.497470
0.476424
0.318338
0.409788
0.668717
0.532301
0.505338
0.573441
0.406764
0.513785
0.521004
0.507146
0.593116
0.565765
0.526932
0.487070
0.591830
0.498508
0.474443
0.441379
0.541303
0.440213
0.448282
0.516826
0.460903
0.448143
0.537782
0.475025
0.455848
0.648875
0.559015
0.556165
0.746788
0.511564
0.567420
0.641006
0.578034
0.701667
0.582594
0.686055
0.467175
0.626879
0.615765
0.768613
0.693633
0.616353
0.560243
0.668419
0.779144
0.771837
0.598856
0.696616
0.556232
0.627960
0.497573
0.493523
0.636559
0.806603
0.703848
0.652858
0.669566
0.706455
0.663121
0.595606
0.642628
0.647418
0.310954
0.333003
0.642436
0.588986
0.715800
0.678301
0.552320
0.638274
0.673839
0.500349
0.613246
0.654991
0.474601
0.601006
0.758264
0.592243
0.606531
0.651302
0.607465
0.481429
0.742776
0.614350
0.406649
0.581086
0.671832
0.712649
0.738614
0.546565
0.680425
0.535197
0.511566
0.603743
0.566123
0.648912
0.765744
0.466793
0.357729
0.538548
0.589728
0.602168
0.534938
0.669021
0.640280
0.620517
0.579987
0.545020
0.563505
0.676522
0.640667
0.510821
0.670417
0.655082
0.521459
0.487204
0.574837
0.617652
0.605581
0.601606
0.555254
0.561549
0.541131
0.584547
0.686624
0.648348
0.560109
0.471736
0.549346
0.745741
0.641199
0.667571
0.723044
0.490448
0.594002
0.489649
0.482871
0.478414
0.627470
0.596105
0.600237
0.631631
0.587081
0.548788
0.516032
0.637254
0.596692
0.487670
0.559922
0.614942
0.467794
0.494930
0.615242
0.572639
0.753959
0.541422
0.649543
0.624890
0.602403
0.877218
0.575416
0.606888
0.487590
0.600958
0.495361
0.716029
0.597086
0.541580
0.582022
0.668255
0.686372
0.672854
0.511205
0.694046
0.609567
0.669057
0.645366
0.544899
0.655188
0.761863
0.660544
0.641770
0.642002
0.661832
0.533746
0.657767
0.529678
0.555479
0.476907
0.569724
0.651924
0.646276
0.705990
0.520985
0.525695
0.611613
0.674787
0.476242
0.609380
0.757139
0.666696
0.605850
0.659861
0.583763
0.478250
0.699478
0.615598
0.537234
0.569974
0.644373
0.680876
0.750700
0.631603
0.679120
0.584305
0.534656
0.675606
0.601238
0.764145
0.797355
0.555764
0.496907
0.556673
0.611275
0.642268
0.577751
0.558188
0.572496
0.614463
0.578184
0.516977
0.553271
0.706442
0.651718
0.559697
0.560735
0.514260
0.373380
0.648413
0.465880
0.531944
0.532741
0.523678
0.456367
0.720867
0.560421
0.490651
0.424028
0.684116
0.627285
0.656293
0.567847
0.581881
0.575900
0.539886
0.520172
0.429436
0.690107
0.749815
0.581241
0.551681
0.585842
0.612051
0.600720
0.609267
0.512234
0.431970
0.427416
0.378661
0.504899
0.461908
0.657048
0.578224
0.432903
0.546561
0.521336
0.662873
0.586171
0.496512
0.669558
0.282843
0.526962
0.634754
0.600562
0.517940
0.498144
0.515981
0.634460
0.732457
0.579951
0.615904
0.456705
0.607137
0.479231
0.520450
0.588011
0.708250
0.591807
0.577912
0.650599
0.616447
0.627308
0.548545
0.578000
0.597310
0.543805
0.478277
0.620904
0.573992
0.708442
0.662200
0.507538
0.510573
0.617170
0.582092
0.513338
0.558330
0.504675
0.377406
0.606228
0.513206
0.475531
0.541629
0.562212
0.618318
0.638000
0.558390
0.682248
0.431958
0.249017
0.585169
0.565647
0.651451
0.651537
0.423188
0.388071
0.370598
0.505313
0.565523
0.384307
0.535495
0.526353
0.539893
0.511674
0.313744
0.459836
0.654140
0.543510
0.419634
0.763537
0.414536
0.462820
0.693284
0.509078
0.456468
0.594182
0.464157
0.457390
0.418451
0.605954
0.711501
0.706028
0.488051
0.451538
0.444804
0.538879
0.658352
0.514842
0.730563
0.792842
0.610555
0.527626
0.666069
0.643835
0.534703
0.536386
0.495128
0.468251
0.511659
0.462610
0.560642
0.559869
0.711126
0.603673
0.435236
0.763683
0.665008
0.717723
0.726734
0.720139
0.767405
0.777707
0.698310
0.646555
0.730403
0.783421
0.813999
0.788146
0.857171
0.748117
0.738211
0.585020
0.702190
0.659753
0.744625
0.679649
0.694285
0.739239
0.698900
0.698171
0.639768
0.797638
0.753486
0.730653
0.646346
0.663549
0.522080
0.810983
0.772251
0.749462
0.581401
0.667439
0.565247
0.518599
0.693140
0.543022
0.549330
0.423256
0.573912
0.712462
0.666782
0.610076
0.535709
0.540363
0.598068
0.683997
0.595757
0.647459
0.774651
0.649602
0.615049
0.708741
0.556615
0.555984
0.598411
0.623382
0.597644
0.599037
0.549312
0.590604
0.588034
0.667769
0.649467
0.518765
0.635816
0.468568
0.492854
0.513931
0.540985
0.520273
0.421873
0.573463
0.635375
0.683272
0.596418
0.665310
0.427770
0.579030
0.496216
0.572573
0.599852
0.724064
0.602818
0.554427
0.650260
0.571682
0.617515
0.551219
0.545939
0.464168
0.527505
0.565316
0.612669
0.554947
0.682405
0.528882
0.546278
0.657234
0.545920
0.822921
0.573507
0.629560
0.647678
0.731788
0.771840
0.783058
0.653231
0.816415
0.642428
0.519450
0.555842
0.504704
0.625725
0.820914
0.533227
0.606963
0.507380
0.746345
0.599522
0.648390
0.320764
0.544889
0.409554
0.388412
0.479103
0.556684
0.767586
0.618971
0.559861
0.489588
0.606725
0.519927
0.561986
0.484264
0.507555
0.646567
0.637008
0.585212
0.661562
0.428395
0.559715
0.573772
0.536920
0.621360
0.670763
0.586779
0.513533
0.573871
0.633067
0.564531
0.497613
0.552355
0.542435
0.524377
0.510145
0.571177
0.589419
0.644802
0.546199
0.499589
0.562178
0.515924
0.376318
0.429444
0.513875
0.509070
0.569324
0.446689
0.564956
0.471938
0.456250
0.572583
0.449745
0.599546
0.651807
0.493417
0.458321
0.455422
0.408092
0.555502
0.536451
0.495026
0.462843
0.446307
0.471225
0.411603
0.467077
0.638980
0.531043
0.311150
0.611594
0.605571
0.602807
0.533625
0.578511
0.580827
0.669777
0.804388
0.548094
0.708404
0.674913
0.751771
0.674999
0.586581
0.725716
0.681247
0.851619
0.604336
0.645965
0.603845
0.703166
0.639603
0.645197
0.747128
0.752948
0.660269
0.760890
0.615520
0.655847
0.505589
0.551905
0.605505
0.705781
0.726933
0.589305
0.723064
0.500633
0.511352
0.682447
0.571673
0.728675
0.704770
0.593541
0.567035
0.600293
0.725498
0.590482
0.563398
0.505466
0.550167
0.593224
0.600872
0.605973
0.618639
0.778347
0.586799
0.504084
0.482611
0.555037
0.535161
0.624206
0.389093
0.524470
0.484936
0.502011
0.529772
0.505410
0.599609
0.688228
0.536269
0.332003
0.551885
0.421544
0.550198
0.500836
0.561364
0.556121
0.520694
0.518239
0.551502
0.499092
0.585088
0.540069
0.416977
0.454680
0.692994
0.546880
0.584079
0.603087
0.418968
0.593511
0.486542
0.413921
0.593564
0.682951
0.597345
0.580417
0.673842
0.573977
0.454878
0.484723
0.628529
0.539272
0.446836
0.535882
0.548606
0.408802
0.641276
0.492894
0.435860
0.651724
0.472708
0.603518
0.717566
0.433558
0.658490
0.641838
0.625380
0.670010
0.570110
0.564001
0.577402
0.738107
0.496681
0.512269
0.447614
0.722240
0.683315
0.610245
0.678062
0.619911
0.567095
0.648164
0.544159
0.542168
0.679608
0.592643
0.711307
0.618666
0.683192
0.792866
0.683123
0.756157
0.634446
0.689679
0.715715
0.683857
0.559643
0.735221
0.693983
0.606372
0.529614
0.679970
0.735450
0.716243
0.691229
0.804093
0.649641
0.597265
0.684722
0.772541
0.632656
0.757474
0.772239
0.755664
0.790167
0.556921
0.693091
0.709052
0.844578
0.641259
0.542260
0.592674
0.798756
0.730593
0.672632
0.812778
0.682194
0.653087
0.606699
0.563196
0.590306
0.537893
0.498609
0.572193
0.664524
0.591257
0.681601
0.667917
0.542318
0.479018
0.527282
0.569810
0.615713
0.590902
0.554853
0.525260
0.569556
0.563666
0.595905
0.571152
0.627534
0.599140
0.467970
0.664396
0.707707
0.739359
0.661520
0.788567
0.805724
0.730851
0.637040
0.725268
0.614680
0.639492
0.711119
0.635229
0.628635
0.670636
0.621918
0.692107
0.711169
0.709793
0.739561
0.527187
0.479251
0.577243
0.564662
0.604163
0.640612
0.552399
0.467147
0.612893
0.574264
0.563079
0.365285
0.577361
0.558803
0.520479
0.576973
0.579916
0.566790
0.663742
0.521957
0.485827
0.583610
0.564085
0.615861
0.743644
0.400567
0.377192
0.317895
0.598499
0.687014
0.546229
0.565607
0.500890
0.544627
0.546952
0.247255
0.564116
0.658818
0.561073
0.527726
0.445799
0.448415
0.772704
0.619810
0.570532
0.611291
0.647303
0.662745
0.569724
0.665789
0.627809
0.416717
0.441880
0.595106
0.471717
0.740306
0.619928
0.575336
0.589237
0.813261
0.609272
0.545184
0.474140
0.694741
0.612419
0.544773
0.486646
0.514979
0.336708
0.411240
0.518007
0.377458
0.678513
0.602626
0.433323
0.820974
0.595698
0.594197
0.668851
0.660480
0.677197
0.622036
0.727263
0.644918
0.572540
0.554491
0.633400
0.571741
0.713776
0.690229
0.588395
0.728410
0.763411
0.771969
0.559703
0.595355
0.675358
0.754527
0.753652
0.755018
0.882807
0.746947
0.644108
0.648393
0.661660
0.750427
0.357629
0.421285
0.651161
0.619925
0.593884
0.602437
0.559464
0.614234
0.579121
0.348853
0.535878
0.714215
0.592238
0.564185
0.423547
0.601650
0.640427
0.484409
0.612237
0.557582
0.618216
0.560967
0.399445
0.508387
0.658286
0.586614
0.472045
0.666234
0.704472
0.617411
0.511698
0.515280
0.567444
0.603363
0.325164
0.583431
0.637995
0.637753
0.547465
0.609575
0.598870
0.663148
0.564242
0.587990
0.664855
0.618107
0.592702
0.620149
0.624395
0.500279
0.532134
0.598914
0.653404
0.571740
0.645563
0.609709
0.550601
0.655057
0.580105
0.530042
0.617576
0.617856
0.537143
0.593871
0.577518
0.473898
0.669806
0.591203
0.536292
0.355487
0.501501
0.534361
0.570985
0.598852
0.743134
0.633571
0.508440
0.461823
0.513929
0.519681
0.549425
0.719535
0.549280
0.445591
0.304779
0.537356
0.493489
0.640723
0.561026
0.398795
0.518967
0.454439
0.769682
0.600995
0.409739
0.442967
0.592324
0.590042
0.515375
0.747376
0.471017
0.507915
0.745630
0.636219
0.602676
