0.736677
0.571294
0.636330
0.551354
0.574823
0.530415
0.550835
0.884591
0.575656
0.599792
0.666392
0.550014
0.627917
0.721073
0.576352
0.507449
0.598095
0.785257
0.522348
0.580704
0.637471
0.744235
0.638592
0.582308
0.645432
0.504148
0.646643
0.541609
0.521585
0.683041
0.645013
0.555858
0.751028
0.417946
0.558376
0.732422
0.692279
0.625835
0.470953
0.555652
0.750331
0.525693
0.707220
0.601751
0.678962
0.640423
0.560374
0.604120
0.478725
0.454871
0.507702
0.482732
0.761904
0.609780
0.580697
0.766179
0.432873
0.634683
0.631303
0.597111
0.708992
0.450996
0.562334
0.701894
0.650876
0.698035
0.713575
0.573067
0.640999
0.363088
0.532229
0.613191
0.671451
0.690060
0.759269
0.544835
0.729458
0.696439
0.585683
0.632555
0.540305
0.640264
0.592411
0.618359
0.585352
0.505817
0.722912
0.533851
0.686865
0.621402
0.639151
0.685781
0.615351
0.617332
0.568345
0.697672
0.549587
0.371939
0.382746
0.651683
0.391245
0.469468
0.867172
0.393736
0.491190
0.588672
0.478934
0.572342
0.543857
0.468708
0.647239
0.528065
0.589815
0.471048
0.424994
0.453754
0.567434
0.421141
0.515874
0.607153
0.509819
0.487642
0.386676
0.568491
0.590249
0.482845
0.502603
0.652832
0.421094
0.364330
0.499841
0.517089
0.483823
0.569486
0.370110
0.493143
0.505028
0.519124
0.508993
0.498772
0.543656
0.481607
0.670113
0.401932
0.500645
0.651982
0.534285
0.568514
0.796588
0.388184
0.555364
0.654246
0.559280
0.662385
0.595742
0.580011
0.713824
0.669459
0.629164
0.596919
0.527042
0.574912
0.567563
0.584255
0.685700
0.688106
0.655061
0.614434
0.604049
0.627843
0.689304
0.558666
0.686678
0.775319
0.653717
0.509930
0.628922
0.580784
0.519869
0.701164
0.566808
0.621850
0.638530
0.571334
0.656289
0.630558
0.619628
0.508952
0.781272
0.534674
0.667441
0.524661
0.487875
0.843851
0.443534
0.717878
0.673606
0.523925
0.655945
0.492005
0.477851
0.681740
0.557575
0.606921
0.418159
0.481092
0.568013
0.702087
0.331722
0.383241
0.635988
0.506139
0.641535
0.422039
0.641362
0.670745
0.447067
0.483244
0.726415
0.308114
0.512350
0.680796
0.627551
0.480634
0.627168
0.494789
0.688068
0.602982
0.636051
0.476198
0.570984
0.535400
0.621716
0.734253
0.400802
0.631992
0.679885
0.804560
0.697910
0.619363
0.677455
0.604782
0.599094
0.701387
0.735704
0.681962
0.624842
0.779203
0.539840
0.713505
0.689884
0.739519
0.757594
0.685334
0.705189
0.446654
0.622606
0.630266
0.608310
0.523765
0.714619
0.668609
0.762237
0.634215
0.510292
0.755362
0.715161
0.579211
0.635370
0.630794
0.738327
0.648193
0.621315
0.704259
0.779736
0.669587
0.758796
0.808078
0.607406
0.567146
0.848393
0.489187
0.457932
0.615765
0.471770
0.581060
0.557908
0.420045
0.691505
0.503470
0.660869
0.533093
0.538473
0.577740
0.693739
0.573936
0.517047
0.699109
0.497117
0.542645
0.542436
0.322310
0.623669
0.631345
0.519784
0.574752
0.497736
0.487826
0.635717
0.570322
0.535986
0.542674
0.515824
0.657856
0.413884
0.654294
0.470663
0.579943
0.613308
0.503443
0.657688
0.455359
0.864445
0.540185
0.646878
0.595295
0.583787
0.663104
0.628233
0.476718
0.698975
0.657827
0.777471
0.550334
0.482241
0.627601
0.674475
0.482697
0.463549
0.523619
0.544547
0.753661
0.462545
0.613081
0.794691
0.512224
0.529045
0.737524
0.504695
0.450215
0.727745
0.593443
0.590233
0.727647
0.473128
0.700710
0.643272
0.670091
0.515423
0.445356
0.583082
0.547266
0.543384
0.464889
0.816384
0.817987
0.835618
0.732884
0.740396
0.729356
0.859485
0.918680
0.809068
0.871002
0.807748
0.872209
0.919854
0.808671
0.823496
0.789021
0.905034
0.778784
0.879348
0.913480
0.873246
0.715110
0.834204
0.896623
0.848541
0.932734
0.845828
0.886502
0.917985
0.580759
0.863855
0.784284
0.909498
0.860228
0.849993
0.888650
0.956389
0.923548
0.818406
0.858663
0.902004
0.630767
0.644654
0.571570
0.616554
0.549262
0.506368
0.466179
0.637414
0.588225
0.619973
0.456050
0.556335
0.592420
0.515916
0.617760
0.496227
0.587967
0.722334
0.577247
0.591877
0.647599
0.561269
0.552637
0.721325
0.607055
0.519156
0.589724
0.559009
0.503861
0.653885
0.531414
0.576713
0.486217
0.631002
0.513561
0.632504
0.609036
0.539007
0.701049
0.451830
0.587637
0.640510
0.732969
0.798562
0.654184
0.622970
0.656297
0.734973
0.541004
0.718218
0.676622
0.715130
0.709478
0.729307
0.717775
0.679882
0.601566
0.608302
0.571628
0.680289
0.718676
0.759837
0.771710
0.573249
0.400673
0.684064
0.646180
0.754229
0.590277
0.678088
0.613690
0.472006
0.685794
0.697772
0.600531
0.778139
0.500933
0.722692
0.666701
0.725495
0.660456
0.779343
0.687113
0.686036
0.572255
0.820794
0.614484
0.680452
0.696137
0.699009
0.668680
0.638852
0.515757
0.641937
0.661873
0.541914
0.598093
0.690638
0.783157
0.738891
0.685097
0.563504
0.626370
0.791551
0.758053
0.658832
0.573976
0.632409
0.607672
0.617731
0.695862
0.640374
0.595772
0.805465
0.642943
0.650761
0.632758
0.625665
0.504126
0.485002
0.740269
0.598812
0.708926
0.597880
0.547197
0.639956
0.603088
0.664989
0.609274
0.691142
0.489600
0.636193
0.549486
0.572308
0.530817
0.608325
0.593069
0.647732
0.584340
0.503667
0.638969
0.505400
0.466666
0.622276
0.549871
0.742732
0.578574
0.696469
0.586097
0.653559
0.580801
0.599577
0.765279
0.462326
0.586944
0.626754
0.699932
0.602458
0.681164
0.660538
0.565236
0.506854
0.700961
0.692935
0.662804
0.698786
0.470037
0.559865
0.631406
0.651710
0.525827
0.670403
0.481573
0.731585
0.651696
0.567873
0.640979
0.800544
0.606739
0.625827
0.584238
0.755259
0.621543
0.577200
0.422068
0.741095
0.578208
0.753067
0.786664
0.504037
0.589873
0.770837
0.600375
0.627464
0.625692
0.546116
0.608544
0.672956
0.580413
0.550318
0.699174
0.594642
0.648829
0.589080
0.723782
0.543875
0.542554
0.518226
0.643754
0.641901
0.568460
0.641180
0.633717
0.536300
0.729191
0.574824
0.812236
0.656503
0.695721
0.615146
0.763035
0.641005
0.721203
0.839875
0.511419
0.730207
0.566034
0.754392
0.602212
0.424492
0.564746
0.687796
0.537313
0.533269
0.649696
0.546204
0.656349
0.519365
0.520156
0.710784
0.649593
0.513445
0.668759
0.557136
0.557351
0.687786
0.607158
0.573611
0.648010
0.570476
0.745079
0.645066
0.726794
0.468415
0.461223
0.613298
0.564442
0.619588
0.390373
0.686190
0.696867
0.612041
0.602679
0.703791
0.802102
0.739225
0.738423
0.533380
0.668566
0.701240
0.585163
0.714196
0.692455
0.735848
0.687836
0.801059
0.432847
0.617262
0.747956
0.751157
0.737176
0.652498
0.662307
0.664532
0.425303
0.713764
0.680674
0.756496
0.720114
0.694695
0.742680
0.629565
0.786729
0.560907
0.681370
0.662520
0.737486
0.550170
0.390179
0.712409
0.560249
0.483610
0.477705
0.538620
0.498385
0.724344
0.636862
0.644758
0.488785
0.577631
0.794408
0.649074
0.621384
0.438051
0.462314
0.760732
0.614564
0.648690
0.667916
0.685703
0.734180
0.568779
0.645349
0.623153
0.629302
0.546106
0.692061
0.725737
0.706171
0.773990
0.751410
0.722611
0.761742
0.711067
0.849322
0.699448
0.631245
0.732513
0.861067
0.691028
0.622389
0.666131
0.764133
0.668952
0.734962
0.731326
0.583715
0.708112
0.717234
0.688349
0.824268
0.740226
0.797263
0.898568
0.634660
0.574370
0.572626
0.812705
0.503033
0.495158
0.653458
0.540944
0.624685
0.468734
0.613838
0.653390
0.614091
0.629602
0.785930
0.415508
0.483701
0.760004
0.755502
0.617560
0.580697
0.603116
0.622549
0.579342
0.665357
0.527082
0.615924
0.761289
0.610431
0.658046
0.540029
0.520662
0.578255
0.541217
0.599528
0.587048
0.540209
0.675651
0.541402
0.619738
0.746214
0.566654
0.477934
0.612953
0.489213
0.501185
0.550202
0.657720
0.581321
0.692171
0.549037
0.623568
0.603049
0.637210
0.440230
0.699924
0.519333
0.647775
0.738369
0.328273
0.696100
0.586438
0.677126
0.716734
0.574214
0.607037
0.555358
0.635443
0.698275
0.668936
0.546500
0.747081
0.581454
0.526914
0.600555
0.728232
0.583507
0.617506
0.567524
0.734489
0.604627
0.611293
0.534999
0.651998
0.653699
0.714927
0.776528
0.464050
0.708925
0.757901
0.737687
0.678779
0.735064
0.733979
0.761726
0.755726
0.711588
0.781605
0.516159
0.774964
0.609142
0.686436
0.642249
0.510386
0.746836
0.577224
0.717092
0.723034
0.631850
0.711973
0.791323
0.625297
0.665652
0.702786
0.612907
0.410387
0.730984
0.565298
0.667177
0.544826
0.737503
0.708498
0.654498
0.566954
0.723771
0.476312
0.548014
0.718032
0.620450
0.523154
0.620324
0.437777
0.787317
0.671720
0.672717
0.526154
0.637700
0.679238
0.561571
0.579862
0.498144
0.687413
0.583463
0.596588
0.425850
0.607391
0.579304
0.605881
0.566684
0.690973
0.431269
0.560025
0.823043
0.658029
0.578689
0.574275
0.473972
0.811053
0.673824
0.649276
0.610156
0.575942
0.715827
0.614298
0.600373
0.591925
0.669260
0.749043
0.517653
0.637557
0.730119
0.685401
0.633696
0.702214
0.616627
0.610238
0.760294
0.762501
0.728909
0.679846
0.715689
0.727858
0.571870
0.780177
0.583415
0.593931
0.704987
0.675778
0.811589
0.507510
0.654737
0.569826
0.579012
0.583699
0.677706
0.399673
0.630055
0.546914
0.469237
0.663672
0.683614
0.398732
0.565944
0.495254
0.746479
0.592466
0.670710
0.446568
0.770718
0.533754
0.672943
0.778345
0.401972
0.514593
0.627958
0.567065
0.651577
0.657464
0.725346
0.580268
0.529007
0.645493
0.741602
0.712541
0.487031
0.517429
0.724002
0.585534
0.594940
0.629384
0.735606
0.708231
0.750045
0.725381
0.649839
0.575348
0.571572
0.623710
0.596614
0.689018
0.364802
0.471892
0.642273
0.648459
0.648664
0.469728
0.536151
0.623045
0.496519
0.611561
0.574415
0.430904
0.637378
0.580071
0.621350
0.412517
0.734024
0.746185
0.669028
0.547939
0.581766
0.639966
0.788518
0.708089
0.665450
0.603389
0.618842
0.740553
0.513000
0.757688
0.594063
0.681020
0.686704
0.577806
0.761091
0.551122
0.689236
0.683317
0.810057
0.696757
0.562911
0.694023
0.717085
0.626773
0.509250
0.541792
0.802316
0.614248
0.588963
0.724360
0.759890
0.736042
0.757246
0.793826
0.669147
0.563191
0.770344
0.547330
0.545775
0.683351
0.657569
0.631171
0.783031
0.474248
0.710670
0.671218
0.639438
0.633608
0.693399
0.530478
0.671751
0.790191
0.532974
0.703455
0.557525
0.568291
0.644783
0.639593
0.553729
0.661985
0.527200
0.788369
0.610394
0.680234
0.379323
0.644748
0.574535
0.669980
0.716005
0.382255
0.706365
0.779034
0.822608
0.738645
0.626529
0.756400
0.658270
0.874453
0.612765
0.821112
0.620948
0.816047
0.713261
0.670115
0.722527
0.625540
0.509513
0.706091
0.679157
0.617297
0.587316
0.518823
0.600812
0.492682
0.627459
0.549650
0.581279
0.586699
0.595255
0.682170
0.451104
0.491087
0.591775
0.544436
0.575680
0.462011
0.523105
0.561758
0.540673
0.557529
0.595068
0.623511
0.565481
0.697974
0.462535
0.679831
0.678997
0.787691
0.682888
0.652657
0.680693
0.653791
0.656058
0.718505
0.642552
0.703383
0.856788
0.600349
0.630152
0.743726
0.612011
0.758289
0.653183
0.714247
0.692814
0.628951
0.723098
0.508850
0.753577
0.623427
0.658978
0.403738
0.704907
0.653456
0.618833
0.576685
0.762402
0.529817
0.655826
0.724675
0.482444
0.527547
0.765923
0.512698
0.729606
0.661428
0.699883
0.794269
0.655355
0.525811
0.626597
0.705687
0.576537
0.631203
0.598532
0.742363
0.527403
0.628339
0.636499
0.502609
0.675629
0.620503
0.764543
0.665145
0.742857
0.742447
0.813655
0.689005
0.674831
0.566538
0.624710
0.710786
0.574015
0.641047
0.520542
0.692262
0.659357
0.647255
0.707401
0.726386
0.634774
0.609218
0.595346
0.666288
0.666983
0.341991
0.754064
0.556904
0.539571
0.635474
0.717278
0.833727
0.480719
0.642324
0.585517
0.757812
