0.703635
0.635140
0.519188
0.344619
0.657112
0.585553
0.544823
0.495105
0.513218
0.524211
0.450205
0.637709
0.578161
0.572027
0.573082
0.745358
0.648080
0.681979
0.555757
0.522903
0.532658
0.843904
0.464515
0.578294
0.460197
0.385823
0.613446
0.596462
0.510422
0.692618
0.598426
0.597314
0.700040
0.717933
0.465301
0.299143
0.487226
0.688986
0.587917
0.684386
0.513398
0.751462
0.628293
0.694047
0.676078
0.713820
0.650202
0.605282
0.608395
0.591904
0.690343
0.662760
0.579842
0.547632
0.505855
0.544843
0.602347
0.673580
0.603623
0.683548
0.596889
0.721256
0.672760
0.207583
0.662037
0.558870
0.541724
0.609372
0.608050
0.674371
0.565983
0.687747
0.640413
0.640689
0.647808
0.643826
0.577259
0.544012
0.548190
0.645115
0.725535
0.701589
0.559369
0.680492
0.550710
0.497375
0.757843
0.676206
0.611835
0.443120
0.738601
0.604522
0.723673
0.574566
0.495593
0.569679
0.585693
0.540658
0.565439
0.614147
0.477984
0.510554
0.517511
0.694192
0.489701
0.522803
0.583655
0.580760
0.560190
0.605312
0.637825
0.667634
0.595812
0.602778
0.568776
0.575064
0.796394
0.579982
0.515156
0.523210
0.543416
0.717751
0.583104
0.557044
0.586521
0.464861
0.551561
0.670572
0.788533
0.561022
0.636875
0.561973
0.460166
0.531637
0.704626
0.565001
0.539771
0.711625
0.575513
0.617862
0.574422
0.454203
0.495806
0.632297
0.489284
0.494109
0.443553
0.460028
0.621702
0.532333
0.488741
0.480023
0.600673
0.381733
0.416458
0.463927
0.751469
0.493982
0.574169
0.332894
0.463425
0.661959
0.774817
0.461290
0.437091
0.294168
0.406151
0.486151
0.229875
0.514916
0.506487
0.518716
0.541198
0.562229
0.811004
0.315148
0.515113
0.486333
0.620130
0.418954
0.706831
0.371520
0.668985
0.519772
0.483127
0.665777
0.526260
0.597016
0.385302
0.692796
0.658228
0.561546
0.478866
0.467485
0.569444
0.494847
0.437274
0.709738
0.622020
0.596754
0.546692
0.720150
0.664583
0.622122
0.572738
0.545807
0.618293
0.805752
0.453920
0.505056
0.443837
0.476247
0.634026
0.561201
0.515100
0.619183
0.593047
0.620050
0.713274
0.773509
0.485562
0.382825
0.514360
0.685016
0.512319
0.576698
0.530144
0.711972
0.668652
0.668197
0.535349
0.703964
0.557914
0.532040
0.654302
0.471784
0.455581
0.648936
0.687426
0.589964
0.512546
0.613468
0.568660
0.633246
0.421954
0.605173
0.638997
0.447515
0.512416
0.519250
0.620942
0.720856
0.566646
0.534409
0.503182
0.530319
0.485903
0.563247
0.507120
0.486032
0.571863
0.485117
0.644987
0.743927
0.405429
0.674453
0.594265
0.583474
0.593094
0.576027
0.569573
0.622415
0.621270
0.337497
0.624861
0.596809
0.538697
0.515309
0.707064
0.236103
0.561781
0.666481
0.515169
0.515583
0.614332
0.532302
0.547555
0.492651
0.600517
0.603553
0.530418
0.335106
0.423885
0.623569
0.777397
0.542336
0.398277
0.427655
0.419651
0.551839
0.511404
0.481061
0.501783
0.500584
0.569509
0.647601
0.734321
0.454299
0.590629
0.537399
0.498714
0.487190
0.696413
0.303387
0.520074
0.579502
0.501955
0.681877
0.557367
0.531947
0.481451
0.715149
0.499587
0.528736
0.492295
0.374461
0.634309
0.446653
0.508361
0.355561
0.504778
0.594435
0.408211
0.393353
0.429113
0.577772
0.682275
0.400855
0.366685
0.371357
0.404189
0.507526
0.504840
0.310316
0.386381
0.490712
0.548563
0.508983
0.762446
0.418287
0.604837
0.404054
0.551081
0.445745
0.469917
0.311050
0.502025
0.624229
0.396461
0.566840
0.622592
0.451724
0.493331
0.630833
0.600882
0.601410
0.597874
0.682601
0.667346
0.577708
0.515312
0.587093
0.696879
0.604663
0.562871
0.586502
0.494298
0.762660
0.597252
0.659599
0.579727
0.642776
0.737228
0.647382
0.532880
0.583106
0.628168
0.581525
0.723873
0.685323
0.552673
0.481622
0.588547
0.599931
0.635168
0.641700
0.588759
0.479134
0.682814
0.635430
0.619302
0.670025
0.547312
0.505975
0.620101
0.668320
0.588648
0.646219
0.491927
0.701252
0.598891
0.593932
0.680550
0.675777
0.593666
0.729020
0.540778
0.744979
0.484710
0.568068
0.610594
0.612018
0.664609
0.488066
0.567074
0.485653
0.620007
0.682700
0.558471
0.855507
0.520597
0.581761
0.531456
0.704251
0.680371
0.550832
0.653325
0.679848
0.695383
0.601169
0.742914
0.761407
0.582967
0.664939
0.468832
0.492559
0.514848
0.593520
0.541574
0.573800
0.700831
0.656356
0.643719
0.506380
0.396291
0.642717
0.804237
0.572659
0.516144
0.390065
0.479796
0.574263
0.566893
0.602186
0.555925
0.580368
0.529243
0.672320
0.680756
0.485509
0.560785
0.466322
0.601183
0.543554
0.630514
0.498482
0.679617
0.591978
0.635844
0.553872
0.695782
0.539225
0.502162
0.682248
0.548148
0.429403
0.520708
0.457137
0.624760
0.605895
0.466717
0.513702
0.447399
0.624083
0.785753
0.429207
0.390647
0.365270
0.373844
0.545823
0.501866
0.425666
0.493868
0.516039
0.508750
0.493042
0.739180
0.392582
0.524666
0.445005
0.587616
0.451357
0.549456
0.460600
0.579355
0.704141
0.512563
0.577305
0.678831
0.523033
0.506173
0.635625
0.634885
0.642008
0.601808
0.751543
0.668620
0.634672
0.590660
0.596803
0.560282
0.898783
0.674615
0.588871
0.549710
0.536863
0.740448
0.662769
0.589890
0.658917
0.608501
0.650388
0.732470
0.722346
0.481024
0.721501
0.582460
0.588016
0.626061
0.672822
0.666425
0.657594
0.708530
0.606652
0.668915
0.707035
0.529241
0.526734
0.508144
0.406392
0.567126
0.602798
0.494666
0.486521
0.428003
0.580151
0.629173
0.711945
0.421900
0.425974
0.456897
0.472875
0.564346
0.291202
0.498921
0.544590
0.508621
0.520931
0.501547
0.780568
0.386568
0.613198
0.485338
0.577803
0.548085
0.637329
0.507605
0.597010
0.600878
0.568041
0.675495
0.537538
0.591025
0.488783
0.511325
0.540792
0.710376
0.510362
0.638486
0.529991
0.567013
0.574904
0.811138
0.456668
0.352793
0.428774
0.502866
0.563123
0.450292
0.524318
0.596322
0.588269
0.545664
0.576429
0.737138
0.449762
0.544705
0.509399
0.612652
0.511338
0.661973
0.477817
0.635040
0.608595
0.616777
0.615108
0.587025
0.570038
0.426837
0.577277
0.661288
0.619599
0.479198
0.519777
0.522279
0.531226
0.776775
0.539875
0.456989
0.466360
0.510184
0.581339
0.557460
0.389511
0.463335
0.527860
0.592604
0.574429
0.755945
0.420621
0.583099
0.580713
0.648515
0.456841
0.424205
0.495735
0.588548
0.555198
0.395388
0.509749
0.660628
0.514113
0.484509
0.683612
0.706267
0.598533
0.613786
0.723160
0.662897
0.609919
0.606519
0.662235
0.693249
0.670300
0.715660
0.676512
0.491462
0.496306
0.655495
0.702572
0.606504
0.743984
0.680726
0.753018
0.479024
0.614346
0.758663
0.665106
0.656277
0.388560
0.795053
0.590785
0.749410
0.666455
0.555157
0.668049
0.602277
0.661643
0.504019
0.613389
0.623649
0.810383
0.557818
0.608105
0.614341
0.582460
0.652266
0.431501
0.617142
0.655517
0.600164
0.516279
0.587737
0.836307
0.464968
0.594314
0.635095
0.637446
0.587513
0.770225
0.545254
0.651210
0.624385
0.667692
0.764424
0.570127
0.618357
0.319500
0.710115
0.588235
0.545082
0.660925
0.634110
0.578705
0.575014
0.521383
0.532620
0.523676
0.596035
0.451295
0.478298
0.520247
0.625204
0.629332
0.787611
0.456396
0.756650
0.531492
0.590184
0.564851
0.527403
0.625053
0.614048
0.778045
0.430469
0.597376
0.643583
0.533904
0.554862
0.711382
0.378669
0.596378
0.804955
0.489867
0.477491
0.447942
0.381328
0.429755
0.367488
0.466386
0.497301
0.465731
0.424526
0.646050
0.794056
0.335748
0.510952
0.554443
0.525953
0.477679
0.668228
0.312837
0.561839
0.518432
0.542882
0.645532
0.423420
0.558313
0.399158
0.653988
0.606505
0.835540
0.524054
0.552985
0.349403
0.499633
0.432798
0.582872
0.558958
0.482423
0.497514
0.493280
0.759847
0.724337
0.387810
0.519417
0.478113
0.543434
0.505255
0.730685
0.428935
0.629005
0.649802
0.626781
0.596363
0.622037
0.565544
0.446151
0.758624
0.824844
0.604354
0.567631
0.632943
0.607429
0.677476
0.682835
0.553256
0.606047
0.467499
0.657026
0.746362
0.744116
0.528620
0.586027
0.624124
0.422385
0.649313
0.619643
0.695246
0.633673
0.743519
0.594662
0.534941
0.611439
0.548362
0.443690
0.498356
0.679236
0.768881
0.709727
0.799418
0.775104
0.787295
0.725869
0.691822
0.801664
0.844052
0.790025
0.865829
0.808714
0.899707
0.679098
0.750853
0.845376
0.743411
0.845346
0.699061
0.903461
0.708213
0.741985
0.863117
0.757390
0.737529
0.779454
0.469596
0.389084
0.408520
0.492727
0.471044
0.451563
0.489641
0.518646
0.595190
0.566242
0.800873
0.437494
0.484226
0.393957
0.629648
0.478078
0.525408
0.504019
0.612425
0.656851
0.542312
0.601123
0.677605
0.476520
0.555594
0.579598
0.326499
0.417583
0.496316
0.433859
0.423255
0.501581
0.495831
0.585388
0.501226
0.824947
0.413047
0.622745
0.523544
0.573562
0.452821
0.605059
0.451416
0.594041
0.600954
0.518693
0.577447
0.618481
0.513362
0.467417
0.525845
0.422147
0.413943
0.426605
0.495865
0.492433
0.545960
0.597202
0.610077
0.796997
0.413506
0.532927
0.396096
0.609474
0.413959
0.647088
0.423556
0.631089
0.636458
0.546022
0.576026
0.649915
0.543960
0.399400
0.657049
0.542817
0.497114
0.305135
0.532966
0.510786
0.566283
0.552287
0.748747
0.405247
0.473282
0.449662
0.584881
0.368577
0.571243
0.415646
0.647427
0.613400
0.510394
0.620733
0.609670
0.533797
0.541762
0.664996
0.540428
0.608063
0.411896
0.536345
0.511034
0.716205
0.854155
0.448161
0.681268
0.516466
0.604379
0.595959
0.722511
0.487140
0.681364
0.693120
0.540181
0.680578
0.557579
0.658770
0.521155
0.745877
0.562061
0.538097
0.538387
0.502876
0.458250
0.805076
0.347301
0.567646
0.527024
0.614949
0.487470
0.701568
0.452637
0.599605
0.476381
0.556886
0.687049
0.545534
0.575655
0.412776
0.666468
0.471223
0.485400
0.617094
0.532507
0.740996
0.469394
0.554857
0.490800
0.566875
0.453569
0.462974
0.512984
0.544848
0.682016
0.400039
0.539731
0.661840
0.474412
0.552993
0.620168
0.550925
0.559940
0.464000
0.780153
0.493645
0.719325
0.394445
0.567998
0.529763
0.511269
0.512409
0.484482
0.755726
0.393213
0.642823
0.680908
0.470690
0.529882
0.622154
0.598096
0.699126
0.815040
0.402077
0.629507
0.574682
0.410026
0.522289
0.639840
0.592503
0.603112
0.652743
0.480979
0.584455
0.574946
0.425714
0.449223
0.640930
0.674510
0.701098
0.394900
0.524049
0.577614
0.547436
0.610049
0.697131
0.471599
0.624374
0.626133
0.647773
0.733141
0.413629
0.610404
0.494260
0.663658
0.874838
0.573643
0.765320
0.574243
0.777086
0.609665
0.543318
0.579571
0.501282
0.666469
0.535033
0.710169
0.826244
0.616027
0.648310
0.716893
0.704710
0.722609
0.709521
0.686679
0.805909
0.819914
0.780444
0.705682
0.835830
0.772851
0.759183
0.790054
0.777636
0.672192
0.760473
0.451437
0.524785
0.525512
0.514614
0.554450
0.382111
0.601587
0.493347
0.484124
0.572399
0.449433
0.449701
0.363434
0.556542
0.573004
0.657691
0.514953
0.678835
0.438440
0.705998
0.577029
0.745554
0.648925
0.612981
0.613644
0.549554
0.693955
0.620762
0.547258
0.591414
0.517996
0.592155
0.723352
0.492604
0.673733
0.724630
0.495052
0.545713
0.604749
0.638208
0.780191
0.644610
0.538782
0.806292
0.572225
0.695357
0.525389
0.488232
0.442263
0.573020
0.600274
0.427769
0.659095
0.628774
0.538288
0.606893
0.674249
0.558432
0.536155
0.762808
0.691172
0.681252
0.699521
0.433877
0.332292
0.755576
0.473557
0.660001
0.673274
0.553667
0.551272
0.603140
0.701403
0.546366
0.598453
0.535281
0.720605
0.764148
0.594929
0.643805
0.675258
0.539481
0.535394
0.661167
0.701432
0.702799
0.664956
0.604693
0.637944
0.789634
0.565520
0.656223
0.410701
0.543843
0.626931
0.753313
0.555855
0.548904
0.696245
0.621072
0.482312
0.678278
0.522982
0.556014
0.595709
