0.009343
0.175491
0.012388
0.035965
0.017267
0.096014
0.029364
0.194122
0.016287
0.054844
0.008000
0.081452
0.011409
0.052065
0.134734
0.086232
0.042791
0.025134
0.039994
0.112116
0.043335
0.140279
0.029148
0.055936
0.021946
0.019547
0.189541
0.088656
0.043739
0.063188
0.125822
0.025125
0.017559
0.046312
0.035930
0.022522
0.044045
0.118043
0.040891
0.015032
0.046792
0.029088
0.031792
0.051701
0.027388
0.028520
0.022422
0.193437
0.031776
0.176392
0.028369
0.038790
0.010292
0.086501
0.052411
0.196943
0.033878
0.079896
0.010866
0.096641
0.019160
0.079551
0.180279
0.101782
0.065116
0.041597
0.043220
0.098216
0.076079
0.149281
0.022595
0.076195
0.016478
0.040236
0.224602
0.083600
0.058341
0.091194
0.148581
0.020940
0.038198
0.056342
0.057706
0.033526
0.029804
0.132955
0.053005
0.029120
0.031551
0.046633
0.023183
0.057759
0.038661
0.051392
0.029346
0.203787
0.050330
0.153355
0.096765
0.158928
0.051678
0.159895
0.015199
0.141887
0.239112
0.140280
0.043193
0.130872
0.205192
0.233773
0.041915
0.126914
0.148209
0.087450
0.082958
0.137408
0.025625
0.158534
0.166993
0.243268
0.159539
0.338946
0.050653
0.240420
0.302038
0.071885
0.187501
0.145945
0.087577
0.144538
0.098322
0.136445
0.034281
0.105906
0.131506
0.130519
0.128228
0.132527
0.098416
0.091139
0.140268
0.190714
0.034213
0.181293
0.024390
0.024293
0.097910
0.009129
0.173773
0.019096
0.043444
0.013192
0.054819
0.016935
0.023513
0.080715
0.070548
0.021122
0.008088
0.036931
0.118429
0.025108
0.123728
0.049929
0.027470
0.039792
0.006401
0.144490
0.094449
0.028133
0.050882
0.093670
0.028295
0.013508
0.034950
0.014984
0.021379
0.059410
0.094646
0.022210
0.004223
0.065889
0.010110
0.048641
0.033891
0.022709
0.008673
0.017368
0.176875
0.013007
0.029946
0.065802
0.035917
0.122087
0.036963
0.105316
0.027142
0.030680
0.019366
0.056923
0.122427
0.042091
0.043194
0.024626
0.011551
0.086463
0.053625
0.088495
0.038955
0.041462
0.066895
0.033308
0.206409
0.053552
0.064288
0.111443
0.090261
0.035097
0.025567
0.016025
0.032042
0.022722
0.034573
0.071561
0.008071
0.019675
0.036028
0.016610
0.040436
0.012392
0.018335
0.027822
0.036663
0.138417
0.046464
0.090774
0.047991
0.187802
0.045446
0.077198
0.013862
0.085689
0.024780
0.066787
0.162394
0.094510
0.058819
0.031313
0.040073
0.094092
0.077342
0.146655
0.032858
0.060789
0.023468
0.035924
0.195874
0.086947
0.045118
0.084402
0.140326
0.017815
0.042961
0.051772
0.048458
0.037083
0.029464
0.128363
0.042886
0.027170
0.037048
0.039690
0.024209
0.039764
0.036990
0.046395
0.026419
0.195477
0.045149
0.111455
0.047376
0.075082
0.180355
0.070189
0.054677
0.071083
0.162373
0.215215
0.041048
0.086860
0.103562
0.055717
0.039075
0.103601
0.029258
0.077829
0.127726
0.144269
0.113006
0.308346
0.025175
0.179053
0.230405
0.079037
0.117121
0.094494
0.062886
0.111468
0.057703
0.068687
0.039362
0.083805
0.085661
0.063785
0.092523
0.056835
0.072328
0.048052
0.099720
0.112495
0.063382
0.126467
0.179341
0.027652
0.042146
0.027927
0.053940
0.033820
0.012219
0.051296
0.073405
0.012996
0.006787
0.052542
0.148493
0.025061
0.125281
0.079007
0.019845
0.059367
0.008297
0.117515
0.115160
0.031424
0.046840
0.081378
0.042376
0.017918
0.042754
0.010361
0.033814
0.088607
0.094403
0.027601
0.010155
0.097097
0.013160
0.078157
0.044181
0.031334
0.002586
0.022442
0.177725
0.008063
0.145549
0.258813
0.156026
0.057437
0.148080
0.230374
0.246563
0.048616
0.138604
0.172327
0.108969
0.086133
0.145269
0.014065
0.178538
0.189823
0.268526
0.182498
0.356109
0.052479
0.271930
0.328588
0.071160
0.216691
0.163708
0.106840
0.166586
0.111295
0.159139
0.029539
0.132493
0.151937
0.152702
0.151173
0.147932
0.122461
0.103522
0.158506
0.210826
0.022701
0.202455
0.067782
0.016753
0.058022
0.012642
0.058820
0.110259
0.053188
0.034714
0.031601
0.034466
0.102173
0.019134
0.095359
0.040515
0.058910
0.062095
0.023599
0.199612
0.063903
0.074684
0.085562
0.090634
0.055868
0.013356
0.035650
0.036775
0.016482
0.059418
0.079300
0.039588
0.019490
0.058830
0.027262
0.041669
0.050389
0.016031
0.022957
0.036876
0.143851
0.041055
0.060764
0.127617
0.086197
0.046522
0.094126
0.151984
0.046847
0.045583
0.131049
0.218559
0.059102
0.200098
0.142901
0.072103
0.070232
0.033325
0.103552
0.196241
0.049039
0.046100
0.119281
0.077726
0.074353
0.114443
0.048375
0.075214
0.164283
0.166715
0.102071
0.048071
0.166076
0.061586
0.131335
0.122007
0.098359
0.049180
0.052441
0.240022
0.026969
0.062589
0.012151
0.054983
0.130998
0.064354
0.033124
0.022483
0.030801
0.089731
0.043836
0.109735
0.029172
0.050927
0.029659
0.020871
0.184187
0.066696
0.049117
0.079028
0.100914
0.024125
0.021248
0.037930
0.031830
0.016433
0.034797
0.091676
0.035868
0.014404
0.039667
0.027604
0.024590
0.037333
0.017584
0.026682
0.021339
0.159043
0.031331
0.054109
0.080348
0.111679
0.015910
0.040064
0.051930
0.036339
0.097484
0.051817
0.037465
0.096061
0.062680
0.134718
0.055710
0.213234
0.048599
0.112627
0.160493
0.036879
0.088508
0.049854
0.024143
0.043694
0.030437
0.090576
0.025112
0.030487
0.040458
0.090708
0.037333
0.090075
0.037266
0.032745
0.042919
0.087066
0.072176
0.069183
0.059772
0.132127
0.052750
0.043768
0.028241
0.016096
0.080566
0.038741
0.102996
0.017702
0.054681
0.048679
0.026034
0.214613
0.054067
0.065389
0.091570
0.106512
0.037988
0.011844
0.028769
0.035764
0.015200
0.029756
0.083854
0.024712
0.015145
0.032164
0.021899
0.022892
0.031790
0.011523
0.026143
0.034135
0.154931
0.045819
0.039100
0.111329
0.027663
0.018164
0.086432
0.200772
0.051372
0.177991
0.112383
0.013157
0.071050
0.016530
0.075177
0.165241
0.017726
0.027749
0.114427
0.049540
0.037733
0.063716
0.014594
0.064379
0.121265
0.139425
0.047926
0.028006
0.136074
0.025315
0.113301
0.057663
0.064225
0.016419
0.029710
0.236094
0.011618
0.140936
0.061758
0.068744
0.149470
0.254155
0.069637
0.191826
0.209034
0.056015
0.183529
0.071880
0.093826
0.223542
0.092433
0.088925
0.109676
0.152699
0.094466
0.126896
0.064542
0.126865
0.217005
0.147999
0.098719
0.085158
0.233282
0.072032
0.200115
0.113320
0.117742
0.055538
0.103137
0.243894
0.064642
0.055110
0.070716
0.036715
0.071509
0.056669
0.024167
0.081850
0.085317
0.153280
0.074665
0.251032
0.027792
0.147384
0.189818
0.047577
0.110716
0.055906
0.033316
0.063926
0.033706
0.080661
0.021949
0.045430
0.058581
0.081554
0.054906
0.073196
0.043149
0.026644
0.059798
0.103005
0.052351
0.096220
0.018454
0.058736
0.134502
0.033662
0.091823
0.091375
0.023412
0.078392
0.017592
0.114114
0.103507
0.051081
0.074384
0.049341
0.057178
0.030408
0.045456
0.010525
0.028677
0.099227
0.065891
0.040460
0.017373
0.109021
0.019840
0.083104
0.046028
0.032692
0.013927
0.033833
0.138613
0.015581
0.040017
0.126635
0.032061
0.122290
0.067822
0.021216
0.052930
0.009386
0.128640
0.104029
0.030764
0.056260
0.086156
0.034997
0.020798
0.038679
0.012952
0.032525
0.071626
0.092652
0.019225
0.008096
0.081022
0.009123
0.063205
0.032882
0.027721
0.006226
0.018212
0.174356
0.011712
0.062533
0.054435
0.074954
0.028890
0.069273
0.085253
0.049234
0.259012
0.037384
0.097340
0.142268
0.094207
0.059774
0.026831
0.023915
0.053174
0.025106
0.027350
0.059766
0.015019
0.030417
0.028403
0.030312
0.032412
0.021943
0.013081
0.041734
0.056875
0.124059
0.073451
0.130067
0.067958
0.076341
0.168825
0.171627
0.147570
0.365554
0.034535
0.210960
0.267791
0.130995
0.151678
0.119288
0.106886
0.153049
0.087245
0.060126
0.069980
0.098718
0.111023
0.062730
0.119889
0.046423
0.084917
0.063558
0.130545
0.149679
0.096801
0.172337
0.094451
0.087849
0.058531
0.104953
0.024961
0.178085
0.092596
0.083302
0.087250
0.070271
0.090178
0.026689
0.048291
0.039123
0.032940
0.106180
0.069326
0.041863
0.026220
0.105584
0.027067
0.083280
0.063559
0.031133
0.020207
0.060581
0.136560
0.040982
0.133593
0.144301
0.215585
0.132008
0.311847
0.037589
0.220846
0.270396
0.043615
0.174933
0.112891
0.079096
0.121551
0.073084
0.126348
0.008269
0.092930
0.104783
0.119098
0.104772
0.111220
0.092937
0.063562
0.108903
0.159684
0.019436
0.149185
0.094431
0.055506
0.067315
0.285412
0.056718
0.099313
0.136030
0.168292
0.049361
0.039754
0.052449
0.079598
0.042212
0.011300
0.122387
0.051390
0.052528
0.012515
0.060239
0.014335
0.049775
0.031739
0.071478
0.057188
0.189131
0.091007
0.079328
0.022796
0.089781
0.134580
0.028877
0.053820
0.102142
0.046512
0.039487
0.046186
0.014401
0.058497
0.095406
0.112136
0.038813
0.030391
0.113741
0.018690
0.092107
0.032483
0.049453
0.022317
0.025896
0.207325
0.018182
0.046018
0.183596
0.147038
0.034166
0.059862
0.188549
0.013315
0.056537
0.083285
0.062429
0.060563
0.064529
0.192954
0.079746
0.045045
0.069189
0.068079
0.062297
0.086823
0.075905
0.065879
0.028962
0.275818
0.046059
0.122504
0.110054
0.024962
0.040517
0.089380
0.031848
0.017091
0.036737
0.010090
0.025942
0.080618
0.102059
0.030472
0.007405
0.087095
0.010577
0.068025
0.042618
0.032013
0.009253
0.019101
0.184938
0.008169
0.333049
0.088025
0.077188
0.213418
0.163730
0.179892
0.206375
0.107361
0.205306
0.286689
0.271002
0.198392
0.155847
0.316246
0.151702
0.263663
0.184021
0.207327
0.130605
0.124564
0.362803
0.093566
0.182561
0.232375
0.103402
0.115175
0.078950
0.050221
0.111830
0.048098
0.049886
0.047496
0.069208
0.083339
0.044733
0.088787
0.044740
0.058365
0.036783
0.098105
0.122224
0.067268
0.138069
0.020728
0.160706
0.024106
0.053086
0.077419
0.030381
0.073587
0.103984
0.183319
0.063417
0.037524
0.119366
0.043223
0.101520
0.067197
0.080781
0.039800
0.022710
0.283848
0.018761
0.197175
0.062729
0.070719
0.114278
0.054569
0.105630
0.153464
0.230495
0.105285
0.065882
0.169377
0.072965
0.138265
0.111477
0.111490
0.057165
0.044881
0.332864
0.036509
0.152967
0.097560
0.085439
0.074537
0.063258
0.167451
0.027851
0.086685
0.076182
0.164729
0.077382
0.148140
0.100489
0.076467
0.073660
0.128543
0.066133
0.094784
0.042642
0.046186
0.037283
0.043713
0.049291
0.154177
0.048798
0.031228
0.056956
0.042220
0.054564
0.047989
0.054339
0.045733
0.019752
0.232613
0.032843
0.026479
0.021467
0.017505
0.054904
0.087391
0.021615
0.013525
0.059054
0.017855
0.051736
0.035723
0.016320
0.013867
0.031111
0.166588
0.032121
0.034866
0.023278
0.052710
0.068596
0.023674
0.030762
0.055093
0.026567
0.055926
0.023083
0.022208
0.035089
0.047332
0.128511
0.052914
0.027816
0.088430
0.091606
0.029447
0.013537
0.099539
0.013718
0.082196
0.037013
0.034642
0.009839
0.024398
0.171546
0.011186
0.051681
0.057683
0.029072
0.015087
0.050697
0.026206
0.043348
0.038354
0.014798
0.027197
0.044764
0.112856
0.041858
0.117589
0.050789
0.061543
0.007795
0.068095
0.010728
0.036379
0.034641
0.080676
0.063033
0.180178
0.101529
0.068408
0.077526
0.115012
0.076456
0.104772
0.074940
0.048935
0.079982
0.134654
0.036032
0.117369
0.017814
0.054132
0.013750
0.056887
0.018114
0.019792
0.020302
0.044517
0.142754
0.043859
0.065612
0.007378
0.052355
0.034176
0.020158
0.007868
0.023572
0.155179
0.014612
0.073822
0.015968
0.049536
0.040467
0.087574
0.073357
0.167400
0.110214
0.061135
0.025103
0.023121
0.009490
0.026220
0.159538
0.018847
0.041478
0.027156
0.070350
0.056119
0.159095
0.088711
0.021536
0.037158
0.043075
0.146832
0.055765
0.023257
0.042324
0.110667
0.049373
0.026308
0.157237
0.013115
0.224459
0.016717
0.204804
