0.706117
0.637928
0.611547
0.579605
0.462748
0.691011
0.618774
0.654707
0.692499
0.570935
0.676803
0.619422
0.574628
0.652001
0.652183
0.714996
0.627056
0.762976
0.636525
0.717900
0.699810
0.620545
0.581945
0.637681
0.733590
0.717904
0.626509
0.631529
0.616612
0.637422
0.713216
0.710408
0.528165
0.701066
0.678418
0.787600
0.461449
0.697693
0.581037
0.765124
0.746158
0.694019
0.740857
0.731583
0.624861
0.707706
0.624067
0.515601
0.659036
0.683090
0.564381
0.523233
0.645353
0.835050
0.682403
0.574653
0.609906
0.492743
0.691198
0.663611
0.559701
0.581752
0.497912
0.527594
0.726901
0.648634
0.463023
0.696314
0.785067
0.561113
0.623657
0.493491
0.563058
0.472596
0.508683
0.577303
0.602340
0.582158
0.560408
0.738101
0.431373
0.728323
0.606563
0.755871
0.606837
0.616871
0.703247
0.908718
0.627151
0.523195
0.653861
0.763372
0.747594
0.552484
0.481958
0.645383
0.615339
0.671307
0.733969
0.582548
0.845217
0.659294
0.534715
0.635380
0.529857
0.743728
0.703219
0.738823
0.662812
0.646009
0.610556
0.577705
0.701242
0.629995
0.711738
0.761327
0.713277
0.736738
0.649528
0.636231
0.814197
0.549157
0.564521
0.682448
0.771460
0.577220
0.591225
0.567514
0.865399
0.719818
0.796848
0.545614
0.468346
0.816211
0.849090
0.721773
0.695471
0.654953
0.782229
0.752585
0.597770
0.702656
0.680231
0.733468
0.574917
0.552049
0.757835
0.568309
0.601827
0.576966
0.485533
0.772920
0.616466
0.567544
0.521446
0.552205
0.545740
0.647433
0.785002
0.615745
0.628923
0.775574
0.571620
0.585816
0.580517
0.712309
0.618003
0.536694
0.639521
0.645205
0.571799
0.617996
0.652473
0.533523
0.665603
0.565067
0.807137
0.500410
0.675889
0.693289
0.832025
0.721430
0.630980
0.636482
0.631060
0.593238
0.514354
0.393161
0.509088
0.665267
0.567239
0.712387
0.568858
0.542366
0.570941
0.492048
0.761378
0.507127
0.523192
0.668219
0.553860
0.533266
0.597450
0.825946
0.554849
0.624026
0.686917
0.575672
0.442386
0.554332
0.617270
0.625944
0.604141
0.592399
0.488299
0.390928
0.516579
0.654048
0.451512
0.560747
0.534556
0.725644
0.530840
0.585103
0.626010
0.812461
0.616231
0.589454
0.677344
0.669007
0.705694
0.542496
0.453735
0.461814
0.596815
0.720665
0.641613
0.572899
0.668801
0.510800
0.721263
0.574125
0.619408
0.596236
0.646898
0.637769
0.511679
0.764362
0.604850
0.714152
0.757481
0.645319
0.623907
0.634103
0.704977
0.721230
0.604223
0.634101
0.614088
0.675210
0.654901
0.613767
0.476728
0.790398
0.547691
0.810075
0.248259
0.592700
0.764341
0.753188
0.732682
0.682075
0.582315
0.596897
0.645137
0.617481
0.578317
0.624645
0.621999
0.738539
0.754616
0.763982
0.688879
0.655754
0.663719
0.615175
0.707325
0.774220
0.836328
0.748629
0.974136
0.794132
0.759364
0.769173
0.731366
0.626792
0.738166
0.781827
0.720679
0.867029
0.651453
0.703289
0.735916
0.800604
0.671093
0.675217
0.721357
0.801362
0.756374
0.715134
0.736059
0.813346
0.889221
0.742815
0.682504
0.643323
0.741759
0.715419
0.650387
0.736070
0.592742
0.758638
0.618903
0.666313
0.512035
0.807799
0.568779
0.617316
0.727399
0.630335
0.616638
0.542570
0.785117
0.591560
0.633327
0.731280
0.564744
0.624760
0.588566
0.638388
0.705128
0.564085
0.621909
0.742101
0.691109
0.678393
0.488805
0.568047
0.740580
0.578407
0.837551
0.489078
0.648536
0.604532
0.788587
0.620398
0.666394
0.618140
0.624873
0.655402
0.540145
0.597627
0.587597
0.657854
0.490282
0.453500
0.649055
0.629902
0.549285
0.610891
0.552560
0.593056
0.521924
0.786271
0.658536
0.522978
0.762776
0.559174
0.566047
0.597395
0.502858
0.588733
0.587841
0.570087
0.561426
0.668877
0.487700
0.558055
0.419295
0.795874
0.578462
0.713942
0.533208
0.366798
0.720832
0.825058
0.349118
0.598441
0.596085
0.637631
0.681693
0.423402
0.459050
0.509143
0.678463
0.542668
0.708455
0.658067
0.604168
0.682872
0.604079
0.636161
0.674006
0.656315
0.634297
0.549398
0.728997
0.601746
0.528831
0.635263
0.618057
0.644112
0.679871
0.595342
0.605257
0.612081
0.595912
0.656620
0.500114
0.743107
0.595541
0.523251
0.632555
0.390484
0.794703
0.763367
0.681046
0.539053
0.713184
0.681784
0.690138
0.572659
0.516298
0.562749
0.674412
0.684162
0.567093
0.485718
0.570148
0.474862
0.521949
0.582565
0.735214
0.544882
0.542789
0.708326
0.531188
0.560511
0.492637
0.497342
0.554256
0.475074
0.509807
0.525281
0.578614
0.496800
0.549913
0.453309
0.705876
0.509175
0.785954
0.458084
0.495524
0.684073
0.832231
0.563903
0.560659
0.462837
0.667909
0.540801
0.344856
0.454114
0.500041
0.593272
0.760428
0.577444
0.732987
0.553980
0.737450
0.746121
0.787199
0.764341
0.678297
0.677062
0.567709
0.531278
0.739284
0.617997
0.545617
0.853781
0.805729
0.625785
0.765625
0.693579
0.703345
0.515868
0.851368
0.842437
0.690537
0.740839
0.641629
0.562403
0.859040
0.676415
0.675786
0.706503
0.640378
0.566636
0.691843
0.793011
0.595443
0.789807
0.552410
0.605446
0.544140
0.684076
0.568646
0.833235
0.599869
0.692176
0.609395
0.573968
0.579820
0.612531
0.704022
0.636430
0.629066
0.509640
0.640581
0.575174
0.688842
0.681500
0.573252
0.483960
0.585299
0.772139
0.534183
0.688541
0.643036
0.868537
0.721796
0.608930
0.633703
0.566123
0.615594
0.549744
0.520534
0.522646
0.607116
0.621251
0.563096
0.539531
0.639906
0.701022
0.628286
0.616018
0.708274
0.527413
0.394435
0.542538
0.624319
0.500915
0.653571
0.629355
0.494085
0.596202
0.683995
0.582803
0.328189
0.654741
0.549700
0.640813
0.538366
0.541628
0.546030
0.779413
0.542740
0.413859
0.497478
0.489733
0.601644
0.474288
0.415816
0.420521
0.651908
0.635624
0.586618
0.723916
0.812347
0.627796
0.707607
0.797205
0.620066
0.681069
0.662160
0.741090
0.650517
0.680314
0.672462
0.654764
0.680398
0.642184
0.665571
0.532153
0.766975
0.650292
0.822542
0.656892
0.694422
0.715192
0.917643
0.724010
0.691355
0.618254
0.674782
0.652476
0.575853
0.580335
0.647867
0.742182
0.525994
0.629075
0.638497
0.542660
0.656650
0.771715
0.396616
0.652896
0.553818
0.433739
0.559924
0.563288
0.605958
0.677738
0.661229
0.649158
0.613431
0.552557
0.736128
0.604693
0.817319
0.540704
0.646219
0.369979
0.905616
0.682358
0.592160
0.584461
0.718247
0.510326
0.543938
0.540073
0.623719
0.670616
0.700095
0.807178
0.637715
0.771382
0.769611
0.516909
0.658989
0.536723
0.644333
0.662054
0.651380
0.647925
0.672586
0.723778
0.684226
0.647010
0.508434
0.801314
0.620982
0.848863
0.549855
0.618853
0.707575
0.954578
0.699262
0.637865
0.607728
0.720856
0.704825
0.548156
0.540323
0.649617
0.764096
0.841438
0.668753
0.607626
0.728037
0.535404
0.666688
0.669309
0.652408
0.739867
0.604516
0.656565
0.653975
0.746462
0.665707
0.615654
0.602486
0.767102
0.601112
0.822217
0.394554
0.605855
0.682491
0.748752
0.640141
0.727796
0.686113
0.617502
0.642409
0.591776
0.627107
0.629553
0.641136
0.579198
0.773854
0.921546
0.806336
0.778480
0.643509
0.538794
0.788987
0.629939
0.727382
0.728859
0.839364
0.774575
0.726055
0.630165
0.923769
0.755513
0.747042
0.764405
0.682900
0.721510
0.870487
0.784316
0.645354
0.841897
0.815681
0.798143
0.766540
0.779647
0.798668
0.771197
0.666059
0.754506
0.611769
0.634972
0.450409
0.624334
0.582534
0.482708
0.571925
0.626982
0.678353
0.663630
0.695557
0.536575
0.751632
0.534646
0.723828
0.591985
0.625319
0.750560
0.797694
0.635971
0.634067
0.623947
0.764082
0.794215
0.601431
0.606062
0.649238
0.543889
0.726314
0.608855
0.594904
0.666509
0.556317
0.638807
0.734672
0.680995
0.590890
0.742155
0.513487
0.674900
0.579434
0.832118
0.582943
0.498435
0.629649
0.577462
0.742195
0.722151
0.526732
0.612962
0.699369
0.769813
0.721219
0.470834
0.612760
0.617132
0.535498
0.703751
0.694943
0.713773
0.733862
0.693581
0.792486
0.718751
0.715788
0.731586
0.824268
0.757391
0.709149
0.701377
0.719674
0.761344
0.703606
0.802247
0.838343
0.866517
0.805165
0.778595
0.753385
0.715669
0.725357
0.750287
0.748823
0.650149
0.711985
0.565353
0.631022
0.613907
0.529523
0.637488
0.674595
0.655890
0.693582
0.675945
0.625107
0.468691
0.729289
0.586478
0.762978
0.520295
0.629865
0.586542
0.828625
0.663208
0.588839
0.586386
0.604340
0.459437
0.577707
0.524290
0.532667
0.601478
0.555600
0.705103
0.500109
0.629177
0.623853
0.504003
0.516758
0.640752
0.571993
0.401570
0.616982
0.558348
0.570653
0.586261
0.529050
0.669940
0.794306
0.604519
0.533233
0.625039
0.485180
0.619871
0.590448
0.487771
0.383072
0.602756
0.585743
0.576014
0.420609
0.537721
0.628448
0.644646
0.680352
0.614037
0.502754
0.665913
0.542880
0.734802
0.487126
0.597297
0.758505
0.818711
0.552303
0.467735
0.554545
0.721174
0.667416
0.569431
0.511180
0.624107
0.522498
0.695790
0.674199
0.563017
0.591693
0.724596
0.466671
0.588396
0.538031
0.882077
0.625390
0.791679
0.645236
0.484409
0.616595
0.884563
0.519674
0.628221
0.676298
0.802321
0.639306
0.485215
0.606993
0.635565
0.696960
0.667209
0.682385
0.610849
0.552510
0.711280
0.673874
0.480353
0.622560
0.587560
0.705720
0.705477
0.631201
0.742022
0.866679
0.659685
0.460100
0.646910
0.666575
0.655666
0.595644
0.533320
0.529205
0.637472
0.548049
0.675053
0.707021
0.659529
0.640147
0.580320
0.733855
0.613277
0.849252
0.546220
0.603775
0.694992
0.823357
0.653502
0.650200
0.642672
0.703998
0.722795
0.628055
0.531461
0.570463
0.506161
0.536424
0.556289
0.583779
0.683910
0.526944
0.629682
0.617936
0.758270
0.591070
0.564227
0.802726
0.886327
0.621906
0.523864
0.684155
0.690570
0.714217
0.523779
0.585669
0.549872
0.606675
0.569770
0.532712
0.658137
0.385664
0.723783
0.583856
0.573484
0.679146
0.482369
0.768353
0.764810
0.648113
0.528607
0.695570
0.622106
0.747632
0.606352
0.612493
0.480329
0.633585
0.594017
0.725276
0.558124
0.458737
0.666764
0.746034
0.653356
0.721152
0.667252
0.836183
0.775108
0.648662
0.731583
0.709705
0.772023
0.626964
0.539556
0.561824
0.694964
0.704794
0.534814
0.758824
0.638547
0.717948
0.635313
0.487862
0.783951
0.790236
0.629927
0.654413
0.725925
0.848803
0.842868
0.497986
0.566910
0.572858
0.678571
0.546042
0.855936
0.706575
0.740620
0.539725
0.573342
0.635004
0.821818
0.587414
0.618495
0.590830
0.616577
0.627913
0.554677
0.673038
0.595059
0.716713
0.730934
0.509901
0.580148
0.501836
0.379185
0.603327
0.787534
0.495577
0.419458
0.510813
0.509951
0.588786
0.488045
0.449621
0.397865
0.604498
0.701063
0.839446
0.731871
0.833130
0.835690
0.951809
0.876177
0.696924
0.792984
0.699106
0.745376
0.715026
0.621965
0.590403
0.754860
0.763490
0.505578
0.626361
0.778571
0.727337
0.590975
0.511775
0.540598
0.602030
0.748153
0.535727
0.497396
0.598750
0.479002
0.813429
0.618793
0.841492
0.784425
0.738294
0.630165
0.799797
0.718965
0.782712
0.747585
0.764013
0.687045
0.735601
0.641323
0.682465
0.707534
0.619558
0.629022
0.582473
0.654622
0.626565
0.541600
0.495227
0.613900
0.578033
0.807433
0.766129
0.608278
0.541017
0.645674
0.626398
0.686177
0.489168
0.591963
0.501709
0.682913
0.896135
0.691981
0.755861
0.689158
0.672388
0.549532
0.697401
0.694978
0.637971
0.809137
0.810534
0.765219
0.858902
0.837209
0.900544
0.820122
0.753839
0.773829
0.695591
0.567603
0.629365
0.673284
0.742052
0.468517
0.578305
0.616864
0.627179
0.613183
0.645613
0.694514
0.545137
0.558910
0.593553
0.611311
0.603421
0.624529
0.513399
0.615735
0.627122
0.618463
0.582219
0.648261
0.581333
0.597904
0.715757
0.671255
0.669009
0.609581
0.725635
0.467474
0.574603
0.582020
0.486062
0.592463
0.600659
