0.618966
0.697234
0.576388
0.610766
0.861926
0.684676
0.596323
0.725057
0.623370
0.685306
0.713302
0.572865
0.657472
0.639728
0.719680
0.580306
0.756608
0.735743
0.647871
0.518254
0.610189
0.769140
0.601366
0.485539
0.660522
0.628490
0.629313
0.667693
0.515365
0.725400
0.871825
0.620230
0.612121
0.694108
0.655022
0.523944
0.749144
0.732135
0.665249
0.538017
0.775191
0.676282
0.734713
0.588658
0.890697
0.442665
0.768278
0.597979
0.662012
0.579641
0.513515
0.653710
0.768257
0.577543
0.514947
0.656998
0.585554
0.493227
0.660192
0.597349
0.549006
0.587192
0.609351
0.493977
0.697329
0.451393
0.540672
0.499020
0.475521
0.597912
0.450984
0.442828
0.550613
0.554362
0.460433
0.508716
0.567112
0.648271
0.698945
0.584810
0.550614
0.473041
0.628709
0.604830
0.672501
0.370441
0.645259
0.491237
0.688751
0.540685
0.559570
0.359380
0.778814
0.765554
0.632742
0.430222
0.470631
0.608404
0.685594
0.787347
0.733104
0.588617
0.751124
0.590358
0.545328
0.694447
0.720941
0.555834
0.588130
0.683368
0.533329
0.698065
0.606421
0.527433
0.599688
0.646084
0.622825
0.718395
0.624463
0.663231
0.637551
0.564889
0.578904
0.673413
0.616138
0.737181
0.668486
0.671089
0.699985
0.704734
0.679208
0.587389
0.571822
0.662188
0.628340
0.650035
0.661373
0.555676
0.621491
0.776731
0.768776
0.610455
0.668293
0.516524
0.621533
0.806320
0.518607
0.445137
0.745907
0.537475
0.511087
0.710709
0.681517
0.528969
0.556874
0.630852
0.602188
0.648896
0.575701
0.591156
0.482950
0.581928
0.660702
0.643452
0.502384
0.578466
0.507379
0.460975
0.529302
0.523454
0.563373
0.718275
0.588037
0.477022
0.562598
0.655054
0.552408
0.584612
0.626008
0.568823
0.603391
0.648880
0.592934
0.588138
0.468867
0.778666
0.530583
0.763728
0.584532
0.504714
0.873524
0.740275
0.584700
0.741976
0.657176
0.619903
0.734498
0.621591
0.616197
0.598808
0.567622
0.604174
0.791701
0.726808
0.706876
0.549513
0.582938
0.788715
0.669885
0.570322
0.692148
0.646690
0.501496
0.620197
0.720589
0.761883
0.903343
0.557030
0.634354
0.664984
0.640123
0.703566
0.558012
0.707042
0.752686
0.593095
0.694290
0.343583
0.702807
0.567752
0.830507
0.761846
0.662598
0.700728
0.700618
0.706476
0.684005
0.751557
0.701274
0.811305
0.759611
0.718257
0.601947
0.706949
0.704085
0.816616
0.692315
0.648706
0.723752
0.667912
0.760395
0.759269
0.744368
0.741795
0.736177
0.687393
0.852589
0.466484
0.785563
0.726629
0.718269
0.673897
0.786343
0.657074
0.760085
0.750495
0.809828
0.706805
0.708269
0.779862
0.656577
0.830154
0.791645
0.747775
0.808515
0.708358
0.860122
0.834133
0.637041
0.396905
0.678950
0.591368
0.561972
0.710524
0.451198
0.508911
0.537780
0.606240
0.650615
0.660020
0.531983
0.625430
0.464579
0.611241
0.675274
0.515761
0.368274
0.592670
0.447024
0.484259
0.537287
0.330896
0.563929
0.679821
0.668681
0.514490
0.563666
0.601261
0.394036
0.660971
0.567733
0.510881
0.663405
0.622777
0.734138
0.627364
0.420927
0.787881
0.606352
0.777397
0.476343
0.547426
0.668614
0.529769
0.480924
0.587051
0.495806
0.407717
0.483754
0.414856
0.637858
0.626055
0.495933
0.564651
0.374772
0.484755
0.609153
0.553179
0.444433
0.495987
0.427519
0.512331
0.407633
0.433186
0.495795
0.688214
0.501647
0.532117
0.431887
0.717585
0.493529
0.601473
0.542993
0.467083
0.579429
0.476261
0.582050
0.508959
0.341596
0.745273
0.511209
0.614452
0.562664
0.529228
0.695744
0.752708
0.797684
0.654398
0.759537
0.633003
0.684236
0.653147
0.744580
0.786487
0.542100
0.602100
0.741610
0.717868
0.704897
0.731273
0.776983
0.696247
0.684649
0.701524
0.706713
0.699107
0.705902
0.783402
0.692803
0.716377
0.746785
0.753047
0.735758
0.697549
0.738415
0.649744
0.854603
0.766293
0.798239
0.608211
0.767092
0.837871
0.722782
0.641446
0.650352
0.447155
0.548354
0.698111
0.532408
0.537427
0.596233
0.615197
0.552660
0.509906
0.568894
0.422383
0.646103
0.602904
0.661871
0.510556
0.642659
0.606552
0.522195
0.511820
0.606319
0.571638
0.603645
0.487982
0.591280
0.673802
0.580471
0.585256
0.482713
0.594076
0.544596
0.542380
0.634217
0.719498
0.632242
0.478887
0.742522
0.630571
0.693280
0.563881
0.438298
0.699618
0.663160
0.483577
0.625847
0.581616
0.638915
0.787129
0.542393
0.592492
0.496481
0.482507
0.662400
0.679397
0.540656
0.515020
0.609934
0.488215
0.519360
0.626388
0.567349
0.725186
0.529747
0.611570
0.619646
0.732985
0.618151
0.386115
0.474786
0.583112
0.563201
0.533562
0.654965
0.414913
0.479400
0.749738
0.634436
0.500983
0.571524
0.542994
0.742501
0.587105
0.698205
0.669053
0.756804
0.691178
0.574401
0.647262
0.574490
0.585097
0.530562
0.711481
0.622789
0.749790
0.682347
0.690651
0.617261
0.688317
0.658549
0.770882
0.582850
0.735204
0.695414
0.697271
0.721292
0.747792
0.656178
0.606040
0.689565
0.805655
0.726545
0.677321
0.582655
0.729533
0.769358
0.788338
0.708067
0.608413
0.575084
0.610485
0.661707
0.586002
0.721987
0.644079
0.699024
0.527066
0.606309
0.692536
0.457220
0.468014
0.674199
0.486667
0.591554
0.589521
0.553070
0.692194
0.756389
0.645566
0.684691
0.497282
0.518834
0.456912
0.706054
0.564560
0.544409
0.629339
0.700859
0.624446
0.699548
0.504529
0.664562
0.629237
0.746269
0.515449
0.636168
0.518459
0.525527
0.592464
0.632796
0.578237
0.550284
0.451830
0.522739
0.594464
0.571466
0.558027
0.515940
0.516649
0.538292
0.316530
0.566839
0.551194
0.720504
0.506936
0.590824
0.492429
0.714385
0.551510
0.593797
0.456331
0.461768
0.583175
0.487738
0.610473
0.483417
0.497093
0.751332
0.571942
0.625519
0.555803
0.521397
0.554475
0.503925
0.612082
0.546046
0.612170
0.456024
0.587729
0.659997
0.449563
0.459916
0.561794
0.524140
0.388982
0.476939
0.602061
0.647874
0.725239
0.538272
0.626743
0.593830
0.611652
0.532824
0.586770
0.633180
0.669804
0.567039
0.603179
0.606078
0.660215
0.503659
0.664773
0.648942
0.732618
0.595663
0.565259
0.659341
0.669227
0.601638
0.600600
0.445492
0.585676
0.654068
0.669002
0.559179
0.612660
0.572001
0.546977
0.432732
0.646363
0.715082
0.786734
0.561034
0.657211
0.519491
0.740240
0.585076
0.600124
0.602608
0.616793
0.695367
0.465246
0.624896
0.608620
0.560329
0.831303
0.608272
0.695444
0.675520
0.611925
0.664114
0.619903
0.536798
0.536351
0.620614
0.698375
0.471890
0.498983
0.669041
0.651420
0.501698
0.596316
0.547303
0.620638
0.769120
0.683132
0.617074
0.682754
0.698327
0.605431
0.624695
0.611861
0.710930
0.484739
0.674970
0.656810
0.670461
0.584318
0.814801
0.746692
0.691251
0.457722
0.522132
0.613582
0.637963
0.560138
0.704582
0.666825
0.704449
0.692579
0.689846
0.638775
0.678181
0.664368
0.689164
0.677712
0.538953
0.724040
0.670506
0.624928
0.638836
0.677893
0.802361
0.765760
0.623684
0.682577
0.734839
0.840812
0.768733
0.661563
0.741941
0.722176
0.854351
0.739424
0.463419
0.542951
0.487921
0.567570
0.575893
0.599784
0.426974
0.552727
0.528596
0.549971
0.479499
0.597451
0.664785
0.610355
0.636016
0.505555
0.571509
0.573097
0.593106
0.670710
0.477677
0.658258
0.615183
0.554805
0.683369
0.636110
0.459331
0.793083
0.687485
0.786015
0.593968
0.432115
0.477695
0.598359
0.595748
0.640795
0.582576
0.561510
0.636544
0.562443
0.523906
0.534377
0.630144
0.638499
0.668028
0.507849
0.649171
0.534384
0.687291
0.712349
0.574474
0.608760
0.606527
0.603381
0.718685
0.560557
0.590979
0.859001
0.636221
0.647946
0.557832
0.398277
0.540764
0.578097
0.487097
0.420402
0.500499
0.434439
0.466970
0.397101
0.395829
0.618280
0.663730
0.533618
0.500515
0.486391
0.570180
0.480909
0.584750
0.552883
0.488608
0.559085
0.560602
0.555633
0.506520
0.432074
0.728310
0.500064
0.603952
0.479418
0.487770
0.671442
0.634102
0.511977
0.561663
0.579990
0.473006
0.519644
0.630150
0.678407
0.827664
0.572419
0.543729
0.548768
0.716984
0.600964
0.676301
0.483275
0.584166
0.543478
0.613342
0.596440
0.576170
0.410171
0.806022
0.611272
0.620960
0.675075
0.537179
0.665372
0.620157
0.697552
0.542213
0.631662
0.557102
0.644590
0.697893
0.651623
0.659391
0.651812
0.637201
0.640577
0.655158
0.743224
0.653308
0.561773
0.680892
0.677416
0.766921
0.617181
0.589397
0.728652
0.730273
0.776027
0.643849
0.548298
0.428350
0.619592
0.578604
0.551494
0.593172
0.528039
0.697183
0.709506
0.657848
0.662367
0.576517
0.637173
0.474009
0.682446
0.621561
0.615267
0.596633
0.734821
0.651428
0.656559
0.512462
0.762897
0.688759
0.729365
0.355006
0.620433
0.517379
0.500904
0.333137
0.533345
0.393911
0.643484
0.709777
0.507546
0.509767
0.630957
0.554544
0.332911
0.551685
0.562772
0.597586
0.540364
0.641812
0.604998
0.579261
0.394407
0.748736
0.556324
0.679886
0.363143
0.545067
0.582669
0.537115
0.488189
0.518897
0.654141
0.771330
0.608556
0.603823
0.612878
0.650020
0.631565
0.716976
0.586711
0.674691
0.670828
0.607952
0.743126
0.422515
0.491685
0.779275
0.580634
0.563501
0.632963
0.648450
0.452243
0.485031
0.468204
0.618280
0.646497
0.582408
0.559382
0.384460
0.530096
0.501686
0.679173
0.617992
0.505448
0.614139
0.631185
0.628857
0.603457
0.502306
0.686555
0.571425
0.720797
0.614172
0.542424
0.583352
0.561220
0.670938
0.722888
0.522327
0.513148
0.603782
0.584241
0.541410
0.592778
0.536421
0.611881
0.517864
0.595274
0.557306
0.608925
0.370065
0.694634
0.705956
0.559462
0.529053
0.569709
0.533693
0.587313
0.715322
0.490239
0.589100
0.449756
0.662294
0.533976
0.578556
0.492582
0.516149
0.616973
0.401289
0.648053
0.520188
0.506080
0.758924
0.474896
0.696867
0.624753
0.511962
0.650807
0.750550
0.646569
0.504555
0.608157
0.622031
0.448622
0.690961
0.639830
0.618142
0.683164
0.645821
0.731548
0.591461
0.484818
0.807304
0.530685
0.712800
0.413523
0.607380
0.555900
0.654784
0.712811
0.617193
0.711591
0.645558
0.527472
0.593744
0.572749
0.686297
0.691329
0.767194
0.640351
0.572275
0.821677
0.677667
0.743913
0.620757
0.542336
0.806746
0.783473
0.692737
0.636109
0.712406
0.704924
0.723779
0.686480
0.773245
0.777683
0.877038
0.762492
0.695098
0.799900
0.801138
0.906968
0.753390
0.508370
0.653850
0.555788
0.626845
0.567010
0.484211
0.561237
0.542752
0.526348
0.678317
0.581000
0.559670
0.459022
0.645537
0.666061
0.734242
0.593627
0.587869
0.460392
0.553966
0.573646
0.709033
0.603308
0.581117
0.609778
0.643252
0.681481
0.659020
0.421922
0.909777
0.629329
0.775198
0.613821
0.490471
0.674999
0.580555
0.716023
0.508472
0.533267
0.653133
0.573569
0.678913
0.648596
0.493904
0.811671
0.553859
0.767481
0.687774
0.614090
0.595552
0.782508
0.691233
0.627501
0.604391
0.736116
0.606349
0.721599
0.591567
0.702330
0.686744
0.834353
0.609414
0.497630
0.628167
0.645560
0.578745
0.611614
0.734362
0.700399
0.664151
0.496290
0.779322
0.555590
0.816401
0.502809
0.613889
0.599558
0.652638
0.641130
0.710549
0.612288
0.652792
0.566638
0.801732
0.741402
0.728903
0.592857
0.578367
0.611817
0.599220
0.573427
0.678640
0.580005
0.393217
0.798724
0.761721
0.605858
0.614588
0.505816
0.642769
0.671906
0.718952
0.498933
0.510727
0.774149
0.553051
0.730495
0.596056
0.497724
0.724701
0.601170
0.630068
0.521740
0.746589
0.723145
0.682063
0.549579
0.537460
0.734118
0.669147
0.660464
0.916795
0.473624
0.700408
0.756670
0.653482
0.664083
0.584804
0.768861
0.769460
0.759715
0.637703
0.637436
0.552957
0.793715
0.647425
0.561486
0.607147
0.571255
0.696574
0.669048
0.624113
0.482406
0.469595
0.934569
0.809863
0.702611
0.732196
0.843688
0.679378
0.664962
0.695088
0.786758
0.568976
