0.534623
0.689422
0.592165
0.592431
0.642139
0.565097
0.627424
0.667375
0.558997
0.532234
0.568600
0.520809
0.778318
0.670912
0.615754
0.661622
0.600502
0.606239
0.591679
0.582199
0.553476
0.504186
0.668460
0.568227
0.476868
0.776846
0.573718
0.617961
0.683167
0.558542
0.730853
0.631482
0.574085
0.633178
0.617545
0.644743
0.713099
0.677757
0.567443
0.536367
0.713889
0.616846
0.571378
0.670496
0.634828
0.621065
0.548587
0.744100
0.472741
0.698827
0.450134
0.411031
0.676381
0.585619
0.500104
0.596532
0.629823
0.586735
0.454714
0.481021
0.674495
0.570016
0.551567
0.552612
0.471079
0.506326
0.542619
0.468639
0.555211
0.493168
0.562870
0.467630
0.539370
0.701742
0.501429
0.552246
0.679013
0.423021
0.609659
0.527402
0.633987
0.554797
0.442547
0.578490
0.623831
0.509732
0.581088
0.563519
0.676646
0.615890
0.568450
0.440670
0.609813
0.619658
0.465652
0.571912
0.380949
0.762274
0.794077
0.812863
0.844712
0.788552
0.786441
0.751311
0.569482
0.755455
0.777727
0.719635
0.755808
0.868721
0.701325
0.678651
0.693339
0.752337
0.697693
0.617779
0.524463
0.737431
0.807219
0.747409
0.866545
0.571030
0.806120
0.697182
0.635079
0.763001
0.803604
0.801627
0.570553
0.759759
0.716760
0.886029
0.718983
0.744322
0.781297
0.837852
0.694983
0.804013
0.884378
0.800156
0.709016
0.768506
0.855829
0.638258
0.554050
0.782929
0.622488
0.567863
0.690904
0.581627
0.689134
0.645735
0.590045
0.688987
0.704843
0.677560
0.724765
0.567614
0.546626
0.633415
0.571389
0.558486
0.635564
0.625783
0.604441
0.598868
0.811794
0.662571
0.641063
0.787345
0.583884
0.678396
0.569888
0.670593
0.619805
0.489997
0.674424
0.694355
0.642105
0.714818
0.590412
0.691982
0.747576
0.617570
0.529274
0.704801
0.584253
0.608521
0.659736
0.394318
0.862429
0.699529
0.661943
0.692896
0.627356
0.679109
0.599843
0.616686
0.807411
0.653758
0.746036
0.623495
0.623947
0.656882
0.712533
0.586322
0.651923
0.606153
0.768649
0.673727
0.598073
0.721387
0.587420
0.673418
0.871509
0.551003
0.686614
0.652973
0.706005
0.729774
0.597466
0.703416
0.758021
0.632472
0.713041
0.615182
0.722029
0.704289
0.652844
0.601318
0.717149
0.501058
0.576888
0.683615
0.467981
0.736736
0.789280
0.747979
0.813126
0.762405
0.853947
0.618486
0.897044
0.808479
0.701498
0.810549
0.778974
0.795868
0.693903
0.704580
0.780667
0.821317
0.741481
0.718436
0.606345
0.873323
0.756433
0.809413
0.754538
0.716289
0.862886
0.827005
0.791838
0.828656
0.682190
0.707644
0.700332
0.698245
0.469044
0.697394
0.787174
0.878056
0.812379
0.750570
0.764907
0.742636
0.666640
0.821768
0.729271
0.462051
0.756339
0.759374
0.674510
0.742686
0.454816
0.790021
0.731608
0.616689
0.744330
0.746152
0.687044
0.681973
0.661395
0.656095
0.642139
0.530695
0.694080
0.565249
0.830955
0.729829
0.731180
0.739118
0.521807
0.863498
0.705275
0.668777
0.633264
0.730464
0.692497
0.761119
0.720124
0.640162
0.650479
0.828473
0.720603
0.718154
0.602419
0.756154
0.749592
0.625498
0.750226
0.538026
0.826749
0.749421
0.638312
0.610863
0.557860
0.675217
0.742880
0.637050
0.759870
0.651232
0.538156
0.728574
0.636652
0.654428
0.595932
0.525334
0.645147
0.543935
0.933469
0.611980
0.627816
0.725926
0.360440
0.764054
0.603609
0.692320
0.580699
0.676257
0.630292
0.757845
0.609484
0.651417
0.761392
0.784631
0.582411
0.612689
0.576454
0.673340
0.702992
0.635707
0.656643
0.383462
0.626560
0.706968
0.557203
0.582722
0.774550
0.575240
0.715856
0.693464
0.710549
0.723631
0.546827
0.607066
0.667371
0.689553
0.623226
0.708962
0.693338
0.751595
0.686899
0.833432
0.601368
0.763296
0.693509
0.820272
0.753393
0.764985
0.753630
0.767796
0.814179
0.670884
0.766575
0.612529
0.761687
0.798986
0.830653
0.758032
0.861404
0.569110
0.503857
0.718407
0.613379
0.674131
0.611403
0.694983
0.722084
0.653190
0.759785
0.793165
0.686863
0.657126
0.661338
0.663241
0.679390
0.660991
0.684033
0.744958
0.680106
0.766347
0.641876
0.801709
0.752699
0.739902
0.725350
0.725462
0.745405
0.748294
0.642490
0.765409
0.837544
0.779804
0.788370
0.672615
0.764302
0.666015
0.772108
0.762504
0.848938
0.586863
0.579392
0.753249
0.600731
0.655824
0.571804
0.697810
0.595304
0.727253
0.583319
0.638750
0.467273
0.587318
0.591852
0.519486
0.461401
0.661582
0.661684
0.660467
0.720883
0.669038
0.710763
0.710124
0.610425
0.774169
0.709715
0.746916
0.573859
0.718587
0.672411
0.756323
0.660773
0.660275
0.644524
0.797146
0.700037
0.675829
0.749941
0.775629
0.698280
0.646081
0.735869
0.497220
0.610613
0.667836
0.527830
0.688812
0.626510
0.524467
0.584697
0.624356
0.561051
0.613649
0.542698
0.610712
0.643338
0.578159
0.723578
0.490872
0.559635
0.721568
0.516967
0.539881
0.543271
0.585566
0.652959
0.661759
0.700368
0.791562
0.583317
0.754571
0.615558
0.722557
0.487285
0.687073
0.607337
0.622215
0.553289
0.548963
0.637647
0.437723
0.690625
0.663599
0.525195
0.666188
0.665565
0.522580
0.560180
0.512423
0.489775
0.650620
0.378085
0.531456
0.431092
0.836386
0.666221
0.720144
0.575233
0.534685
0.756298
0.707050
0.597558
0.634463
0.597862
0.588891
0.639056
0.587242
0.548443
0.624994
0.629937
0.701631
0.702857
0.582785
0.623750
0.493049
0.491534
0.642277
0.403948
0.865989
0.766285
0.857521
0.619435
0.625218
0.788035
0.624826
0.667581
0.653840
0.534244
0.795265
0.861158
0.994682
0.695713
0.763772
0.660058
0.717500
0.793169
0.790399
0.843680
0.560330
0.812648
0.819485
0.834832
0.668345
0.803950
0.916756
0.881044
0.777190
0.836778
0.799258
0.838358
0.783697
0.890180
0.617567
0.615989
0.690177
0.734817
0.591688
0.809394
0.483435
0.635311
0.584149
0.689614
0.679972
0.749433
0.725521
0.538043
0.579543
0.718059
0.799035
0.690605
0.653159
0.754332
0.673941
0.688558
0.740117
0.732157
0.767905
0.792115
0.747675
0.446769
0.838292
0.712340
0.715326
0.694448
0.870547
0.640193
0.542276
0.674796
0.603410
0.741368
0.656832
0.638753
0.682241
0.691191
0.643934
0.707777
0.605064
0.656596
0.618536
0.893320
0.718644
0.682612
0.755797
0.706411
0.849208
0.739086
0.657406
0.706995
0.620489
0.681619
0.636599
0.674181
0.618842
0.627835
0.689788
0.726945
0.829088
0.625041
0.743795
0.674689
0.584287
0.684807
0.600770
0.643987
0.650823
0.690653
0.647905
0.629097
0.503979
0.765603
0.581421
0.688302
0.784668
0.656775
0.690596
0.784381
0.710414
0.704338
0.676555
0.730364
0.602558
0.743371
0.701193
0.778458
0.578362
0.752007
0.691858
0.740927
0.664165
0.720194
0.684567
0.715802
0.717741
0.679844
0.747977
0.573599
0.625098
0.682369
0.524653
0.613961
0.550582
0.628533
0.560987
0.703467
0.775716
0.501691
0.613769
0.725034
0.614192
0.518351
0.584312
0.689789
0.603908
0.622625
0.745255
0.736994
0.637741
0.743585
0.596573
0.727713
0.710139
0.603175
0.613924
0.726487
0.722310
0.718773
0.457627
0.463198
0.661092
0.626840
0.586116
0.625486
0.559167
0.576572
0.661110
0.915586
0.675394
0.654057
0.653257
0.600461
0.738303
0.617414
0.741527
0.598370
0.580262
0.645293
0.722957
0.555602
0.633357
0.738844
0.714295
0.676909
0.664934
0.638953
0.731873
0.686350
0.674796
0.639329
0.413529
0.592151
0.555545
0.696314
0.599187
0.693953
0.630875
0.604679
0.646977
0.732583
0.729124
0.683460
0.624030
0.709196
0.711184
0.698484
0.677632
0.697278
0.695053
0.723334
0.704810
0.512416
0.731671
0.772686
0.715327
0.634771
0.773573
0.654278
0.481711
0.688520
0.546885
0.545191
0.588409
0.591587
0.574035
0.592740
0.784396
0.603414
0.641981
0.625854
0.572810
0.652751
0.663992
0.683605
0.551521
0.684903
0.625261
0.690851
0.539085
0.641227
0.663526
0.738183
0.663387
0.700701
0.699624
0.714417
0.580061
0.629796
0.572577
0.450893
0.574604
0.536149
0.531784
0.600275
0.845943
0.679881
0.644645
0.611602
0.666147
0.707855
0.678441
0.659795
0.541592
0.595759
0.674389
0.660482
0.609544
0.707580
0.497435
0.741653
0.703442
0.693461
0.629065
0.740485
0.580300
0.619240
0.585507
0.415292
0.698035
0.585370
0.555306
0.731456
0.518542
0.650202
0.697455
0.522982
0.715210
0.643583
0.668364
0.442115
0.666309
0.598282
0.817646
0.561720
0.656619
0.659181
0.791828
0.661599
0.678434
0.675330
0.629887
0.660813
0.699984
0.768673
0.498519
0.623082
0.634518
0.823318
0.645692
0.750410
0.462316
0.636676
0.758462
0.661449
0.713960
0.559313
0.714278
0.644365
0.662095
0.673374
0.675677
0.740338
0.733772
0.668304
0.725401
0.656504
0.784842
0.615703
0.588945
0.582616
0.477491
0.632707
0.859533
0.732663
0.599560
0.637117
0.593058
0.699614
0.587358
0.679625
0.650937
0.602835
0.615047
0.579263
0.551295
0.673277
0.634166
0.672440
0.643214
0.659708
0.586286
0.564178
0.686695
0.735562
0.652687
0.494856
0.841891
0.585881
0.645161
0.744262
0.484147
0.748107
0.601874
0.516393
0.587634
0.558969
0.500778
0.657529
0.604158
0.458387
0.622696
0.649124
0.704266
0.679834
0.594818
0.541272
0.541756
0.560710
0.795996
0.485762
0.800535
0.854749
0.923835
0.795858
0.756808
0.780120
0.813213
0.877034
0.747639
0.828796
0.821841
0.891721
0.848744
0.655368
0.873737
0.862932
0.796247
0.803261
0.944043
0.795085
0.624620
0.861267
0.777161
0.734445
0.733754
0.550816
0.588012
0.648062
0.714445
0.631457
0.748091
0.668528
0.835624
0.631107
0.676536
0.688783
0.771088
0.638948
0.670411
0.705785
0.748727
0.636783
0.601210
0.680894
0.511334
0.817281
0.586759
0.647381
0.562808
0.689303
0.657507
0.540267
0.645821
0.683807
0.635782
0.678869
0.654932
0.773843
0.667574
0.691511
0.607578
0.549703
0.809874
0.681718
0.747910
0.545057
0.739023
0.780604
0.838891
0.753008
0.590141
0.846109
0.700587
0.830440
0.709339
0.651537
0.804234
0.758989
0.766031
0.907107
0.790732
0.817787
0.685244
0.741977
0.730077
0.682702
0.718761
0.584972
0.619959
0.667771
0.606122
0.598832
0.757651
0.540529
0.541285
0.732647
0.729695
0.611954
0.676443
0.604607
0.644850
0.647358
0.627134
0.712355
0.448080
0.480504
0.748872
0.762531
0.698096
0.649920
0.763530
0.654219
0.837430
0.630107
0.709870
0.764714
0.662774
0.496414
0.671957
0.738330
0.652346
0.693985
0.591511
0.674368
0.669361
0.605124
0.499594
0.693832
0.640839
0.799807
0.738227
0.793990
0.655759
0.642171
0.352877
0.496587
0.736458
0.662421
0.680029
0.475877
0.636172
0.638821
0.645886
0.752694
0.744047
0.614267
0.641577
0.692010
0.681237
0.608265
0.705348
0.707926
0.650735
0.691830
0.806706
0.602433
0.681415
0.606525
0.704563
0.662210
0.655466
0.727111
0.727427
0.625460
0.703787
0.707542
0.718977
0.660290
0.732995
0.729924
0.527338
0.669230
0.623924
0.677054
0.640051
0.617496
0.574807
0.752481
0.708757
0.551911
0.650380
0.653615
0.590055
0.748049
0.478733
0.617881
0.669941
0.536553
0.661567
0.795539
0.727169
0.740001
0.536503
0.471270
0.694381
0.603466
0.779365
0.574299
0.791512
0.657999
0.778779
0.680483
0.763627
0.697099
0.658089
0.585427
0.805541
0.711170
0.813226
0.622823
0.650519
0.696392
0.718231
0.683351
0.756750
0.632767
0.619030
0.654956
0.665605
0.708693
0.528598
0.709542
0.762037
0.744287
0.780260
0.711823
0.691154
0.734307
0.681697
0.775232
0.619411
0.780092
0.728262
0.625028
0.640673
0.759445
0.660894
0.490840
0.669925
0.532495
0.832820
0.792289
0.719650
0.718669
0.588510
0.658627
0.838884
0.696345
0.753706
0.721796
0.708986
0.723051
0.651348
0.765258
0.579124
0.653852
0.609551
0.761384
0.701140
0.711218
0.527758
0.468613
0.711222
0.570540
0.641938
0.483703
0.728051
0.714199
0.838927
0.582256
0.539492
0.746771
0.432428
0.738240
0.511925
0.503048
