0.113899
0.062523
0.062828
0.053125
0.054396
0.134262
0.062059
0.035418
0.016119
0.175089
0.109281
0.062863
0.079391
0.025641
0.046496
0.087646
0.088325
0.065278
0.089283
0.068429
0.087597
0.091408
0.168480
0.061535
0.051243
0.088952
0.049306
0.069284
0.047503
0.087794
0.074366
0.086116
0.059546
0.109735
0.034106
0.045222
0.092861
0.155159
0.251125
0.097679
0.074019
0.040033
0.150708
0.112139
0.054940
0.083796
0.106704
0.033822
0.059360
0.189633
0.042317
0.062033
0.092079
0.009954
0.021446
0.038519
0.126583
0.128522
0.030439
0.031372
0.133284
0.104789
0.030021
0.035808
0.014727
0.239191
0.040373
0.217985
0.058866
0.012042
0.088135
0.039586
0.150199
0.042225
0.148147
0.035899
0.157688
0.042081
0.048597
0.025982
0.094933
0.042676
0.061600
0.191309
0.009942
0.023399
0.153024
0.034620
0.021930
0.074777
0.017456
0.027606
0.067107
0.031201
0.235337
0.070202
0.088664
0.143658
0.142069
0.119362
0.209204
0.140469
0.098133
0.037565
0.140539
0.212730
0.117413
0.037619
0.044985
0.108648
0.177919
0.139122
0.128056
0.132552
0.007743
0.162178
0.152269
0.166433
0.123412
0.020039
0.171414
0.031705
0.157826
0.024854
0.157549
0.180616
0.148807
0.062307
0.186891
0.070241
0.117293
0.173493
0.231016
0.246955
0.121582
0.155069
0.111632
0.224187
0.224871
0.060154
0.157896
0.054423
0.068503
0.080230
0.025778
0.092882
0.050824
0.010353
0.026269
0.073619
0.145844
0.049930
0.035768
0.117130
0.044534
0.027636
0.014864
0.047414
0.156711
0.021001
0.163575
0.025164
0.034030
0.136946
0.005922
0.102645
0.061943
0.099297
0.008014
0.095602
0.007971
0.021771
0.030546
0.055293
0.067930
0.055185
0.140033
0.034617
0.076814
0.227238
0.066582
0.022350
0.020909
0.055836
0.031278
0.067807
0.011388
0.167036
0.028285
0.106588
0.086906
0.076222
0.026479
0.028984
0.064901
0.181316
0.060347
0.033232
0.122349
0.055820
0.029248
0.047988
0.060950
0.143679
0.054913
0.163078
0.041946
0.046570
0.153455
0.034127
0.107320
0.078879
0.113719
0.023806
0.105544
0.049277
0.015812
0.035655
0.064607
0.053863
0.048154
0.113269
0.041095
0.098752
0.236377
0.082038
0.033034
0.027429
0.085812
0.040241
0.070245
0.045453
0.190864
0.035275
0.107674
0.109746
0.078692
0.047936
0.067879
0.212000
0.067748
0.081479
0.125893
0.095702
0.049013
0.080013
0.083292
0.104508
0.117227
0.129252
0.098531
0.083319
0.190105
0.093374
0.108044
0.037616
0.108115
0.086213
0.119869
0.115497
0.091399
0.110270
0.129530
0.134720
0.040039
0.056757
0.077451
0.108261
0.257343
0.103859
0.091794
0.078330
0.101171
0.094374
0.087528
0.094113
0.196934
0.093363
0.027623
0.030484
0.044769
0.148630
0.128714
0.033167
0.047620
0.145731
0.117696
0.037742
0.036542
0.018213
0.258498
0.039837
0.239408
0.063538
0.014293
0.087280
0.046354
0.163471
0.052390
0.160219
0.038953
0.169471
0.044457
0.054226
0.031451
0.105045
0.049466
0.072152
0.213947
0.017157
0.028433
0.146393
0.039132
0.029828
0.086808
0.015410
0.030868
0.077408
0.043876
0.247105
0.082308
0.104140
0.015711
0.074288
0.120563
0.033733
0.022995
0.098486
0.052324
0.013795
0.018813
0.022400
0.172804
0.021817
0.162746
0.030926
0.015542
0.100115
0.011149
0.098675
0.044892
0.095385
0.010297
0.099599
0.014715
0.024403
0.014868
0.052936
0.040489
0.038701
0.143121
0.018029
0.050767
0.178149
0.039210
0.008986
0.031340
0.043078
0.024570
0.049591
0.015284
0.171400
0.030800
0.080782
0.046498
0.125076
0.042055
0.022012
0.074586
0.036789
0.006390
0.032047
0.023157
0.130906
0.034311
0.117074
0.041216
0.023133
0.104181
0.023608
0.068104
0.041463
0.067119
0.021863
0.071219
0.035818
0.032022
0.029066
0.047231
0.050894
0.014950
0.098598
0.026508
0.069637
0.175788
0.039280
0.025533
0.027397
0.060094
0.044564
0.029975
0.037030
0.144248
0.022008
0.046732
0.136761
0.137676
0.062737
0.047468
0.019197
0.056290
0.106209
0.091616
0.098846
0.088090
0.041277
0.108792
0.095119
0.143485
0.065844
0.023993
0.115420
0.027649
0.088457
0.022310
0.095249
0.097698
0.084592
0.037710
0.123450
0.037911
0.068594
0.103509
0.164391
0.224773
0.086948
0.081954
0.058186
0.158716
0.140697
0.039691
0.091053
0.072193
0.032534
0.059669
0.196062
0.118938
0.049464
0.119633
0.121789
0.171781
0.081080
0.351865
0.097142
0.158892
0.182332
0.099207
0.035076
0.115913
0.091377
0.191746
0.089668
0.164982
0.105601
0.123235
0.204329
0.084231
0.062414
0.128658
0.115783
0.305369
0.135239
0.152636
0.067788
0.050384
0.115377
0.180996
0.162982
0.204898
0.061719
0.140432
0.115598
0.109689
0.134771
0.058888
0.174980
0.123627
0.029438
0.022454
0.043127
0.194057
0.070383
0.237496
0.037843
0.030896
0.160434
0.056622
0.172223
0.014765
0.170020
0.038123
0.181497
0.057066
0.044119
0.056864
0.138069
0.077484
0.060204
0.156614
0.024447
0.036537
0.230397
0.085608
0.041194
0.062651
0.037872
0.017415
0.103755
0.044381
0.269218
0.096947
0.095405
0.084398
0.052686
0.017632
0.047668
0.024774
0.178844
0.036296
0.141825
0.054773
0.021080
0.087651
0.030867
0.088767
0.065554
0.095927
0.039219
0.091513
0.045464
0.037580
0.025903
0.048656
0.033907
0.039500
0.139885
0.021156
0.054862
0.167967
0.039116
0.029624
0.043142
0.052846
0.054861
0.030406
0.031765
0.171682
0.028876
0.078484
0.047881
0.080013
0.150968
0.078891
0.208045
0.090328
0.048428
0.144823
0.094661
0.070533
0.092208
0.014818
0.152716
0.020242
0.130778
0.026590
0.115835
0.159778
0.083172
0.026725
0.117531
0.052935
0.175974
0.124378
0.166016
0.128461
0.053750
0.102783
0.115523
0.171378
0.187107
0.023953
0.124767
0.052513
0.056540
0.068710
0.047404
0.077727
0.076626
0.108198
0.053043
0.052510
0.075302
0.078054
0.126901
0.036783
0.027195
0.111629
0.028713
0.057566
0.017680
0.056821
0.077222
0.064436
0.018657
0.102277
0.041385
0.099008
0.089935
0.149242
0.219244
0.072058
0.061750
0.038443
0.133137
0.115619
0.035785
0.066388
0.064403
0.011127
0.079967
0.026871
0.018865
0.144960
0.035613
0.129057
0.036040
0.015952
0.100672
0.025411
0.076681
0.031516
0.078859
0.024587
0.083587
0.035639
0.032945
0.024920
0.053938
0.045850
0.014423
0.106618
0.019054
0.052736
0.172458
0.039033
0.022731
0.032159
0.051080
0.037858
0.031727
0.031527
0.158700
0.030210
0.047911
0.047410
0.164033
0.033318
0.198977
0.024073
0.031183
0.155785
0.020465
0.135520
0.033005
0.131335
0.015596
0.134244
0.019148
0.030190
0.046770
0.095227
0.083658
0.061202
0.145930
0.029572
0.052817
0.239136
0.080648
0.031733
0.033869
0.037083
0.022009
0.089924
0.015908
0.211679
0.058245
0.104610
0.223233
0.034252
0.164926
0.065453
0.007617
0.051881
0.037167
0.099906
0.048284
0.098692
0.042621
0.111480
0.044536
0.058358
0.015723
0.060746
0.033958
0.036443
0.176186
0.014937
0.036239
0.108253
0.014812
0.022067
0.069345
0.038864
0.047959
0.031420
0.041007
0.178226
0.051519
0.062315
0.201524
0.132619
0.161350
0.215273
0.344582
0.164682
0.148154
0.156702
0.146971
0.158487
0.138670
0.199000
0.161183
0.229053
0.187586
0.252315
0.127241
0.037135
0.214280
0.275140
0.434954
0.249681
0.198766
0.096024
0.260913
0.208529
0.189553
0.184759
0.211814
0.129596
0.148903
0.160596
0.040243
0.027784
0.092352
0.011977
0.089915
0.083675
0.090660
0.029396
0.089894
0.016559
0.046527
0.030631
0.044850
0.066533
0.058233
0.180509
0.040977
0.076178
0.164935
0.043561
0.033056
0.043320
0.052813
0.058794
0.053173
0.024568
0.156281
0.030129
0.108741
0.188329
0.180767
0.191332
0.143784
0.022884
0.191367
0.031314
0.180449
0.025021
0.178003
0.207084
0.171793
0.074136
0.215433
0.084828
0.119218
0.200413
0.260270
0.273390
0.142864
0.174487
0.135060
0.252999
0.251716
0.075323
0.182670
0.039165
0.085343
0.087940
0.048361
0.176389
0.029935
0.128245
0.053414
0.130750
0.027271
0.126590
0.031181
0.033976
0.062590
0.094551
0.084507
0.059365
0.153185
0.050924
0.087225
0.262899
0.098626
0.051075
0.023800
0.067930
0.038082
0.094065
0.034008
0.209502
0.053917
0.120233
0.069681
0.028930
0.108720
0.043593
0.109869
0.030209
0.117382
0.034675
0.041113
0.014229
0.064928
0.035777
0.040600
0.175198
0.008180
0.025575
0.134858
0.025707
0.019364
0.056727
0.027541
0.033725
0.042433
0.028113
0.195115
0.049753
0.076955
0.111966
0.120739
0.167225
0.122029
0.140604
0.134743
0.122019
0.162822
0.060253
0.075265
0.081483
0.108174
0.292637
0.091237
0.105045
0.049234
0.028400
0.085310
0.172783
0.121441
0.162456
0.054148
0.126702
0.172310
0.107848
0.126437
0.083439
0.065199
0.081919
0.013814
0.078793
0.008021
0.032519
0.026121
0.039722
0.062819
0.048717
0.144494
0.033546
0.075884
0.195208
0.050774
0.020807
0.026139
0.056213
0.042086
0.052305
0.011956
0.143781
0.022050
0.095582
0.146525
0.006153
0.120841
0.006311
0.109783
0.146233
0.098693
0.027703
0.144179
0.046514
0.125134
0.134306
0.189254
0.191918
0.080939
0.108140
0.091410
0.183025
0.184730
0.034037
0.119308
0.031473
0.044123
0.067762
0.142580
0.052582
0.159285
0.071612
0.065956
0.075630
0.137408
0.096599
0.048762
0.123438
0.038595
0.048573
0.234339
0.087609
0.057324
0.063208
0.050164
0.039035
0.094272
0.052585
0.237624
0.095362
0.059018
0.117792
0.009526
0.103999
0.150324
0.099001
0.031929
0.143966
0.049271
0.126467
0.137007
0.189478
0.188478
0.079972
0.105540
0.093284
0.183665
0.183217
0.038472
0.118571
0.025765
0.046631
0.065283
0.114697
0.015636
0.013839
0.029888
0.070436
0.056626
0.054258
0.138413
0.027707
0.068573
0.225742
0.066460
0.020788
0.026929
0.048217
0.016854
0.074548
0.021363
0.195513
0.036602
0.102815
0.103523
0.141269
0.104179
0.025008
0.148998
0.057534
0.122552
0.141329
0.201420
0.218549
0.091193
0.109187
0.085836
0.187863
0.186027
0.040988
0.118250
0.028012
0.037028
0.085155
0.039551
0.031381
0.056897
0.072067
0.067524
0.180425
0.038851
0.073809
0.209321
0.059834
0.027120
0.040309
0.053247
0.039782
0.069168
0.013387
0.164889
0.039029
0.115523
0.043555
0.093659
0.056545
0.066123
0.135819
0.030243
0.076875
0.251039
0.089069
0.034642
0.029738
0.057208
0.019535
0.089323
0.035220
0.240050
0.049796
0.123862
0.042040
0.028771
0.048734
0.184678
0.020599
0.053030
0.123555
0.023375
0.010345
0.061688
0.054237
0.042849
0.039181
0.035770
0.166944
0.040591
0.093345
0.080978
0.050344
0.159760
0.084335
0.138901
0.150717
0.043331
0.055262
0.068754
0.128595
0.126270
0.022836
0.071315
0.061772
0.017456
0.092220
0.071682
0.206888
0.038153
0.068389
0.132983
0.049952
0.041132
0.087733
0.073980
0.061569
0.060537
0.070468
0.229057
0.065477
0.116940
0.086584
0.050962
0.091282
0.168715
0.045871
0.048281
0.048256
0.090161
0.078614
0.025703
0.065721
0.120336
0.034046
0.025733
0.166403
0.231798
0.365899
0.195868
0.155913
0.098764
0.217129
0.174637
0.144637
0.162362
0.193220
0.110579
0.093098
0.024661
0.168024
0.039165
0.017890
0.058933
0.023584
0.020062
0.056250
0.025104
0.224433
0.060275
0.085346
0.171813
0.065906
0.053833
0.109039
0.026224
0.047088
0.097612
0.050667
0.287481
0.118272
0.115430
0.086603
0.161338
0.263294
0.193333
0.242388
0.125767
0.218524
0.247499
0.190767
0.176426
0.034070
0.098336
0.061816
0.086140
0.022550
0.064656
0.139728
0.051924
0.062261
0.051605
0.047750
0.029622
0.052055
0.026405
0.173894
0.042163
0.090846
0.093800
0.056075
0.074457
0.037460
0.169860
0.028999
0.103348
0.034043
0.097834
0.040406
0.275138
0.098455
0.112882
0.110078
0.033026
0.276244
0.084756
0.124462
0.071829
0.089351
0.028335
0.047403
0.192394
0.047326
0.109041
0.097894
0.132671
0.079103
