0.031700
0.018688
0.033941
0.021608
0.035775
0.025363
0.015490
0.023859
0.018565
0.018098
0.036284
0.020962
0.023695
0.025327
0.010611
0.185722
0.008740
0.033130
0.051731
0.007823
0.039872
0.012960
0.019740
0.022235
0.026446
0.018082
0.042044
0.040747
0.033074
0.025664
0.012528
0.015072
0.332552
0.058322
0.037269
0.018492
0.015468
0.022967
0.101895
0.032090
0.047530
0.063042
0.027036
0.011696
0.009651
0.025786
0.013608
0.020220
0.036027
0.020135
0.021254
0.033836
0.047316
0.026857
0.028920
0.039451
0.020897
0.024171
0.055397
0.018094
0.037642
0.027624
0.029149
0.148398
0.025322
0.032003
0.030498
0.024625
0.033120
0.028988
0.021519
0.024478
0.030529
0.038613
0.049774
0.025633
0.050429
0.019567
0.035491
0.024763
0.246435
0.033607
0.043619
0.035442
0.020958
0.022172
0.058702
0.033098
0.039993
0.050310
0.042684
0.019564
0.021218
0.023783
0.024139
0.016540
0.035570
0.025845
0.006953
0.016189
0.004708
0.005458
0.008324
0.005580
0.003432
0.020772
0.002793
0.025700
0.008192
0.014741
0.138035
0.011990
0.023898
0.021977
0.019432
0.020336
0.009271
0.007402
0.010424
0.012025
0.018246
0.064753
0.009831
0.022097
0.009927
0.018922
0.004054
0.242777
0.024578
0.012946
0.008005
0.008909
0.011017
0.053794
0.014107
0.031332
0.031536
0.016007
0.005626
0.010426
0.010687
0.008791
0.010029
0.011350
0.047005
0.040927
0.030524
0.026811
0.043382
0.027568
0.028448
0.053878
0.019476
0.029995
0.030346
0.032364
0.145001
0.026864
0.021022
0.021702
0.030186
0.033641
0.041900
0.020932
0.027491
0.027516
0.060274
0.050363
0.022323
0.058324
0.022016
0.045657
0.032133
0.257655
0.027391
0.043002
0.043778
0.023835
0.039401
0.046541
0.028584
0.044311
0.058081
0.061467
0.021159
0.030211
0.020669
0.019457
0.034984
0.043525
0.020184
0.010899
0.009944
0.005355
0.011683
0.004422
0.016141
0.012615
0.037652
0.012802
0.018699
0.161595
0.016443
0.046084
0.036999
0.025916
0.031579
0.006877
0.016211
0.017022
0.021058
0.012548
0.082889
0.020855
0.016153
0.020394
0.013945
0.009767
0.276116
0.039831
0.012337
0.003514
0.018969
0.016987
0.081270
0.020054
0.043893
0.044606
0.004972
0.010617
0.013961
0.018049
0.014751
0.017787
0.017945
0.024214
0.015909
0.012885
0.012930
0.017626
0.006899
0.017187
0.020319
0.029399
0.018245
0.203864
0.027251
0.043511
0.048510
0.031747
0.057051
0.033598
0.027201
0.041753
0.036747
0.033357
0.113046
0.024026
0.009331
0.041458
0.038819
0.019749
0.286203
0.050967
0.009266
0.024571
0.033805
0.028672
0.080433
0.015722
0.076341
0.063826
0.027155
0.024316
0.028723
0.038235
0.027690
0.031078
0.020481
0.011428
0.009367
0.011218
0.005892
0.032041
0.005739
0.038325
0.010493
0.022031
0.129320
0.014191
0.026164
0.016738
0.028135
0.016220
0.009684
0.007874
0.010910
0.013934
0.022104
0.070759
0.008961
0.028594
0.009879
0.022564
0.008735
0.232516
0.023655
0.018720
0.009625
0.012585
0.011911
0.051526
0.019139
0.024479
0.031312
0.016664
0.010229
0.014205
0.009308
0.011679
0.012602
0.010023
0.008709
0.007513
0.005738
0.018062
0.005599
0.022224
0.007490
0.014397
0.149373
0.009608
0.027171
0.028016
0.019141
0.023455
0.012330
0.011344
0.013377
0.013149
0.023733
0.064382
0.015136
0.023322
0.014156
0.018134
0.006746
0.265914
0.028812
0.010944
0.009969
0.011091
0.019985
0.062758
0.011091
0.035393
0.039585
0.017626
0.005799
0.008350
0.013684
0.008366
0.018268
0.019158
0.009843
0.005502
0.014306
0.010318
0.031792
0.012430
0.016366
0.163900
0.013750
0.039124
0.035113
0.029196
0.030643
0.011985
0.014768
0.020631
0.022381
0.017087
0.087387
0.017856
0.014343
0.021527
0.018220
0.009283
0.274598
0.038958
0.008165
0.006290
0.021104
0.016696
0.077254
0.017393
0.043043
0.043208
0.006832
0.011040
0.014553
0.019144
0.016596
0.019578
0.012164
0.005974
0.020007
0.004893
0.022398
0.014796
0.011636
0.166231
0.010778
0.028748
0.030158
0.018446
0.032569
0.014905
0.012258
0.020794
0.023299
0.019630
0.073806
0.013345
0.017707
0.018064
0.023795
0.007919
0.257218
0.032972
0.013529
0.014969
0.015928
0.012030
0.061982
0.013172
0.041456
0.047220
0.018025
0.010354
0.009197
0.019450
0.015089
0.011056
0.012175
0.018631
0.005183
0.031897
0.009256
0.015941
0.149886
0.010250
0.033787
0.021758
0.021369
0.022945
0.007222
0.009535
0.011703
0.015091
0.017300
0.070667
0.010801
0.019618
0.011976
0.015119
0.008356
0.259549
0.026314
0.011576
0.005778
0.013270
0.014688
0.062073
0.013234
0.034124
0.042259
0.010886
0.006107
0.009471
0.009776
0.007811
0.014153
0.015092
0.026319
0.027479
0.031311
0.024746
0.212557
0.034010
0.058946
0.059924
0.034010
0.063204
0.033403
0.035787
0.042981
0.036594
0.030700
0.117793
0.035795
0.010299
0.047853
0.029866
0.025733
0.311646
0.058750
0.009436
0.019689
0.038688
0.040169
0.100190
0.021194
0.085106
0.068453
0.023345
0.024455
0.031933
0.041008
0.028414
0.039660
0.033205
0.024502
0.007250
0.015945
0.134871
0.010018
0.019392
0.017468
0.021845
0.018059
0.013252
0.007083
0.011231
0.013270
0.025394
0.062839
0.006695
0.027021
0.008814
0.024376
0.005629
0.234589
0.020343
0.014652
0.013206
0.009151
0.012454
0.045741
0.012568
0.027187
0.032253
0.021330
0.006648
0.009708
0.009507
0.010160
0.010769
0.011555
0.034320
0.016336
0.208168
0.025270
0.026187
0.063408
0.016241
0.060719
0.039428
0.034837
0.041972
0.032327
0.037369
0.066920
0.044265
0.029182
0.042952
0.032790
0.023825
0.316918
0.063818
0.030907
0.034705
0.021587
0.036066
0.094067
0.027388
0.076408
0.065176
0.046553
0.021713
0.023945
0.042585
0.025669
0.031893
0.043077
0.028558
0.113345
0.016403
0.025669
0.019497
0.033418
0.012053
0.016082
0.012677
0.007394
0.008399
0.032031
0.059844
0.013294
0.039269
0.008231
0.021835
0.010390
0.233222
0.016906
0.015704
0.010351
0.010142
0.025249
0.047509
0.017483
0.019948
0.023287
0.021510
0.006742
0.013041
0.006488
0.012716
0.022505
0.022624
0.206457
0.007258
0.035976
0.053372
0.008345
0.047493
0.014901
0.016589
0.029590
0.034598
0.013917
0.063135
0.033561
0.015611
0.029962
0.019655
0.010199
0.331966
0.062408
0.027926
0.020074
0.020528
0.012213
0.101722
0.026406
0.059061
0.065926
0.020684
0.013844
0.011647
0.032018
0.017864
0.013361
0.021576
0.172460
0.115945
0.095194
0.202204
0.072204
0.162681
0.130643
0.102053
0.105563
0.198628
0.139719
0.118433
0.242776
0.093076
0.172501
0.143097
0.125255
0.084758
0.164294
0.149557
0.135168
0.164682
0.069995
0.171292
0.070453
0.066604
0.180551
0.137060
0.166502
0.106359
0.145400
0.160434
0.148108
0.031560
0.034995
0.012864
0.027416
0.008198
0.010823
0.017198
0.024290
0.017029
0.049235
0.024548
0.026897
0.016921
0.015717
0.008782
0.307362
0.044068
0.027707
0.014913
0.012320
0.012281
0.083954
0.022238
0.035152
0.055291
0.017918
0.008033
0.005119
0.017275
0.011419
0.012500
0.021420
0.034859
0.033347
0.028635
0.040888
0.022848
0.024296
0.020111
0.051602
0.048007
0.029706
0.063515
0.020352
0.043313
0.023869
0.231002
0.035234
0.043800
0.038788
0.017874
0.033486
0.048027
0.040937
0.031882
0.030332
0.058963
0.021838
0.030725
0.025224
0.023420
0.028580
0.033974
0.056086
0.013708
0.036868
0.019809
0.018819
0.022401
0.063341
0.076492
0.008224
0.065994
0.013198
0.050692
0.033325
0.190940
0.005436
0.035854
0.034220
0.028526
0.039663
0.021822
0.027490
0.023059
0.040707
0.048532
0.025015
0.035560
0.010113
0.024361
0.038590
0.033535
0.049021
0.017759
0.024720
0.028246
0.028379
0.016349
0.047864
0.042819
0.027255
0.030802
0.014791
0.016958
0.333980
0.063824
0.039015
0.023543
0.016518
0.020987
0.104735
0.032120
0.061384
0.067275
0.031123
0.014186
0.011931
0.032379
0.015334
0.015495
0.037727
0.027026
0.015703
0.007830
0.014482
0.049683
0.050399
0.019534
0.071570
0.005930
0.035654
0.021609
0.210208
0.016960
0.038790
0.025294
0.020436
0.032543
0.040011
0.039620
0.007954
0.018917
0.039051
0.017240
0.028544
0.008725
0.022076
0.031724
0.031111
0.013212
0.013744
0.021293
0.009348
0.059337
0.026108
0.026049
0.016493
0.010734
0.008959
0.293985
0.045430
0.028152
0.006685
0.012632
0.011440
0.088933
0.027637
0.034786
0.049282
0.009424
0.009636
0.008161
0.016241
0.011569
0.011323
0.021224
0.010306
0.019813
0.026683
0.055668
0.013196
0.034822
0.008894
0.025132
0.008008
0.256173
0.027656
0.024824
0.016442
0.014864
0.011401
0.055480
0.025378
0.021985
0.033602
0.023655
0.009038
0.014709
0.010368
0.011058
0.014149
0.011773
0.006992
0.029456
0.043806
0.019358
0.050257
0.005258
0.017749
0.012524
0.246274
0.022729
0.029479
0.012442
0.010122
0.023418
0.052863
0.031425
0.015290
0.023463
0.027125
0.007164
0.016308
0.004704
0.008804
0.020430
0.027377
0.035605
0.048697
0.020973
0.048919
0.010155
0.018885
0.016445
0.232686
0.021000
0.024788
0.013461
0.007556
0.033631
0.048842
0.024414
0.025840
0.022280
0.033621
0.008042
0.018664
0.007839
0.009879
0.026668
0.034468
0.074941
0.044885
0.019390
0.034340
0.011352
0.014522
0.329494
0.071445
0.035245
0.012370
0.025121
0.014034
0.118608
0.041991
0.057896
0.061737
0.010973
0.018536
0.016126
0.035073
0.024110
0.012205
0.025697
0.084415
0.120736
0.042691
0.052523
0.057192
0.322762
0.081811
0.105497
0.069817
0.038401
0.067739
0.111106
0.088121
0.050188
0.073054
0.094423
0.045387
0.048342
0.051723
0.049160
0.059451
0.093692
0.038012
0.012219
0.042620
0.017983
0.196118
0.010899
0.016708
0.023462
0.022458
0.023445
0.028111
0.013526
0.030080
0.037228
0.030811
0.018037
0.024478
0.012701
0.020214
0.024319
0.015553
0.051784
0.031169
0.024175
0.328777
0.071904
0.017395
0.022272
0.040044
0.026197
0.114955
0.023495
0.089749
0.083525
0.016315
0.029397
0.026872
0.047677
0.032954
0.028712
0.025900
0.025309
0.011968
0.218826
0.016099
0.029330
0.016905
0.011052
0.020107
0.040529
0.026018
0.012263
0.022956
0.029159
0.008448
0.016077
0.005525
0.012369
0.018295
0.022048
0.018125
0.325009
0.055735
0.031283
0.008082
0.016998
0.027257
0.106027
0.035747
0.047162
0.052567
0.016369
0.009256
0.012599
0.021604
0.011860
0.021800
0.038450
0.263685
0.037056
0.018671
0.010261
0.009802
0.008092
0.067912
0.021999
0.031322
0.030632
0.015195
0.006590
0.008960
0.016607
0.013505
0.008479
0.011211
0.169294
0.249331
0.276944
0.257378
0.274472
0.111160
0.245811
0.206721
0.187802
0.300559
0.271290
0.286579
0.234681
0.280681
0.267778
0.237240
0.033242
0.037410
0.030762
0.050233
0.015500
0.026643
0.024827
0.034078
0.054807
0.027536
0.039335
0.012919
0.029964
0.044878
0.039564
0.015792
0.029409
0.032393
0.064029
0.011535
0.056982
0.045658
0.019133
0.018560
0.025125
0.025805
0.023050
0.033124
0.021410
0.013843
0.020254
0.079681
0.021779
0.037408
0.038916
0.007550
0.007057
0.012130
0.013112
0.011200
0.018952
0.021690
0.020117
0.060959
0.021741
0.028398
0.033797
0.029305
0.006387
0.008765
0.011532
0.008755
0.015295
0.029683
0.080753
0.033298
0.039095
0.047382
0.017910
0.017202
0.015020
0.027181
0.021744
0.005496
0.010803
0.055823
0.045395
0.047288
0.102787
0.064475
0.079145
0.043234
0.066711
0.076555
0.063011
0.055898
0.059652
0.028935
0.018130
0.017875
0.023418
0.020187
0.032197
0.029015
0.024236
0.052049
0.028108
0.034941
0.016292
0.032867
0.035345
0.036440
0.057281
0.032662
0.049450
0.029101
0.042807
0.042911
0.038043
0.017652
0.017510
0.028084
0.024618
0.020878
0.020582
0.006770
0.007426
0.004917
0.013594
0.021969
0.017070
0.011094
0.011484
0.024374
0.009587
0.023172
0.026544
0.018856
0.028049
0.013622
