0.680604
0.690632
0.691684
0.542506
0.658488
0.542621
0.572880
0.728933
0.491205
0.490962
0.513749
0.768111
0.694360
0.569224
0.521935
0.596672
0.653043
0.618323
0.586892
0.696366
0.666002
0.646968
0.596331
0.589719
0.681113
0.476251
0.604539
0.468109
0.576762
0.657817
0.535604
0.507579
0.610402
0.655312
0.619141
0.576850
0.534940
0.660884
0.532376
0.643410
0.521508
0.534588
0.749065
0.423587
0.648438
0.636097
0.695710
0.764300
0.643711
0.661497
0.545162
0.662179
0.545531
0.383029
0.629562
0.551307
0.569921
0.669067
0.586236
0.548900
0.392684
0.612391
0.471456
0.572091
0.501377
0.424664
0.493936
0.547043
0.637109
0.510453
0.629934
0.518532
0.445665
0.530574
0.427163
0.583038
0.529999
0.476110
0.678791
0.604081
0.651398
0.599008
0.665018
0.571712
0.706020
0.470870
0.551554
0.364258
0.505185
0.408117
0.452836
0.396128
0.606485
0.614375
0.566623
0.553149
0.594109
0.682379
0.724300
0.683189
0.509085
0.706317
0.534616
0.638090
0.669206
0.520421
0.743305
0.596974
0.604521
0.608441
0.636765
0.570537
0.614847
0.540000
0.515472
0.692739
0.358751
0.494641
0.489060
0.544650
0.688684
0.735626
0.543903
0.649318
0.672559
0.705905
0.604795
0.644270
0.627658
0.732005
0.657283
0.665345
0.699050
0.728840
0.677715
0.525928
0.601286
0.766119
0.631231
0.730414
0.753203
0.764808
0.710360
0.616787
0.687647
0.720739
0.533135
0.770549
0.705598
0.672205
0.748557
0.686334
0.707438
0.606533
0.706805
0.587168
0.672359
0.654334
0.579225
0.574026
0.588654
0.776164
0.783641
0.749601
0.594711
0.643909
0.683808
0.515135
0.699159
0.656471
0.563975
0.674425
0.732401
0.783155
0.661365
0.838084
0.731660
0.770642
0.657063
0.637072
0.626545
0.436024
0.632554
0.447430
0.686033
0.740618
0.724224
0.638397
0.711319
0.730003
0.748030
0.623159
0.618701
0.707683
0.587047
0.592404
0.602814
0.797358
0.629746
0.675135
0.638176
0.582842
0.677119
0.616903
0.663525
0.656714
0.685197
0.658830
0.610680
0.632357
0.568122
0.530726
0.654123
0.589321
0.590763
0.702260
0.456465
0.635981
0.662928
0.735440
0.706417
0.610176
0.593137
0.667852
0.631976
0.742243
0.640627
0.636707
0.779325
0.525666
0.650884
0.633032
0.664633
0.781693
0.670918
0.614821
0.641156
0.609878
0.641644
0.607500
0.611048
0.601682
0.577971
0.643044
0.596169
0.574654
0.508250
0.581809
0.509901
0.639183
0.708773
0.595549
0.640589
0.579550
0.552507
0.576702
0.646051
0.557440
0.660833
0.541777
0.745011
0.602515
0.606083
0.729451
0.822570
0.561692
0.637529
0.515468
0.749912
0.466222
0.526959
0.525611
0.757048
0.694523
0.582367
0.585761
0.553262
0.580445
0.624151
0.584753
0.574316
0.482646
0.567807
0.524576
0.523166
0.470633
0.545587
0.466593
0.613371
0.449583
0.454428
0.401422
0.435755
0.644149
0.585611
0.553279
0.410800
0.460515
0.524948
0.470271
0.500089
0.426934
0.544424
0.600028
0.570157
0.549102
0.623390
0.581222
0.564400
0.577767
0.545659
0.499085
0.530829
0.407051
0.473493
0.570722
0.452808
0.635302
0.639824
0.610540
0.661474
0.554110
0.599511
0.591534
0.454543
0.638449
0.611761
0.641237
0.577216
0.493145
0.631131
0.636774
0.485155
0.588769
0.633019
0.642761
0.564092
0.642785
0.574988
0.583179
0.396816
0.673043
0.348186
0.489381
0.710428
0.598245
0.545821
0.458583
0.786650
0.611772
0.349771
0.459321
0.484396
0.762929
0.572965
0.644603
0.650068
0.650872
0.513357
0.641429
0.524598
0.696947
0.722869
0.476161
0.660701
0.654892
0.599733
0.557340
0.538429
0.634828
0.572565
0.493186
0.660180
0.507542
0.555481
0.677143
0.763992
0.358553
0.604860
0.618438
0.388808
0.539473
0.581823
0.539850
0.688392
0.678261
0.738218
0.616522
0.663476
0.666881
0.720255
0.598394
0.687306
0.603552
0.700984
0.523402
0.626972
0.615889
0.516268
0.675969
0.492193
0.615898
0.661931
0.425267
0.611986
0.596717
0.545480
0.682468
0.546801
0.557740
0.536596
0.577222
0.534115
0.492470
0.513969
0.589032
0.627368
0.634825
0.568719
0.517206
0.608646
0.485235
0.532216
0.426272
0.499921
0.674685
0.612967
0.550552
0.612415
0.656843
0.443320
0.641668
0.662416
0.629698
0.498111
0.575792
0.573260
0.448364
0.656375
0.493683
0.600924
0.609281
0.579209
0.741416
0.635699
0.563324
0.654746
0.664387
0.568855
0.556839
0.546757
0.506338
0.579406
0.534886
0.598470
0.668222
0.568870
0.566155
0.513639
0.560909
0.424020
0.670710
0.408739
0.647234
0.745206
0.608346
0.500055
0.497049
0.774999
0.706157
0.454528
0.419889
0.480347
0.716188
0.616558
0.562931
0.614162
0.724870
0.527054
0.518049
0.480805
0.566712
0.607154
0.519748
0.753527
0.599419
0.560275
0.545340
0.519941
0.578329
0.638751
0.409153
0.568008
0.695968
0.483681
0.564743
0.507763
0.414588
0.518178
0.583385
0.501015
0.638114
0.586847
0.614127
0.507646
0.618827
0.643492
0.734777
0.560637
0.581981
0.576568
0.670315
0.590033
0.464038
0.556867
0.689538
0.552756
0.504568
0.617418
0.623793
0.665314
0.668296
0.554527
0.683767
0.582023
0.644768
0.554777
0.500164
0.613716
0.643502
0.748347
0.706457
0.642117
0.585709
0.484618
0.564508
0.572396
0.602672
0.651543
0.732582
0.696723
0.658403
0.552929
0.812038
0.708965
0.528807
0.643145
0.534845
0.703315
0.506796
0.610648
0.582724
0.570142
0.685383
0.622961
0.640760
0.571543
0.557303
0.530556
0.624011
0.500536
0.617100
0.527998
0.532824
0.491144
0.587376
0.741749
0.534341
0.640190
0.537261
0.534491
0.659045
0.528143
0.584873
0.624968
0.641738
0.625009
0.673419
0.692598
0.749156
0.647832
0.640509
0.626174
0.574643
0.600716
0.493593
0.525978
0.487196
0.561559
0.600052
0.594773
0.535352
0.628050
0.612852
0.596975
0.440945
0.576183
0.570434
0.628417
0.527958
0.546356
0.653584
0.528556
0.534883
0.515152
0.595993
0.532620
0.648126
0.403689
0.555407
0.736619
0.625427
0.415818
0.602271
0.597925
0.655348
0.541180
0.556545
0.584632
0.649220
0.540045
0.505911
0.458834
0.642816
0.534991
0.632836
0.454479
0.627222
0.759590
0.606178
0.556084
0.636312
0.481782
0.547541
0.481723
0.582581
0.459829
0.427673
0.530252
0.531358
0.452251
0.444978
0.384974
0.555718
0.729886
0.496714
0.347906
0.500350
0.578674
0.570610
0.386250
0.448185
0.417877
0.495643
0.541611
0.528021
0.536659
0.431125
0.430229
0.670477
0.459072
0.587889
0.708504
0.432944
0.546100
0.526164
0.538621
0.603102
0.664589
0.617417
0.540120
0.551927
0.486685
0.533613
0.567463
0.540048
0.688347
0.610532
0.649708
0.568206
0.664411
0.709187
0.769702
0.561290
0.613524
0.562117
0.679063
0.500504
0.534533
0.443301
0.656208
0.556641
0.350849
0.531153
0.578243
0.595891
0.631182
0.466111
0.438177
0.539892
0.639348
0.643953
0.651091
0.436044
0.535066
0.498704
0.652675
0.507060
0.587528
0.490503
0.726332
0.631205
0.594118
0.705753
0.698669
0.552117
0.620846
0.471826
0.698043
0.519468
0.409479
0.394914
0.727477
0.609726
0.492699
0.601420
0.552214
0.674377
0.555094
0.467929
0.579811
0.643193
0.604774
0.565741
0.509929
0.494168
0.486802
0.520978
0.504470
0.532632
0.622782
0.681251
0.600174
0.546301
0.654119
0.655613
0.526294
0.618385
0.506028
0.632712
0.422982
0.455007
0.382939
0.589267
0.536276
0.514671
0.564947
0.563246
0.596369
0.468865
0.500627
0.652588
0.565087
0.624422
0.376993
0.459124
0.537219
0.513804
0.485969
0.559918
0.465754
0.744781
0.486245
0.583491
0.572810
0.752937
0.549485
0.605290
0.557363
0.640293
0.475412
0.330071
0.468262
0.610533
0.613397
0.531445
0.574621
0.510404
0.594811
0.578917
0.592944
0.643960
0.618691
0.463939
0.554422
0.639522
0.503669
0.572440
0.494322
0.717800
0.526985
0.564568
0.663491
0.757648
0.737504
0.588862
0.600399
0.554774
0.610635
0.590610
0.451300
0.570051
0.552357
0.587207
0.659549
0.632072
0.487532
0.753114
0.583723
0.695841
0.646971
0.601356
0.631179
0.613014
0.632387
0.590718
0.614209
0.761020
0.587153
0.673183
0.714000
0.774231
0.633273
0.648787
0.710284
0.573822
0.637468
0.672696
0.617787
0.620627
0.756880
0.586418
0.737747
0.725864
0.711789
0.804614
0.665991
0.459909
0.600912
0.501239
0.527257
0.704398
0.433093
0.654648
0.710253
0.632457
0.474850
0.570485
0.539808
0.698079
0.522745
0.625326
0.557322
0.721242
0.558028
0.593990
0.598569
0.660311
0.520984
0.653502
0.646235
0.774714
0.597907
0.524000
0.612470
0.586433
0.461971
0.635788
0.376285
0.660081
0.747221
0.484722
0.424539
0.542643
0.636937
0.605950
0.542568
0.599387
0.516031
0.608761
0.607236
0.667573
0.526082
0.665567
0.414721
0.665103
0.612485
0.698862
0.732955
0.486598
0.463802
0.528829
0.517952
0.475706
0.523562
0.573322
0.670972
0.538483
0.575955
0.659649
0.658793
0.536078
0.591387
0.554849
0.581735
0.518346
0.316294
0.470719
0.609559
0.574544
0.598202
0.624901
0.553227
0.732296
0.596435
0.505076
0.470991
0.538567
0.576878
0.628879
0.610539
0.562799
0.581675
0.677749
0.704621
0.484520
0.614587
0.531321
0.668790
0.502848
0.533250
0.567599
0.532193
0.548867
0.467400
0.588211
0.570903
0.440554
0.569414
0.574502
0.308778
0.532470
0.583363
0.519258
0.448213
0.419557
0.701751
0.557094
0.322516
0.502770
0.356023
0.621054
0.520907
0.555996
0.532595
0.616104
0.435604
0.522956
0.562963
0.619088
0.706821
0.441913
0.600292
0.607166
0.679994
0.589159
0.588594
0.747478
0.703487
0.607633
0.674608
0.674953
0.618033
0.362278
0.518910
0.549459
0.542923
0.377670
0.479963
0.540546
0.600875
0.529485
0.588897
0.658230
0.562924
0.643717
0.527707
0.335243
0.474010
0.598918
0.576364
0.412943
0.510919
0.468661
0.589810
0.489134
0.523990
0.471227
0.641175
0.417097
0.614839
0.511632
0.514856
0.703983
0.453367
0.604721
0.577961
0.626090
0.588543
0.704803
0.583652
0.539049
0.588338
0.643082
0.620454
0.564436
0.515027
0.630284
0.641696
0.575467
0.717326
0.683209
0.656673
0.765368
0.627422
0.800620
0.704750
0.733312
0.642734
0.865796
0.651118
0.746145
0.646092
0.770806
0.592039
0.438297
0.587374
0.728831
0.701144
0.633217
0.739425
0.648156
0.735964
0.742774
0.563696
0.645127
0.723822
0.616808
0.604097
0.644975
0.594293
0.559636
0.739579
0.743561
0.680741
0.632301
0.468258
0.723436
0.653185
0.696624
0.804359
0.593848
0.498028
0.587491
0.700242
0.494912
0.520680
0.523900
0.658271
0.588329
0.560200
0.611121
0.595289
0.436930
0.681241
0.464465
0.548653
0.733177
0.526427
0.803841
0.677918
0.238606
0.450661
0.407646
0.779410
0.612007
0.615874
0.617601
0.776371
0.600680
0.707580
0.507075
0.731371
0.695119
0.319526
0.817207
0.735381
0.788478
0.769830
0.704036
0.621437
0.598254
0.643753
0.610773
0.612412
0.782319
0.805538
0.737181
0.748415
0.806951
0.666843
0.720136
0.672952
0.505469
0.719260
0.766091
0.645580
0.659707
0.490910
0.767435
0.758179
0.819313
0.844264
0.650663
0.374207
0.284578
0.773908
0.548324
0.578915
0.565140
0.671413
0.532674
0.645546
0.467346
0.667177
0.686588
0.281305
0.510222
0.761174
0.659014
0.643491
0.659358
0.747129
0.558284
0.640855
0.493335
0.728194
0.777363
0.444904
0.724443
0.520850
0.580697
0.515922
0.625204
0.558727
0.590580
0.496027
0.602108
0.679723
0.374542
0.677968
0.606757
0.565951
0.570447
0.522891
0.721810
0.725923
0.707777
0.802359
0.732554
0.490631
0.375795
0.588477
0.561780
0.537713
0.567236
0.508259
0.429303
0.658088
0.389540
0.627283
0.671081
0.553403
0.593322
0.529301
0.687037
0.593703
0.688663
0.509768
0.438799
0.543848
0.573551
0.623482
0.579956
0.623530
0.692198
0.729268
0.618890
0.648785
0.659291
0.616901
0.579372
0.706033
0.716952
0.545587
0.549218
0.608534
0.548609
0.687398
0.515811
0.662457
0.515357
0.632487
0.697295
0.761748
