0.080509
0.051486
0.028177
0.100700
0.083649
0.098761
0.028000
0.075211
0.128763
0.086359
0.049764
0.033564
0.082907
0.057902
0.024229
0.108828
0.064004
0.114167
0.161774
0.043540
0.051882
0.036908
0.066640
0.033476
0.169445
0.031313
0.085072
0.095037
0.045929
0.094149
0.109228
0.032371
0.039096
0.093271
0.046930
0.078823
0.039524
0.031895
0.061787
0.048670
0.042177
0.118051
0.033284
0.037059
0.042465
0.026912
0.052639
0.092169
0.039926
0.112198
0.076105
0.088116
0.172847
0.078901
0.064500
0.168248
0.106415
0.072189
0.095327
0.041557
0.061799
0.052768
0.089803
0.094878
0.126285
0.131387
0.119934
0.121821
0.162798
0.036562
0.163080
0.094847
0.207386
0.070558
0.106372
0.069253
0.092887
0.088956
0.125209
0.107404
0.094127
0.067853
0.122621
0.076800
0.094597
0.106270
0.141369
0.098224
0.110396
0.072410
0.096761
0.118567
0.090526
0.069911
0.047299
0.076972
0.095563
0.042612
0.046391
0.029031
0.074529
0.034232
0.056980
0.084988
0.054839
0.032368
0.038193
0.040747
0.033999
0.021047
0.076077
0.025671
0.073310
0.201690
0.027520
0.059896
0.065380
0.081669
0.033532
0.233091
0.058171
0.030668
0.068496
0.046965
0.041008
0.128466
0.039517
0.053476
0.066506
0.047454
0.029404
0.020175
0.020656
0.070891
0.095863
0.027731
0.087395
0.040634
0.024693
0.021896
0.035314
0.047306
0.042192
0.047387
0.103554
0.075943
0.120752
0.012730
0.040589
0.148284
0.101783
0.051386
0.023906
0.070170
0.041624
0.019402
0.129563
0.049475
0.144024
0.202349
0.046745
0.038633
0.053860
0.040096
0.006494
0.140638
0.006895
0.094314
0.100949
0.011096
0.099069
0.060455
0.030804
0.008603
0.106297
0.016829
0.071515
0.012882
0.024173
0.024748
0.025424
0.018756
0.112311
0.008895
0.030186
0.016579
0.016841
0.051431
0.087388
0.010852
0.093037
0.019308
0.083421
0.165581
0.011561
0.012986
0.063075
0.052042
0.013828
0.026364
0.073339
0.016782
0.082068
0.035857
0.135711
0.083289
0.167781
0.068898
0.194855
0.106620
0.330243
0.118459
0.030606
0.042757
0.121378
0.019249
0.203775
0.098335
0.129384
0.030100
0.135132
0.006523
0.086889
0.083282
0.175540
0.174148
0.102238
0.061747
0.115488
0.098732
0.082073
0.078187
0.027843
0.005969
0.123750
0.114937
0.083116
0.053687
0.126675
0.094631
0.031782
0.087756
0.095740
0.088462
0.035442
0.116904
0.020086
0.096135
0.240338
0.018910
0.053189
0.104222
0.094983
0.060002
0.307979
0.093965
0.062714
0.119896
0.078303
0.076003
0.191424
0.038398
0.082555
0.129712
0.055931
0.071919
0.047330
0.026588
0.083207
0.145322
0.033628
0.160038
0.058783
0.030942
0.049491
0.079472
0.100345
0.086312
0.078521
0.108140
0.194013
0.015995
0.008859
0.062959
0.064686
0.037880
0.048038
0.081327
0.017071
0.099665
0.030474
0.088413
0.087472
0.186940
0.059616
0.222698
0.130687
0.344643
0.133609
0.043121
0.046094
0.144569
0.034333
0.229861
0.101855
0.147106
0.029636
0.156457
0.026476
0.111264
0.095255
0.202153
0.193941
0.119971
0.066219
0.129489
0.110688
0.105604
0.095001
0.036756
0.023981
0.148525
0.057943
0.125824
0.086882
0.056208
0.014372
0.050804
0.028503
0.030168
0.109600
0.059757
0.131504
0.200365
0.059803
0.056276
0.045539
0.051143
0.011863
0.140739
0.012842
0.072582
0.077040
0.015478
0.076680
0.058334
0.047139
0.019388
0.078857
0.032195
0.056836
0.015209
0.033922
0.040916
0.026006
0.031200
0.083281
0.024098
0.038541
0.018566
0.010741
0.039069
0.068265
0.013809
0.218865
0.166473
0.065303
0.081199
0.137819
0.104710
0.047483
0.212791
0.038678
0.204840
0.301659
0.050090
0.017588
0.123800
0.021004
0.027845
0.173438
0.046236
0.132215
0.177317
0.029086
0.140188
0.098066
0.040708
0.026915
0.189170
0.013961
0.126451
0.032824
0.032417
0.017457
0.066649
0.019103
0.198160
0.029597
0.026010
0.034485
0.064346
0.135116
0.149127
0.027826
0.018637
0.089025
0.083063
0.036126
0.050716
0.107856
0.014544
0.116227
0.039585
0.121823
0.115382
0.217831
0.089481
0.250424
0.154365
0.389094
0.161110
0.053851
0.065679
0.171073
0.038568
0.262134
0.127286
0.176367
0.047925
0.184359
0.025044
0.134978
0.122581
0.231083
0.223342
0.148373
0.092676
0.162341
0.137935
0.130422
0.117860
0.044247
0.018953
0.171460
0.050296
0.049377
0.027797
0.033982
0.064813
0.019299
0.078700
0.033115
0.086180
0.071154
0.162285
0.044791
0.193219
0.108161
0.324068
0.112560
0.031882
0.037106
0.120990
0.024938
0.211045
0.086580
0.126081
0.026484
0.133421
0.017250
0.092272
0.074398
0.174644
0.172063
0.097955
0.061573
0.110617
0.088797
0.087058
0.076442
0.027392
0.016074
0.124985
0.040896
0.060387
0.052753
0.020847
0.081267
0.022821
0.076026
0.149469
0.015761
0.059224
0.045734
0.094182
0.048197
0.266516
0.058535
0.047261
0.068423
0.060599
0.045093
0.159255
0.024031
0.061709
0.077267
0.048531
0.046006
0.041005
0.017991
0.074802
0.110182
0.024857
0.101303
0.039245
0.027965
0.033888
0.054285
0.056393
0.057023
0.062009
0.027043
0.011956
0.032936
0.074933
0.057191
0.100243
0.145023
0.058035
0.083664
0.033726
0.084787
0.029233
0.180378
0.024492
0.059624
0.050630
0.032539
0.049823
0.083282
0.048759
0.033018
0.050107
0.050086
0.033204
0.029367
0.036392
0.069814
0.052247
0.039960
0.061251
0.037507
0.045472
0.026351
0.018480
0.019639
0.038942
0.033013
0.011070
0.060655
0.031599
0.077432
0.057252
0.160183
0.082796
0.146917
0.058443
0.161405
0.074160
0.270756
0.081724
0.039814
0.034806
0.085167
0.024236
0.148061
0.089056
0.091454
0.028660
0.106425
0.007369
0.058916
0.070646
0.138312
0.125352
0.081349
0.046789
0.088089
0.086114
0.056693
0.052147
0.016869
0.007697
0.085848
0.042809
0.049276
0.060894
0.080725
0.150146
0.069856
0.113226
0.048158
0.117766
0.046498
0.225436
0.047677
0.047879
0.051845
0.053007
0.038230
0.113155
0.061618
0.056733
0.042238
0.073053
0.013293
0.040944
0.052711
0.098235
0.084032
0.058937
0.059525
0.059145
0.061313
0.040560
0.032655
0.010306
0.015421
0.052655
0.087380
0.023122
0.084224
0.164466
0.011831
0.036878
0.039287
0.064297
0.021281
0.213776
0.031552
0.057390
0.079950
0.034490
0.068060
0.123699
0.012436
0.035149
0.084048
0.029126
0.050236
0.018443
0.008371
0.046380
0.071007
0.015210
0.107554
0.016975
0.015549
0.019906
0.029682
0.043934
0.064722
0.035196
0.113464
0.020328
0.114437
0.098694
0.202548
0.068518
0.239949
0.138303
0.369245
0.143813
0.051186
0.051005
0.158548
0.044925
0.244696
0.115397
0.165166
0.039654
0.172650
0.024245
0.118626
0.107588
0.215399
0.203341
0.133997
0.079561
0.145638
0.130177
0.117456
0.101041
0.034130
0.020735
0.158697
0.105368
0.206710
0.018033
0.048822
0.078466
0.075957
0.042160
0.259187
0.062362
0.061634
0.107433
0.050249
0.067008
0.153986
0.022623
0.052536
0.112943
0.037926
0.059659
0.033840
0.019582
0.060388
0.109644
0.021631
0.137389
0.039753
0.018137
0.033369
0.062465
0.075938
0.073376
0.052176
0.132188
0.077553
0.187917
0.081532
0.239614
0.148484
0.379205
0.162906
0.053249
0.068375
0.169233
0.057044
0.266006
0.108310
0.177183
0.058444
0.173944
0.041071
0.120116
0.100145
0.217062
0.225628
0.129467
0.099411
0.147812
0.120499
0.121969
0.114975
0.068379
0.044235
0.171795
0.176410
0.278059
0.093144
0.304675
0.227343
0.400702
0.197953
0.163900
0.134702
0.234038
0.163317
0.314826
0.176823
0.235669
0.125980
0.252035
0.149780
0.229862
0.184187
0.284226
0.263668
0.215181
0.167698
0.214485
0.203837
0.218446
0.185980
0.117683
0.140866
0.242968
0.035972
0.058633
0.074490
0.042530
0.251323
0.059034
0.062046
0.099030
0.055766
0.074185
0.160247
0.014380
0.057544
0.105697
0.038349
0.062946
0.034154
0.009697
0.062233
0.107239
0.018941
0.136049
0.032802
0.016248
0.035039
0.051228
0.074728
0.079091
0.058140
0.103344
0.018013
0.027905
0.171693
0.042647
0.127226
0.166774
0.035121
0.144229
0.109759
0.031247
0.034502
0.182039
0.013331
0.132652
0.034236
0.025683
0.018449
0.062059
0.018714
0.194305
0.019091
0.024172
0.036050
0.056516
0.130686
0.156620
0.034340
0.123066
0.065319
0.215651
0.053230
0.065566
0.049685
0.072438
0.068083
0.137675
0.058028
0.076891
0.056209
0.087468
0.057817
0.063691
0.054636
0.106198
0.087963
0.067595
0.072139
0.062241
0.069609
0.061378
0.045320
0.036021
0.065085
0.073999
0.027128
0.119895
0.033873
0.161620
0.193680
0.024084
0.176889
0.066550
0.057490
0.026408
0.205605
0.015038
0.155528
0.042018
0.048031
0.010788
0.039557
0.031628
0.208594
0.029489
0.043472
0.046967
0.056503
0.146762
0.177182
0.023748
0.140696
0.010851
0.085757
0.104531
0.006643
0.094970
0.058708
0.031201
0.007374
0.110369
0.009034
0.073395
0.006561
0.017860
0.017439
0.028953
0.011130
0.116533
0.008500
0.020098
0.013156
0.014521
0.062916
0.088687
0.006074
0.122271
0.305315
0.299341
0.121193
0.321323
0.054142
0.214754
0.117093
0.296289
0.149246
0.286405
0.157518
0.209031
0.132428
0.076320
0.184759
0.262293
0.151019
0.192144
0.174011
0.140167
0.259981
0.310680
0.121984
0.111772
0.113248
0.009025
0.114819
0.049201
0.034090
0.009196
0.119175
0.018113
0.085225
0.022351
0.033517
0.020889
0.016407
0.025006
0.122921
0.012740
0.037253
0.024919
0.020931
0.061018
0.099624
0.008731
0.032256
0.101138
0.015308
0.192153
0.085253
0.112011
0.025583
0.109871
0.027617
0.063496
0.061941
0.146820
0.159214
0.078189
0.046751
0.091106
0.067946
0.058753
0.069535
0.045990
0.030122
0.106504
0.118498
0.028463
0.182595
0.122089
0.128924
0.015213
0.139493
0.040769
0.087174
0.088791
0.174458
0.158628
0.105160
0.022643
0.109451
0.110142
0.074122
0.074898
0.037917
0.040505
0.125709
0.110956
0.043824
0.038749
0.005546
0.122360
0.011193
0.085668
0.011457
0.030012
0.014666
0.022329
0.018074
0.121392
0.012889
0.028616
0.017515
0.022679
0.076096
0.101256
0.003667
0.199363
0.094745
0.116865
0.024303
0.119400
0.018908
0.074314
0.070471
0.159284
0.165916
0.086164
0.047472
0.102272
0.081811
0.064947
0.075474
0.039519
0.019644
0.112593
0.131450
0.045583
0.187523
0.071538
0.162526
0.067032
0.116203
0.065998
0.028506
0.092059
0.155899
0.073501
0.115009
0.078929
0.064640
0.146447
0.180522
0.044562
0.036723
0.123226
0.024948
0.072183
0.032699
0.015612
0.039119
0.074170
0.018222
0.151675
0.020248
0.015911
0.033688
0.049142
0.069845
0.087836
0.038024
0.130401
0.010795
0.091976
0.015623
0.029921
0.017518
0.019649
0.019624
0.132554
0.013345
0.027078
0.022209
0.022592
0.078132
0.108589
0.004215
0.149018
0.032333
0.089638
0.097051
0.186781
0.162232
0.116510
0.015825
0.118299
0.111174
0.082561
0.074835
0.031560
0.028618
0.128698
0.098636
0.016643
0.018486
0.007533
0.039305
0.007293
0.156898
0.007550
0.017886
0.019272
0.034714
0.094965
0.118026
0.012088
0.056283
0.058787
0.133717
0.134095
0.071496
0.057319
0.082884
0.071972
0.054401
0.054288
0.019551
0.003974
0.086412
0.017264
0.029849
0.043409
0.012375
0.093328
0.012593
0.019903
0.007421
0.017606
0.058081
0.072389
0.012867
0.038679
0.072943
0.005232
0.119833
0.016227
0.007446
0.018643
0.028122
0.061553
0.073928
0.031335
0.033092
0.020692
0.188521
0.015756
0.036654
0.032907
0.053100
0.123500
0.155715
0.015588
0.058205
0.152101
0.037206
0.072229
0.052292
0.037799
0.102689
0.152650
0.017933
0.129030
0.009071
0.010697
0.013100
0.031120
0.075422
0.088881
0.020058
0.123765
0.133870
0.085025
0.083750
0.055413
0.056482
0.130956
0.019397
0.012398
0.027915
0.071481
0.101137
0.015421
0.023884
0.033602
0.076555
0.087296
0.029662
0.026174
0.054922
0.070174
0.021291
0.042861
0.065536
0.021077
0.019955
0.075882
0.102505
