0.691957
0.517141
0.667506
0.504751
0.582939
0.458712
0.587819
0.416805
0.583265
0.713928
0.612181
0.335655
0.606355
0.648362
0.665649
0.430033
0.465009
0.431237
0.758957
0.494644
0.529894
0.771818
0.587940
0.539641
0.473568
0.518092
0.684054
0.587504
0.457364
0.591727
0.646261
0.371241
0.632050
0.627380
0.583243
0.602924
0.616729
0.593469
0.707485
0.746108
0.572860
0.550152
0.670386
0.555639
0.695423
0.602531
0.509736
0.465303
0.679471
0.671287
0.556583
0.585770
0.710077
0.684130
0.564862
0.616241
0.535508
0.654269
0.609007
0.707577
0.901339
0.692887
0.502805
0.575718
0.495877
0.531055
0.547966
0.545343
0.567655
0.724854
0.632791
0.576580
0.744827
0.676698
0.670359
0.642368
0.559302
0.672280
0.562491
0.547058
0.718317
0.588939
0.595789
0.573759
0.618008
0.612927
0.697619
0.691364
0.641369
0.520910
0.683978
0.604832
0.589310
0.721524
0.518831
0.618852
0.622646
0.608034
0.590776
0.623927
0.554485
0.655529
0.505296
0.646292
0.740523
0.602956
0.542104
0.799829
0.650999
0.752456
0.624635
0.646363
0.616994
0.589518
0.471813
0.578632
0.649451
0.599953
0.699798
0.566707
0.496344
0.829802
0.655943
0.582972
0.753177
0.717330
0.627968
0.549385
0.609295
0.646649
0.504618
0.656978
0.683645
0.810987
0.626840
0.678696
0.449190
0.603277
0.560503
0.635210
0.699088
0.679314
0.490539
0.538760
0.646356
0.707554
0.659636
0.691592
0.599471
0.384223
0.581699
0.590225
0.800537
0.872176
0.773352
0.557460
0.691880
0.566293
0.625527
0.456907
0.501443
0.626066
0.641855
0.606066
0.703671
0.688499
0.568779
0.645949
0.628425
0.672574
0.697065
0.648759
0.694657
0.543088
0.617242
0.634580
0.498173
0.610590
0.656608
0.547175
0.423104
0.660332
0.502129
0.718051
0.593294
0.345188
0.651263
0.561147
0.615172
0.537041
0.645644
0.597101
0.698215
0.488215
0.611691
0.609771
0.647240
0.575136
0.799776
0.637246
0.608049
0.472493
0.446337
0.485148
0.656081
0.574500
0.440051
0.814181
0.554650
0.523367
0.706851
0.621402
0.584935
0.736373
0.465324
0.574763
0.617549
0.446090
0.525001
0.665540
0.505843
0.467733
0.588579
0.636025
0.624781
0.800220
0.639117
0.567468
0.726826
0.522759
0.648483
0.669745
0.542023
0.626130
0.719062
0.571934
0.691944
0.520928
0.551107
0.654080
0.631631
0.726387
0.725957
0.639833
0.782091
0.726866
0.546138
0.604605
0.744527
0.585482
0.534025
0.837997
0.704958
0.589515
0.651518
0.584876
0.695196
0.533664
0.537884
0.674886
0.613124
0.543473
0.611085
0.631653
0.556254
0.524352
0.577145
0.667414
0.766068
0.637695
0.590855
0.486454
0.611457
0.480087
0.695803
0.614164
0.632815
0.513527
0.700408
0.531022
0.524919
0.552384
0.613587
0.569493
0.553172
0.757047
0.543978
0.660184
0.587763
0.480440
0.520899
0.726357
0.518548
0.553656
0.787189
0.666510
0.663721
0.559523
0.484677
0.595574
0.574764
0.513714
0.634835
0.646702
0.495417
0.484653
0.636636
0.529105
0.598205
0.454586
0.688442
0.692405
0.637877
0.585334
0.579584
0.642409
0.541656
0.632381
0.605658
0.450126
0.499501
0.555611
0.526143
0.634458
0.633652
0.572217
0.658212
0.747006
0.548391
0.694477
0.584129
0.524417
0.557820
0.762265
0.585933
0.577833
0.804629
0.704729
0.653111
0.676386
0.622552
0.700452
0.740764
0.639678
0.749564
0.700859
0.634050
0.643271
0.697366
0.676893
0.657054
0.594270
0.674452
0.734080
0.653435
0.693309
0.652776
0.682816
0.636247
0.626462
0.607539
0.509353
0.568470
0.667027
0.550697
0.531133
0.485420
0.553496
0.752890
0.588926
0.571647
0.477416
0.430842
0.434805
0.726919
0.493387
0.410361
0.726486
0.610000
0.516299
0.410479
0.519742
0.634434
0.569562
0.425209
0.552044
0.566183
0.409935
0.579568
0.625755
0.522272
0.485511
0.519616
0.278737
0.628504
0.619529
0.529774
0.479292
0.630533
0.468470
0.658201
0.552925
0.494356
0.398796
0.643896
0.613447
0.595085
0.663198
0.819121
0.672295
0.588063
0.610266
0.446035
0.448968
0.514255
0.431282
0.565760
0.746398
0.663537
0.601758
0.644485
0.618544
0.507989
0.504990
0.562465
0.549617
0.560808
0.522055
0.511848
0.606453
0.513302
0.521667
0.589276
0.641610
0.505542
0.543834
0.580613
0.451169
0.674490
0.518931
0.474756
0.557193
0.583151
0.557135
0.627880
0.626285
0.797744
0.821132
0.701304
0.637924
0.614264
0.493761
0.635112
0.686378
0.607289
0.510329
0.789900
0.626271
0.682619
0.381243
0.589197
0.634183
0.704798
0.526696
0.628533
0.583693
0.585860
0.550511
0.666364
0.661382
0.550075
0.626826
0.609780
0.625351
0.619891
0.661794
0.570441
0.700216
0.635509
0.578934
0.475140
0.573062
0.645429
0.455641
0.689387
0.888865
0.517121
0.659048
0.642586
0.471252
0.576904
0.654124
0.571007
0.590790
0.736784
0.692824
0.591476
0.585365
0.665639
0.720624
0.616269
0.591792
0.649967
0.663958
0.538732
0.682266
0.485688
0.602931
0.621236
0.474446
0.584873
0.723702
0.672971
0.631252
0.578630
0.643234
0.525347
0.640164
0.620719
0.592322
0.500215
0.627781
0.756990
0.682624
0.732719
0.527359
0.584720
0.492941
0.770943
0.602476
0.686892
0.806367
0.707335
0.570882
0.561105
0.611419
0.653839
0.674581
0.466407
0.684860
0.650880
0.435084
0.706095
0.704031
0.643921
0.698012
0.660333
0.715048
0.777264
0.884424
0.616838
0.646508
0.709441
0.586275
0.883946
0.794754
0.669973
0.609650
0.736769
0.832226
0.898464
0.809654
0.814733
0.755295
0.874714
0.702131
0.843392
0.820526
0.811726
0.816056
0.835716
0.689934
0.801536
0.769113
0.727883
0.905179
0.721630
0.744137
0.779661
0.888741
0.751613
0.737492
0.888979
0.831322
0.910120
0.865830
0.876837
0.723673
0.768937
0.837435
0.894743
0.761174
0.729877
0.729000
0.785599
0.758178
0.662266
0.401080
0.689345
0.798748
0.620335
0.659819
0.801901
0.789323
0.605996
0.794211
0.626579
0.743365
0.705842
0.586191
0.725068
0.621665
0.537551
0.687038
0.647928
0.526161
0.676851
0.501179
0.715659
0.831070
0.787295
0.626284
0.645646
0.689540
0.603956
0.754709
0.689954
0.547640
0.626312
0.656875
0.588122
0.563704
0.544754
0.580988
0.597664
0.561953
0.616141
0.461791
0.663192
0.747534
0.591179
0.666916
0.714675
0.588181
0.576382
0.659308
0.592507
0.699531
0.703755
0.600245
0.641242
0.668827
0.658415
0.543046
0.628914
0.679085
0.615736
0.755325
0.626764
0.551928
0.674937
0.470986
0.706551
0.637824
0.436129
0.443546
0.716033
0.499656
0.426872
0.853993
0.571509
0.538414
0.630411
0.641936
0.634681
0.670575
0.499950
0.529306
0.628131
0.442326
0.593141
0.617226
0.532607
0.669626
0.561073
0.518916
0.658651
0.780335
0.639398
0.630207
0.701917
0.598226
0.659266
0.613922
0.535742
0.610218
0.743639
0.466509
0.692736
0.531292
0.456370
0.803865
0.614372
0.467272
0.637406
0.576157
0.509435
0.591108
0.359416
0.478096
0.530455
0.380747
0.510333
0.575779
0.368356
0.535645
0.462554
0.583840
0.560367
0.645244
0.486236
0.526116
0.652022
0.498891
0.586052
0.568694
0.418287
0.508048
0.622914
0.704202
0.492272
0.448056
0.880979
0.633173
0.491350
0.622184
0.657504
0.552839
0.547513
0.466419
0.489941
0.570494
0.442391
0.638548
0.561899
0.563922
0.550442
0.502361
0.495932
0.564548
0.723412
0.528928
0.526953
0.697991
0.440521
0.650336
0.582748
0.472383
0.557916
0.738298
0.468481
0.673168
0.560330
0.551789
0.781510
0.781890
0.619985
0.776939
0.602598
0.741979
0.785597
0.660498
0.749314
0.625052
0.567804
0.657590
0.550357
0.697673
0.798319
0.717876
0.663179
0.747013
0.466159
0.686867
0.705134
0.431489
0.731477
0.721203
0.715499
0.564131
0.536700
0.595719
0.525014
0.591245
0.589453
0.531929
0.650896
0.491575
0.477968
0.644637
0.503079
0.557814
0.587097
0.515398
0.505153
0.462075
0.501011
0.570609
0.675439
0.623007
0.604201
0.428067
0.516042
0.507808
0.504040
0.536323
0.562287
0.519303
0.475426
0.796344
0.559141
0.485036
0.555304
0.637593
0.642482
0.651595
0.454838
0.526057
0.653415
0.481008
0.506060
0.625602
0.516527
0.506982
0.525473
0.503891
0.591206
0.603368
0.627323
0.554622
0.685533
0.515688
0.577408
0.492676
0.555777
0.573396
0.681083
0.678242
0.844262
0.716845
0.639277
0.913613
0.795810
0.845309
0.856364
0.670675
0.873761
0.836039
0.800030
0.792732
0.685305
0.819370
0.764374
0.856258
0.793537
0.812178
0.647479
0.679663
0.785650
0.702360
0.769245
0.812739
0.713373
0.458448
0.635612
0.785844
0.631593
0.677656
0.689552
0.524393
0.739204
0.774565
0.606673
0.587814
0.667861
0.659656
0.537192
0.708857
0.721429
0.722607
0.695709
0.639368
0.541658
0.729853
0.636854
0.527000
0.690176
0.579552
0.669854
0.672010
0.673551
0.700338
0.593480
0.544019
0.446164
0.560839
0.597780
0.504711
0.652424
0.621626
0.470279
0.593424
0.552400
0.555760
0.648105
0.793240
0.521585
0.609153
0.690789
0.519870
0.795175
0.673886
0.592721
0.579390
0.781790
0.512656
0.757103
0.683937
0.558122
0.630019
0.621671
0.572254
0.694820
0.690950
0.724509
0.675220
0.645010
0.564505
0.745274
0.666700
0.701685
0.644465
0.673432
0.627778
0.731531
0.601223
0.646115
0.416020
0.465253
0.740704
0.684351
0.515064
0.644436
0.472273
0.612966
0.607062
0.658345
0.521091
0.538788
0.651368
0.697329
0.700352
0.641765
0.679072
0.494647
0.614294
0.616559
0.655030
0.694633
0.563273
0.460922
0.489774
0.677444
0.520736
0.585510
0.659431
0.548610
0.600488
0.733323
0.612492
0.606602
0.641789
0.687583
0.519129
0.794309
0.694929
0.689290
0.723576
0.621506
0.686079
0.613765
0.490661
0.712633
0.742530
0.580436
0.675063
0.635807
0.617588
0.694189
0.531105
0.531816
0.598847
0.645611
0.634228
0.732551
0.672340
0.543974
0.496623
0.621662
0.569146
0.617834
0.659504
0.656691
0.541602
0.717300
0.546333
0.574560
0.391745
0.517671
0.625088
0.429919
0.408336
0.515634
0.583802
0.645857
0.743214
0.591080
0.473079
0.596164
0.483091
0.757620
0.546842
0.541998
0.508414
0.647148
0.601347
0.575763
0.691422
0.640559
0.530848
0.743698
0.607248
0.614725
0.298429
0.704551
0.682464
0.714409
0.696949
0.604316
0.717048
0.695081
0.554699
0.585210
0.705989
0.537030
0.723466
0.628953
0.489029
0.623546
0.533942
0.529929
0.752429
0.775631
0.614692
0.610328
0.563604
0.562109
0.711970
0.611011
0.532813
0.569168
0.557968
0.564131
0.604325
0.478440
0.589073
0.550689
0.542751
0.694096
0.746199
0.482964
0.562227
0.617668
0.494942
0.739718
0.586842
0.379570
0.560666
0.709631
0.690673
0.559882
0.430875
0.646759
0.763747
0.653577
0.562251
0.652470
0.475940
0.642798
0.585300
0.596710
0.633935
0.626731
0.604319
0.616307
0.572374
0.701782
0.546946
0.668959
0.772080
0.724362
0.636610
0.523996
0.569552
0.517119
0.609223
0.692299
0.669567
0.521699
0.665071
0.532491
0.542660
0.641558
0.621128
0.727901
0.531979
0.496373
0.611309
0.503795
0.666369
0.609005
0.559814
0.514867
0.656591
0.605928
0.635726
0.724148
0.631208
0.625673
0.308880
0.610257
0.427764
0.543286
0.529618
0.642035
0.562613
0.570507
0.609258
0.679867
0.673977
0.640668
0.647376
0.626905
0.521664
0.639805
0.578241
0.511953
0.557886
0.604974
0.735322
0.757021
0.586799
0.651484
0.664791
0.550579
0.749445
0.596448
0.542926
0.556950
0.733651
0.613581
0.749574
0.701611
0.795863
0.664752
0.607078
0.679290
0.572544
0.716933
0.699734
0.691174
0.537881
0.796935
0.690367
0.439430
0.716537
0.557350
0.604788
0.597992
0.544946
0.644475
0.539454
0.747603
0.628171
0.584186
0.579160
0.757110
0.600164
0.449702
0.466450
0.619744
0.610709
0.456363
0.567807
0.539901
0.738808
0.634472
0.678455
0.589735
0.568810
0.678050
0.464578
0.588891
0.488647
0.652061
0.616877
0.573490
0.623793
0.575978
0.579467
0.574998
0.597655
0.585839
0.601492
0.536360
