0.532743
0.388345
0.430271
0.506800
0.431692
0.464732
0.390957
0.367130
0.764177
0.569441
0.545249
0.547840
0.331214
0.390444
0.541413
0.552735
0.484014
0.551540
0.600129
0.566330
0.478030
0.432969
0.554394
0.424984
0.462595
0.524286
0.456478
0.500573
0.388211
0.380774
0.377549
0.532634
0.369519
0.566175
0.588766
0.563986
0.598398
0.525586
0.544567
0.579397
0.602980
0.547212
0.793097
0.692371
0.712896
0.409558
0.567613
0.470178
0.665856
0.501527
0.600634
0.596417
0.500441
0.533102
0.764328
0.502873
0.750931
0.644975
0.605287
0.645204
0.505682
0.477252
0.565348
0.459683
0.617590
0.612895
0.766111
0.623397
0.497968
0.486715
0.710578
0.539134
0.567762
0.564788
0.370871
0.534701
0.512636
0.445249
0.474988
0.517333
0.496154
0.737816
0.714066
0.706071
0.587381
0.546700
0.633515
0.732873
0.587376
0.689840
0.919583
0.647717
0.734021
0.545903
0.720544
0.664692
0.624578
0.617832
0.576956
0.457876
0.485702
0.510964
0.474526
0.814367
0.539877
0.583342
0.640989
0.400765
0.400918
0.537233
0.532840
0.452612
0.509254
0.584000
0.558350
0.519499
0.489647
0.660599
0.534200
0.509985
0.588675
0.360599
0.472487
0.387374
0.435480
0.398081
0.494233
0.441625
0.548790
0.583805
0.546566
0.644434
0.526671
0.563702
0.554378
0.591978
0.589389
0.827923
0.718051
0.674093
0.534362
0.582006
0.569996
0.693865
0.518280
0.496531
0.556968
0.580500
0.585800
0.663112
0.534265
0.659072
0.492081
0.606644
0.561668
0.557078
0.520612
0.558750
0.613858
0.669288
0.432574
0.405662
0.417202
0.554445
0.531727
0.533912
0.498863
0.622455
0.538477
0.587892
0.380454
0.442563
0.686403
0.627161
0.700618
0.659540
0.527822
0.614738
0.548738
0.604246
0.620013
0.504127
0.552094
0.776890
0.716139
0.649580
0.601677
0.734370
0.469300
0.539425
0.550902
0.537229
0.658134
0.626787
0.602446
0.619126
0.521867
0.463209
0.601786
0.477923
0.530422
0.442957
0.596610
0.470010
0.697461
0.639870
0.536028
0.544911
0.468742
0.560674
0.506848
0.652066
0.599907
0.459582
0.549606
0.516217
0.461724
0.601535
0.609756
0.601403
0.651194
0.567180
0.611404
0.544759
0.681854
0.646114
0.643933
0.619785
0.757786
0.639631
0.524885
0.606790
0.719312
0.555588
0.714133
0.575698
0.621376
0.429704
0.698292
0.535049
0.583073
0.533220
0.379904
0.537189
0.632039
0.610100
0.486514
0.455397
0.778082
0.574780
0.576634
0.478378
0.534572
0.572828
0.562658
0.587626
0.495717
0.558261
0.533385
0.440902
0.525433
0.595963
0.359757
0.656908
0.636241
0.642718
0.598445
0.494308
0.671331
0.696158
0.618766
0.657817
0.812265
0.558938
0.720130
0.575831
0.671593
0.468737
0.582142
0.600758
0.542540
0.742576
0.621633
0.691447
0.644035
0.526790
0.489083
0.635880
0.590442
0.552163
0.426060
0.671235
0.591274
0.563949
0.489500
0.639020
0.625543
0.550333
0.659823
0.464037
0.625666
0.481467
0.493897
0.436780
0.489783
0.530741
0.602852
0.683261
0.683463
0.672309
0.491120
0.700956
0.599707
0.639695
0.545395
0.831333
0.711942
0.741420
0.540607
0.564422
0.526167
0.708683
0.551440
0.830061
0.701380
0.719670
0.675634
0.470730
0.620616
0.737997
0.710541
0.691967
0.671366
0.698627
0.710837
0.675846
0.686953
0.658152
0.580692
0.596323
0.698538
0.652275
0.685483
0.557764
0.562095
0.580671
0.699357
0.559811
0.595625
0.725185
0.696658
0.765486
0.683347
0.659101
0.645818
0.783021
0.689968
0.820459
0.819603
0.808332
0.586014
0.688450
0.658499
0.783891
0.835477
0.570310
0.595895
0.624264
0.239922
0.493609
0.661364
0.608552
0.549409
0.564571
0.677934
0.584695
0.518177
0.489815
0.628924
0.449417
0.592933
0.618627
0.458631
0.473338
0.422719
0.411551
0.472764
0.562821
0.252733
0.693791
0.688531
0.699994
0.624871
0.633066
0.557081
0.718489
0.633309
0.591796
0.886834
0.709251
0.690904
0.329791
0.622574
0.622842
0.592711
0.828423
0.829721
0.659561
0.746846
0.789250
0.710145
0.714016
0.738695
0.730390
0.804760
0.739020
0.819890
0.745781
0.717554
0.749668
0.703885
0.835352
0.813471
0.709544
0.859849
0.698006
0.724829
0.863594
0.781830
0.789519
0.719635
0.767472
0.863791
0.675850
0.763758
0.785067
0.839406
0.848291
0.891016
0.697811
0.704113
0.826470
0.943624
0.766697
0.757962
0.637943
0.609482
0.612296
0.486400
0.557574
0.559171
0.658636
0.653291
0.560545
0.499892
0.626284
0.535606
0.732672
0.578975
0.608429
0.697769
0.595524
0.470430
0.553489
0.523913
0.544517
0.624907
0.600904
0.622173
0.643716
0.610952
0.692864
0.598998
0.703662
0.566544
0.663280
0.579489
0.752667
0.640522
0.675580
0.679771
0.709462
0.645837
0.620471
0.695306
0.618260
0.552028
0.712865
0.522691
0.786174
0.604986
0.703133
0.698341
0.667668
0.642250
0.605804
0.586105
0.611823
0.678509
0.650970
0.514232
0.670704
0.575777
0.549313
0.588510
0.597497
0.779256
0.657185
0.669963
0.675831
0.671814
0.724402
0.734033
0.653884
0.703500
0.872925
0.753496
0.728731
0.622466
0.769694
0.623252
0.778871
0.547358
0.547672
0.536978
0.578193
0.534662
0.633822
0.758595
0.632965
0.639921
0.526653
0.595540
0.542573
0.619531
0.672313
0.644135
0.641610
0.570780
0.524120
0.545740
0.661629
0.568825
0.679097
0.731795
0.687998
0.718351
0.597170
0.736947
0.683815
0.723712
0.607739
0.737891
0.678465
0.588836
0.623588
0.723901
0.669785
0.626482
0.466501
0.601720
0.624255
0.410293
0.562655
0.707965
0.583941
0.559548
0.443877
0.617279
0.526407
0.552221
0.579896
0.440824
0.523620
0.357845
0.417734
0.504765
0.573597
0.203969
0.609952
0.690778
0.733137
0.540014
0.617145
0.610080
0.647666
0.620340
0.543992
0.841632
0.719333
0.739452
0.375385
0.613726
0.509512
0.590567
0.526579
0.439090
0.538350
0.507640
0.605283
0.410158
0.536183
0.413776
0.563020
0.507421
0.504638
0.534112
0.384675
0.381050
0.411828
0.390114
0.283643
0.408787
0.481931
0.619208
0.591349
0.587783
0.615662
0.499807
0.659034
0.620116
0.577951
0.517811
0.748974
0.586180
0.650493
0.548598
0.502789
0.614281
0.646669
0.560049
0.628417
0.657668
0.683752
0.613114
0.510388
0.463227
0.692403
0.642641
0.576837
0.643363
0.586508
0.550912
0.621144
0.519751
0.513012
0.701481
0.614204
0.650466
0.531112
0.637499
0.579557
0.634647
0.718871
0.626203
0.626437
0.591526
0.717993
0.665086
0.723074
0.685369
0.731326
0.630696
0.660329
0.618896
0.579110
0.711347
0.619522
0.473184
0.502184
0.568813
0.416939
0.419497
0.476367
0.513877
0.382266
0.562516
0.442113
0.460594
0.623474
0.617278
0.625660
0.606702
0.590930
0.618082
0.558053
0.587442
0.618602
0.630164
0.616299
0.861755
0.640791
0.576420
0.466889
0.710541
0.617489
0.719140
0.558882
0.663707
0.596090
0.539118
0.448951
0.615791
0.629705
0.545765
0.670296
0.523186
0.599406
0.484793
0.450707
0.491255
0.549093
0.479451
0.617199
0.714512
0.723083
0.619049
0.596709
0.654137
0.658876
0.598627
0.511496
0.754892
0.728767
0.632624
0.573428
0.686728
0.485704
0.540077
0.760205
0.607900
0.612404
0.553335
0.614701
0.661980
0.557768
0.680625
0.523913
0.534548
0.551894
0.421388
0.475227
0.389660
0.596539
0.564857
0.641759
0.692069
0.681139
0.479085
0.780282
0.701135
0.659647
0.607792
0.780888
0.762280
0.749156
0.659759
0.624785
0.578070
0.709862
0.733581
0.710241
0.712314
0.735119
0.656724
0.615541
0.868432
0.675024
0.637502
0.623350
0.629750
0.569698
0.627107
0.732896
0.819383
0.701327
0.654646
0.879524
0.646056
0.630908
0.599267
0.784174
0.748065
0.745942
0.715433
0.666539
0.724624
0.766572
0.777627
0.722942
0.545373
0.474340
0.693581
0.633164
0.668636
0.602157
0.579021
0.403789
0.511567
0.457911
0.430495
0.575453
0.574891
0.734575
0.661455
0.588342
0.671853
0.479077
0.731573
0.661193
0.559942
0.487764
0.852789
0.678328
0.708888
0.675754
0.637771
0.645535
0.501433
0.182739
0.660341
0.539404
0.483065
0.339029
0.544722
0.461744
0.501955
0.423096
0.467489
0.649442
0.595888
0.681401
0.676261
0.594857
0.401179
0.659142
0.650665
0.642584
0.304060
0.351501
0.904153
0.708487
0.706392
0.546917
0.696756
0.469415
0.488039
0.602031
0.568054
0.446740
0.370751
0.413153
0.456206
0.450502
0.346134
0.401036
0.604885
0.473868
0.636612
0.597209
0.579431
0.366912
0.597248
0.679842
0.637539
0.356208
0.253591
0.790496
0.658012
0.700659
0.556548
0.596768
0.360313
0.484590
0.579690
0.546430
0.677664
0.608120
0.618351
0.696249
0.605426
0.582256
0.622869
0.579560
0.647232
0.567995
0.703637
0.689460
0.609671
0.738367
0.708689
0.675720
0.683320
0.801032
0.618926
0.647781
0.545488
0.736801
0.602766
0.713971
0.498392
0.530097
0.597028
0.488778
0.518649
0.465540
0.510100
0.619236
0.560250
0.712812
0.652358
0.648503
0.723007
0.550239
0.424481
0.620552
0.623471
0.691571
0.879742
0.665580
0.503541
0.480637
0.559283
0.687354
0.665030
0.466841
0.481034
0.530823
0.541821
0.429483
0.413950
0.621437
0.563760
0.582025
0.564697
0.662818
0.630709
0.563468
0.626390
0.625373
0.612705
0.584153
0.745950
0.567776
0.643375
0.585726
0.740504
0.570701
0.771727
0.542239
0.553488
0.513025
0.503913
0.526391
0.656952
0.639312
0.711152
0.681017
0.698959
0.511454
0.597135
0.652277
0.726226
0.521951
0.552636
0.972500
0.677240
0.779874
0.633452
0.666357
0.510276
0.680203
0.521060
0.423133
0.389667
0.407001
0.508955
0.433394
0.599981
0.630023
0.685748
0.574439
0.522085
0.630733
0.711247
0.593515
0.512791
0.875371
0.713152
0.690531
0.510790
0.579295
0.555675
0.640164
0.437086
0.397038
0.442504
0.544435
0.552799
0.696009
0.553146
0.492848
0.603729
0.511985
0.592633
0.601770
0.531664
0.513208
0.803600
0.626754
0.627099
0.556112
0.649471
0.647961
0.501706
0.415839
0.436916
0.435726
0.450237
0.674812
0.689275
0.577235
0.598308
0.454808
0.521211
0.630651
0.637004
0.555258
0.818808
0.693284
0.637317
0.504908
0.468855
0.566366
0.653522
0.281192
0.493157
0.451896
0.599883
0.581174
0.570089
0.570822
0.467629
0.612324
0.621138
0.476117
0.499165
0.749239
0.633826
0.653757
0.528946
0.614782
0.516679
0.518410
0.444014
0.524934
0.645566
0.560156
0.518228
0.624946
0.423046
0.596077
0.586796
0.518439
0.524849
0.724734
0.631779
0.634397
0.542279
0.557123
0.597354
0.611982
0.610541
0.676409
0.677402
0.675400
0.738019
0.385215
0.726195
0.748223
0.666747
0.662581
0.770844
0.699481
0.728272
0.647514
0.576830
0.706971
0.697210
0.613906
0.704218
0.731806
0.541690
0.616758
0.635965
0.689196
0.692602
0.579350
0.850130
0.675003
0.770999
0.363549
0.653898
0.467861
0.657290
0.748363
0.751220
0.683470
0.719500
0.805825
0.643303
0.807973
0.620994
0.860813
0.782687
0.836180
0.637141
0.808265
0.591031
0.821348
0.650162
0.742957
0.605619
0.772227
0.705421
0.717945
0.714504
0.704367
0.598640
0.754978
0.718369
0.767742
0.763321
0.799064
0.675649
0.535686
0.565314
0.633231
0.648985
0.710463
0.698129
0.711430
0.680566
0.731306
0.779221
0.726245
0.730328
0.708623
0.746438
0.748713
0.545042
0.481784
0.917897
0.742155
0.835929
0.621869
0.781154
0.485692
0.672325
0.589282
0.661236
0.734621
0.728559
0.726394
0.619247
0.672574
0.596281
0.617485
0.675436
0.707749
0.656763
0.755840
0.811305
0.924132
0.783288
0.581163
0.594935
0.775914
0.699776
0.721887
0.714186
0.663903
0.776562
0.774625
0.720139
0.714218
0.720432
0.681791
0.718450
0.528768
0.915747
0.715040
0.732389
0.661355
0.758501
0.624792
0.524295
0.894502
0.760634
0.764529
0.612669
0.595826
0.386916
0.548904
0.769895
0.815934
0.915808
0.834395
0.883792
0.894357
0.707909
0.761264
0.829549
0.767978
0.660296
0.714824
0.636517
0.741646
0.773246
0.688117
0.591001
0.701314
0.707594
0.809129
0.714228
