0.040394
0.028497
0.007992
0.112034
0.037469
0.024102
0.035802
0.081862
0.024858
0.018746
0.098505
0.140711
0.086545
0.011382
0.016361
0.025936
0.021823
0.047869
0.046494
0.022359
0.133117
0.075437
0.080141
0.070864
0.086861
0.016941
0.057472
0.023429
0.063054
0.260131
0.013968
0.020259
0.090457
0.004111
0.121819
0.026748
0.063231
0.076082
0.017678
0.106050
0.028252
0.032278
0.019087
0.087764
0.034838
0.072336
0.057469
0.010993
0.081111
0.039097
0.047290
0.096165
0.100183
0.067740
0.052444
0.092599
0.039472
0.047697
0.116897
0.152806
0.094843
0.055175
0.069644
0.045892
0.049960
0.129935
0.067517
0.058791
0.136958
0.119227
0.093659
0.046023
0.139387
0.066927
0.071552
0.068630
0.079352
0.277423
0.053216
0.046925
0.114920
0.042740
0.134714
0.056324
0.067317
0.065583
0.059806
0.106380
0.082742
0.046212
0.048702
0.077118
0.083534
0.111150
0.053893
0.048493
0.087193
0.039322
0.091498
0.074638
0.047420
0.022099
0.091700
0.024379
0.019498
0.113816
0.152141
0.100229
0.038329
0.051884
0.034552
0.032730
0.111811
0.062240
0.049412
0.121271
0.113675
0.082455
0.060110
0.138753
0.051798
0.065706
0.048816
0.077755
0.291945
0.038050
0.027012
0.110829
0.037409
0.138363
0.055301
0.066160
0.074338
0.046479
0.106034
0.069264
0.038952
0.039062
0.088624
0.068268
0.113656
0.051864
0.028175
0.084655
0.126019
0.028472
0.029152
0.051245
0.095276
0.039223
0.025760
0.101429
0.147177
0.098230
0.012645
0.014131
0.044275
0.033291
0.049721
0.046304
0.021540
0.152597
0.091153
0.090184
0.080253
0.089253
0.020464
0.063838
0.028366
0.074359
0.278846
0.018400
0.033744
0.091044
0.007562
0.128861
0.039993
0.072143
0.087282
0.016868
0.120969
0.031225
0.039005
0.034789
0.098524
0.041748
0.072770
0.073262
0.012760
0.092137
0.130265
0.161510
0.147662
0.034130
0.121683
0.117002
0.048295
0.066195
0.035435
0.127102
0.117865
0.093302
0.138163
0.197361
0.062207
0.171542
0.020334
0.132447
0.029771
0.019990
0.306768
0.169484
0.040390
0.184992
0.040969
0.234188
0.163211
0.080618
0.084221
0.121795
0.059150
0.086073
0.031866
0.010714
0.157101
0.025315
0.113514
0.040236
0.093174
0.023119
0.204274
0.102815
0.025807
0.140523
0.026309
0.057686
0.110374
0.088413
0.091612
0.053410
0.070064
0.100978
0.102489
0.029159
0.019721
0.091022
0.076876
0.043106
0.035343
0.060513
0.144310
0.130564
0.087568
0.094539
0.160603
0.045639
0.068458
0.077249
0.083376
0.336354
0.068786
0.072318
0.055519
0.033413
0.092435
0.067442
0.077732
0.091494
0.038482
0.122624
0.024805
0.055295
0.065555
0.109678
0.080109
0.042447
0.089877
0.048981
0.093633
0.037729
0.145246
0.025175
0.012516
0.166012
0.210130
0.142795
0.014129
0.054247
0.048328
0.009057
0.079115
0.096990
0.006921
0.199493
0.141148
0.147860
0.112723
0.066587
0.015106
0.118023
0.017766
0.123352
0.329422
0.017226
0.052113
0.146858
0.027654
0.190091
0.055034
0.127395
0.128609
0.014549
0.173669
0.077396
0.084561
0.065081
0.154950
0.010149
0.133022
0.098275
0.018556
0.149593
0.141693
0.008458
0.020907
0.186947
0.233885
0.142078
0.046556
0.079687
0.027887
0.018341
0.128676
0.117569
0.036235
0.184773
0.121318
0.138793
0.106860
0.090105
0.042259
0.115632
0.024458
0.120108
0.268180
0.023335
0.029246
0.179207
0.047367
0.214913
0.070605
0.120185
0.126736
0.046469
0.160917
0.098053
0.075953
0.049654
0.138556
0.042991
0.169832
0.086679
0.023883
0.138974
0.116912
0.109095
0.024480
0.039893
0.013152
0.099697
0.074082
0.077421
0.127458
0.118932
0.041115
0.155338
0.026837
0.071988
0.012630
0.026629
0.279264
0.138381
0.015991
0.162014
0.013249
0.203462
0.138288
0.060851
0.050723
0.086783
0.029306
0.055461
0.016216
0.017373
0.132640
0.012340
0.053402
0.024722
0.053174
0.015666
0.176343
0.044852
0.022161
0.121028
0.009545
0.014916
0.159757
0.207078
0.112698
0.033301
0.066917
0.015974
0.007637
0.112999
0.099509
0.026739
0.161478
0.107529
0.118071
0.083016
0.085328
0.034879
0.096745
0.022964
0.095932
0.249837
0.018229
0.020113
0.158090
0.034532
0.185258
0.047121
0.102425
0.100316
0.036179
0.136326
0.082979
0.059908
0.039779
0.114186
0.034538
0.146316
0.065574
0.021442
0.116842
0.131764
0.173425
0.108260
0.014412
0.045589
0.032919
0.008856
0.083949
0.071342
0.016709
0.155587
0.120769
0.107464
0.078619
0.094295
0.024692
0.083189
0.024108
0.088907
0.301903
0.020656
0.031509
0.121402
0.025428
0.158362
0.045316
0.091167
0.092336
0.018972
0.131752
0.065072
0.054388
0.050259
0.117136
0.026075
0.116853
0.068108
0.014005
0.108376
0.014267
0.044678
0.109732
0.069530
0.121355
0.163092
0.118091
0.023049
0.172656
0.038349
0.115171
0.020621
0.044696
0.308104
0.149132
0.026981
0.189521
0.036268
0.278770
0.168068
0.100298
0.016514
0.097575
0.010304
0.084351
0.020964
0.026549
0.134865
0.032436
0.053737
0.036724
0.087532
0.034025
0.202773
0.027812
0.051361
0.137261
0.021780
0.065079
0.150451
0.105217
0.164957
0.211045
0.155971
0.047168
0.220950
0.041224
0.150999
0.036193
0.062013
0.373505
0.189233
0.051362
0.238977
0.064800
0.315194
0.220965
0.140346
0.021505
0.140605
0.005625
0.120077
0.041193
0.047742
0.178009
0.039884
0.084612
0.066547
0.121958
0.050075
0.246466
0.042336
0.070341
0.180724
0.036750
0.102567
0.084126
0.075820
0.121520
0.129083
0.056150
0.152414
0.040379
0.064800
0.026344
0.030445
0.266150
0.147171
0.018822
0.163726
0.010832
0.172043
0.136501
0.065094
0.079807
0.092840
0.049863
0.050865
0.026986
0.023374
0.138719
0.019722
0.069796
0.035155
0.064846
0.027567
0.173055
0.065029
0.025089
0.126940
0.018687
0.024573
0.042670
0.022151
0.047607
0.051762
0.016785
0.154385
0.099328
0.100436
0.080258
0.085110
0.014611
0.071446
0.024348
0.080185
0.303453
0.021316
0.039716
0.096095
0.009364
0.131902
0.037455
0.080154
0.090814
0.010171
0.126592
0.037482
0.051457
0.044087
0.113325
0.026497
0.079554
0.068918
0.015392
0.100769
0.058505
0.062173
0.031782
0.027696
0.050968
0.126077
0.077316
0.066539
0.079779
0.124418
0.036050
0.044906
0.056356
0.057894
0.275798
0.044549
0.043707
0.058552
0.015530
0.090654
0.042147
0.053617
0.077007
0.032252
0.097042
0.013849
0.032676
0.036005
0.086868
0.070364
0.043248
0.069895
0.031148
0.070216
0.025251
0.097213
0.082879
0.048839
0.114892
0.061752
0.076844
0.065347
0.114797
0.051327
0.067597
0.042715
0.058803
0.190799
0.034996
0.012315
0.125378
0.036818
0.142090
0.025132
0.070568
0.070988
0.049099
0.091590
0.064591
0.038829
0.025537
0.075100
0.056949
0.115581
0.043255
0.036862
0.076740
0.095572
0.100290
0.014111
0.178180
0.119731
0.130804
0.094507
0.073825
0.026553
0.105693
0.019094
0.103993
0.283983
0.014709
0.032192
0.155159
0.029186
0.188742
0.041996
0.113427
0.111110
0.024794
0.152391
0.082139
0.070644
0.049351
0.131906
0.018734
0.141155
0.078772
0.019928
0.131421
0.072783
0.079518
0.196128
0.090035
0.123165
0.149726
0.127133
0.063783
0.094124
0.080277
0.098417
0.315256
0.072765
0.091068
0.094951
0.042423
0.137193
0.064067
0.109996
0.139153
0.055437
0.156545
0.030524
0.088805
0.076237
0.154146
0.079650
0.065048
0.132361
0.070586
0.126724
0.097622
0.071194
0.101130
0.034330
0.038055
0.201382
0.081402
0.018932
0.110015
0.039961
0.293523
0.095446
0.064690
0.021222
0.043420
0.036994
0.061479
0.017302
0.031946
0.068790
0.053186
0.025448
0.022243
0.056473
0.051498
0.126096
0.021970
0.043962
0.070862
0.034197
0.213674
0.137937
0.153054
0.119180
0.054655
0.012202
0.121723
0.010834
0.128400
0.324952
0.010936
0.053509
0.151542
0.024388
0.201486
0.060430
0.129929
0.134671
0.010857
0.182800
0.078120
0.084162
0.066388
0.157580
0.010735
0.136738
0.108930
0.012534
0.153494
0.118782
0.021017
0.040086
0.352808
0.193296
0.043894
0.218451
0.046344
0.228656
0.199251
0.097649
0.068766
0.142841
0.035264
0.099132
0.029951
0.025213
0.186626
0.012919
0.109443
0.049503
0.097667
0.023797
0.239181
0.088939
0.035078
0.171401
0.021572
0.072237
0.106239
0.181432
0.124381
0.061061
0.120728
0.045650
0.139466
0.106488
0.063267
0.135002
0.079298
0.126736
0.052116
0.074519
0.098912
0.125714
0.079769
0.067145
0.064009
0.056464
0.084780
0.141156
0.103148
0.078418
0.110476
0.066553
0.029275
0.277025
0.137851
0.015579
0.158018
0.017982
0.219135
0.139220
0.059590
0.042052
0.086988
0.028714
0.057725
0.012905
0.017556
0.126552
0.009668
0.056029
0.016264
0.058193
0.011712
0.178790
0.050117
0.027687
0.114599
0.004889
0.243953
0.116253
0.024602
0.133269
0.032242
0.242014
0.113297
0.055107
0.063222
0.074805
0.050225
0.056549
0.018853
0.010260
0.106664
0.026502
0.075198
0.024206
0.058858
0.020954
0.146685
0.069385
0.009818
0.095480
0.023220
0.068272
0.226162
0.044134
0.231565
0.349795
0.052056
0.133161
0.279164
0.083970
0.338808
0.144822
0.241048
0.257475
0.072961
0.307782
0.159789
0.188712
0.141008
0.285054
0.049428
0.241955
0.222349
0.075802
0.272035
0.109988
0.013197
0.121268
0.312869
0.016493
0.048464
0.124451
0.018265
0.172015
0.062129
0.114871
0.129294
0.010333
0.167240
0.053110
0.075542
0.051502
0.145803
0.016894
0.109617
0.098797
0.010016
0.138581
0.128490
0.011461
0.214268
0.106765
0.050160
0.045877
0.060287
0.037582
0.047674
0.007154
0.019685
0.100924
0.020373
0.036726
0.015520
0.047266
0.028491
0.148195
0.037916
0.022538
0.089990
0.011724
0.136740
0.300283
0.007483
0.044548
0.168312
0.026254
0.216875
0.067801
0.135829
0.148443
0.018922
0.187175
0.077188
0.087928
0.056106
0.164341
0.013150
0.148281
0.113214
0.011891
0.158708
0.180139
0.111624
0.050683
0.065288
0.068524
0.051036
0.034691
0.018540
0.022380
0.111011
0.022622
0.049834
0.021350
0.048432
0.025065
0.150051
0.055030
0.026088
0.099889
0.012688
0.276244
0.195291
0.333329
0.275494
0.292959
0.224043
0.227531
0.232486
0.329561
0.203430
0.255266
0.221784
0.205464
0.200191
0.332431
0.298009
0.204694
0.286233
0.203276
0.033904
0.155742
0.018769
0.198021
0.053922
0.116604
0.127525
0.021614
0.167441
0.065171
0.071562
0.041685
0.141024
0.019598
0.130714
0.097018
0.009076
0.138378
0.108318
0.031969
0.122186
0.031446
0.055251
0.061186
0.051518
0.075786
0.045277
0.023824
0.014450
0.061135
0.066614
0.096204
0.035616
0.029549
0.061446
0.088139
0.019459
0.090675
0.036879
0.049960
0.109778
0.060045
0.046035
0.048179
0.090583
0.061191
0.175373
0.021900
0.069479
0.120560
0.046492
0.120157
0.031702
0.064588
0.081013
0.016689
0.113509
0.027136
0.037556
0.025557
0.094376
0.039256
0.065736
0.064042
0.015923
0.087024
0.099268
0.028463
0.037172
0.159967
0.030605
0.069944
0.054768
0.102582
0.041741
0.225162
0.029964
0.055058
0.166097
0.029108
0.054243
0.055678
0.053675
0.071472
0.049133
0.033231
0.031237
0.061619
0.069586
0.076459
0.041664
0.053636
0.058371
0.012347
0.104489
0.017041
0.044890
0.014331
0.048896
0.020149
0.158778
0.037706
0.019636
0.095214
0.009873
0.115990
0.018304
0.070074
0.019696
0.063165
0.014632
0.164227
0.059863
0.016758
0.107618
0.013485
0.158794
0.051746
0.067677
0.058575
0.139388
0.019942
0.100311
0.095928
0.013321
0.130039
0.080154
0.031985
0.075560
0.015239
0.206003
0.067841
0.023614
0.144674
0.006675
0.032360
0.032032
0.076015
0.092585
0.023708
0.061823
0.051469
0.058604
0.025159
0.020805
0.110708
0.048163
0.020912
0.054053
0.018472
0.056786
0.079799
0.067354
0.039641
0.039463
0.059708
0.187505
0.067740
0.022836
0.120846
0.011923
0.159700
0.128015
0.025519
0.178159
0.071212
0.110459
0.052844
0.082600
0.022356
0.116001
