0.678888
0.764539
0.738705
0.644507
0.668061
0.607146
0.621291
0.743375
0.678819
0.549154
0.798763
0.683436
0.642662
0.727945
0.781163
0.739386
0.717795
0.525512
0.726804
0.769508
0.586064
0.640450
0.589115
0.724728
0.566749
0.639607
0.658723
0.750654
0.618393
0.652392
0.541796
0.695093
0.509319
0.673140
0.636881
0.815925
0.615361
0.695347
0.499625
0.560746
0.717170
0.668002
0.664935
0.722323
0.792216
0.663700
0.804876
0.772457
0.672610
0.768321
0.721707
0.615167
0.667960
0.582343
0.743671
0.743252
0.591605
0.631026
0.667967
0.744604
0.639037
0.588047
0.643610
0.558881
0.788809
0.680658
0.689579
0.623148
0.627451
0.664876
0.585111
0.628096
0.620581
0.601301
0.600928
0.726145
0.549310
0.567288
0.566716
0.767271
0.643788
0.585318
0.587584
0.741513
0.676416
0.547650
0.777687
0.541622
0.632749
0.684729
0.641644
0.637529
0.760679
0.681359
0.652986
0.693276
0.564965
0.704003
0.655911
0.846937
0.688070
0.680934
0.598405
0.691212
0.624305
0.765804
0.741294
0.727433
0.781742
0.579014
0.577029
0.786522
0.798597
0.735180
0.799792
0.696063
0.423584
0.678776
0.682557
0.579009
0.758241
0.733027
0.754474
0.732172
0.711059
0.715282
0.724895
0.640795
0.834531
0.788767
0.623227
0.744044
0.818416
0.739068
0.690632
0.656675
0.698378
0.778058
0.694288
0.776671
0.774738
0.704036
0.803315
0.724153
0.693528
0.783374
0.728250
0.701607
0.769912
0.697539
0.585452
0.713900
0.796166
0.503573
0.787786
0.710282
0.596181
0.685191
0.777540
0.730000
0.758159
0.701250
0.580089
0.606775
0.721241
0.691223
0.719449
0.734706
0.829298
0.728565
0.694174
0.661806
0.767601
0.642760
0.740552
0.754342
0.811002
0.723292
0.709781
0.732756
0.602650
0.783847
0.627013
0.803140
0.689415
0.611970
0.762745
0.754981
0.736408
0.768430
0.547129
0.531428
0.586090
0.537853
0.480579
0.522271
0.581598
0.623775
0.586428
0.546869
0.577509
0.515560
0.578704
0.524525
0.509191
0.608806
0.453884
0.491362
0.476228
0.609274
0.380248
0.366529
0.479356
0.620684
0.457923
0.438474
0.458481
0.651498
0.481831
0.518095
0.400386
0.795313
0.495739
0.581340
0.665684
0.402287
0.516456
0.509105
0.492604
0.545758
0.554901
0.559655
0.616880
0.602267
0.436119
0.556046
0.705884
0.624988
0.565001
0.620793
0.565027
0.762585
0.716813
0.461796
0.738318
0.685266
0.686626
0.571162
0.469027
0.660129
0.451196
0.600190
0.588972
0.485434
0.426948
0.492347
0.517798
0.348942
0.446612
0.497330
0.681607
0.731410
0.635326
0.525066
0.466644
0.812745
0.605936
0.632292
0.764585
0.520510
0.683308
0.606261
0.513901
0.560605
0.502261
0.611035
0.681772
0.707989
0.450800
0.732929
0.751168
0.498987
0.547760
0.713875
0.643682
0.599404
0.639758
0.706657
0.624256
0.608480
0.636005
0.621826
0.630396
0.561707
0.508154
0.474572
0.638027
0.478927
0.528592
0.559368
0.599948
0.466479
0.532911
0.528596
0.815876
0.564828
0.532604
0.561206
0.779060
0.630203
0.585871
0.651016
0.509010
0.576675
0.578365
0.448236
0.629619
0.629272
0.557614
0.715301
0.792876
0.500823
0.545138
0.575285
0.618018
0.748345
0.759502
0.597023
0.746089
0.714000
0.630111
0.589091
0.581851
0.632924
0.762885
0.596994
0.641056
0.686701
0.656228
0.630846
0.552933
0.686907
0.746859
0.644976
0.654922
0.654022
0.613341
0.498798
0.762812
0.584518
0.803513
0.617253
0.658492
0.673506
0.595557
0.530368
0.568205
0.678299
0.670060
0.696214
0.751545
0.685669
0.646299
0.644584
0.582439
0.607560
0.674415
0.823239
0.703654
0.734065
0.615287
0.474725
0.683514
0.661241
0.634594
0.768255
0.465906
0.536696
0.717005
0.680775
0.478787
0.552811
0.695521
0.616747
0.682600
0.661280
0.717621
0.589542
0.597295
0.693744
0.597971
0.817873
0.651314
0.700767
0.789243
0.550693
0.636566
0.615693
0.723751
0.664601
0.703310
0.689534
0.643201
0.710996
0.622964
0.584918
0.545501
0.667522
0.630374
0.614947
0.722564
0.633046
0.649280
0.588694
0.568535
0.582645
0.496478
0.553829
0.522240
0.609584
0.487221
0.495401
0.555368
0.562152
0.490246
0.498380
0.555500
0.718515
0.635941
0.499328
0.447828
0.836369
0.543334
0.594603
0.724002
0.402291
0.611551
0.473572
0.525234
0.575471
0.647103
0.597338
0.571976
0.678477
0.459249
0.703068
0.732037
0.525180
0.656163
0.634271
0.473908
0.664966
0.588789
0.652748
0.759397
0.528370
0.403919
0.583283
0.571200
0.514687
0.498930
0.607984
0.670779
0.545331
0.612281
0.520354
0.716973
0.483535
0.612511
0.572720
0.739986
0.559100
0.714524
0.596889
0.478665
0.629420
0.526069
0.581591
0.620123
0.681180
0.645089
0.677580
0.702177
0.594416
0.726450
0.721441
0.660799
0.732158
0.633184
0.643050
0.822747
0.532989
0.661348
0.637042
0.655321
0.644915
0.623273
0.612227
0.505283
0.653011
0.642729
0.626691
0.495701
0.663925
0.786106
0.667710
0.597160
0.544949
0.865023
0.682703
0.656196
0.819868
0.587358
0.717044
0.686124
0.714156
0.697295
0.654231
0.684343
0.510455
0.633635
0.603726
0.582263
0.834999
0.685203
0.718661
0.664137
0.643859
0.803204
0.756407
0.688007
0.699796
0.610005
0.766579
0.674587
0.715674
0.722152
0.747909
0.709175
0.673813
0.463175
0.795063
0.683966
0.695174
0.688309
0.864813
0.645555
0.699941
0.709062
0.586628
0.685754
0.781639
0.704786
0.810561
0.685162
0.555531
0.675869
0.549612
0.687052
0.753751
0.616018
0.520928
0.586354
0.566601
0.683449
0.735216
0.610142
0.580680
0.563282
0.571829
0.624340
0.608575
0.635281
0.741655
0.620171
0.676263
0.495895
0.747827
0.582178
0.642122
0.636672
0.764636
0.628742
0.654326
0.693922
0.437488
0.622606
0.600897
0.647655
0.584372
0.555625
0.612802
0.608261
0.602221
0.615858
0.696184
0.779602
0.799855
0.607240
0.523000
0.675093
0.500358
0.632434
0.599646
0.563008
0.493746
0.565291
0.493584
0.537671
0.281172
0.493892
0.709661
0.819811
0.671458
0.670661
0.531141
0.786179
0.611243
0.637439
0.799761
0.591228
0.704777
0.526000
0.395688
0.548375
0.518848
0.696136
0.718809
0.787809
0.522481
0.556671
0.741596
0.701587
0.607733
0.742900
0.579319
0.603428
0.560452
0.577431
0.533520
0.627927
0.576999
0.738045
0.606972
0.672218
0.565363
0.660925
0.657331
0.675996
0.689598
0.679060
0.665910
0.768935
0.787159
0.598846
0.544841
0.734428
0.691659
0.618879
0.661937
0.642877
0.498037
0.701099
0.637931
0.620996
0.754347
0.679218
0.722068
0.639988
0.478954
0.655903
0.624321
0.531201
0.548603
0.688800
0.654298
0.687348
0.648651
0.550953
0.689344
0.535817
0.627037
0.626938
0.786802
0.676431
0.701213
0.713897
0.467504
0.562473
0.578901
0.686522
0.668853
0.660857
0.690116
0.533610
0.631399
0.622133
0.699936
0.659967
0.817842
0.651183
0.584633
0.723919
0.692980
0.584727
0.572227
0.704215
0.670336
0.680408
0.678622
0.581258
0.722160
0.544572
0.689958
0.581031
0.856058
0.584681
0.745573
0.780123
0.548908
0.649118
0.594040
0.611754
0.753260
0.654919
0.648364
0.665037
0.634344
0.647585
0.598870
0.707086
0.407386
0.673958
0.583446
0.686408
0.517433
0.642771
0.495834
0.743268
0.475998
0.583605
0.501169
0.558890
0.598265
0.640460
0.583181
0.812419
0.555731
0.592630
0.638189
0.541939
0.660834
0.586689
0.605051
0.592109
0.625162
0.555442
0.736794
0.631923
0.585655
0.666629
0.408468
0.614301
0.609125
0.544178
0.483233
0.469687
0.485652
0.571419
0.449363
0.513800
0.601282
0.572903
0.641320
0.571093
0.494576
0.772082
0.563721
0.663810
0.806998
0.534601
0.607423
0.519531
0.547869
0.467825
0.515574
0.591448
0.618012
0.684666
0.511324
0.637053
0.702079
0.455102
0.812483
0.565482
0.567337
0.544250
0.716359
0.622408
0.527368
0.620767
0.795356
0.643432
0.652208
0.501910
0.834347
0.759743
0.574933
0.717785
0.607134
0.644247
0.619228
0.682845
0.606425
0.759864
0.608330
0.707540
0.803928
0.483654
0.569065
0.563638
0.565748
0.421725
0.472709
0.418371
0.563587
0.415717
0.490057
0.451825
0.549428
0.498766
0.593074
0.485301
0.755027
0.451060
0.628630
0.656763
0.451394
0.595247
0.410869
0.432763
0.473148
0.494210
0.503674
0.620503
0.650804
0.458729
0.536380
0.624847
0.408932
0.505407
0.674074
0.650988
0.501692
0.595350
0.533624
0.714996
0.506692
0.633007
0.555763
0.667240
0.607938
0.714572
0.651208
0.440389
0.613149
0.570773
0.584233
0.620833
0.652300
0.637433
0.647312
0.722470
0.538777
0.704768
0.416611
0.491958
0.545125
0.703510
0.457017
0.424861
0.461709
0.710475
0.578761
0.529970
0.485340
0.803559
0.690282
0.464670
0.605614
0.445998
0.584419
0.634733
0.558646
0.454407
0.681822
0.422996
0.688410
0.795255
0.446947
0.577057
0.588203
0.598314
0.362175
0.515395
0.589416
0.727214
0.745293
0.664092
0.658530
0.604445
0.779853
0.421227
0.711588
0.813616
0.580780
0.659236
0.602187
0.586301
0.609548
0.446657
0.696390
0.529936
0.650890
0.590450
0.420351
0.441696
0.522114
0.404882
0.446822
0.518610
0.656164
0.448276
0.543234
0.403076
0.779996
0.566492
0.508092
0.657016
0.424011
0.485014
0.504129
0.452672
0.444348
0.537651
0.447357
0.559256
0.725957
0.401128
0.481578
0.531144
0.416545
0.433502
0.517613
0.702280
0.367442
0.392633
0.223153
0.742864
0.529531
0.573565
0.645577
0.425410
0.449165
0.499992
0.397333
0.516934
0.607125
0.548136
0.583182
0.665044
0.280247
0.635603
0.482408
0.457071
0.543122
0.654405
0.524025
0.582044
0.470472
0.641773
0.542266
0.592147
0.704254
0.564577
0.560742
0.492823
0.542057
0.446803
0.551689
0.591576
0.684485
0.693028
0.459583
0.511653
0.621021
0.692376
0.836171
0.645909
0.625800
0.543611
0.876855
0.613477
0.710500
0.829243
0.552262
0.628651
0.606072
0.430294
0.657683
0.528745
0.589972
0.563177
0.704892
0.528542
0.448148
0.521394
0.731679
0.523570
0.490652
0.404375
0.722975
0.517714
0.538559
0.675895
0.434706
0.619993
0.531801
0.286512
0.477432
0.463259
0.495436
0.636710
0.714064
0.345999
0.584367
0.679277
0.577857
0.508487
0.465061
0.770685
0.489728
0.483099
0.701410
0.484388
0.575938
0.572462
0.562648
0.486789
0.590319
0.579688
0.657039
0.681741
0.505624
0.614281
0.463261
0.546027
0.514040
0.844778
0.542675
0.608923
0.565924
0.317533
0.524186
0.586113
0.475367
0.597734
0.699940
0.392778
0.591928
0.630365
0.501969
0.632286
0.761939
0.687938
0.842335
0.671569
0.737949
0.682987
0.642363
0.723262
0.667143
0.787146
0.736715
0.760576
0.738022
0.775038
0.814453
0.719086
0.586049
0.445550
0.745930
0.521354
0.571785
0.432273
0.490835
0.532233
0.521443
0.495670
0.601071
0.668510
0.588347
0.669500
0.659933
0.440177
0.417771
0.818654
0.605270
0.604452
0.644560
0.476536
0.560862
0.644721
0.545844
0.533462
0.690140
0.582561
0.582183
0.693835
0.455653
0.794335
0.533372
0.524540
0.674090
0.460524
0.471927
0.557597
0.430189
0.509144
0.607150
0.518050
0.603219
0.639054
0.182860
0.795339
0.898719
0.860445
0.854737
0.810337
0.797538
0.760593
0.828101
0.846925
0.865308
0.834496
0.815029
0.691626
0.716440
0.682305
0.469383
0.662805
0.570940
0.580457
0.614328
0.541257
0.652096
0.593263
0.475937
0.567625
0.693507
0.597964
0.639701
0.701039
0.671446
0.565851
0.712262
0.524375
0.741000
0.773824
0.530287
0.629226
0.690159
0.694174
0.687010
0.696100
0.795810
0.660877
0.836076
0.860304
0.668386
0.529457
0.453428
0.459676
0.441075
0.598330
0.457760
0.500266
0.626160
0.429771
0.630568
0.541451
0.490767
0.692373
0.614172
0.451727
0.642831
0.493902
0.527400
0.529218
0.591190
0.668517
0.703747
0.720119
0.569610
0.590239
0.604839
0.511029
0.607867
0.731756
0.377635
0.608615
0.586631
0.646783
0.720420
0.505634
0.688787
0.668980
0.693563
0.580822
0.633752
0.764709
0.466743
0.529999
0.574816
0.670569
