0.707917
0.518808
0.679720
0.434181
0.449653
0.381289
0.580341
0.473957
0.543454
0.599853
0.498623
0.526183
0.352274
0.732424
0.577690
0.609494
0.566712
0.526452
0.441215
0.487326
0.399220
0.486971
0.665324
0.402324
0.633231
0.588786
0.337831
0.621987
0.603399
0.571290
0.621188
0.516802
0.474675
0.533560
0.597638
0.522240
0.530724
0.532417
0.639989
0.333740
0.694962
0.503309
0.549533
0.599344
0.646352
0.485919
0.610216
0.573235
0.475886
0.655694
0.769924
0.656027
0.832253
0.732787
0.762027
0.760677
0.675498
0.725773
0.740589
0.523792
0.669321
0.671805
0.637523
0.759990
0.742013
0.767310
0.831843
0.695845
0.680791
0.746262
0.709368
0.687273
0.657309
0.720533
0.668962
0.793460
0.668925
0.632448
0.756704
0.729386
0.748592
0.808669
0.631267
0.726914
0.613861
0.715599
0.783528
0.726629
0.725473
0.628960
0.762530
0.756710
0.806170
0.718305
0.570646
0.653462
0.655985
0.595328
0.454186
0.496415
0.560644
0.472428
0.525597
0.524013
0.478187
0.505530
0.482526
0.394440
0.586522
0.572647
0.548620
0.496796
0.539867
0.567290
0.629416
0.592525
0.462439
0.613771
0.595470
0.620084
0.508476
0.532368
0.485305
0.533848
0.294967
0.488902
0.499619
0.555652
0.538559
0.533584
0.461428
0.543906
0.575128
0.588352
0.601654
0.776288
0.489932
0.621994
0.531205
0.555447
0.559948
0.594129
0.491493
0.495149
0.673609
0.651197
0.604652
0.712422
0.667549
0.707743
0.687660
0.690179
0.655066
0.617449
0.308456
0.669802
0.564941
0.758437
0.663432
0.683729
0.664632
0.680009
0.686215
0.769718
0.796039
0.704227
0.692001
0.702409
0.550087
0.698561
0.674332
0.682483
0.669325
0.722998
0.658354
0.737013
0.723339
0.688363
0.736026
0.802895
0.762303
0.958634
0.592963
0.680717
0.694179
0.711930
0.712299
0.725144
0.696879
0.657295
0.571412
0.553141
0.559463
0.467017
0.529410
0.530892
0.514399
0.493867
0.377309
0.690595
0.616123
0.672079
0.465204
0.546029
0.598119
0.540680
0.537259
0.461174
0.579102
0.528515
0.682784
0.518262
0.444687
0.625371
0.498615
0.495266
0.581042
0.546152
0.519859
0.547976
0.547946
0.557275
0.502258
0.551795
0.593588
0.602820
0.737274
0.472933
0.561332
0.524129
0.564048
0.442546
0.630247
0.563970
0.474499
0.590863
0.599381
0.510891
0.724117
0.479360
0.558916
0.648076
0.536784
0.718987
0.577049
0.693512
0.627198
0.610407
0.509821
0.579504
0.547474
0.531041
0.606911
0.606547
0.707817
0.591217
0.471183
0.570096
0.670054
0.605694
0.573361
0.624822
0.468215
0.692648
0.733618
0.478769
0.626276
0.665161
0.651403
0.465962
0.820539
0.552099
0.604346
0.690007
0.689222
0.611837
0.718312
0.599849
0.553963
0.514413
0.473626
0.541867
0.532371
0.499334
0.504916
0.472233
0.694565
0.542590
0.577198
0.658405
0.468237
0.366364
0.543106
0.514657
0.527982
0.773231
0.552071
0.572350
0.633091
0.488774
0.380003
0.619745
0.679874
0.520832
0.571481
0.535747
0.600234
0.462038
0.521987
0.620162
0.539762
0.679306
0.546957
0.793962
0.524025
0.508289
0.662596
0.589575
0.724450
0.667458
0.678270
0.529325
0.613315
0.555853
0.551734
0.626968
0.538851
0.535888
0.727915
0.664712
0.474993
0.626991
0.556311
0.666059
0.702118
0.567924
0.615220
0.696018
0.647163
0.700551
0.713630
0.562234
0.528373
0.544350
0.540636
0.633486
0.631800
0.696412
0.592242
0.471848
0.639852
0.600361
0.603648
0.725134
0.623061
0.789431
0.514296
0.641521
0.646415
0.321460
0.654156
0.689058
0.621727
0.539988
0.525753
0.391382
0.250174
0.514269
0.381561
0.700504
0.484666
0.614285
0.520927
0.531025
0.465739
0.473816
0.602009
0.463574
0.706254
0.674477
0.612521
0.565905
0.491232
0.489805
0.570547
0.591668
0.447163
0.545496
0.494124
0.560121
0.602517
0.413449
0.623031
0.537182
0.547347
0.582516
0.898397
0.548597
0.436218
0.670715
0.648315
0.609451
0.596639
0.494250
0.481032
0.641617
0.647699
0.506142
0.491104
0.698800
0.572536
0.526117
0.607240
0.536504
0.670289
0.540725
0.671619
0.576110
0.682119
0.659241
0.595599
0.634900
0.559987
0.687577
0.460363
0.545695
0.603607
0.564955
0.706794
0.586205
0.637103
0.499132
0.545722
0.618726
0.569234
0.692162
0.754794
0.513131
0.554488
0.625674
0.697314
0.634744
0.481357
0.461835
0.444181
0.410647
0.501787
0.502254
0.699199
0.545402
0.691563
0.569619
0.627950
0.595430
0.629816
0.712194
0.569117
0.711038
0.685283
0.665502
0.588693
0.625850
0.490070
0.654873
0.522500
0.388665
0.615980
0.578790
0.658710
0.528190
0.348446
0.629661
0.574326
0.505513
0.687857
0.915107
0.527483
0.641836
0.673242
0.616266
0.590739
0.678129
0.632485
0.517303
0.507121
0.428536
0.705217
0.536887
0.672569
0.600660
0.596425
0.489242
0.551129
0.548641
0.542258
0.666679
0.684997
0.656710
0.589911
0.563906
0.504630
0.632525
0.580359
0.459179
0.503380
0.507091
0.607415
0.556416
0.536377
0.620585
0.536530
0.656306
0.614916
0.936056
0.567019
0.614871
0.652372
0.650863
0.560299
0.605002
0.590042
0.569517
0.423022
0.603179
0.534359
0.526508
0.601443
0.512482
0.538084
0.584495
0.470315
0.499456
0.527070
0.591108
0.603473
0.600001
0.492638
0.597597
0.455922
0.464858
0.561579
0.509825
0.561695
0.596271
0.399279
0.546968
0.421239
0.450574
0.572256
0.604040
0.896496
0.320295
0.496936
0.612859
0.623088
0.634607
0.599114
0.539595
0.379875
0.619452
0.517406
0.517084
0.397312
0.532980
0.472596
0.455617
0.537651
0.347744
0.657232
0.517328
0.535046
0.494290
0.385752
0.535943
0.542121
0.452968
0.439749
0.395613
0.472373
0.272679
0.514977
0.398436
0.488870
0.364007
0.582405
0.509995
0.764660
0.425948
0.549378
0.372327
0.496501
0.441703
0.518967
0.455025
0.428422
0.538997
0.610349
0.796980
0.678067
0.749856
0.693245
0.714886
0.675865
0.716610
0.756237
0.544767
0.749746
0.698638
0.613220
0.668715
0.619813
0.699691
0.644347
0.712521
0.619278
0.728037
0.735677
0.635931
0.740993
0.762482
0.746406
0.964910
0.590029
0.717548
0.700275
0.810626
0.766397
0.520628
0.591554
0.639503
0.647361
0.681921
0.562500
0.560486
0.499989
0.628362
0.587770
0.609236
0.624781
0.171160
0.658366
0.598630
0.588289
0.675462
0.619918
0.548359
0.617991
0.610559
0.662003
0.682226
0.535414
0.633297
0.607106
0.684722
0.639294
0.911828
0.557156
0.581215
0.685613
0.752179
0.749090
0.451510
0.550276
0.538889
0.718134
0.619152
0.648695
0.592263
0.613192
0.586239
0.705663
0.694098
0.671400
0.641688
0.613769
0.366970
0.540014
0.635581
0.679399
0.600459
0.707563
0.460800
0.566263
0.696263
0.612805
0.567878
0.793907
0.696602
0.845955
0.582624
0.638378
0.654946
0.478151
0.679687
0.635479
0.589303
0.520787
0.702883
0.613029
0.674662
0.694005
0.518142
0.711061
0.598366
0.694662
0.653754
0.551332
0.711954
0.681611
0.489311
0.599067
0.529536
0.595417
0.514443
0.631004
0.514523
0.634456
0.531116
0.688073
0.647811
0.774784
0.567391
0.683613
0.539793
0.587992
0.543297
0.713780
0.601385
0.612859
0.559723
0.616326
0.623509
0.573049
0.645805
0.730270
0.591435
0.580674
0.594534
0.613916
0.459426
0.576183
0.648960
0.569364
0.686076
0.664395
0.593413
0.583119
0.557316
0.631153
0.591694
0.616352
0.897722
0.480817
0.499283
0.646681
0.670230
0.636308
0.611977
0.597190
0.451288
0.587340
0.503563
0.491506
0.750516
0.590631
0.625060
0.663842
0.528536
0.544522
0.722018
0.700712
0.537689
0.517067
0.513278
0.638651
0.637638
0.520269
0.705107
0.583255
0.698305
0.516712
0.893288
0.511062
0.554878
0.628690
0.693136
0.742496
0.720139
0.687500
0.564304
0.613423
0.495228
0.690915
0.680651
0.581065
0.627428
0.481001
0.583519
0.637219
0.655605
0.617558
0.628996
0.514227
0.696883
0.691337
0.594404
0.557681
0.651093
0.729857
0.635690
0.899939
0.576477
0.540280
0.623351
0.761223
0.589202
0.584024
0.558202
0.567763
0.591615
0.595815
0.549836
0.673850
0.645797
0.430931
0.684783
0.600293
0.567041
0.721657
0.614787
0.529341
0.690499
0.559936
0.714070
0.516101
0.603007
0.772579
0.382155
0.834906
0.479562
0.569000
0.679607
0.675042
0.589307
0.690029
0.593793
0.574097
0.662229
0.650966
0.634215
0.538016
0.453912
0.581646
0.635132
0.529825
0.550098
0.430946
0.481844
0.502011
0.618476
0.518387
0.550444
0.520025
0.629894
0.530817
0.849477
0.501099
0.540021
0.500829
0.578195
0.572055
0.639232
0.500173
0.535825
0.675017
0.735094
0.604420
0.637597
0.783052
0.609884
0.546477
0.715049
0.640879
0.683825
0.772133
0.675143
0.747955
0.452862
0.655898
0.704377
0.593598
0.874041
0.489079
0.620641
0.736300
0.792165
0.604093
0.660702
0.509153
0.599764
0.611776
0.690014
0.519197
0.712530
0.749949
0.684892
0.692092
0.645909
0.556077
0.601176
0.750597
0.624834
0.630060
0.525094
0.735032
0.513138
0.574352
0.585749
0.696430
0.679267
0.628295
0.710057
0.685005
0.660604
0.606744
0.681552
0.622933
0.684133
0.700703
0.656198
0.693034
0.639176
0.648625
0.647497
0.746091
0.616789
0.642921
0.633266
0.725143
0.673494
0.914354
0.582137
0.605897
0.679378
0.756962
0.759639
0.446579
0.573168
0.609306
0.629386
0.610237
0.555255
0.511903
0.665987
0.551273
0.631505
0.630290
0.633844
0.632920
0.503233
0.663595
0.710941
0.683470
0.913104
0.536121
0.587486
0.610246
0.717378
0.504543
0.666231
0.580801
0.517298
0.663135
0.608799
0.523928
0.590517
0.552416
0.356779
0.578872
0.634673
0.543033
0.529203
0.573376
0.667811
0.315169
0.715318
0.476425
0.543595
0.593143
0.652427
0.487041
0.613241
0.543256
0.500491
0.663416
0.647073
0.560015
0.628118
0.615766
0.486829
0.513123
0.622567
0.684323
0.640987
0.722731
0.744941
0.898399
0.637729
0.625700
0.717860
0.477095
0.735126
0.697552
0.697928
0.610477
0.501211
0.674879
0.634137
0.707802
0.665545
0.541634
0.631198
0.386258
0.682502
0.576234
0.638301
0.876456
0.431205
0.474618
0.670190
0.685939
0.601436
0.600962
0.599730
0.262429
0.534156
0.501088
0.562145
0.586303
0.526998
0.578241
0.417142
0.555189
0.568901
0.571154
0.841508
0.494328
0.621875
0.558141
0.613904
0.429525
0.613303
0.470756
0.488718
0.578257
0.549349
0.643173
0.584435
0.277422
0.714423
0.530053
0.526091
0.658845
0.889504
0.607116
0.629748
0.625444
0.670471
0.639596
0.619883
0.611342
0.563940
0.564627
0.420202
0.651098
0.597876
0.530981
0.506007
0.689668
0.596386
0.851921
0.485076
0.654609
0.349727
0.526359
0.528226
0.626211
0.540812
0.594988
0.650013
0.690153
0.557290
0.603256
0.548271
0.701018
0.421097
0.884309
0.564869
0.604735
0.662360
0.691779
0.613253
0.705144
0.629256
0.561602
0.671688
0.638148
0.607476
0.476272
0.694909
0.637040
0.767281
0.598453
0.673718
0.410930
0.435155
0.582576
0.629480
0.593754
0.617760
0.659770
0.531289
0.591635
0.714118
0.687002
0.930301
0.480148
0.623377
0.656789
0.543234
0.675678
0.669727
0.698597
0.536548
0.691922
0.606107
0.402474
0.622564
0.839630
0.557293
0.566206
0.603740
0.755997
0.665650
0.588166
0.543844
0.477141
0.610410
0.578708
0.496055
0.827948
0.423185
0.484350
0.600110
0.657874
0.522222
0.587438
0.511231
0.452675
0.730517
0.603468
0.841841
0.504327
0.638740
0.553176
0.549640
0.563782
0.668757
0.597273
0.552976
0.730077
0.903080
0.535838
0.573425
0.756945
0.788957
0.734582
0.665581
0.662083
0.566171
0.761319
0.548873
0.606951
0.659803
0.697045
0.497767
0.618442
0.541539
0.577652
0.903819
0.959495
0.821630
0.741089
0.768306
0.902682
0.782214
0.824196
0.464647
0.554984
0.607429
0.585581
0.583113
0.547143
0.434058
0.759660
0.733079
0.740180
0.585068
0.609347
0.429241
0.506092
0.511374
0.698562
0.586316
0.665105
0.620233
0.755154
0.721929
0.619077
0.687449
0.543616
0.563818
0.466996
0.554695
0.561222
