0.019781
0.023079
0.033860
0.026559
0.021047
0.028579
0.011808
0.034895
0.016548
0.027330
0.011879
0.034454
0.021544
0.018978
0.046898
0.022414
0.018088
0.028884
0.024751
0.018068
0.017986
0.025805
0.063533
0.021697
0.030124
0.044507
0.027189
0.024706
0.015751
0.019158
0.015878
0.022709
0.015069
0.022268
0.052664
0.056431
0.013959
0.013397
0.007292
0.029738
0.059894
0.032054
0.016262
0.046501
0.010840
0.043792
0.076211
0.017149
0.045551
0.033199
0.023889
0.028265
0.017550
0.035448
0.020309
0.036694
0.007814
0.027361
0.020397
0.045036
0.014623
0.016551
0.026650
0.008321
0.016814
0.035897
0.030737
0.020413
0.022072
0.012608
0.051191
0.012399
0.027385
0.043978
0.010814
0.025508
0.015931
0.016587
0.014959
0.027912
0.011566
0.019851
0.034821
0.025107
0.009862
0.020941
0.026567
0.016546
0.060362
0.050266
0.013234
0.027371
0.016424
0.048762
0.072932
0.020200
0.016285
0.049295
0.007293
0.024845
0.012245
0.017035
0.036174
0.035122
0.034520
0.009174
0.020923
0.025656
0.023255
0.055390
0.026438
0.014228
0.026028
0.012568
0.017960
0.021037
0.020415
0.052589
0.023934
0.023439
0.019733
0.024233
0.029903
0.014313
0.016548
0.014831
0.010966
0.024715
0.006358
0.040000
0.033761
0.025627
0.011687
0.018843
0.028423
0.047493
0.012631
0.014234
0.050508
0.015989
0.036103
0.067065
0.023455
0.040332
0.051897
0.013869
0.044145
0.019043
0.021687
0.015940
0.013912
0.031740
0.084301
0.013407
0.022464
0.015288
0.013579
0.027779
0.017324
0.035669
0.030324
0.027014
0.022307
0.027783
0.015863
0.021849
0.044171
0.017942
0.012588
0.027168
0.018475
0.034851
0.041206
0.021260
0.043009
0.028051
0.046649
0.012629
0.031542
0.032619
0.013963
0.035840
0.057923
0.025400
0.009936
0.022311
0.029779
0.036360
0.016373
0.026807
0.029417
0.013607
0.021411
0.037938
0.035267
0.036933
0.011824
0.014996
0.028562
0.024499
0.053955
0.024213
0.016416
0.030509
0.015258
0.020054
0.022889
0.018845
0.053395
0.023523
0.025478
0.019973
0.019715
0.033192
0.017788
0.021759
0.010020
0.011098
0.025754
0.007359
0.040307
0.032411
0.026479
0.015165
0.020977
0.023814
0.049393
0.014820
0.013595
0.052892
0.018217
0.037034
0.070300
0.030505
0.039205
0.020019
0.006690
0.017274
0.008744
0.005777
0.012426
0.060587
0.001651
0.005305
0.026403
0.007252
0.007800
0.010788
0.016397
0.015053
0.014123
0.011030
0.022141
0.008510
0.006309
0.018443
0.012258
0.006029
0.008486
0.005175
0.020257
0.017628
0.007425
0.019565
0.028436
0.031011
0.005607
0.013602
0.022734
0.014655
0.024231
0.033447
0.008325
0.011316
0.005626
0.018768
0.029380
0.001373
0.018852
0.015178
0.037168
0.032692
0.023355
0.009541
0.031476
0.019609
0.019600
0.054668
0.022262
0.011257
0.019257
0.006081
0.011734
0.014280
0.023608
0.038047
0.022035
0.013532
0.015700
0.023375
0.020454
0.011658
0.018085
0.013118
0.015084
0.018262
0.010042
0.037571
0.040906
0.022072
0.016747
0.021424
0.027421
0.033446
0.010658
0.011758
0.046585
0.015729
0.018345
0.052065
0.021104
0.037312
0.016141
0.011622
0.009078
0.006482
0.040783
0.008614
0.010973
0.026251
0.011189
0.008720
0.009328
0.010437
0.009239
0.011282
0.011944
0.028224
0.010966
0.009369
0.019685
0.013028
0.007766
0.010393
0.008005
0.013123
0.013439
0.009315
0.015464
0.027676
0.040320
0.007951
0.009424
0.009950
0.015108
0.026927
0.021047
0.008129
0.021319
0.005757
0.018014
0.038601
0.006766
0.027758
0.022051
0.014911
0.026543
0.063308
0.023219
0.025046
0.022461
0.024392
0.025380
0.012475
0.023216
0.031038
0.036073
0.015268
0.018368
0.016917
0.014607
0.022226
0.019953
0.012716
0.034969
0.018962
0.038381
0.023021
0.032144
0.037230
0.020805
0.042673
0.024501
0.025255
0.027586
0.017350
0.018655
0.036490
0.023932
0.015690
0.020809
0.024687
0.022757
0.018866
0.032166
0.014568
0.017404
0.055625
0.009171
0.013153
0.020608
0.008641
0.015118
0.024146
0.025724
0.017428
0.022102
0.011288
0.036792
0.010741
0.018139
0.036586
0.012076
0.013898
0.015864
0.011288
0.020544
0.025898
0.009100
0.025203
0.030609
0.035273
0.006347
0.017963
0.022245
0.016948
0.042267
0.046487
0.013702
0.017235
0.012153
0.036494
0.051163
0.009855
0.019508
0.017941
0.070069
0.007611
0.009987
0.029763
0.013174
0.013568
0.008812
0.017883
0.020101
0.016530
0.018366
0.017119
0.014828
0.005918
0.019869
0.019297
0.004070
0.016672
0.014843
0.027403
0.024551
0.013046
0.031017
0.030877
0.046604
0.011609
0.025282
0.025354
0.019220
0.018350
0.034418
0.015138
0.012700
0.010173
0.013397
0.023215
0.007799
0.025142
0.026035
0.013091
0.011324
0.039421
0.012590
0.004739
0.015026
0.007497
0.005286
0.009336
0.012256
0.036477
0.012789
0.012983
0.017239
0.015814
0.013663
0.008117
0.009852
0.009376
0.006341
0.009319
0.007423
0.031326
0.035048
0.011186
0.007086
0.008648
0.019908
0.032387
0.011296
0.005493
0.035078
0.006107
0.020958
0.050079
0.011972
0.030763
0.059154
0.055350
0.075830
0.050205
0.037908
0.058749
0.029934
0.031092
0.041892
0.037780
0.090003
0.045152
0.054248
0.052021
0.040927
0.060125
0.041581
0.046541
0.023063
0.026264
0.048904
0.020270
0.055676
0.055431
0.050010
0.028907
0.026316
0.047381
0.083375
0.023421
0.032808
0.091128
0.042900
0.068205
0.115614
0.059933
0.066994
0.006063
0.026882
0.005519
0.007927
0.013422
0.017977
0.014553
0.011199
0.012701
0.026362
0.008618
0.007942
0.023002
0.010808
0.007629
0.006499
0.006865
0.017241
0.020410
0.006186
0.018162
0.030456
0.030505
0.003595
0.014839
0.023560
0.013592
0.031494
0.036083
0.008243
0.014018
0.007051
0.022069
0.036786
0.003083
0.017646
0.037672
0.007198
0.005526
0.017720
0.017454
0.019038
0.013278
0.015011
0.031598
0.010501
0.009550
0.018054
0.016827
0.011589
0.006157
0.010033
0.018813
0.015251
0.007090
0.016940
0.040116
0.030398
0.009282
0.015245
0.025224
0.020657
0.032019
0.031960
0.006118
0.022007
0.003521
0.024162
0.039972
0.006758
0.019471
0.019614
0.036883
0.028245
0.041072
0.035791
0.042567
0.018201
0.031107
0.017302
0.030869
0.050228
0.013443
0.023054
0.042195
0.026166
0.038679
0.043896
0.034988
0.044222
0.018681
0.037337
0.022786
0.035164
0.040377
0.013445
0.043133
0.064142
0.031856
0.014526
0.035592
0.044743
0.047329
0.031493
0.024177
0.007378
0.017500
0.018105
0.014416
0.012244
0.009062
0.029023
0.005071
0.011676
0.024720
0.006055
0.010299
0.009121
0.009778
0.013562
0.018266
0.007050
0.015483
0.024728
0.022689
0.004868
0.015963
0.023222
0.009757
0.034653
0.035646
0.005772
0.015490
0.008402
0.026190
0.043889
0.011041
0.011448
0.014783
0.007672
0.009708
0.007682
0.011432
0.029239
0.008012
0.007266
0.013866
0.013546
0.010339
0.006456
0.010531
0.012379
0.007083
0.006880
0.008374
0.028749
0.025737
0.009104
0.012423
0.017103
0.018994
0.029280
0.017710
0.002340
0.026677
0.004517
0.020047
0.042729
0.009224
0.018561
0.013045
0.017410
0.017036
0.018358
0.014370
0.013024
0.007748
0.017516
0.018906
0.005026
0.021454
0.014207
0.026383
0.018276
0.020958
0.027613
0.021843
0.045524
0.015448
0.019929
0.017862
0.015881
0.013715
0.022640
0.015796
0.018505
0.013346
0.008776
0.019565
0.011167
0.033984
0.010777
0.011901
0.016069
0.028817
0.013929
0.007565
0.012326
0.018268
0.011770
0.014615
0.016265
0.015479
0.008095
0.018214
0.010451
0.022311
0.034101
0.017985
0.016952
0.015776
0.021863
0.023847
0.006814
0.007529
0.034968
0.011815
0.015713
0.042105
0.017839
0.027716
0.011378
0.013654
0.033803
0.016038
0.015784
0.025964
0.016137
0.014834
0.013137
0.012899
0.010619
0.015087
0.009145
0.012831
0.025560
0.038389
0.012629
0.012950
0.010623
0.019732
0.034429
0.017817
0.010142
0.034484
0.014065
0.020146
0.051470
0.015529
0.032342
0.023447
0.040164
0.015079
0.013097
0.028097
0.019552
0.011952
0.008933
0.019521
0.011093
0.017288
0.010323
0.015113
0.035686
0.044000
0.008712
0.020472
0.014551
0.022857
0.041716
0.021489
0.007878
0.035073
0.008786
0.022803
0.055794
0.014145
0.028548
0.024612
0.006983
0.013065
0.019020
0.005323
0.014626
0.017351
0.007280
0.017435
0.012684
0.014611
0.014261
0.015086
0.016542
0.012881
0.011172
0.021905
0.008477
0.028106
0.029234
0.008884
0.016419
0.013897
0.027178
0.040037
0.014467
0.016578
0.025838
0.013963
0.020993
0.029282
0.015836
0.043916
0.029303
0.051073
0.033811
0.036157
0.048642
0.022216
0.047516
0.034524
0.042893
0.048524
0.028075
0.007806
0.044503
0.031992
0.016418
0.034049
0.012978
0.007568
0.027278
0.036004
0.009745
0.023197
0.005875
0.008661
0.013685
0.009514
0.016231
0.014428
0.012863
0.015495
0.017075
0.019381
0.006861
0.013860
0.019948
0.007406
0.029839
0.030499
0.005243
0.014657
0.009841
0.025292
0.039574
0.010997
0.013059
0.010289
0.014446
0.004157
0.013563
0.012693
0.022241
0.013100
0.014514
0.019089
0.021676
0.032414
0.012451
0.019569
0.024477
0.017073
0.015005
0.021795
0.008117
0.016191
0.009565
0.011230
0.022472
0.008897
0.020265
0.024829
0.019654
0.023232
0.019856
0.030635
0.010716
0.028354
0.019377
0.032072
0.032761
0.030810
0.024423
0.036545
0.027927
0.014559
0.016992
0.016096
0.032250
0.017138
0.016317
0.027001
0.021987
0.031295
0.014518
0.015763
0.010925
0.011683
0.018895
0.015955
0.013787
0.016544
0.018084
0.008812
0.014324
0.023371
0.003957
0.036094
0.034507
0.009454
0.015896
0.014876
0.030323
0.046801
0.016458
0.012460
0.016315
0.012737
0.023533
0.017855
0.013705
0.025536
0.020192
0.040462
0.008361
0.020718
0.018435
0.014849
0.016438
0.026661
0.010834
0.012770
0.009210
0.011601
0.023344
0.007603
0.022453
0.009066
0.009937
0.016285
0.006596
0.008497
0.040676
0.031163
0.008367
0.010948
0.020314
0.020360
0.044021
0.026183
0.006080
0.031903
0.005805
0.028560
0.056807
0.008757
0.023118
0.017773
0.015322
0.010513
0.013980
0.026760
0.025764
0.009313
0.006493
0.019440
0.012684
0.029560
0.029088
0.009455
0.018223
0.008737
0.024179
0.038797
0.005581
0.022789
0.017794
0.012427
0.007695
0.036288
0.034753
0.012038
0.013272
0.013547
0.016654
0.053043
0.022787
0.009129
0.041420
0.012892
0.033225
0.071474
0.021533
0.029157
0.019970
0.009651
0.027846
0.029566
0.020618
0.011642
0.016809
0.023172
0.027823
0.009557
0.007015
0.037314
0.010098
0.024085
0.044885
0.018148
0.030733
0.016910
0.037521
0.036039
0.006288
0.014979
0.018833
0.020191
0.039582
0.032846
0.007658
0.025715
0.007424
0.024381
0.050351
0.008807
0.023581
0.032524
0.020705
0.017570
0.010883
0.020472
0.020831
0.047561
0.016078
0.007058
0.043152
0.012694
0.035393
0.067824
0.020856
0.023434
0.027492
0.029136
0.035402
0.035414
0.014905
0.027292
0.036776
0.025290
0.022284
0.035584
0.030222
0.039116
0.033256
0.024300
0.033430
0.032785
0.055779
0.023109
0.055044
0.051594
0.022470
0.034899
0.034365
0.056800
0.067838
0.037339
0.014118
0.014079
0.015825
0.011765
0.039380
0.035292
0.007477
0.017813
0.006918
0.027588
0.048447
0.006305
0.019201
0.013792
0.017167
0.040520
0.023087
0.009932
0.034867
0.010977
0.031895
0.054473
0.012472
0.035036
0.023593
0.044654
0.017830
0.015778
0.043784
0.013819
0.029835
0.062500
0.019708
0.047334
0.033429
0.037085
0.013323
0.015481
0.018348
0.028433
0.042409
0.018607
0.019320
0.032507
0.031471
0.024743
0.031615
0.008498
0.006579
0.028712
0.045488
0.018843
0.059467
0.021934
0.022287
0.056322
0.032985
0.051546
0.025484
0.004909
0.022541
0.045963
0.010496
0.017149
0.024370
0.028684
0.023178
0.016017
0.018946
0.021990
0.043068
0.005515
0.022307
0.016210
0.021644
0.043468
0.033664
0.055195
0.025111
