0.597081
0.747896
0.813017
0.686387
0.543890
0.752678
0.647534
0.831628
0.708738
0.639103
0.461680
0.676171
0.718529
0.611573
0.567384
0.663271
0.707916
0.809236
0.684292
0.652872
0.683007
0.721030
0.665900
0.685243
0.781242
0.594539
0.614654
0.692980
0.579313
0.620044
0.701950
0.436743
0.615549
0.525407
0.682498
0.567543
0.570412
0.573482
0.663562
0.622508
0.565479
0.740909
0.603125
0.630116
0.705394
0.526746
0.698578
0.323681
0.597446
0.738872
0.699482
0.539057
0.493960
0.696763
0.560263
0.709425
0.612760
0.760192
0.575126
0.647469
0.623834
0.485732
0.701054
0.768200
0.371568
0.564868
0.730522
0.611411
0.569668
0.739338
0.675767
0.656679
0.571821
0.642362
0.511334
0.700401
0.460193
0.695584
0.762493
0.454594
0.615245
0.648274
0.704850
0.464802
0.637786
0.435023
0.538594
0.619407
0.557572
0.748990
0.516459
0.626518
0.559728
0.484645
0.722265
0.640475
0.599606
0.542700
0.466587
0.768770
0.734552
0.636342
0.717528
0.488413
0.483684
0.753882
0.406169
0.573011
0.767951
0.700753
0.553325
0.685810
0.681265
0.527554
0.646080
0.632520
0.506311
0.659516
0.626122
0.694191
0.464787
0.581732
0.571832
0.576651
0.571990
0.636302
0.726528
0.607339
0.873929
0.661042
0.641952
0.539615
0.589465
0.463653
0.740242
0.576268
0.606089
0.526358
0.524935
0.584335
0.648771
0.685304
0.636392
0.670079
0.515111
0.703032
0.579672
0.767160
0.586905
0.582898
0.724013
0.796225
0.486300
0.695596
0.787669
0.684102
0.635654
0.582993
0.760085
0.685957
0.702015
0.689076
0.474294
0.773989
0.686958
0.601468
0.508291
0.580486
0.614400
0.606719
0.590489
0.691665
0.759256
0.623116
0.869422
0.628339
0.540870
0.581086
0.613458
0.512510
0.758138
0.641102
0.674155
0.534231
0.584106
0.679002
0.654236
0.838731
0.732788
0.673663
0.583125
0.570947
0.618548
0.435695
0.485074
0.610498
0.661555
0.453770
0.555114
0.631362
0.609897
0.528332
0.458957
0.572694
0.616151
0.633356
0.663438
0.590702
0.635668
0.608216
0.435651
0.380739
0.528097
0.590172
0.470658
0.517554
0.600165
0.633739
0.576498
0.760138
0.500619
0.577883
0.440577
0.485553
0.497441
0.594168
0.524647
0.588516
0.400919
0.570933
0.484546
0.504974
0.600223
0.568017
0.551306
0.711413
0.590621
0.644146
0.642667
0.762282
0.468940
0.633728
0.717650
0.414578
0.645664
0.655527
0.609334
0.601941
0.685903
0.645373
0.633857
0.731325
0.554764
0.561556
0.728511
0.677869
0.571642
0.730847
0.507060
0.617437
0.709956
0.611204
0.463877
0.689770
0.603210
0.501268
0.490492
0.627420
0.531098
0.579420
0.438611
0.658973
0.637622
0.652466
0.710667
0.613746
0.771191
0.467933
0.630032
0.708188
0.588546
0.645018
0.801680
0.704186
0.653894
0.784507
0.699446
0.635610
0.707592
0.637099
0.689725
0.769139
0.775767
0.752887
0.607322
0.740149
0.771203
0.663258
0.602549
0.643139
0.662187
0.610328
0.670916
0.745659
0.715291
0.743098
0.825568
0.626374
0.713386
0.642324
0.614396
0.657328
0.789844
0.651153
0.669094
0.566284
0.665031
0.662846
0.595856
0.690643
0.710106
0.576190
0.726507
0.669037
0.795775
0.621524
0.685584
0.603747
0.672276
0.658253
0.700636
0.568372
0.586772
0.744878
0.432442
0.701393
0.738830
0.802366
0.599563
0.643982
0.676686
0.618848
0.724615
0.428139
0.693965
0.671496
0.499473
0.713074
0.711992
0.647948
0.609880
0.674481
0.502298
0.706301
0.686313
0.667874
0.723425
0.569021
0.644099
0.559297
0.604879
0.578604
0.675984
0.563501
0.552591
0.723687
0.818171
0.549696
0.727255
0.650276
0.605868
0.651561
0.678242
0.637855
0.672145
0.713331
0.609230
0.712045
0.762464
0.605585
0.592125
0.609216
0.475383
0.671155
0.622903
0.599888
0.729698
0.713518
0.729265
0.812127
0.525048
0.613425
0.630744
0.652116
0.649905
0.740845
0.699807
0.652317
0.616112
0.669448
0.635161
0.550149
0.754112
0.697602
0.551835
0.609655
0.701066
0.363955
0.688565
0.734038
0.664616
0.580386
0.617397
0.600282
0.440100
0.622079
0.587026
0.567841
0.673679
0.716653
0.681219
0.363078
0.550396
0.640792
0.596145
0.543434
0.699243
0.588128
0.584966
0.808996
0.627098
0.588267
0.565922
0.565236
0.487334
0.746276
0.448013
0.573932
0.504570
0.554709
0.657651
0.499224
0.794372
0.622897
0.592684
0.717965
0.508734
0.696630
0.657966
0.740385
0.614934
0.792770
0.726002
0.413316
0.770159
0.641029
0.543513
0.552778
0.575355
0.832899
0.488555
0.580388
0.660697
0.649720
0.560961
0.635519
0.757135
0.704602
0.781882
0.705790
0.665258
0.637322
0.674779
0.619175
0.591906
0.576144
0.656207
0.626528
0.412762
0.702214
0.553267
0.682019
0.558135
0.690773
0.601651
0.750075
0.502890
0.487889
0.737027
0.632519
0.758223
0.636677
0.625478
0.657840
0.702013
0.655895
0.640870
0.751148
0.644557
0.655973
0.750721
0.570076
0.710877
0.751839
0.583117
0.669335
0.606474
0.685059
0.523860
0.574733
0.572935
0.677134
0.602323
0.548594
0.780004
0.632119
0.698531
0.724240
0.581764
0.690434
0.493378
0.589984
0.650073
0.681191
0.595703
0.549814
0.568510
0.645279
0.355642
0.669452
0.537831
0.467275
0.620695
0.587781
0.643661
0.289124
0.470210
0.552943
0.556294
0.460041
0.629821
0.692585
0.532500
0.814406
0.629176
0.484150
0.429708
0.460480
0.392529
0.633746
0.457296
0.611901
0.420238
0.438402
0.628698
0.480200
0.713226
0.601062
0.457507
0.668267
0.715413
0.579524
0.701604
0.573697
0.753716
0.565482
0.699731
0.627662
0.668369
0.762926
0.707901
0.691778
0.685146
0.736937
0.470002
0.709754
0.800901
0.660094
0.613674
0.732377
0.741926
0.636636
0.657804
0.657811
0.660327
0.800175
0.762606
0.728042
0.677098
0.718314
0.532782
0.656895
0.722940
0.725594
0.730241
0.681526
0.615997
0.630876
0.647027
0.668494
0.590801
0.556464
0.696809
0.512150
0.697528
0.809240
0.688658
0.418693
0.721062
0.628920
0.655804
0.664021
0.596165
0.674977
0.704920
0.670932
0.554684
0.549721
0.573079
0.600447
0.423392
0.582237
0.725851
0.616082
0.611838
0.607735
0.533633
0.757968
0.526973
0.607386
0.710443
0.693566
0.718678
0.648019
0.580151
0.703145
0.683770
0.767539
0.600017
0.697736
0.612203
0.624665
0.661702
0.526367
0.727385
0.754597
0.578797
0.738419
0.498354
0.602243
0.522074
0.593381
0.607961
0.748853
0.833936
0.708949
0.701354
0.569851
0.709667
0.628255
0.647258
0.676448
0.563953
0.534253
0.688624
0.680823
0.640532
0.560834
0.690368
0.620641
0.542514
0.663334
0.727793
0.508699
0.567719
0.628926
0.600620
0.472060
0.685366
0.590462
0.608871
0.818048
0.589604
0.634512
0.665872
0.621312
0.633425
0.724840
0.556369
0.576625
0.608027
0.557604
0.582332
0.648285
0.699682
0.555695
0.596003
0.599130
0.713540
0.549807
0.628367
0.640304
0.770578
0.671661
0.583225
0.540056
0.610568
0.744739
0.528707
0.610298
0.695479
0.581355
0.663586
0.764769
0.690222
0.530174
0.576201
0.262252
0.481543
0.603462
0.540861
0.732710
0.280187
0.604549
0.398211
0.528853
0.710832
0.685950
0.536501
0.625642
0.580752
0.784054
0.755972
0.754495
0.639829
0.691659
0.661818
0.617769
0.747452
0.485345
0.636553
0.777584
0.543958
0.670007
0.645904
0.659805
0.618256
0.674899
0.670150
0.601015
0.711732
0.622860
0.708720
0.652161
0.576067
0.579191
0.589038
0.734632
0.673316
0.655356
0.676031
0.643984
0.658004
0.583288
0.564193
0.765813
0.442908
0.578047
0.688335
0.655415
0.566247
0.693333
0.745095
0.672491
0.818463
0.702948
0.583279
0.580214
0.640831
0.577881
0.645430
0.529106
0.657010
0.536167
0.515101
0.671220
0.395197
0.813367
0.597794
0.617947
0.695105
0.701631
0.736805
0.692513
0.666788
0.643017
0.618247
0.704500
0.512025
0.676478
0.744215
0.506399
0.730630
0.700353
0.719017
0.574073
0.669145
0.482660
0.701858
0.764224
0.655018
0.698228
0.479992
0.715314
0.400833
0.641441
0.706921
0.637147
0.589138
0.655834
0.673887
0.609919
0.845798
0.599428
0.397836
0.689948
0.717010
0.623947
0.791805
0.708008
0.676604
0.829392
0.719056
0.559439
0.536609
0.541912
0.510427
0.638049
0.556862
0.615454
0.568674
0.610562
0.655612
0.558682
0.844128
0.684613
0.592325
0.681998
0.673385
0.700881
0.493706
0.592819
0.547035
0.612024
0.554374
0.622621
0.729227
0.608646
0.837292
0.701339
0.574377
0.598518
0.614701
0.529096
0.705126
0.584411
0.587727
0.589528
0.513556
0.719381
0.605156
0.768647
0.670406
0.677106
0.726946
0.843956
0.611854
0.599731
0.725212
0.685649
0.667665
0.670870
0.795697
0.564247
0.845516
0.672217
0.773384
0.743988
0.662517
0.634227
0.580349
0.538566
0.592191
0.686225
0.708945
0.700537
0.520217
0.715196
0.608087
0.656260
0.706751
0.594577
0.557760
0.657025
0.564974
0.588689
0.726300
0.673948
0.723501
0.780406
0.598506
0.473385
0.615535
0.631628
0.637563
0.643412
0.633399
0.676659
0.623977
0.496649
0.680749
0.650563
0.741243
0.555582
0.603265
0.661409
0.663501
0.666800
0.554574
0.712899
0.703702
0.705650
0.709018
0.807228
0.652221
0.661799
0.705311
0.609824
0.699400
0.742383
0.710210
0.731271
0.567601
0.702761
0.628299
0.652474
0.670571
0.792641
0.669448
0.525391
0.574467
0.566429
0.466986
0.600564
0.639218
0.581087
0.765515
0.564305
0.557892
0.429738
0.460099
0.464531
0.602749
0.422921
0.559376
0.327752
0.463760
0.556177
0.463659
0.659333
0.549027
0.460166
0.577584
0.651855
0.539034
0.632590
0.641937
0.594650
0.752583
0.602472
0.551578
0.566812
0.469827
0.478847
0.510444
0.502423
0.604129
0.478275
0.466633
0.509863
0.492578
0.728818
0.599926
0.458077
0.670741
0.618248
0.697238
0.702545
0.733569
0.873528
0.610894
0.622949
0.645337
0.675703
0.578255
0.732398
0.577911
0.507367
0.643410
0.587186
0.722796
0.656154
0.621639
0.643500
0.670733
0.645597
0.607329
0.421117
0.573885
0.628799
0.549977
0.432799
0.608642
0.485426
0.582661
0.670313
0.625235
0.616347
0.551421
0.584160
0.540473
0.495067
0.558847
0.511112
0.525014
0.696552
0.609486
0.588328
0.760114
0.667805
0.544450
0.508796
0.593283
0.536377
0.603567
0.486374
0.608966
0.535760
0.516720
0.590873
0.581408
0.704613
0.511879
0.658344
0.764636
0.698197
0.859173
0.668164
0.702324
0.671167
0.667723
0.629480
0.429072
0.714311
0.747123
0.614558
0.606824
0.744032
0.643120
0.645310
0.625578
0.731586
0.618047
0.482954
0.734341
0.477494
0.649889
0.560154
0.632274
0.754016
0.635999
0.758498
0.623096
0.661234
0.605264
0.536354
0.671508
0.487154
0.608554
0.785035
0.740721
0.594467
0.600723
0.594275
0.420013
0.718288
0.353113
0.700047
0.630946
0.656023
0.727529
0.611270
0.729627
0.728567
0.666413
0.814319
0.679730
0.755554
0.746076
0.801487
0.829837
0.800331
0.901497
0.748868
0.766803
0.700765
0.686324
0.731493
0.588026
0.669818
0.594809
0.666354
0.623373
0.654921
0.629517
0.596328
0.637894
0.608718
0.576915
0.667319
0.563055
0.628934
0.562717
0.593874
0.484525
0.492290
0.481471
0.662197
0.605269
0.725664
0.546071
0.493019
0.619959
0.556569
0.763618
0.454071
0.600667
0.513252
0.477856
0.605339
0.495205
0.712210
0.461576
0.548982
0.582131
0.610765
0.725850
0.468338
0.583705
0.509813
0.552496
0.430399
0.667831
0.216378
0.553087
0.319604
0.459594
0.654495
0.620734
0.336409
0.615993
0.373421
0.655049
0.500275
0.474206
0.648515
0.577257
0.790326
0.627892
0.600069
0.593280
0.746257
0.570184
0.566876
0.664343
0.464726
0.695463
0.565928
0.681884
0.563837
0.471259
0.508188
0.609572
0.467006
0.709313
0.603731
0.483260
0.632560
0.640489
0.679301
0.609155
0.651600
0.601295
0.645708
0.516552
0.283900
0.463544
0.614439
0.561061
0.414194
0.632187
0.591066
0.698996
0.536656
0.537469
0.548438
0.627107
0.621020
0.479998
0.629043
0.566339
0.502714
0.644842
0.649127
0.640133
