0.484866
0.689880
0.611131
0.564177
0.556933
0.637469
0.587579
0.784445
0.664563
0.605868
0.610466
0.657445
0.552839
0.638034
0.501400
0.672880
0.692370
0.693374
0.695805
0.670915
0.553837
0.585988
0.672556
0.598323
0.617970
0.577123
0.734609
0.640916
0.738807
0.675014
0.749271
0.579222
0.397310
0.647342
0.739724
0.539006
0.555481
0.710372
0.537449
0.593958
0.518974
0.651611
0.576557
0.506255
0.501547
0.561462
0.685619
0.567624
0.582767
0.496520
0.574541
0.439412
0.438616
0.537225
0.549507
0.684478
0.538268
0.535978
0.529465
0.604589
0.458056
0.470804
0.507967
0.554311
0.632339
0.665928
0.477576
0.381155
0.630719
0.592812
0.482744
0.427750
0.471483
0.532240
0.539381
0.390212
0.506199
0.619925
0.692758
0.567636
0.314627
0.637959
0.630212
0.462275
0.400396
0.500199
0.469089
0.574208
0.372711
0.564386
0.410261
0.438711
0.417646
0.471171
0.637279
0.464829
0.608235
0.621843
0.578013
0.620441
0.657353
0.614370
0.706601
0.707107
0.671312
0.630022
0.698459
0.553079
0.643109
0.540553
0.552460
0.700663
0.739928
0.622037
0.575620
0.567736
0.649025
0.513107
0.520459
0.642908
0.626601
0.635702
0.467538
0.497104
0.698617
0.753600
0.488839
0.536642
0.645596
0.721970
0.561591
0.663685
0.579095
0.588909
0.610195
0.578007
0.656963
0.585509
0.546654
0.630821
0.527049
0.684993
0.608574
0.663841
0.569981
0.539176
0.442123
0.642318
0.738602
0.644273
0.620381
0.487136
0.793937
0.371602
0.658526
0.480043
0.509964
0.540939
0.733568
0.575284
0.655698
0.591585
0.573375
0.501691
0.551464
0.674795
0.604052
0.660334
0.409311
0.583222
0.691120
0.731759
0.554694
0.523478
0.606964
0.464175
0.536908
0.587589
0.662986
0.547327
0.674210
0.545505
0.635578
0.521633
0.379593
0.523541
0.556202
0.651230
0.582734
0.477517
0.672764
0.562921
0.550254
0.637608
0.637597
0.593494
0.608510
0.675887
0.455517
0.625311
0.556458
0.572640
0.690802
0.676514
0.545303
0.517870
0.637095
0.639171
0.430158
0.528366
0.591057
0.636249
0.529776
0.498171
0.487547
0.693844
0.661979
0.618301
0.552341
0.606534
0.722504
0.430372
0.615554
0.579048
0.579091
0.612283
0.522539
0.638550
0.471943
0.416592
0.575113
0.497486
0.648425
0.550080
0.618656
0.615927
0.620439
0.786888
0.617845
0.464142
0.639711
0.520392
0.504577
0.492444
0.540301
0.636636
0.631709
0.795994
0.594223
0.530985
0.544184
0.543420
0.682059
0.557601
0.509070
0.569207
0.626524
0.522900
0.734311
0.659406
0.674899
0.598689
0.424125
0.688647
0.781689
0.661195
0.343161
0.595598
0.427018
0.690800
0.397741
0.517787
0.436699
0.526875
0.253556
0.577128
0.640164
0.459580
0.623375
0.584200
0.685145
0.672482
0.672404
0.540822
0.727424
0.477965
0.653062
0.546432
0.518363
0.564818
0.686484
0.516093
0.590282
0.626192
0.588771
0.535112
0.528755
0.710364
0.628010
0.659437
0.393134
0.541162
0.698063
0.744063
0.644550
0.482547
0.409389
0.601688
0.595295
0.618066
0.659878
0.513601
0.721519
0.574988
0.664817
0.518417
0.386598
0.593680
0.543346
0.675374
0.592674
0.537217
0.692418
0.647549
0.418801
0.547986
0.516126
0.552418
0.546680
0.434042
0.536586
0.615563
0.600613
0.447092
0.387297
0.525236
0.372439
0.591457
0.428452
0.581108
0.539622
0.405448
0.492668
0.611821
0.616591
0.305317
0.570400
0.568176
0.662603
0.623287
0.567241
0.559498
0.382946
0.455957
0.560485
0.432832
0.333234
0.468326
0.467270
0.574160
0.513780
0.640649
0.411445
0.563903
0.754960
0.729155
0.683583
0.813154
0.623501
0.732413
0.626575
0.562343
0.765445
0.728273
0.681846
0.622023
0.734974
0.717974
0.644765
0.577458
0.738864
0.690841
0.767523
0.661598
0.689284
0.764871
0.784044
0.690459
0.704017
0.704117
0.756274
0.697716
0.810246
0.666896
0.678880
0.727225
0.701320
0.777839
0.694358
0.690361
0.809591
0.680488
0.747972
0.701147
0.604829
0.556669
0.660124
0.787045
0.544083
0.574430
0.708644
0.627503
0.662275
0.818542
0.738501
0.621035
0.782094
0.627455
0.681796
0.547287
0.543820
0.453866
0.613460
0.551643
0.626265
0.682273
0.723944
0.670971
0.615727
0.734534
0.772929
0.620373
0.461088
0.678258
0.635927
0.708162
0.490782
0.623246
0.502073
0.632703
0.545850
0.559241
0.693333
0.545905
0.752750
0.693610
0.602633
0.596955
0.474234
0.544706
0.578220
0.587368
0.702070
0.604322
0.501161
0.527802
0.512370
0.661738
0.423367
0.428522
0.579136
0.504823
0.566868
0.722864
0.540532
0.533345
0.628735
0.553188
0.779058
0.790345
0.610980
0.452770
0.570843
0.458951
0.552172
0.371428
0.377569
0.433146
0.608045
0.503462
0.554511
0.505690
0.370009
0.623869
0.802835
0.461307
0.517509
0.568224
0.415921
0.489022
0.720559
0.602861
0.619850
0.697981
0.516428
0.584813
0.507009
0.658295
0.529314
0.665546
0.457847
0.537442
0.660343
0.685058
0.511569
0.550143
0.649899
0.571766
0.612160
0.674939
0.530089
0.573759
0.643756
0.652194
0.572454
0.602812
0.529617
0.681759
0.676805
0.620059
0.606711
0.479160
0.700024
0.698185
0.588077
0.729511
0.806481
0.666631
0.516082
0.493259
0.619523
0.584130
0.756706
0.585295
0.686052
0.712136
0.666101
0.718175
0.750952
0.757465
0.584917
0.694258
0.609420
0.772445
0.874422
0.792025
0.644966
0.549882
0.686787
0.785445
0.585560
0.626282
0.633248
0.623923
0.592201
0.693530
0.804434
0.553273
0.697137
0.484750
0.431450
0.481586
0.525510
0.667317
0.555264
0.565163
0.564694
0.433667
0.410206
0.463785
0.545668
0.526406
0.585787
0.439114
0.509556
0.566878
0.682197
0.515389
0.506846
0.453094
0.560232
0.501870
0.578598
0.552191
0.535821
0.530407
0.508306
0.527475
0.490704
0.398673
0.450866
0.457763
0.654177
0.572712
0.486627
0.536241
0.564222
0.464527
0.557539
0.583618
0.506595
0.679996
0.505920
0.649915
0.496248
0.241857
0.467539
0.579045
0.505666
0.646017
0.651526
0.647460
0.555644
0.573404
0.663937
0.723057
0.647606
0.553701
0.451900
0.485830
0.533358
0.532063
0.574986
0.518955
0.617757
0.577223
0.504838
0.612392
0.446563
0.607775
0.538226
0.642199
0.606626
0.454555
0.455244
0.379283
0.499117
0.560255
0.465821
0.559032
0.606946
0.596603
0.470582
0.567652
0.721629
0.509769
0.586372
0.487867
0.615106
0.622659
0.667060
0.577149
0.374790
0.452872
0.574603
0.457425
0.498712
0.526102
0.410923
0.512829
0.521135
0.729671
0.458014
0.348500
0.550881
0.655550
0.603295
0.564444
0.621057
0.585294
0.560040
0.417210
0.582083
0.595193
0.622683
0.416546
0.475733
0.603348
0.717003
0.546510
0.491354
0.543875
0.548386
0.558164
0.637542
0.625431
0.543056
0.622542
0.522421
0.600924
0.509481
0.537942
0.620663
0.508733
0.551900
0.506726
0.437417
0.695429
0.674904
0.698470
0.788617
0.549790
0.626930
0.574368
0.597286
0.633266
0.544853
0.423602
0.632076
0.674702
0.683946
0.637706
0.588715
0.605996
0.727341
0.632309
0.616236
0.652207
0.565339
0.580731
0.567871
0.656395
0.573817
0.572779
0.634365
0.639854
0.557700
0.509911
0.647350
0.448664
0.588535
0.675851
0.695796
0.742567
0.602302
0.593765
0.675262
0.695756
0.591150
0.669598
0.774512
0.730050
0.686936
0.674221
0.648159
0.742046
0.771503
0.758466
0.595144
0.602585
0.530207
0.740630
0.708351
0.683734
0.678197
0.794120
0.640579
0.687063
0.655384
0.656342
0.390751
0.639824
0.646257
0.567478
0.545106
0.629385
0.604282
0.508323
0.415934
0.488091
0.638664
0.558010
0.626176
0.498600
0.642138
0.639776
0.631153
0.603916
0.362594
0.513594
0.529197
0.550071
0.520398
0.505589
0.384100
0.663491
0.541432
0.632739
0.576657
0.598018
0.633553
0.623069
0.592141
0.425137
0.430260
0.576606
0.466736
0.459903
0.552787
0.640779
0.452059
0.598419
0.465348
0.694288
0.664170
0.588915
0.478823
0.333083
0.514461
0.614895
0.430821
0.456405
0.404661
0.521357
0.569106
0.478524
0.628863
0.389657
0.631915
0.491985
0.693477
0.601731
0.600895
0.697427
0.744822
0.596526
0.657489
0.745499
0.639571
0.641709
0.555056
0.669453
0.734118
0.681377
0.621863
0.643939
0.520201
0.649035
0.503764
0.563711
0.546548
0.516137
0.538980
0.576098
0.760127
0.527198
0.575974
0.624017
0.480050
0.592063
0.487269
0.575338
0.537656
0.655667
0.642925
0.526297
0.570571
0.643308
0.659908
0.631678
0.600608
0.584161
0.548669
0.559564
0.618336
0.516492
0.429196
0.479803
0.515960
0.473784
0.526261
0.722091
0.470621
0.612688
0.571350
0.627791
0.636495
0.601625
0.481704
0.478486
0.667728
0.719581
0.597829
0.551065
0.690923
0.606426
0.458364
0.637040
0.645438
0.619485
0.520628
0.572695
0.617812
0.512774
0.525756
0.563813
0.533030
0.633569
0.626889
0.679990
0.517918
0.531465
0.485647
0.437060
0.498223
0.550447
0.592927
0.516458
0.455147
0.559787
0.650798
0.558038
0.539022
0.496853
0.528022
0.545481
0.397845
0.490393
0.425494
0.512730
0.506272
0.500404
0.526264
0.357739
0.451669
0.590407
0.572864
0.516878
0.626791
0.659634
0.618948
0.603806
0.552736
0.736488
0.734720
0.612444
0.452293
0.525283
0.505764
0.579727
0.421771
0.561866
0.438070
0.629515
0.488814
0.436528
0.588282
0.345107
0.672895
0.636295
0.559491
0.667401
0.649347
0.695891
0.555922
0.596976
0.736584
0.651979
0.648332
0.622553
0.468758
0.518788
0.643248
0.583688
0.636637
0.560275
0.612816
0.607177
0.587108
0.703797
0.568301
0.629871
0.416993
0.559854
0.714921
0.447403
0.702595
0.570518
0.739741
0.735707
0.578346
0.521562
0.495999
0.466036
0.618960
0.458345
0.475060
0.419859
0.521889
0.604535
0.538774
0.643740
0.500277
0.700216
0.393074
0.624556
0.631312
0.558476
0.382569
0.517810
0.536191
0.441453
0.490550
0.488305
0.395962
0.573435
0.436566
0.569281
0.399231
0.311159
0.493854
0.430920
0.611948
0.480655
0.551731
0.699740
0.736508
0.616036
0.559529
0.596455
0.626930
0.566577
0.669382
0.606715
0.590535
0.576397
0.578534
0.648244
0.561879
0.496626
0.655589
0.527332
0.705491
0.579868
0.611845
0.781274
0.498790
0.564775
0.652389
0.685342
0.719760
0.635784
0.674752
0.681741
0.623045
0.577574
0.581073
0.642676
0.662679
0.650415
0.639511
0.565126
0.639462
0.705616
0.728576
0.719220
0.828851
0.727497
0.726112
0.614009
0.423599
0.591588
0.673548
0.507952
0.395853
0.558649
0.610336
0.665467
0.657658
0.710914
0.415198
0.713912
0.529487
0.655799
0.582772
0.573597
0.615549
0.594080
0.549013
0.615130
0.570478
0.675044
0.609759
0.576144
0.654956
0.534542
0.576206
0.581925
0.614183
0.521645
0.637351
0.510566
0.467525
0.593570
0.389302
0.539436
0.385445
0.625467
0.440077
0.407754
0.410912
0.533264
0.586386
0.484176
0.526942
0.691792
0.557809
0.722934
0.723507
0.597682
0.725549
0.633804
0.792278
0.604106
0.502720
0.651044
0.548341
0.697414
0.693695
0.519173
0.666198
0.746510
0.661342
0.664289
0.724246
0.729972
0.701832
0.663244
0.542611
0.750260
0.644661
0.684612
0.726647
0.603231
0.567019
0.674167
0.574047
0.614693
0.456047
0.680156
0.417392
0.449679
0.592094
0.456799
0.601029
0.537067
0.696911
0.616909
0.445334
0.688015
0.301983
0.552691
0.315772
0.552647
0.272642
0.441999
0.599638
0.427794
0.678093
0.526717
0.640493
0.550295
0.506385
0.592268
0.545335
0.658876
0.535976
0.689707
0.500170
0.559645
0.508420
0.410168
0.524160
0.430028
0.454647
0.433723
0.478789
0.579673
0.477714
0.529233
0.639352
0.526788
0.629510
0.575505
0.641341
0.623453
0.558425
0.586674
0.665461
0.477629
0.310474
0.463507
0.302208
0.407202
0.575281
0.264847
0.586431
0.498188
0.579447
0.549461
0.582734
0.622773
0.456639
0.642763
0.451460
0.351596
0.334071
0.569205
0.363392
0.613572
0.530721
0.516544
0.626136
0.533857
0.516655
0.476673
0.685213
0.436467
0.641490
0.659478
0.479719
0.666752
0.594864
0.699098
0.577989
