0.065414
0.012182
0.022014
0.055820
0.069096
0.041865
0.024963
0.013503
0.017333
0.012466
0.061397
0.022570
0.007901
0.010068
0.039886
0.013710
0.013651
0.021956
0.008483
0.031917
0.029580
0.056184
0.012066
0.048191
0.055305
0.013721
0.003735
0.013311
0.016193
0.034695
0.043127
0.005327
0.161159
0.010837
0.025713
0.030089
0.013161
0.123397
0.055430
0.008299
0.017735
0.003943
0.028402
0.054387
0.031567
0.006540
0.017383
0.007511
0.011043
0.042578
0.040503
0.053422
0.047329
0.055121
0.031202
0.052307
0.095576
0.064254
0.078430
0.048907
0.067259
0.073622
0.044228
0.056691
0.101396
0.034090
0.047429
0.033232
0.054869
0.060318
0.098395
0.063630
0.064623
0.072629
0.058169
0.054154
0.048845
0.049099
0.032021
0.071029
0.124336
0.039799
0.045448
0.032357
0.081527
0.055684
0.053723
0.079848
0.066880
0.064560
0.053349
0.030581
0.085441
0.069943
0.078730
0.056484
0.055050
0.006178
0.033161
0.033857
0.023818
0.009869
0.009624
0.034285
0.022063
0.037728
0.012955
0.009263
0.010527
0.019276
0.010067
0.030881
0.005983
0.006061
0.014518
0.010717
0.027315
0.022595
0.023194
0.029579
0.024633
0.010091
0.011475
0.020008
0.017528
0.021781
0.015119
0.112437
0.008022
0.012660
0.022422
0.022139
0.074888
0.036369
0.018867
0.029218
0.006816
0.015786
0.027281
0.023478
0.017504
0.011593
0.004537
0.005512
0.025917
0.025667
0.023047
0.014376
0.012341
0.050499
0.033205
0.038274
0.019794
0.016684
0.018662
0.014898
0.017949
0.046291
0.006694
0.013409
0.013862
0.007428
0.019789
0.038859
0.018897
0.023351
0.032283
0.021453
0.012402
0.036360
0.017478
0.018700
0.026514
0.094789
0.015800
0.011324
0.033458
0.033153
0.058943
0.030030
0.030709
0.040697
0.015268
0.017089
0.017601
0.027412
0.029530
0.017129
0.014124
0.010402
0.019568
0.041881
0.032047
0.043492
0.097399
0.073405
0.023894
0.033624
0.038398
0.044920
0.043136
0.029543
0.087725
0.023027
0.046346
0.020636
0.029054
0.010080
0.065528
0.011348
0.020152
0.066274
0.053588
0.034374
0.065017
0.015448
0.036312
0.055574
0.049785
0.041206
0.018666
0.052511
0.050547
0.043358
0.028312
0.058376
0.087443
0.047334
0.031787
0.016275
0.033340
0.052335
0.044281
0.040439
0.028391
0.030578
0.029887
0.042002
0.096961
0.077107
0.017159
0.030855
0.046188
0.047813
0.025488
0.035851
0.091264
0.025043
0.048887
0.017700
0.020923
0.010874
0.075761
0.013222
0.011543
0.071855
0.058951
0.043025
0.080237
0.016525
0.035568
0.068375
0.042411
0.044433
0.018333
0.053736
0.061154
0.022697
0.026134
0.065882
0.084176
0.052069
0.038408
0.012895
0.032131
0.066659
0.040735
0.046568
0.035629
0.026871
0.014226
0.051542
0.041259
0.039837
0.027191
0.028871
0.031375
0.008838
0.024038
0.049697
0.020182
0.027499
0.010467
0.012886
0.030265
0.056330
0.025472
0.020925
0.036068
0.033789
0.017139
0.051772
0.018666
0.016458
0.048388
0.084893
0.027912
0.014067
0.035139
0.038663
0.048890
0.014146
0.049076
0.047041
0.029081
0.016462
0.024492
0.034997
0.050389
0.023245
0.030070
0.025929
0.018601
0.046678
0.026035
0.031852
0.015845
0.018791
0.023111
0.021410
0.016882
0.041519
0.009035
0.010191
0.014591
0.016037
0.029056
0.036120
0.028767
0.028568
0.028740
0.021287
0.017618
0.023900
0.017184
0.026838
0.028416
0.102163
0.011665
0.014477
0.017090
0.027471
0.064011
0.026815
0.029797
0.031770
0.019839
0.016411
0.025747
0.033055
0.027347
0.024716
0.013095
0.010683
0.024223
0.019032
0.045513
0.017385
0.010706
0.013182
0.012892
0.011781
0.022535
0.014658
0.008737
0.013957
0.011012
0.036753
0.028694
0.031504
0.028489
0.015494
0.011078
0.008593
0.029568
0.021045
0.022451
0.019526
0.122379
0.010894
0.012049
0.027482
0.020042
0.077271
0.028749
0.022214
0.023209
0.008792
0.015456
0.030318
0.025399
0.021613
0.011067
0.011782
0.011493
0.014621
0.079007
0.031988
0.023643
0.024739
0.048116
0.032658
0.008063
0.050656
0.022960
0.054319
0.047229
0.093033
0.024074
0.081216
0.075204
0.013984
0.013244
0.032416
0.038443
0.059383
0.072645
0.022972
0.201732
0.028217
0.045951
0.042277
0.022445
0.155682
0.076157
0.018932
0.013754
0.018450
0.048107
0.088724
0.043937
0.024328
0.026493
0.022599
0.031414
0.070010
0.023524
0.014617
0.016758
0.039875
0.026379
0.012199
0.027892
0.008418
0.034679
0.037116
0.074965
0.022400
0.066901
0.062487
0.005121
0.008499
0.015390
0.018135
0.039222
0.052374
0.011659
0.182990
0.009985
0.030232
0.023895
0.014218
0.131245
0.053205
0.012935
0.004371
0.011951
0.031171
0.064776
0.040939
0.012950
0.027402
0.012704
0.018920
0.022890
0.036433
0.039072
0.037984
0.029054
0.069787
0.034446
0.047727
0.027656
0.024051
0.015263
0.052957
0.014965
0.011633
0.059150
0.052916
0.041138
0.080368
0.016267
0.058563
0.061148
0.047005
0.047817
0.019011
0.054445
0.040765
0.053396
0.030012
0.050218
0.079831
0.046284
0.036490
0.032374
0.015791
0.055897
0.030157
0.039812
0.028116
0.013579
0.014542
0.023319
0.014245
0.029269
0.017035
0.014262
0.015650
0.015803
0.031704
0.024824
0.025519
0.023911
0.021168
0.015061
0.016375
0.033762
0.013858
0.037376
0.022277
0.106460
0.013839
0.010898
0.017143
0.015864
0.075756
0.034338
0.018517
0.029316
0.015360
0.019739
0.029293
0.012265
0.020738
0.013731
0.011917
0.010792
0.002449
0.030510
0.007977
0.015328
0.013027
0.007156
0.019435
0.017716
0.036301
0.009255
0.029014
0.031927
0.012690
0.006458
0.007805
0.024486
0.016455
0.039299
0.006739
0.126242
0.008293
0.012178
0.030276
0.006133
0.099627
0.036729
0.006426
0.022905
0.002843
0.019761
0.041977
0.013755
0.006738
0.007797
0.004100
0.004108
0.034024
0.010439
0.015472
0.015726
0.009146
0.022288
0.019157
0.039054
0.008206
0.030719
0.034871
0.015818
0.007217
0.011059
0.027525
0.018329
0.044176
0.006702
0.133031
0.010702
0.015385
0.032240
0.006914
0.107017
0.041308
0.005718
0.025537
0.002922
0.023144
0.045318
0.012546
0.008024
0.006154
0.005630
0.006570
0.028623
0.052165
0.019608
0.023947
0.014930
0.008724
0.029886
0.059916
0.028263
0.018798
0.034624
0.033004
0.020229
0.055689
0.023290
0.019371
0.049190
0.086729
0.026957
0.014855
0.035943
0.044384
0.044443
0.021549
0.048296
0.041829
0.028764
0.019031
0.022227
0.035969
0.051818
0.024017
0.028023
0.023530
0.025229
0.013523
0.013005
0.013973
0.017134
0.027638
0.016416
0.022128
0.028900
0.024846
0.010628
0.013199
0.023838
0.014158
0.029756
0.015942
0.105834
0.011734
0.011881
0.026514
0.014926
0.077783
0.032152
0.017684
0.032979
0.009981
0.021938
0.030192
0.017148
0.013403
0.011777
0.009606
0.008732
0.043787
0.018587
0.048083
0.041946
0.083617
0.011747
0.072282
0.069287
0.011367
0.011625
0.025582
0.033249
0.048188
0.070196
0.015713
0.192071
0.021790
0.039462
0.042428
0.012632
0.153795
0.068907
0.012241
0.013732
0.013120
0.045007
0.082684
0.035053
0.015085
0.020105
0.018753
0.024960
0.011112
0.007655
0.012702
0.021365
0.033085
0.018823
0.024603
0.030252
0.018490
0.010392
0.024760
0.009445
0.016698
0.022213
0.094604
0.009040
0.008592
0.022018
0.026087
0.058238
0.023451
0.026848
0.036560
0.014546
0.015430
0.017550
0.026891
0.022856
0.020293
0.010944
0.008388
0.019059
0.017847
0.044034
0.018369
0.039426
0.039087
0.011054
0.005954
0.008801
0.014873
0.022824
0.030752
0.010297
0.141519
0.003951
0.016173
0.018358
0.014251
0.095530
0.038287
0.013688
0.014348
0.005729
0.017037
0.039611
0.028032
0.011606
0.014417
0.004304
0.006560
0.012303
0.018812
0.044051
0.016364
0.016790
0.032765
0.024235
0.012913
0.035617
0.005786
0.014080
0.033197
0.078913
0.014077
0.004576
0.021100
0.028548
0.041004
0.012620
0.035681
0.042051
0.022312
0.015327
0.009090
0.024772
0.031961
0.022580
0.020818
0.015760
0.015789
0.039359
0.014034
0.012548
0.030674
0.025821
0.013839
0.048114
0.014035
0.022808
0.034817
0.077958
0.021852
0.008102
0.036208
0.030351
0.052269
0.021738
0.033990
0.042900
0.018013
0.012832
0.019392
0.018032
0.037153
0.010466
0.017101
0.011692
0.063384
0.002654
0.008432
0.065598
0.053169
0.033096
0.072338
0.013829
0.034074
0.058249
0.036930
0.044561
0.014655
0.056780
0.050410
0.036411
0.021724
0.056798
0.088450
0.042417
0.025272
0.015074
0.024676
0.057934
0.030947
0.037773
0.024645
0.052521
0.060167
0.023103
0.012057
0.025259
0.028938
0.036057
0.069006
0.009171
0.167364
0.020394
0.033904
0.042522
0.009863
0.144134
0.069057
0.007342
0.029679
0.010320
0.043036
0.073170
0.023016
0.007509
0.016247
0.012892
0.016457
0.009216
0.058442
0.044907
0.027430
0.065016
0.010746
0.032508
0.049015
0.044193
0.039032
0.012599
0.050915
0.040824
0.043442
0.022221
0.047634
0.080275
0.034399
0.021192
0.016673
0.018438
0.049106
0.023915
0.030921
0.020389
0.049474
0.048827
0.027607
0.077195
0.011716
0.037931
0.056988
0.046288
0.040662
0.009834
0.053018
0.041635
0.038172
0.014765
0.050882
0.073722
0.039264
0.021832
0.019531
0.017556
0.056437
0.024572
0.036352
0.023527
0.011538
0.012364
0.031206
0.035013
0.053652
0.015126
0.164797
0.014759
0.024227
0.031205
0.010904
0.125007
0.045004
0.012563
0.009505
0.012122
0.025774
0.061172
0.030753
0.016073
0.021915
0.014950
0.016807
0.012909
0.014841
0.028254
0.039420
0.005419
0.154519
0.006449
0.020754
0.021891
0.011072
0.111812
0.048735
0.007434
0.013148
0.003397
0.026672
0.048942
0.026112
0.006076
0.014149
0.005192
0.010118
0.026249
0.014250
0.025105
0.016157
0.114958
0.009959
0.008823
0.025888
0.013066
0.081615
0.023140
0.017880
0.024408
0.008555
0.010841
0.029736
0.022938
0.017456
0.013951
0.009931
0.007325
0.042944
0.040736
0.016389
0.180486
0.012150
0.040532
0.019143
0.029207
0.124023
0.064821
0.027551
0.024311
0.020340
0.037124
0.058941
0.058638
0.016480
0.041690
0.016634
0.025459
0.027962
0.031559
0.070393
0.018093
0.004298
0.028501
0.022240
0.050140
0.014212
0.030334
0.049845
0.022878
0.017447
0.014570
0.014577
0.029301
0.019837
0.020388
0.012604
0.052749
0.094390
0.027458
0.024811
0.036026
0.058839
0.042128
0.032068
0.062928
0.057280
0.036670
0.028288
0.017047
0.057137
0.055073
0.040267
0.035496
0.033756
0.168183
0.009875
0.026933
0.032076
0.009556
0.131947
0.058879
0.004905
0.019840
0.005101
0.031976
0.058972
0.027614
0.001855
0.019886
0.007348
0.012094
0.138942
0.076127
0.140335
0.143663
0.035686
0.061067
0.159190
0.196743
0.138749
0.094632
0.059079
0.092179
0.163998
0.112079
0.130448
0.105875
0.015027
0.015839
0.015053
0.088139
0.037567
0.014645
0.014428
0.007999
0.022450
0.033300
0.029426
0.009302
0.019928
0.007030
0.009814
0.026045
0.019325
0.051532
0.011884
0.024809
0.039061
0.016347
0.011888
0.014672
0.013017
0.025920
0.014443
0.015565
0.007978
0.030348
0.086072
0.040479
0.035124
0.028664
0.028966
0.024981
0.036854
0.046069
0.029897
0.038848
0.022443
0.024717
0.122554
0.041888
0.005640
0.023533
0.009360
0.023937
0.056133
0.015642
0.008251
0.014579
0.010834
0.010628
0.043144
0.134440
0.136519
0.106311
0.070660
0.022291
0.087442
0.128713
0.091409
0.098478
0.083985
0.055794
0.065017
0.042782
0.017927
0.021095
0.036966
0.057413
0.037798
0.040944
0.027858
0.020126
0.006010
0.033557
0.062681
0.019732
0.005189
0.015948
0.009318
0.011291
0.018421
0.042837
0.072137
0.051188
0.020275
0.034858
0.020412
0.028276
0.020784
0.044760
0.019683
0.007532
0.007926
0.003325
0.005626
0.027970
0.027485
0.035157
0.020586
0.016371
0.011536
0.040019
0.057389
0.041437
0.041448
0.032070
0.026231
0.009613
0.020145
0.014161
0.021797
0.009219
0.012628
0.010114
0.008942
0.003526
