0.522601
0.700012
0.545595
0.513314
0.590681
0.718234
0.628314
0.630969
0.715245
0.738053
0.648532
0.666107
0.572534
0.608348
0.485814
0.675903
0.611151
0.514359
0.556056
0.519409
0.673592
0.506534
0.739953
0.599665
0.651762
0.662718
0.577464
0.709006
0.704921
0.554520
0.617637
0.671375
0.547672
0.492438
0.566744
0.738837
0.698015
0.529893
0.646040
0.511406
0.613447
0.542032
0.731958
0.542385
0.786370
0.704742
0.594662
0.621092
0.558454
0.795882
0.574796
0.687133
0.570899
0.518500
0.547253
0.434151
0.758439
0.648251
0.668309
0.878516
0.569565
0.611097
0.611854
0.758218
0.659614
0.557459
0.658277
0.545901
0.669392
0.545550
0.618796
0.433129
0.707797
0.566790
0.621668
0.684116
0.653166
0.524128
0.676227
0.534227
0.553388
0.544500
0.542950
0.560377
0.644647
0.440851
0.423372
0.636979
0.552835
0.532965
0.719331
0.589386
0.806562
0.654066
0.549865
0.626003
0.673909
0.418872
0.525449
0.557425
0.624993
0.690154
0.676680
0.631093
0.740592
0.566759
0.686770
0.725823
0.685956
0.689640
0.797235
0.666109
0.607935
0.722489
0.660402
0.675406
0.548071
0.741731
0.643769
0.662029
0.622518
0.531668
0.691194
0.719110
0.552801
0.359421
0.789689
0.705656
0.584664
0.606993
0.753559
0.738567
0.727037
0.780019
0.448893
0.720696
0.717532
0.650801
0.592135
0.747420
0.595413
0.690104
0.853933
0.656412
0.534228
0.393304
0.538880
0.509998
0.545320
0.543809
0.680953
0.454630
0.755947
0.605730
0.606003
0.582184
0.721822
0.538228
0.517965
0.653269
0.514681
0.465162
0.536740
0.589953
0.452919
0.525688
0.362343
0.479353
0.556722
0.594029
0.337040
0.350956
0.601569
0.545649
0.499020
0.464919
0.570395
0.571455
0.526652
0.617668
0.434713
0.557017
0.483395
0.547500
0.425347
0.732235
0.403004
0.561809
0.622942
0.524482
0.556963
0.647795
0.646329
0.626927
0.555928
0.721420
0.532984
0.691843
0.683915
0.647457
0.544454
0.750870
0.569139
0.545587
0.593481
0.516212
0.687210
0.449310
0.753752
0.589388
0.590732
0.645805
0.547425
0.647058
0.651279
0.576347
0.477582
0.681716
0.446534
0.495175
0.598634
0.710399
0.647933
0.571632
0.723107
0.436932
0.632929
0.676193
0.603805
0.549241
0.694293
0.596631
0.621482
0.758258
0.538139
0.553894
0.516992
0.490221
0.535751
0.658509
0.430368
0.707115
0.615705
0.550211
0.517751
0.721700
0.523432
0.454126
0.601642
0.464826
0.440491
0.440537
0.608246
0.455547
0.544327
0.500002
0.431704
0.383673
0.448023
0.443578
0.447158
0.601308
0.518585
0.500299
0.469026
0.614236
0.525662
0.521755
0.587931
0.545804
0.555250
0.476802
0.533772
0.488183
0.762007
0.490124
0.578378
0.640590
0.477397
0.580134
0.528753
0.677177
0.616029
0.547782
0.868454
0.761389
0.605383
0.683232
0.813332
0.588133
0.587327
0.668925
0.558319
0.597529
0.594953
0.692798
0.519162
0.630265
0.634140
0.673135
0.604050
0.727467
0.557677
0.510430
0.622634
0.641644
0.604720
0.578638
0.645284
0.671368
0.615008
0.573478
0.670444
0.602439
0.651229
0.726566
0.621482
0.828088
0.587247
0.705785
0.740083
0.630704
0.563358
0.541373
0.725099
0.522949
0.753442
0.701113
0.550261
0.596902
0.777978
0.465802
0.567010
0.676977
0.522000
0.434179
0.554594
0.654925
0.567497
0.560140
0.442117
0.580679
0.525100
0.655672
0.496070
0.518869
0.652789
0.624655
0.508108
0.474222
0.627160
0.496176
0.560336
0.527538
0.595024
0.525035
0.500065
0.548133
0.545437
0.709758
0.499886
0.607679
0.725736
0.574144
0.670700
0.678434
0.597453
0.789802
0.649068
0.627916
0.617902
0.818048
0.619850
0.563047
0.582554
0.508654
0.624903
0.582818
0.704080
0.405981
0.719735
0.561955
0.550417
0.512116
0.504758
0.501984
0.556998
0.655850
0.614703
0.524437
0.517007
0.620941
0.559605
0.543944
0.504723
0.530468
0.537295
0.554243
0.619968
0.501843
0.769289
0.578609
0.577560
0.677543
0.635064
0.670524
0.363771
0.721734
0.784258
0.642353
0.658638
0.890057
0.364667
0.686659
0.665654
0.459755
0.637718
0.598119
0.711623
0.632364
0.418748
0.430191
0.510607
0.556090
0.492832
0.581322
0.552220
0.634617
0.583304
0.570706
0.507647
0.662017
0.632314
0.699698
0.705654
0.622823
0.651137
0.636330
0.502889
0.591194
0.846240
0.475331
0.800595
0.794441
0.491678
0.667358
0.874427
0.801370
0.797871
0.785735
0.868295
0.772086
0.765868
0.814190
0.717115
0.734271
0.706501
0.671016
0.587636
0.689715
0.627101
0.665772
0.721467
0.684707
0.645837
0.743367
0.722219
0.679513
0.740739
0.648658
0.676685
0.859778
0.656790
0.716799
0.698137
0.712155
0.703390
0.776101
0.646499
0.882684
0.630956
0.803855
0.823862
0.717665
0.672917
0.743850
0.601918
0.542571
0.778718
0.403236
0.583976
0.589333
0.367791
0.546270
0.508891
0.658824
0.558284
0.423119
0.473458
0.452050
0.449346
0.485184
0.480186
0.431570
0.590470
0.544483
0.512653
0.438514
0.673424
0.537638
0.579747
0.613629
0.582999
0.577142
0.629185
0.436828
0.514087
0.725169
0.432958
0.702906
0.767822
0.395053
0.867174
0.800842
0.594071
0.899916
0.752346
0.656360
0.633980
0.683428
0.859998
0.638941
0.817798
0.845496
0.716161
0.851497
0.662959
0.796278
0.841944
0.848839
0.717369
0.923298
0.788669
0.595199
0.737782
0.901072
0.821002
0.828443
0.862203
0.597211
0.853641
0.719217
0.784903
0.662568
0.842918
0.775961
0.741263
0.970002
0.754201
0.715164
0.676228
0.671243
0.795473
0.560928
0.663388
0.714869
0.764856
0.635049
0.779498
0.547279
0.813068
0.678833
0.701289
0.777229
0.655102
0.638126
0.616247
0.744561
0.737003
0.681994
0.658454
0.751768
0.810198
0.663649
0.762081
0.649490
0.713894
0.647781
0.770517
0.672698
0.834545
0.693300
0.591165
0.656831
0.779441
0.634202
0.795206
0.421695
0.628203
0.680695
0.440631
0.651582
0.519773
0.766936
0.544792
0.602632
0.615261
0.571059
0.651525
0.718207
0.598262
0.561170
0.720445
0.581416
0.565334
0.588786
0.725537
0.580118
0.544092
0.646186
0.577827
0.568043
0.640420
0.670519
0.601450
0.718991
0.680286
0.697376
0.795755
0.538522
0.643562
0.571847
0.451024
0.525700
0.506453
0.654841
0.500821
0.676879
0.572416
0.633487
0.652977
0.595301
0.570664
0.686151
0.488749
0.497628
0.637069
0.523204
0.380237
0.594378
0.693393
0.606655
0.602687
0.634666
0.460021
0.610244
0.582436
0.653037
0.527865
0.672900
0.599304
0.587869
0.729588
0.507315
0.825090
0.696303
0.562982
0.741633
0.768214
0.704065
0.876196
0.769858
0.862216
0.807492
0.773937
0.828659
0.853399
0.685630
0.636819
0.734021
0.762816
0.686043
0.796923
0.810503
0.794924
0.746660
0.783669
0.701178
0.796442
0.809536
0.896458
0.792430
0.837203
0.766529
0.724635
0.889534
0.761640
0.614838
0.630622
0.297798
0.622046
0.531712
0.756331
0.630516
0.460797
0.475401
0.377748
0.507459
0.589717
0.567920
0.526220
0.704755
0.512083
0.478986
0.479956
0.723786
0.549941
0.646311
0.656005
0.571962
0.542009
0.608008
0.550064
0.554567
0.752563
0.545489
0.745004
0.783230
0.352310
0.585615
0.570941
0.618396
0.458225
0.657828
0.507922
0.661891
0.650651
0.622033
0.654474
0.656358
0.580816
0.450623
0.657634
0.598662
0.477718
0.547303
0.703258
0.619242
0.565600
0.622389
0.523071
0.594533
0.613419
0.710483
0.437089
0.791319
0.569449
0.414276
0.664947
0.593149
0.564021
0.747149
0.548900
0.763920
0.552180
0.718697
0.711874
0.641291
0.682752
0.730512
0.689340
0.582996
0.682644
0.615543
0.505909
0.568893
0.762985
0.654800
0.509616
0.641558
0.492543
0.616340
0.575650
0.716425
0.604412
0.769060
0.712394
0.617819
0.813813
0.582395
0.615044
0.450792
0.681013
0.509243
0.487722
0.504392
0.227435
0.475102
0.539004
0.482231
0.456735
0.605154
0.433944
0.334647
0.468612
0.683004
0.511106
0.496178
0.554290
0.542891
0.554338
0.560019
0.550841
0.486584
0.738805
0.581530
0.686655
0.733170
0.301024
0.623668
0.671487
0.611226
0.639215
0.523322
0.643881
0.514969
0.698389
0.538867
0.557343
0.659700
0.689143
0.664952
0.589686
0.668327
0.539359
0.694946
0.652609
0.615502
0.637127
0.635023
0.615425
0.586396
0.797750
0.582877
0.734544
0.749445
0.597169
0.720279
0.522132
0.651701
0.633695
0.484042
0.526928
0.652480
0.535224
0.464020
0.581405
0.481460
0.409038
0.607832
0.669035
0.499699
0.536461
0.649525
0.432842
0.448439
0.529407
0.520648
0.518194
0.565605
0.648373
0.595665
0.757399
0.471866
0.524182
0.601820
0.549448
0.719113
0.712224
0.762642
0.553152
0.679383
0.681978
0.720577
0.639346
0.578201
0.548564
0.731767
0.608896
0.575603
0.622810
0.715734
0.546554
0.786741
0.559061
0.800118
0.664643
0.753940
0.800854
0.747621
0.613291
0.482393
0.562853
0.580053
0.595973
0.418403
0.539606
0.556566
0.584873
0.522940
0.440191
0.501629
0.565929
0.470293
0.488362
0.458794
0.526530
0.504851
0.647281
0.407158
0.730780
0.610297
0.609387
0.656092
0.549149
0.463453
0.564856
0.610601
0.591764
0.540822
0.594388
0.690453
0.579269
0.584335
0.520431
0.676318
0.636448
0.648151
0.691713
0.649872
0.636592
0.671873
0.682344
0.557451
0.852458
0.541861
0.753188
0.757944
0.510550
0.546643
0.526084
0.428078
0.422370
0.554152
0.514685
0.586744
0.566757
0.456521
0.498930
0.572997
0.614742
0.499741
0.578864
0.596224
0.596042
0.590460
0.552078
0.782427
0.434449
0.728405
0.652750
0.573501
0.520603
0.579840
0.514342
0.475231
0.672744
0.506811
0.390666
0.541631
0.668480
0.551954
0.579908
0.629707
0.480932
0.543199
0.554081
0.575562
0.510463
0.769641
0.588373
0.643348
0.775783
0.369181
0.550253
0.465313
0.548445
0.638649
0.552553
0.560794
0.535730
0.626727
0.365899
0.634690
0.635337
0.599045
0.479331
0.611541
0.450616
0.530796
0.603591
0.555503
0.718840
0.786629
0.508577
0.591696
0.625779
0.655688
0.646000
0.650865
0.593279
0.700122
0.702140
0.699349
0.708190
0.710206
0.713812
0.658784
0.618162
0.627318
0.853398
0.546927
0.735296
0.491056
0.576530
0.425673
0.524363
0.529550
0.411487
0.474985
0.532050
0.507626
0.521778
0.535359
0.440593
0.479205
0.521234
0.550600
0.461854
0.698751
0.476793
0.582157
0.664545
0.510376
0.627448
0.580440
0.412540
0.505915
0.684878
0.584064
0.558624
0.603500
0.470585
0.598414
0.606359
0.583061
0.491949
0.694233
0.462606
0.549768
0.694395
0.466996
0.589807
0.660291
0.649177
0.431983
0.618928
0.620226
0.428265
0.710281
0.591042
0.684877
0.657781
0.651566
0.811166
0.613272
0.669945
0.775287
0.609887
0.402522
0.614546
0.655238
0.562802
0.463738
0.646872
0.548647
0.533114
0.603057
0.575505
0.573651
0.716130
0.644790
0.625185
0.717044
0.482212
0.502382
0.642463
0.553332
0.505775
0.578553
0.426668
0.512609
0.545056
0.606208
0.465746
0.686524
0.586530
0.520021
0.742899
0.418976
0.615375
0.579614
0.578803
0.610199
0.518791
0.591244
0.556390
0.600079
0.413718
0.728503
0.540526
0.646782
0.743511
0.492078
0.598365
0.676951
0.412861
0.687935
0.664523
0.607944
0.698648
0.615748
0.831590
0.633834
0.724437
0.798082
0.690143
0.547978
0.561998
0.561101
0.319771
0.591680
0.381929
0.545063
0.478127
0.617317
0.682295
0.791968
0.516105
0.505791
0.521902
0.494993
0.516761
0.602044
0.538518
0.616713
0.649691
0.541078
0.700767
0.542503
0.636471
0.557302
0.601724
0.711354
0.615427
0.826840
0.601281
0.638565
0.740756
0.694539
0.517125
0.576827
0.598316
0.462172
0.634493
0.635868
0.532111
0.787931
0.555817
0.569635
0.425628
0.546643
0.613802
0.659416
0.656532
0.783777
0.544381
0.604826
0.531257
0.759423
0.643618
0.647590
0.604556
0.584713
0.604352
0.488765
0.614491
0.763842
0.869240
0.574362
0.715982
0.537112
0.553932
0.759007
0.509732
0.832144
0.798567
0.922349
0.762365
0.666693
0.726720
0.626357
0.701349
0.734854
0.785574
