0.125624
0.061860
0.026915
0.027219
0.097726
0.051425
0.059938
0.057545
0.036265
0.064867
0.095454
0.029877
0.107439
0.060923
0.054211
0.033221
0.142756
0.146380
0.054852
0.099761
0.086838
0.104236
0.037180
0.057887
0.101578
0.107029
0.046005
0.014836
0.114103
0.054993
0.045722
0.088132
0.024378
0.055727
0.053197
0.038256
0.040561
0.065747
0.081611
0.079380
0.152963
0.073682
0.068986
0.104780
0.054750
0.017714
0.093361
0.028048
0.065104
0.069362
0.147832
0.074738
0.302023
0.174149
0.049573
0.085328
0.184818
0.054788
0.059762
0.064753
0.206257
0.253492
0.087551
0.193965
0.242261
0.033360
0.089122
0.008400
0.042681
0.016114
0.150770
0.031571
0.042807
0.017591
0.219165
0.123809
0.284135
0.050547
0.235788
0.017012
0.158759
0.035642
0.052828
0.056822
0.052275
0.101100
0.054929
0.265089
0.066839
0.026596
0.044444
0.057770
0.075274
0.138628
0.302463
0.151069
0.030830
0.049624
0.024020
0.151125
0.080616
0.017519
0.012133
0.095600
0.008441
0.026199
0.029248
0.131766
0.133344
0.036675
0.082462
0.157197
0.071638
0.039412
0.060907
0.030437
0.053084
0.044656
0.037782
0.052041
0.044147
0.095188
0.052221
0.146267
0.018910
0.101965
0.031552
0.070033
0.056706
0.013004
0.066912
0.040867
0.069057
0.059450
0.129273
0.085515
0.030411
0.051316
0.017752
0.040870
0.075800
0.143347
0.043731
0.034972
0.031331
0.055752
0.038804
0.068420
0.036249
0.053278
0.065370
0.085290
0.042938
0.086133
0.034638
0.047827
0.014147
0.101180
0.133172
0.046437
0.125781
0.103598
0.122650
0.011988
0.066110
0.116310
0.106577
0.016379
0.014125
0.055184
0.059338
0.027626
0.094310
0.022035
0.069900
0.052562
0.080469
0.054352
0.075795
0.103255
0.066550
0.164188
0.087199
0.091059
0.082245
0.074363
0.033172
0.047321
0.014616
0.085364
0.116130
0.053757
0.017430
0.022204
0.067300
0.021465
0.040693
0.010761
0.097173
0.096041
0.027249
0.061409
0.130864
0.087444
0.015912
0.059597
0.041935
0.055864
0.027302
0.022270
0.057320
0.052521
0.065272
0.020857
0.123528
0.013612
0.076433
0.037726
0.042286
0.036524
0.013613
0.044882
0.023231
0.048419
0.057446
0.115096
0.091481
0.037311
0.040072
0.044111
0.031964
0.047311
0.115507
0.028627
0.029299
0.096617
0.163157
0.114635
0.123941
0.168110
0.181926
0.125667
0.075477
0.029537
0.116979
0.049502
0.097369
0.278201
0.109870
0.273281
0.218046
0.250309
0.048062
0.176555
0.231889
0.241756
0.030514
0.085255
0.028064
0.151997
0.053082
0.223968
0.083351
0.190017
0.144952
0.206198
0.160394
0.131365
0.252385
0.093474
0.262287
0.221673
0.199148
0.180697
0.180830
0.108605
0.007761
0.061913
0.196304
0.096257
0.074403
0.036876
0.097668
0.138166
0.082426
0.163437
0.073056
0.099229
0.054223
0.169049
0.153462
0.076307
0.145348
0.141185
0.164952
0.047626
0.099105
0.173869
0.139030
0.042564
0.024924
0.112556
0.090473
0.034623
0.130364
0.036361
0.092730
0.080035
0.112649
0.073178
0.141256
0.110377
0.067041
0.194128
0.113617
0.144991
0.116745
0.102767
0.046965
0.092650
0.029357
0.113746
0.023367
0.116654
0.011068
0.017850
0.014179
0.113623
0.152089
0.023140
0.106063
0.151018
0.067621
0.022615
0.045432
0.014744
0.030947
0.054012
0.021984
0.029918
0.037367
0.113960
0.056454
0.163921
0.003987
0.131590
0.020802
0.086222
0.045825
0.006657
0.053890
0.035477
0.041751
0.063623
0.164851
0.047837
0.030420
0.030115
0.024197
0.031551
0.090198
0.166690
0.057232
0.016896
0.104182
0.019197
0.023373
0.026798
0.098513
0.100386
0.028404
0.060850
0.126514
0.076975
0.021821
0.079312
0.042421
0.063299
0.022847
0.037084
0.053367
0.049134
0.069875
0.044386
0.102934
0.019951
0.090172
0.035356
0.062186
0.053743
0.012325
0.073296
0.039983
0.055958
0.078855
0.127525
0.080414
0.045053
0.052300
0.019515
0.048954
0.075819
0.110481
0.028556
0.041812
0.105511
0.170487
0.090193
0.201476
0.082071
0.133447
0.055835
0.229125
0.199715
0.115065
0.145104
0.152212
0.179156
0.077199
0.120888
0.187305
0.162778
0.061908
0.036633
0.167937
0.112204
0.031138
0.150229
0.028796
0.102275
0.103180
0.087423
0.078960
0.162972
0.090830
0.048023
0.247078
0.108055
0.148387
0.154137
0.089039
0.018958
0.114980
0.048267
0.120133
0.024784
0.022388
0.132875
0.154533
0.038879
0.103613
0.178140
0.074989
0.034794
0.048349
0.019726
0.038512
0.054975
0.030672
0.041645
0.034835
0.115562
0.059704
0.173019
0.011447
0.123021
0.023003
0.083734
0.051196
0.010127
0.061365
0.036235
0.062500
0.050813
0.147735
0.068979
0.024130
0.034795
0.021789
0.028954
0.081286
0.166693
0.056169
0.023541
0.036794
0.107327
0.172381
0.026261
0.118938
0.135608
0.063151
0.036166
0.061249
0.016491
0.030681
0.066313
0.032165
0.016297
0.035159
0.138768
0.088911
0.158145
0.019215
0.167643
0.022498
0.114336
0.067381
0.019350
0.073336
0.058717
0.042614
0.086596
0.200494
0.050234
0.044131
0.035975
0.016464
0.050269
0.124374
0.179389
0.081833
0.030071
0.079095
0.107933
0.018368
0.073029
0.122041
0.085900
0.020846
0.054442
0.037161
0.042250
0.036991
0.018063
0.043580
0.048009
0.080612
0.034556
0.129446
0.012582
0.101365
0.033053
0.063111
0.032315
0.015537
0.040830
0.021799
0.026683
0.072141
0.140061
0.071231
0.037992
0.022432
0.046082
0.039564
0.057721
0.129029
0.043157
0.023050
0.104641
0.055357
0.101622
0.035385
0.194538
0.081477
0.191133
0.145905
0.141120
0.069197
0.102620
0.128548
0.156801
0.100139
0.109803
0.061859
0.105771
0.150224
0.149608
0.135250
0.138484
0.109147
0.158894
0.123126
0.037733
0.234293
0.197614
0.152775
0.169546
0.101956
0.129650
0.166065
0.139857
0.088749
0.105169
0.128876
0.115241
0.015329
0.112731
0.235588
0.103296
0.223845
0.197928
0.223663
0.042921
0.146090
0.206781
0.211436
0.012997
0.055106
0.041993
0.139763
0.027984
0.188579
0.040499
0.139105
0.126239
0.145210
0.120130
0.135526
0.190434
0.074805
0.263981
0.174005
0.174850
0.170035
0.148650
0.063506
0.024726
0.045096
0.167359
0.078367
0.085628
0.081491
0.022307
0.085328
0.040098
0.051942
0.035742
0.030086
0.046057
0.058242
0.085032
0.048925
0.101342
0.019323
0.119037
0.044995
0.081198
0.058494
0.024594
0.069337
0.050186
0.015684
0.107951
0.155715
0.059679
0.068742
0.032240
0.040457
0.061865
0.089359
0.118381
0.052563
0.046209
0.113754
0.180856
0.077734
0.166286
0.138162
0.166167
0.026876
0.103839
0.148654
0.152558
0.012848
0.030851
0.053206
0.096095
0.018768
0.133798
0.018943
0.100605
0.083533
0.093074
0.083120
0.101257
0.128806
0.053925
0.215399
0.119678
0.124308
0.118310
0.096860
0.034019
0.036486
0.023138
0.119586
0.193139
0.120523
0.221748
0.187671
0.183031
0.091755
0.130994
0.166341
0.192666
0.108788
0.133033
0.052883
0.148693
0.166020
0.187133
0.157757
0.164425
0.143476
0.194827
0.147682
0.081134
0.270530
0.235602
0.202857
0.198563
0.159745
0.153726
0.217240
0.171043
0.103083
0.127181
0.167454
0.090406
0.043877
0.067541
0.047078
0.134042
0.040994
0.074255
0.025565
0.194581
0.118970
0.233203
0.065973
0.225039
0.033368
0.160447
0.045474
0.063565
0.097670
0.058886
0.112885
0.088970
0.268740
0.069830
0.053055
0.076953
0.047588
0.115083
0.153781
0.274947
0.138878
0.064027
0.086129
0.051225
0.066326
0.025547
0.031728
0.062860
0.060014
0.075943
0.041056
0.111411
0.015149
0.103760
0.042119
0.069892
0.055113
0.016647
0.074950
0.045499
0.045803
0.093225
0.143816
0.070765
0.065245
0.048413
0.043266
0.047652
0.087150
0.111913
0.040461
0.044953
0.040109
0.016780
0.133340
0.026034
0.043004
0.022406
0.192936
0.102471
0.261786
0.048220
0.199400
0.023174
0.129002
0.028825
0.048168
0.041070
0.036968
0.094381
0.040862
0.229566
0.084723
0.016114
0.042832
0.059665
0.063730
0.103964
0.273076
0.129309
0.019292
0.020528
0.089710
0.032684
0.018464
0.035417
0.161563
0.090496
0.209442
0.019237
0.174453
0.020264
0.112865
0.063355
0.023136
0.053099
0.055609
0.056003
0.057001
0.193837
0.048770
0.030492
0.028499
0.028619
0.031241
0.112043
0.215960
0.092606
0.018702
0.116858
0.019221
0.017642
0.016678
0.191386
0.108684
0.229667
0.032667
0.213118
0.015300
0.142575
0.042943
0.038586
0.051225
0.047701
0.053073
0.069212
0.243789
0.046573
0.028441
0.020310
0.041345
0.061673
0.124423
0.253250
0.127041
0.015393
0.063481
0.105479
0.105188
0.023636
0.023871
0.049722
0.046050
0.043670
0.088116
0.037717
0.077565
0.040465
0.094094
0.056286
0.061444
0.120183
0.086389
0.132713
0.092861
0.084427
0.066636
0.071125
0.055782
0.045175
0.010915
0.079015
0.035036
0.018885
0.117085
0.052416
0.160854
0.018621
0.140302
0.014861
0.085532
0.017755
0.019343
0.039129
0.015491
0.039544
0.059216
0.185791
0.057345
0.025506
0.023016
0.036577
0.053993
0.075797
0.177150
0.072282
0.018036
0.036696
0.179210
0.111976
0.207297
0.034711
0.205750
0.025880
0.136254
0.063524
0.037680
0.052169
0.063986
0.046705
0.081536
0.234831
0.057831
0.039128
0.025206
0.043950
0.052109
0.130578
0.231564
0.117515
0.020921
0.173648
0.094988
0.218499
0.033746
0.193144
0.009193
0.129992
0.034442
0.034249
0.061289
0.039730
0.075131
0.055598
0.225290
0.055065
0.025633
0.034828
0.031813
0.066595
0.116332
0.240222
0.111397
0.028781
0.029457
0.041136
0.103743
0.016442
0.154342
0.028063
0.113381
0.093060
0.128664
0.093379
0.114678
0.156681
0.061394
0.220027
0.142170
0.146807
0.129777
0.119284
0.051514
0.026114
0.021941
0.139314
0.095958
0.048027
0.035100
0.081685
0.018997
0.051773
0.044199
0.061339
0.036775
0.076514
0.079236
0.074828
0.142455
0.074032
0.079292
0.085586
0.060695
0.023549
0.081456
0.015805
0.071650
0.153076
0.081573
0.206546
0.101951
0.177576
0.144039
0.205839
0.156430
0.116781
0.260420
0.140143
0.238109
0.215003
0.191403
0.161532
0.198099
0.131827
0.029109
0.071385
0.191214
0.123640
0.018965
0.078390
0.041267
0.004674
0.053077
0.032900
0.040141
0.061182
0.156593
0.049340
0.034971
0.027506
0.025592
0.030295
0.084412
0.154613
0.050967
0.021229
0.174902
0.020369
0.132619
0.110126
0.129257
0.107125
0.152532
0.141426
0.028825
0.258528
0.145422
0.170575
0.150822
0.115200
0.036852
0.042301
0.027771
0.150840
0.111834
0.032191
0.018595
0.048606
0.035537
0.064060
0.047868
0.208266
0.047178
0.018533
0.028222
0.023602
0.045695
0.108169
0.221121
0.092250
0.020128
0.081366
0.068617
0.069427
0.066628
0.111608
0.081199
0.044057
0.200318
0.089497
0.110862
0.107733
0.066658
0.019748
0.072511
0.025426
0.093771
0.038871
0.034506
0.010394
0.071921
0.056021
0.177528
0.090990
0.028914
0.039503
0.061441
0.069402
0.064295
0.190800
0.076581
0.032231
0.052813
0.027979
0.047809
0.055982
0.145424
0.059777
0.028673
0.034295
0.020221
0.032319
0.075280
0.144475
0.041851
0.022753
0.038710
0.073373
0.041826
0.149607
0.127159
0.037458
0.040263
0.088911
0.038265
0.050718
0.194950
0.086338
0.033745
0.061706
0.057778
0.157907
0.090428
0.028157
0.040942
0.055029
0.061088
0.047740
0.161727
0.053195
0.028776
0.140149
0.194660
0.068124
0.086608
0.030517
0.068433
0.085373
0.104456
0.139755
0.081796
0.052332
0.146791
0.144500
0.029220
0.074136
0.079125
0.033747
0.074355
0.239000
0.101471
0.049645
0.300099
0.174548
0.194093
0.179095
0.120019
0.058449
0.074188
0.067801
0.181172
0.092316
0.059589
0.058680
0.112620
0.198747
0.277793
0.144933
0.063898
0.039546
0.037247
0.041525
0.076452
0.216755
0.086961
0.016471
0.051642
0.047529
0.093558
0.200134
0.096386
0.024133
0.062164
0.117859
0.176810
0.074043
0.038714
0.070422
0.171202
0.065814
0.035293
0.099341
0.040436
0.082541
0.058560
0.198820
0.082722
