0.143246
0.191679
0.163389
0.160157
0.218147
0.225298
0.228439
0.139390
0.170086
0.181935
0.125292
0.195093
0.304856
0.169012
0.123991
0.154537
0.078696
0.289250
0.046693
0.187982
0.183589
0.102264
0.160496
0.212263
0.164081
0.134119
0.163121
0.100609
0.273799
0.287859
0.038700
0.131175
0.205729
0.204213
0.193179
0.139822
0.192511
0.217944
0.288099
0.141733
0.166990
0.198469
0.187942
0.172478
0.092758
0.172446
0.078594
0.187945
0.037860
0.018723
0.006861
0.042719
0.047633
0.046322
0.041800
0.030323
0.012616
0.015542
0.023761
0.024222
0.080751
0.011191
0.019632
0.012761
0.046663
0.080018
0.053056
0.017290
0.038952
0.016532
0.016240
0.032762
0.025038
0.032452
0.011606
0.037906
0.051316
0.057812
0.073492
0.012753
0.027184
0.014671
0.026013
0.017047
0.028502
0.041789
0.086590
0.026341
0.017891
0.016576
0.012043
0.060136
0.021424
0.022363
0.022592
0.023915
0.075413
0.027682
0.035260
0.067246
0.062724
0.032180
0.025754
0.021219
0.034393
0.048211
0.028145
0.077410
0.026163
0.030283
0.038304
0.081672
0.058774
0.088440
0.023673
0.043042
0.052355
0.034448
0.023874
0.032419
0.047299
0.025569
0.047032
0.062964
0.052215
0.096991
0.027549
0.020774
0.023944
0.026474
0.023439
0.031462
0.044534
0.074239
0.039912
0.025458
0.020760
0.021767
0.082426
0.049421
0.039095
0.044606
0.017704
0.107581
0.059460
0.039279
0.042623
0.054917
0.047862
0.019949
0.010940
0.031785
0.029307
0.071440
0.008526
0.035442
0.010970
0.056844
0.089348
0.071255
0.018339
0.049048
0.021988
0.020273
0.042679
0.038371
0.038893
0.017978
0.058307
0.033368
0.052950
0.096261
0.017178
0.037791
0.014678
0.036146
0.027290
0.035476
0.049614
0.095541
0.037761
0.022154
0.018919
0.007621
0.071166
0.029871
0.022166
0.033005
0.033287
0.096280
0.066980
0.050760
0.059620
0.019733
0.046098
0.066706
0.033876
0.021564
0.084264
0.050481
0.028680
0.045965
0.087879
0.078298
0.083168
0.035857
0.054151
0.058747
0.056397
0.027812
0.041459
0.040968
0.055371
0.044473
0.092348
0.069032
0.069561
0.033046
0.047598
0.063041
0.051265
0.025033
0.029277
0.050940
0.066042
0.031614
0.053016
0.032884
0.047958
0.097837
0.059675
0.050446
0.041709
0.033630
0.097453
0.027517
0.092272
0.081898
0.057780
0.049584
0.037583
0.027602
0.032435
0.033455
0.073761
0.022763
0.094292
0.107405
0.123888
0.033222
0.076855
0.057252
0.052236
0.052228
0.061825
0.049371
0.048960
0.107587
0.032649
0.045097
0.149191
0.046076
0.072695
0.041830
0.067745
0.047176
0.036799
0.053564
0.085504
0.045848
0.061052
0.032591
0.028192
0.085972
0.063482
0.027899
0.076434
0.051841
0.162524
0.061294
0.063646
0.043707
0.039232
0.036506
0.019788
0.033988
0.044202
0.061138
0.029072
0.121871
0.065594
0.122796
0.021982
0.087253
0.050873
0.050105
0.029782
0.056449
0.051011
0.051787
0.084034
0.044965
0.028264
0.135880
0.048764
0.054992
0.040507
0.044486
0.054037
0.038232
0.029628
0.045299
0.032264
0.070861
0.024870
0.032775
0.118492
0.071040
0.040975
0.076326
0.042382
0.158240
0.034092
0.022212
0.057300
0.072224
0.044940
0.087577
0.062869
0.044017
0.060690
0.140260
0.032170
0.112615
0.043282
0.084069
0.065686
0.039919
0.017867
0.045639
0.057106
0.040809
0.048821
0.100062
0.059381
0.119095
0.051087
0.032049
0.032412
0.006703
0.065128
0.058610
0.018603
0.037449
0.037383
0.062127
0.030270
0.052028
0.134651
0.075306
0.078636
0.073978
0.017866
0.123440
0.026022
0.055783
0.038354
0.030131
0.102225
0.046275
0.010172
0.043774
0.082310
0.069776
0.056297
0.038267
0.051073
0.042475
0.034995
0.025414
0.033138
0.028910
0.040462
0.015582
0.100169
0.075105
0.051763
0.023739
0.033539
0.049492
0.027091
0.026270
0.037101
0.037203
0.065346
0.021639
0.046032
0.028495
0.045176
0.103716
0.040020
0.052591
0.027084
0.023453
0.063264
0.022393
0.032498
0.027604
0.073786
0.025733
0.017201
0.023662
0.077743
0.054649
0.062301
0.023167
0.037816
0.022811
0.008489
0.021407
0.019751
0.028118
0.012720
0.031435
0.058188
0.043728
0.089494
0.024376
0.016391
0.009988
0.011836
0.027336
0.029674
0.023500
0.068399
0.020715
0.026176
0.014048
0.021496
0.076023
0.027494
0.033573
0.037152
0.020343
0.083333
0.041720
0.030020
0.074092
0.019940
0.041197
0.018236
0.081505
0.086848
0.084908
0.016767
0.057361
0.027100
0.029597
0.045440
0.047314
0.049779
0.031783
0.067415
0.037676
0.046563
0.106203
0.030383
0.043172
0.020937
0.039262
0.038768
0.048956
0.050705
0.091450
0.042165
0.034946
0.022474
0.013804
0.095285
0.042171
0.031693
0.044294
0.041270
0.112192
0.028229
0.075375
0.026793
0.031266
0.018630
0.039149
0.098702
0.044725
0.029508
0.040281
0.017419
0.029093
0.039843
0.022036
0.022321
0.023365
0.043883
0.064783
0.068971
0.073294
0.028773
0.039223
0.036667
0.048758
0.016119
0.019633
0.045638
0.095580
0.026990
0.030194
0.032351
0.033589
0.048703
0.020813
0.019328
0.031046
0.041103
0.084071
0.040805
0.026357
0.030191
0.018149
0.094093
0.064293
0.097586
0.010786
0.052136
0.043413
0.036491
0.015830
0.036713
0.034618
0.037409
0.059652
0.043352
0.030762
0.099068
0.021738
0.037903
0.030485
0.032899
0.024981
0.020505
0.028054
0.044476
0.019473
0.043569
0.007555
0.017153
0.095988
0.052455
0.026253
0.044152
0.022036
0.120723
0.063285
0.108293
0.061199
0.158989
0.089878
0.186411
0.046283
0.104965
0.101173
0.079231
0.052225
0.086623
0.082558
0.074631
0.135672
0.036354
0.031603
0.210891
0.076232
0.073838
0.053273
0.073177
0.079328
0.054905
0.055544
0.067401
0.066562
0.094399
0.041811
0.047560
0.133276
0.105253
0.053807
0.128483
0.064919
0.226927
0.035595
0.012095
0.047360
0.092074
0.076092
0.018520
0.038880
0.026484
0.021128
0.046266
0.040828
0.034469
0.021464
0.060316
0.025594
0.051348
0.103242
0.018940
0.031256
0.017841
0.043922
0.015644
0.025354
0.057428
0.103154
0.036687
0.020169
0.018764
0.006804
0.058363
0.028306
0.010967
0.035616
0.037081
0.103441
0.032464
0.064041
0.080671
0.039980
0.035968
0.040351
0.024986
0.020800
0.035354
0.028869
0.026711
0.032408
0.014942
0.088078
0.071066
0.049670
0.019651
0.031664
0.040211
0.030768
0.019233
0.034000
0.043988
0.085989
0.018492
0.038677
0.025921
0.036434
0.084909
0.025431
0.040653
0.019145
0.034147
0.048929
0.056492
0.091545
0.068080
0.016676
0.050410
0.017939
0.020901
0.038295
0.038402
0.027019
0.023071
0.058369
0.035352
0.050863
0.089160
0.018465
0.043288
0.022761
0.038212
0.022238
0.028605
0.042306
0.081902
0.024604
0.032714
0.015881
0.012612
0.068678
0.028233
0.016364
0.030693
0.032763
0.094178
0.195155
0.033579
0.084663
0.059148
0.038782
0.063808
0.117939
0.064422
0.061656
0.050709
0.071134
0.113077
0.156542
0.072727
0.055509
0.089411
0.078674
0.110268
0.037751
0.070031
0.130766
0.208160
0.082944
0.045799
0.089454
0.069519
0.038533
0.025065
0.047627
0.040411
0.096209
0.066583
0.168986
0.056023
0.131293
0.104780
0.069850
0.030950
0.078223
0.086132
0.075981
0.083927
0.114269
0.045236
0.174749
0.089272
0.049215
0.059256
0.034087
0.094251
0.070403
0.032399
0.036578
0.058551
0.103443
0.054556
0.075729
0.180241
0.121815
0.101659
0.118568
0.047838
0.186337
0.094580
0.071756
0.027772
0.057529
0.101446
0.054620
0.051612
0.056839
0.031804
0.156629
0.159685
0.032933
0.058373
0.085395
0.087868
0.086117
0.052309
0.081964
0.104539
0.178176
0.062154
0.064492
0.091747
0.091503
0.077614
0.022680
0.075855
0.029008
0.090563
0.023858
0.059077
0.035708
0.029733
0.022386
0.040881
0.039745
0.028479
0.057666
0.036730
0.031487
0.100503
0.020748
0.032253
0.020129
0.026951
0.027389
0.030019
0.030626
0.054409
0.024302
0.036285
0.011482
0.010292
0.094392
0.046558
0.025879
0.044205
0.020414
0.120615
0.050784
0.040402
0.064376
0.025317
0.047222
0.034039
0.070321
0.069981
0.087808
0.116004
0.050361
0.042392
0.042855
0.072733
0.024493
0.030503
0.080591
0.144251
0.067025
0.018200
0.046324
0.046874
0.038555
0.037816
0.035283
0.058977
0.059875
0.112282
0.017727
0.053945
0.032992
0.024538
0.023236
0.034039
0.072504
0.079624
0.062461
0.026867
0.044947
0.031498
0.041512
0.027870
0.042509
0.051956
0.112309
0.026706
0.035403
0.035807
0.033521
0.067021
0.011447
0.028579
0.020011
0.047871
0.054041
0.038405
0.028104
0.018541
0.014819
0.037039
0.053263
0.054406
0.095602
0.023653
0.024584
0.013503
0.022864
0.024378
0.031258
0.034403
0.092283
0.023434
0.027565
0.021669
0.023484
0.071160
0.020691
0.024941
0.035344
0.031567
0.080039
0.026580
0.039162
0.031606
0.048218
0.072582
0.032641
0.107532
0.036170
0.027426
0.027838
0.014394
0.040149
0.025481
0.009183
0.024319
0.022686
0.048765
0.014661
0.034003
0.106710
0.062710
0.049214
0.059826
0.011027
0.126691
0.031782
0.013936
0.042765
0.080494
0.064981
0.093532
0.040195
0.026602
0.026671
0.035595
0.024698
0.018517
0.033849
0.087301
0.038193
0.019118
0.031448
0.041894
0.047397
0.031516
0.036419
0.047814
0.030535
0.095877
0.032305
0.039186
0.072265
0.073895
0.078449
0.023714
0.048706
0.037300
0.039746
0.023977
0.031653
0.038747
0.093239
0.023938
0.036955
0.031749
0.038897
0.084819
0.023962
0.026875
0.028558
0.032663
0.074898
0.044439
0.057135
0.058410
0.098375
0.028563
0.023056
0.008881
0.025104
0.022928
0.023581
0.034719
0.089808
0.034746
0.015322
0.023432
0.022700
0.041328
0.020958
0.026642
0.043600
0.025287
0.096335
0.129993
0.100056
0.037343
0.036518
0.041383
0.060234
0.034496
0.039940
0.057561
0.053663
0.096332
0.026272
0.060858
0.050940
0.063810
0.103386
0.032241
0.067914
0.026874
0.046480
0.036021
0.040236
0.193649
0.056957
0.063177
0.036317
0.080227
0.055506
0.048638
0.080531
0.117797
0.076110
0.055900
0.035776
0.021480
0.100038
0.078443
0.028250
0.097831
0.072205
0.195117
0.182678
0.067202
0.046437
0.036069
0.047559
0.064360
0.041355
0.036643
0.053010
0.048837
0.078697
0.026821
0.033952
0.130262
0.092631
0.050669
0.103825
0.051230
0.194039
0.061162
0.115967
0.126444
0.097942
0.075570
0.115218
0.120190
0.158450
0.065593
0.101823
0.104234
0.109476
0.142052
0.060581
0.115964
0.031617
0.092983
0.020422
0.042566
0.030612
0.034293
0.020958
0.034029
0.045394
0.083380
0.023031
0.030066
0.019816
0.017186
0.084962
0.027059
0.028572
0.017908
0.025164
0.068298
0.022379
0.023798
0.029488
0.025231
0.037256
0.074312
0.035284
0.032113
0.025970
0.033784
0.073286
0.046081
0.039036
0.059051
0.033294
0.112867
0.020349
0.031925
0.028241
0.028984
0.077136
0.034752
0.022788
0.015465
0.013374
0.066538
0.035207
0.025570
0.055996
0.023489
0.122230
0.047204
0.045160
0.012296
0.039501
0.019757
0.050129
0.019969
0.034950
0.111001
0.050936
0.055827
0.053280
0.013217
0.101258
0.015455
0.056820
0.105145
0.030149
0.019876
0.024661
0.022671
0.047580
0.021072
0.014099
0.026327
0.035569
0.081113
0.039750
0.076908
0.033633
0.028258
0.020276
0.027578
0.052804
0.041522
0.018590
0.052539
0.036339
0.122586
0.024554
0.023771
0.060980
0.022324
0.043998
0.121105
0.063687
0.059683
0.071962
0.016363
0.132979
0.050855
0.122060
0.046127
0.080565
0.197142
0.132840
0.111658
0.119563
0.042575
0.192775
0.057115
0.019000
0.032281
0.100174
0.034001
0.037237
0.030979
0.026201
0.071906
0.035002
0.027809
0.042051
0.029444
0.027652
0.042985
0.035911
0.102830
0.010192
0.088261
0.042528
0.024656
0.045066
0.018547
0.113241
0.074689
0.036948
0.016723
0.042875
0.028298
0.117014
0.047904
0.053250
0.090453
0.098597
0.134638
0.027873
0.023814
0.050362
0.051371
0.041706
0.047452
0.113490
0.047045
0.032090
0.110337
