0.026501
0.033997
0.020741
0.027621
0.036307
0.049072
0.078090
0.012542
0.030630
0.041858
0.077406
0.020603
0.015420
0.039404
0.028774
0.037039
0.017785
0.050758
0.040597
0.015580
0.027574
0.033276
0.011572
0.021101
0.022914
0.021221
0.016377
0.019818
0.015134
0.033782
0.035644
0.030943
0.028854
0.023762
0.015312
0.018542
0.033966
0.030167
0.037524
0.041842
0.059688
0.014184
0.017083
0.029506
0.029621
0.025758
0.040066
0.013489
0.010379
0.004136
0.014820
0.011012
0.009815
0.025639
0.036324
0.012109
0.019636
0.015167
0.077862
0.009414
0.014522
0.007727
0.010426
0.018738
0.012275
0.018258
0.052900
0.022692
0.039645
0.017554
0.019817
0.019337
0.015565
0.011233
0.009222
0.009261
0.024303
0.013001
0.008155
0.007648
0.013731
0.004580
0.007888
0.007641
0.024867
0.012015
0.014815
0.010134
0.035442
0.009399
0.039473
0.060829
0.007611
0.005098
0.015479
0.013026
0.028311
0.018780
0.008019
0.006313
0.026940
0.032918
0.013312
0.025062
0.014410
0.088252
0.012751
0.016242
0.005400
0.011527
0.019851
0.015481
0.020334
0.053449
0.027858
0.038468
0.017430
0.024012
0.022618
0.014669
0.014518
0.012799
0.010074
0.027186
0.008003
0.005101
0.003868
0.014428
0.005213
0.009719
0.010437
0.028207
0.013215
0.012847
0.008700
0.039452
0.011875
0.040131
0.063081
0.006997
0.006688
0.015744
0.014835
0.034989
0.022385
0.023348
0.014370
0.041679
0.019911
0.004272
0.018710
0.044284
0.012226
0.013879
0.020224
0.012613
0.011040
0.007597
0.018083
0.051060
0.012626
0.031024
0.024259
0.018046
0.002987
0.030084
0.008985
0.006433
0.007859
0.015625
0.028352
0.028513
0.021446
0.016970
0.014332
0.008408
0.009716
0.008278
0.016766
0.028827
0.024317
0.019299
0.014855
0.027715
0.063437
0.016102
0.010887
0.022175
0.015408
0.017586
0.005414
0.040495
0.055550
0.008984
0.029877
0.022547
0.103555
0.008035
0.016808
0.013579
0.011493
0.028089
0.012008
0.033221
0.041466
0.029362
0.033245
0.020068
0.012832
0.023342
0.004934
0.014319
0.012902
0.015112
0.015679
0.002921
0.007540
0.005708
0.014952
0.006049
0.010148
0.010156
0.036343
0.014364
0.018216
0.011281
0.053068
0.006509
0.028745
0.047084
0.014646
0.010638
0.025606
0.012528
0.028839
0.037461
0.045340
0.013917
0.028918
0.021717
0.102305
0.010812
0.022192
0.009287
0.012657
0.025542
0.015436
0.026671
0.049826
0.033205
0.039729
0.018443
0.021162
0.025121
0.009493
0.014655
0.016126
0.014522
0.020722
0.005447
0.009130
0.007544
0.017087
0.007695
0.012578
0.012090
0.035631
0.015998
0.016056
0.010973
0.048191
0.011095
0.037369
0.062174
0.013573
0.009772
0.021910
0.015530
0.036370
0.020241
0.039885
0.011270
0.014111
0.031779
0.034772
0.028331
0.024481
0.026588
0.012317
0.027492
0.011580
0.079696
0.023290
0.058023
0.039371
0.047566
0.017835
0.055987
0.024922
0.025213
0.017354
0.040288
0.042671
0.039467
0.032142
0.029752
0.029047
0.020279
0.024000
0.011307
0.031293
0.035671
0.035912
0.007481
0.038668
0.058304
0.090653
0.025622
0.022967
0.018945
0.036555
0.042041
0.053455
0.041244
0.018121
0.065436
0.060032
0.042028
0.030064
0.040160
0.025572
0.048935
0.027434
0.085570
0.042054
0.070760
0.038313
0.074935
0.046008
0.068751
0.044030
0.047380
0.030618
0.074392
0.052085
0.039673
0.040059
0.040368
0.039747
0.040127
0.042828
0.031755
0.036452
0.029394
0.042715
0.032938
0.055188
0.082849
0.116909
0.027794
0.033846
0.024942
0.048773
0.076696
0.030595
0.024051
0.091521
0.013147
0.010154
0.017225
0.015853
0.028748
0.010798
0.039207
0.033083
0.017043
0.024057
0.018516
0.008469
0.020528
0.006263
0.014541
0.011647
0.010199
0.013779
0.010687
0.010565
0.008425
0.016366
0.009465
0.007190
0.009425
0.033029
0.016004
0.015092
0.020684
0.056740
0.004947
0.016336
0.029704
0.014060
0.011181
0.027115
0.004536
0.016367
0.019653
0.034368
0.016362
0.019587
0.022966
0.014788
0.008601
0.012036
0.011559
0.059009
0.015040
0.042568
0.028357
0.027678
0.006896
0.041307
0.011174
0.012559
0.011927
0.021357
0.036559
0.036744
0.030548
0.020593
0.019418
0.012311
0.013076
0.006549
0.020279
0.035016
0.026894
0.010668
0.023178
0.040430
0.076508
0.021943
0.015023
0.023493
0.024369
0.029112
0.055272
0.025163
0.017139
0.012894
0.010672
0.008713
0.019859
0.017782
0.047359
0.018688
0.042485
0.017836
0.037594
0.022117
0.033679
0.018430
0.020735
0.012224
0.038454
0.023663
0.014806
0.015661
0.010249
0.012352
0.016480
0.012136
0.013623
0.012270
0.010660
0.013782
0.023877
0.022911
0.047887
0.084029
0.011182
0.008746
0.013986
0.021565
0.042132
0.083087
0.065316
0.084813
0.070963
0.042350
0.068125
0.054884
0.106965
0.043010
0.089010
0.079927
0.090753
0.045582
0.118999
0.067053
0.063267
0.058445
0.080844
0.111852
0.102354
0.093536
0.071575
0.081993
0.066757
0.064437
0.025413
0.076290
0.086043
0.090972
0.026738
0.087915
0.089092
0.140654
0.071580
0.066797
0.072363
0.076871
0.073862
0.017187
0.015090
0.008820
0.022355
0.007549
0.025990
0.048235
0.024631
0.037631
0.022709
0.010072
0.014340
0.011525
0.007546
0.007182
0.013695
0.010601
0.013267
0.016219
0.013818
0.015516
0.006497
0.008752
0.006207
0.026616
0.015170
0.026070
0.012812
0.041461
0.006173
0.030593
0.054863
0.017942
0.009341
0.027298
0.014189
0.021924
0.015917
0.009381
0.013177
0.008224
0.025515
0.025457
0.007264
0.015611
0.010387
0.017494
0.016857
0.021595
0.009567
0.010325
0.005880
0.020620
0.021664
0.017272
0.015605
0.007709
0.011302
0.007748
0.009479
0.017559
0.007584
0.013939
0.016672
0.036345
0.009547
0.020772
0.042810
0.008645
0.009480
0.017413
0.006871
0.021519
0.009047
0.014808
0.015163
0.013813
0.052893
0.027329
0.042295
0.016814
0.031971
0.025205
0.021185
0.010280
0.018006
0.009415
0.029781
0.013591
0.009264
0.008867
0.011705
0.008185
0.011156
0.010389
0.026177
0.011616
0.011635
0.006498
0.034257
0.015784
0.045096
0.069664
0.010895
0.006571
0.013232
0.017900
0.039181
0.009227
0.006170
0.017872
0.030922
0.016626
0.027056
0.009005
0.021404
0.016209
0.019293
0.005560
0.010838
0.008390
0.022305
0.016055
0.012569
0.013835
0.002776
0.005162
0.010441
0.005028
0.016337
0.003597
0.011957
0.004888
0.031724
0.008789
0.032698
0.068380
0.009352
0.003530
0.016829
0.012000
0.031865
0.014381
0.009035
0.045581
0.013496
0.035695
0.016669
0.036743
0.014444
0.041167
0.010370
0.016936
0.007750
0.030786
0.031681
0.027676
0.025023
0.010056
0.016941
0.013640
0.012629
0.006571
0.011184
0.020239
0.017303
0.011947
0.024429
0.041974
0.084333
0.013748
0.010137
0.013421
0.022301
0.038577
0.023393
0.030061
0.012989
0.021453
0.013992
0.010330
0.008367
0.016008
0.004486
0.005908
0.006780
0.010048
0.018201
0.019035
0.015911
0.010222
0.009595
0.006581
0.006156
0.017365
0.007518
0.020009
0.015469
0.034854
0.004771
0.018771
0.049608
0.013239
0.006451
0.025206
0.007028
0.017950
0.075741
0.028769
0.059315
0.031200
0.048527
0.024700
0.049169
0.015725
0.024248
0.014665
0.039271
0.036182
0.033893
0.029904
0.022550
0.021927
0.017529
0.019797
0.018459
0.022122
0.032025
0.021891
0.010025
0.033762
0.064683
0.092423
0.022305
0.017365
0.011939
0.035881
0.048733
0.028325
0.013280
0.017963
0.038140
0.048099
0.038722
0.036918
0.042819
0.036795
0.047462
0.046511
0.043473
0.048271
0.025139
0.040804
0.044008
0.037303
0.047295
0.024368
0.027739
0.041999
0.088903
0.030009
0.024518
0.065765
0.035327
0.035781
0.061208
0.022323
0.056592
0.019520
0.015636
0.021692
0.013302
0.033269
0.014661
0.016258
0.008838
0.023776
0.033928
0.030561
0.027841
0.014680
0.019493
0.011729
0.013773
0.010023
0.015776
0.020307
0.030686
0.030535
0.017654
0.021440
0.048718
0.015720
0.016096
0.022223
0.011284
0.024132
0.017459
0.027052
0.029209
0.033777
0.027178
0.026811
0.023392
0.033312
0.038315
0.038989
0.036214
0.022882
0.033370
0.029483
0.030241
0.034366
0.022376
0.028275
0.039186
0.068411
0.022938
0.011532
0.050659
0.022979
0.028507
0.044710
0.014012
0.035618
0.027434
0.025946
0.023218
0.014515
0.020091
0.011846
0.034346
0.022532
0.015672
0.019494
0.007334
0.012471
0.018036
0.015290
0.022378
0.005161
0.006836
0.013519
0.047630
0.013742
0.029715
0.067757
0.007576
0.010178
0.022428
0.010077
0.044691
0.015765
0.010246
0.017831
0.009854
0.019087
0.007260
0.018740
0.023743
0.019216
0.026181
0.015614
0.012322
0.014444
0.035607
0.023335
0.032143
0.030839
0.060806
0.005914
0.014993
0.031460
0.023654
0.019344
0.041642
0.009519
0.013171
0.029626
0.011544
0.008765
0.009802
0.012959
0.029056
0.031636
0.023352
0.021104
0.018498
0.010267
0.013085
0.009929
0.020088
0.031723
0.029305
0.023532
0.015454
0.021587
0.062479
0.019599
0.014080
0.027875
0.015404
0.016928
0.019855
0.017711
0.020844
0.016440
0.006353
0.010245
0.009938
0.022785
0.010764
0.014814
0.015104
0.047522
0.020714
0.020600
0.019949
0.072883
0.006081
0.024523
0.039247
0.021460
0.016170
0.036801
0.011158
0.027520
0.008464
0.006309
0.014040
0.018886
0.020060
0.017867
0.009175
0.009472
0.007038
0.006064
0.016615
0.007947
0.019257
0.012784
0.028971
0.009287
0.026656
0.056758
0.013952
0.006808
0.018116
0.011819
0.022976
0.008960
0.011918
0.018351
0.018146
0.014128
0.014553
0.009306
0.007655
0.006287
0.017947
0.013397
0.023468
0.017510
0.031844
0.007053
0.023945
0.050194
0.011115
0.008178
0.025201
0.010106
0.014784
0.017944
0.017817
0.015632
0.011770
0.009283
0.008869
0.003535
0.007385
0.012690
0.008375
0.012998
0.015195
0.025441
0.010375
0.023825
0.053045
0.007347
0.005100
0.012756
0.007556
0.022657
0.021571
0.032774
0.023608
0.028217
0.021455
0.011357
0.014850
0.032206
0.027917
0.039293
0.033200
0.048180
0.011674
0.015985
0.038303
0.030888
0.020863
0.040069
0.015029
0.011308
0.007391
0.006518
0.018915
0.008599
0.012754
0.013353
0.041052
0.017807
0.016976
0.014262
0.057522
0.011259
0.034100
0.049589
0.015920
0.014322
0.025449
0.016403
0.036006
0.003261
0.013422
0.005202
0.014830
0.012084
0.036569
0.012746
0.007727
0.007695
0.055998
0.010859
0.040623
0.060133
0.009400
0.008433
0.022959
0.013758
0.039287
0.015177
0.006712
0.010199
0.011482
0.032272
0.015313
0.012245
0.010786
0.047839
0.010351
0.032389
0.053593
0.009815
0.007898
0.021296
0.011680
0.029146
0.008176
0.013343
0.007985
0.017207
0.004279
0.009316
0.006832
0.035213
0.012288
0.031792
0.068699
0.008699
0.005551
0.016445
0.012635
0.035154
0.006907
0.004604
0.023180
0.007471
0.010961
0.006413
0.039671
0.005715
0.034708
0.056111
0.007020
0.004501
0.016056
0.010240
0.029198
0.006418
0.018261
0.012138
0.018570
0.017338
0.029909
0.007581
0.023772
0.041429
0.011368
0.007792
0.014249
0.008731
0.017772
0.015931
0.008934
0.014079
0.009915
0.031380
0.006580
0.027999
0.052136
0.010188
0.004144
0.018987
0.009302
0.020040
0.018841
0.026597
0.028688
0.012392
0.028070
0.038346
0.084123
0.018679
0.016060
0.023153
0.024000
0.035599
0.009032
0.007938
0.037615
0.010356
0.031430
0.065430
0.006711
0.005444
0.018332
0.010733
0.036631
0.011608
0.049941
0.016286
0.037023
0.067343
0.007511
0.009150
0.019265
0.012061
0.045146
0.041928
0.014312
0.046553
0.078198
0.010512
0.006127
0.020874
0.018883
0.044591
0.050996
0.071723
0.111792
0.035358
0.031044
0.024965
0.050340
0.053531
0.019676
0.040602
0.012227
0.007650
0.026589
0.004604
0.017646
0.035939
0.032637
0.030089
0.053694
0.012112
0.018855
0.062049
0.065135
0.073349
0.038404
0.035418
0.006305
0.014650
0.009666
0.034694
0.016852
0.008177
0.026581
0.027283
0.043094
0.017790
