0.083710
0.054695
0.034288
0.072423
0.054485
0.033724
0.024201
0.149969
0.040017
0.035350
0.041185
0.045569
0.020945
0.065474
0.025039
0.082208
0.038200
0.059807
0.028992
0.030288
0.112521
0.030386
0.068797
0.081078
0.059933
0.018559
0.041073
0.092517
0.013142
0.070207
0.135845
0.020041
0.037962
0.073065
0.046124
0.045157
0.072475
0.034336
0.062212
0.093619
0.100766
0.047483
0.051558
0.075163
0.015231
0.039406
0.021312
0.100366
0.017592
0.141610
0.089890
0.065180
0.103114
0.137381
0.143640
0.050002
0.042951
0.043635
0.039021
0.053608
0.081606
0.052452
0.066866
0.100080
0.154766
0.069336
0.082286
0.042249
0.083696
0.034744
0.086113
0.081526
0.078427
0.093982
0.151806
0.034406
0.090597
0.238092
0.113431
0.094730
0.056314
0.053456
0.043001
0.051881
0.068989
0.028815
0.058369
0.120617
0.097628
0.047990
0.071480
0.067736
0.075977
0.092115
0.069998
0.110824
0.098846
0.108720
0.193193
0.114861
0.011151
0.092886
0.264467
0.114393
0.118133
0.108965
0.148208
0.118137
0.170546
0.083436
0.197568
0.052612
0.169833
0.024113
0.102963
0.252495
0.079675
0.185063
0.189263
0.176117
0.099393
0.155500
0.205956
0.094455
0.149807
0.271360
0.034811
0.129773
0.187340
0.138415
0.071332
0.141776
0.105564
0.173224
0.225911
0.238166
0.143579
0.165730
0.195160
0.052036
0.152033
0.058078
0.210511
0.054981
0.055925
0.092681
0.085199
0.048847
0.126878
0.020249
0.040197
0.020191
0.029425
0.020623
0.032146
0.060350
0.048721
0.061473
0.027502
0.068506
0.034210
0.089922
0.047578
0.024955
0.031048
0.034848
0.017958
0.050884
0.076884
0.029311
0.116496
0.080053
0.056694
0.031331
0.038528
0.025183
0.082693
0.067111
0.028758
0.058607
0.066748
0.070634
0.025418
0.038097
0.044307
0.033269
0.026054
0.034962
0.041582
0.062384
0.076255
0.161388
0.106442
0.041593
0.039093
0.026174
0.047187
0.022120
0.037980
0.015291
0.054109
0.029868
0.163818
0.026817
0.128431
0.046305
0.023429
0.065563
0.026370
0.039409
0.012526
0.055477
0.069294
0.019009
0.060047
0.168925
0.031919
0.120756
0.026568
0.012335
0.023215
0.090399
0.055830
0.035004
0.015394
0.024418
0.014853
0.017521
0.009503
0.017168
0.091124
0.036884
0.086151
0.044347
0.107968
0.088510
0.089386
0.137172
0.069960
0.059451
0.080324
0.074921
0.071112
0.086191
0.023647
0.073181
0.097995
0.074646
0.069758
0.051524
0.118594
0.049902
0.098927
0.106033
0.079783
0.082610
0.098856
0.094878
0.058368
0.124976
0.128771
0.065711
0.043217
0.093959
0.085481
0.046733
0.073071
0.085765
0.068069
0.068643
0.093549
0.090643
0.082014
0.089055
0.064538
0.098939
0.052084
0.107122
0.041651
0.057918
0.243252
0.097626
0.095801
0.092968
0.122622
0.085384
0.146543
0.059958
0.161263
0.031621
0.136760
0.019151
0.080214
0.214744
0.064951
0.154723
0.163679
0.141797
0.069499
0.109997
0.181187
0.062284
0.097061
0.238068
0.020975
0.104340
0.162157
0.117126
0.067572
0.134802
0.093382
0.143230
0.186310
0.198958
0.123343
0.135714
0.164462
0.037428
0.118421
0.046119
0.184279
0.035519
0.216012
0.079158
0.076624
0.076845
0.076709
0.028759
0.108544
0.058867
0.112828
0.037785
0.085478
0.072722
0.062452
0.150903
0.066618
0.091229
0.113373
0.088090
0.025014
0.025674
0.142208
0.015566
0.038909
0.179348
0.039983
0.076294
0.112601
0.084681
0.097952
0.123073
0.071455
0.097534
0.116968
0.137413
0.083069
0.081346
0.108998
0.035882
0.046757
0.043392
0.132680
0.033718
0.078451
0.071620
0.080028
0.074802
0.112856
0.044004
0.113523
0.078194
0.262171
0.073980
0.181668
0.084998
0.035273
0.101928
0.080900
0.079586
0.071174
0.138636
0.174244
0.020269
0.143016
0.290264
0.047040
0.196990
0.075161
0.038914
0.060102
0.122936
0.084892
0.071457
0.047654
0.080846
0.053195
0.061404
0.064248
0.049030
0.160361
0.108308
0.148598
0.090002
0.185616
0.020495
0.006335
0.015927
0.029510
0.015377
0.050111
0.034081
0.080862
0.018370
0.057455
0.019246
0.066311
0.026225
0.024994
0.017639
0.028785
0.036225
0.080463
0.040864
0.040859
0.165717
0.064108
0.059448
0.014415
0.022348
0.011967
0.056159
0.040146
0.015555
0.036806
0.058882
0.051515
0.015795
0.032075
0.026594
0.033088
0.037692
0.031099
0.035163
0.062531
0.029059
0.014797
0.031552
0.024976
0.030338
0.040328
0.105308
0.031318
0.064659
0.024997
0.054750
0.031827
0.041728
0.045564
0.022844
0.035441
0.071593
0.028819
0.042669
0.143440
0.077047
0.061688
0.018288
0.027924
0.015459
0.049848
0.047286
0.018657
0.029574
0.060838
0.046615
0.016524
0.023192
0.040054
0.046958
0.043635
0.050200
0.065116
0.065185
0.022623
0.030403
0.021284
0.052518
0.052328
0.080566
0.022903
0.054755
0.017594
0.076991
0.023852
0.027610
0.027067
0.040594
0.033276
0.082647
0.046671
0.040845
0.159725
0.074447
0.055008
0.022605
0.028537
0.017765
0.052791
0.053407
0.014496
0.045168
0.071732
0.068116
0.020773
0.038088
0.032932
0.030181
0.036306
0.029669
0.046373
0.062785
0.025679
0.015646
0.045424
0.034647
0.107310
0.014790
0.087417
0.029720
0.048156
0.044032
0.016624
0.021667
0.011203
0.035980
0.063538
0.030957
0.041823
0.148977
0.060876
0.076087
0.013567
0.017643
0.009246
0.068339
0.055837
0.019226
0.033080
0.045711
0.033265
0.009493
0.016262
0.022457
0.053021
0.027315
0.053241
0.040276
0.074323
0.037864
0.040496
0.054542
0.066860
0.031353
0.072506
0.026115
0.073403
0.040375
0.030587
0.046722
0.030735
0.009544
0.018090
0.064608
0.008312
0.081297
0.083858
0.050794
0.025728
0.037755
0.027548
0.070209
0.066761
0.027372
0.037457
0.055243
0.060812
0.026110
0.024027
0.036348
0.030710
0.010749
0.035272
0.062211
0.045915
0.063878
0.021842
0.135756
0.014503
0.103213
0.036103
0.032557
0.051122
0.015647
0.015557
0.013619
0.050180
0.084500
0.020991
0.059346
0.185092
0.026937
0.105369
0.017329
0.005158
0.009455
0.085213
0.049638
0.022539
0.028132
0.035984
0.021667
0.010069
0.017465
0.013463
0.071712
0.037504
0.067290
0.022319
0.102782
0.076593
0.084208
0.054910
0.047461
0.029478
0.094298
0.030976
0.073017
0.088947
0.054879
0.045742
0.068041
0.068021
0.032305
0.093114
0.117107
0.039827
0.034555
0.067204
0.052736
0.025757
0.066745
0.044225
0.050507
0.072858
0.082221
0.053379
0.048523
0.067101
0.039881
0.058787
0.039647
0.103249
0.028699
0.137050
0.023691
0.125034
0.054899
0.040996
0.078678
0.033365
0.026293
0.019571
0.069565
0.085257
0.045571
0.071814
0.179160
0.036653
0.122519
0.027475
0.026537
0.033375
0.114909
0.057992
0.060183
0.037278
0.021926
0.018882
0.037938
0.035447
0.029938
0.091412
0.059935
0.084556
0.026188
0.112980
0.109921
0.035933
0.072747
0.214205
0.065038
0.125947
0.129475
0.128809
0.059194
0.088097
0.188956
0.044286
0.090786
0.224326
0.021991
0.089611
0.151095
0.108532
0.094106
0.141849
0.097307
0.147182
0.166176
0.186293
0.119467
0.136621
0.147765
0.024945
0.096676
0.031533
0.150876
0.029557
0.095574
0.028801
0.044950
0.048912
0.009368
0.016315
0.017093
0.043359
0.069626
0.037804
0.044910
0.146812
0.041268
0.087449
0.017183
0.016064
0.020255
0.084637
0.069391
0.036493
0.037982
0.032344
0.028151
0.022704
0.024384
0.016773
0.058697
0.027431
0.058387
0.027721
0.082721
0.042115
0.175043
0.027580
0.118341
0.119531
0.114435
0.062402
0.118707
0.129648
0.055222
0.134158
0.190299
0.013356
0.065762
0.116001
0.081581
0.036106
0.098876
0.063055
0.112353
0.154578
0.160876
0.091198
0.111932
0.122622
0.017719
0.099634
0.024134
0.143237
0.028132
0.079148
0.011012
0.041732
0.048551
0.046291
0.030210
0.066440
0.049089
0.029232
0.128075
0.087344
0.037806
0.017601
0.036021
0.028658
0.029045
0.051424
0.024892
0.036582
0.063478
0.069722
0.033184
0.042591
0.039559
0.020507
0.037928
0.021918
0.068861
0.038571
0.105700
0.051203
0.054877
0.032579
0.096969
0.102070
0.022082
0.097688
0.202960
0.030590
0.176652
0.056823
0.025771
0.042794
0.139969
0.091432
0.063862
0.031962
0.046467
0.014959
0.044125
0.032267
0.028278
0.140948
0.064123
0.135911
0.063277
0.153378
0.067577
0.072351
0.066178
0.042256
0.090338
0.060588
0.034510
0.140582
0.119603
0.030897
0.028362
0.056629
0.040183
0.025549
0.061309
0.027629
0.055227
0.095065
0.097970
0.045866
0.064099
0.065517
0.018383
0.060663
0.016413
0.092510
0.031812
0.012174
0.017780
0.041619
0.063272
0.048005
0.052499
0.157559
0.036070
0.104823
0.024904
0.015998
0.022656
0.100453
0.067494
0.038843
0.041396
0.031481
0.030367
0.018548
0.018952
0.015102
0.069654
0.020562
0.070043
0.019922
0.101201
0.024952
0.058344
0.091576
0.049175
0.070936
0.198385
0.037312
0.114819
0.027457
0.019632
0.021045
0.107250
0.058149
0.042116
0.046567
0.043572
0.034023
0.024374
0.033368
0.018072
0.077207
0.042809
0.073746
0.011920
0.113834
0.044462
0.059163
0.032784
0.050470
0.148918
0.040544
0.103666
0.019401
0.015295
0.013663
0.097065
0.064131
0.033740
0.029152
0.028225
0.014026
0.013605
0.011413
0.020687
0.077391
0.031946
0.076981
0.031771
0.097598
0.025712
0.082817
0.014870
0.076989
0.105742
0.042624
0.037492
0.052890
0.035537
0.071651
0.078330
0.031200
0.053850
0.076465
0.082989
0.034229
0.036277
0.056406
0.027237
0.019515
0.035950
0.075386
0.047231
0.114692
0.022021
0.050953
0.121879
0.082340
0.065197
0.079594
0.072329
0.117505
0.109656
0.072857
0.065855
0.072126
0.088331
0.065585
0.047255
0.072375
0.065397
0.024331
0.074332
0.101938
0.068323
0.084632
0.214650
0.042318
0.136155
0.038365
0.016229
0.026291
0.090745
0.059991
0.034512
0.025901
0.056693
0.032024
0.027107
0.030968
0.028173
0.105452
0.064894
0.098992
0.061550
0.125001
0.058943
0.115050
0.033965
0.035409
0.061167
0.046021
0.064433
0.081923
0.038701
0.055431
0.072991
0.085701
0.046102
0.043682
0.058664
0.021641
0.023622
0.025909
0.086277
0.024545
0.237576
0.094009
0.142053
0.187308
0.163080
0.159036
0.211216
0.155930
0.164036
0.166690
0.192499
0.163496
0.138942
0.174984
0.103356
0.097831
0.120840
0.213414
0.077028
0.196768
0.057485
0.022104
0.053407
0.153703
0.080407
0.080745
0.045323
0.030766
0.021261
0.051502
0.043300
0.020969
0.148527
0.070946
0.139537
0.026356
0.176402
0.061398
0.115942
0.079425
0.036762
0.102563
0.061709
0.108051
0.141922
0.157446
0.085633
0.099582
0.119450
0.009246
0.078940
0.018189
0.142060
0.016873
0.021323
0.015824
0.049893
0.045365
0.028872
0.031295
0.035669
0.035070
0.022235
0.027228
0.025777
0.039931
0.037969
0.036222
0.036871
0.055158
0.012354
0.088547
0.049284
0.025486
0.021838
0.032979
0.020215
0.011693
0.015639
0.009262
0.079444
0.033193
0.075202
0.026180
0.109676
0.071072
0.048743
0.011404
0.029953
0.054469
0.034531
0.006728
0.019255
0.023707
0.053995
0.033202
0.053183
0.037647
0.081550
0.063469
0.051613
0.075376
0.117079
0.128882
0.073509
0.084995
0.091480
0.036837
0.092410
0.034673
0.130690
0.039957
0.046847
0.038158
0.064487
0.077384
0.044647
0.054439
0.054897
0.076298
0.080149
0.063094
0.061856
0.093866
0.034725
0.076865
0.064674
0.010252
0.026423
0.036653
0.039193
0.032801
0.038693
0.062749
0.064403
0.033322
0.031744
0.025842
0.020056
0.023171
0.078730
0.040062
0.071131
0.053556
0.088857
0.020387
0.049261
0.032043
0.026904
0.107317
0.051109
0.096893
0.032996
0.117116
0.035313
0.023339
0.019964
0.123157
0.056520
0.117454
0.035116
0.138752
0.010475
0.022132
0.057552
0.025223
0.056868
0.038401
0.086864
0.017708
0.073387
0.019512
0.074350
0.043201
0.092736
0.081280
0.029500
0.077845
0.027609
0.105895
0.049538
0.007403
0.100301
0.018083
0.056934
0.058546
0.069706
0.090028
0.017688
0.132979
