0.440615
0.695272
0.607869
0.748964
0.584277
0.446297
0.607610
0.617220
0.591307
0.561494
0.460288
0.508808
0.573454
0.699282
0.453484
0.522731
0.366003
0.415179
0.669164
0.482129
0.626721
0.615927
0.710298
0.532113
0.538855
0.699515
0.737413
0.430709
0.550480
0.576104
0.521321
0.627407
0.724921
0.652359
0.687083
0.693332
0.648916
0.490052
0.634225
0.726155
0.626856
0.602381
0.479996
0.448711
0.532059
0.735769
0.503238
0.604097
0.582287
0.668591
0.528047
0.686521
0.625368
0.513085
0.627245
0.628876
0.486668
0.587088
0.499107
0.487882
0.588234
0.799716
0.521370
0.471527
0.338756
0.527230
0.525766
0.560904
0.504046
0.654399
0.670853
0.519077
0.643534
0.670380
0.698603
0.216112
0.649179
0.552347
0.565723
0.575783
0.698311
0.551615
0.642897
0.534610
0.659750
0.605927
0.610902
0.753870
0.683804
0.629244
0.739171
0.523088
0.553994
0.767533
0.476079
0.559192
0.524325
0.701968
0.780859
0.759775
0.636959
0.607673
0.717755
0.779023
0.635206
0.655202
0.735750
0.766378
0.881045
0.768973
0.600757
0.674591
0.626776
0.672392
0.630249
0.645196
0.761214
0.763711
0.604438
0.776627
0.751815
0.684027
0.739449
0.661049
0.599245
0.568296
0.694543
0.734806
0.673573
0.765376
0.743691
0.593770
0.759914
0.454332
0.769929
0.778162
0.595371
0.732560
0.615854
0.553370
0.757584
0.679879
0.647415
0.723110
0.717743
0.909874
0.660839
0.709308
0.640918
0.335703
0.567491
0.613943
0.611480
0.631823
0.884732
0.641514
0.643859
0.382000
0.549373
0.678139
0.726825
0.636165
0.784808
0.751189
0.623043
0.715962
0.780141
0.636086
0.333956
0.644111
0.588457
0.683473
0.672953
0.631786
0.648814
0.696323
0.779209
0.661594
0.718591
0.548436
0.749004
0.739380
0.752390
0.675886
0.633149
0.511148
0.791758
0.658561
0.755187
0.627477
0.681248
0.720784
0.773991
0.894896
0.780680
0.699902
0.754613
0.693245
0.629682
0.788207
0.737208
0.657931
0.740761
0.642250
0.829868
0.805432
0.656633
0.835222
0.694302
0.781697
0.867950
0.735137
0.555099
0.672265
0.752458
0.742305
0.849682
0.698739
0.624247
0.757205
0.767029
0.677493
0.843366
0.718369
0.786753
0.656125
0.711026
0.847921
0.859427
0.726312
0.712711
0.818666
0.732635
0.771444
0.630616
0.607381
0.701668
0.754256
0.761203
0.705910
0.627957
0.675128
0.685821
0.532306
0.630261
0.580936
0.735700
0.596540
0.699580
0.706967
0.578610
0.425674
0.674216
0.726536
0.784037
0.700449
0.747101
0.661080
0.645228
0.596866
0.685783
0.660538
0.730243
0.714715
0.785270
0.661551
0.772319
0.618311
0.856929
0.771795
0.571949
0.722475
0.755594
0.680837
0.772240
0.869617
0.735645
0.643896
0.623979
0.600528
0.615007
0.605012
0.594913
0.528041
0.523931
0.545016
0.601203
0.595403
0.510888
0.543103
0.507159
0.656038
0.588009
0.587407
0.622649
0.728354
0.479859
0.613490
0.684968
0.644689
0.557884
0.632677
0.587519
0.605593
0.636172
0.687534
0.668198
0.725244
0.743406
0.662780
0.536173
0.648034
0.810296
0.697524
0.624915
0.631372
0.545640
0.535799
0.727090
0.607794
0.715128
0.587915
0.591689
0.744218
0.651032
0.728535
0.596526
0.708040
0.875574
0.746192
0.718629
0.607797
0.568081
0.688769
0.621345
0.684199
0.526450
0.732646
0.680395
0.771408
0.799065
0.719043
0.677164
0.737845
0.598711
0.562827
0.695061
0.759322
0.793170
0.738792
0.868907
0.704380
0.636297
0.693921
0.797008
0.647447
0.582794
0.709833
0.633137
0.639520
0.699133
0.806680
0.728519
0.773034
0.806774
0.585201
0.588676
0.646999
0.681203
0.877979
0.636728
0.592103
0.640084
0.650353
0.667314
0.705317
0.622979
0.628632
0.805853
0.623320
0.670675
0.815861
0.795246
0.696247
0.715166
0.566654
0.628809
0.671092
0.790173
0.635418
0.793722
0.810849
0.713001
0.709215
0.674708
0.769421
0.714283
0.668763
0.742497
0.673153
0.641987
0.620237
0.616023
0.692273
0.662378
0.680103
0.677798
0.570231
0.613599
0.635330
0.719200
0.694556
0.438457
0.604358
0.768021
0.776460
0.554980
0.677751
0.589325
0.633002
0.700062
0.785542
0.581572
0.268253
0.748449
0.700640
0.697115
0.809880
0.639791
0.809386
0.716421
0.771105
0.687505
0.695662
0.717088
0.803908
0.810862
0.701286
0.677328
0.738875
0.604686
0.928679
0.774828
0.825593
0.779070
0.590437
0.475563
0.550297
0.825513
0.589689
0.515086
0.535028
0.533629
0.525361
0.559555
0.464359
0.730487
0.483071
0.617535
0.654527
0.682378
0.584237
0.588007
0.578358
0.483124
0.611302
0.601180
0.624740
0.678854
0.583584
0.688389
0.645600
0.573769
0.655059
0.655621
0.633997
0.501757
0.717981
0.604827
0.540861
0.508323
0.573062
0.661581
0.617992
0.581045
0.716338
0.639524
0.478264
0.353809
0.433810
0.529007
0.558268
0.649539
0.602890
0.749971
0.757915
0.590287
0.629780
0.704692
0.791427
0.559459
0.400411
0.429664
0.494722
0.611310
0.743686
0.477791
0.739759
0.656398
0.550000
0.638837
0.599030
0.854404
0.700721
0.628629
0.613438
0.606731
0.497940
0.695683
0.537922
0.667440
0.588187
0.508201
0.768757
0.626390
0.540430
0.581392
0.503443
0.578498
0.610013
0.610577
0.706393
0.670874
0.620238
0.656851
0.717768
0.696319
0.477072
0.677466
0.579088
0.578864
0.665986
0.665163
0.749880
0.625101
0.746696
0.669999
0.548332
0.723295
0.717946
0.650812
0.558318
0.712187
0.664224
0.551929
0.705813
0.634082
0.716235
0.661445
0.739750
0.651259
0.621008
0.625107
0.592510
0.709408
0.642087
0.530056
0.699600
0.646427
0.639462
0.701073
0.705947
0.578406
0.542751
0.706658
0.634081
0.721801
0.687973
0.655536
0.692916
0.647093
0.685821
0.742276
0.525694
0.696930
0.599088
0.682355
0.716623
0.776923
0.599485
0.599476
0.671044
0.591170
0.718355
0.601197
0.733548
0.696713
0.777263
0.752720
0.849431
0.818295
0.621279
0.633884
0.784502
0.756952
0.748755
0.810832
0.724997
0.748062
0.653229
0.723239
0.806871
0.839620
0.754571
0.827362
0.862195
0.718035
0.868010
0.690184
0.846544
0.882189
0.792587
0.905710
0.803241
0.745763
0.821283
0.902018
0.796725
0.866640
0.764034
0.525986
0.556246
0.563490
0.584161
0.660997
0.602106
0.713239
0.710183
0.542455
0.593922
0.592677
0.703334
0.596148
0.589871
0.495565
0.671234
0.507081
0.657618
0.453922
0.773595
0.644051
0.654975
0.560050
0.652418
0.731481
0.662841
0.672096
0.634159
0.498205
0.527262
0.699270
0.455690
0.550471
0.378728
0.471482
0.419099
0.545318
0.651116
0.479613
0.701721
0.701239
0.596210
0.656769
0.630935
0.631886
0.547757
0.506360
0.468903
0.559637
0.584979
0.617720
0.571260
0.682896
0.583657
0.639008
0.610998
0.551543
0.765681
0.695499
0.670136
0.687448
0.564084
0.556153
0.629920
0.452440
0.638413
0.532154
0.435854
0.625420
0.537040
0.627246
0.668512
0.694268
0.597286
0.592025
0.667457
0.706714
0.267677
0.447765
0.500931
0.595593
0.636901
0.701200
0.589201
0.667690
0.714236
0.641451
0.570610
0.614106
0.776959
0.731236
0.685930
0.579995
0.440704
0.460338
0.697206
0.532838
0.678110
0.601022
0.676709
0.543264
0.610141
0.633858
0.707456
0.592461
0.607231
0.690432
0.702176
0.480489
0.539923
0.487670
0.594860
0.559066
0.612418
0.707685
0.700772
0.738131
0.583626
0.498262
0.651288
0.739815
0.545342
0.638078
0.544383
0.523554
0.472803
0.725020
0.568285
0.702334
0.537756
0.625491
0.579512
0.758160
0.672245
0.619825
0.684226
0.643714
0.742201
0.620188
0.661156
0.571900
0.588306
0.651472
0.782749
0.575154
0.648795
0.609837
0.677674
0.694485
0.602631
0.721296
0.796337
0.554589
0.751253
0.593755
0.538099
0.662885
0.592495
0.630058
0.665849
0.639972
0.674432
0.658035
0.685224
0.736847
0.603073
0.704428
0.631675
0.675856
0.671864
0.516796
0.587639
0.750975
0.685362
0.573499
0.623987
0.671449
0.557307
0.721425
0.754587
0.662975
0.641573
0.657187
0.567762
0.653133
0.667735
0.587412
0.704863
0.678867
0.606751
0.423213
0.585501
0.747705
0.581261
0.360847
0.584891
0.620045
0.510214
0.644267
0.591498
0.496973
0.602831
0.605270
0.533663
0.607747
0.611747
0.543891
0.679748
0.639930
0.581239
0.804639
0.652537
0.542097
0.666946
0.506993
0.618395
0.541383
0.706455
0.749889
0.784473
0.813477
0.681683
0.675551
0.713327
0.644608
0.686249
0.805397
0.718623
0.729582
0.758769
0.753632
0.801179
0.614237
0.860649
0.831690
0.611190
0.736683
0.747604
0.672881
0.737487
0.837117
0.788633
0.813128
0.759246
0.734584
0.872005
0.628252
0.429816
0.690771
0.748697
0.685464
0.694185
0.659784
0.622500
0.710881
0.510956
0.603617
0.726894
0.683726
0.823177
0.621107
0.702887
0.662509
0.820385
0.783855
0.667344
0.667879
0.745567
0.700723
0.746040
0.576711
0.680419
0.691892
0.599922
0.678376
0.560512
0.611173
0.591942
0.651483
0.652881
0.736546
0.684313
0.558555
0.588813
0.615876
0.698110
0.768872
0.627669
0.656571
0.542774
0.483886
0.779581
0.532179
0.651821
0.586330
0.822920
0.810889
0.660623
0.664772
0.609926
0.736683
0.808184
0.833422
0.828474
0.836502
0.897017
0.787901
0.728922
0.746712
0.876150
0.826425
0.707982
0.637475
0.640792
0.648387
0.771455
0.662140
0.851130
0.793820
0.588941
0.727438
0.716920
0.665446
0.756479
0.534898
0.747163
0.586003
0.751162
0.677288
0.759823
0.672039
0.742122
0.742778
0.768565
0.698560
0.805629
0.670933
0.631913
0.812378
0.659119
0.534757
0.618371
0.704537
0.726457
0.668069
0.767969
0.659629
0.573733
0.630789
0.629725
0.658733
0.765965
0.724128
0.659396
0.670135
0.748377
0.708076
0.856788
0.729573
0.579727
0.741913
0.737943
0.730329
0.624456
0.635087
0.606169
0.624976
0.656961
0.700806
0.619878
0.682074
0.610775
0.645368
0.571877
0.619982
0.771583
0.684317
0.694423
0.662793
0.553393
0.540708
0.860510
0.543919
0.649494
0.579088
0.281953
0.602988
0.677660
0.666875
0.565771
0.776545
0.738647
0.650333
0.629744
0.647607
0.847961
0.727243
0.723107
0.668705
0.555870
0.516249
0.745662
0.586618
0.714519
0.689447
0.553228
0.562467
0.509267
0.549830
0.729876
0.703781
0.532334
0.557190
0.593064
0.801427
0.686961
0.645064
0.702806
0.576855
0.494874
0.600838
0.557449
0.626649
0.554372
0.591557
0.791711
0.645519
0.575310
0.634176
0.592038
0.652278
0.589233
0.783034
0.727157
0.585439
0.664937
0.628294
0.601801
0.748924
0.659120
0.554010
0.690268
0.760195
0.519635
0.665085
0.550442
0.628820
0.572980
0.634405
0.694179
0.556703
0.672909
0.744444
0.581840
0.624747
0.734141
0.488325
0.351825
0.439947
0.795680
0.730491
0.781023
0.715539
0.588987
0.690543
0.737799
0.790818
0.825085
0.792286
0.756781
0.579960
0.766385
0.752455
0.820677
0.667135
0.742921
0.557140
0.659823
0.699814
0.637554
0.765769
0.708105
0.737808
0.807757
0.671382
0.592991
0.758992
0.554161
0.530257
0.410896
0.482784
0.708527
0.689818
0.778898
0.734191
0.744967
0.659361
0.773421
0.715983
0.648684
0.695096
0.736415
0.768548
0.751346
0.710763
0.713966
0.711730
0.718876
0.712442
0.751113
0.844409
0.704336
0.738624
0.812628
0.548431
0.592515
0.571780
0.629641
0.619315
0.818492
0.794938
0.583844
0.715321
0.711746
0.526481
0.721250
0.654431
0.755370
0.701118
0.740177
0.696371
0.647568
0.705883
0.601535
0.549547
0.579114
0.776037
0.588852
0.744994
0.606148
0.755523
0.757377
0.655227
0.780813
0.557291
0.493111
0.754620
0.515683
0.574098
0.613564
0.695749
0.767758
0.865850
0.701286
0.689920
0.787271
0.723882
0.704709
0.693869
0.724340
0.694919
0.679088
0.739248
0.788038
0.671811
0.653672
0.638811
0.801705
0.702843
0.553088
0.720174
0.716699
0.666506
0.736749
0.569823
0.656252
0.824220
0.712394
0.815433
0.760473
0.548999
0.739160
0.421527
0.636035
0.560808
0.693429
0.606427
0.670658
0.611565
0.703337
0.765297
0.768873
0.610716
0.473761
0.520010
