0.562432
0.615606
0.624729
0.693558
0.591164
0.688112
0.550738
0.620684
0.657160
0.547156
0.533447
0.596400
0.690520
0.594550
0.575200
0.734285
0.591033
0.593182
0.633221
0.819406
0.721251
0.518162
0.519246
0.843169
0.525603
0.692341
0.650961
0.621901
0.631781
0.597479
0.704550
0.690906
0.727583
0.515858
0.514860
0.608740
0.706584
0.569538
0.647864
0.649811
0.588669
0.674424
0.538809
0.752694
0.640796
0.517998
0.751805
0.698113
0.749381
0.398049
0.443732
0.612527
0.457746
0.588622
0.427319
0.534584
0.657356
0.393836
0.563788
0.564958
0.605888
0.483744
0.493083
0.518723
0.384883
0.523059
0.511798
0.595442
0.537673
0.429785
0.399995
0.761811
0.447370
0.592371
0.369986
0.480630
0.431593
0.467260
0.533234
0.542853
0.600608
0.343311
0.397772
0.451407
0.562143
0.450781
0.523766
0.525202
0.541605
0.611221
0.516819
0.652221
0.515275
0.380356
0.628501
0.495882
0.645210
0.304236
0.607689
0.450750
0.615104
0.560571
0.567324
0.651699
0.340145
0.575254
0.563970
0.643262
0.417872
0.591327
0.434001
0.436247
0.492979
0.559251
0.629992
0.606907
0.468473
0.547146
0.721852
0.560897
0.682818
0.460470
0.456222
0.505196
0.466482
0.531492
0.548392
0.627427
0.462682
0.476966
0.531487
0.615653
0.362610
0.494663
0.566770
0.556070
0.648667
0.522468
0.567034
0.591851
0.410054
0.652363
0.480495
0.602900
0.641378
0.391866
0.652871
0.511684
0.529311
0.706741
0.265537
0.550947
0.520680
0.607090
0.435564
0.479818
0.562501
0.495694
0.403145
0.679359
0.634425
0.601564
0.534746
0.408595
0.678056
0.503332
0.651847
0.472372
0.563401
0.479086
0.486521
0.583780
0.513626
0.566603
0.435825
0.475749
0.586531
0.744049
0.385336
0.530433
0.653141
0.466482
0.671043
0.465793
0.606203
0.566476
0.443623
0.667957
0.544257
0.619145
0.592685
0.752082
0.623764
0.541555
0.579838
0.712477
0.704924
0.632821
0.767244
0.727492
0.690291
0.626222
0.658247
0.671141
0.795153
0.678059
0.564985
0.477092
0.498529
0.510506
0.576132
0.749192
0.713775
0.563854
0.617320
0.543392
0.740906
0.662356
0.512889
0.674824
0.553078
0.556416
0.826989
0.564303
0.751652
0.738991
0.701315
0.758809
0.658849
0.750677
0.568909
0.724075
0.586740
0.590887
0.752682
0.536171
0.457584
0.514624
0.598154
0.473459
0.563760
0.510172
0.470415
0.413989
0.494640
0.589864
0.447929
0.175845
0.572373
0.543450
0.551802
0.439853
0.421442
0.657897
0.485444
0.517968
0.579503
0.387363
0.436470
0.500393
0.588750
0.492602
0.547700
0.391432
0.504051
0.571735
0.691545
0.490650
0.476987
0.557701
0.449316
0.639738
0.503100
0.528178
0.418795
0.506879
0.641699
0.616574
0.616715
0.603059
0.638192
0.660757
0.578583
0.640833
0.574441
0.695762
0.531295
0.629497
0.694893
0.611508
0.585369
0.692914
0.707693
0.701223
0.642884
0.672683
0.744520
0.664876
0.675577
0.599598
0.651256
0.475554
0.649283
0.723926
0.610582
0.651223
0.562504
0.599878
0.695781
0.796664
0.649927
0.650862
0.660414
0.654595
0.734977
0.587266
0.744667
0.520911
0.516212
0.654169
0.731822
0.742164
0.456646
0.676916
0.433171
0.609786
0.500118
0.650321
0.520286
0.529589
0.651936
0.538948
0.508394
0.635662
0.594163
0.597567
0.503952
0.409529
0.677823
0.433064
0.644885
0.541970
0.595706
0.467123
0.504049
0.645562
0.575276
0.541937
0.344261
0.471442
0.617468
0.779240
0.527551
0.514981
0.630991
0.478732
0.673028
0.480214
0.639379
0.544512
0.441450
0.699367
0.641669
0.641815
0.664179
0.553036
0.651053
0.528571
0.632900
0.550569
0.593160
0.651966
0.551326
0.537548
0.656459
0.540887
0.516898
0.558470
0.488529
0.629341
0.530724
0.666197
0.599342
0.663801
0.575265
0.623070
0.644681
0.628600
0.365611
0.601567
0.408561
0.576032
0.747798
0.444479
0.583948
0.630743
0.498462
0.642589
0.505356
0.641897
0.533004
0.542020
0.532623
0.544806
0.649253
0.710866
0.725534
0.621932
0.816681
0.617843
0.720566
0.626881
0.704425
0.719347
0.754474
0.643891
0.562545
0.620944
0.668520
0.663693
0.643234
0.753956
0.670269
0.643129
0.594134
0.553334
0.768536
0.698592
0.684061
0.674669
0.583654
0.632189
0.853315
0.639782
0.725639
0.737228
0.667794
0.764801
0.630707
0.477629
0.471097
0.681454
0.721578
0.747110
0.580919
0.504383
0.480031
0.601567
0.492110
0.561171
0.561766
0.459703
0.504281
0.595069
0.665526
0.676186
0.496833
0.475808
0.711313
0.505004
0.637339
0.352655
0.502442
0.460376
0.418092
0.567844
0.493169
0.597588
0.436558
0.445796
0.562503
0.687865
0.286785
0.531932
0.639964
0.492532
0.633565
0.360129
0.598406
0.629666
0.123784
0.643319
0.544758
0.652931
0.588469
0.680707
0.547732
0.545281
0.710166
0.611636
0.543673
0.740007
0.776126
0.695084
0.598453
0.597568
0.633534
0.569513
0.735629
0.673121
0.695657
0.641109
0.540142
0.693213
0.623499
0.744286
0.602850
0.592763
0.745805
0.815534
0.627249
0.629802
0.705632
0.560748
0.606583
0.492263
0.710460
0.627223
0.575434
0.761621
0.838953
0.782066
0.662063
0.476647
0.530768
0.593458
0.593829
0.477865
0.747467
0.650619
0.445440
0.666484
0.538250
0.710729
0.530955
0.736491
0.617316
0.579556
0.481371
0.609454
0.573918
0.637768
0.583655
0.489838
0.542325
0.621244
0.788608
0.589837
0.506141
0.680120
0.480096
0.734295
0.399056
0.646668
0.307720
0.545122
0.749299
0.655629
0.704554
0.618486
0.640667
0.653293
0.611234
0.448583
0.723400
0.672725
0.627683
0.649086
0.609136
0.784471
0.658572
0.250561
0.706604
0.569954
0.633882
0.702574
0.667790
0.367067
0.685565
0.641421
0.630379
0.702149
0.808026
0.604989
0.528689
0.733539
0.619521
0.747599
0.600847
0.676665
0.670234
0.655774
0.691065
0.649156
0.730914
0.483614
0.507967
0.480392
0.461358
0.628688
0.589810
0.556622
0.564273
0.514569
0.696087
0.490004
0.604428
0.526442
0.591678
0.418692
0.515700
0.575876
0.606451
0.605408
0.375552
0.495525
0.602358
0.639435
0.503679
0.303062
0.513375
0.497294
0.504410
0.474616
0.654737
0.381720
0.499462
0.649947
0.540153
0.573675
0.668848
0.587989
0.581017
0.717706
0.604742
0.678209
0.597951
0.410583
0.730235
0.437190
0.586756
0.612035
0.730586
0.531359
0.484192
0.709612
0.638742
0.611866
0.495529
0.530357
0.641559
0.779034
0.593604
0.540036
0.670267
0.436827
0.625613
0.528459
0.751529
0.474823
0.579237
0.734016
0.669726
0.787248
0.393008
0.679625
0.550112
0.587064
0.599816
0.518709
0.570412
0.704250
0.660600
0.612975
0.486257
0.498504
0.488726
0.597205
0.438116
0.621821
0.670858
0.569548
0.584960
0.502029
0.600610
0.508101
0.554235
0.524821
0.675601
0.646746
0.587220
0.596869
0.638164
0.570251
0.611648
0.477777
0.559118
0.561012
0.345099
0.560488
0.620710
0.408956
0.460166
0.723601
0.545089
0.513694
0.439739
0.447546
0.407445
0.555614
0.402878
0.573452
0.572455
0.376064
0.462218
0.412148
0.499284
0.405337
0.483676
0.428746
0.575106
0.616716
0.576952
0.581771
0.560792
0.399729
0.516297
0.387446
0.584494
0.629568
0.613855
0.546287
0.584403
0.463826
0.718444
0.542230
0.582145
0.669344
0.459692
0.492803
0.600798
0.609867
0.532319
0.583232
0.438165
0.535747
0.678499
0.785619
0.581787
0.515770
0.590779
0.429852
0.683063
0.477868
0.592610
0.483526
0.581917
0.746277
0.745271
0.643327
0.693752
0.716737
0.498189
0.591743
0.867179
0.667702
0.608804
0.583915
0.589233
0.558599
0.609818
0.504893
0.733894
0.673602
0.498619
0.589676
0.513343
0.499696
0.532657
0.634977
0.414988
0.643008
0.717079
0.712381
0.705516
0.725525
0.475299
0.691186
0.525407
0.708092
0.580174
0.590827
0.623281
0.756095
0.593107
0.579227
0.544974
0.659950
0.565589
0.684176
0.642578
0.638692
0.614264
0.599281
0.578525
0.583955
0.795307
0.657353
0.538474
0.628560
0.473466
0.772010
0.576876
0.532834
0.566568
0.675964
0.612112
0.684778
0.494848
0.649606
0.601598
0.664545
0.594383
0.691346
0.664017
0.591869
0.519790
0.607677
0.559122
0.553668
0.522315
0.602354
0.536382
0.523576
0.764032
0.628985
0.547534
0.676889
0.552781
0.777083
0.620144
0.572264
0.403268
0.690206
0.718172
0.642663
0.524376
0.477078
0.604622
0.514326
0.621486
0.496746
0.496606
0.474401
0.472063
0.575813
0.595413
0.615870
0.418901
0.475587
0.467503
0.596403
0.512026
0.612507
0.535442
0.627298
0.668380
0.574209
0.666497
0.579017
0.444198
0.600541
0.496142
0.620867
0.608313
0.374115
0.551914
0.531195
0.601645
0.439421
0.385240
0.595266
0.544948
0.577511
0.435646
0.423668
0.558458
0.755285
0.434848
0.571914
0.540878
0.431153
0.639030
0.492365
0.644289
0.529274
0.503972
0.577224
0.576754
0.679365
0.765278
0.796249
0.704143
0.721549
0.662361
0.648334
0.751113
0.747035
0.646805
0.765064
0.741824
0.749242
0.891013
0.685908
0.794949
0.803826
0.749299
0.724189
0.683977
0.734256
0.619466
0.684660
0.684562
0.719228
0.781747
0.597991
0.524644
0.628865
0.480178
0.507731
0.695117
0.511743
0.624943
0.451247
0.309410
0.552420
0.741636
0.414485
0.473192
0.647596
0.417419
0.634479
0.463480
0.678685
0.493348
0.559910
0.593762
0.593210
0.642298
0.612827
0.591898
0.580807
0.631574
0.693432
0.453198
0.695084
0.588808
0.514607
0.617816
0.764962
0.545005
0.549423
0.643210
0.638025
0.724773
0.586318
0.671171
0.677173
0.625434
0.608980
0.568282
0.645814
0.552731
0.506042
0.591971
0.637567
0.617801
0.708953
0.524928
0.405957
0.378624
0.674851
0.378686
0.572493
0.554907
0.678101
0.717728
0.521144
0.622583
0.616738
0.348802
0.590442
0.461417
0.669786
0.575656
0.626643
0.462730
0.603936
0.682120
0.564544
0.537707
0.457699
0.602269
0.494087
0.604028
0.604713
0.684348
0.712900
0.514394
0.576015
0.623464
0.488873
0.604519
0.499117
0.652314
0.444206
0.530669
0.470064
0.526797
0.351195
0.531605
0.540553
0.706768
0.526152
0.483221
0.498909
0.485054
0.602810
0.548629
0.640050
0.490135
0.477685
0.626067
0.624238
0.518946
0.625891
0.599063
0.642461
0.472762
0.541195
0.555887
0.691986
0.488877
0.652501
0.634665
0.440319
0.593530
0.541241
0.693409
0.611902
0.441379
0.710051
0.634933
0.641098
0.667842
0.671125
0.536448
0.622554
0.529504
0.595784
0.598635
0.528314
0.545287
0.624046
0.702373
0.611389
0.599260
0.645647
0.526532
0.688322
0.572837
0.613649
0.622078
0.539735
0.542025
0.627648
0.818237
0.503309
0.586056
0.676152
0.589792
0.734851
0.596200
0.592249
0.628831
0.596488
0.578835
0.696902
0.584041
0.601418
0.537219
0.625222
0.799176
0.562610
0.623071
0.641300
0.548540
0.719448
0.617902
0.666236
0.587769
0.605517
0.604578
0.603908
0.673088
0.479235
0.537445
0.633917
0.568800
0.445220
0.496918
0.500145
0.635836
0.548988
0.653795
0.428053
0.389480
0.715471
0.586237
0.592905
0.466010
0.708653
0.279807
0.500047
0.596203
0.525670
0.657671
0.408254
0.628960
0.490004
0.467270
0.485719
0.477877
0.661989
0.612206
0.455420
0.596116
0.608804
0.685961
0.647583
0.623107
0.615124
0.630710
0.512327
0.564562
0.441623
0.643200
0.657090
0.674634
0.596941
0.782789
0.784860
0.759150
0.812404
0.757708
0.583039
0.749814
0.545448
0.747831
0.531433
0.599438
0.559457
0.612573
0.472660
0.562769
0.650535
0.333773
0.436005
0.375363
0.624974
0.610659
0.503456
0.593012
0.494347
0.564894
0.469980
0.549438
0.714813
0.573950
0.577427
0.641849
0.640837
0.689204
0.669499
0.618130
0.590340
0.662450
0.607945
0.678836
0.701851
0.465653
0.592578
0.533491
0.564146
0.715438
0.739787
0.533136
0.591962
0.791895
0.712937
0.601546
0.747273
0.661956
0.850056
0.619104
0.470163
0.428743
0.652986
0.636789
0.697023
0.635243
0.611812
0.702323
0.670678
0.534538
0.627796
0.676661
0.671147
0.672064
0.616188
0.484892
0.683573
0.459681
0.636269
0.706176
