0.017716
0.051124
0.023402
0.042456
0.029838
0.018026
0.017391
0.028697
0.038941
0.029081
0.078258
0.014431
0.031363
0.031469
0.025250
0.059520
0.065164
0.045271
0.027430
0.019916
0.053087
0.016868
0.039774
0.049299
0.042662
0.054247
0.096141
0.030764
0.049128
0.027680
0.021942
0.021013
0.029930
0.094348
0.026966
0.024017
0.042570
0.013826
0.021600
0.032656
0.024053
0.064415
0.025532
0.013322
0.046716
0.081775
0.071754
0.040630
0.018317
0.033119
0.012173
0.020837
0.019831
0.005123
0.023033
0.019639
0.021768
0.017626
0.069034
0.012903
0.023841
0.018775
0.027401
0.068088
0.035088
0.026174
0.007654
0.016217
0.049945
0.010165
0.027094
0.034638
0.031206
0.040514
0.084990
0.024037
0.046561
0.018646
0.016069
0.020983
0.018265
0.064516
0.010437
0.019784
0.024603
0.006487
0.012830
0.028154
0.008769
0.059837
0.017770
0.011668
0.024306
0.067270
0.037617
0.022804
0.013493
0.032457
0.035587
0.043025
0.023315
0.046614
0.036305
0.042936
0.027762
0.077097
0.038526
0.048276
0.055042
0.050393
0.091094
0.032701
0.019777
0.025008
0.040240
0.061078
0.028053
0.051705
0.045699
0.044908
0.053028
0.115257
0.054143
0.060116
0.031906
0.037157
0.050207
0.044649
0.064240
0.030805
0.058555
0.013113
0.037134
0.038310
0.026706
0.044463
0.096102
0.058038
0.044267
0.027999
0.103961
0.021904
0.043285
0.026341
0.012473
0.009286
0.007837
0.024756
0.013479
0.009302
0.006304
0.044394
0.006538
0.021365
0.014887
0.014342
0.053347
0.037115
0.013575
0.007514
0.008666
0.028397
0.006058
0.018598
0.020312
0.013292
0.024497
0.070518
0.009040
0.033965
0.011117
0.004022
0.013760
0.009355
0.043556
0.011102
0.015874
0.017528
0.006475
0.015256
0.019298
0.008858
0.063121
0.014531
0.006322
0.020509
0.062072
0.031231
0.025326
0.007077
0.006506
0.019095
0.045754
0.037936
0.012432
0.010479
0.073783
0.013271
0.051879
0.021000
0.034383
0.092583
0.034979
0.013679
0.017113
0.011868
0.022792
0.019327
0.014909
0.019510
0.016345
0.047024
0.114700
0.027252
0.068028
0.008887
0.022405
0.016821
0.020013
0.046589
0.011647
0.034267
0.024720
0.021812
0.014581
0.038352
0.016344
0.090087
0.024259
0.015278
0.020701
0.102962
0.025740
0.040482
0.014671
0.018459
0.039230
0.036361
0.010342
0.007257
0.071359
0.005082
0.047064
0.016889
0.029641
0.080874
0.038902
0.021093
0.016791
0.007066
0.023553
0.015717
0.011191
0.025278
0.015324
0.047326
0.112588
0.021876
0.066007
0.005854
0.015692
0.008846
0.016842
0.060647
0.011512
0.025480
0.030022
0.016492
0.008802
0.041179
0.013345
0.091429
0.013823
0.006721
0.025135
0.098361
0.037620
0.042006
0.011989
0.018205
0.013801
0.017148
0.014647
0.056551
0.012530
0.018625
0.019241
0.021000
0.058144
0.034444
0.017132
0.005707
0.013705
0.040294
0.006596
0.025781
0.027667
0.024390
0.030835
0.074933
0.016646
0.036385
0.017969
0.012119
0.020659
0.015353
0.052211
0.010414
0.017450
0.017327
0.006151
0.015972
0.019477
0.009196
0.051018
0.020239
0.011276
0.018957
0.059068
0.030049
0.018079
0.009699
0.031669
0.041592
0.033409
0.056891
0.022797
0.019627
0.025531
0.013896
0.043656
0.089394
0.041573
0.029444
0.024319
0.042812
0.012135
0.031003
0.032904
0.035679
0.036434
0.071485
0.023438
0.028888
0.042228
0.026789
0.044241
0.016623
0.062642
0.033303
0.014789
0.044776
0.017851
0.036260
0.021230
0.018062
0.036479
0.040815
0.023090
0.027877
0.057581
0.051061
0.014082
0.016398
0.029446
0.024514
0.039814
0.026057
0.013999
0.033561
0.019574
0.049599
0.046578
0.021470
0.018166
0.029912
0.057791
0.014459
0.052067
0.036691
0.035661
0.023080
0.045950
0.019055
0.019055
0.032762
0.012764
0.032817
0.025160
0.050444
0.024905
0.031076
0.017773
0.015863
0.038391
0.012791
0.025679
0.057517
0.034542
0.024137
0.038459
0.043485
0.045446
0.030337
0.020058
0.014373
0.051412
0.013142
0.035751
0.014881
0.026582
0.064100
0.035428
0.015935
0.016738
0.018437
0.024417
0.017487
0.020115
0.024337
0.012853
0.031773
0.085775
0.015090
0.052883
0.013770
0.014162
0.017407
0.014040
0.040046
0.017801
0.023333
0.026062
0.020131
0.025623
0.040035
0.013996
0.075306
0.018451
0.012311
0.024916
0.070723
0.030420
0.036443
0.019237
0.053820
0.007751
0.035012
0.021576
0.023890
0.067001
0.032793
0.012522
0.011780
0.009363
0.029436
0.010247
0.016684
0.023029
0.014211
0.033702
0.092508
0.020820
0.047581
0.007732
0.010453
0.014051
0.014585
0.051640
0.011346
0.023991
0.016246
0.013506
0.011462
0.023884
0.016222
0.084165
0.015807
0.009982
0.019660
0.085520
0.026876
0.033982
0.007205
0.064310
0.031979
0.058706
0.028314
0.020137
0.096680
0.042515
0.054914
0.071598
0.058358
0.045126
0.071979
0.045403
0.034274
0.009360
0.025048
0.029787
0.019930
0.075398
0.036116
0.077171
0.040527
0.036062
0.078488
0.042121
0.054779
0.058481
0.091072
0.037386
0.059197
0.059690
0.065400
0.058760
0.056164
0.032102
0.059329
0.049048
0.051183
0.032175
0.013822
0.018603
0.063521
0.044459
0.022097
0.014390
0.005042
0.025999
0.007329
0.013089
0.025157
0.017511
0.040767
0.097304
0.017365
0.049499
0.006531
0.010304
0.007436
0.011909
0.061715
0.009927
0.016897
0.027407
0.008401
0.008179
0.028656
0.009159
0.072657
0.012628
0.002231
0.023312
0.084413
0.040947
0.032798
0.007178
0.026874
0.016111
0.027602
0.066757
0.035411
0.024441
0.038743
0.062021
0.014500
0.052449
0.042337
0.037316
0.016894
0.029054
0.017053
0.010749
0.048959
0.017654
0.049808
0.022007
0.050567
0.036098
0.017922
0.032316
0.017820
0.050755
0.018613
0.025981
0.032013
0.035188
0.027730
0.036524
0.020725
0.048788
0.016115
0.027439
0.019630
0.058116
0.058619
0.028195
0.025106
0.019093
0.032121
0.012048
0.022601
0.026536
0.020002
0.033323
0.076009
0.015736
0.043793
0.024912
0.018094
0.027189
0.009889
0.045621
0.019241
0.015921
0.035030
0.016729
0.028190
0.037389
0.011551
0.060336
0.017786
0.013144
0.028746
0.059769
0.038545
0.020996
0.018627
0.031780
0.077564
0.024658
0.027189
0.021707
0.027188
0.009563
0.029744
0.021011
0.019659
0.017816
0.047379
0.009505
0.015528
0.032756
0.013088
0.032751
0.010142
0.040648
0.031599
0.014469
0.033633
0.017007
0.038620
0.014289
0.018372
0.041535
0.030593
0.017360
0.028669
0.045178
0.045490
0.021307
0.013657
0.112741
0.065539
0.060860
0.076321
0.074388
0.046272
0.077654
0.067168
0.048986
0.023417
0.036975
0.036678
0.025747
0.085858
0.040540
0.077657
0.045597
0.069304
0.088457
0.031691
0.075182
0.057540
0.092354
0.049562
0.060385
0.049558
0.062843
0.055382
0.068159
0.030597
0.084838
0.051444
0.057453
0.033564
0.026454
0.052377
0.086161
0.047603
0.066235
0.074424
0.054870
0.070195
0.132539
0.063233
0.095334
0.031669
0.037631
0.038056
0.061731
0.092925
0.035951
0.070715
0.023417
0.042894
0.037989
0.062976
0.054010
0.136173
0.038302
0.044308
0.054044
0.114987
0.044149
0.076841
0.047539
0.018840
0.023852
0.027351
0.015911
0.031568
0.018209
0.015804
0.025215
0.079304
0.024466
0.039032
0.017271
0.018486
0.028726
0.020674
0.028617
0.019190
0.036003
0.010489
0.025961
0.031392
0.019353
0.025256
0.076376
0.034113
0.024123
0.019545
0.074987
0.014872
0.034086
0.014422
0.015584
0.043424
0.011318
0.023347
0.029337
0.023157
0.031531
0.081582
0.019280
0.044337
0.016891
0.011919
0.019880
0.017148
0.056246
0.013405
0.019358
0.018668
0.008431
0.014572
0.024893
0.011192
0.065110
0.018890
0.012814
0.017476
0.065559
0.028969
0.026198
0.012004
0.022605
0.010190
0.012142
0.019743
0.019918
0.046390
0.103337
0.018073
0.054662
0.008441
0.017048
0.012046
0.013828
0.060950
0.008534
0.021540
0.030282
0.009921
0.008022
0.029233
0.009982
0.071817
0.018315
0.006460
0.021951
0.093486
0.040837
0.032908
0.007259
0.030883
0.020324
0.011926
0.012792
0.043927
0.110202
0.026199
0.063636
0.027112
0.037942
0.033785
0.023699
0.036916
0.036904
0.036653
0.051017
0.042484
0.042684
0.047199
0.029885
0.075022
0.048345
0.028153
0.031061
0.104761
0.045329
0.050110
0.025581
0.020149
0.019519
0.018183
0.023517
0.065439
0.011753
0.025164
0.016118
0.008555
0.020523
0.007721
0.044722
0.010936
0.011682
0.018990
0.005750
0.017502
0.012101
0.008632
0.048804
0.017965
0.007897
0.016757
0.056557
0.029512
0.014186
0.005055
0.022154
0.017962
0.050647
0.118421
0.026734
0.069153
0.018705
0.027808
0.023995
0.012390
0.058290
0.023866
0.019919
0.048185
0.024465
0.017182
0.045518
0.011097
0.078145
0.025975
0.014822
0.013704
0.101544
0.034513
0.035604
0.014848
0.011207
0.026184
0.080295
0.018935
0.041243
0.027108
0.029972
0.037771
0.016266
0.020260
0.024631
0.030305
0.034757
0.030399
0.038258
0.026878
0.021023
0.056476
0.045980
0.026945
0.020111
0.079719
0.030806
0.029929
0.017009
0.019959
0.078307
0.013350
0.043524
0.020380
0.015526
0.025293
0.014191
0.028120
0.027206
0.022002
0.030102
0.027075
0.031350
0.033190
0.020479
0.065913
0.028459
0.017015
0.021895
0.071100
0.031718
0.035687
0.016481
0.027090
0.014956
0.012998
0.050794
0.021486
0.054315
0.022295
0.022099
0.047456
0.024689
0.032761
0.034603
0.063237
0.022160
0.034399
0.045078
0.045543
0.036677
0.036661
0.026903
0.040180
0.026643
0.029969
0.047008
0.017934
0.118460
0.060998
0.116180
0.066709
0.060404
0.100415
0.061866
0.081829
0.072876
0.128014
0.052844
0.081256
0.050283
0.089578
0.087793
0.093080
0.011594
0.097749
0.053712
0.083800
0.024991
0.028462
0.010614
0.026530
0.009701
0.034582
0.024855
0.012299
0.032807
0.014971
0.034724
0.024529
0.013619
0.044291
0.023397
0.013450
0.027938
0.040534
0.044300
0.022229
0.017715
0.066480
0.029509
0.069821
0.032300
0.041034
0.054754
0.032533
0.041996
0.036284
0.074933
0.015037
0.044235
0.035395
0.058731
0.046486
0.049861
0.023704
0.058056
0.025595
0.035723
0.018031
0.008277
0.022554
0.062798
0.009585
0.034205
0.022982
0.018178
0.008531
0.036512
0.018108
0.095397
0.019090
0.009698
0.026249
0.107179
0.035299
0.048130
0.011988
0.016387
0.013652
0.051544
0.020418
0.016456
0.019267
0.008764
0.021471
0.019810
0.016199
0.063815
0.013794
0.008669
0.028232
0.053612
0.040054
0.030192
0.011923
0.025838
0.078832
0.017573
0.029796
0.033362
0.016883
0.010937
0.043857
0.020491
0.093017
0.014492
0.007492
0.038284
0.103805
0.056425
0.056913
0.018271
0.036901
0.020739
0.008850
0.030473
0.013369
0.025796
0.023329
0.005969
0.052879
0.021478
0.011605
0.014199
0.054333
0.027968
0.015575
0.009557
0.056273
0.054462
0.048115
0.063268
0.086374
0.043704
0.049337
0.062681
0.079398
0.062198
0.042199
0.063651
0.035350
0.039716
0.048910
0.030259
0.021303
0.010401
0.011129
0.029253
0.012912
0.074058
0.021244
0.012586
0.023653
0.090041
0.033918
0.029690
0.012901
0.046818
0.013806
0.030039
0.032024
0.009974
0.038616
0.018277
0.012284
0.024447
0.046359
0.046952
0.017651
0.017211
0.024590
0.033698
0.018531
0.034882
0.088264
0.038706
0.030320
0.030250
0.076525
0.022736
0.038138
0.020072
0.013087
0.019858
0.008682
0.053479
0.012882
0.007597
0.024607
0.062173
0.042707
0.021133
0.009866
0.041340
0.015523
0.093364
0.015602
0.010390
0.027770
0.112294
0.045010
0.044236
0.013249
0.030527
0.053022
0.045113
0.031177
0.027749
0.057253
0.035371
0.022627
0.014395
0.051975
0.017428
0.007974
0.015378
0.063746
0.033306
0.017828
0.010552
0.081002
0.064690
0.062157
0.045783
0.088807
0.035182
0.063421
0.008940
0.037075
0.075799
0.050624
0.041454
0.020966
0.024971
0.073704
0.044391
0.032279
0.008747
0.078561
0.013373
0.022901
0.016013
0.085359
0.040886
0.075385
0.031577
0.028216
0.022975
