0.637055
0.687803
0.482892
0.722446
0.645068
0.643162
0.654579
0.797555
0.784653
0.537436
0.659910
0.824110
0.772884
0.668658
0.770453
0.553795
0.715717
0.697788
0.782812
0.594714
0.702574
0.716372
0.668363
0.699933
0.700531
0.689082
0.778780
0.766103
0.719832
0.644677
0.686018
0.849087
0.596603
0.714681
0.687038
0.686300
0.781105
0.723548
0.656785
0.611417
0.641544
0.721259
0.663708
0.504534
0.797194
0.689457
0.702414
0.757017
0.791851
0.595623
0.742929
0.497015
0.592696
0.494532
0.516188
0.585275
0.564028
0.565319
0.486197
0.643088
0.686119
0.376858
0.628063
0.418534
0.601388
0.572982
0.603258
0.537257
0.544795
0.532152
0.669201
0.591842
0.388633
0.452634
0.678149
0.546447
0.641564
0.426847
0.406471
0.606600
0.445732
0.783742
0.451521
0.914532
0.531703
0.508004
0.417677
0.561539
0.332122
0.534929
0.642245
0.612577
0.611354
0.440249
0.501036
0.611310
0.654223
0.755507
0.444116
0.644274
0.581935
0.503570
0.591347
0.513616
0.531343
0.530837
0.733639
0.766234
0.588281
0.480001
0.501537
0.549417
0.633605
0.660390
0.508138
0.611950
0.518748
0.641171
0.598520
0.494784
0.602114
0.528621
0.580643
0.491577
0.462654
0.551182
0.611490
0.611056
0.679665
0.460313
0.853609
0.567534
0.451440
0.546816
0.629164
0.489430
0.522573
0.716565
0.579314
0.617557
0.489557
0.562634
0.638898
0.561536
0.754895
0.681814
0.707987
0.674399
0.803017
0.814377
0.586525
0.690007
0.802583
0.709994
0.706688
0.619035
0.620242
0.719104
0.836091
0.687782
0.696844
0.763963
0.738091
0.705050
0.714541
0.745409
0.717816
0.760803
0.767024
0.757638
0.694577
0.699112
0.815661
0.701356
0.627143
0.669970
0.595174
0.759522
0.689036
0.718970
0.637380
0.712679
0.752436
0.688334
0.583127
0.776394
0.678600
0.752847
0.563649
0.758251
0.657055
0.591063
0.577578
0.545638
0.550679
0.441252
0.581228
0.697106
0.685894
0.515753
0.509723
0.545567
0.454814
0.566006
0.578902
0.560564
0.563946
0.513817
0.580014
0.530512
0.421500
0.536729
0.526030
0.620108
0.539459
0.354162
0.531215
0.603933
0.620574
0.662196
0.354845
0.846460
0.526584
0.360787
0.464088
0.581703
0.439869
0.444537
0.701364
0.601261
0.529037
0.467077
0.524407
0.574983
0.535371
0.685559
0.608490
0.738106
0.660399
0.623904
0.597040
0.726555
0.763031
0.583568
0.750007
0.598026
0.627558
0.767402
0.747179
0.602928
0.665908
0.596673
0.723030
0.721493
0.648019
0.593473
0.741027
0.720237
0.727845
0.620873
0.623640
0.698843
0.664349
0.741950
0.626711
0.850107
0.685311
0.657727
0.547513
0.593040
0.531559
0.684329
0.695237
0.726921
0.644355
0.658140
0.771227
0.742620
0.636535
0.533846
0.618809
0.482105
0.493546
0.513433
0.762208
0.657849
0.434332
0.566233
0.479987
0.656447
0.608592
0.637823
0.553290
0.499850
0.508456
0.661141
0.537001
0.450350
0.464627
0.582036
0.613014
0.550286
0.378364
0.252015
0.741626
0.497000
0.685204
0.477516
0.847739
0.514343
0.499451
0.413789
0.434240
0.436001
0.499580
0.603071
0.500712
0.642568
0.457535
0.531064
0.544901
0.613601
0.552962
0.463156
0.417010
0.469212
0.601213
0.642609
0.477839
0.573397
0.390232
0.516131
0.599333
0.574976
0.387435
0.513538
0.515938
0.636243
0.530132
0.512332
0.531534
0.449111
0.566242
0.441714
0.402789
0.472451
0.627694
0.555604
0.719608
0.496963
0.898373
0.441841
0.483144
0.453873
0.580725
0.444200
0.478950
0.643095
0.508038
0.580844
0.371215
0.603377
0.544681
0.546591
0.375483
0.553507
0.456657
0.647820
0.788927
0.474560
0.630137
0.569218
0.608521
0.700696
0.742324
0.548064
0.592713
0.516170
0.721802
0.671556
0.435984
0.506605
0.666492
0.564764
0.463656
0.372192
0.532497
0.590668
0.744711
0.775775
0.440031
0.881242
0.351954
0.396605
0.569932
0.682033
0.430333
0.518142
0.674010
0.630458
0.642464
0.393102
0.608606
0.650282
0.341386
0.535784
0.379082
0.676548
0.778505
0.436771
0.538980
0.541136
0.536837
0.617718
0.735547
0.477365
0.496439
0.388964
0.692567
0.619676
0.413251
0.519431
0.548701
0.451915
0.409928
0.399597
0.460821
0.576881
0.613688
0.727424
0.445166
0.909338
0.314653
0.411937
0.456095
0.605543
0.397732
0.390879
0.720487
0.604185
0.531291
0.325221
0.581460
0.662811
0.390980
0.485068
0.526217
0.620286
0.497993
0.519771
0.396709
0.448503
0.598522
0.539351
0.317480
0.530715
0.524277
0.547942
0.427051
0.481477
0.542648
0.439375
0.622148
0.468560
0.330577
0.511710
0.680356
0.568110
0.490977
0.455324
0.715596
0.496843
0.430336
0.473080
0.498177
0.490290
0.440232
0.631111
0.503305
0.525089
0.427702
0.568966
0.489853
0.537497
0.667931
0.723139
0.351320
0.618718
0.454769
0.544527
0.562027
0.656649
0.279807
0.456325
0.421165
0.626833
0.499821
0.474374
0.453052
0.633817
0.462362
0.533070
0.342352
0.425374
0.676899
0.544504
0.682179
0.377545
0.820456
0.289676
0.425671
0.365125
0.549449
0.331948
0.516952
0.638200
0.554227
0.574497
0.275258
0.558908
0.614813
0.389364
0.778766
0.581743
0.755208
0.521232
0.662214
0.919043
0.707614
0.617615
0.736095
0.685360
0.783879
0.728038
0.645184
0.670920
0.752543
0.786330
0.794278
0.628961
0.638810
0.800105
0.756818
0.771146
0.598916
0.912452
0.630258
0.627353
0.582717
0.745066
0.653793
0.727400
0.743827
0.798051
0.704059
0.655065
0.741692
0.675399
0.645523
0.725790
0.604132
0.646977
0.567946
0.797842
0.703336
0.687439
0.748950
0.577314
0.681887
0.411923
0.697310
0.760790
0.644021
0.742750
0.686973
0.686243
0.685379
0.739125
0.677266
0.539788
0.630756
0.849124
0.752345
0.669090
0.558447
0.707800
0.706460
0.616566
0.622580
0.658374
0.633821
0.670189
0.676354
0.611563
0.760207
0.625839
0.417648
0.661049
0.694122
0.666679
0.443406
0.503419
0.504984
0.680932
0.551310
0.381744
0.316255
0.650463
0.546026
0.610105
0.397309
0.306092
0.692222
0.523411
0.728170
0.405495
0.868364
0.420081
0.436273
0.401024
0.521812
0.280229
0.552539
0.624655
0.615163
0.647694
0.409488
0.549141
0.616639
0.471607
0.569496
0.537161
0.632670
0.597594
0.648705
0.636961
0.469218
0.559233
0.580018
0.479522
0.637464
0.505359
0.587559
0.519463
0.562588
0.619250
0.547450
0.617289
0.482527
0.460992
0.811564
0.642044
0.487251
0.564713
0.564241
0.549202
0.435694
0.748592
0.528599
0.574933
0.520003
0.634333
0.518081
0.657640
0.531169
0.577546
0.453184
0.414559
0.499282
0.516487
0.611935
0.499730
0.429993
0.480604
0.596978
0.595100
0.559382
0.427014
0.471255
0.668831
0.486993
0.690462
0.471112
0.830894
0.532540
0.477793
0.418141
0.464730
0.401757
0.501125
0.587639
0.572662
0.640516
0.405538
0.529712
0.455064
0.547633
0.593430
0.465565
0.455133
0.593273
0.501929
0.554888
0.525760
0.500365
0.682273
0.447617
0.487418
0.495055
0.493890
0.597113
0.549615
0.712838
0.574779
0.414195
0.799946
0.492128
0.381752
0.437976
0.645721
0.542312
0.367214
0.756481
0.526103
0.392800
0.438660
0.571693
0.557147
0.538977
0.578000
0.571678
0.432790
0.610495
0.648978
0.662855
0.580988
0.663504
0.560675
0.654706
0.534725
0.482940
0.638122
0.727897
0.642939
0.781968
0.513739
0.854518
0.650524
0.576852
0.550884
0.692174
0.430423
0.534802
0.805880
0.627068
0.685749
0.531083
0.684917
0.642099
0.669978
0.564103
0.635559
0.581646
0.679777
0.627315
0.523711
0.644006
0.497705
0.720807
0.615191
0.592474
0.655997
0.679664
0.654266
0.661446
0.550821
0.820875
0.613700
0.581047
0.515061
0.629174
0.541691
0.441788
0.799970
0.631113
0.609207
0.545953
0.654519
0.337902
0.590402
0.517632
0.496077
0.595426
0.443307
0.530649
0.517830
0.488111
0.469451
0.495584
0.360088
0.518411
0.630636
0.583763
0.645756
0.473557
0.791862
0.356535
0.437165
0.419103
0.554016
0.440779
0.465824
0.635853
0.518315
0.535912
0.316763
0.558512
0.606222
0.417227
0.464347
0.674800
0.633106
0.542011
0.524018
0.583587
0.625734
0.533201
0.432131
0.528847
0.685960
0.554935
0.753660
0.489949
0.868591
0.545595
0.502475
0.509645
0.577830
0.396723
0.511441
0.658474
0.582724
0.669957
0.411191
0.601991
0.620922
0.540255
0.618042
0.561684
0.459530
0.550462
0.510743
0.515696
0.501735
0.435856
0.510015
0.514116
0.534498
0.620727
0.431331
0.919297
0.430256
0.442975
0.451180
0.611286
0.400491
0.333378
0.618891
0.542917
0.544762
0.340765
0.541573
0.550552
0.483593
0.592309
0.683801
0.686912
0.563079
0.625211
0.635045
0.548869
0.652840
0.716455
0.709265
0.677693
0.533506
0.776678
0.609940
0.621104
0.615754
0.702270
0.592086
0.594168
0.723219
0.642207
0.641809
0.557918
0.717028
0.659769
0.690081
0.565557
0.605104
0.523320
0.651406
0.536339
0.507347
0.575789
0.776375
0.605345
0.509966
0.506530
0.855721
0.571046
0.523002
0.417200
0.531510
0.562438
0.568186
0.682754
0.515386
0.602249
0.522553
0.547373
0.582674
0.628208
0.471034
0.481941
0.559220
0.475540
0.402381
0.384304
0.594652
0.632815
0.685256
0.261379
0.909136
0.445333
0.328479
0.385277
0.533535
0.318369
0.338642
0.714702
0.552958
0.452642
0.400975
0.468883
0.535413
0.461437
0.680204
0.633865
0.599615
0.396698
0.464366
0.706539
0.560887
0.752688
0.459375
0.873190
0.446304
0.498574
0.460161
0.579128
0.348076
0.563739
0.574074
0.577633
0.692788
0.443290
0.476306
0.611005
0.496469
0.643906
0.409440
0.495702
0.603563
0.668256
0.681914
0.636955
0.471982
0.901956
0.580589
0.480716
0.528847
0.589491
0.532870
0.385871
0.815144
0.498241
0.472852
0.520921
0.643345
0.530871
0.591478
0.607089
0.521117
0.547328
0.555683
0.586526
0.661725
0.463261
0.889534
0.505095
0.489732
0.521553
0.646020
0.538628
0.537312
0.727672
0.577197
0.563567
0.432588
0.590551
0.679304
0.588837
0.485567
0.579537
0.595605
0.632848
0.697184
0.485531
0.820779
0.472449
0.482754
0.535858
0.590505
0.516226
0.444373
0.736079
0.419025
0.489027
0.475589
0.604159
0.566325
0.448277
0.400088
0.593249
0.508766
0.683302
0.317704
0.835141
0.283109
0.250145
0.388802
0.563204
0.324544
0.390757
0.580849
0.541117
0.565785
0.265445
0.494293
0.541884
0.383253
0.702458
0.516919
0.704246
0.382300
0.841827
0.461736
0.436096
0.406276
0.550942
0.330401
0.561511
0.647874
0.599343
0.585331
0.438482
0.533660
0.552763
0.537760
0.666866
0.763297
0.594832
0.950232
0.577182
0.559717
0.673559
0.786275
0.568082
0.450498
0.842896
0.690026
0.622898
0.507231
0.681896
0.696679
0.534609
0.769510
0.590331
0.804085
0.596852
0.603826
0.484097
0.595383
0.459481
0.597455
0.580609
0.672846
0.709521
0.527952
0.525143
0.539252
0.670979
0.604806
0.725681
0.767516
0.678501
0.678643
0.687634
0.723389
0.599302
0.747537
0.536276
0.615561
0.657448
0.771695
0.622940
0.754882
0.827946
0.436372
0.251896
0.353988
0.553367
0.302758
0.409441
0.607199
0.499074
0.443522
0.354590
0.488366
0.495061
0.437442
0.891588
0.838760
0.762250
0.732980
0.823557
0.900282
0.723794
0.793605
0.829330
0.863686
0.882444
0.793205
0.815075
0.356543
0.434590
0.673585
0.407059
0.398710
0.719814
0.607164
0.565168
0.221765
0.585974
0.647922
0.325520
0.415068
0.585376
0.352944
0.346364
0.722037
0.545534
0.512364
0.352235
0.495548
0.525508
0.400792
0.465022
0.311584
0.491207
0.546279
0.537667
0.463153
0.384609
0.470818
0.497437
0.481445
0.554973
0.586220
0.643038
0.453278
0.649843
0.575276
0.590736
0.563199
0.654399
0.444650
0.613382
0.589689
0.551795
0.329982
0.475859
0.564191
0.360044
0.757491
0.495346
0.479429
0.301700
0.517745
0.519908
0.452411
0.727663
0.731835
0.624521
0.518701
0.703710
0.701664
0.591482
0.486978
0.626829
0.590058
0.648615
0.533446
0.539063
0.614549
0.621978
0.524807
0.512312
0.370984
0.634525
0.594718
0.649529
