0.063748
0.019309
0.027114
0.044058
0.033290
0.076760
0.052666
0.037046
0.035780
0.019225
0.020211
0.073291
0.034308
0.051021
0.029272
0.013540
0.016207
0.035013
0.024354
0.070218
0.065233
0.044656
0.083506
0.039728
0.054634
0.045701
0.043989
0.027483
0.036428
0.151381
0.052954
0.059418
0.025444
0.060184
0.081762
0.027305
0.063469
0.104483
0.037796
0.110307
0.048784
0.007536
0.066745
0.040769
0.006304
0.058324
0.010899
0.063039
0.047832
0.038847
0.061404
0.012179
0.016973
0.027365
0.014567
0.015436
0.017754
0.029523
0.031221
0.018967
0.013563
0.023838
0.020631
0.028478
0.039612
0.016948
0.026627
0.009855
0.019377
0.024546
0.009761
0.023472
0.035924
0.010762
0.014625
0.020832
0.019421
0.111706
0.022703
0.012674
0.025279
0.016371
0.011791
0.017076
0.024716
0.064772
0.022271
0.032531
0.012907
0.043316
0.023327
0.016394
0.060971
0.008332
0.056134
0.025895
0.022753
0.011380
0.029869
0.021377
0.035839
0.041422
0.031750
0.026371
0.015373
0.015778
0.042371
0.023194
0.033256
0.017315
0.013516
0.016202
0.028913
0.010459
0.041895
0.026598
0.019076
0.054773
0.030226
0.045816
0.034874
0.037768
0.010204
0.033922
0.098825
0.038239
0.042548
0.013361
0.032901
0.054877
0.018421
0.043642
0.063599
0.035140
0.093441
0.036540
0.017176
0.055170
0.031916
0.015187
0.042436
0.011510
0.034647
0.038459
0.044482
0.035592
0.057952
0.063001
0.050268
0.045516
0.028231
0.023087
0.056321
0.038694
0.041962
0.027918
0.024628
0.025175
0.049055
0.017113
0.067223
0.039942
0.028716
0.079242
0.047114
0.058803
0.055365
0.055151
0.021712
0.055024
0.097309
0.048466
0.062390
0.028842
0.042742
0.071933
0.035749
0.055019
0.060201
0.047193
0.126337
0.059269
0.032532
0.068633
0.048890
0.016759
0.064759
0.018455
0.044991
0.057566
0.006811
0.035947
0.005080
0.006260
0.010221
0.018390
0.014866
0.013335
0.006336
0.007496
0.006850
0.013219
0.021816
0.010621
0.011999
0.012634
0.021702
0.022294
0.012809
0.018394
0.025820
0.007265
0.005968
0.011407
0.009941
0.107800
0.013924
0.007133
0.013889
0.012222
0.010200
0.007751
0.013857
0.058990
0.012460
0.036521
0.010398
0.030129
0.012947
0.005027
0.036635
0.005767
0.039697
0.021827
0.008282
0.034643
0.011226
0.008536
0.009459
0.012754
0.012988
0.016590
0.007477
0.009089
0.007495
0.009036
0.012132
0.014424
0.005921
0.016986
0.021758
0.019655
0.018781
0.016999
0.024942
0.012387
0.011486
0.008439
0.011245
0.102580
0.021142
0.014345
0.009846
0.015643
0.018918
0.008280
0.017612
0.064034
0.016997
0.048870
0.012547
0.022582
0.019790
0.008819
0.027995
0.011369
0.033083
0.019956
0.012998
0.042864
0.050907
0.051378
0.037843
0.059800
0.042115
0.039611
0.036596
0.034732
0.049970
0.054330
0.053023
0.036926
0.022074
0.012773
0.033121
0.031953
0.060739
0.087876
0.036396
0.050482
0.031814
0.043803
0.062336
0.065385
0.030457
0.026335
0.026621
0.033908
0.038122
0.038743
0.055005
0.061541
0.058230
0.051058
0.064787
0.071730
0.036846
0.071869
0.034373
0.069068
0.050067
0.049958
0.006531
0.011094
0.023164
0.022942
0.015313
0.008683
0.012267
0.012369
0.018842
0.027829
0.011834
0.020936
0.012910
0.029548
0.032994
0.011589
0.020667
0.030353
0.007075
0.006485
0.019179
0.009893
0.120800
0.022531
0.005610
0.017228
0.020077
0.012065
0.010022
0.015983
0.077171
0.017213
0.028779
0.011967
0.037032
0.013165
0.005687
0.047152
0.004321
0.049756
0.028344
0.004370
0.003413
0.015662
0.011866
0.021323
0.007637
0.018760
0.012189
0.011808
0.018357
0.005142
0.014986
0.019464
0.036182
0.031914
0.017909
0.008543
0.016185
0.006566
0.004706
0.015779
0.008205
0.136552
0.017998
0.012893
0.019583
0.020782
0.020762
0.008667
0.027939
0.085484
0.005879
0.037446
0.006121
0.021997
0.010438
0.010476
0.035880
0.006991
0.033590
0.029695
0.008199
0.015621
0.009810
0.022173
0.009741
0.022855
0.016051
0.010964
0.014514
0.004048
0.012916
0.021700
0.037430
0.032228
0.020750
0.005048
0.012409
0.008517
0.008620
0.015254
0.010575
0.141056
0.020666
0.020003
0.020920
0.025758
0.025580
0.008727
0.034292
0.091649
0.007835
0.045563
0.005475
0.018605
0.015675
0.015871
0.033262
0.012371
0.029812
0.029802
0.013486
0.015963
0.041594
0.019572
0.026235
0.016206
0.011004
0.007433
0.019023
0.009987
0.027761
0.033142
0.030973
0.036723
0.020534
0.041477
0.016813
0.023056
0.017144
0.013131
0.110395
0.040749
0.023358
0.014718
0.023273
0.038190
0.015059
0.039529
0.084344
0.018993
0.053687
0.023216
0.017394
0.039246
0.015907
0.022056
0.023001
0.021062
0.045340
0.023804
0.029327
0.010981
0.022515
0.011233
0.004883
0.010482
0.010640
0.008355
0.037028
0.040617
0.023301
0.040549
0.014257
0.019012
0.020051
0.015650
0.009470
0.020429
0.135173
0.016678
0.031061
0.017873
0.027911
0.039329
0.009038
0.033436
0.074164
0.011148
0.076853
0.016592
0.012845
0.024954
0.020737
0.013886
0.026793
0.015114
0.025916
0.022117
0.012859
0.011850
0.015808
0.029832
0.041114
0.026918
0.022320
0.019320
0.019629
0.023787
0.016728
0.030018
0.030138
0.023664
0.020800
0.017330
0.033446
0.090930
0.017807
0.020104
0.023546
0.019354
0.013473
0.018323
0.010290
0.051552
0.032061
0.058044
0.022497
0.054968
0.017987
0.020970
0.058375
0.016897
0.061725
0.010770
0.018327
0.011102
0.005387
0.008711
0.021307
0.010018
0.011552
0.019359
0.022972
0.015862
0.021331
0.017720
0.022914
0.012189
0.008351
0.007214
0.015339
0.112988
0.012393
0.013796
0.010040
0.019566
0.019412
0.004547
0.013009
0.057707
0.016290
0.053947
0.011967
0.023019
0.017494
0.010127
0.028472
0.011851
0.031319
0.015042
0.011532
0.007612
0.018064
0.027125
0.025755
0.012950
0.020580
0.019993
0.021231
0.020351
0.033205
0.038639
0.020029
0.015792
0.013385
0.020602
0.087859
0.021423
0.012102
0.013677
0.015755
0.012887
0.014423
0.006721
0.047075
0.027681
0.053284
0.025382
0.041893
0.023709
0.009613
0.038715
0.015010
0.047863
0.019700
0.013323
0.007542
0.018773
0.016010
0.007394
0.021178
0.018025
0.013875
0.026549
0.024666
0.031822
0.015473
0.012358
0.003443
0.017357
0.094417
0.015597
0.014519
0.004603
0.014874
0.022227
0.004904
0.011576
0.046286
0.019385
0.059695
0.020875
0.022924
0.023099
0.009217
0.021319
0.015081
0.026155
0.017284
0.011510
0.008469
0.011015
0.007461
0.032869
0.035412
0.022427
0.037699
0.016393
0.025178
0.017470
0.013840
0.007689
0.014240
0.124888
0.022206
0.024494
0.009219
0.028016
0.036996
0.005981
0.027942
0.072668
0.015244
0.067372
0.018049
0.008237
0.028267
0.014849
0.010099
0.022936
0.012857
0.027979
0.016799
0.020429
0.007614
0.038728
0.042138
0.032915
0.045892
0.019525
0.033551
0.023441
0.027451
0.016556
0.018833
0.122612
0.039032
0.034796
0.017662
0.032332
0.046481
0.015985
0.042242
0.093839
0.020198
0.072694
0.023718
0.013107
0.037767
0.020791
0.014210
0.031256
0.018465
0.040243
0.027745
0.018423
0.023354
0.040755
0.034077
0.022877
0.008858
0.016516
0.006557
0.005904
0.016153
0.009236
0.151510
0.019230
0.019146
0.021471
0.028840
0.026878
0.006649
0.035576
0.088324
0.006565
0.044067
0.006854
0.017099
0.019141
0.016850
0.033029
0.012446
0.028256
0.034620
0.013991
0.026302
0.021123
0.015057
0.032996
0.020510
0.028443
0.019800
0.020239
0.005301
0.020041
0.097669
0.022962
0.024594
0.009352
0.016368
0.030314
0.010241
0.024047
0.060688
0.019836
0.069466
0.020795
0.019213
0.029450
0.014548
0.016329
0.022942
0.021938
0.021445
0.020866
0.020008
0.029482
0.008087
0.031109
0.046456
0.010794
0.018735
0.023531
0.019386
0.098025
0.033209
0.010010
0.023262
0.012753
0.009802
0.018228
0.022202
0.068911
0.028931
0.024639
0.016518
0.051074
0.026423
0.013391
0.065132
0.008803
0.065704
0.031858
0.021833
0.015012
0.027784
0.046895
0.061367
0.031351
0.037000
0.016407
0.038682
0.058289
0.035540
0.023826
0.017110
0.016383
0.023268
0.025721
0.019613
0.035507
0.047887
0.064341
0.040214
0.055129
0.046626
0.023589
0.053863
0.026666
0.055449
0.022769
0.033575
0.040604
0.042267
0.049691
0.034760
0.033590
0.010118
0.041065
0.089362
0.022551
0.033356
0.016408
0.018059
0.033850
0.020292
0.019605
0.037822
0.040553
0.086281
0.032475
0.039918
0.043363
0.024487
0.033801
0.034495
0.041482
0.011303
0.038709
0.027777
0.041463
0.011489
0.015317
0.029802
0.019202
0.114633
0.033551
0.008584
0.032146
0.018017
0.006339
0.023987
0.024799
0.077647
0.025846
0.020512
0.016773
0.058364
0.022974
0.018199
0.077297
0.005119
0.073179
0.035703
0.019972
0.013276
0.014642
0.013883
0.023310
0.015568
0.144404
0.027465
0.026685
0.030615
0.032788
0.034358
0.016801
0.046243
0.102047
0.007968
0.048780
0.009364
0.021337
0.017911
0.025289
0.040553
0.018495
0.027997
0.038613
0.019525
0.028982
0.020639
0.030212
0.033251
0.167834
0.019709
0.044410
0.044328
0.046889
0.043619
0.024710
0.051260
0.102759
0.018590
0.076242
0.015863
0.033211
0.017016
0.038284
0.048557
0.031759
0.044097
0.034061
0.027144
0.006490
0.018366
0.006818
0.126565
0.026592
0.009022
0.019551
0.018982
0.014773
0.008315
0.027977
0.082444
0.009494
0.026042
0.008891
0.028083
0.018754
0.010965
0.043918
0.004856
0.041447
0.037157
0.012734
0.017920
0.008041
0.138189
0.015931
0.009760
0.020911
0.022262
0.015721
0.008671
0.023142
0.076616
0.008314
0.034602
0.009346
0.027687
0.011833
0.010284
0.040471
0.006595
0.039755
0.031546
0.007743
0.022594
0.096719
0.017011
0.022739
0.005126
0.017861
0.028913
0.005533
0.018304
0.048208
0.021885
0.071497
0.020610
0.018485
0.029615
0.015938
0.018671
0.020547
0.021468
0.014893
0.019589
0.133343
0.031982
0.010191
0.019226
0.026323
0.021349
0.011597
0.032149
0.089756
0.011700
0.027147
0.012895
0.022510
0.024719
0.009477
0.038825
0.008455
0.036018
0.046080
0.011516
0.134356
0.104284
0.088076
0.084832
0.099848
0.115366
0.080806
0.062472
0.150822
0.151939
0.141087
0.154032
0.137184
0.104373
0.137477
0.115226
0.142882
0.093431
0.119714
0.029708
0.029432
0.027555
0.026382
0.016852
0.022496
0.056591
0.021884
0.074041
0.018993
0.038101
0.017089
0.022441
0.043216
0.024531
0.045816
0.015699
0.023417
0.018901
0.014748
0.008380
0.015822
0.016337
0.067142
0.020869
0.019790
0.018980
0.045003
0.021322
0.006487
0.055581
0.003369
0.053331
0.035200
0.009184
0.022252
0.031349
0.006890
0.016593
0.053153
0.030333
0.064035
0.027513
0.020717
0.036895
0.012500
0.019531
0.020834
0.025038
0.023806
0.016792
0.014213
0.021672
0.019830
0.051099
0.024833
0.045107
0.024252
0.050887
0.027104
0.014898
0.051252
0.015712
0.054371
0.024814
0.025871
0.023562
0.015317
0.059856
0.027644
0.026747
0.021472
0.061799
0.021199
0.014383
0.072603
0.008037
0.075107
0.030220
0.019193
0.018682
0.063257
0.014092
0.053109
0.012527
0.015732
0.022135
0.010697
0.022169
0.012888
0.024549
0.022165
0.011433
0.040688
0.041059
0.060765
0.032809
0.055346
0.028780
0.013665
0.050729
0.020345
0.063336
0.015410
0.020243
0.093713
0.133169
0.090169
0.100985
0.087484
0.067761
0.083699
0.075474
0.092377
0.042715
0.077457
0.043838
0.010642
0.022510
0.016012
0.019446
0.037284
0.014045
0.030414
0.041671
0.017804
0.038348
0.085296
0.044560
0.034023
0.114861
0.019970
0.104165
0.087919
0.036204
0.027533
0.013488
0.016180
0.047759
0.010424
0.043916
0.027979
0.017766
0.047116
0.032535
0.012015
0.038732
0.009866
0.050653
0.033716
0.018854
0.058375
0.014791
0.058235
0.027786
0.013208
0.036842
0.008569
0.043075
0.027846
0.009237
0.056025
0.010797
0.047348
0.042322
0.052031
0.032045
0.008573
0.055057
0.041010
0.032157
