0.009343
0.026916
0.012388
0.035965
0.017267
0.032575
0.029364
0.020212
0.016287
0.054844
0.008000
0.081452
0.011409
0.052065
0.018939
0.017961
0.042791
0.025134
0.039994
0.056415
0.043335
0.029382
0.029148
0.055936
0.021946
0.019547
0.189541
0.088656
0.043739
0.063188
0.026905
0.025125
0.017559
0.046312
0.035930
0.022522
0.044045
0.016940
0.040891
0.015032
0.046792
0.029088
0.031792
0.051701
0.027388
0.028520
0.022422
0.088043
0.031776
0.054632
0.028369
0.038790
0.010292
0.059918
0.052411
0.044103
0.033878
0.079896
0.010866
0.096641
0.019160
0.079551
0.010711
0.029877
0.065116
0.041597
0.043220
0.070136
0.076079
0.051524
0.022595
0.076195
0.016478
0.040236
0.224602
0.083600
0.058341
0.091194
0.048523
0.020940
0.038198
0.056342
0.057706
0.033526
0.029804
0.008206
0.053005
0.029120
0.031551
0.046633
0.023183
0.057759
0.038661
0.051392
0.029346
0.095772
0.050330
0.013327
0.057899
0.051929
0.013040
0.011384
0.010478
0.027324
0.019280
0.031184
0.076370
0.039871
0.020466
0.069739
0.024738
0.020996
0.017580
0.073843
0.044403
0.022429
0.019803
0.090549
0.036926
0.058125
0.009206
0.109711
0.131944
0.035050
0.034366
0.022700
0.053425
0.026654
0.060556
0.019118
0.037516
0.107462
0.072590
0.052030
0.017510
0.114383
0.026288
0.083893
0.066545
0.044087
0.012682
0.029279
0.064645
0.012367
0.024390
0.024293
0.013282
0.009129
0.017932
0.019096
0.043444
0.013192
0.054819
0.016935
0.023513
0.035421
0.012106
0.021122
0.008088
0.036931
0.024672
0.025108
0.010557
0.049929
0.027470
0.039792
0.006401
0.144490
0.094449
0.028133
0.050882
0.013623
0.028295
0.013508
0.034950
0.014984
0.021379
0.059410
0.043882
0.022210
0.004223
0.065889
0.010110
0.048641
0.033891
0.022709
0.008673
0.017368
0.077786
0.013007
0.029946
0.038566
0.035917
0.062056
0.036963
0.105316
0.027142
0.030680
0.019366
0.056923
0.029227
0.024008
0.043194
0.024626
0.011551
0.023654
0.053625
0.024452
0.038955
0.041462
0.066895
0.033308
0.206409
0.053552
0.064288
0.111443
0.027590
0.035097
0.025567
0.016025
0.032042
0.022722
0.034573
0.054652
0.008071
0.019675
0.036028
0.016610
0.040436
0.012392
0.018335
0.027822
0.036663
0.123867
0.046464
0.060079
0.047991
0.049866
0.045446
0.077198
0.013862
0.085689
0.024780
0.066787
0.016052
0.027990
0.058819
0.031313
0.040073
0.050459
0.077342
0.043550
0.032858
0.060789
0.023468
0.035924
0.195874
0.086947
0.045118
0.084402
0.049340
0.017815
0.042961
0.051772
0.048458
0.037083
0.029464
0.022509
0.042886
0.027170
0.037048
0.039690
0.024209
0.039764
0.036990
0.046395
0.026419
0.083541
0.045149
0.011419
0.020947
0.018244
0.043676
0.033492
0.044311
0.031744
0.026625
0.065732
0.021675
0.017563
0.018061
0.051706
0.035911
0.011798
0.015454
0.082616
0.033609
0.076412
0.011399
0.144084
0.100698
0.052909
0.064588
0.010434
0.059191
0.018963
0.035487
0.017614
0.025502
0.098458
0.076482
0.034435
0.012602
0.099498
0.013648
0.081377
0.051868
0.032410
0.009336
0.036222
0.097286
0.018632
0.023522
0.027652
0.042146
0.027927
0.053940
0.033820
0.012219
0.061176
0.021862
0.012996
0.006787
0.052542
0.022477
0.025061
0.008286
0.079007
0.019845
0.059367
0.008297
0.117515
0.115160
0.031424
0.046840
0.018117
0.042376
0.017918
0.042754
0.010361
0.033814
0.088607
0.074766
0.027601
0.010155
0.097097
0.013160
0.078157
0.044181
0.031334
0.002586
0.022442
0.073754
0.008063
0.025476
0.029124
0.030677
0.098353
0.035061
0.034670
0.058498
0.027815
0.040456
0.027551
0.075772
0.059776
0.031733
0.031480
0.073785
0.051900
0.045087
0.016120
0.138963
0.136102
0.039958
0.037293
0.030204
0.049743
0.027454
0.065403
0.032326
0.042767
0.098370
0.052867
0.059393
0.024081
0.099681
0.034710
0.076364
0.077890
0.051334
0.024334
0.028903
0.076278
0.021869
0.067782
0.016753
0.058022
0.012642
0.058820
0.036055
0.022181
0.034714
0.031601
0.034466
0.060525
0.019134
0.023886
0.040515
0.058910
0.062095
0.023599
0.199612
0.063903
0.074684
0.085562
0.014780
0.055868
0.013356
0.035650
0.036775
0.016482
0.059418
0.040164
0.039588
0.019490
0.058830
0.027262
0.041669
0.050389
0.016031
0.022957
0.036876
0.119506
0.041055
0.060764
0.127617
0.086197
0.046522
0.110475
0.049821
0.046847
0.045583
0.131049
0.080420
0.059102
0.063279
0.142901
0.072103
0.070232
0.033325
0.103552
0.196241
0.049039
0.046100
0.059707
0.077726
0.074353
0.114443
0.048375
0.075214
0.164283
0.098448
0.102071
0.048071
0.166076
0.061586
0.131335
0.122007
0.098359
0.049180
0.052441
0.048437
0.026969
0.062589
0.012151
0.054983
0.016442
0.012351
0.033124
0.022483
0.030801
0.047048
0.043836
0.026149
0.029172
0.050927
0.029659
0.020871
0.184187
0.066696
0.049117
0.079028
0.024612
0.024125
0.021248
0.037930
0.031830
0.016433
0.034797
0.021364
0.035868
0.014404
0.039667
0.027604
0.024590
0.037333
0.017584
0.026682
0.021339
0.085237
0.031331
0.054109
0.080348
0.082604
0.043208
0.040064
0.051930
0.036339
0.045568
0.051817
0.043478
0.096061
0.062680
0.134718
0.055710
0.213234
0.048599
0.112627
0.160493
0.032477
0.088508
0.049854
0.024143
0.043694
0.030437
0.090576
0.118987
0.030487
0.040458
0.090708
0.037333
0.090075
0.037266
0.032745
0.042919
0.087066
0.164464
0.069183
0.059772
0.018028
0.021319
0.043768
0.028241
0.016096
0.048686
0.038741
0.023582
0.017702
0.054681
0.048679
0.026034
0.214613
0.054067
0.065389
0.091570
0.019769
0.037988
0.011844
0.028769
0.035764
0.015200
0.029756
0.027933
0.024712
0.015145
0.032164
0.021899
0.022892
0.031790
0.011523
0.026143
0.034135
0.124565
0.045819
0.087812
0.042714
0.027663
0.018164
0.086432
0.024791
0.051372
0.018765
0.112383
0.013157
0.071050
0.016530
0.075177
0.165241
0.017726
0.027749
0.042703
0.049540
0.037733
0.063716
0.014594
0.064379
0.121265
0.108358
0.047926
0.028006
0.136074
0.025315
0.113301
0.057663
0.064225
0.016419
0.029710
0.066838
0.011618
0.032278
0.069942
0.051301
0.033143
0.068196
0.082090
0.050692
0.012412
0.073072
0.030123
0.048907
0.237312
0.062548
0.067775
0.105332
0.052405
0.021900
0.036736
0.038273
0.059200
0.031425
0.014442
0.014578
0.047855
0.038414
0.017369
0.049196
0.014189
0.039650
0.031595
0.057806
0.034207
0.119222
0.063559
0.023145
0.019091
0.038033
0.035687
0.034362
0.023254
0.049587
0.041579
0.043239
0.014230
0.163409
0.075069
0.044000
0.076810
0.014626
0.027352
0.019234
0.028935
0.016543
0.010176
0.059186
0.039734
0.027962
0.011065
0.060532
0.020549
0.049984
0.038690
0.023252
0.019083
0.027807
0.083215
0.022075
0.018454
0.058736
0.029932
0.033662
0.016464
0.091375
0.023412
0.078392
0.017592
0.114114
0.103507
0.051081
0.074384
0.023378
0.057178
0.030408
0.045456
0.010525
0.028677
0.099227
0.087746
0.040460
0.017373
0.109021
0.019840
0.083104
0.046028
0.032692
0.013927
0.033833
0.074438
0.015581
0.040017
0.015541
0.032061
0.009456
0.067822
0.021216
0.052930
0.009386
0.128640
0.104029
0.030764
0.056260
0.020991
0.034997
0.020798
0.038679
0.012952
0.032525
0.071626
0.064520
0.019225
0.008096
0.081022
0.009123
0.063205
0.032882
0.027721
0.006226
0.018212
0.066232
0.011712
0.049357
0.054435
0.035632
0.028890
0.069273
0.085253
0.049234
0.259012
0.037384
0.097340
0.142268
0.031986
0.059774
0.026831
0.023915
0.053174
0.025106
0.027350
0.054836
0.015019
0.030417
0.028403
0.030312
0.032412
0.021943
0.013081
0.041734
0.056875
0.162862
0.073451
0.054776
0.016660
0.086752
0.012335
0.083287
0.026728
0.124227
0.109938
0.039751
0.078570
0.038449
0.045978
0.041022
0.039548
0.020424
0.051464
0.080579
0.099504
0.019308
0.024693
0.092715
0.013185
0.081016
0.020432
0.041102
0.020314
0.032587
0.087411
0.024543
0.025821
0.087849
0.058531
0.104953
0.024961
0.178085
0.092596
0.083302
0.087250
0.011337
0.090178
0.026689
0.048291
0.039123
0.032940
0.106180
0.088755
0.041863
0.026220
0.105584
0.027067
0.083280
0.063559
0.031133
0.020207
0.060581
0.130886
0.040982
0.061179
0.014312
0.067923
0.011859
0.127994
0.090884
0.039689
0.057873
0.017949
0.044329
0.011962
0.029752
0.010687
0.028770
0.066752
0.073519
0.018984
0.012459
0.078355
0.009031
0.059998
0.022871
0.018622
0.005907
0.022972
0.090608
0.018661
0.094431
0.055506
0.067315
0.285412
0.056718
0.099313
0.136030
0.059537
0.049361
0.039754
0.052449
0.079598
0.042212
0.011300
0.020338
0.051390
0.052528
0.012515
0.060239
0.014335
0.049775
0.031739
0.071478
0.057188
0.167308
0.091007
0.079328
0.022796
0.089781
0.134580
0.028877
0.053820
0.045321
0.046512
0.039487
0.046186
0.014401
0.058497
0.095406
0.105526
0.038813
0.030391
0.113741
0.018690
0.092107
0.032483
0.049453
0.022317
0.025896
0.075841
0.018182
0.046018
0.183596
0.147038
0.034166
0.059862
0.074736
0.013315
0.056537
0.083285
0.062429
0.060563
0.064529
0.026087
0.079746
0.045045
0.069189
0.068079
0.062297
0.086823
0.075905
0.065879
0.028962
0.067386
0.046059
0.122504
0.110054
0.024962
0.040517
0.014393
0.031848
0.017091
0.036737
0.010090
0.025942
0.080618
0.060405
0.030472
0.007405
0.087095
0.010577
0.068025
0.042618
0.032013
0.009253
0.019101
0.068509
0.008169
0.333049
0.088025
0.077188
0.181244
0.163730
0.179892
0.206375
0.107361
0.205306
0.286689
0.266843
0.198392
0.155847
0.316246
0.151702
0.263663
0.184021
0.207327
0.130605
0.124564
0.076741
0.093566
0.182561
0.232375
0.070689
0.115175
0.078950
0.050221
0.111830
0.048098
0.049886
0.087130
0.069208
0.083339
0.044733
0.088787
0.044740
0.058365
0.036783
0.098105
0.122224
0.230701
0.138069
0.020728
0.064447
0.024106
0.053086
0.077419
0.030381
0.073587
0.103984
0.082422
0.063417
0.037524
0.119366
0.043223
0.101520
0.067197
0.080781
0.039800
0.022710
0.048991
0.018761
0.084915
0.062729
0.070719
0.114278
0.054569
0.105630
0.153464
0.115046
0.105285
0.065882
0.169377
0.072965
0.138265
0.111477
0.111490
0.057165
0.044881
0.061780
0.036509
0.055998
0.013452
0.028515
0.022217
0.011496
0.074303
0.062161
0.023017
0.009615
0.073831
0.013861
0.061988
0.042120
0.018900
0.012995
0.044750
0.119718
0.029741
0.042642
0.046186
0.037283
0.043713
0.049291
0.037694
0.048798
0.031228
0.056956
0.042220
0.054564
0.047989
0.054339
0.045733
0.019752
0.069318
0.032843
0.026479
0.021467
0.017505
0.054904
0.049006
0.021615
0.013525
0.059054
0.017855
0.051736
0.035723
0.016320
0.013867
0.031111
0.116337
0.032121
0.034866
0.023278
0.052710
0.072777
0.023674
0.030762
0.055093
0.026567
0.055926
0.023083
0.022208
0.035089
0.047332
0.134918
0.052914
0.027816
0.088430
0.080094
0.029447
0.013537
0.099539
0.013718
0.082196
0.037013
0.034642
0.009839
0.024398
0.071536
0.011186
0.051681
0.042053
0.029072
0.015087
0.050697
0.026206
0.043348
0.038354
0.014798
0.027197
0.044764
0.118938
0.041858
0.033477
0.050789
0.061543
0.007795
0.068095
0.010728
0.036379
0.034641
0.080676
0.063033
0.167735
0.101529
0.071305
0.047733
0.029698
0.068503
0.025249
0.077791
0.050213
0.072608
0.047479
0.124672
0.074941
0.017814
0.054132
0.013750
0.056887
0.018114
0.019792
0.020302
0.044517
0.130687
0.043859
0.065612
0.007378
0.052355
0.034176
0.020158
0.007868
0.023572
0.084131
0.014612
0.073822
0.015968
0.049536
0.040467
0.087574
0.073357
0.183687
0.110214
0.061135
0.025103
0.023121
0.009490
0.026220
0.095047
0.018847
0.041478
0.027156
0.070350
0.056119
0.146509
0.088711
0.021536
0.037158
0.043075
0.128760
0.055765
0.023257
0.042324
0.128615
0.049373
0.026308
0.084911
0.013115
0.048490
0.016717
0.046664
