0.472109
0.490918
0.646683
0.485262
0.573472
0.616707
0.542878
0.522970
0.451696
0.628724
0.524417
0.709411
0.477362
0.552866
0.629521
0.452563
0.542559
0.690305
0.635390
0.544482
0.666878
0.735897
0.521129
0.642360
0.566306
0.603859
0.658230
0.541722
0.694705
0.670572
0.646401
0.668465
0.677881
0.457590
0.502551
0.525278
0.579639
0.695562
0.579927
0.742609
0.582675
0.488032
0.645003
0.479523
0.593951
0.522815
0.653889
0.603880
0.549868
0.600145
0.620055
0.586719
0.577505
0.578761
0.527972
0.592316
0.571404
0.597720
0.502739
0.744426
0.552818
0.580202
0.574526
0.586255
0.602066
0.731385
0.707546
0.644820
0.609210
0.759897
0.519994
0.639740
0.618335
0.587462
0.677381
0.568585
0.615741
0.641062
0.612953
0.747580
0.697869
0.567813
0.588706
0.628768
0.583827
0.767047
0.598065
0.784472
0.574048
0.515256
0.653087
0.548948
0.617431
0.498585
0.683917
0.686332
0.518587
0.703860
0.559433
0.657200
0.738435
0.723046
0.568563
0.672661
0.448428
0.598076
0.634784
0.479008
0.573901
0.761915
0.598439
0.664162
0.509081
0.704577
0.552698
0.680036
0.853045
0.610938
0.708295
0.616663
0.567853
0.805130
0.600534
0.589482
0.723455
0.658237
0.556173
0.638365
0.592908
0.533401
0.577565
0.599562
0.685307
0.628157
0.699008
0.762318
0.742279
0.615088
0.594773
0.464413
0.576502
0.814966
0.579494
0.516130
0.664953
0.470671
0.339113
0.634087
0.568788
0.702650
0.681568
0.579456
0.564851
0.534232
0.518055
0.433573
0.661288
0.636744
0.642981
0.666774
0.640563
0.706723
0.672410
0.326491
0.806108
0.619292
0.546910
0.801621
0.609975
0.715972
0.520735
0.466639
0.542164
0.696285
0.555183
0.659837
0.533218
0.654557
0.610997
0.501714
0.804747
0.674941
0.623834
0.690792
0.564891
0.500833
0.635631
0.817750
0.605586
0.651627
0.648124
0.702969
0.585243
0.680571
0.538114
0.622527
0.715130
0.678716
0.727111
0.639724
0.719692
0.596347
0.676705
0.672510
0.630154
0.712965
0.790727
0.795050
0.598211
0.702912
0.621376
0.714378
0.733346
0.736922
0.754147
0.771921
0.615129
0.770225
0.685524
0.635115
0.719801
0.655231
0.685705
0.772743
0.491986
0.797406
0.658658
0.618506
0.700953
0.553648
0.690207
0.663795
0.749781
0.669441
0.665978
0.553485
0.588642
0.624706
0.718106
0.625259
0.537596
0.710068
0.526674
0.556610
0.606115
0.708136
0.580899
0.696080
0.723589
0.648627
0.802049
0.608312
0.377856
0.763414
0.593205
0.601569
0.773724
0.567189
0.733203
0.677493
0.622376
0.577954
0.382433
0.595925
0.686659
0.599721
0.658448
0.671136
0.653049
0.793138
0.617472
0.627252
0.660208
0.533583
0.563659
0.508443
0.785208
0.640860
0.588119
0.550504
0.621216
0.657030
0.715590
0.641526
0.576007
0.614669
0.591273
0.356560
0.680350
0.660875
0.753236
0.704185
0.672342
0.740153
0.678173
0.520951
0.656976
0.694411
0.642821
0.783525
0.611194
0.804979
0.499759
0.495330
0.767181
0.762020
0.669591
0.665331
0.511609
0.700072
0.558556
0.464360
0.808814
0.584178
0.554153
0.695556
0.561251
0.636437
0.624710
0.756690
0.725526
0.626397
0.657356
0.668030
0.698406
0.547615
0.808298
0.635643
0.682677
0.627421
0.735261
0.596445
0.778191
0.682176
0.687578
0.796234
0.719317
0.521078
0.723125
0.606110
0.682882
0.604243
0.594442
0.793272
0.728140
0.630649
0.746756
0.724237
0.659081
0.679003
0.589094
0.631141
0.767305
0.544901
0.767599
0.477010
0.436491
0.780147
0.515721
0.717721
0.613874
0.687209
0.690698
0.632538
0.616120
0.665058
0.557619
0.689537
0.514054
0.612032
0.646379
0.519938
0.613547
0.722293
0.638645
0.579104
0.617722
0.748308
0.469623
0.690407
0.593753
0.632921
0.762668
0.606948
0.664637
0.535156
0.690142
0.622512
0.717224
0.508304
0.447320
0.515117
0.449272
0.479161
0.655199
0.592740
0.704039
0.609497
0.571020
0.581007
0.501306
0.649303
0.760127
0.561313
0.643739
0.629000
0.682523
0.769853
0.745186
0.605492
0.616271
0.471424
0.627942
0.750515
0.721376
0.686268
0.700343
0.794964
0.614946
0.650255
0.747733
0.659386
0.701901
0.667947
0.856156
0.758082
0.690268
0.777623
0.758768
0.535558
0.485517
0.707878
0.663653
0.760002
0.563188
0.907799
0.545615
0.602225
0.755629
0.606032
0.733696
0.653929
0.478297
0.670354
0.596492
0.601161
0.699698
0.651453
0.587967
0.737287
0.688299
0.649257
0.654512
0.817765
0.643361
0.759668
0.832521
0.568157
0.555757
0.752337
0.661577
0.768873
0.633589
0.638817
0.774940
0.717033
0.662994
0.652414
0.626616
0.606441
0.671601
0.689672
0.775427
0.680215
0.763761
0.683443
0.660165
0.695172
0.676758
0.640712
0.616605
0.809103
0.703924
0.268433
0.664030
0.501455
0.522132
0.647813
0.608021
0.541030
0.677110
0.695743
0.484195
0.691573
0.747545
0.490242
0.794802
0.541012
0.616391
0.734406
0.485011
0.618906
0.696943
0.663337
0.656467
0.689425
0.544026
0.614141
0.603034
0.475913
0.653942
0.707439
0.697151
0.699724
0.546030
0.709170
0.570386
0.602612
0.620771
0.787074
0.561419
0.576482
0.694150
0.472254
0.719342
0.618887
0.769282
0.738100
0.682420
0.639303
0.724932
0.810704
0.647731
0.765967
0.707719
0.703994
0.880291
0.649482
0.655209
0.756994
0.504438
0.743222
0.796866
0.748473
0.742228
0.681165
0.706174
0.712404
0.520652
0.846872
0.778707
0.811594
0.772137
0.702758
0.730109
0.749130
0.887217
0.712985
0.621649
0.594340
0.670587
0.573226
0.487849
0.645236
0.659538
0.414597
0.648247
0.701423
0.492067
0.722815
0.530402
0.639279
0.734619
0.372260
0.549845
0.646834
0.617591
0.586032
0.717419
0.497073
0.534655
0.403610
0.517434
0.630372
0.647498
0.651688
0.672533
0.568574
0.661571
0.480999
0.440765
0.566644
0.812223
0.624829
0.583675
0.673293
0.641639
0.667627
0.713690
0.636187
0.538972
0.716771
0.713441
0.510606
0.774714
0.628779
0.530647
0.748457
0.574619
0.644744
0.686809
0.466384
0.643887
0.613217
0.522881
0.591135
0.628306
0.538503
0.644421
0.514511
0.777588
0.690865
0.620539
0.704165
0.587355
0.637319
0.550215
0.739864
0.644095
0.524595
0.649744
0.647943
0.728043
0.747131
0.668927
0.689362
0.745232
0.588496
0.678534
0.660969
0.672569
0.787971
0.629889
0.817198
0.519413
0.705138
0.736604
0.792737
0.652987
0.666023
0.547703
0.652580
0.731037
0.586590
0.864821
0.652979
0.521815
0.718403
0.611506
0.678603
0.671282
0.739532
0.710931
0.693300
0.585777
0.618376
0.758519
0.458062
0.495467
0.782528
0.539028
0.710337
0.618370
0.670439
0.667047
0.515748
0.623014
0.753529
0.712811
0.727387
0.860876
0.497111
0.495357
0.637045
0.567446
0.779076
0.649406
0.782848
0.631913
0.657890
0.686900
0.609858
0.562528
0.720665
0.693510
0.578845
0.626219
0.674755
0.605335
0.563251
0.688614
0.557664
0.450703
0.741064
0.512402
0.701646
0.612950
0.529661
0.681658
0.783978
0.756098
0.687819
0.676470
0.487788
0.636080
0.579040
0.562554
0.825489
0.763585
0.777595
0.560219
0.515094
0.736571
0.546686
0.659637
0.659792
0.722121
0.663441
0.621009
0.722581
0.567315
0.585248
0.823778
0.612458
0.800720
0.635554
0.661373
0.858843
0.643963
0.618138
0.842901
0.655064
0.406550
0.830584
0.589821
0.605159
0.705800
0.653068
0.803753
0.739446
0.753062
0.815455
0.797164
0.707808
0.765570
0.571144
0.746193
0.857032
0.375098
0.655572
0.760694
0.753493
0.679243
0.520221
0.853342
0.617470
0.740409
0.788209
0.746575
0.779104
0.652432
0.653144
0.744957
0.725697
0.623119
0.691900
0.678290
0.717596
0.562886
0.702532
0.790217
0.782921
0.712227
0.767020
0.687783
0.739406
0.749382
0.774757
0.699368
0.720991
0.580240
0.787001
0.608596
0.743860
0.621047
0.612738
0.758043
0.277688
0.492614
0.765256
0.684507
0.674325
0.732042
0.487145
0.543085
0.615425
0.418383
0.730740
0.689362
0.748481
0.730439
0.638842
0.813562
0.579515
0.506191
0.732669
0.810140
0.599753
0.634598
0.839425
0.668045
0.792766
0.678524
0.729006
0.791692
0.646124
0.576815
0.792841
0.787740
0.769701
0.937836
0.482958
0.605409
0.731115
0.681180
0.800327
0.740608
0.863470
0.784997
0.717514
0.780535
0.743896
0.695187
0.700892
0.783359
0.697082
0.627187
0.564542
0.888068
0.769886
0.769354
0.679784
0.703845
0.783616
0.847427
0.821740
0.872717
0.672485
0.734891
0.821050
0.708258
0.744010
0.730921
0.835220
0.805530
0.715339
0.669628
0.762580
0.742900
0.850696
0.787874
0.802838
0.900272
0.745500
0.749438
0.465855
0.467884
0.664486
0.555923
0.685225
0.696056
0.578518
0.442745
0.597971
0.393716
0.581583
0.541883
0.596981
0.627945
0.624020
0.766379
0.585034
0.567202
0.653911
0.553609
0.433218
0.538029
0.716851
0.521198
0.553233
0.762123
0.857571
0.783104
0.764914
0.878907
0.682215
0.827365
0.842486
0.835148
0.777715
0.627986
0.674921
0.761740
0.798081
0.663074
0.869165
0.639858
0.663483
0.764417
0.670340
0.863126
0.757155
0.771755
0.856308
0.566436
0.689259
0.808418
0.659838
0.742083
0.737456
0.638028
0.677012
0.719967
0.439362
0.684736
0.595928
0.614784
0.711620
0.686076
0.779987
0.704196
0.732498
0.816936
0.655072
0.654291
0.634429
0.832419
0.639637
0.704460
0.813515
0.524508
0.687938
0.783964
0.616173
0.447372
0.636215
0.582452
0.596574
0.622847
0.669335
0.716350
0.687418
0.864483
0.646113
0.657052
0.724738
0.688809
0.348519
0.457558
0.702304
0.563679
0.649823
0.738744
0.774603
0.847467
0.841270
0.846336
0.778557
0.701986
0.695903
0.757331
0.748056
0.931997
0.770053
0.811910
0.646149
0.603863
0.588878
0.699182
0.841723
0.768020
0.610609
0.805831
0.642052
0.556756
0.724598
0.680324
0.636229
0.707159
0.542624
0.570292
0.559496
0.455818
0.758963
0.690154
0.819408
0.640035
0.527177
0.796627
0.495781
0.482603
0.578210
0.758446
0.586715
0.562026
0.885477
0.746147
0.699774
0.792142
0.626216
0.731302
0.699889
0.576504
0.780551
0.753403
0.792589
0.794459
0.734724
0.772039
0.749838
0.629082
0.698318
0.937994
0.698564
0.564902
0.715603
0.757400
0.826527
0.744920
0.631020
0.673952
0.510416
0.543957
0.603828
0.714180
0.760515
0.633089
0.601025
0.633429
0.639174
0.728003
0.763635
0.830351
0.786027
0.702231
0.704215
0.633859
0.711746
0.696858
0.708031
0.698934
0.376862
0.794327
0.776509
0.671619
0.742252
0.572639
0.640921
0.683605
0.727549
0.588621
0.681082
0.773596
0.586098
0.593172
0.704678
0.653644
0.774418
0.781186
0.707240
0.761659
0.712979
0.551035
0.746682
0.390207
0.597404
0.822560
0.378056
0.703604
0.741153
0.805713
0.742903
0.774000
0.706490
0.798884
0.860971
0.695484
0.722278
0.779752
0.666765
0.699356
0.674772
0.776286
0.769527
0.647724
0.443868
0.633696
0.584205
0.741272
0.677210
0.808116
0.718482
0.631630
0.710299
0.637049
0.546445
0.561566
0.713383
0.467510
0.564497
0.584753
0.542201
0.662023
0.501577
0.711459
0.709584
0.646511
0.589326
0.644285
0.499445
0.607694
0.578479
0.566406
0.606374
0.661829
0.650543
0.540697
0.766878
0.644847
0.607952
0.761575
0.551257
0.546321
0.650340
0.785785
0.741608
0.618594
0.586227
0.670303
0.597296
0.687254
0.622678
0.670638
0.582471
0.560573
0.677300
0.726860
0.646275
0.672746
0.681174
0.638943
0.747805
0.687641
0.674192
0.665028
0.581658
0.709099
0.802814
0.798313
0.691815
0.782261
0.666976
0.628805
0.712489
0.477292
0.659853
0.669678
0.739827
0.726320
0.643959
0.835088
0.755598
0.495207
0.739383
0.659024
0.812277
0.873652
0.816687
0.814225
0.470490
0.760175
0.562838
0.719243
0.580937
0.646596
0.743216
0.626006
0.655928
0.473788
0.662297
0.598560
0.625383
0.690227
0.580284
0.699220
0.574143
0.665913
0.735802
0.665025
0.680931
0.613270
0.567178
0.720087
0.730501
0.648862
0.519369
0.775045
0.509425
0.679918
0.729805
0.726738
0.574988
0.800324
0.755139
0.653134
