0.058642
0.026686
0.069682
0.028211
0.047170
0.040348
0.048781
0.048869
0.039180
0.020910
0.012873
0.027197
0.036893
0.040106
0.054418
0.076536
0.030110
0.045011
0.035006
0.020552
0.118221
0.052559
0.021646
0.161232
0.070077
0.018608
0.078051
0.033398
0.048055
0.023177
0.031862
0.024302
0.035082
0.038606
0.053826
0.029733
0.067379
0.010784
0.025993
0.039230
0.050890
0.040667
0.044286
0.007899
0.022104
0.039765
0.031187
0.025573
0.055203
0.024689
0.066536
0.082566
0.039439
0.026315
0.033474
0.039056
0.054016
0.044827
0.052133
0.046872
0.039640
0.027669
0.018488
0.033644
0.018921
0.016511
0.037544
0.026570
0.109180
0.036016
0.038807
0.066846
0.046159
0.052365
0.054601
0.047768
0.042556
0.031906
0.037877
0.032034
0.021423
0.025553
0.040055
0.065090
0.055747
0.048012
0.024154
0.023254
0.015912
0.084749
0.021406
0.043961
0.023016
0.033220
0.022581
0.031220
0.030283
0.032261
0.047099
0.011951
0.015006
0.008816
0.013331
0.050527
0.010953
0.021782
0.032409
0.017735
0.004232
0.015368
0.055069
0.006080
0.015520
0.030917
0.015787
0.140702
0.011740
0.007553
0.109022
0.017922
0.025170
0.029096
0.015163
0.011367
0.021330
0.007903
0.021956
0.006828
0.026948
0.014815
0.062937
0.029398
0.025057
0.010538
0.034066
0.022687
0.055474
0.016903
0.016142
0.011157
0.008145
0.006685
0.006589
0.017463
0.060288
0.029466
0.041633
0.020713
0.014635
0.113183
0.025880
0.073982
0.061282
0.064343
0.031113
0.037753
0.085558
0.041313
0.053035
0.088865
0.065565
0.210137
0.019771
0.028463
0.158461
0.018496
0.059838
0.017936
0.059720
0.013230
0.052360
0.021366
0.066287
0.049037
0.058082
0.012837
0.126579
0.013476
0.048196
0.043346
0.091075
0.058701
0.062235
0.049948
0.053365
0.059695
0.017552
0.037797
0.032400
0.043647
0.057653
0.051555
0.059306
0.050672
0.090227
0.037702
0.037573
0.030746
0.062787
0.055603
0.077589
0.108825
0.058118
0.071145
0.058092
0.051643
0.172320
0.062675
0.035440
0.180947
0.074641
0.054680
0.072365
0.051108
0.055758
0.032194
0.034820
0.066067
0.066375
0.067336
0.058885
0.061884
0.054326
0.029198
0.062242
0.068624
0.075924
0.027560
0.062671
0.039232
0.056475
0.045776
0.052995
0.050056
0.057399
0.020134
0.008272
0.008646
0.086914
0.020232
0.040544
0.041969
0.015006
0.007219
0.024784
0.080684
0.018231
0.023430
0.055208
0.039170
0.197251
0.008239
0.014590
0.128114
0.012217
0.055016
0.015889
0.014689
0.013377
0.045495
0.012511
0.047937
0.017030
0.052423
0.011792
0.102016
0.020455
0.041478
0.027999
0.064705
0.036121
0.066409
0.030007
0.033788
0.030228
0.010177
0.012839
0.021027
0.016713
0.018052
0.016145
0.077112
0.024901
0.040369
0.016486
0.028261
0.015058
0.027670
0.064172
0.019592
0.022123
0.046899
0.031571
0.157835
0.017948
0.016659
0.080155
0.025950
0.049942
0.028667
0.025690
0.019325
0.034075
0.017546
0.035743
0.020361
0.020941
0.017546
0.073637
0.027096
0.026363
0.023841
0.042422
0.014745
0.042503
0.009452
0.030522
0.027694
0.018672
0.014008
0.026600
0.011881
0.005975
0.078717
0.014259
0.039084
0.039398
0.022759
0.005064
0.018828
0.071343
0.013739
0.019187
0.044933
0.033735
0.178354
0.002335
0.009807
0.112573
0.007861
0.047720
0.014440
0.018737
0.006819
0.034953
0.007290
0.041585
0.014730
0.041979
0.006800
0.094608
0.016999
0.037587
0.024140
0.055339
0.027432
0.061494
0.026084
0.033076
0.024212
0.006394
0.008484
0.012022
0.011510
0.090848
0.013946
0.044333
0.034874
0.031870
0.010325
0.024052
0.075014
0.021868
0.026391
0.060965
0.041866
0.193344
0.004519
0.010004
0.115775
0.010066
0.050124
0.007836
0.026798
0.006536
0.036987
0.007666
0.044745
0.022833
0.040507
0.003516
0.099609
0.007989
0.032357
0.026037
0.062575
0.031717
0.045113
0.026359
0.032596
0.034017
0.005857
0.014661
0.018709
0.014888
0.057163
0.041948
0.081285
0.066691
0.065423
0.043425
0.040391
0.035451
0.043433
0.025853
0.015155
0.039528
0.089029
0.063154
0.160118
0.110489
0.023842
0.127146
0.077262
0.089510
0.034397
0.074530
0.017152
0.044151
0.047786
0.093707
0.021096
0.114419
0.047530
0.028807
0.018767
0.057772
0.111759
0.062317
0.031012
0.021199
0.067343
0.047752
0.040573
0.090295
0.020162
0.032382
0.031498
0.016477
0.027736
0.069476
0.016186
0.029468
0.042567
0.025956
0.150592
0.016268
0.003679
0.138500
0.026640
0.019964
0.032550
0.023499
0.012839
0.019373
0.010306
0.023607
0.018793
0.031894
0.016955
0.063063
0.027569
0.016035
0.016528
0.047297
0.036635
0.040377
0.032297
0.010391
0.019974
0.011111
0.014649
0.007805
0.031071
0.036052
0.025475
0.028858
0.048200
0.086636
0.024478
0.038620
0.027783
0.019428
0.131495
0.044316
0.019329
0.149094
0.064699
0.023548
0.073559
0.019947
0.046015
0.017734
0.028610
0.025068
0.022882
0.049684
0.053557
0.036265
0.066347
0.025441
0.028916
0.035846
0.050300
0.050262
0.043394
0.012048
0.017586
0.034172
0.025447
0.019093
0.043103
0.043143
0.037147
0.058382
0.084774
0.039619
0.040912
0.048703
0.039871
0.158946
0.039632
0.023532
0.107494
0.053637
0.056419
0.050000
0.036102
0.038536
0.034051
0.027230
0.048875
0.043759
0.031944
0.038459
0.056975
0.043750
0.015772
0.041821
0.048894
0.032402
0.019295
0.026483
0.031969
0.038100
0.036742
0.029972
0.040190
0.025409
0.014682
0.034831
0.089131
0.016577
0.027006
0.038445
0.027747
0.168690
0.025268
0.024699
0.131610
0.039658
0.051590
0.050771
0.008072
0.037690
0.042793
0.025329
0.043696
0.014367
0.061640
0.039074
0.079957
0.054074
0.046877
0.032421
0.053202
0.041290
0.082651
0.036538
0.031670
0.021497
0.029299
0.016693
0.023648
0.025104
0.016038
0.064467
0.008673
0.015165
0.036929
0.023363
0.164778
0.007608
0.010453
0.109112
0.014213
0.038521
0.022146
0.013858
0.011724
0.030442
0.009084
0.031936
0.006400
0.037678
0.012137
0.079763
0.025805
0.035349
0.018104
0.044133
0.024972
0.062067
0.018551
0.026262
0.016495
0.007893
0.005589
0.009394
0.011401
0.028882
0.008763
0.011138
0.037694
0.020037
0.112461
0.022743
0.029116
0.104927
0.030472
0.034413
0.039081
0.043666
0.027157
0.028023
0.027702
0.020946
0.013299
0.028436
0.024041
0.071086
0.036974
0.042026
0.011547
0.029099
0.021944
0.087133
0.021109
0.032026
0.016688
0.015755
0.013287
0.016577
0.030944
0.040687
0.035008
0.051434
0.036058
0.062097
0.077265
0.071946
0.111403
0.086014
0.053483
0.094303
0.104432
0.076068
0.048637
0.072544
0.032596
0.053517
0.031530
0.066703
0.056645
0.083162
0.057853
0.031130
0.025454
0.034422
0.117885
0.043216
0.057705
0.037955
0.059269
0.048201
0.055095
0.079164
0.010189
0.023857
0.009071
0.113557
0.017415
0.014669
0.107995
0.029530
0.023417
0.042272
0.022694
0.021713
0.019542
0.016515
0.015060
0.004961
0.025968
0.023330
0.053675
0.040879
0.027799
0.007249
0.023920
0.019478
0.071115
0.018912
0.016516
0.005655
0.014471
0.005709
0.006483
0.024533
0.025183
0.015633
0.116956
0.024491
0.023852
0.095484
0.036314
0.043350
0.038944
0.033468
0.029911
0.029682
0.024421
0.022175
0.012520
0.026234
0.026068
0.057153
0.040729
0.033166
0.013676
0.022502
0.012915
0.072270
0.018023
0.028593
0.011029
0.019675
0.007029
0.019927
0.019890
0.012119
0.082917
0.057238
0.037714
0.127190
0.074427
0.042251
0.087621
0.040045
0.061226
0.024686
0.042325
0.030144
0.028976
0.046058
0.062059
0.029574
0.077301
0.040021
0.033203
0.016563
0.034067
0.082988
0.043745
0.032999
0.012010
0.041981
0.023577
0.029556
0.044059
0.077560
0.040613
0.025151
0.119879
0.058143
0.017441
0.069336
0.034188
0.043083
0.015271
0.029461
0.009080
0.014637
0.026575
0.044886
0.024747
0.061693
0.023142
0.010321
0.010839
0.025479
0.069240
0.025764
0.013518
0.003438
0.028987
0.014006
0.014272
0.038199
0.190214
0.162094
0.191071
0.215879
0.091667
0.236511
0.187480
0.191370
0.094773
0.171902
0.075463
0.130698
0.095262
0.191829
0.050080
0.212543
0.119226
0.100793
0.054015
0.115225
0.198928
0.132613
0.112911
0.091667
0.162370
0.133061
0.127570
0.183958
0.011910
0.108941
0.006739
0.052276
0.012410
0.021840
0.007181
0.039466
0.007908
0.046636
0.018288
0.043635
0.006352
0.103601
0.016548
0.039769
0.027345
0.062200
0.029953
0.059850
0.027909
0.036691
0.030284
0.008662
0.012619
0.015341
0.013857
0.124533
0.021235
0.028570
0.026170
0.015732
0.009793
0.022436
0.005189
0.028461
0.016251
0.031336
0.012572
0.064892
0.023514
0.016170
0.017764
0.045773
0.029302
0.034647
0.025968
0.013128
0.018391
0.008801
0.009814
0.008981
0.019572
0.119447
0.155959
0.127863
0.133527
0.123559
0.117619
0.121447
0.121952
0.102646
0.079282
0.113862
0.156227
0.135358
0.136565
0.114851
0.096989
0.056038
0.153456
0.077883
0.142745
0.113769
0.122986
0.102642
0.124557
0.090406
0.066330
0.009844
0.032054
0.007069
0.057044
0.014745
0.064327
0.031113
0.053160
0.007169
0.130103
0.017016
0.055386
0.038307
0.082365
0.041332
0.074791
0.034927
0.052436
0.046240
0.013563
0.024858
0.027809
0.021283
0.080609
0.051494
0.045144
0.019365
0.038918
0.010274
0.028383
0.031393
0.052868
0.036681
0.071240
0.024116
0.014352
0.033858
0.052025
0.067471
0.042915
0.010085
0.019816
0.037361
0.033912
0.016210
0.067634
0.043511
0.011323
0.063768
0.019877
0.072940
0.042647
0.058273
0.006973
0.136451
0.007672
0.053261
0.046586
0.090830
0.045896
0.059159
0.038959
0.059209
0.058297
0.016209
0.030085
0.039637
0.020264
0.028888
0.041195
0.018157
0.048547
0.018811
0.061442
0.034140
0.083442
0.045249
0.042516
0.037235
0.060152
0.044630
0.064808
0.037333
0.030183
0.026025
0.023841
0.018617
0.023241
0.019940
0.040118
0.008952
0.044925
0.024298
0.036594
0.004612
0.101135
0.014198
0.033300
0.024886
0.066134
0.034132
0.050875
0.026847
0.032465
0.034882
0.008031
0.017705
0.017472
0.020497
0.025147
0.018131
0.024606
0.027963
0.042783
0.029806
0.051596
0.021100
0.021508
0.017764
0.033968
0.045116
0.031531
0.016917
0.016461
0.026171
0.023557
0.016488
0.040750
0.039400
0.019767
0.037613
0.009845
0.077483
0.017872
0.024563
0.023362
0.050064
0.030433
0.039945
0.026008
0.024600
0.023136
0.007404
0.012067
0.012429
0.015874
0.018046
0.018371
0.046836
0.028078
0.064815
0.022069
0.006285
0.016182
0.029367
0.068843
0.027775
0.010299
0.010215
0.032769
0.020934
0.017096
0.051893
0.031512
0.026040
0.062143
0.045826
0.035524
0.011860
0.029786
0.022930
0.073657
0.021227
0.019978
0.008872
0.016242
0.006183
0.008195
0.022983
0.036688
0.045982
0.053633
0.020838
0.016043
0.024347
0.014524
0.052199
0.015908
0.027226
0.026387
0.035300
0.027081
0.031249
0.042711
0.103560
0.008446
0.033985
0.025743
0.064641
0.028254
0.051985
0.024864
0.036961
0.035575
0.007374
0.015315
0.021078
0.017981
0.116790
0.034189
0.045654
0.018146
0.059018
0.074397
0.063181
0.034342
0.033795
0.080115
0.057821
0.056781
0.089983
0.042189
0.042801
0.079657
0.043551
0.047463
0.036626
0.051815
0.054212
0.012031
0.029385
0.038049
0.023621
0.019875
0.034932
0.033183
0.023424
0.029274
0.010778
0.024113
0.027909
0.023367
0.024258
0.041024
0.022861
0.021282
0.063833
0.019018
0.010711
0.008753
0.017998
0.012076
0.010831
0.036772
0.024024
0.077786
0.030943
0.031184
0.014522
0.046991
0.028932
0.034010
0.051708
0.066189
0.012059
0.037692
0.020921
0.028775
0.015166
0.030359
0.022581
0.054921
0.044676
0.068710
0.048934
0.056851
0.058650
0.052272
0.031810
0.024119
0.024159
0.017479
0.028438
0.018623
0.013236
0.024926
0.018630
0.013249
0.044578
0.022407
0.008423
0.009133
0.031032
0.009787
0.011742
0.017745
0.008604
0.013957
0.028909
