0.095692
0.074874
0.040468
0.133774
0.031124
0.010065
0.042549
0.056712
0.008471
0.009363
0.038785
0.016327
0.014629
0.058268
0.050782
0.013590
0.036659
0.008316
0.008085
0.022608
0.020393
0.033877
0.004050
0.005465
0.015928
0.017247
0.217839
0.012988
0.004348
0.015102
0.031722
0.017055
0.013509
0.008434
0.009898
0.031303
0.014266
0.083869
0.008947
0.080116
0.014292
0.042402
0.010476
0.070691
0.040362
0.007642
0.058423
0.008562
0.035021
0.048039
0.047101
0.017882
0.048225
0.130188
0.123937
0.018152
0.102693
0.074008
0.024023
0.093275
0.059590
0.091103
0.070466
0.068245
0.051232
0.136409
0.116342
0.069877
0.106081
0.033413
0.105440
0.094680
0.113690
0.149642
0.062762
0.068400
0.113569
0.130164
0.060596
0.155452
0.126854
0.106455
0.111516
0.077545
0.148398
0.022375
0.086384
0.025713
0.081540
0.021765
0.085136
0.015534
0.022023
0.114285
0.120411
0.127190
0.073958
0.068241
0.059569
0.020022
0.089351
0.112307
0.030469
0.072556
0.069378
0.043955
0.083886
0.060555
0.090985
0.086896
0.048455
0.069145
0.097378
0.090282
0.059453
0.091211
0.048733
0.080820
0.072983
0.097759
0.109168
0.067787
0.059467
0.079257
0.088992
0.067568
0.111407
0.088827
0.066210
0.082323
0.076638
0.112411
0.036082
0.053834
0.052202
0.070505
0.038273
0.080783
0.031308
0.040681
0.093398
0.111713
0.081493
0.072251
0.076196
0.040863
0.059857
0.084782
0.017794
0.050250
0.025032
0.014431
0.050006
0.022242
0.032246
0.046244
0.024755
0.024822
0.060896
0.049025
0.030475
0.037980
0.012016
0.045668
0.044236
0.047208
0.084889
0.131397
0.020839
0.054232
0.083174
0.041187
0.092113
0.074138
0.049247
0.064875
0.028881
0.073143
0.034327
0.044747
0.024774
0.028172
0.015292
0.021337
0.026355
0.023320
0.051675
0.082577
0.066716
0.022298
0.067911
0.175015
0.139624
0.037427
0.136681
0.111392
0.042214
0.118900
0.089417
0.105601
0.090477
0.093773
0.073398
0.177857
0.156206
0.096625
0.136157
0.058899
0.146800
0.129266
0.150460
0.188911
0.055369
0.099605
0.152392
0.156001
0.081095
0.195498
0.159436
0.145949
0.141318
0.110063
0.192828
0.035300
0.117100
0.045532
0.116280
0.042063
0.124860
0.034157
0.036822
0.157290
0.121163
0.168833
0.116718
0.046771
0.075716
0.019715
0.036848
0.034240
0.024935
0.048028
0.025672
0.068852
0.066367
0.020182
0.045209
0.051754
0.041137
0.034502
0.050959
0.025643
0.035380
0.030638
0.056734
0.062397
0.112549
0.021450
0.036095
0.042520
0.038590
0.060387
0.051379
0.033791
0.043802
0.052860
0.066591
0.033250
0.021101
0.052822
0.034527
0.023211
0.039163
0.031332
0.016077
0.048173
0.078031
0.036723
0.035646
0.050450
0.079072
0.015026
0.021090
0.061134
0.024665
0.028479
0.062155
0.060063
0.023740
0.054143
0.004829
0.017207
0.028615
0.030073
0.053746
0.010591
0.017566
0.016700
0.015128
0.245450
0.024566
0.004859
0.025030
0.047626
0.017845
0.012491
0.004977
0.015164
0.035387
0.009297
0.108648
0.014857
0.098485
0.021439
0.065940
0.022185
0.090680
0.067523
0.014952
0.066569
0.007336
0.050017
0.095151
0.031286
0.044130
0.062082
0.020888
0.051396
0.063633
0.043982
0.033712
0.060631
0.051675
0.067504
0.041027
0.052375
0.070772
0.042660
0.047003
0.026804
0.031432
0.258500
0.057222
0.044119
0.042652
0.039008
0.046191
0.025553
0.049647
0.028499
0.041773
0.049185
0.126233
0.039225
0.099000
0.038855
0.070080
0.063787
0.099013
0.068270
0.050441
0.016335
0.060543
0.100893
0.064976
0.041314
0.010553
0.063938
0.029987
0.052186
0.054406
0.031018
0.031428
0.084590
0.073114
0.037303
0.064995
0.012249
0.063268
0.057193
0.070246
0.103883
0.072066
0.028270
0.068841
0.090542
0.040196
0.107485
0.088344
0.061072
0.077394
0.045682
0.101937
0.007424
0.047811
0.016401
0.041119
0.007589
0.044865
0.007104
0.009717
0.075379
0.090685
0.079135
0.032717
0.016718
0.043226
0.017543
0.026626
0.061293
0.052089
0.012152
0.049516
0.017536
0.016033
0.027200
0.021064
0.045659
0.006452
0.010589
0.018777
0.011764
0.225433
0.027121
0.011625
0.015026
0.040680
0.021539
0.009624
0.014274
0.010195
0.031353
0.015502
0.098565
0.011329
0.084668
0.015371
0.045614
0.023640
0.076029
0.049103
0.010386
0.049591
0.016035
0.052039
0.023384
0.012496
0.008185
0.043108
0.032047
0.011856
0.017958
0.018135
0.021580
0.015000
0.019933
0.018258
0.013480
0.013338
0.015927
0.030735
0.191428
0.010213
0.014980
0.034242
0.022265
0.033604
0.026346
0.014347
0.018852
0.015778
0.026844
0.063251
0.016245
0.054259
0.010094
0.025678
0.006384
0.050600
0.030521
0.015306
0.059591
0.024282
0.029577
0.033107
0.014973
0.036340
0.026250
0.019100
0.013782
0.062981
0.054782
0.021645
0.041595
0.005425
0.044750
0.041864
0.047699
0.076533
0.111140
0.020773
0.049531
0.067300
0.020798
0.083358
0.060889
0.045677
0.049851
0.026644
0.075197
0.023707
0.034264
0.019657
0.025866
0.004082
0.029141
0.012934
0.006600
0.053517
0.059722
0.063994
0.036752
0.015280
0.042370
0.022612
0.018666
0.022003
0.020483
0.032370
0.014911
0.024668
0.033787
0.019693
0.021899
0.014782
0.023918
0.222011
0.023486
0.016554
0.027815
0.015697
0.028989
0.014956
0.019080
0.008558
0.018521
0.025299
0.088758
0.019614
0.071476
0.017876
0.041654
0.022794
0.068078
0.042991
0.023590
0.030154
0.031301
0.061372
0.034688
0.025679
0.014322
0.010169
0.025702
0.028183
0.008600
0.028523
0.008952
0.020277
0.023592
0.022387
0.043076
0.166432
0.006221
0.018925
0.038973
0.009998
0.043724
0.033202
0.018484
0.023695
0.018473
0.038365
0.045898
0.016473
0.043060
0.014211
0.019300
0.009993
0.036632
0.020480
0.030504
0.052792
0.031195
0.026962
0.030272
0.037969
0.031728
0.062183
0.077699
0.022313
0.045946
0.035444
0.064644
0.070402
0.038932
0.083197
0.165675
0.040259
0.059986
0.094543
0.038730
0.099874
0.064462
0.051322
0.062162
0.022475
0.070997
0.068711
0.051991
0.036438
0.040882
0.045831
0.047415
0.048517
0.055865
0.075575
0.046444
0.082512
0.069706
0.037051
0.014540
0.059783
0.077830
0.014416
0.058651
0.028734
0.059795
0.062682
0.034678
0.071535
0.175226
0.040673
0.050566
0.077422
0.019517
0.088285
0.048730
0.044468
0.044804
0.017543
0.064695
0.069815
0.043200
0.040268
0.035356
0.037857
0.043486
0.043199
0.046176
0.066715
0.043162
0.076938
0.081324
0.029109
0.026782
0.025525
0.016290
0.021537
0.019895
0.014411
0.015835
0.019813
0.031718
0.165447
0.011756
0.018452
0.031129
0.025635
0.036859
0.024409
0.017150
0.021999
0.020057
0.036314
0.054039
0.011336
0.047525
0.009844
0.020585
0.017835
0.040191
0.022758
0.023717
0.042532
0.025361
0.030050
0.048850
0.055539
0.014298
0.043810
0.010531
0.046707
0.044305
0.036016
0.071843
0.149641
0.019557
0.042525
0.067013
0.011527
0.074965
0.054624
0.038682
0.041294
0.019035
0.062378
0.040978
0.037355
0.032345
0.027130
0.020016
0.022001
0.031175
0.025567
0.051929
0.057893
0.062306
0.045143
0.014079
0.029092
0.027045
0.053586
0.010640
0.015800
0.016856
0.015171
0.256925
0.023585
0.003185
0.022151
0.044424
0.014465
0.012807
0.006408
0.011631
0.036638
0.007954
0.113040
0.016446
0.104226
0.023564
0.069045
0.017831
0.097786
0.069340
0.013031
0.066526
0.007363
0.051747
0.043673
0.020617
0.049773
0.008646
0.009256
0.034233
0.027119
0.241268
0.023290
0.011960
0.017974
0.053829
0.021920
0.025482
0.019765
0.019971
0.051408
0.020504
0.104787
0.021591
0.105324
0.028353
0.058003
0.015438
0.091620
0.054754
0.009337
0.081799
0.009861
0.036420
0.037022
0.017960
0.029201
0.034862
0.015400
0.043027
0.162823
0.016212
0.022207
0.048228
0.012572
0.053408
0.027035
0.016167
0.024735
0.008286
0.035570
0.054687
0.018135
0.036869
0.016234
0.028700
0.021886
0.035893
0.034101
0.040526
0.041449
0.039749
0.047770
0.040484
0.020285
0.020838
0.031458
0.037513
0.226484
0.026526
0.026348
0.038414
0.047393
0.038055
0.034763
0.029550
0.026607
0.034084
0.035627
0.094673
0.032182
0.081793
0.025306
0.046605
0.020387
0.078473
0.049994
0.021357
0.062836
0.032182
0.043686
0.040799
0.040547
0.041375
0.074085
0.120761
0.013282
0.043402
0.066845
0.018632
0.075564
0.061484
0.038247
0.050106
0.025725
0.070144
0.021709
0.032172
0.021710
0.023044
0.007528
0.020673
0.017520
0.011049
0.052874
0.068034
0.057253
0.023444
0.007749
0.017351
0.012514
0.232339
0.018534
0.007426
0.015746
0.037171
0.013570
0.014781
0.012934
0.011764
0.034750
0.014052
0.093789
0.012107
0.088506
0.013926
0.046998
0.014887
0.079293
0.047114
0.007929
0.059712
0.009805
0.034731
0.026418
0.021769
0.214233
0.018755
0.011517
0.015950
0.042454
0.020035
0.020737
0.017123
0.013589
0.040375
0.022261
0.085318
0.015582
0.086768
0.019503
0.042319
0.016083
0.075567
0.039685
0.006173
0.064930
0.012197
0.039290
0.019979
0.235590
0.024838
0.015983
0.036036
0.028595
0.028125
0.015953
0.016156
0.018263
0.016599
0.017695
0.096449
0.020624
0.072961
0.014512
0.053928
0.023333
0.077426
0.058877
0.027279
0.038603
0.029473
0.052292
0.290778
0.045105
0.014342
0.017550
0.052744
0.011155
0.009825
0.021082
0.012280
0.048288
0.010938
0.139960
0.021865
0.125254
0.028106
0.080552
0.039869
0.118530
0.080639
0.018168
0.054885
0.018425
0.074329
0.164162
0.230627
0.258421
0.168960
0.294620
0.252544
0.207967
0.239357
0.179303
0.281432
0.053575
0.188021
0.074769
0.192431
0.104381
0.200949
0.061345
0.106591
0.248463
0.233332
0.241377
0.165144
0.017871
0.036178
0.021857
0.041029
0.036819
0.017616
0.029046
0.026315
0.041228
0.043769
0.015139
0.049646
0.013913
0.022777
0.008748
0.041025
0.022227
0.028245
0.060595
0.024621
0.016942
0.015556
0.034815
0.014545
0.008491
0.003623
0.007946
0.032659
0.010191
0.096257
0.008710
0.091229
0.018520
0.055443
0.016607
0.079944
0.052824
0.012035
0.058762
0.004699
0.046416
0.049658
0.014087
0.016161
0.026328
0.013276
0.066142
0.026088
0.120593
0.016535
0.126364
0.035961
0.070914
0.038937
0.108081
0.062552
0.022153
0.056626
0.014782
0.066663
0.055033
0.039260
0.035519
0.029328
0.022078
0.054229
0.052622
0.028962
0.047026
0.025140
0.028088
0.031300
0.041033
0.026068
0.051563
0.036704
0.054222
0.050447
0.018326
0.024141
0.015953
0.061793
0.021070
0.138115
0.027591
0.139474
0.036117
0.086941
0.039208
0.127621
0.080595
0.021478
0.067682
0.013030
0.063997
0.012217
0.005007
0.034615
0.010139
0.121313
0.014557
0.102440
0.027626
0.068440
0.035656
0.093995
0.067630
0.019007
0.041723
0.016410
0.076237
0.013171
0.025576
0.013571
0.085412
0.009261
0.076984
0.018167
0.050547
0.017446
0.067937
0.053004
0.017859
0.062944
0.009192
0.046255
0.032132
0.012435
0.107177
0.014347
0.094665
0.024499
0.056928
0.026781
0.085517
0.054634
0.014069
0.041980
0.015815
0.066547
0.039531
0.067323
0.033536
0.038634
0.018769
0.033680
0.025215
0.043027
0.044282
0.040601
0.048870
0.051789
0.053643
0.137001
0.024436
0.116343
0.029719
0.081949
0.028855
0.112184
0.085045
0.013953
0.068766
0.016334
0.072113
0.071544
0.022341
0.063989
0.019399
0.066768
0.012231
0.020957
0.109714
0.115218
0.107760
0.046456
0.068645
0.016310
0.037386
0.022243
0.056530
0.036587
0.021158
0.047888
0.013975
0.042742
0.054741
0.019653
0.063791
0.008902
0.032312
0.100714
0.088921
0.111460
0.061708
0.027830
0.013335
0.051692
0.033829
0.022242
0.052475
0.029512
0.030562
0.031723
0.013327
0.007804
0.055478
0.071218
0.066955
0.032279
0.057842
0.036730
0.016803
0.076120
0.024369
0.020908
0.018564
0.091557
0.092572
0.095394
0.052561
0.056964
0.068121
0.062047
0.034535
0.076171
0.013584
0.049587
0.078678
0.107170
0.047455
