0.095579
0.040978
0.092456
0.050028
0.050246
0.045779
0.054389
0.065241
0.042264
0.064538
0.033929
0.067929
0.051600
0.026240
0.050465
0.054273
0.075453
0.055953
0.142872
0.133478
0.087524
0.096973
0.053721
0.071303
0.045034
0.028105
0.046019
0.074684
0.188786
0.056069
0.044382
0.044370
0.058652
0.050991
0.037338
0.082932
0.067807
0.047077
0.053697
0.046736
0.122669
0.105802
0.068659
0.054522
0.076228
0.056951
0.053197
0.143552
0.082585
0.052907
0.036431
0.079500
0.047127
0.063401
0.036741
0.136403
0.078846
0.091155
0.074164
0.065195
0.042850
0.084831
0.059021
0.062955
0.040720
0.080133
0.160539
0.140276
0.048185
0.077338
0.046820
0.119888
0.037533
0.067137
0.069306
0.056073
0.116292
0.062393
0.064666
0.052431
0.091744
0.055226
0.094052
0.068269
0.046164
0.046573
0.029980
0.079860
0.095080
0.058422
0.128623
0.042766
0.058929
0.082785
0.054475
0.063720
0.196018
0.051774
0.031040
0.027565
0.011278
0.022282
0.038400
0.022453
0.025927
0.021401
0.030492
0.017427
0.018519
0.012795
0.018593
0.025614
0.034144
0.105400
0.127207
0.048174
0.063487
0.015814
0.052806
0.021272
0.021645
0.020721
0.033238
0.125141
0.018385
0.011148
0.007682
0.026184
0.021193
0.020890
0.048745
0.024401
0.030384
0.009683
0.017026
0.096072
0.070773
0.035422
0.014464
0.038701
0.014519
0.015223
0.109129
0.132623
0.045624
0.045574
0.063055
0.033261
0.105975
0.067436
0.073964
0.051000
0.031563
0.030427
0.062726
0.045584
0.041720
0.020764
0.053813
0.191691
0.154293
0.034426
0.039965
0.026684
0.109908
0.026042
0.064338
0.035905
0.035448
0.119551
0.045522
0.056615
0.051539
0.065703
0.034148
0.082342
0.041113
0.045264
0.056647
0.032246
0.065994
0.049538
0.036367
0.095843
0.032164
0.031318
0.061574
0.044158
0.035703
0.225600
0.026426
0.026372
0.041886
0.068313
0.014241
0.020939
0.023882
0.012132
0.029089
0.021835
0.022837
0.016905
0.027831
0.029474
0.111997
0.109245
0.058588
0.043480
0.019610
0.036481
0.031160
0.021155
0.014173
0.033959
0.149331
0.018981
0.036550
0.033096
0.036914
0.032088
0.042707
0.055836
0.063347
0.024888
0.039328
0.015182
0.065573
0.046596
0.045995
0.028691
0.048984
0.035737
0.020560
0.079895
0.163002
0.027227
0.026729
0.071165
0.034858
0.040799
0.039870
0.039240
0.037960
0.032482
0.037888
0.023860
0.030118
0.062803
0.116825
0.078378
0.047126
0.065097
0.024524
0.049661
0.034084
0.028258
0.032572
0.049143
0.141430
0.026322
0.044246
0.030220
0.048894
0.033109
0.055553
0.059319
0.063077
0.019077
0.025974
0.029488
0.092079
0.053966
0.068006
0.027372
0.057796
0.041065
0.027765
0.087383
0.135641
0.024107
0.044600
0.017456
0.015620
0.026180
0.031566
0.025940
0.016197
0.015081
0.012443
0.034625
0.037949
0.074803
0.111653
0.069973
0.071387
0.019426
0.028796
0.031306
0.012680
0.018893
0.043638
0.119056
0.015981
0.018725
0.013116
0.030503
0.029452
0.031987
0.067858
0.046781
0.020977
0.016811
0.007406
0.115632
0.080158
0.025285
0.021225
0.059555
0.019482
0.015108
0.124364
0.145875
0.074637
0.048388
0.053489
0.045440
0.042385
0.031660
0.034077
0.033032
0.024633
0.034334
0.060893
0.102443
0.134393
0.062641
0.081218
0.012241
0.053835
0.028248
0.026972
0.024949
0.055279
0.080556
0.037579
0.040111
0.021391
0.058787
0.038524
0.061333
0.072514
0.045000
0.023560
0.015367
0.036123
0.108793
0.079409
0.052037
0.029019
0.060766
0.037848
0.029934
0.096752
0.162362
0.058501
0.057893
0.037400
0.071084
0.051526
0.027716
0.046001
0.059113
0.072376
0.057371
0.169669
0.156674
0.092706
0.094815
0.061248
0.081568
0.060905
0.056235
0.052857
0.068603
0.218816
0.049949
0.029894
0.055775
0.024459
0.044238
0.023603
0.066095
0.059545
0.091259
0.054427
0.048367
0.145194
0.119338
0.032005
0.052615
0.067385
0.028251
0.054380
0.183744
0.155067
0.013269
0.015053
0.018373
0.022503
0.017764
0.015301
0.021081
0.032711
0.020445
0.099969
0.111609
0.064373
0.045993
0.027026
0.037847
0.027138
0.017491
0.020328
0.030858
0.163094
0.017705
0.021737
0.023985
0.026240
0.029448
0.027191
0.053622
0.050873
0.024264
0.033991
0.010050
0.080196
0.054125
0.042039
0.024556
0.049655
0.029221
0.014586
0.099933
0.152031
0.028588
0.022077
0.033492
0.029055
0.016735
0.020290
0.031651
0.033818
0.096787
0.108928
0.065853
0.050994
0.034941
0.042150
0.039202
0.033329
0.029029
0.031520
0.157460
0.009593
0.024922
0.026721
0.028461
0.030546
0.038674
0.060876
0.060843
0.036640
0.035605
0.007965
0.093320
0.063672
0.040554
0.023209
0.054569
0.034257
0.011694
0.118392
0.177196
0.019931
0.011612
0.010723
0.013825
0.026434
0.028149
0.012096
0.151743
0.123885
0.042990
0.033140
0.027940
0.065148
0.011742
0.023459
0.016909
0.020080
0.184591
0.018407
0.011206
0.023952
0.012496
0.013986
0.013153
0.026796
0.027256
0.040197
0.026546
0.022063
0.065348
0.048068
0.043599
0.017632
0.023762
0.023416
0.019044
0.092880
0.139567
0.015351
0.030029
0.016854
0.020297
0.013597
0.018951
0.138983
0.135936
0.041491
0.021888
0.018685
0.060574
0.018043
0.034929
0.014421
0.013535
0.144198
0.015322
0.028320
0.031873
0.029713
0.023744
0.041883
0.035142
0.040318
0.035863
0.031224
0.020770
0.047831
0.029276
0.052444
0.017217
0.027432
0.033793
0.014507
0.057562
0.202113
0.022153
0.011832
0.026362
0.013734
0.012462
0.147131
0.137816
0.034366
0.027968
0.018358
0.074662
0.004826
0.029065
0.018951
0.011788
0.143717
0.019973
0.011091
0.021539
0.018032
0.012738
0.023715
0.022468
0.012092
0.038926
0.014824
0.028444
0.054366
0.035642
0.051479
0.009435
0.016007
0.026237
0.014377
0.068785
0.175690
0.020340
0.018590
0.039524
0.026153
0.115451
0.125871
0.066808
0.063669
0.023638
0.038071
0.024201
0.010556
0.012276
0.043209
0.164265
0.023758
0.018538
0.023624
0.019048
0.027510
0.016513
0.054630
0.043586
0.032059
0.028524
0.015329
0.100015
0.077824
0.021659
0.025618
0.050408
0.019536
0.024219
0.124854
0.123776
0.019619
0.021025
0.015303
0.114703
0.125148
0.047610
0.039710
0.018292
0.055409
0.016866
0.024287
0.017053
0.019516
0.135788
0.012330
0.008334
0.017819
0.020715
0.013998
0.020561
0.038261
0.025599
0.033169
0.017482
0.015733
0.072387
0.049866
0.037700
0.015219
0.029087
0.020958
0.010861
0.091360
0.157840
0.021999
0.036698
0.093649
0.114655
0.052867
0.060657
0.015729
0.034923
0.028795
0.017300
0.011305
0.040313
0.119262
0.015617
0.027993
0.017771
0.032694
0.028657
0.041096
0.060947
0.050754
0.022944
0.018776
0.010940
0.094467
0.066012
0.031527
0.020768
0.051308
0.024625
0.017605
0.103403
0.158465
0.030360
0.149131
0.123475
0.020338
0.027287
0.020939
0.078450
0.014783
0.044856
0.027823
0.011399
0.136021
0.017122
0.027617
0.029905
0.030237
0.016623
0.045725
0.023254
0.028972
0.040590
0.018891
0.032528
0.048521
0.024257
0.066790
0.010586
0.018818
0.039241
0.013819
0.058459
0.203626
0.160188
0.150961
0.055059
0.030060
0.036275
0.081643
0.017902
0.036636
0.025773
0.018417
0.183687
0.027904
0.016295
0.039235
0.020151
0.021259
0.019924
0.032720
0.028859
0.057490
0.038187
0.033014
0.054404
0.045752
0.053817
0.025046
0.026236
0.039140
0.024061
0.087016
0.184002
0.182824
0.221430
0.221934
0.107297
0.043721
0.158495
0.080425
0.114697
0.180034
0.128312
0.124080
0.135657
0.105644
0.159009
0.164493
0.152629
0.235497
0.183777
0.074089
0.122650
0.081378
0.270229
0.214819
0.093515
0.144327
0.221419
0.124003
0.106547
0.265814
0.216764
0.126675
0.126957
0.134922
0.125511
0.129104
0.117423
0.145790
0.132096
0.278840
0.093097
0.124981
0.120733
0.118133
0.102949
0.138435
0.134530
0.172898
0.098035
0.117941
0.111132
0.157408
0.112705
0.175329
0.115336
0.145366
0.141045
0.104598
0.183923
0.194744
0.036632
0.052902
0.134549
0.027608
0.076269
0.060906
0.023337
0.196321
0.036701
0.045657
0.049699
0.048706
0.027453
0.061100
0.018641
0.034842
0.070370
0.035634
0.067583
0.050587
0.031957
0.116550
0.024990
0.017019
0.067129
0.041030
0.062763
0.187658
0.054495
0.123095
0.026679
0.079138
0.051294
0.011734
0.209302
0.032441
0.044418
0.061725
0.038726
0.025927
0.061808
0.018192
0.049502
0.075812
0.054230
0.059857
0.020502
0.011160
0.107874
0.029703
0.018042
0.065255
0.035707
0.040686
0.239894
0.046587
0.019918
0.021884
0.011056
0.034584
0.093119
0.025139
0.027584
0.017899
0.039376
0.026542
0.043915
0.053058
0.037815
0.022514
0.017138
0.023638
0.079692
0.056333
0.040555
0.020591
0.041758
0.022978
0.018272
0.074508
0.169241
0.082417
0.025925
0.041745
0.097954
0.135911
0.055584
0.069552
0.057313
0.075156
0.083335
0.075924
0.130850
0.115966
0.028510
0.067635
0.025609
0.169942
0.124345
0.031926
0.074333
0.127261
0.054768
0.050116
0.172794
0.170342
0.031261
0.020676
0.013099
0.150343
0.020740
0.016413
0.021268
0.023010
0.011923
0.028804
0.021036
0.015393
0.035935
0.016216
0.033566
0.048612
0.032224
0.064798
0.008914
0.014820
0.033288
0.016364
0.061418
0.163005
0.017223
0.054675
0.135375
0.030097
0.029300
0.024103
0.040758
0.040106
0.033543
0.075308
0.053670
0.015129
0.028283
0.015445
0.112010
0.082389
0.031411
0.034332
0.067760
0.032155
0.026667
0.122556
0.116671
0.036256
0.124392
0.021891
0.026593
0.021417
0.031541
0.028239
0.034945
0.055871
0.042605
0.027749
0.024982
0.015363
0.082347
0.063409
0.028035
0.023266
0.044668
0.019807
0.022498
0.087328
0.157866
0.176447
0.018026
0.021151
0.036944
0.023882
0.014087
0.036318
0.011689
0.023515
0.055750
0.029393
0.038376
0.036028
0.018939
0.077513
0.011714
0.008726
0.042875
0.016270
0.055608
0.208533
0.156129
0.159686
0.121670
0.201321
0.162434
0.204430
0.217160
0.162394
0.118414
0.115216
0.143118
0.230582
0.202372
0.146036
0.146985
0.189422
0.140503
0.137267
0.178811
0.321817
0.016191
0.019649
0.019608
0.013674
0.031571
0.037113
0.039631
0.031809
0.018793
0.010660
0.070588
0.042039
0.045942
0.009667
0.031251
0.027684
0.007499
0.089276
0.162891
0.018643
0.012476
0.010694
0.010366
0.032063
0.017697
0.046716
0.016237
0.022920
0.081158
0.059308
0.039199
0.014494
0.025059
0.019961
0.014400
0.107749
0.151875
0.031028
0.024990
0.033465
0.054677
0.031220
0.027481
0.011657
0.019530
0.093599
0.071805
0.047724
0.013822
0.043373
0.020391
0.017075
0.105757
0.139511
0.016411
0.013490
0.027077
0.032511
0.060755
0.032616
0.028391
0.076651
0.056042
0.043510
0.018738
0.027956
0.021651
0.021648
0.118587
0.171482
0.024412
0.018335
0.024271
0.048566
0.017676
0.031153
0.054637
0.034635
0.059699
0.011531
0.014083
0.029198
0.014165
0.076905
0.166755
0.041337
0.028711
0.062100
0.035958
0.031483
0.095462
0.077428
0.040948
0.029679
0.037608
0.024537
0.031029
0.135828
0.127864
0.027353
0.081196
0.041698
0.066036
0.036207
0.023930
0.100224
0.023422
0.005391
0.053957
0.038122
0.063649
0.211361
0.067781
0.020395
0.055064
0.073431
0.057880
0.072556
0.020192
0.018737
0.040589
0.033194
0.090336
0.178362
0.029648
0.022271
0.108336
0.067984
0.060065
0.036104
0.075801
0.046293
0.026145
0.097303
0.141067
0.026662
0.088547
0.058201
0.050402
0.010177
0.033248
0.024472
0.016688
0.090139
0.157194
0.104595
0.070892
0.024826
0.023304
0.058450
0.022600
0.012326
0.118424
0.147896
0.020946
0.160545
0.057763
0.032892
0.108308
0.071554
0.035435
0.265982
0.128914
0.036536
0.026609
0.081982
0.041073
0.030102
0.242365
0.056823
0.092906
0.028556
0.044751
0.179116
0.176837
0.018201
0.026296
0.009978
0.073124
0.174644
0.047300
0.032614
0.056734
0.200174
0.028342
0.119569
0.159191
0.086818
0.176502
0.292172
