0.631705
0.552930
0.507606
0.433392
0.664970
0.646705
0.582674
0.665078
0.410743
0.468415
0.502262
0.678814
0.539594
0.551612
0.619128
0.547449
0.553154
0.405842
0.615557
0.602119
0.459695
0.541037
0.592504
0.595389
0.686492
0.471605
0.512225
0.684652
0.971085
0.455817
0.833342
0.645697
0.856442
0.562208
0.414841
0.532434
0.475850
0.634029
0.480721
0.702004
0.517827
0.561445
0.519568
0.533150
0.391814
0.614357
0.590093
0.629856
0.689962
0.563348
0.600999
0.609840
0.719590
0.655063
0.624881
0.688274
0.604402
0.581084
0.641240
0.712603
0.616935
0.641442
0.753308
0.600979
0.681946
0.725748
0.469448
0.662250
0.582868
0.774031
0.660272
0.506968
0.653135
0.524792
0.676997
0.718042
0.995829
0.480311
0.790402
0.700105
0.735544
0.652086
0.632344
0.662166
0.623674
0.755467
0.618760
0.616357
0.560712
0.570675
0.611404
0.586560
0.597724
0.568284
0.609878
0.613121
0.701315
0.334770
0.521406
0.596597
0.579039
0.538383
0.643876
0.486375
0.326575
0.481701
0.602746
0.497628
0.487184
0.546811
0.511229
0.554939
0.548554
0.575766
0.566029
0.458365
0.518899
0.592894
0.414976
0.712566
0.488888
0.476877
0.580238
0.830018
0.418403
0.686983
0.487295
0.789700
0.480015
0.478592
0.471713
0.495838
0.692889
0.402825
0.490905
0.521126
0.457737
0.538164
0.493115
0.500630
0.554797
0.573959
0.514748
0.650980
0.367248
0.587837
0.563793
0.308572
0.523528
0.541548
0.269644
0.383209
0.560717
0.493952
0.305671
0.531026
0.465491
0.379440
0.601193
0.561271
0.539568
0.289268
0.557647
0.550365
0.474600
0.676600
0.428670
0.390154
0.535687
0.826062
0.333513
0.616862
0.473095
0.806699
0.472456
0.440866
0.394284
0.435817
0.653055
0.398226
0.512502
0.328353
0.330837
0.505981
0.455622
0.542505
0.561756
0.539619
0.531969
0.532052
0.682742
0.558532
0.502491
0.563447
0.603608
0.430706
0.528736
0.653409
0.538946
0.465473
0.628604
0.471559
0.511542
0.644541
0.585401
0.633867
0.428607
0.674358
0.559735
0.544630
0.744000
0.545445
0.500536
0.677137
0.890990
0.427488
0.750056
0.604688
0.880286
0.573263
0.424986
0.547159
0.450665
0.666554
0.514525
0.570914
0.402011
0.485931
0.588054
0.461558
0.623734
0.646079
0.610685
0.636635
0.584958
0.666651
0.675449
0.747767
0.632914
0.567491
0.676838
0.707036
0.641958
0.625751
0.739165
0.479396
0.681907
0.695743
0.681656
0.663415
0.541771
0.562362
0.714654
0.653017
0.668380
0.663192
0.638788
0.655171
0.899500
0.610108
0.778761
0.595190
0.767197
0.583035
0.581929
0.511907
0.638247
0.665884
0.572857
0.707215
0.697155
0.681941
0.691240
0.567176
0.651379
0.572005
0.542232
0.704993
0.736332
0.667266
0.520937
0.659030
0.530166
0.621679
0.615676
0.610029
0.564709
0.763170
0.499390
0.659057
0.727772
0.637405
0.688806
0.525933
0.662544
0.589105
0.630242
0.713729
0.688466
0.603283
0.634055
0.777836
0.574155
0.877206
0.537383
0.687293
0.666190
0.546870
0.507857
0.487734
0.716940
0.593902
0.630001
0.584801
0.652873
0.673085
0.501557
0.678240
0.684968
0.635222
0.626214
0.725156
0.685874
0.680282
0.459671
0.472879
0.637458
0.609111
0.422665
0.692473
0.555102
0.468770
0.640987
0.660832
0.546001
0.364007
0.689878
0.701401
0.565510
0.752749
0.609518
0.522017
0.643413
0.885520
0.516892
0.789990
0.601784
0.857832
0.602051
0.493154
0.537706
0.561310
0.734456
0.582497
0.637144
0.399532
0.495970
0.605502
0.583370
0.687203
0.668460
0.647286
0.617087
0.641710
0.642516
0.540894
0.593452
0.724087
0.689452
0.552698
0.697252
0.674796
0.733862
0.754162
0.689721
0.646716
0.660622
0.690312
0.543399
0.644730
0.784949
0.668809
0.628936
0.736791
0.739266
0.602159
0.821463
0.522573
0.788635
0.691213
0.564449
0.570653
0.526246
0.848854
0.649997
0.620974
0.620458
0.625625
0.753945
0.470532
0.659604
0.621980
0.694821
0.655058
0.658796
0.504480
0.522060
0.607334
0.571424
0.624810
0.521609
0.559493
0.622080
0.523130
0.601193
0.626402
0.539360
0.528100
0.616502
0.518477
0.667764
0.580240
0.563602
0.628981
1.008572
0.471715
0.707483
0.579581
0.829882
0.551745
0.470404
0.523453
0.518326
0.791469
0.519139
0.618153
0.613346
0.546247
0.638813
0.505225
0.498794
0.636459
0.673564
0.620314
0.697520
0.375387
0.560224
0.435836
0.374999
0.483340
0.473727
0.470035
0.576404
0.513031
0.452505
0.365035
0.493596
0.439027
0.379970
0.662537
0.448569
0.382143
0.456484
0.828320
0.283913
0.596175
0.410946
0.727107
0.409829
0.353782
0.369681
0.401464
0.646162
0.366177
0.409793
0.444626
0.328441
0.512837
0.421665
0.420450
0.519767
0.441272
0.524662
0.489467
0.568663
0.630946
0.473182
0.592485
0.618256
0.559145
0.553678
0.586722
0.437102
0.507567
0.671583
0.656214
0.426204
0.674370
0.548133
0.461158
0.706936
0.816597
0.411311
0.702912
0.587203
0.765988
0.591725
0.475826
0.498847
0.554708
0.752566
0.466060
0.448694
0.580099
0.370395
0.578154
0.634614
0.549993
0.605085
0.616106
0.638251
0.499791
0.620403
0.581442
0.712881
0.607930
0.529024
0.658056
0.769678
0.588543
0.458057
0.613858
0.687606
0.576015
0.709129
0.684278
0.564833
0.415174
0.806326
0.524739
0.711704
0.645311
0.718495
0.639710
0.531815
0.533811
0.560702
0.813792
0.616630
0.667071
0.605435
0.474396
0.684959
0.636990
0.729434
0.640640
0.659444
0.606448
0.621014
0.447023
0.655447
0.463798
0.587322
0.668371
0.598755
0.586595
0.399071
0.456107
0.540886
0.626683
0.640997
0.591969
0.519521
0.497865
0.865180
0.430223
0.725459
0.488538
0.734905
0.448482
0.573740
0.439397
0.443490
0.722890
0.548234
0.470848
0.521456
0.560408
0.589326
0.328905
0.595216
0.680009
0.548470
0.374375
0.685530
0.642031
0.488015
0.515920
0.623670
0.645455
0.471000
0.361627
0.616857
0.592681
0.546403
0.650336
0.479283
0.407250
0.582362
0.843254
0.497860
0.654487
0.441808
0.758089
0.538557
0.520969
0.505758
0.415873
0.674976
0.506370
0.495464
0.416133
0.403279
0.567610
0.424252
0.645889
0.616250
0.529456
0.536052
0.570332
0.710285
0.695736
0.720312
0.644056
0.647280
0.638670
0.563734
0.608066
0.591274
0.833935
0.621154
0.640725
0.683451
0.892962
0.550404
0.611218
0.652566
0.883260
0.557963
0.574092
0.578239
0.650388
0.849033
0.596373
0.583477
0.689840
0.563202
0.725943
0.584929
0.600536
0.687571
0.769542
0.700408
0.689487
0.543419
0.571538
0.599469
0.615930
0.422951
0.623005
0.549391
0.561014
0.611096
0.545712
0.576327
0.535743
0.830932
0.437078
0.802024
0.557171
0.759093
0.517479
0.479743
0.385938
0.392246
0.513138
0.481316
0.618534
0.515870
0.599063
0.518433
0.479809
0.604433
0.626889
0.494370
0.564719
0.679828
0.649747
0.680948
0.569977
0.267998
0.623578
0.698652
0.574986
0.701489
0.596902
0.480232
0.567852
0.890841
0.475839
0.789145
0.622573
0.840109
0.605410
0.502744
0.511305
0.478093
0.615429
0.361666
0.676663
0.425277
0.532199
0.348759
0.593738
0.631637
0.680533
0.618043
0.642101
0.708179
0.673968
0.534528
0.535943
0.663703
0.600840
0.638748
0.769093
0.418206
0.624182
0.664985
0.935788
0.542046
0.772541
0.717680
0.868673
0.610586
0.539335
0.630354
0.565903
0.666872
0.518034
0.756866
0.610255
0.682080
0.547973
0.713751
0.514677
0.486195
0.615089
0.680362
0.744855
0.743830
0.580866
0.759057
0.600074
0.654789
0.611449
0.459835
0.624370
0.659571
0.908178
0.456078
0.756393
0.660511
0.864285
0.648594
0.576539
0.646748
0.648687
0.801015
0.575105
0.628094
0.532686
0.556789
0.642882
0.598795
0.584033
0.613698
0.620972
0.579628
0.688313
0.443387
0.623436
0.573983
0.523871
0.799747
0.620162
0.539539
0.650845
0.755200
0.566927
0.718933
0.554147
0.809575
0.599174
0.543463
0.546281
0.559491
0.682652
0.649661
0.624072
0.556676
0.603803
0.658217
0.646579
0.659471
0.505277
0.596112
0.657234
0.633931
0.489371
0.525178
0.499998
0.636284
0.508868
0.395291
0.517930
0.881179
0.387825
0.697778
0.473583
0.786652
0.480590
0.430076
0.407447
0.345062
0.564336
0.397441
0.580275
0.228907
0.455378
0.412414
0.453610
0.558833
0.534231
0.499733
0.536384
0.608108
0.699616
0.672332
0.739031
0.673853
0.520378
0.539680
0.861802
0.567111
0.854139
0.522179
0.816378
0.509836
0.563788
0.423996
0.602534
0.760256
0.552439
0.616488
0.652711
0.589905
0.683643
0.501357
0.566513
0.607136
0.698617
0.563835
0.766052
0.613278
0.809073
0.593411
0.665641
0.661999
0.846852
0.532307
0.560929
0.559085
0.881025
0.579116
0.536522
0.565401
0.489732
0.707483
0.581348
0.575804
0.568588
0.641375
0.689109
0.529662
0.572131
0.654397
0.643420
0.674636
0.692372
0.727257
0.566682
0.550871
0.628846
0.897459
0.497189
0.702697
0.585757
0.722069
0.535367
0.415518
0.485491
0.541972
0.633386
0.506073
0.592303
0.563457
0.489612
0.576932
0.565474
0.489031
0.580560
0.590947
0.651720
0.564567
0.702861
0.744810
0.672175
0.855421
0.642561
0.849664
0.655514
0.677093
0.729743
0.665961
0.683913
0.700392
0.819570
0.598563
0.720238
0.732679
0.689352
0.683941
0.578615
0.746238
0.762518
0.595360
0.663865
0.829243
0.528411
0.633526
0.936713
0.384378
0.650937
0.669700
0.859144
0.600891
0.527802
0.618257
0.508980
0.667824
0.527255
0.629802
0.494734
0.572910
0.526488
0.600173
0.505935
0.436701
0.486103
0.611954
0.695888
0.567104
0.898333
0.483540
0.705060
0.531581
0.795404
0.529922
0.517534
0.514160
0.461894
0.699435
0.424316
0.501933
0.464295
0.413237
0.557219
0.494257
0.575135
0.630629
0.571792
0.597890
0.573463
0.903710
0.516072
0.792943
0.528814
0.723810
0.569785
0.554426
0.462997
0.574541
0.687901
0.564172
0.547477
0.644079
0.632285
0.678749
0.450153
0.635111
0.668546
0.564651
0.523079
0.742251
0.819582
0.915685
0.840374
0.878721
0.922221
0.887603
0.792031
0.864683
1.013845
0.884105
0.782484
0.821935
0.873506
0.929479
0.915559
0.959642
0.865673
0.936545
0.796516
0.886487
0.655354
0.505286
0.761435
0.497490
0.462864
0.476502
0.462631
0.760980
0.388759
0.500892
0.418115
0.419629
0.486249
0.479819
0.455454
0.504502
0.464157
0.446466
0.572324
0.746687
0.840441
0.680472
0.794979
0.800229
0.716956
0.833670
0.655768
0.614314
0.693682
0.669359
0.781182
0.744778
0.777638
0.729504
0.714635
0.805248
0.625205
0.743934
0.582185
0.573974
0.477726
0.477028
0.748494
0.543796
0.491751
0.579397
0.576553
0.679260
0.395311
0.533161
0.646855
0.581943
0.590472
0.695382
0.759632
0.800488
0.741097
0.805155
0.934671
0.788064
0.734490
0.850331
0.827421
0.851608
0.678374
0.825613
0.849370
0.745076
0.789438
0.868186
0.485981
0.493924
0.518801
0.660370
0.519974
0.555488
0.602717
0.521241
0.608057
0.422153
0.562084
0.692466
0.651991
0.573138
0.665680
0.381776
0.381209
0.693047
0.475239
0.637708
0.509905
0.522348
0.592915
0.486946
0.531881
0.539899
0.494962
0.660422
0.551018
0.414607
0.606130
0.439938
0.515873
0.524946
0.533990
0.571188
0.412330
0.487467
0.668199
0.603720
0.518467
0.682212
0.537116
0.483689
0.531360
0.482392
0.526530
0.481736
0.416986
0.529044
0.627805
0.529513
0.535947
0.642513
0.560444
0.793406
0.716199
0.813464
0.571511
0.673352
0.669561
0.701318
0.605592
0.782411
0.817719
0.501495
0.505208
0.476071
0.235472
0.519787
0.473832
0.562253
0.526400
0.546306
0.628489
0.602033
0.502546
0.671488
0.425785
0.620970
0.678373
0.642667
0.519447
0.670097
0.541971
0.526588
0.543701
0.625633
0.587621
0.591903
0.583994
0.660270
0.588729
0.524989
0.599122
0.581671
0.625583
0.576716
0.418802
0.628975
0.616159
0.661777
0.613654
0.566294
0.732466
0.538787
0.702225
0.556554
0.480428
0.734648
0.607253
0.618492
0.634145
0.726749
0.443019
0.666127
0.650464
0.651659
0.625336
0.744986
