0.637437
0.620969
0.518505
0.554177
0.599661
0.722447
0.591767
0.681877
0.541471
0.593021
0.478894
0.537539
0.418986
0.872146
0.546067
0.375678
0.725092
0.614303
0.642228
0.713949
0.574681
0.491271
0.408743
0.389485
0.699525
0.564012
0.562789
0.787425
0.747998
0.591275
0.671138
0.478967
0.480394
0.574622
0.655484
0.662946
0.702971
0.389532
0.592293
0.699120
0.591081
0.556987
0.553079
0.674529
0.573097
0.613227
0.587000
0.408041
0.471141
0.662917
0.626025
0.560330
0.554615
0.536592
0.617775
0.531048
0.599355
0.657464
0.573470
0.581763
0.579627
0.753902
0.611426
0.553107
0.605162
0.625506
0.411757
0.552531
0.451612
0.539456
0.612165
0.623661
0.605168
0.538266
0.494661
0.650883
0.526793
0.548132
0.405875
0.607285
0.428244
0.577052
0.721263
0.594915
0.694535
0.429735
0.589583
0.577882
0.574700
0.597615
0.594974
0.445385
0.614920
0.622093
0.561293
0.498300
0.706902
0.554395
0.519604
0.602600
0.615753
0.583574
0.722519
0.644767
0.697103
0.628624
0.690773
0.618417
0.877118
0.722686
0.561003
0.790124
0.754963
0.673130
0.610695
0.637048
0.642920
0.580642
0.623338
0.678344
0.623774
0.589304
0.745441
0.679915
0.683668
0.714054
0.671587
0.592968
0.599376
0.597740
0.567394
0.655046
0.642249
0.583757
0.600376
0.549221
0.549762
0.543854
0.726737
0.579604
0.615932
0.564184
0.632994
0.723391
0.448287
0.497181
0.563878
0.565867
0.688909
0.477205
0.535333
0.500993
0.533375
0.562577
0.834237
0.422302
0.460808
0.705660
0.678928
0.506187
0.610308
0.444253
0.418575
0.471386
0.517254
0.578809
0.515666
0.352150
0.582794
0.696139
0.492314
0.581556
0.497189
0.451748
0.430450
0.352693
0.502901
0.647912
0.484979
0.471774
0.569534
0.400882
0.517252
0.462716
0.587838
0.513722
0.524334
0.467086
0.499245
0.497186
0.395805
0.534472
0.513714
0.609215
0.504036
0.450863
0.469253
0.561677
0.398742
0.811464
0.562686
0.450869
0.758949
0.579247
0.533805
0.661559
0.532966
0.461800
0.332419
0.504539
0.446871
0.475373
0.374955
0.630442
0.563659
0.504165
0.514228
0.512005
0.514494
0.417872
0.560360
0.424642
0.541229
0.388982
0.201080
0.500409
0.252652
0.576798
0.274561
0.614274
0.348087
0.453133
0.434932
0.477015
0.566771
0.547097
0.465458
0.624054
0.587345
0.605724
0.548737
0.594490
0.434163
0.812313
0.571163
0.502043
0.687785
0.519621
0.596970
0.602506
0.521880
0.554664
0.544479
0.560601
0.509976
0.585355
0.467510
0.597073
0.668270
0.491528
0.590182
0.573393
0.451940
0.501878
0.548508
0.397054
0.503331
0.428874
0.439295
0.478715
0.435489
0.527913
0.519813
0.624953
0.516129
0.466830
0.511065
0.461886
0.606372
0.601566
0.677760
0.528548
0.494196
0.551045
0.663878
0.660325
0.653828
0.715338
0.631067
0.685900
0.732489
0.493308
0.478978
0.510202
0.638256
0.632445
0.656613
0.580769
0.506717
0.507727
0.626451
0.645746
0.583643
0.481455
0.602988
0.527924
0.495010
0.603102
0.543887
0.571640
0.555973
0.615631
0.530257
0.416864
0.628859
0.537568
0.606690
0.656301
0.520037
0.603536
0.646116
0.680527
0.727982
0.579628
0.618058
0.520762
0.574037
0.577318
0.892056
0.750148
0.521165
0.782067
0.579474
0.539288
0.693482
0.612858
0.609007
0.516075
0.648705
0.525845
0.609029
0.533052
0.606431
0.671797
0.611675
0.674576
0.550279
0.541692
0.597319
0.616669
0.498197
0.586678
0.493820
0.569001
0.573556
0.498820
0.541956
0.541469
0.650171
0.602993
0.592106
0.629687
0.551358
0.626985
0.718376
0.712066
0.715404
0.687190
0.659622
0.922406
0.705387
0.601868
0.690450
0.735995
0.690029
0.618061
0.525508
0.668290
0.691188
0.611412
0.672602
0.655613
0.575338
0.667970
0.648855
0.507378
0.681289
0.536800
0.502611
0.639786
0.703951
0.671152
0.767593
0.636736
0.690261
0.530338
0.656089
0.569853
0.682383
0.597414
0.676316
0.754939
0.576832
0.642784
0.678761
0.513678
0.452769
0.564939
0.527814
0.765996
0.552711
0.486400
0.666512
0.695864
0.511816
0.632726
0.476046
0.465093
0.479157
0.499447
0.634564
0.573334
0.466941
0.729402
0.723169
0.581462
0.575233
0.574425
0.512253
0.556005
0.639824
0.555223
0.586806
0.558481
0.573734
0.587648
0.504873
0.644821
0.455598
0.610566
0.523756
0.538442
0.604481
0.589559
0.473448
0.468008
0.661969
0.625766
0.814954
0.675102
0.593682
0.763873
0.693611
0.601779
0.691622
0.573151
0.573793
0.531219
0.589178
0.623194
0.625576
0.526525
0.670346
0.642858
0.617573
0.611769
0.539576
0.568164
0.426574
0.701358
0.550335
0.762728
0.562479
0.560219
0.625518
0.373863
0.666174
0.488678
0.639012
0.640627
0.680268
0.644248
0.694921
0.566603
0.564631
0.494940
0.874881
0.571533
0.529914
0.747089
0.565405
0.512755
0.693247
0.520886
0.541699
0.416031
0.573797
0.569330
0.480027
0.503242
0.724154
0.690055
0.642514
0.547818
0.592167
0.542856
0.443903
0.687807
0.557509
0.551140
0.515089
0.502883
0.591125
0.477887
0.623598
0.497071
0.592557
0.523167
0.478996
0.606434
0.555343
0.611276
0.622171
0.853208
0.602576
0.544273
0.714334
0.665507
0.535055
0.753302
0.552744
0.517824
0.486672
0.536511
0.629240
0.574468
0.516332
0.628225
0.724664
0.527207
0.602913
0.637399
0.568222
0.603045
0.569795
0.610434
0.639220
0.453935
0.548397
0.632368
0.580839
0.709737
0.577490
0.605447
0.555366
0.575781
0.598080
0.531637
0.562418
0.871509
0.590172
0.360037
0.781216
0.543022
0.614186
0.725453
0.609139
0.554662
0.437590
0.493735
0.685033
0.622215
0.518450
0.750572
0.740750
0.569840
0.611674
0.566175
0.551349
0.559899
0.684582
0.552649
0.573536
0.491229
0.426519
0.606265
0.485898
0.608637
0.572225
0.723811
0.458271
0.493822
0.539183
0.478514
0.585949
0.892954
0.868593
0.823640
0.909372
0.811237
0.629184
0.732685
0.850218
0.832403
0.906077
0.828233
0.721098
0.692849
0.833407
0.895636
0.856070
0.651110
0.814848
0.827640
0.861364
0.829945
0.805947
0.941578
0.860769
0.871607
0.727337
0.789852
0.936016
0.734758
0.727475
0.882842
0.891119
0.832207
0.888180
0.875289
0.513617
0.678306
0.686881
0.621493
0.686149
0.599495
0.496293
0.560916
0.456123
0.696167
0.571139
0.471327
0.798717
0.698054
0.569485
0.571935
0.589349
0.472610
0.616336
0.641609
0.619189
0.651816
0.597132
0.585011
0.732949
0.617847
0.657453
0.560397
0.628528
0.576104
0.487144
0.515096
0.631059
0.527837
0.772430
0.572914
0.513279
0.571355
0.529921
0.494508
0.461473
0.390475
0.640264
0.604340
0.446792
0.655264
0.653498
0.529502
0.648511
0.484497
0.338804
0.578983
0.566762
0.505498
0.643151
0.455686
0.523171
0.490311
0.484490
0.459407
0.563157
0.561755
0.526439
0.588444
0.453793
0.456482
0.464108
0.704463
0.595077
0.589255
0.547385
0.623995
0.755834
0.683263
0.723026
0.663999
0.672004
0.720177
0.677765
0.661189
0.632189
0.664860
0.646833
0.722296
0.816459
0.761734
0.807734
0.720573
0.735900
0.715759
0.698663
0.715420
0.686302
0.565589
0.665361
0.689789
0.642161
0.661332
0.751967
0.661448
0.732717
0.697910
0.639552
0.624022
0.605686
0.470921
0.745429
0.631726
0.790490
0.744654
0.657942
0.743360
0.606654
0.620857
0.633271
0.743197
0.589182
0.699807
0.595978
0.647003
0.672224
0.610348
0.575292
0.688674
0.691935
0.738548
0.660860
0.697139
0.626425
0.643283
0.616758
0.492682
0.440464
0.560676
0.592251
0.659671
0.550547
0.411055
0.639121
0.631927
0.608988
0.458583
0.572704
0.426271
0.508617
0.709821
0.594366
0.618777
0.457094
0.533846
0.585620
0.443388
0.572628
0.524467
0.436823
0.558224
0.553608
0.548462
0.521454
0.646658
0.543530
0.625708
0.782473
0.669537
0.671524
0.651931
0.570964
0.667593
0.635867
0.611628
0.577497
0.617896
0.477898
0.616624
0.599762
0.581407
0.806389
0.659757
0.754766
0.488990
0.646823
0.569824
0.672957
0.515011
0.742149
0.714437
0.409146
0.595359
0.684603
0.522613
0.508175
0.598459
0.595255
0.504767
0.412763
0.664225
0.603680
0.448169
0.513001
0.574524
0.420103
0.514037
0.611400
0.625309
0.682859
0.488610
0.545670
0.530295
0.490444
0.592286
0.547487
0.501464
0.552632
0.632156
0.533476
0.492461
0.604719
0.427860
0.493272
0.626412
0.475135
0.437911
0.686082
0.673231
0.599965
0.460302
0.543779
0.402116
0.549540
0.583286
0.603787
0.581867
0.504520
0.518825
0.642290
0.540055
0.615354
0.494853
0.522934
0.480743
0.427739
0.563474
0.565872
0.506926
0.470947
0.519991
0.465014
0.459015
0.792367
0.695496
0.585603
0.590426
0.514897
0.554167
0.497739
0.594027
0.596053
0.566505
0.489352
0.374414
0.639653
0.433653
0.608621
0.323932
0.681672
0.372586
0.523695
0.579851
0.528623
0.499816
0.666781
0.634763
0.458824
0.682701
0.714122
0.520915
0.607824
0.425588
0.406899
0.566147
0.596861
0.643013
0.720362
0.488463
0.547062
0.626533
0.573205
0.537295
0.549129
0.639905
0.565488
0.618463
0.536770
0.500839
0.417446
0.549373
0.561898
0.688166
0.698280
0.627851
0.577264
0.568642
0.643569
0.556978
0.652638
0.447017
0.697098
0.538782
0.546109
0.606818
0.479219
0.488836
0.496066
0.671149
0.588720
0.654423
0.614502
0.634972
0.672166
0.508667
0.681796
0.672676
0.616956
0.463863
0.624411
0.561563
0.547995
0.630095
0.594596
0.606830
0.536521
0.511066
0.626943
0.536058
0.631741
0.463678
0.582544
0.562483
0.479888
0.617661
0.605469
0.695634
0.606472
0.662349
0.457392
0.456337
0.356244
0.404700
0.426208
0.567695
0.513228
0.675749
0.395310
0.426159
0.502836
0.374450
0.474474
0.453121
0.529859
0.446167
0.559015
0.394327
0.493712
0.514664
0.774084
0.545144
0.620894
0.648305
0.611440
0.672427
0.524044
0.604035
0.824923
0.609818
0.618862
0.553088
0.630440
0.658764
0.675044
0.642308
0.714505
0.757246
0.641544
0.701396
0.717000
0.672345
0.653673
0.709200
0.593024
0.622696
0.791578
0.679270
0.746892
0.679704
0.612227
0.660137
0.581262
0.710515
0.597437
0.685644
0.706742
0.672021
0.637176
0.687350
0.719410
0.576391
0.577801
0.438671
0.552823
0.547088
0.551118
0.656938
0.494538
0.528302
0.466301
0.550100
0.594700
0.560356
0.624060
0.617313
0.594681
0.499558
0.453647
0.529887
0.624490
0.515450
0.567053
0.708953
0.565246
0.695196
0.528381
0.534600
0.645007
0.540290
0.678878
0.514817
0.498502
0.572176
0.549944
0.551200
0.623901
0.674543
0.520947
0.541064
0.596278
0.593681
0.807419
0.481736
0.598575
0.611026
0.551553
0.353651
0.616411
0.577232
0.632301
0.715165
0.572679
0.552804
0.514894
0.543268
0.572622
0.514530
0.584082
0.422892
0.579028
0.474036
0.536606
0.480290
0.549433
0.445323
0.599993
0.528841
0.441912
0.446931
0.465237
0.641130
0.509327
0.714196
0.393964
0.483601
0.542529
0.303001
0.535994
0.469572
0.550497
0.556361
0.613084
0.515635
0.498935
0.583977
0.566650
0.652111
0.597755
0.596117
0.469481
0.601334
0.662646
0.616125
0.659585
0.640135
0.632936
0.572251
0.564819
0.574585
0.598583
0.518630
0.490653
0.478327
0.459979
0.574057
0.468899
0.609133
0.581294
0.514093
0.505673
0.557032
0.579870
0.652728
0.567722
0.604090
0.591134
0.781565
0.547308
0.809802
0.616962
0.187859
0.665753
0.661223
0.751218
0.411485
0.510374
0.392878
0.517953
0.500065
0.579214
0.509267
0.595563
0.450514
0.192865
0.545875
0.534942
0.341605
0.607887
0.305431
0.709326
0.315025
0.473179
0.490326
0.464004
0.616266
0.521901
0.583567
0.568995
0.604391
0.610383
0.618089
0.456126
0.476478
0.660747
0.564547
0.324433
0.593609
0.448613
0.516894
0.498710
0.531514
0.561821
0.656649
0.637852
0.699543
0.720807
0.597240
0.536979
0.657025
0.652126
0.414241
0.462362
0.543362
0.567315
0.549789
0.648553
0.727095
0.616018
0.601983
0.670468
0.516842
0.522582
0.577715
0.634063
0.579996
0.618571
0.677583
0.421306
0.573935
0.584677
