0.798812
0.553530
0.536529
0.745431
0.551574
0.636469
0.468411
0.549127
0.694266
0.556040
0.475540
0.517673
0.645217
0.459345
0.468951
0.482914
0.650857
0.574152
0.561445
0.604183
0.502883
0.514183
0.717197
0.504348
0.645300
0.488916
0.736459
0.616088
0.575506
0.624021
0.498345
0.537700
0.511966
0.603425
0.433278
0.561915
0.665319
0.600453
0.530095
0.753238
0.670195
0.523990
0.597560
0.648099
0.632593
0.543217
0.554506
0.612819
0.694068
0.690806
0.578778
0.850104
0.563582
0.696671
0.754688
0.622362
0.484654
0.740929
0.811787
0.758433
0.480588
0.695196
0.613842
0.636276
0.660774
0.860100
0.757258
0.774258
0.705371
0.811911
0.593627
0.799901
0.827417
0.699803
0.778165
0.666042
0.694447
0.785029
0.842566
0.654799
0.735803
0.701708
0.706435
0.694311
0.688307
0.603985
0.815604
0.593299
0.818724
0.859213
0.804843
0.619774
0.806829
0.557282
0.666852
0.742524
0.747696
0.511622
0.625825
0.544141
0.581454
0.532955
0.581882
0.577422
0.477867
0.582729
0.524149
0.511702
0.509537
0.457070
0.532794
0.507338
0.630239
0.611652
0.607966
0.505011
0.590586
0.649131
0.580650
0.716951
0.475067
0.596669
0.527324
0.570648
0.607191
0.611907
0.527978
0.458345
0.656371
0.412147
0.584176
0.694047
0.458253
0.616034
0.582869
0.676187
0.599479
0.613515
0.542650
0.585520
0.602625
0.504844
0.530160
0.633057
0.615286
0.488402
0.594176
0.508512
0.579404
0.662885
0.522318
0.538707
0.620568
0.522637
0.490403
0.413986
0.435964
0.530343
0.585682
0.573174
0.615186
0.517630
0.577642
0.616721
0.548029
0.536677
0.388420
0.546334
0.513175
0.485120
0.615598
0.694371
0.520142
0.553995
0.549724
0.427461
0.467148
0.608045
0.460232
0.561482
0.440828
0.575550
0.533037
0.548634
0.578076
0.609552
0.393803
0.487128
0.600424
0.716565
0.592685
0.730055
0.863287
0.663487
0.704428
0.771721
0.793014
0.758765
0.676046
0.677268
0.528313
0.658123
0.714885
0.683262
0.760174
0.763674
0.593123
0.674322
0.793056
0.711287
0.576132
0.648515
0.538943
0.726860
0.546414
0.606315
0.807203
0.779157
0.648823
0.760971
0.581532
0.556416
0.826989
0.542275
0.751652
0.660934
0.701315
0.737761
0.658849
0.594754
0.568909
0.724075
0.630173
0.644110
0.881201
0.497527
0.711956
0.483324
0.462461
0.532342
0.682195
0.529668
0.483382
0.539034
0.297657
0.544711
0.722559
0.624649
0.528845
0.557855
0.427767
0.550050
0.466969
0.485443
0.485444
0.440960
0.612818
0.571990
0.482383
0.607707
0.727161
0.577475
0.401394
0.490042
0.484839
0.571735
0.691545
0.449547
0.476987
0.450997
0.449316
0.526028
0.503100
0.433121
0.418795
0.506879
0.538929
0.615419
0.720858
0.567608
0.473894
0.599507
0.522208
0.587949
0.501694
0.629194
0.487590
0.471101
0.572810
0.596507
0.704055
0.706462
0.430705
0.488652
0.607745
0.635962
0.589849
0.557147
0.425716
0.667661
0.550943
0.611928
0.650138
0.536729
0.565270
0.532227
0.426721
0.461770
0.590707
0.706716
0.557275
0.472991
0.506874
0.515743
0.582161
0.623782
0.559328
0.546666
0.587323
0.568285
0.629707
0.534712
0.603377
0.806204
0.591961
0.434902
0.517059
0.694986
0.419893
0.631692
0.450929
0.421884
0.610844
0.653336
0.641716
0.653823
0.624630
0.789891
0.663058
0.771321
0.558966
0.768108
0.479587
0.703255
0.710141
0.466667
0.515804
0.610293
0.674045
0.551965
0.605927
0.583816
0.641798
0.611550
0.772418
0.763221
0.588247
0.679628
0.678317
0.729746
0.562600
0.622709
0.635487
0.577964
0.610492
0.615111
0.626579
0.545243
0.601655
0.555563
0.446028
0.499280
0.578085
0.673770
0.682990
0.588976
0.573836
0.649265
0.661938
0.580214
0.594832
0.469782
0.695077
0.582523
0.544166
0.698363
0.692112
0.495240
0.430086
0.383732
0.447648
0.511496
0.670610
0.582486
0.522618
0.666712
0.667233
0.686432
0.479437
0.616613
0.475181
0.514678
0.493024
0.603061
0.665552
0.586573
0.793533
0.704092
0.262678
0.676381
0.521014
0.717918
0.754848
0.636535
0.629504
0.641505
0.444517
0.617216
0.548785
0.650640
0.695927
0.595720
0.682747
0.624666
0.566596
0.687794
0.727115
0.640621
0.542404
0.649156
0.649016
0.770070
0.831112
0.573437
0.758622
0.498314
0.663124
0.763212
0.715865
0.425738
0.588555
0.706649
0.644813
0.642813
0.667586
0.588335
0.522678
0.565974
0.570846
0.499763
0.601485
0.622920
0.545061
0.648900
0.526362
0.529704
0.552782
0.616785
0.532371
0.648656
0.479907
0.639861
0.529642
0.655745
0.712913
0.639573
0.547773
0.466445
0.583517
0.514403
0.640816
0.655291
0.568960
0.561721
0.572514
0.632152
0.626835
0.627785
0.598218
0.524575
0.576925
0.574881
0.577481
0.682595
0.459067
0.670791
0.455356
0.524365
0.509000
0.560336
0.724678
0.693075
0.609751
0.634154
0.760949
0.782590
0.591177
0.712898
0.546091
0.770859
0.601150
0.722236
0.745580
0.485969
0.614025
0.619488
0.660038
0.520438
0.612008
0.652913
0.629769
0.537188
0.756873
0.715518
0.548041
0.643279
0.677314
0.690049
0.617083
0.620292
0.619818
0.680784
0.658554
0.431519
0.525775
0.591322
0.656382
0.632726
0.560211
0.544110
0.566747
0.583617
0.684189
0.522938
0.714184
0.544027
0.797379
0.586662
0.660939
0.724595
0.577269
0.519184
0.545331
0.542654
0.477395
0.589626
0.626441
0.626584
0.497308
0.721288
0.700384
0.483168
0.659670
0.643874
0.587500
0.636745
0.560925
0.642619
0.532449
0.631376
0.497896
0.586379
0.603071
0.678906
0.486635
0.637909
0.501100
0.627046
0.575117
0.612736
0.653753
0.501399
0.606089
0.659184
0.521547
0.619413
0.704912
0.646405
0.554987
0.585591
0.514573
0.657780
0.698375
0.510700
0.734977
0.509573
0.728521
0.697337
0.690636
0.535857
0.583190
0.602644
0.547286
0.608187
0.739463
0.500407
0.440118
0.562622
0.603569
0.498666
0.597495
0.556918
0.584106
0.749281
0.555125
0.635628
0.541016
0.713608
0.583571
0.608060
0.684394
0.510770
0.570873
0.596010
0.548509
0.487811
0.563697
0.554361
0.566765
0.408767
0.672439
0.665559
0.372405
0.638355
0.593525
0.622059
0.553376
0.598677
0.536975
0.630204
0.414397
0.581516
0.606928
0.591209
0.522747
0.293930
0.531547
0.558789
0.476068
0.493769
0.369420
0.498921
0.512071
0.494921
0.472731
0.588199
0.543206
0.408627
0.495573
0.383874
0.500273
0.671170
0.360042
0.445540
0.477456
0.468747
0.555719
0.429759
0.453167
0.409885
0.470080
0.420860
0.514157
0.724676
0.375999
0.703661
0.644854
0.586934
0.493577
0.629161
0.690358
0.600504
0.626158
0.448245
0.619261
0.492098
0.571007
0.623936
0.608115
0.501258
0.527008
0.514265
0.482843
0.470429
0.620598
0.491260
0.551402
0.667491
0.685658
0.621645
0.553858
0.575113
0.655952
0.457009
0.517410
0.568394
0.627017
0.728248
0.723986
0.660553
0.688037
0.723787
0.799024
0.694433
0.787845
0.559212
0.654155
0.518244
0.697596
0.731773
0.687117
0.562038
0.636304
0.636065
0.516107
0.610825
0.656777
0.577906
0.719316
0.733534
0.791202
0.721504
0.608754
0.679473
0.775175
0.528952
0.566242
0.624860
0.678149
0.652428
0.665732
0.620115
0.380312
0.800815
0.632383
0.710972
0.627001
0.567827
0.662943
0.690944
0.680343
0.683838
0.647245
0.616864
0.697135
0.585765
0.679362
0.768421
0.726298
0.662639
0.733599
0.768435
0.596145
0.639615
0.615761
0.652159
0.676083
0.637465
0.608204
0.779123
0.632251
0.650722
0.606977
0.692410
0.533897
0.657282
0.550137
0.770426
0.674150
0.658620
0.772405
0.762446
0.528936
0.572049
0.627868
0.543188
0.588832
0.678289
0.657745
0.547985
0.766380
0.693931
0.443393
0.727928
0.685516
0.652393
0.639253
0.650582
0.640106
0.700529
0.544799
0.626760
0.697241
0.559322
0.554028
0.391387
0.740881
0.533365
0.617743
0.750540
0.588052
0.479075
0.509948
0.538234
0.489894
0.595080
0.786724
0.635069
0.517999
0.668740
0.537480
0.609079
0.610269
0.605428
0.559719
0.720648
0.615987
0.696767
0.536664
0.455722
0.507969
0.507627
0.588175
0.398772
0.612428
0.581350
0.498889
0.477270
0.610776
0.564019
0.488018
0.547653
0.469890
0.602146
0.736359
0.426059
0.596460
0.495231
0.568120
0.618890
0.629093
0.457581
0.516900
0.625143
0.480316
0.598284
0.672171
0.721422
0.563237
0.654063
0.552823
0.564136
0.651988
0.620650
0.689880
0.610300
0.548483
0.619552
0.683513
0.479582
0.531701
0.741527
0.606739
0.555048
0.675342
0.683369
0.558039
0.654571
0.596208
0.580390
0.641866
0.587391
0.648828
0.670598
0.667669
0.686356
0.556917
0.794917
0.635794
0.581151
0.693045
0.808207
0.609287
0.569784
0.549633
0.608760
0.697956
0.783841
0.552289
0.663274
0.543867
0.668716
0.805328
0.714008
0.562161
0.596044
0.675185
0.672777
0.782873
0.571130
0.537559
0.429092
0.702210
0.633411
0.511344
0.676610
0.692943
0.483002
0.484085
0.582304
0.488448
0.550355
0.716757
0.578190
0.551093
0.659937
0.569882
0.456188
0.583230
0.652343
0.453128
0.607309
0.533358
0.587217
0.658529
0.389821
0.735201
0.697274
0.456819
0.710749
0.741184
0.593488
0.531908
0.540181
0.562406
0.552420
0.741636
0.634441
0.473192
0.635935
0.417419
0.548651
0.463480
0.670287
0.493348
0.559910
0.641677
0.733319
0.786192
0.644512
0.540213
0.409222
0.531300
0.632548
0.422972
0.461092
0.368285
0.386056
0.463925
0.631346
0.483094
0.439588
0.540672
0.474054
0.535222
0.472779
0.535592
0.441202
0.503156
0.480621
0.645482
0.655335
0.626877
0.625146
0.582843
0.783190
0.718203
0.649093
0.717866
0.566008
0.616560
0.815916
0.578012
0.775607
0.533418
0.749539
0.756175
0.655244
0.574543
0.632521
0.629645
0.543378
0.598644
0.840220
0.682118
0.701512
0.740737
0.392648
0.418483
0.632436
0.571787
0.617160
0.758032
0.623744
0.615662
0.577742
0.626580
0.607869
0.573851
0.585650
0.664408
0.534529
0.656899
0.617706
0.527015
0.579599
0.678541
0.627832
0.592974
0.580584
0.402207
0.479811
0.730103
0.538237
0.674576
0.586864
0.638285
0.619264
0.603258
0.594363
0.596304
0.550563
0.505997
0.646523
0.744686
0.704394
0.687388
0.687155
0.651126
0.558692
0.659889
0.752734
0.480997
0.762203
0.598483
0.718469
0.749808
0.648839
0.543981
0.670624
0.674707
0.497647
0.744247
0.818462
0.658500
0.721907
0.739395
0.555368
0.686001
0.741152
0.672219
0.656630
0.787247
0.755626
0.665792
0.840969
0.668139
0.741057
0.768942
0.620753
0.625884
0.629632
0.484388
0.555376
0.475372
0.495394
0.690115
0.623586
0.538280
0.708723
0.628625
0.558792
0.594255
0.621342
0.581478
0.617077
0.558300
0.643503
0.418017
0.523092
0.502924
0.575629
0.772427
0.527440
0.503545
0.645067
0.495532
0.575642
0.450103
0.583120
0.456336
0.523600
0.554001
0.558499
0.685337
0.544860
0.637029
0.664557
0.605774
0.408089
0.597316
0.570748
0.668467
0.523667
0.667418
0.462855
0.503232
0.551150
0.743006
0.676755
0.399680
0.615160
0.430866
0.479608
0.594359
0.600044
0.489965
0.547850
0.596315
0.550266
0.545011
0.418645
0.545191
0.671448
0.612206
0.517614
0.596116
0.728698
0.685961
0.633254
0.623107
0.657300
0.630710
0.512327
0.511543
0.603738
0.672197
0.672086
0.674634
0.795443
0.782788
0.690570
0.759150
0.790193
0.757708
0.583039
0.629416
0.748823
0.762384
0.634980
0.496923
0.654500
0.655774
0.623536
0.494744
0.542975
0.542710
0.452225
0.554754
0.712412
0.669877
0.503456
0.440006
0.494347
0.647104
0.469980
0.549438
0.674049
0.747681
0.712197
0.535853
0.722210
0.670131
0.423707
0.580970
0.581650
0.668273
0.733312
0.768692
0.606369
0.465653
0.613200
0.533491
0.564146
0.685884
0.809884
0.837021
0.608249
0.654089
0.676813
0.657484
0.633914
0.620690
0.699615
0.627775
0.470163
0.428743
0.551455
0.754177
0.869197
0.605505
0.621673
0.624862
0.596281
0.678724
0.627796
0.593629
0.692025
0.730221
0.602803
0.649502
0.819584
0.625522
0.646684
0.680022
