0.023273
0.051252
0.017671
0.027911
0.017845
0.042742
0.020077
0.020782
0.084832
0.014213
0.016383
0.019354
0.019566
0.015755
0.014874
0.015643
0.032901
0.024814
0.024252
0.012753
0.037276
0.028016
0.018017
0.016290
0.017861
0.018982
0.026621
0.024833
0.022805
0.032788
0.027555
0.014748
0.022252
0.026323
0.010853
0.021672
0.019830
0.051099
0.020370
0.045107
0.017996
0.028840
0.027104
0.014898
0.020263
0.015712
0.016368
0.027127
0.025871
0.022056
0.028662
0.015963
0.021358
0.028231
0.023164
0.015662
0.110395
0.038190
0.033142
0.041594
0.019572
0.026235
0.016206
0.012754
0.015373
0.045340
0.023216
0.027761
0.057245
0.011004
0.036723
0.015418
0.017144
0.016813
0.037843
0.018993
0.033139
0.020534
0.040749
0.023358
0.014718
0.013131
0.017004
0.015059
0.039529
0.084344
0.036298
0.053687
0.031045
0.019023
0.039246
0.015907
0.024064
0.023001
0.009987
0.018213
0.023804
0.045206
0.013886
0.038055
0.016759
0.047152
0.035880
0.137477
0.072603
0.053863
0.058375
0.028472
0.038715
0.021319
0.027995
0.015187
0.047348
0.047759
0.065132
0.063094
0.010099
0.077297
0.027939
0.018671
0.043918
0.071869
0.037284
0.065825
0.040553
0.043216
0.055581
0.019531
0.038825
0.048761
0.022169
0.050729
0.083699
0.057562
0.114861
0.053293
0.033029
0.058375
0.036842
0.036325
0.056025
0.016329
0.046883
0.042322
0.025616
0.020970
0.052803
0.008141
0.015461
0.092379
0.014021
0.021577
0.007328
0.010312
0.005841
0.009987
0.009082
0.038702
0.015867
0.021641
0.016863
0.020119
0.021126
0.017916
0.010481
0.015661
0.019374
0.041522
0.029862
0.010629
0.030672
0.021943
0.013302
0.015164
0.023254
0.011418
0.014247
0.007354
0.058561
0.006687
0.049306
0.014032
0.024958
0.016340
0.009684
0.011377
0.013193
0.016133
0.019421
0.010076
0.015228
0.023087
0.022942
0.011866
0.135173
0.039329
0.040617
0.029327
0.010981
0.022515
0.011233
0.012988
0.015778
0.025916
0.016592
0.037028
0.030020
0.004883
0.040549
0.010592
0.009470
0.020051
0.059800
0.011148
0.035174
0.014257
0.016678
0.031061
0.017873
0.020429
0.026782
0.009038
0.033436
0.074164
0.026665
0.076853
0.021901
0.010640
0.024954
0.020737
0.012394
0.026793
0.008355
0.022000
0.022117
0.046626
0.012283
0.009838
0.128557
0.015897
0.027036
0.022308
0.009314
0.016284
0.010607
0.012435
0.028675
0.027860
0.013009
0.017550
0.028381
0.014635
0.017505
0.011525
0.012805
0.009521
0.038258
0.012536
0.016244
0.020649
0.013173
0.012336
0.017741
0.011062
0.012434
0.008531
0.022701
0.061185
0.016994
0.043160
0.009396
0.008886
0.022919
0.012084
0.007155
0.009672
0.017116
0.014710
0.015262
0.063001
0.050268
0.097309
0.071933
0.039942
0.056321
0.038694
0.041962
0.027918
0.035592
0.011380
0.044991
0.059269
0.067223
0.073018
0.024628
0.079242
0.040173
0.021712
0.055365
0.057952
0.047193
0.079542
0.047114
0.048466
0.062390
0.028842
0.055024
0.054444
0.035749
0.055019
0.060201
0.067329
0.126337
0.061328
0.049055
0.068633
0.048890
0.049329
0.064759
0.017113
0.060830
0.057566
0.006531
0.120800
0.012065
0.029548
0.015313
0.008683
0.012267
0.012369
0.011226
0.041422
0.028344
0.011967
0.012910
0.025913
0.018842
0.011589
0.008750
0.019179
0.007075
0.042864
0.017213
0.004338
0.020667
0.022531
0.005610
0.017228
0.009893
0.006201
0.010022
0.015983
0.077171
0.006161
0.028779
0.010288
0.011834
0.013165
0.005687
0.006507
0.004321
0.020936
0.007938
0.004370
0.136552
0.020762
0.036182
0.021323
0.007637
0.018760
0.012189
0.008536
0.031750
0.029695
0.006121
0.019464
0.025734
0.011808
0.017909
0.006886
0.015779
0.006566
0.050907
0.005879
0.011762
0.008543
0.017998
0.012893
0.019583
0.008205
0.011498
0.008667
0.027939
0.085484
0.012282
0.037446
0.009364
0.005142
0.010438
0.010476
0.003793
0.006991
0.014986
0.005965
0.008199
0.099848
0.058289
0.090930
0.112988
0.087859
0.094417
0.102580
0.098825
0.093431
0.141087
0.098025
0.148513
0.124888
0.114633
0.114960
0.096719
0.126565
0.062336
0.150822
0.119805
0.144404
0.134356
0.104284
0.088076
0.133343
0.097746
0.115366
0.080806
0.062472
0.118242
0.151939
0.125228
0.151510
0.137184
0.104373
0.130573
0.115226
0.097669
0.133393
0.119714
0.023268
0.013473
0.019412
0.012887
0.022227
0.018918
0.054877
0.030220
0.021472
0.009802
0.030481
0.036996
0.006339
0.021900
0.028913
0.014773
0.033908
0.027644
0.008688
0.034358
0.026382
0.008380
0.031349
0.021349
0.009087
0.023562
0.015317
0.059856
0.011288
0.026747
0.012758
0.026878
0.021199
0.014383
0.016674
0.008037
0.030314
0.018561
0.019193
0.019629
0.022972
0.019993
0.018025
0.021758
0.026598
0.022769
0.040214
0.020008
0.046681
0.035412
0.027784
0.025730
0.016407
0.031351
0.012773
0.047887
0.033070
0.046895
0.035540
0.023826
0.017110
0.038682
0.020712
0.025721
0.019613
0.035507
0.029227
0.064341
0.028525
0.040755
0.046626
0.023589
0.031337
0.026666
0.021123
0.039401
0.033575
0.012859
0.011850
0.015808
0.016590
0.042371
0.010770
0.022497
0.019320
0.015299
0.029832
0.016728
0.016844
0.017330
0.023664
0.042115
0.032061
0.016181
0.030018
0.017807
0.020104
0.023546
0.033446
0.019500
0.018323
0.010290
0.051552
0.007624
0.058044
0.013227
0.026918
0.017987
0.020970
0.013802
0.016897
0.022320
0.025822
0.018327
0.011102
0.005387
0.007477
0.023194
0.015042
0.011967
0.019359
0.018547
0.008711
0.021331
0.004186
0.007214
0.012189
0.039611
0.016290
0.014712
0.017720
0.012393
0.013796
0.010040
0.015339
0.013535
0.004547
0.013009
0.057707
0.009894
0.053947
0.011229
0.010018
0.017494
0.010127
0.004653
0.011851
0.011552
0.014813
0.011532
0.007612
0.009089
0.033256
0.019700
0.025382
0.020580
0.026296
0.018064
0.020351
0.013216
0.013385
0.020029
0.036596
0.027681
0.015122
0.033205
0.021423
0.012102
0.013677
0.020602
0.011072
0.014423
0.006721
0.047075
0.013096
0.053284
0.017809
0.025755
0.023709
0.009613
0.013238
0.015010
0.012950
0.021515
0.013323
0.007495
0.017315
0.017284
0.020875
0.021178
0.029068
0.007542
0.026549
0.007682
0.003443
0.015473
0.034732
0.019385
0.020301
0.024666
0.015597
0.014519
0.004603
0.017357
0.012347
0.004904
0.011576
0.046286
0.016432
0.059695
0.015291
0.016010
0.023099
0.009217
0.008279
0.015081
0.007394
0.019745
0.011510
0.021377
0.019956
0.012547
0.016986
0.025260
0.009036
0.018781
0.006287
0.008439
0.012387
0.034643
0.016997
0.014949
0.016999
0.021142
0.014345
0.009846
0.011245
0.010977
0.008280
0.017612
0.064034
0.014198
0.048870
0.013095
0.014424
0.019790
0.008819
0.008630
0.011369
0.005921
0.012001
0.012998
0.034647
0.036540
0.041895
0.058736
0.013516
0.054773
0.023830
0.010204
0.034874
0.035839
0.035140
0.055177
0.030226
0.038239
0.042548
0.013361
0.033922
0.035123
0.018421
0.043642
0.063599
0.048342
0.093441
0.040833
0.028913
0.055170
0.031916
0.033810
0.042436
0.010459
0.040232
0.038459
0.027979
0.031858
0.013728
0.027979
0.035703
0.015793
0.014893
0.037157
0.050067
0.041671
0.031922
0.038613
0.015699
0.035200
0.023806
0.046080
0.032774
0.022165
0.015410
0.042715
0.017543
0.087919
0.020169
0.034620
0.027786
0.027846
0.020170
0.032045
0.021445
0.042526
0.032157
0.016518
0.023093
0.018049
0.016773
0.009787
0.020610
0.008891
0.051058
0.010642
0.013936
0.009364
0.018993
0.018980
0.027513
0.012895
0.016292
0.012527
0.032809
0.090169
0.013652
0.038348
0.008570
0.006854
0.013488
0.016180
0.008879
0.010424
0.020795
0.010759
0.017766
0.038938
0.032869
0.008087
0.017841
0.023531
0.010794
0.022074
0.028931
0.012001
0.031109
0.033209
0.010010
0.023262
0.019386
0.006565
0.018228
0.022202
0.068911
0.014569
0.024639
0.013807
0.023354
0.026423
0.013391
0.019922
0.008803
0.026302
0.019494
0.021833
0.036015
0.033923
0.018618
0.029442
0.037040
0.078111
0.036994
0.026882
0.037385
0.013422
0.039334
0.042386
0.045460
0.038653
0.028700
0.024932
0.074017
0.013903
0.083203
0.016035
0.031223
0.020914
0.032706
0.016489
0.031766
0.033469
0.038875
0.033170
0.037699
0.009722
0.007689
0.017470
0.049970
0.015244
0.029559
0.016393
0.022206
0.024494
0.009219
0.014240
0.021037
0.005981
0.027942
0.072668
0.026620
0.067372
0.023253
0.011015
0.028267
0.014849
0.012320
0.022936
0.007461
0.017872
0.016799
0.024030
0.029802
0.011489
0.031953
0.025846
0.008886
0.027777
0.033551
0.008584
0.032146
0.019202
0.010010
0.023987
0.024799
0.077647
0.012528
0.020512
0.013225
0.022877
0.022974
0.018199
0.017921
0.005119
0.032996
0.013134
0.019972
0.009596
0.013130
0.043361
0.016398
0.014646
0.018188
0.014177
0.015646
0.011875
0.014935
0.012318
0.006779
0.016127
0.066039
0.010962
0.052917
0.010342
0.012023
0.016176
0.006644
0.006741
0.013288
0.009360
0.016600
0.013287
0.018366
0.031814
0.021885
0.028752
0.023310
0.017011
0.022739
0.005126
0.022594
0.018843
0.005533
0.018304
0.048208
0.021556
0.071497
0.017164
0.016153
0.029615
0.015938
0.012245
0.020547
0.005301
0.024098
0.019589
0.036396
0.009494
0.011910
0.014642
0.026592
0.009022
0.019551
0.006818
0.007643
0.008315
0.027977
0.082444
0.014665
0.026042
0.012499
0.006557
0.018754
0.010965
0.009484
0.004856
0.019800
0.005559
0.012734
0.061541
0.044983
0.060739
0.065385
0.030457
0.026335
0.043803
0.027443
0.038122
0.038743
0.055005
0.048344
0.058230
0.047021
0.053023
0.071730
0.036846
0.051416
0.034373
0.036926
0.046976
0.049958
0.024365
0.007968
0.021884
0.020869
0.030333
0.011700
0.018981
0.014092
0.041059
0.093713
0.024294
0.043838
0.016924
0.006565
0.016012
0.019446
0.010025
0.014045
0.019836
0.009665
0.017804
0.027218
0.026294
0.006631
0.026562
0.013331
0.008116
0.018256
0.017706
0.078075
0.006292
0.022955
0.010605
0.019127
0.014553
0.009774
0.010802
0.004516
0.030261
0.011747
0.008986
0.027465
0.026685
0.030615
0.015568
0.024567
0.016801
0.046243
0.102047
0.026082
0.048780
0.021138
0.008858
0.017911
0.025289
0.014268
0.018495
0.020510
0.010877
0.019525
0.029708
0.029432
0.031982
0.028437
0.016852
0.022496
0.056591
0.017779
0.074041
0.009085
0.019230
0.017089
0.022441
0.009559
0.024531
0.022962
0.031295
0.023417
0.018901
0.010191
0.002581
0.015822
0.016337
0.067142
0.012879
0.019790
0.015910
0.019146
0.021322
0.006487
0.013524
0.003369
0.024594
0.010685
0.009184
0.019226
0.016127
0.006890
0.016593
0.053153
0.025009
0.064035
0.025141
0.021471
0.036895
0.012500
0.017852
0.020834
0.009352
0.023877
0.016792
0.009668
0.011597
0.032149
0.089756
0.022253
0.027147
0.018940
0.009236
0.024719
0.009477
0.012931
0.008455
0.020041
0.005260
0.011516
0.013291
0.017282
0.068600
0.013482
0.022262
0.013399
0.017905
0.020299
0.004166
0.013568
0.004482
0.017980
0.011021
0.010174
0.018682
0.063257
0.015326
0.053109
0.013481
0.006649
0.022135
0.010697
0.006738
0.012888
0.010241
0.013333
0.011433
0.040688
0.014049
0.060765
0.019902
0.035576
0.028780
0.013665
0.018443
0.020345
0.024047
0.032236
0.020243
0.066240
0.133169
0.069961
0.088324
0.087484
0.067761
0.068199
0.075474
0.060688
0.095035
0.077457
0.041249
0.010134
0.018074
0.010358
0.013732
0.008007
0.009921
0.024988
0.017556
0.011244
0.042031
0.044067
0.044560
0.034023
0.046521
0.019970
0.069466
0.025409
0.036204
0.013812
0.011994
0.012615
0.006254
0.008751
0.021236
0.016375
0.015676
0.019141
0.016850
0.007333
0.012446
0.018423
0.008870
0.013991
0.018854
0.009142
0.014791
0.029450
0.018003
0.013208
0.011158
0.008569
0.014548
0.013219
0.009237
0.008254
0.015581
0.011082
0.007950
0.022942
0.005730
0.008573
0.022596
0.020866
0.010022
