0.452181
0.569551
0.525864
0.803767
0.695019
0.585136
0.773751
0.640787
0.666312
0.610784
0.556666
0.569070
0.632429
0.579773
0.565414
0.585229
0.741184
0.624481
0.657946
0.523493
0.742693
0.635428
0.541616
0.654871
0.789950
0.706440
0.590755
0.652124
0.555422
0.712409
0.783411
0.735338
0.603896
0.681789
0.637142
0.775153
0.839397
0.527868
0.520747
0.570262
0.730785
0.609006
0.735059
0.680505
0.674727
0.601140
0.618017
0.589687
0.770740
0.621911
0.515774
0.649208
0.707513
0.644683
0.743041
0.626630
0.534452
0.449390
0.421878
0.555486
0.647457
0.682226
0.532618
0.651205
0.636162
0.637505
0.527425
0.509310
0.729932
0.721065
0.680574
0.609853
0.615013
0.693180
0.485071
0.711028
0.449927
0.758047
0.727911
0.746412
0.647053
0.761473
0.572959
0.656563
0.780996
0.519554
0.580983
0.494449
0.753758
0.588533
0.781639
0.618386
0.581164
0.613975
0.532154
0.710937
0.717521
0.586821
0.823329
0.665390
0.595965
0.656754
0.736192
0.657512
0.675340
0.592275
0.633345
0.593117
0.673388
0.673852
0.658058
0.770620
0.710757
0.570738
0.538684
0.590122
0.673387
0.703665
0.449388
0.780283
0.599620
0.634499
0.734601
0.668303
0.648292
0.580079
0.804752
0.662696
0.659160
0.624292
0.676424
0.759011
0.614138
0.687299
0.686830
0.725323
0.550500
0.577695
0.604004
0.615830
0.690052
0.620650
0.710823
0.659413
0.696267
0.622875
0.636480
0.775222
0.596451
0.677199
0.581944
0.527765
0.483504
0.637341
0.675681
0.611553
0.675855
0.610459
0.615117
0.563659
0.563084
0.607593
0.692927
0.634149
0.647660
0.735978
0.626527
0.606779
0.705583
0.581025
0.658361
0.638979
0.709669
0.575279
0.674000
0.601040
0.737167
0.783721
0.585347
0.586988
0.646292
0.692494
0.573934
0.564870
0.603735
0.560589
0.534805
0.589685
0.657227
0.656797
0.628338
0.845641
0.960444
0.738710
0.754183
0.606790
0.784173
0.634176
0.833042
0.840364
0.824223
0.796221
0.710221
0.687213
0.510305
0.623390
0.692430
0.823429
0.824134
0.845353
0.691088
0.726989
0.752419
0.833521
0.539430
0.850287
0.809972
0.722801
0.830904
0.774261
0.692146
0.774910
0.522788
0.726815
0.562468
0.652103
0.836453
0.765160
0.940615
0.649620
0.823799
0.646491
0.616376
0.877444
0.779239
0.711811
0.826174
0.735554
0.712856
0.635956
0.689994
0.596934
0.721219
0.612178
0.751558
0.626787
0.747097
0.694795
0.635338
0.599289
0.736450
0.760888
0.780953
0.666581
0.762717
0.659653
0.710321
0.733134
0.640268
0.584076
0.806053
0.786800
0.768581
0.662717
0.704950
0.805126
0.680960
0.582430
0.711545
0.663268
0.733823
0.570113
0.805546
0.733242
0.751479
0.677634
0.619233
0.510542
0.683867
0.665109
0.790797
0.724968
0.692708
0.651527
0.604076
0.537013
0.714593
0.680036
0.521401
0.786484
0.704409
0.719651
0.634138
0.777458
0.628177
0.706420
0.609298
0.819088
0.726498
0.588160
0.604218
0.702180
0.624330
0.769672
0.690825
0.461689
0.542624
0.680094
0.817569
0.833190
0.603345
0.740709
0.718596
0.540454
0.619985
0.642437
0.690696
0.701109
0.662145
0.745438
0.614485
0.687070
0.848157
0.795217
0.744883
0.678988
0.823224
0.722669
0.796721
0.764508
0.830618
0.860844
0.877526
0.779512
0.768046
0.755800
0.788630
0.810111
0.416977
0.863797
0.718654
0.780490
0.838003
0.849282
0.682739
0.720829
0.756173
0.768772
0.801929
0.628776
0.657345
0.876329
0.458428
0.818718
0.867236
0.753878
0.659975
0.737335
0.795949
0.702960
0.720735
0.828503
0.824132
0.744340
0.738572
0.658168
0.677773
0.589795
0.843120
0.807389
0.785124
0.737270
0.563761
0.834088
0.567771
0.703025
0.547081
0.673705
0.630288
0.826447
0.837687
0.620254
0.749138
0.791555
0.693481
0.735794
0.704998
0.742322
0.746491
0.833319
0.577608
0.829203
0.814206
0.687390
0.763270
0.616482
0.786565
0.777668
0.812686
0.739301
0.696624
0.757159
0.503871
0.765805
0.704504
0.560845
0.524660
0.618201
0.736747
0.795756
0.693846
0.755532
0.775303
0.712702
0.583291
0.586771
0.757363
0.769271
0.778341
0.691481
0.676200
0.697486
0.747314
0.799157
0.562422
0.794770
0.790477
0.819059
0.763423
0.722836
0.687322
0.752310
0.782789
0.581183
0.730020
0.658475
0.693139
0.645690
0.835802
0.759925
0.703303
0.718610
0.700690
0.851809
0.698162
0.506879
0.592614
0.622174
0.684664
0.635419
0.618950
0.743317
0.647440
0.494943
0.386603
0.668607
0.661949
0.731894
0.630001
0.668358
0.652933
0.531780
0.715544
0.495251
0.709047
0.734361
0.659645
0.654694
0.690337
0.506164
0.544950
0.654757
0.477815
0.551644
0.492606
0.705397
0.558481
0.725642
0.623459
0.620614
0.607258
0.560969
0.767824
0.710929
0.573411
0.662462
0.672822
0.584197
0.712032
0.628425
0.675481
0.594339
0.551685
0.705067
0.733474
0.687356
0.610141
0.574298
0.622783
0.707930
0.818049
0.621927
0.663127
0.677638
0.784965
0.700270
0.729545
0.588489
0.742260
0.772604
0.518921
0.680044
0.697261
0.681609
0.541036
0.675112
0.634458
0.396820
0.577477
0.613732
0.697357
0.696583
0.615025
0.591856
0.566377
0.581430
0.697381
0.499748
0.540503
0.480731
0.523373
0.645508
0.692786
0.683296
0.679213
0.574315
0.572286
0.590453
0.474504
0.646929
0.672294
0.678947
0.571514
0.561992
0.684824
0.680216
0.667471
0.598998
0.467116
0.631095
0.606392
0.622305
0.698816
0.502557
0.610024
0.531401
0.600680
0.658233
0.549550
0.654666
0.644542
0.566199
0.858663
0.692366
0.670631
0.559289
0.722754
0.738378
0.716229
0.517167
0.817572
0.622485
0.585614
0.662206
0.670654
0.672909
0.779948
0.699545
0.634979
0.598711
0.648457
0.699641
0.742416
0.568137
0.616407
0.715461
0.616681
0.563092
0.539923
0.627645
0.704326
0.669443
0.795246
0.642767
0.677695
0.670172
0.656980
0.877277
0.732927
0.849945
0.659780
0.743617
0.818526
0.780755
0.759424
0.839471
0.686524
0.723029
0.754202
0.719519
0.592533
0.831950
0.859930
0.801779
0.741333
0.720500
0.876556
0.840704
0.732932
0.625849
0.713802
0.759612
0.570366
0.748027
0.705290
0.742156
0.666269
0.773096
0.494469
0.668161
0.651913
0.788199
0.391258
0.693141
0.568533
0.804417
0.732632
0.772303
0.683429
0.702246
0.801242
0.626355
0.792081
0.641340
0.742082
0.742979
0.740218
0.644820
0.643210
0.706969
0.720539
0.908566
0.609705
0.650344
0.668714
0.737756
0.599688
0.667102
0.698835
0.536260
0.489632
0.733746
0.747046
0.795664
0.819023
0.659215
0.584532
0.554899
0.780288
0.592970
0.642965
0.629739
0.785835
0.686790
0.659199
0.486861
0.634797
0.667832
0.796409
0.624997
0.478043
0.435122
0.623947
0.715758
0.711232
0.571986
0.644718
0.567359
0.581699
0.677637
0.631506
0.676303
0.791720
0.682886
0.584169
0.512781
0.736516
0.795743
0.658215
0.773149
0.658127
0.864373
0.839296
0.838606
0.799617
0.642389
0.783415
0.882031
0.735217
0.786661
0.735202
0.863881
0.746875
0.801341
0.765187
0.871159
0.836906
0.735405
0.812275
0.764070
0.776093
0.757628
0.827504
0.780238
0.529162
0.670401
0.628412
0.861708
0.764058
0.649846
0.453568
0.746590
0.755437
0.714378
0.771296
0.635565
0.777118
0.698438
0.752048
0.612556
0.735668
0.719972
0.590788
0.641529
0.538920
0.646459
0.650441
0.743295
0.645817
0.580418
0.618531
0.741853
0.580896
0.677500
0.625067
0.699059
0.544670
0.706951
0.725774
0.702723
0.453465
0.603049
0.543519
0.666850
0.626542
0.634998
0.610939
0.594573
0.642179
0.512349
0.786761
0.732284
0.633358
0.560413
0.591511
0.515332
0.581599
0.568931
0.557546
0.599577
0.531138
0.588379
0.637290
0.710221
0.632730
0.683704
0.567975
0.470603
0.766327
0.716431
0.622989
0.602179
0.645671
0.601311
0.592047
0.620860
0.552194
0.654661
0.466549
0.693610
0.666390
0.570180
0.579720
0.586279
0.482002
0.587644
0.527255
0.485359
0.511708
0.403693
0.655271
0.520438
0.686916
0.519612
0.644991
0.575198
0.521317
0.699390
0.691282
0.794025
0.738181
0.725704
0.844894
0.584149
0.682931
0.733416
0.623308
0.679187
0.507973
0.761982
0.705850
0.705912
0.683685
0.770133
0.690163
0.731876
0.562016
0.715157
0.756202
0.639447
0.585450
0.484650
0.687456
0.758687
0.594515
0.785868
0.667248
0.594554
0.655670
0.869729
0.788668
0.627929
0.603878
0.668490
0.798874
0.815045
0.631768
0.516087
0.687961
0.573356
0.710453
0.768029
0.555874
0.715841
0.576795
0.656530
0.716119
0.794098
0.729784
0.771075
0.610555
0.621089
0.715717
0.804621
0.732918
0.821286
0.776396
0.633036
0.561042
0.691463
0.799690
0.780072
0.516781
0.667027
0.737551
0.332383
0.806973
0.824229
0.651710
0.721551
0.564490
0.794317
0.699069
0.714057
0.736991
0.815425
0.708201
0.686640
0.700919
0.825082
0.797998
0.665180
0.642528
0.698424
0.691784
0.646025
0.637474
0.771269
0.703521
0.657482
0.613149
0.529631
0.718855
0.303804
0.684738
0.753820
0.665228
0.548671
0.618996
0.668786
0.635528
0.649562
0.710531
0.706339
0.676713
0.810572
0.765614
0.902428
0.662632
0.909072
0.830489
0.850772
0.776938
0.731585
0.731437
0.690826
0.754862
0.736940
0.801749
0.723673
0.811476
0.779987
0.846087
0.683291
0.703689
0.683029
0.765393
0.892993
0.827428
0.699893
0.712375
0.666186
0.634470
0.680848
0.753250
0.760088
0.702627
0.638389
0.745282
0.588319
0.642625
0.591740
0.776268
0.738855
0.599803
0.623613
0.670577
0.647555
0.721028
0.706064
0.629849
0.751426
0.611079
0.567254
0.846498
0.815927
0.594450
0.567763
0.682025
0.558804
0.581003
0.798112
0.600257
0.576943
0.637689
0.700146
0.630010
0.715807
0.679070
0.690948
0.658160
0.635703
0.718565
0.783563
0.640185
0.758521
0.784048
0.552363
0.466868
0.401147
0.570195
0.758769
0.779398
0.669884
0.584920
0.600678
0.429313
0.682762
0.735838
0.737111
0.869714
0.707222
0.701182
0.681225
0.698867
0.824085
0.693985
0.729029
0.670645
0.631823
0.659076
0.611138
0.612166
0.630628
0.433679
0.525354
0.733210
0.630666
0.834788
0.561822
0.766001
0.502176
0.645136
0.754295
0.677910
0.605968
0.830129
0.798948
0.702147
0.658778
0.840050
0.788037
0.646016
0.634546
0.843902
0.697326
0.552820
0.584395
0.717812
0.659834
0.744446
0.763778
0.499825
0.619292
0.794982
0.719459
0.717175
0.650977
0.807666
0.771735
0.755702
0.664914
0.815931
0.759328
0.615044
0.655295
0.587360
0.683729
0.756316
0.688925
0.820353
0.637441
0.526921
0.635994
0.369147
0.718882
0.781609
0.642727
0.627350
0.531798
0.688136
0.703409
0.655936
0.727147
0.872200
0.724647
0.686185
0.784709
0.787110
0.531680
0.646507
0.712192
0.837222
0.628695
0.673053
0.624142
0.381548
0.703280
0.642759
0.639199
0.730450
0.578063
0.673346
0.702086
0.718320
0.702141
0.703306
0.690425
0.640843
0.639510
0.659457
0.437700
0.631442
0.602962
0.703582
0.727709
0.533204
0.660827
0.638162
0.677313
0.720303
0.751650
0.528864
0.633688
0.486835
0.701782
0.540086
0.665580
0.653660
0.682474
0.675613
0.559606
0.688048
0.729810
0.658274
0.504045
0.602596
0.687836
0.730215
0.682025
0.748479
0.659387
0.780600
0.697817
0.777293
0.902520
0.814411
0.656732
0.658105
0.711982
0.784548
0.756751
0.791109
0.668314
0.831022
0.760159
0.657210
0.852347
0.806913
0.665981
0.572597
0.618636
0.495027
0.702537
0.688034
0.619728
0.551668
0.567579
0.703210
0.722390
0.661805
0.716036
0.559919
0.688474
0.395921
0.716112
0.625342
0.656952
0.678707
0.695976
0.754104
0.648706
0.799640
0.723333
0.808275
0.678066
0.481265
0.752353
0.792325
0.692354
0.676488
0.754498
0.737329
0.569905
0.701487
0.681989
0.641943
0.553401
0.658624
0.649729
0.621757
0.684781
0.637017
0.686167
0.674276
0.643317
0.698455
0.840903
0.626935
0.820889
0.690345
0.660802
0.649050
0.764388
0.644650
0.550858
0.607451
0.757592
0.718513
0.688830
0.695972
0.647699
0.729781
0.752057
0.706462
