0.051325
0.245354
0.040100
0.046073
0.080338
0.048797
0.075161
0.077634
0.037502
0.056265
0.100935
0.050363
0.110740
0.053574
0.048665
0.118918
0.049841
0.061808
0.082272
0.044592
0.038876
0.075444
0.031618
0.111013
0.076624
0.109383
0.150088
0.044358
0.213229
0.104459
0.129119
0.067863
0.093680
0.091539
0.047297
0.111553
0.083129
0.115183
0.135183
0.028498
0.075425
0.053246
0.179398
0.035538
0.037018
0.021860
0.260008
0.029937
0.027077
0.310430
0.039419
0.036272
0.026992
0.015864
0.014483
0.018470
0.033656
0.015486
0.042378
0.025367
0.043022
0.037873
0.019451
0.037932
0.025342
0.009608
0.021456
0.014174
0.015636
0.021800
0.020979
0.048207
0.021339
0.056135
0.107769
0.031768
0.143524
0.037622
0.124250
0.035174
0.056218
0.057285
0.017658
0.051031
0.039954
0.046883
0.175218
0.016497
0.036866
0.013807
0.084770
0.047458
0.033289
0.017888
0.294152
0.025177
0.019643
0.307046
0.342438
0.355259
0.327046
0.354980
0.342052
0.332469
0.325421
0.313279
0.250237
0.333323
0.331341
0.339094
0.385076
0.301801
0.319433
0.354032
0.321246
0.320010
0.314571
0.294939
0.400747
0.383906
0.389132
0.343794
0.334999
0.387581
0.388726
0.301628
0.377496
0.391868
0.244483
0.319539
0.318250
0.402217
0.413288
0.112331
0.308483
0.373606
0.318192
0.459717
0.342157
0.289570
0.292633
0.134862
0.270660
0.310114
0.017526
0.027054
0.018252
0.032751
0.026640
0.020776
0.039564
0.083053
0.066188
0.093329
0.013341
0.056583
0.086147
0.015965
0.031428
0.035326
0.028611
0.024547
0.057768
0.021646
0.038631
0.043377
0.070994
0.080180
0.025136
0.156362
0.034889
0.066505
0.029193
0.032448
0.088328
0.020522
0.088165
0.024371
0.042240
0.166471
0.031637
0.020920
0.038429
0.132880
0.021670
0.013126
0.018282
0.327963
0.018382
0.026964
0.026327
0.020661
0.034910
0.028816
0.009228
0.036366
0.090677
0.073755
0.096546
0.008735
0.051141
0.082334
0.018901
0.034672
0.042394
0.026127
0.017798
0.064493
0.017956
0.040136
0.032741
0.083139
0.110866
0.010101
0.158603
0.038734
0.086462
0.022554
0.025823
0.108243
0.021100
0.103844
0.029784
0.040369
0.183820
0.025177
0.017613
0.039908
0.134027
0.014939
0.021191
0.015211
0.329695
0.018693
0.029783
0.018059
0.015896
0.010560
0.035810
0.025393
0.061657
0.071795
0.070647
0.022091
0.055535
0.053562
0.024892
0.019188
0.017829
0.026934
0.028624
0.044096
0.030788
0.017041
0.023763
0.050585
0.082000
0.034784
0.127431
0.012238
0.090796
0.027916
0.032596
0.088349
0.020061
0.067270
0.021306
0.024298
0.209957
0.037707
0.021521
0.030064
0.092972
0.043166
0.028743
0.032354
0.360006
0.033060
0.036129
0.015109
0.020255
0.023826
0.023215
0.053412
0.038650
0.056355
0.019132
0.026592
0.060102
0.009345
0.018165
0.022113
0.011370
0.013600
0.038058
0.021868
0.036896
0.020469
0.072712
0.093984
0.024610
0.131364
0.032585
0.099172
0.021654
0.030310
0.067644
0.020315
0.061027
0.022973
0.039435
0.184889
0.025546
0.025883
0.020831
0.080006
0.030901
0.026686
0.015300
0.327732
0.019296
0.020169
0.010265
0.035787
0.016072
0.044841
0.047729
0.045561
0.035201
0.034422
0.039056
0.021541
0.014645
0.018638
0.016405
0.023499
0.031379
0.028343
0.022460
0.012183
0.050170
0.093674
0.041191
0.121571
0.016275
0.111025
0.027483
0.037010
0.070697
0.023133
0.051011
0.018763
0.028708
0.215551
0.034776
0.024746
0.016538
0.065407
0.053254
0.036404
0.028611
0.347970
0.029189
0.032585
0.031904
0.022688
0.055237
0.061396
0.061362
0.024593
0.052687
0.045228
0.024012
0.013172
0.015987
0.024348
0.025172
0.034739
0.022772
0.015072
0.023444
0.045383
0.073091
0.034211
0.117464
0.008800
0.080900
0.033822
0.033796
0.076261
0.016286
0.058345
0.022083
0.020497
0.191762
0.033904
0.018256
0.020900
0.094380
0.047525
0.024488
0.029835
0.347819
0.026024
0.035014
0.042438
0.102158
0.068108
0.106596
0.014562
0.046387
0.095497
0.024966
0.037969
0.049566
0.021889
0.018064
0.070502
0.007104
0.044691
0.031850
0.092320
0.132939
0.009397
0.168338
0.045457
0.100265
0.025640
0.029173
0.113658
0.020754
0.114912
0.040307
0.048322
0.166957
0.021089
0.025201
0.036922
0.140493
0.010502
0.023089
0.015940
0.325969
0.012347
0.027068
0.023057
0.032197
0.027460
0.040289
0.022600
0.028815
0.030513
0.014515
0.032829
0.020969
0.019388
0.018336
0.032859
0.053162
0.028400
0.050099
0.096548
0.040937
0.130197
0.035556
0.123843
0.043774
0.067903
0.043578
0.023732
0.033236
0.033674
0.058926
0.209832
0.024992
0.038858
0.010483
0.083374
0.056417
0.034296
0.017956
0.319907
0.027453
0.021250
0.031124
0.008341
0.088328
0.043915
0.038760
0.063661
0.039678
0.065918
0.052141
0.052287
0.023673
0.083751
0.098414
0.069282
0.083220
0.093679
0.099089
0.110811
0.075077
0.151769
0.091367
0.120888
0.019343
0.067124
0.008798
0.074672
0.108249
0.239928
0.068293
0.090788
0.029680
0.076003
0.122851
0.079580
0.058111
0.321783
0.064753
0.056248
0.031796
0.074362
0.020023
0.070871
0.047982
0.038447
0.068508
0.031336
0.031244
0.032831
0.053431
0.108118
0.061564
0.108429
0.130426
0.068980
0.143166
0.093449
0.155754
0.072586
0.104059
0.028465
0.052846
0.038656
0.084774
0.113683
0.160944
0.040414
0.089977
0.026729
0.093871
0.085010
0.064053
0.034717
0.249542
0.038597
0.035849
0.094714
0.041158
0.035711
0.069728
0.042539
0.068866
0.050412
0.053850
0.023827
0.090124
0.100868
0.064106
0.087928
0.103512
0.102021
0.112513
0.079800
0.164576
0.093882
0.126126
0.024138
0.072493
0.011256
0.080422
0.108612
0.245681
0.070124
0.094808
0.030160
0.068679
0.132003
0.088874
0.063402
0.330694
0.072314
0.063236
0.058574
0.079816
0.020127
0.028282
0.034982
0.030325
0.021325
0.056413
0.018172
0.033543
0.039025
0.077346
0.095211
0.011274
0.162913
0.031120
0.074691
0.028074
0.030689
0.099336
0.015948
0.097338
0.028966
0.033312
0.174954
0.028911
0.013681
0.041179
0.143303
0.019569
0.014722
0.018096
0.335795
0.017730
0.027617
0.056727
0.040582
0.030571
0.055135
0.021884
0.021205
0.036053
0.041368
0.087841
0.035819
0.089847
0.148333
0.046725
0.168868
0.073183
0.175096
0.049203
0.081887
0.059118
0.039674
0.055962
0.055729
0.086207
0.212157
0.026332
0.066869
0.022140
0.077433
0.057674
0.059075
0.024453
0.312856
0.038256
0.022206
0.072259
0.027813
0.042779
0.062964
0.059397
0.021294
0.080195
0.075667
0.053299
0.032276
0.110516
0.080921
0.184879
0.046852
0.172411
0.086006
0.119538
0.069897
0.047156
0.044486
0.051458
0.060906
0.270253
0.056783
0.057900
0.042414
0.104920
0.109278
0.069981
0.060095
0.358553
0.083140
0.054414
0.027556
0.029945
0.021270
0.019418
0.049135
0.023883
0.038937
0.028774
0.082000
0.095319
0.026428
0.136436
0.035733
0.086151
0.023633
0.023871
0.077119
0.025552
0.074464
0.025893
0.041779
0.174900
0.035424
0.023939
0.032174
0.095619
0.034139
0.027711
0.018712
0.306416
0.018585
0.030628
0.013759
0.022695
0.020484
0.012513
0.025593
0.037531
0.027032
0.037445
0.082546
0.032620
0.154984
0.024376
0.107050
0.037342
0.061274
0.052187
0.010077
0.043557
0.027147
0.032982
0.186891
0.018082
0.025713
0.016037
0.098625
0.045562
0.022467
0.019354
0.311921
0.028361
0.016900
0.036995
0.038588
0.031076
0.037581
0.027810
0.033757
0.037265
0.079763
0.044395
0.162165
0.020902
0.100575
0.039822
0.050835
0.083587
0.021799
0.067231
0.024872
0.020147
0.210819
0.036668
0.023590
0.037071
0.106314
0.052523
0.029468
0.036434
0.341863
0.046919
0.034279
0.011204
0.039153
0.019348
0.043991
0.012533
0.077781
0.108761
0.028712
0.117132
0.041094
0.112200
0.024649
0.039982
0.066158
0.022614
0.056290
0.039753
0.055485
0.175789
0.018901
0.040201
0.010184
0.075690
0.036415
0.033313
0.017819
0.323651
0.015905
0.022889
0.036717
0.017333
0.048534
0.024814
0.075912
0.105346
0.016583
0.137379
0.041856
0.105066
0.027588
0.043218
0.065657
0.017437
0.061908
0.035372
0.052236
0.174969
0.015412
0.031610
0.016361
0.096054
0.031301
0.026523
0.009172
0.316158
0.013218
0.018215
0.052731
0.069275
0.048856
0.041316
0.078911
0.063627
0.158892
0.049697
0.125408
0.067334
0.102091
0.033906
0.030323
0.023547
0.052725
0.064458
0.211496
0.031527
0.052865
0.021450
0.108944
0.082083
0.041232
0.034968
0.295387
0.049204
0.029064
0.041147
0.030530
0.073289
0.116606
0.014803
0.163417
0.038855
0.094154
0.033128
0.040153
0.089749
0.014074
0.093693
0.041570
0.046986
0.143209
0.015207
0.027176
0.026173
0.134185
0.017506
0.015890
0.013163
0.305944
0.008622
0.019286
0.028497
0.060089
0.092291
0.050570
0.134278
0.008597
0.087961
0.036889
0.027512
0.129567
0.035468
0.097675
0.025869
0.013223
0.232961
0.062674
0.022220
0.049920
0.106021
0.059097
0.041882
0.057436
0.411914
0.048702
0.063459
0.065597
0.126953
0.037495
0.136164
0.027690
0.136858
0.022826
0.036092
0.101289
0.028639
0.074032
0.030494
0.036911
0.226496
0.033319
0.034500
0.022971
0.063769
0.047495
0.047735
0.034767
0.371062
0.036411
0.039127
0.091152
0.087781
0.221790
0.039895
0.139170
0.087104
0.118307
0.105460
0.042468
0.077343
0.046182
0.050208
0.259282
0.056160
0.050683
0.058650
0.158756
0.091897
0.051252
0.066776
0.370438
0.089292
0.054412
0.135616
0.128809
0.083185
0.038131
0.121627
0.124449
0.089034
0.097900
0.076151
0.094177
0.100415
0.227941
0.115153
0.090796
0.089619
0.182241
0.141977
0.080710
0.108206
0.382880
0.105447
0.114223
0.190285
0.044704
0.109531
0.030494
0.039760
0.110447
0.015603
0.114267
0.040020
0.044410
0.169922
0.019922
0.021456
0.042390
0.147725
0.014924
0.023097
0.014134
0.326713
0.018818
0.025389
0.145148
0.140753
0.150316
0.131394
0.131009
0.181635
0.107908
0.169489
0.183777
0.279706
0.188675
0.176958
0.115114
0.109281
0.214831
0.179552
0.167572
0.459179
0.134769
0.190751
0.094503
0.040764
0.038924
0.104897
0.023383
0.076605
0.016245
0.011113
0.229987
0.051933
0.015227
0.037720
0.103096
0.057911
0.034662
0.046675
0.395369
0.044781
0.049658
0.109552
0.090418
0.136018
0.100085
0.144087
0.109778
0.103050
0.171481
0.117882
0.081634
0.112286
0.237917
0.112462
0.071242
0.103693
0.347674
0.083281
0.126654
0.024660
0.113175
0.032473
0.101930
0.031723
0.042249
0.223891
0.037566
0.029322
0.043263
0.097606
0.032559
0.042355
0.030808
0.353589
0.033458
0.042592
0.148918
0.050814
0.131556
0.036752
0.037365
0.222278
0.067981
0.031065
0.064471
0.108607
0.042973
0.054359
0.052593
0.386241
0.041447
0.070830
0.078291
0.019918
0.102861
0.137601
0.180863
0.073332
0.109986
0.041868
0.121333
0.129301
0.079335
0.063067
0.276024
0.066619
0.061700
0.071855
0.026608
0.031125
0.171386
0.011683
0.017771
0.022197
0.128545
0.024592
0.011098
0.013994
0.311698
0.018481
0.012411
0.081336
0.110083
0.233531
0.074446
0.099092
0.030295
0.079968
0.133275
0.080973
0.069999
0.339634
0.074818
0.063311
0.020577
0.252918
0.046807
0.013425
0.042698
0.098727
0.041837
0.034768
0.033568
0.389587
0.045567
0.036153
0.238045
0.058170
0.013156
0.061556
0.127697
0.056022
0.041657
0.056361
0.396626
0.060993
0.060473
0.164321
0.210963
0.182127
0.334464
0.176572
0.150470
0.164017
0.238430
0.137862
0.176967
0.036688
0.021560
0.135498
0.023201
0.018620
0.010107
0.285435
0.021852
0.009697
0.045162
0.138444
0.031391
0.020318
0.026896
0.357182
0.033662
0.036808
0.076687
0.054814
0.034177
0.021620
0.326365
0.020620
0.021463
0.165737
0.160689
0.125865
0.473319
0.122404
0.126698
0.021311
0.020677
0.331074
0.027163
0.025160
0.014988
0.299106
0.018603
0.018256
0.285139
0.011818
0.008893
0.290818
0.304839
0.021471
