0.067847
0.058280
0.036133
0.011149
0.017459
0.037263
0.013917
0.023331
0.060904
0.036427
0.050053
0.015660
0.016714
0.048074
0.037279
0.024733
0.048792
0.027446
0.033139
0.017488
0.016038
0.010590
0.034095
0.020534
0.062095
0.021963
0.010071
0.032791
0.027533
0.020048
0.022679
0.041760
0.020334
0.016139
0.013669
0.021872
0.070627
0.059285
0.020410
0.008176
0.028977
0.005862
0.052079
0.013611
0.041147
0.032379
0.025901
0.026940
0.019846
0.030849
0.033692
0.064797
0.040989
0.040125
0.075060
0.020319
0.024950
0.028262
0.009716
0.036999
0.035847
0.044896
0.015325
0.030686
0.157236
0.038293
0.027580
0.036808
0.042480
0.038097
0.053713
0.045015
0.010283
0.027278
0.061223
0.025951
0.026336
0.049519
0.022472
0.017601
0.029623
0.032061
0.047218
0.037338
0.009681
0.013564
0.038026
0.082983
0.018388
0.084852
0.026365
0.065101
0.012839
0.011697
0.027517
0.022652
0.029577
0.025415
0.033325
0.025915
0.009998
0.056285
0.020144
0.020264
0.015040
0.019409
0.018920
0.019843
0.009700
0.017201
0.015897
0.165838
0.013078
0.017206
0.027907
0.022661
0.034524
0.042921
0.044349
0.030510
0.017052
0.040225
0.015812
0.012636
0.020087
0.018432
0.014181
0.019339
0.024409
0.027371
0.020175
0.022549
0.016370
0.021195
0.068972
0.020625
0.072675
0.013846
0.044648
0.009786
0.014507
0.018875
0.014726
0.016821
0.033188
0.026272
0.035714
0.033423
0.014563
0.030480
0.025956
0.018075
0.022548
0.020063
0.034915
0.016378
0.009169
0.134140
0.012643
0.024555
0.031904
0.017462
0.018537
0.025371
0.048756
0.045511
0.026068
0.030588
0.022433
0.015994
0.017296
0.023206
0.026630
0.027138
0.017044
0.017803
0.023005
0.048289
0.041207
0.015997
0.053021
0.029889
0.048319
0.033828
0.020947
0.016053
0.014204
0.007061
0.013385
0.017821
0.013634
0.015709
0.018679
0.020171
0.047454
0.021114
0.044573
0.007182
0.009782
0.023140
0.031856
0.017869
0.074327
0.013547
0.022709
0.012372
0.010879
0.014835
0.033215
0.021485
0.057778
0.015628
0.008562
0.022821
0.015384
0.009643
0.018364
0.030324
0.011428
0.015664
0.009152
0.010063
0.057800
0.045122
0.014408
0.015868
0.024800
0.016676
0.034871
0.018005
0.030099
0.026450
0.023376
0.020360
0.011845
0.019083
0.015423
0.015455
0.042728
0.024307
0.032157
0.004457
0.006518
0.031352
0.015468
0.014103
0.077060
0.015015
0.024020
0.016741
0.005272
0.013134
0.040926
0.009486
0.031681
0.008720
0.008126
0.022301
0.016501
0.008728
0.010749
0.025979
0.011035
0.006344
0.011431
0.019524
0.037715
0.032076
0.016723
0.027960
0.011326
0.021060
0.034208
0.014740
0.018593
0.015596
0.013595
0.016526
0.006754
0.043351
0.017635
0.026866
0.012021
0.026773
0.009852
0.012433
0.006716
0.020679
0.017733
0.121551
0.014738
0.013744
0.012871
0.018313
0.024578
0.039501
0.025618
0.030755
0.010264
0.025500
0.012775
0.010953
0.015859
0.010782
0.012857
0.007841
0.019329
0.020061
0.010798
0.025891
0.017157
0.016941
0.040759
0.014803
0.048128
0.014152
0.038210
0.015095
0.016261
0.023368
0.013729
0.010938
0.036990
0.079601
0.052992
0.060102
0.017804
0.021225
0.059833
0.032638
0.026978
0.059626
0.029167
0.052096
0.036697
0.014414
0.023902
0.054714
0.023290
0.063108
0.026178
0.006387
0.048632
0.033450
0.013559
0.032319
0.055658
0.027802
0.012885
0.017709
0.034360
0.078953
0.070867
0.033531
0.026807
0.037813
0.010678
0.069956
0.011139
0.046311
0.038887
0.026736
0.037212
0.019891
0.015455
0.008208
0.008504
0.010662
0.008603
0.019341
0.011898
0.007094
0.107285
0.010868
0.004444
0.009550
0.012256
0.007638
0.016881
0.024973
0.027047
0.010584
0.025322
0.005482
0.006789
0.018829
0.006187
0.007695
0.008682
0.011770
0.011762
0.010623
0.023621
0.015823
0.005148
0.035068
0.008981
0.038646
0.012690
0.024809
0.006000
0.003318
0.007853
0.004084
0.009315
0.010199
0.014601
0.034781
0.030017
0.016576
0.033113
0.025604
0.162561
0.023081
0.009662
0.028435
0.037792
0.030639
0.026851
0.058495
0.041010
0.031810
0.059377
0.010615
0.018757
0.043900
0.023654
0.012722
0.029596
0.040532
0.033158
0.026427
0.028491
0.018489
0.019220
0.067191
0.027689
0.080090
0.008805
0.055379
0.014558
0.014889
0.025098
0.012416
0.029793
0.017416
0.014377
0.013472
0.008021
0.023333
0.015443
0.125693
0.010568
0.004530
0.010672
0.021448
0.017829
0.022456
0.036387
0.035498
0.015896
0.033206
0.005826
0.006262
0.023200
0.011681
0.007576
0.011795
0.023373
0.015548
0.007270
0.025255
0.015455
0.010632
0.041486
0.015010
0.050766
0.006611
0.040544
0.009778
0.009453
0.017729
0.007012
0.014480
0.026792
0.024407
0.027441
0.010948
0.013838
0.149387
0.022600
0.012800
0.025554
0.028784
0.023633
0.026051
0.042351
0.020450
0.020445
0.048597
0.012649
0.013541
0.034425
0.015542
0.009400
0.019566
0.023109
0.029604
0.022544
0.016590
0.012388
0.018527
0.065328
0.017051
0.069665
0.015646
0.045997
0.006367
0.005832
0.013265
0.009427
0.019858
0.002901
0.019241
0.012740
0.010052
0.085965
0.009031
0.015582
0.008893
0.005020
0.010495
0.034232
0.012412
0.029201
0.004323
0.007538
0.014558
0.008472
0.005246
0.005953
0.016762
0.004094
0.004880
0.007497
0.008755
0.031889
0.024703
0.011458
0.024677
0.008513
0.022236
0.023341
0.017434
0.013492
0.011244
0.012510
0.010854
0.003257
0.020331
0.014673
0.010111
0.090195
0.010545
0.013084
0.010856
0.003963
0.009141
0.031788
0.017171
0.031485
0.006983
0.011219
0.013642
0.009446
0.007809
0.007711
0.015901
0.006669
0.007496
0.008597
0.010606
0.033155
0.025821
0.009691
0.028803
0.010620
0.025911
0.021778
0.016474
0.013060
0.010787
0.012696
0.010971
0.005810
0.031892
0.021361
0.147440
0.012734
0.011424
0.017907
0.026808
0.029821
0.030866
0.045676
0.045907
0.020986
0.039637
0.009137
0.012291
0.025419
0.018544
0.012479
0.017045
0.030476
0.022079
0.013036
0.032826
0.019501
0.015109
0.049600
0.023909
0.062181
0.007130
0.046366
0.016917
0.019396
0.026213
0.014001
0.020534
0.010612
0.121711
0.018249
0.021483
0.022899
0.015468
0.020646
0.040539
0.022672
0.012100
0.009374
0.025966
0.020132
0.012201
0.016840
0.010157
0.015844
0.012071
0.008184
0.022474
0.020297
0.017412
0.017377
0.021545
0.054489
0.009867
0.048367
0.026684
0.031619
0.006932
0.006654
0.010187
0.012511
0.008270
0.115358
0.006473
0.012011
0.016392
0.009179
0.010583
0.020317
0.029326
0.035093
0.010521
0.020359
0.012524
0.007807
0.009686
0.011767
0.015781
0.012159
0.009435
0.009303
0.011357
0.034400
0.026036
0.007813
0.038838
0.016034
0.038132
0.022431
0.018168
0.009685
0.007811
0.004188
0.006531
0.008333
0.117557
0.124734
0.089238
0.086399
0.077711
0.119783
0.055524
0.138701
0.099347
0.060071
0.121527
0.114390
0.096670
0.099443
0.135983
0.093260
0.086381
0.086001
0.104542
0.158536
0.150818
0.104951
0.044232
0.101325
0.036586
0.151606
0.072838
0.134003
0.117901
0.113214
0.112704
0.091544
0.013504
0.016161
0.009941
0.015374
0.023099
0.033416
0.043696
0.014376
0.019305
0.010220
0.005277
0.009008
0.014586
0.016502
0.013095
0.012316
0.007008
0.009753
0.038736
0.027985
0.007248
0.036138
0.018932
0.037035
0.018348
0.019923
0.011364
0.010857
0.008842
0.008049
0.008727
0.010772
0.020015
0.014514
0.017975
0.034570
0.035013
0.014593
0.035297
0.004919
0.008456
0.025558
0.010242
0.007097
0.011859
0.022337
0.016571
0.011059
0.025254
0.014304
0.006974
0.041552
0.014265
0.051151
0.007200
0.036659
0.008880
0.008474
0.015547
0.006181
0.015661
0.017311
0.010376
0.027519
0.020763
0.033835
0.009328
0.020559
0.010037
0.011787
0.020052
0.007238
0.013113
0.007110
0.014988
0.013160
0.007193
0.031306
0.022386
0.010699
0.019512
0.009980
0.029977
0.017523
0.030152
0.017085
0.013635
0.020289
0.011248
0.012792
0.011063
0.034383
0.017905
0.037972
0.010058
0.009202
0.018782
0.012708
0.005852
0.012870
0.024251
0.011951
0.005830
0.009224
0.015918
0.040979
0.034622
0.010874
0.030474
0.014766
0.023871
0.030838
0.007857
0.017422
0.013639
0.010379
0.014104
0.006266
0.016919
0.021609
0.040140
0.014085
0.015078
0.014733
0.015428
0.015865
0.009728
0.020531
0.013800
0.011419
0.009439
0.013773
0.043768
0.034182
0.009357
0.019605
0.015597
0.022027
0.026929
0.014219
0.019924
0.013200
0.011169
0.009889
0.011546
0.055353
0.069985
0.037895
0.044299
0.017232
0.023221
0.038696
0.028644
0.025802
0.031451
0.035680
0.020190
0.023505
0.062547
0.044390
0.014554
0.040176
0.039382
0.049919
0.027025
0.037228
0.030031
0.025586
0.020689
0.015301
0.031465
0.028436
0.013999
0.014063
0.032477
0.027612
0.023251
0.014881
0.034117
0.013793
0.014148
0.024821
0.028250
0.037133
0.034633
0.030631
0.026513
0.013359
0.022429
0.045513
0.029089
0.030131
0.024695
0.029108
0.027617
0.013834
0.019593
0.049308
0.032190
0.030070
0.042492
0.017228
0.022150
0.023316
0.025060
0.049420
0.038829
0.006749
0.013294
0.043605
0.075124
0.012193
0.074829
0.033136
0.062325
0.017398
0.017152
0.032217
0.028430
0.024217
0.015148
0.014367
0.009595
0.011435
0.005023
0.012704
0.004927
0.006661
0.013915
0.010808
0.022273
0.017595
0.015156
0.032829
0.005707
0.032131
0.021106
0.025752
0.011435
0.009402
0.013708
0.010548
0.006065
0.032974
0.021688
0.006779
0.018458
0.038780
0.016359
0.009666
0.011521
0.019500
0.060628
0.052485
0.023984
0.016266
0.024289
0.008714
0.048666
0.011521
0.032917
0.027980
0.022334
0.023963
0.010333
0.008152
0.024228
0.008310
0.003709
0.010248
0.018476
0.013862
0.011199
0.023564
0.012229
0.005399
0.037632
0.011888
0.048196
0.004592
0.033466
0.008430
0.006706
0.014240
0.004699
0.014222
0.012857
0.009775
0.009690
0.006621
0.010886
0.009737
0.005419
0.025746
0.017801
0.008813
0.036732
0.013002
0.038728
0.014086
0.028221
0.006473
0.005936
0.009042
0.005187
0.006074
0.015095
0.028171
0.013057
0.007765
0.009333
0.013557
0.048120
0.040266
0.016573
0.031141
0.021365
0.025066
0.035627
0.012622
0.020780
0.018756
0.012626
0.016077
0.006053
0.007649
0.004298
0.007814
0.013396
0.010878
0.019206
0.012778
0.011249
0.029544
0.003672
0.033559
0.014355
0.027197
0.009111
0.006271
0.012413
0.006553
0.006746
0.009754
0.020502
0.021079
0.012575
0.015129
0.006641
0.013094
0.049470
0.010439
0.057694
0.004217
0.045808
0.007048
0.006795
0.018476
0.007386
0.015901
0.007806
0.010870
0.007046
0.023385
0.015385
0.011390
0.028053
0.007053
0.029969
0.017332
0.028401
0.011316
0.008719
0.014846
0.009230
0.005353
0.009899
0.015304
0.032307
0.027764
0.013800
0.029015
0.009806
0.023112
0.031276
0.013784
0.014239
0.010213
0.008526
0.012960
0.004808
0.009748
0.049489
0.035820
0.008200
0.020695
0.019491
0.019300
0.026763
0.015073
0.019657
0.014369
0.011141
0.010154
0.010093
0.035079
0.025102
0.011805
0.026657
0.016285
0.032614
0.017031
0.030497
0.015020
0.012908
0.016155
0.008514
0.009788
0.004345
0.037508
0.082752
0.012330
0.088938
0.019872
0.070744
0.013060
0.014988
0.033542
0.026323
0.028234
0.024975
0.067841
0.010295
0.076873
0.008813
0.061570
0.009085
0.010584
0.026775
0.016692
0.022965
0.029105
0.016290
0.034966
0.015577
0.018668
0.012548
0.010065
0.009321
0.006636
0.012359
0.038264
0.008582
0.056862
0.026028
0.053669
0.044441
0.040277
0.033753
0.029946
0.040622
0.017255
0.033085
0.008866
0.006668
0.015997
0.011377
0.010081
0.070017
0.019264
0.055611
0.046267
0.038164
0.038868
0.026698
0.052871
0.011224
0.012614
0.025622
0.011188
0.023344
0.036081
0.029055
0.016785
0.025519
0.017925
0.002935
0.010078
0.006624
0.010257
0.006994
0.004315
0.007944
0.006950
0.008613
0.008025
