0.052065
0.014046
0.009769
0.006682
0.005175
0.010241
0.006142
0.011567
0.011961
0.007996
0.007233
0.011734
0.008418
0.012435
0.011004
0.023161
0.019444
0.007689
0.014252
0.008594
0.014111
0.034857
0.012177
0.008025
0.002279
0.005254
0.008611
0.009329
0.009185
0.015832
0.025748
0.019063
0.013616
0.011804
0.041900
0.015128
0.009227
0.012223
0.010613
0.013969
0.012578
0.004420
0.013474
0.006666
0.007319
0.008291
0.010563
0.016417
0.003287
0.055870
0.033409
0.058977
0.066720
0.056078
0.045097
0.048290
0.083028
0.036569
0.038881
0.040067
0.047743
0.050452
0.069001
0.024050
0.024463
0.046112
0.038313
0.044554
0.024141
0.035016
0.061220
0.067677
0.047508
0.069324
0.047410
0.037379
0.088933
0.042943
0.073577
0.060926
0.071048
0.077341
0.030917
0.093288
0.050196
0.046785
0.038735
0.044665
0.087225
0.040109
0.045125
0.054229
0.039063
0.036283
0.070510
0.088378
0.047779
0.014792
0.009805
0.019659
0.012693
0.014663
0.015454
0.018660
0.025491
0.017953
0.018299
0.009448
0.022667
0.019389
0.024444
0.015866
0.010993
0.022068
0.002874
0.023818
0.027629
0.014510
0.015095
0.016474
0.016920
0.008069
0.015943
0.027049
0.021647
0.039877
0.018728
0.008438
0.029765
0.046627
0.033264
0.008932
0.013637
0.016954
0.012031
0.024202
0.015293
0.020500
0.014586
0.026065
0.008646
0.021553
0.026848
0.018441
0.012028
0.015582
0.005963
0.009988
0.007877
0.024402
0.010515
0.006786
0.009701
0.010563
0.007630
0.019788
0.014781
0.009682
0.009081
0.015246
0.007403
0.010009
0.016427
0.015822
0.010769
0.009130
0.015186
0.006676
0.005085
0.021785
0.007265
0.030097
0.016852
0.014719
0.023987
0.025041
0.029271
0.006404
0.010697
0.006779
0.004904
0.023832
0.005485
0.005611
0.012888
0.014681
0.009434
0.018185
0.019563
0.011079
0.009465
0.008418
0.008380
0.011671
0.006249
0.012801
0.012547
0.020687
0.005801
0.015412
0.008628
0.028178
0.021943
0.004757
0.019185
0.006379
0.015336
0.031913
0.005480
0.006591
0.009756
0.010648
0.007036
0.011267
0.012355
0.020717
0.022847
0.015452
0.005087
0.010844
0.049750
0.019052
0.009163
0.006499
0.008101
0.011390
0.010096
0.009296
0.013622
0.004387
0.017083
0.009456
0.005938
0.016775
0.007365
0.013844
0.008127
0.014573
0.011581
0.010256
0.015596
0.016329
0.014285
0.019096
0.012109
0.028879
0.026258
0.012747
0.016582
0.014166
0.018797
0.046877
0.015763
0.007757
0.005276
0.008031
0.010511
0.013354
0.007653
0.020499
0.024811
0.019114
0.015213
0.009723
0.048484
0.008310
0.014989
0.019283
0.015392
0.019929
0.011302
0.008632
0.017783
0.008641
0.009170
0.015964
0.010988
0.015926
0.006648
0.015205
0.005811
0.016060
0.015963
0.009717
0.016031
0.008774
0.006877
0.018229
0.030692
0.020167
0.010416
0.020542
0.008315
0.016322
0.022296
0.011547
0.004547
0.012524
0.012703
0.006118
0.007027
0.015356
0.008178
0.027996
0.015615
0.008554
0.019188
0.034764
0.026922
0.002281
0.008447
0.007443
0.002310
0.016234
0.008619
0.005113
0.011469
0.022279
0.010799
0.012234
0.009393
0.014478
0.017294
0.013763
0.007963
0.012856
0.015900
0.009713
0.020536
0.009239
0.013748
0.015914
0.005666
0.016698
0.007443
0.010574
0.033979
0.010985
0.011861
0.005074
0.013001
0.010694
0.013767
0.014987
0.023440
0.022990
0.023302
0.015498
0.012283
0.048187
0.017788
0.014948
0.013941
0.014448
0.017850
0.014731
0.008405
0.019345
0.005531
0.007256
0.008805
0.012501
0.027913
0.004491
0.024189
0.014092
0.011366
0.008609
0.014647
0.006922
0.029331
0.023637
0.011825
0.010851
0.008767
0.011677
0.015174
0.027138
0.020748
0.010343
0.010853
0.013305
0.003417
0.004386
0.022759
0.006346
0.037929
0.009625
0.015261
0.025529
0.019352
0.028011
0.007265
0.016280
0.007708
0.004859
0.027756
0.005760
0.003572
0.017003
0.017450
0.014384
0.017254
0.012315
0.014999
0.020004
0.021707
0.035680
0.011619
0.026179
0.007613
0.042422
0.039491
0.012188
0.034051
0.014540
0.026406
0.046569
0.007538
0.008790
0.017758
0.013743
0.017313
0.023514
0.010847
0.034500
0.020553
0.025700
0.010053
0.007122
0.074289
0.019439
0.016654
0.013034
0.020916
0.022893
0.007133
0.019715
0.025078
0.007003
0.025477
0.018573
0.005565
0.020096
0.013397
0.011375
0.016130
0.015546
0.016730
0.015394
0.015875
0.017785
0.010731
0.013280
0.015596
0.006395
0.033433
0.016755
0.013095
0.006805
0.015388
0.012186
0.008998
0.018618
0.018326
0.021935
0.021544
0.022616
0.013323
0.035174
0.020812
0.015874
0.015175
0.010537
0.018013
0.021214
0.006844
0.014322
0.008624
0.004798
0.013243
0.013489
0.026641
0.005462
0.010293
0.010895
0.007846
0.020648
0.024034
0.017272
0.011070
0.018224
0.011174
0.015308
0.022485
0.018888
0.014280
0.009455
0.009438
0.011543
0.006170
0.021522
0.010338
0.035730
0.021267
0.019732
0.025308
0.031852
0.034093
0.007410
0.010952
0.006583
0.010467
0.024227
0.005278
0.009456
0.015605
0.015219
0.008487
0.018745
0.019454
0.011131
0.022304
0.012852
0.034851
0.017337
0.009229
0.016451
0.007103
0.013947
0.021101
0.033231
0.033651
0.021697
0.008374
0.012886
0.008780
0.006524
0.030060
0.009068
0.052436
0.015387
0.027561
0.037852
0.017857
0.031900
0.014184
0.025635
0.013391
0.015314
0.038464
0.005128
0.012631
0.025510
0.012477
0.015815
0.031080
0.023441
0.015303
0.014395
0.011290
0.026540
0.019809
0.007066
0.023838
0.005203
0.011362
0.025905
0.004658
0.008909
0.012253
0.016722
0.009681
0.014185
0.019172
0.020443
0.021926
0.025227
0.009356
0.015203
0.047559
0.030277
0.008010
0.004699
0.010098
0.009030
0.013488
0.011276
0.013698
0.006340
0.019745
0.004093
0.009899
0.021682
0.010388
0.028764
0.030745
0.019669
0.014014
0.018533
0.014905
0.018939
0.024075
0.021815
0.012637
0.014386
0.014005
0.009293
0.007450
0.023982
0.008488
0.038170
0.019724
0.019626
0.027459
0.026476
0.035923
0.008149
0.014101
0.008487
0.006644
0.027874
0.007743
0.004305
0.020472
0.023676
0.016491
0.017878
0.011187
0.016042
0.033906
0.037313
0.013218
0.035393
0.014055
0.021398
0.042610
0.006685
0.010778
0.015571
0.018052
0.019628
0.024162
0.011679
0.035467
0.016394
0.032256
0.012013
0.008666
0.075801
0.019541
0.017556
0.011346
0.019075
0.025002
0.005947
0.019337
0.028700
0.004975
0.020563
0.014456
0.010306
0.028469
0.009522
0.006324
0.016736
0.016657
0.016651
0.014156
0.029323
0.031798
0.031680
0.017267
0.031553
0.017939
0.019216
0.044271
0.027661
0.045246
0.029708
0.034543
0.038316
0.031641
0.041523
0.027441
0.030759
0.025831
0.025984
0.047262
0.017853
0.026233
0.024255
0.015442
0.020126
0.036606
0.051687
0.020138
0.015147
0.010243
0.011243
0.013543
0.024405
0.029865
0.026064
0.015322
0.025147
0.009689
0.010933
0.042336
0.015896
0.050533
0.019141
0.026140
0.041154
0.017348
0.042119
0.017946
0.024947
0.016689
0.013910
0.045732
0.011071
0.015138
0.024264
0.017113
0.015387
0.032585
0.037756
0.019425
0.016057
0.005334
0.010973
0.023485
0.007444
0.009690
0.008126
0.013247
0.007271
0.011054
0.017179
0.018708
0.023088
0.018086
0.011337
0.013309
0.042928
0.024103
0.009968
0.008628
0.010660
0.011082
0.016237
0.009078
0.012979
0.005937
0.014128
0.007066
0.009827
0.022605
0.008483
0.017293
0.015858
0.042133
0.033237
0.022922
0.010945
0.018003
0.008391
0.007720
0.034099
0.016691
0.049186
0.012823
0.028589
0.032631
0.017882
0.031053
0.019879
0.026615
0.014758
0.018624
0.039540
0.007629
0.015762
0.022788
0.009809
0.019441
0.026594
0.027921
0.013968
0.013631
0.020562
0.009416
0.010633
0.010075
0.013225
0.005234
0.010366
0.021469
0.016419
0.030004
0.018077
0.008181
0.020891
0.039717
0.028688
0.006033
0.008431
0.011450
0.007723
0.019341
0.008876
0.013907
0.008287
0.017602
0.005333
0.014722
0.023122
0.011171
0.024849
0.014623
0.017528
0.012572
0.026965
0.013756
0.012383
0.029737
0.019325
0.022713
0.028796
0.024376
0.018872
0.030730
0.034662
0.016334
0.013664
0.012298
0.013964
0.027581
0.011185
0.014607
0.010156
0.010782
0.010323
0.017361
0.035419
0.011596
0.028800
0.034629
0.036000
0.042883
0.026741
0.024175
0.051537
0.019613
0.042027
0.040590
0.031074
0.050018
0.040767
0.067080
0.017848
0.021815
0.024443
0.015961
0.049325
0.030525
0.022528
0.031543
0.044723
0.021297
0.040577
0.048058
0.039980
0.007830
0.016409
0.021284
0.014764
0.021278
0.014898
0.027590
0.012696
0.029708
0.008263
0.008584
0.063865
0.025882
0.011923
0.006487
0.015646
0.014519
0.008308
0.018557
0.019283
0.003369
0.024428
0.009627
0.007371
0.025144
0.013394
0.010878
0.010059
0.008007
0.012220
0.008287
0.016285
0.019792
0.017693
0.007663
0.009117
0.047683
0.015954
0.007503
0.010448
0.012148
0.009314
0.008274
0.010575
0.010370
0.007022
0.019122
0.013558
0.007115
0.009060
0.011168
0.008043
0.008746
0.008744
0.011318
0.015156
0.028259
0.019313
0.017742
0.014467
0.036058
0.013570
0.012360
0.017726
0.012197
0.015875
0.017910
0.003920
0.014122
0.008737
0.003840
0.010148
0.015069
0.020728
0.003726
0.011121
0.011123
0.011754
0.017837
0.039379
0.016788
0.015511
0.019181
0.045741
0.018200
0.011877
0.019436
0.015267
0.018117
0.017296
0.007588
0.016168
0.015443
0.015352
0.017139
0.014670
0.011990
0.010339
0.004851
0.020566
0.010239
0.032902
0.007751
0.009494
0.021039
0.026410
0.023191
0.006504
0.011296
0.007377
0.005649
0.022062
0.005065
0.006425
0.011221
0.014871
0.010554
0.013371
0.013751
0.010209
0.023338
0.006181
0.037160
0.009189
0.016360
0.025811
0.019060
0.028606
0.006731
0.012772
0.004340
0.006810
0.027399
0.003331
0.005366
0.015535
0.012280
0.011627
0.017937
0.016298
0.011004
0.028654
0.022032
0.029841
0.015336
0.008165
0.070301
0.007528
0.017896
0.022967
0.022922
0.025064
0.006105
0.017760
0.024099
0.010635
0.020290
0.022830
0.011823
0.016174
0.012478
0.041361
0.016640
0.023099
0.035596
0.016889
0.036703
0.007676
0.019815
0.010608
0.007005
0.034724
0.009567
0.005389
0.024338
0.022154
0.016602
0.028210
0.017039
0.022888
0.048126
0.026467
0.012182
0.081214
0.028913
0.029551
0.021060
0.030849
0.032846
0.015461
0.033960
0.034225
0.012876
0.031920
0.026263
0.017848
0.039932
0.025452
0.016690
0.033551
0.030323
0.027311
0.016706
0.022441
0.014177
0.015597
0.033921
0.013994
0.012910
0.024531
0.024279
0.024712
0.022639
0.017152
0.020355
0.018364
0.056533
0.022164
0.008952
0.010348
0.013798
0.010915
0.011411
0.017258
0.016663
0.009685
0.028470
0.014462
0.010001
0.016881
0.016281
0.071981
0.014101
0.022192
0.018199
0.024030
0.026549
0.007272
0.020095
0.025830
0.005119
0.018412
0.021356
0.006157
0.024281
0.010922
0.070048
0.034457
0.048392
0.028898
0.026228
0.080044
0.024619
0.020097
0.055777
0.035974
0.041262
0.059745
0.045907
0.044897
0.030786
0.035750
0.032031
0.035996
0.016037
0.022765
0.032220
0.016911
0.018231
0.033716
0.018878
0.025077
0.015248
0.007856
0.007487
0.003278
0.018145
0.008551
0.007380
0.011724
0.021782
0.007134
0.015140
0.013611
0.015010
0.006644
0.009217
0.015636
0.013265
0.013255
0.008569
0.024456
0.007368
0.010789
0.021306
0.013422
0.007682
0.022291
0.005761
0.006838
0.013288
0.017002
0.009403
0.015412
0.017550
0.010863
0.024538
0.009843
0.003972
0.015081
0.024881
0.010555
0.016745
0.014827
0.018241
0.022450
0.027583
0.007801
0.026023
0.018948
0.008257
0.020373
0.014792
0.007493
0.011917
0.007559
0.009707
0.015600
0.015802
0.005399
0.018391
0.021589
0.015990
0.016506
0.011142
0.016582
0.012551
0.008675
0.005999
0.024108
0.005926
0.015224
0.020296
0.032557
0.005492
0.017292
0.028179
0.011035
0.015707
0.009994
0.022566
