0.562432
0.669361
0.624729
0.693558
0.591164
0.629357
0.550738
0.669033
0.657160
0.547156
0.533447
0.596400
0.690520
0.594550
0.698171
0.690395
0.591033
0.593182
0.633221
0.658443
0.721251
0.700830
0.519246
0.843169
0.525603
0.692341
0.650961
0.621901
0.631781
0.597479
0.667018
0.690906
0.727583
0.515858
0.514860
0.608740
0.706584
0.661313
0.647864
0.649811
0.588669
0.674424
0.538809
0.752694
0.640796
0.517998
0.751805
0.774028
0.749381
0.434267
0.443732
0.612527
0.457746
0.504803
0.427319
0.564925
0.657356
0.393836
0.563788
0.564958
0.605888
0.483744
0.576150
0.496557
0.384883
0.523059
0.511798
0.596637
0.537673
0.589311
0.399995
0.761811
0.447370
0.592371
0.369986
0.480630
0.431593
0.467260
0.612706
0.542853
0.600608
0.343311
0.397772
0.451407
0.562143
0.492874
0.523766
0.525202
0.541605
0.611221
0.516819
0.652221
0.515275
0.380356
0.628501
0.610372
0.645210
0.561180
0.546414
0.482383
0.592974
0.546087
0.586864
0.650991
0.525801
0.747344
0.634248
0.659610
0.641520
0.505997
0.608060
0.491247
0.575891
0.593845
0.594363
0.669315
0.619264
0.416902
0.700718
0.456819
0.529618
0.434036
0.528410
0.499237
0.559198
0.625146
0.506400
0.597177
0.452370
0.479273
0.479811
0.730103
0.498889
0.674576
0.554885
0.638285
0.759391
0.603258
0.613759
0.596304
0.550563
0.565489
0.658620
0.635448
0.641378
0.391866
0.554248
0.511684
0.395594
0.706741
0.265537
0.550947
0.520680
0.607090
0.435564
0.611648
0.618697
0.495694
0.403145
0.679359
0.559621
0.601564
0.615303
0.408595
0.678056
0.503332
0.651847
0.472372
0.563401
0.479086
0.486521
0.571727
0.513626
0.566603
0.435825
0.475749
0.586531
0.744049
0.447385
0.530433
0.653141
0.466482
0.671043
0.465793
0.606203
0.566476
0.443623
0.667957
0.690915
0.619145
0.592685
0.648823
0.623764
0.660934
0.579838
0.712477
0.704924
0.632821
0.767244
0.727492
0.630173
0.677268
0.658247
0.671141
0.795153
0.594754
0.564985
0.737761
0.498529
0.510506
0.576132
0.749192
0.713775
0.563854
0.617320
0.543392
0.538943
0.662356
0.512889
0.674824
0.553078
0.556416
0.826989
0.593123
0.751652
0.738991
0.701315
0.758809
0.658849
0.750677
0.568909
0.724075
0.586740
0.760174
0.752682
0.401393
0.457584
0.450997
0.598154
0.473459
0.563760
0.510172
0.470415
0.413989
0.538929
0.539034
0.447929
0.175845
0.572373
0.433121
0.551802
0.526028
0.421442
0.657897
0.485444
0.517968
0.579503
0.387363
0.436470
0.500393
0.612819
0.492602
0.547700
0.391432
0.504051
0.571735
0.691545
0.427767
0.476987
0.557701
0.449316
0.639738
0.503100
0.528178
0.418795
0.506879
0.641699
0.528845
0.616715
0.501929
0.645067
0.604070
0.517917
0.612076
0.522408
0.585403
0.488054
0.554001
0.596010
0.470705
0.451311
0.550004
0.583120
0.554887
0.575642
0.470076
0.672236
0.531908
0.531324
0.554316
0.568766
0.393093
0.596824
0.649093
0.514776
0.528981
0.522504
0.444509
0.575629
0.772427
0.488018
0.503545
0.536660
0.495532
0.606673
0.450103
0.528707
0.456336
0.523600
0.597722
0.572049
0.618295
0.573808
0.676916
0.433171
0.609786
0.500118
0.650321
0.520286
0.643855
0.658102
0.538948
0.508394
0.635662
0.550567
0.597567
0.614201
0.409529
0.677823
0.433064
0.644885
0.541970
0.595706
0.467123
0.504049
0.693100
0.575276
0.541937
0.344261
0.471442
0.617468
0.779240
0.554161
0.514981
0.630991
0.478732
0.673028
0.480214
0.639379
0.544512
0.441450
0.699367
0.715661
0.641815
0.690449
0.489135
0.511716
0.638767
0.698805
0.553111
0.668273
0.672439
0.596354
0.458707
0.675967
0.423707
0.628620
0.722210
0.548653
0.719486
0.635935
0.769443
0.651801
0.646440
0.474290
0.533521
0.533418
0.594610
0.627937
0.480774
0.673183
0.728698
0.795443
0.495231
0.669877
0.560903
0.535853
0.697916
0.670131
0.676293
0.580970
0.581650
0.734608
0.766380
0.641690
0.710866
0.725534
0.621932
0.816681
0.617843
0.621154
0.735689
0.704425
0.719347
0.754474
0.691058
0.562545
0.735896
0.668520
0.663693
0.643234
0.753956
0.670269
0.643129
0.594134
0.553334
0.697863
0.698592
0.684061
0.674669
0.583654
0.632189
0.853315
0.616198
0.725639
0.737228
0.667794
0.764801
0.630707
0.477629
0.471097
0.681454
0.721578
0.747382
0.580919
0.504383
0.480031
0.601567
0.492110
0.618038
0.609308
0.459703
0.504281
0.595069
0.633891
0.676186
0.630179
0.475808
0.711313
0.505004
0.637339
0.352655
0.502442
0.460376
0.418092
0.613934
0.493169
0.597588
0.436558
0.445796
0.562503
0.687865
0.549160
0.531932
0.639964
0.492532
0.633565
0.360129
0.598406
0.629666
0.123784
0.643319
0.662866
0.652931
0.588469
0.680707
0.547732
0.768346
0.705460
0.611636
0.543673
0.740007
0.610445
0.695084
0.700555
0.597568
0.633534
0.569513
0.735629
0.673121
0.695657
0.641109
0.540142
0.679346
0.623499
0.744286
0.602850
0.592763
0.745805
0.815534
0.636348
0.629802
0.705632
0.560748
0.606583
0.492263
0.710460
0.627223
0.575434
0.761621
0.762032
0.782066
0.662063
0.476647
0.703060
0.657143
0.593829
0.477865
0.747467
0.608689
0.445440
0.689657
0.538250
0.710729
0.530955
0.736491
0.617316
0.579556
0.481371
0.609454
0.668498
0.637768
0.583655
0.489838
0.542325
0.621244
0.788608
0.559701
0.506141
0.680120
0.480096
0.734295
0.399056
0.646668
0.307720
0.545122
0.749299
0.679416
0.704554
0.618486
0.713252
0.618672
0.611234
0.448583
0.723400
0.533929
0.627683
0.507918
0.609136
0.784471
0.658572
0.250561
0.706604
0.569954
0.633882
0.702574
0.725619
0.367067
0.685565
0.641421
0.630379
0.702149
0.808026
0.652664
0.528689
0.733539
0.619521
0.747599
0.600847
0.676665
0.670234
0.655774
0.691065
0.470265
0.730914
0.557070
0.522160
0.480392
0.461358
0.628688
0.603771
0.556622
0.550140
0.514569
0.696087
0.490004
0.604428
0.526442
0.591678
0.418692
0.515700
0.639575
0.606451
0.605408
0.375552
0.495525
0.602358
0.639435
0.500883
0.303062
0.513375
0.497294
0.504410
0.474616
0.654737
0.381720
0.499462
0.649947
0.584938
0.573675
0.598677
0.473217
0.642441
0.582296
0.624862
0.630256
0.633914
0.622328
0.673107
0.641677
0.668776
0.586666
0.488889
0.578052
0.657235
0.543378
0.639766
0.633760
0.621007
0.526378
0.511543
0.629417
0.480316
0.674049
0.507749
0.685884
0.626741
0.551455
0.650834
0.593629
0.602803
0.600661
0.650582
0.548813
0.335073
0.621429
0.419416
0.593525
0.651862
0.372405
0.521192
0.713846
0.635628
0.588759
0.596274
0.554578
0.543550
0.671575
0.713608
0.699403
0.690970
0.552170
0.576345
0.563697
0.554361
0.556918
0.408767
0.548433
0.665559
0.708939
0.638355
0.615723
0.622059
0.553376
0.659534
0.498666
0.669689
0.561012
0.345099
0.531818
0.620710
0.397633
0.460166
0.723601
0.545089
0.513694
0.439739
0.447546
0.407445
0.555614
0.631140
0.573452
0.572455
0.376064
0.462218
0.412148
0.499284
0.490088
0.483676
0.428746
0.575106
0.616716
0.576952
0.581771
0.560792
0.399729
0.516297
0.426689
0.584494
0.629568
0.440332
0.546287
0.624686
0.463826
0.718444
0.542230
0.582145
0.669344
0.459692
0.492803
0.600798
0.668772
0.532319
0.583232
0.438165
0.535747
0.678499
0.785619
0.423299
0.515770
0.590779
0.429852
0.683063
0.477868
0.592610
0.483526
0.581917
0.746277
0.653417
0.643327
0.620447
0.716737
0.544406
0.591743
0.867179
0.667702
0.608804
0.583915
0.589233
0.558599
0.609818
0.742355
0.733894
0.673602
0.498619
0.589676
0.513343
0.499696
0.678194
0.634977
0.414988
0.643008
0.717079
0.712381
0.705516
0.725525
0.475299
0.691186
0.579311
0.708092
0.563948
0.654089
0.501664
0.653089
0.670287
0.606619
0.701056
0.574396
0.519910
0.628754
0.574543
0.542689
0.537824
0.522739
0.647257
0.657300
0.790193
0.457581
0.647104
0.580157
0.613200
0.697126
0.627775
0.621058
0.605505
0.621673
0.694508
0.685516
0.649336
0.677800
0.601598
0.664545
0.594383
0.691346
0.664017
0.591869
0.519790
0.607677
0.681281
0.553668
0.522315
0.602354
0.536382
0.523576
0.764032
0.541888
0.547534
0.676889
0.552781
0.777083
0.620144
0.572264
0.403268
0.690206
0.718172
0.607834
0.524376
0.522777
0.759258
0.548651
0.452748
0.610266
0.611373
0.533456
0.666421
0.756175
0.599713
0.697352
0.601832
0.548345
0.633254
0.690570
0.618890
0.440006
0.609404
0.606369
0.734236
0.608249
0.648811
0.676813
0.657484
0.655215
0.443393
0.596181
0.608313
0.374115
0.551914
0.531195
0.601645
0.439421
0.385240
0.673846
0.544948
0.577511
0.435646
0.423668
0.558458
0.755285
0.399079
0.571914
0.540878
0.431153
0.639030
0.492365
0.644289
0.529274
0.503972
0.577224
0.682604
0.679365
0.765278
0.796249
0.704143
0.721549
0.662361
0.648334
0.563958
0.747035
0.646805
0.765064
0.741824
0.749242
0.891013
0.628954
0.794949
0.803826
0.749299
0.724189
0.683977
0.734256
0.619466
0.684660
0.684562
0.813293
0.781747
0.597991
0.524644
0.628865
0.480178
0.507731
0.735201
0.511743
0.624943
0.451247
0.309410
0.552420
0.741636
0.588175
0.473192
0.647596
0.417419
0.634479
0.463480
0.678685
0.493348
0.559910
0.593762
0.657282
0.642298
0.612827
0.591898
0.580807
0.631574
0.759221
0.453198
0.695084
0.588808
0.514607
0.617816
0.764962
0.727452
0.549423
0.643210
0.638025
0.724773
0.586318
0.671171
0.677173
0.625434
0.608980
0.424017
0.645814
0.552731
0.506042
0.591971
0.649560
0.617801
0.708953
0.524928
0.405957
0.378624
0.674851
0.602401
0.572493
0.554907
0.678101
0.717728
0.521144
0.622583
0.616738
0.348802
0.590442
0.671470
0.669786
0.575656
0.626643
0.549013
0.603936
0.682120
0.564544
0.537707
0.457699
0.602269
0.537389
0.604028
0.604713
0.684348
0.712900
0.514394
0.576015
0.623464
0.488873
0.604519
0.622036
0.652314
0.444206
0.592093
0.470064
0.526797
0.351195
0.531605
0.540553
0.706768
0.427693
0.483221
0.498909
0.485054
0.602810
0.548629
0.640050
0.490135
0.477685
0.626067
0.506754
0.518946
0.695658
0.599063
0.642461
0.472762
0.541195
0.555887
0.691986
0.585619
0.652501
0.634665
0.440319
0.593530
0.541241
0.693409
0.611902
0.441379
0.710051
0.679891
0.641098
0.658353
0.606390
0.652365
0.619952
0.616560
0.815916
0.612428
0.775607
0.714786
0.749539
0.734672
0.655244
0.726957
0.632521
0.629645
0.667592
0.770426
0.735788
0.622078
0.539735
0.542025
0.627648
0.818237
0.524533
0.586056
0.676152
0.589792
0.734851
0.596200
0.592249
0.628831
0.596488
0.578835
0.404715
0.584041
0.601418
0.537219
0.625222
0.799176
0.596346
0.623071
0.641300
0.548540
0.719448
0.617902
0.666236
0.587769
0.605517
0.604578
0.665120
0.673088
0.479235
0.537445
0.633917
0.494690
0.445220
0.496918
0.500145
0.635836
0.548988
0.653795
0.428053
0.389480
0.715471
0.557485
0.592905
0.466010
0.708653
0.594917
0.500047
0.596203
0.525670
0.657671
0.408254
0.628960
0.490004
0.467270
0.485719
0.577228
0.661989
0.612206
0.602146
0.596116
0.608804
0.685961
0.647583
0.623107
0.615124
0.630710
0.512327
0.564562
0.588832
0.643200
0.736359
0.674634
0.596941
0.782789
0.784860
0.759150
0.812404
0.757708
0.583039
0.749814
0.678289
0.747831
0.596460
0.522137
0.568120
0.704613
0.629093
0.565448
0.516900
0.625143
0.658613
0.650722
0.527688
0.610659
0.503456
0.593012
0.494347
0.564894
0.469980
0.549438
0.714813
0.547985
0.577427
0.641849
0.640837
0.689204
0.669499
0.618130
0.590340
0.662450
0.632286
0.678836
0.701851
0.465653
0.592578
0.533491
0.564146
0.715438
0.693931
0.533136
0.591962
0.791895
0.712937
0.601546
0.747273
0.707185
0.850056
0.619104
0.470163
0.428743
0.652986
0.727928
0.697023
0.635243
0.611812
0.702323
0.720023
0.534538
0.627796
0.676661
0.652393
0.672064
0.616188
0.639253
0.683573
0.590771
0.636269
0.678871
