0.059695
0.012345
0.021687
0.007763
0.045346
0.013505
0.013891
0.024497
0.005745
0.006051
0.010801
0.017662
0.022057
0.009807
0.055310
0.014021
0.021022
0.051024
0.017110
0.018723
0.012566
0.014986
0.019639
0.014502
0.005027
0.015271
0.012383
0.008024
0.012205
0.020653
0.026420
0.009024
0.053877
0.058603
0.007295
0.009385
0.019312
0.022148
0.010476
0.026645
0.008904
0.013517
0.012942
0.023288
0.009541
0.066172
0.017521
0.012550
0.012166
0.035030
0.078563
0.061480
0.025770
0.088324
0.058592
0.012160
0.053485
0.066573
0.069774
0.095927
0.101097
0.085809
0.055637
0.052136
0.040635
0.067191
0.033056
0.067822
0.061689
0.100078
0.081815
0.046746
0.040215
0.098135
0.076682
0.076852
0.099344
0.080394
0.030928
0.087524
0.117849
0.057263
0.077769
0.041059
0.073992
0.084117
0.062982
0.119714
0.037428
0.074697
0.079615
0.031110
0.031126
0.015619
0.027456
0.034868
0.072839
0.029435
0.022951
0.040219
0.027427
0.020282
0.010194
0.009249
0.020253
0.017190
0.029387
0.042341
0.022449
0.034778
0.018768
0.014231
0.048392
0.014853
0.021797
0.009352
0.035587
0.036706
0.021083
0.009928
0.026690
0.026354
0.021028
0.033339
0.027197
0.027443
0.026007
0.042878
0.063651
0.022153
0.011880
0.015477
0.042072
0.024119
0.038721
0.013912
0.024378
0.027732
0.016498
0.010588
0.041083
0.011042
0.011369
0.017903
0.014626
0.058201
0.022399
0.017989
0.045068
0.022578
0.022710
0.019743
0.019615
0.017369
0.019431
0.053240
0.026444
0.046332
0.036216
0.028367
0.036674
0.019812
0.014006
0.020723
0.027549
0.025003
0.016921
0.025589
0.024747
0.019792
0.022795
0.029479
0.013774
0.056466
0.051168
0.016947
0.018287
0.022423
0.024294
0.011313
0.039433
0.027896
0.021472
0.011013
0.035379
0.028474
0.090590
0.026078
0.035095
0.023781
0.042856
0.010882
0.009483
0.031270
0.011718
0.005220
0.012237
0.016135
0.013461
0.012601
0.067044
0.011693
0.026256
0.040092
0.014654
0.021056
0.021097
0.009882
0.009413
0.012727
0.010236
0.019788
0.009688
0.009456
0.010336
0.028939
0.017148
0.007555
0.073907
0.037495
0.006786
0.011209
0.029843
0.011545
0.003690
0.033278
0.013980
0.012287
0.008295
0.024341
0.011080
0.072221
0.018264
0.015738
0.017973
0.066378
0.041078
0.023667
0.047027
0.052564
0.058902
0.079270
0.082154
0.067423
0.064135
0.043939
0.045766
0.069558
0.030806
0.069534
0.058285
0.076338
0.064707
0.024756
0.034387
0.071088
0.064116
0.062767
0.079035
0.073644
0.022261
0.063793
0.127315
0.043112
0.060039
0.032800
0.064814
0.063461
0.043053
0.106249
0.026832
0.069772
0.055759
0.043221
0.023821
0.031051
0.028736
0.028209
0.069063
0.006878
0.046064
0.014504
0.008211
0.007591
0.007668
0.012568
0.006653
0.084632
0.012476
0.025704
0.055015
0.020551
0.016128
0.022339
0.007291
0.010358
0.021754
0.020545
0.016905
0.006887
0.005073
0.006969
0.040298
0.034011
0.006521
0.067733
0.054390
0.005360
0.020526
0.030755
0.013926
0.012262
0.015036
0.028708
0.013105
0.010679
0.034377
0.026298
0.095430
0.028187
0.024419
0.012083
0.027801
0.012805
0.009408
0.008276
0.014541
0.017736
0.010628
0.066185
0.009019
0.020432
0.040868
0.011208
0.015923
0.021227
0.013403
0.011217
0.014896
0.013718
0.023838
0.010439
0.009981
0.015942
0.035409
0.015469
0.010776
0.071047
0.033635
0.008521
0.009367
0.029918
0.014070
0.007818
0.025632
0.018113
0.015120
0.010089
0.020630
0.017525
0.072601
0.013973
0.016250
0.013154
0.020682
0.032210
0.032688
0.050389
0.058100
0.041578
0.038456
0.023779
0.017764
0.048731
0.014432
0.030604
0.026272
0.055683
0.047209
0.023441
0.013476
0.053053
0.039216
0.036263
0.054256
0.041907
0.019656
0.044471
0.068986
0.051549
0.037453
0.014065
0.035252
0.050860
0.032600
0.067087
0.013647
0.037590
0.040937
0.012494
0.012223
0.023113
0.008019
0.011644
0.032525
0.007566
0.008293
0.014537
0.021345
0.011404
0.057016
0.010238
0.014127
0.052482
0.016927
0.013274
0.010287
0.017606
0.021419
0.014925
0.005721
0.022809
0.013343
0.009328
0.016768
0.020764
0.026071
0.010849
0.047610
0.056563
0.010249
0.008265
0.020994
0.023364
0.013981
0.024971
0.010276
0.010923
0.014804
0.015715
0.011423
0.059976
0.013922
0.012653
0.008746
0.006367
0.010370
0.013364
0.007940
0.073907
0.008536
0.020515
0.046229
0.017118
0.011797
0.017482
0.009456
0.008058
0.014066
0.009091
0.023510
0.004069
0.004095
0.007962
0.027868
0.021053
0.007070
0.068132
0.044914
0.004285
0.012127
0.030894
0.010169
0.006801
0.020600
0.016179
0.007373
0.008963
0.019424
0.014479
0.081508
0.020189
0.016764
0.009981
0.006707
0.013383
0.005971
0.071945
0.009208
0.021179
0.048513
0.015866
0.009679
0.014752
0.010796
0.010546
0.017886
0.011968
0.023079
0.007424
0.004686
0.011140
0.027822
0.026732
0.007918
0.054141
0.047331
0.005617
0.012291
0.025761
0.012762
0.011895
0.013222
0.021880
0.007374
0.010786
0.020762
0.020147
0.085286
0.021213
0.023418
0.004538
0.007653
0.006701
0.080971
0.013795
0.030865
0.048228
0.029314
0.012176
0.016565
0.006594
0.010041
0.026936
0.023299
0.021690
0.007485
0.006620
0.008073
0.030585
0.037756
0.007311
0.054993
0.059997
0.007169
0.022252
0.027419
0.014625
0.013759
0.010908
0.034855
0.009225
0.008295
0.029402
0.034357
0.109990
0.029779
0.032356
0.008082
0.012748
0.090794
0.016904
0.038581
0.048349
0.033027
0.018306
0.027972
0.004764
0.007151
0.028425
0.026413
0.029457
0.009978
0.011698
0.007537
0.032243
0.037550
0.008512
0.065458
0.052436
0.009365
0.024695
0.039591
0.010677
0.012524
0.022698
0.037172
0.008565
0.009918
0.034101
0.037159
0.117475
0.033021
0.040289
0.014182
0.065498
0.013540
0.027311
0.054076
0.023100
0.013452
0.012708
0.006076
0.012321
0.024416
0.016648
0.014841
0.007217
0.003397
0.005419
0.023723
0.035467
0.003116
0.046879
0.062558
0.002478
0.014356
0.018909
0.017044
0.011283
0.008349
0.025409
0.010003
0.008240
0.028788
0.026603
0.098436
0.024235
0.024960
0.006628
0.070145
0.063930
0.070192
0.057152
0.074549
0.035034
0.080971
0.089628
0.070382
0.053722
0.054231
0.081218
0.074757
0.081213
0.046181
0.063494
0.069730
0.049503
0.113380
0.068776
0.042805
0.025448
0.101908
0.060968
0.091826
0.053365
0.076934
0.070251
0.050332
0.054012
0.065742
0.034996
0.044950
0.066680
0.011481
0.044401
0.010934
0.010294
0.017831
0.017469
0.010617
0.011298
0.011710
0.034127
0.007112
0.007690
0.017174
0.037638
0.016950
0.014478
0.068103
0.037478
0.009368
0.012470
0.032250
0.012703
0.011456
0.028777
0.018785
0.010760
0.013137
0.013390
0.015520
0.064790
0.013004
0.015279
0.011853
0.057199
0.016513
0.015624
0.021814
0.038460
0.031381
0.020566
0.017375
0.045707
0.020564
0.020754
0.035485
0.051688
0.027544
0.031644
0.066206
0.057492
0.025101
0.021783
0.035982
0.036849
0.029101
0.042210
0.024829
0.024309
0.032691
0.016625
0.017489
0.044538
0.012849
0.012508
0.021523
0.048540
0.045661
0.045902
0.051612
0.039793
0.048060
0.046309
0.062087
0.044190
0.053892
0.058153
0.054406
0.027822
0.054940
0.101254
0.049463
0.050717
0.040397
0.057226
0.048055
0.031962
0.078278
0.048829
0.046430
0.036393
0.034038
0.046549
0.099195
0.033882
0.046913
0.049883
0.024002
0.023362
0.029548
0.020807
0.015478
0.012040
0.035329
0.019677
0.017844
0.028360
0.046001
0.014396
0.023824
0.076459
0.030721
0.017464
0.013022
0.033048
0.022188
0.017262
0.043471
0.017811
0.021581
0.023521
0.019029
0.011068
0.041661
0.011692
0.014723
0.020507
0.020284
0.020387
0.016587
0.025223
0.017019
0.039829
0.009019
0.008808
0.019129
0.033730
0.031616
0.018371
0.053463
0.057334
0.013267
0.017287
0.034533
0.023105
0.020694
0.018975
0.028992
0.009697
0.019985
0.013115
0.027992
0.089513
0.018777
0.022625
0.006880
0.022091
0.027507
0.025736
0.015920
0.018456
0.018945
0.015660
0.021162
0.019548
0.034342
0.015871
0.031196
0.072944
0.014521
0.015176
0.006945
0.033926
0.018667
0.025288
0.022281
0.018697
0.017402
0.020657
0.021646
0.068724
0.016725
0.019278
0.012420
0.007551
0.026556
0.023355
0.016480
0.008024
0.007532
0.001855
0.027755
0.037345
0.002795
0.061694
0.057720
0.003973
0.021076
0.030204
0.011466
0.008770
0.015255
0.032383
0.010047
0.006445
0.036444
0.032357
0.113433
0.031961
0.034494
0.013068
0.020514
0.021607
0.032524
0.003973
0.008385
0.008886
0.041276
0.021745
0.010967
0.082748
0.035317
0.006802
0.021748
0.042727
0.003231
0.007380
0.024713
0.032003
0.009647
0.008257
0.026874
0.027953
0.101674
0.026949
0.031800
0.014595
0.012078
0.033880
0.018315
0.018049
0.027195
0.039602
0.016534
0.021666
0.081811
0.038724
0.017933
0.014495
0.037150
0.021239
0.013725
0.045844
0.014665
0.023002
0.018998
0.022162
0.010587
0.054967
0.017505
0.015742
0.024242
0.028831
0.015756
0.012363
0.021866
0.021719
0.017693
0.015700
0.059359
0.044271
0.012590
0.005364
0.026082
0.023367
0.012996
0.036470
0.004907
0.013329
0.016437
0.014065
0.005902
0.051493
0.010959
0.010969
0.012709
0.027525
0.020340
0.016389
0.029932
0.051483
0.013115
0.050113
0.087920
0.015998
0.026165
0.013207
0.039779
0.019747
0.027492
0.033036
0.031732
0.019937
0.051827
0.032556
0.096112
0.035617
0.029940
0.026751
0.002922
0.006702
0.035565
0.025256
0.008929
0.068411
0.047436
0.003928
0.018407
0.034376
0.008887
0.009218
0.016663
0.026407
0.006990
0.009123
0.021498
0.023242
0.092847
0.022288
0.022493
0.008888
0.005101
0.029967
0.030495
0.005105
0.056615
0.055063
0.001817
0.014670
0.025994
0.012238
0.010494
0.011985
0.022218
0.007072
0.010021
0.023660
0.020732
0.088877
0.022312
0.020234
0.006019
0.029443
0.041031
0.003410
0.059702
0.064259
0.002900
0.022561
0.029486
0.012973
0.011200
0.013340
0.032124
0.009257
0.009828
0.036831
0.030925
0.110745
0.033197
0.032553
0.012156
0.048168
0.021949
0.032187
0.083333
0.025194
0.017106
0.021752
0.045495
0.026967
0.039003
0.024678
0.023592
0.024878
0.030925
0.034666
0.101406
0.031060
0.038702
0.022753
0.033905
0.102530
0.016778
0.028204
0.015508
0.049128
0.022866
0.014137
0.063654
0.018210
0.029892
0.022964
0.015515
0.015231
0.053128
0.012801
0.018928
0.033228
0.053555
0.057136
0.002427
0.014136
0.021838
0.013578
0.008351
0.014858
0.022643
0.009302
0.005748
0.031814
0.023963
0.096880
0.025950
0.025870
0.010263
0.151320
0.055683
0.053498
0.025405
0.093585
0.072420
0.050392
0.068272
0.052810
0.065531
0.062351
0.074460
0.124411
0.058734
0.069163
0.041092
0.052249
0.042552
0.091555
0.030656
0.037792
0.091888
0.048264
0.047163
0.043476
0.043986
0.040485
0.085064
0.042385
0.055135
0.058720
0.012575
0.023237
0.010511
0.006996
0.013573
0.020910
0.007018
0.006208
0.025418
0.020412
0.089978
0.021596
0.021510
0.007571
0.021276
0.024289
0.010411
0.034517
0.007043
0.016504
0.014357
0.011794
0.011056
0.057733
0.007418
0.011476
0.013294
0.050557
0.027513
0.033736
0.030074
0.032707
0.026317
0.036876
0.030994
0.076604
0.024867
0.026203
0.023447
0.010770
0.031493
0.031142
0.012145
0.010939
0.031568
0.028669
0.103139
0.033733
0.037222
0.018168
0.030655
0.016495
0.014236
0.005736
0.021735
0.015508
0.079276
0.016390
0.018470
0.016522
0.052288
0.019991
0.024529
0.045974
0.052734
0.135880
0.047113
0.047597
0.012615
0.024618
0.021450
0.019684
0.006060
0.045601
0.014183
0.011243
0.023691
0.010949
0.019483
0.024064
0.093321
0.023223
0.029234
0.006458
0.027435
0.023171
0.093772
0.022531
0.026033
0.014050
0.020490
0.057436
0.007845
0.015995
0.018427
0.036192
0.013192
0.009931
0.025712
0.040504
0.039165
0.089570
0.008363
0.020326
0.026222
