0.820108
0.843756
0.789062
0.790250
0.658835
0.643036
0.719537
0.759866
0.686398
0.653749
0.718864
0.692261
0.787896
0.571263
0.750396
0.757878
0.667258
0.590827
0.713947
0.498049
0.922921
0.555028
0.809147
0.778268
0.673457
0.562558
0.730810
0.812604
0.569704
0.749100
0.750821
0.757558
0.686975
0.771724
0.811828
0.639699
0.665798
0.832440
0.808350
0.795063
0.795991
0.797944
0.704139
0.609319
0.657690
0.742193
0.687111
0.632621
0.861769
0.791234
0.672120
0.756977
0.691143
0.726963
0.717778
0.617616
0.713875
0.655197
0.717462
0.774666
0.664025
0.747405
0.517911
0.730268
0.585712
0.693264
0.834289
0.595667
0.706216
0.643321
0.814195
0.675988
0.479882
0.802870
0.816382
0.552594
0.577561
0.806225
0.764521
0.771556
0.769761
0.620015
0.610886
0.655782
0.629147
0.587198
0.608552
0.712828
0.654664
0.487336
0.774538
0.637441
0.639617
0.606250
0.775529
0.645188
0.786596
0.860580
0.873165
0.686093
0.878163
0.811107
0.666166
0.753457
0.857682
0.752403
0.799165
0.840105
0.773160
0.730307
0.786767
0.740905
0.824080
0.867800
0.701338
0.855463
0.616044
0.882105
0.762550
0.760582
0.732593
0.810193
0.867254
0.691277
0.740212
0.874128
0.790876
0.792513
0.648754
0.703630
0.717203
0.716499
0.744336
0.869819
0.817541
0.768082
0.830647
0.841741
0.805167
0.813734
0.777533
0.812096
0.701350
0.936753
0.731598
0.619881
0.723121
0.538053
0.719678
0.729276
0.714035
0.841711
0.641076
0.461979
0.670484
0.638014
0.591980
0.613304
0.597129
0.783361
0.715673
0.760264
0.683851
0.500281
0.634363
0.601775
0.683975
0.824355
0.818769
0.747788
0.766945
0.708889
0.661944
0.688488
0.793264
0.623870
0.625291
0.675500
0.637285
0.385535
0.840016
0.754384
0.615517
0.621924
0.743150
0.646300
0.740375
0.770885
0.631816
0.745546
0.797930
0.856118
0.499015
0.756320
0.779529
0.752814
0.837711
0.853743
0.550591
0.700488
0.549801
0.660601
0.751785
0.634750
0.870347
0.740070
0.877945
0.704079
0.789679
0.729443
0.740708
0.861715
0.710215
0.818585
0.798496
0.755487
0.817640
0.803758
0.846752
0.818704
0.699935
0.551386
0.801893
0.617199
0.680342
0.889019
0.884875
0.604579
0.857221
0.757904
0.767890
0.812244
0.730384
0.753831
0.725247
0.656887
0.633081
0.636241
0.442542
0.657253
0.668780
0.488698
0.703670
0.640433
0.496690
0.568847
0.491880
0.598462
0.690056
0.535848
0.691118
0.484646
0.668425
0.528024
0.565378
0.615167
0.712088
0.767726
0.622107
0.709599
0.608830
0.624449
0.726053
0.624887
0.515950
0.572953
0.476924
0.627642
0.581179
0.698937
0.672511
0.694406
0.664230
0.582072
0.568919
0.643845
0.710635
0.394029
0.812076
0.687066
0.653940
0.626257
0.659378
0.681436
0.648299
0.695111
0.520620
0.573814
0.705186
0.561731
0.561729
0.605056
0.573336
0.820734
0.542138
0.765201
0.726068
0.592275
0.627626
0.625293
0.712058
0.574662
0.631030
0.681674
0.622582
0.681049
0.681464
0.731564
0.625854
0.626789
0.750939
0.734337
0.722032
0.685834
0.714465
0.500232
0.698051
0.513005
0.614859
0.710197
0.611786
0.729094
0.748972
0.625605
0.642312
0.807972
0.669482
0.476401
0.684558
0.585975
0.299111
0.627280
0.688730
0.807572
0.669801
0.834082
0.627638
0.678570
0.763367
0.685761
0.677531
0.743643
0.775393
0.628735
0.717771
0.776162
0.695591
0.761724
0.774911
0.636878
0.717698
0.734835
0.584868
0.472504
0.846978
0.804159
0.665326
0.751020
0.700195
0.715369
0.710435
0.679830
0.669188
0.637207
0.690225
0.556897
0.657941
0.579572
0.651856
0.679152
0.574500
0.650733
0.636033
0.729779
0.734302
0.643007
0.577504
0.601000
0.753810
0.560337
0.539536
0.706947
0.712570
0.533599
0.622293
0.574817
0.674575
0.531411
0.735228
0.559603
0.522877
0.482167
0.494759
0.536472
0.602097
0.691529
0.615274
0.606049
0.657338
0.675651
0.507827
0.674240
0.764526
0.570468
0.762561
0.634389
0.699679
0.480888
0.726676
0.542831
0.574534
0.633447
0.493314
0.538460
0.642627
0.542598
0.732819
0.404221
0.780470
0.643711
0.633715
0.536350
0.704202
0.741970
0.631802
0.640228
0.655463
0.581354
0.706814
0.644560
0.634624
0.573624
0.623148
0.641145
0.677176
0.657200
0.654723
0.730082
0.647932
0.478538
0.585654
0.536071
0.567512
0.455122
0.818102
0.643047
0.556466
0.726364
0.644517
0.583029
0.528537
0.631159
0.647446
0.714542
0.575794
0.689895
0.597453
0.764591
0.688665
0.587865
0.626296
0.733063
0.454373
0.620360
0.726347
0.705508
0.563755
0.659066
0.663645
0.647018
0.637548
0.579665
0.612488
0.613762
0.649374
0.627969
0.626030
0.628523
0.566227
0.636041
0.572756
0.659442
0.564067
0.628815
0.733359
0.814058
0.687231
0.601569
0.760201
0.637786
0.684089
0.775857
0.644757
0.617370
0.644350
0.838145
0.667924
0.711071
0.626981
0.771956
0.733340
0.713528
0.719966
0.707113
0.617055
0.736748
0.282411
0.675157
0.642433
0.594005
0.633990
0.816372
0.573373
0.601822
0.678628
0.782464
0.722299
0.642134
0.475589
0.716095
0.671246
0.705541
0.733010
0.566823
0.642169
0.686559
0.350615
0.657458
0.650030
0.567921
0.636414
0.525721
0.734384
0.606126
0.585976
0.565897
0.639718
0.772767
0.603231
0.721766
0.676395
0.515577
0.714885
0.665449
0.630809
0.648554
0.634046
0.692328
0.575542
0.638775
0.652771
0.712943
0.589773
0.544576
0.551361
0.671284
0.660682
0.462909
0.797462
0.664150
0.620395
0.529141
0.638264
0.651725
0.678882
0.680316
0.819205
0.643632
0.636500
0.670519
0.618084
0.704766
0.711868
0.732641
0.728183
0.602979
0.732437
0.648499
0.682768
0.747392
0.587040
0.637429
0.669286
0.518387
0.541693
0.865299
0.750697
0.618198
0.634100
0.717255
0.664600
0.768726
0.716359
0.659637
0.685048
0.659277
0.689113
0.563361
0.474545
0.604857
0.526617
0.839221
0.406131
0.694081
0.704328
0.558185
0.527745
0.602535
0.699527
0.487742
0.592843
0.665298
0.643310
0.564824
0.656093
0.745309
0.594830
0.631371
0.729956
0.695902
0.682581
0.713362
0.735498
0.588845
0.572579
0.546715
0.592655
0.592043
0.533502
0.705311
0.602271
0.588581
0.567024
0.786270
0.646774
0.579225
0.581125
0.713327
0.575051
0.511553
0.702183
0.712518
0.645457
0.608397
0.651049
0.587735
0.617010
0.752760
0.612136
0.586762
0.468092
0.508370
0.536185
0.662195
0.642149
0.648461
0.444608
0.738106
0.590352
0.589651
0.448469
0.627272
0.493280
0.772950
0.749825
0.743931
0.797983
0.718534
0.821942
0.626245
0.628318
0.697225
0.674771
0.721555
0.838312
0.689941
0.647043
0.741595
0.701996
0.667655
0.793343
0.733651
0.586080
0.693911
0.587925
0.615167
0.429678
0.770153
0.728468
0.714430
0.760461
0.697421
0.694621
0.668259
0.720667
0.616725
0.580355
0.529115
0.642363
0.376604
0.693104
0.440020
0.824767
0.607752
0.527775
0.547551
0.590760
0.752795
0.622044
0.611180
0.646348
0.565385
0.625631
0.595295
0.583332
0.548809
0.663705
0.596663
0.605897
0.727113
0.649714
0.594393
0.608163
0.545384
0.463549
0.665407
0.700698
0.470492
0.782165
0.615434
0.521256
0.779966
0.484769
0.764215
0.669702
0.581809
0.587286
0.534355
0.700933
0.587765
0.592414
0.658218
0.585043
0.508618
0.670179
0.697159
0.391697
0.653725
0.703992
0.678477
0.764431
0.727995
0.643869
0.562094
0.595875
0.483637
0.611907
0.519342
0.535324
0.762126
0.675232
0.829882
0.624335
0.690665
0.686623
0.668432
0.631921
0.742291
0.784714
0.784934
0.662075
0.682015
0.488063
0.656628
0.761278
0.720897
0.709533
0.673352
0.787877
0.814141
0.576132
0.757104
0.831207
0.566149
0.664019
0.652008
0.828883
0.774916
0.649731
0.784727
0.798160
0.460178
0.805077
0.625765
0.519392
0.554901
0.626081
0.730006
0.539153
0.638784
0.683228
0.642041
0.679910
0.595213
0.732642
0.517994
0.560847
0.591528
0.728725
0.768848
0.702161
0.661697
0.660409
0.605884
0.488293
0.687168
0.655729
0.507928
0.853044
0.780050
0.842987
0.607907
0.671860
0.779894
0.927120
0.812692
0.780528
0.847033
0.708120
0.651827
0.941067
0.504964
0.594370
0.665881
0.632119
0.709950
0.697317
0.412472
0.640841
0.714662
0.777773
0.642840
0.789851
0.493057
0.749007
0.682416
0.809834
0.785300
0.678518
0.443140
0.507620
0.590649
0.678410
0.503460
0.528344
0.690414
0.620256
0.598096
0.548016
0.556856
0.527671
0.610921
0.649939
0.639103
0.653979
0.600325
0.734606
0.620964
0.489215
0.510544
0.560825
0.529991
0.361362
0.747926
0.621928
0.701729
0.780991
0.873391
0.885100
0.739672
0.829813
0.737027
0.748556
0.862714
0.816092
0.783157
0.703339
0.638990
0.746337
0.629953
0.788954
0.800284
0.778155
0.676491
0.819028
0.715072
0.793663
0.853176
0.723626
0.806989
0.651613
0.683272
0.653678
0.762015
0.755169
0.716166
0.615305
0.570478
0.844173
0.607104
0.571838
0.493250
0.306928
0.625174
0.640859
0.659772
0.750857
0.601185
0.659584
0.699097
0.520814
0.713506
0.765826
0.558968
0.797415
0.720517
0.672699
0.602433
0.537284
0.631727
0.706399
0.641993
0.628825
0.625241
0.566914
0.594137
0.575999
0.699891
0.547828
0.680754
0.623021
0.587505
0.581446
0.645402
0.491904
0.648216
0.708760
0.438918
0.701132
0.704259
0.790318
0.629050
0.650908
0.687654
0.534731
0.599908
0.680333
0.659142
0.592499
0.632120
0.624724
0.774103
0.710918
0.708973
0.777220
0.514965
0.550719
0.637025
0.669131
0.609116
0.568321
0.785912
0.752827
0.724157
0.550107
0.819265
0.748718
0.684301
0.715769
0.788796
0.599296
0.722712
0.696667
0.815582
0.880454
0.767223
0.730769
0.653200
0.789091
0.493473
0.792750
0.673130
0.676431
0.912753
0.623952
0.726886
0.793300
0.606242
0.639829
0.703395
0.743584
0.667032
0.654083
0.709625
0.768676
0.752440
0.680114
0.542074
0.738366
0.661298
0.669579
0.597836
0.733070
0.623770
0.748043
0.730219
0.708763
0.727502
0.675743
0.700620
0.728967
0.615143
0.636357
0.737023
0.696037
0.716162
0.732985
0.608674
0.675116
0.573600
0.633550
0.658869
0.661905
0.520894
0.761783
0.731976
0.524457
0.536468
0.678372
0.679618
0.580736
0.622080
0.554304
0.795447
0.801984
0.688939
0.765122
0.640986
0.750856
0.529455
0.737155
0.714873
0.617233
0.791335
0.658431
0.762767
0.694924
0.646217
0.580079
0.582057
0.724976
0.662609
0.742581
0.767090
0.715767
0.735751
0.713209
0.611095
0.753219
0.828987
0.709177
0.779751
0.574956
0.668789
0.644755
0.570270
0.571996
0.547534
0.720712
0.698073
0.643432
0.715926
0.573278
0.661532
0.534514
0.623722
0.684785
0.554570
0.723146
0.753929
0.664035
0.645056
0.719915
0.778405
0.787702
0.832204
0.662318
0.755040
0.596727
0.711900
0.597251
0.750550
0.686297
0.690551
0.759346
0.578737
0.629366
0.590944
0.638407
0.725541
0.470195
0.514336
0.656889
0.724848
0.703079
0.589713
0.437351
0.698068
0.644437
0.775580
0.633107
0.550131
0.489543
0.480303
0.610565
0.592231
0.684218
0.663389
0.605026
0.654099
0.651263
0.797322
0.607339
0.645663
0.496507
0.575769
0.635702
0.729775
0.662675
0.497891
0.650067
0.619986
0.403031
0.639244
0.587584
0.519864
0.777426
0.595790
0.641422
0.638614
0.664833
0.598154
0.619112
0.673454
0.510140
0.607095
0.715646
0.497675
0.788016
0.625852
0.826511
0.701412
0.585968
0.679334
0.741727
0.650424
0.662582
0.790717
0.665526
0.767625
0.755425
0.720683
0.572247
0.683512
0.701147
0.606782
0.736931
0.792285
0.616244
0.558091
0.523780
0.733750
0.782774
0.513322
0.722655
0.406149
0.696639
0.606124
0.817429
0.715608
0.706041
0.662537
0.634740
0.456715
0.718781
0.628183
0.828270
0.708332
0.732552
0.650918
0.589956
0.741895
0.634543
0.792720
0.677979
0.558882
0.779668
0.715220
0.636421
0.756493
0.666421
0.595356
0.521606
0.533589
0.712729
0.703502
0.613561
0.508456
0.756668
0.610987
0.547295
0.801140
0.573330
0.803447
0.775743
