0.013723
0.011641
0.120407
0.092688
0.041159
0.029632
0.025246
0.016016
0.013098
0.013084
0.007040
0.015537
0.015368
0.025888
0.027917
0.014824
0.080938
0.022948
0.044861
0.044113
0.136392
0.022317
0.127520
0.035253
0.031011
0.040950
0.029839
0.022697
0.019526
0.015458
0.029662
0.014692
0.030036
0.041928
0.060587
0.041339
0.015222
0.016635
0.025869
0.015248
0.013258
0.011900
0.011725
0.073468
0.008960
0.010741
0.144345
0.069301
0.009448
0.013395
0.136491
0.090198
0.039716
0.044853
0.022328
0.013187
0.016197
0.008527
0.010628
0.027113
0.017617
0.025213
0.047563
0.027162
0.088258
0.024625
0.048536
0.032446
0.178191
0.022625
0.112230
0.039826
0.037046
0.049700
0.036840
0.040848
0.037402
0.020853
0.022134
0.022095
0.017757
0.031197
0.047271
0.041787
0.012922
0.010906
0.019275
0.026070
0.021631
0.013282
0.007706
0.111127
0.015676
0.005544
0.144914
0.061151
0.030329
0.154905
0.112329
0.057503
0.043449
0.032454
0.016167
0.022955
0.017841
0.011570
0.012988
0.018319
0.031237
0.052501
0.030665
0.108318
0.036855
0.060304
0.042179
0.181599
0.037113
0.136954
0.037868
0.035205
0.039256
0.034386
0.043225
0.042346
0.017095
0.032751
0.035143
0.027883
0.049169
0.052590
0.036695
0.024069
0.023992
0.025009
0.033488
0.021215
0.021073
0.012710
0.106572
0.020351
0.017019
0.165686
0.056605
0.021695
0.028800
0.045632
0.052313
0.151346
0.120625
0.079063
0.111953
0.145171
0.191110
0.149979
0.094298
0.061125
0.142598
0.029905
0.069701
0.047130
0.103542
0.171287
0.072866
0.072113
0.085870
0.088967
0.124742
0.067494
0.059468
0.072998
0.107254
0.113137
0.101516
0.180886
0.082137
0.099724
0.127962
0.115814
0.112783
0.188366
0.078825
0.116613
0.123099
0.134362
0.191759
0.091917
0.124185
0.026906
0.163842
0.141232
0.022775
0.040066
0.096969
0.082106
0.056774
0.077058
0.100363
0.155409
0.105355
0.060825
0.057787
0.110072
0.013244
0.042279
0.036643
0.051940
0.211064
0.049768
0.037130
0.053841
0.060717
0.093900
0.044587
0.061767
0.074734
0.071252
0.065975
0.068858
0.117220
0.052309
0.048487
0.082994
0.093869
0.077893
0.130343
0.062012
0.098227
0.089902
0.094276
0.206959
0.063199
0.090083
0.017250
0.119298
0.121741
0.017157
0.049589
0.037058
0.016212
0.030641
0.051107
0.087340
0.056249
0.026438
0.027442
0.055894
0.027660
0.014273
0.009158
0.027377
0.160756
0.011895
0.045464
0.027149
0.026182
0.054180
0.018502
0.025073
0.030193
0.028304
0.030777
0.034668
0.069885
0.023035
0.031828
0.045718
0.041685
0.032841
0.079411
0.024517
0.045058
0.040159
0.042172
0.145515
0.021244
0.039889
0.045537
0.074774
0.063294
0.050504
0.031307
0.012593
0.029233
0.043160
0.065291
0.046600
0.027531
0.011598
0.046042
0.038853
0.012694
0.019369
0.038165
0.121625
0.022599
0.084656
0.022443
0.024812
0.044587
0.011557
0.014947
0.019882
0.024207
0.040077
0.029132
0.072096
0.036611
0.042569
0.038762
0.037807
0.032088
0.074382
0.015553
0.035200
0.036692
0.036217
0.113956
0.019699
0.039326
0.070665
0.085718
0.040824
0.018723
0.031454
0.024232
0.020183
0.042725
0.010573
0.017507
0.056793
0.033042
0.082961
0.034421
0.063767
0.025815
0.174218
0.041626
0.108038
0.029950
0.027841
0.036398
0.040114
0.051300
0.053369
0.034777
0.016387
0.028580
0.015988
0.034048
0.046832
0.023415
0.044350
0.029946
0.017942
0.045470
0.035361
0.036620
0.029558
0.138839
0.025475
0.027238
0.146988
0.053612
0.043163
0.016419
0.014993
0.017947
0.031808
0.010161
0.013221
0.043027
0.033704
0.073034
0.023114
0.046293
0.022685
0.167327
0.030070
0.098875
0.022657
0.018478
0.028018
0.023352
0.031357
0.036658
0.025688
0.017567
0.026519
0.022039
0.026745
0.035601
0.022404
0.022681
0.020158
0.022303
0.029944
0.015877
0.027544
0.018236
0.120773
0.019514
0.014910
0.128690
0.045835
0.032800
0.009819
0.020817
0.040010
0.026780
0.017317
0.017393
0.029341
0.054930
0.008327
0.016121
0.031381
0.129472
0.010253
0.088213
0.023093
0.021172
0.038665
0.014530
0.012743
0.010723
0.012681
0.024945
0.019616
0.045537
0.023197
0.038126
0.033289
0.013795
0.009511
0.046482
0.010398
0.018214
0.013465
0.012439
0.099761
0.006566
0.013308
0.095248
0.066325
0.024573
0.012086
0.027856
0.017812
0.021880
0.028319
0.018676
0.079873
0.020023
0.038311
0.027229
0.150589
0.016719
0.106827
0.033501
0.030046
0.039357
0.025790
0.025291
0.026367
0.020499
0.019947
0.015768
0.025190
0.029863
0.041751
0.040054
0.014529
0.011161
0.024053
0.017439
0.014393
0.012566
0.008097
0.088508
0.008222
0.004834
0.123588
0.064531
0.020894
0.013795
0.011784
0.029029
0.043590
0.014782
0.091080
0.031081
0.060494
0.040237
0.168579
0.033019
0.135011
0.040560
0.037195
0.044610
0.039759
0.040522
0.037483
0.020365
0.024323
0.017436
0.016596
0.048251
0.058417
0.040234
0.021614
0.017404
0.013611
0.026450
0.022712
0.010816
0.010259
0.088098
0.012591
0.010453
0.160847
0.067776
0.014090
0.024579
0.054304
0.062983
0.022862
0.145652
0.060716
0.090172
0.072201
0.164222
0.056468
0.190852
0.065690
0.057436
0.056471
0.062145
0.054862
0.050365
0.036317
0.052132
0.041835
0.035758
0.081736
0.093019
0.060560
0.032048
0.038250
0.027377
0.043687
0.027204
0.025338
0.020524
0.074012
0.031642
0.023275
0.217723
0.081813
0.012328
0.015443
0.051136
0.030633
0.091637
0.034830
0.066800
0.030794
0.171879
0.044832
0.125637
0.027481
0.026051
0.029567
0.034859
0.038977
0.044399
0.035134
0.022223
0.027633
0.015129
0.036210
0.049530
0.025740
0.031869
0.025920
0.010224
0.040175
0.022437
0.031010
0.022828
0.112602
0.022416
0.017470
0.157695
0.049370
0.027589
0.042156
0.050854
0.051063
0.020881
0.032720
0.014801
0.167682
0.030203
0.066876
0.006528
0.007706
0.019376
0.012458
0.024414
0.033740
0.028105
0.015656
0.034356
0.035516
0.010908
0.021456
0.012020
0.037810
0.026078
0.037343
0.037880
0.028734
0.039354
0.032882
0.148164
0.019294
0.027445
0.092746
0.033668
0.047066
0.033636
0.054431
0.017749
0.028943
0.056596
0.097032
0.020794
0.117618
0.043276
0.043772
0.067755
0.027394
0.013180
0.012839
0.033975
0.053624
0.021864
0.076863
0.048974
0.072905
0.066120
0.030257
0.031289
0.074973
0.008228
0.035300
0.030750
0.037556
0.077827
0.019760
0.035056
0.093627
0.115434
0.033144
0.104088
0.042527
0.066067
0.055612
0.143261
0.031263
0.153468
0.062818
0.050439
0.059758
0.053746
0.040388
0.036723
0.029797
0.036482
0.018373
0.033664
0.069299
0.082642
0.065753
0.029212
0.032285
0.030711
0.021587
0.022434
0.017732
0.022124
0.057761
0.015850
0.019210
0.167261
0.094503
0.011639
0.038823
0.040127
0.055967
0.183638
0.053414
0.044419
0.047268
0.052837
0.087094
0.043959
0.055142
0.065319
0.069642
0.061266
0.061392
0.108574
0.047940
0.058592
0.073381
0.089861
0.073794
0.119646
0.060177
0.091406
0.086046
0.093479
0.195302
0.060642
0.087810
0.033325
0.114327
0.111950
0.017297
0.033277
0.133883
0.014240
0.079842
0.024805
0.029807
0.056440
0.017492
0.022113
0.019858
0.021811
0.032875
0.016280
0.053756
0.024500
0.040197
0.038848
0.022485
0.012794
0.056257
0.013918
0.036001
0.022384
0.022148
0.123743
0.015968
0.023762
0.082390
0.085944
0.044236
0.044698
0.140412
0.013937
0.056092
0.031804
0.030739
0.060166
0.019194
0.023033
0.021917
0.027724
0.045745
0.045967
0.092574
0.027985
0.038831
0.051054
0.041531
0.031926
0.097839
0.028256
0.047307
0.040687
0.043482
0.145587
0.024802
0.045458
0.054317
0.082350
0.064725
0.217598
0.035227
0.052619
0.017323
0.016520
0.027661
0.021860
0.048625
0.064015
0.034212
0.009403
0.043088
0.031375
0.022493
0.011600
0.021878
0.058044
0.042511
0.042244
0.049669
0.043779
0.052602
0.042864
0.174057
0.028717
0.039745
0.083585
0.035615
0.067639
0.141011
0.279128
0.178073
0.172283
0.202155
0.150571
0.109850
0.091212
0.160128
0.195127
0.133310
0.221713
0.176404
0.236952
0.194293
0.128213
0.134336
0.209939
0.111168
0.135953
0.137381
0.145945
0.115792
0.143122
0.148463
0.245304
0.267043
0.128040
0.076863
0.038011
0.032907
0.056594
0.023048
0.021543
0.018261
0.016878
0.029722
0.020994
0.055208
0.027467
0.044401
0.053628
0.019853
0.018391
0.059065
0.011569
0.025687
0.019554
0.022027
0.104485
0.010533
0.019617
0.083631
0.079548
0.038973
0.065532
0.064370
0.085708
0.063209
0.098544
0.116594
0.095428
0.070991
0.117704
0.132719
0.055248
0.037292
0.082081
0.135831
0.111017
0.151375
0.115534
0.122298
0.133262
0.127759
0.279872
0.093881
0.121618
0.030460
0.081590
0.166640
0.005192
0.019715
0.009428
0.028552
0.041072
0.028741
0.023019
0.045193
0.050900
0.017322
0.019693
0.009427
0.053666
0.038771
0.054842
0.044655
0.041382
0.051131
0.043721
0.165014
0.026168
0.043195
0.080994
0.035968
0.056303
0.012599
0.011470
0.025083
0.037387
0.024562
0.016826
0.045048
0.046241
0.019876
0.021017
0.010364
0.050143
0.039548
0.051055
0.042023
0.029829
0.047254
0.041032
0.149670
0.021019
0.038008
0.087623
0.027315
0.047729
0.025403
0.041093
0.057969
0.040344
0.026960
0.062134
0.047564
0.038574
0.028544
0.017726
0.069808
0.059702
0.048245
0.065521
0.032394
0.065880
0.053818
0.146172
0.035780
0.049826
0.117778
0.018711
0.049251
0.018266
0.028101
0.021190
0.028320
0.038152
0.059044
0.018878
0.020770
0.021961
0.039961
0.030979
0.062265
0.027704
0.032213
0.040926
0.035011
0.138226
0.019423
0.035077
0.069356
0.047043
0.047065
0.006596
0.032882
0.043614
0.030879
0.071931
0.031204
0.058253
0.049984
0.027113
0.032007
0.067249
0.016565
0.020673
0.034798
0.037862
0.084004
0.016746
0.028660
0.087541
0.076384
0.029185
0.027366
0.052374
0.027172
0.076317
0.039727
0.072291
0.059017
0.018654
0.021506
0.071093
0.012361
0.023453
0.022452
0.028883
0.074637
0.016166
0.026218
0.108653
0.096301
0.025090
0.027202
0.028464
0.043940
0.039510
0.038187
0.032050
0.028353
0.019780
0.049678
0.020785
0.028235
0.015940
0.015502
0.116154
0.009988
0.025435
0.115813
0.061951
0.028956
0.031809
0.019967
0.024924
0.024196
0.024055
0.044915
0.032510
0.027612
0.041508
0.029434
0.036276
0.029919
0.143735
0.019453
0.025973
0.106205
0.037857
0.048288
0.034254
0.044345
0.064167
0.056291
0.021770
0.018157
0.032912
0.013963
0.026706
0.015520
0.019295
0.078904
0.014927
0.017403
0.123792
0.100257
0.027014
0.051012
0.057557
0.043613
0.046619
0.038811
0.004993
0.056736
0.038075
0.038566
0.030560
0.132872
0.034984
0.024910
0.179914
0.058517
0.045590
0.025463
0.031357
0.042136
0.031651
0.055356
0.044591
0.039602
0.050605
0.044147
0.166957
0.029959
0.033591
0.076214
0.044797
0.068884
0.023588
0.073188
0.050466
0.067698
0.066553
0.057451
0.066359
0.053859
0.205043
0.040364
0.055785
0.070076
0.033759
0.085634
0.063152
0.043694
0.049603
0.061347
0.047115
0.056049
0.044536
0.184415
0.035591
0.049512
0.118612
0.031247
0.061731
0.010501
0.042349
0.013674
0.020666
0.010732
0.011967
0.081966
0.019039
0.008260
0.146486
0.094044
0.025680
0.038169
0.018268
0.026525
0.007583
0.006855
0.105269
0.013741
0.010359
0.129928
0.084026
0.031139
0.056295
0.032135
0.038059
0.029612
0.113580
0.035388
0.020877
0.193228
0.064307
0.036226
0.024685
0.014362
0.019586
0.074526
0.011430
0.018985
0.107363
0.102630
0.024100
0.025685
0.020858
0.070266
0.016131
0.013768
0.139485
0.061557
0.017576
0.005771
0.079603
0.010967
0.011006
0.148111
0.093559
0.018384
0.090811
0.013856
0.007645
0.150625
0.078044
0.020471
0.089060
0.083079
0.258747
0.208224
0.045858
0.012465
0.105581
0.062587
0.017654
0.142256
0.070135
0.019808
0.137216
0.173817
0.087724
