0.024970
0.048793
0.028294
0.028103
0.025757
0.187044
0.022682
0.021708
0.048162
0.028331
0.024900
0.058931
0.025273
0.033438
0.071180
0.022807
0.031592
0.023207
0.026184
0.028385
0.065331
0.022099
0.021761
0.023213
0.087596
0.023073
0.022894
0.037528
0.028510
0.024870
0.015046
0.059664
0.036220
0.118012
0.065142
0.053248
0.059041
0.113897
0.036654
0.014319
0.030403
0.022781
0.027485
0.041773
0.013112
0.119530
0.061272
0.051744
0.038659
0.016010
0.008479
0.019955
0.024059
0.132828
0.009390
0.009417
0.017121
0.013012
0.012580
0.049385
0.016806
0.011153
0.021212
0.007954
0.006806
0.009724
0.020402
0.015515
0.020397
0.031226
0.009147
0.007986
0.043294
0.016445
0.032683
0.017309
0.013058
0.009979
0.010118
0.026799
0.015923
0.055953
0.036938
0.025844
0.037786
0.062860
0.021778
0.031254
0.007684
0.024262
0.024445
0.011529
0.027729
0.051949
0.040908
0.012980
0.010648
0.029930
0.054677
0.063754
0.147517
0.025021
0.031157
0.022243
0.037431
0.019574
0.081988
0.048127
0.015191
0.022596
0.028977
0.020835
0.017007
0.051513
0.040736
0.010569
0.070454
0.025603
0.022252
0.017304
0.030634
0.072363
0.017774
0.032581
0.032583
0.037439
0.050338
0.038265
0.028319
0.036107
0.041296
0.059389
0.027213
0.036666
0.053261
0.010427
0.065543
0.060000
0.009104
0.058551
0.057148
0.068666
0.017384
0.028204
0.016354
0.018586
0.138172
0.016406
0.010916
0.023352
0.011072
0.012183
0.033059
0.010243
0.015709
0.035842
0.010081
0.011536
0.009592
0.009031
0.010239
0.034940
0.032080
0.015420
0.014359
0.063191
0.019039
0.021171
0.020790
0.015518
0.007404
0.008552
0.021222
0.011292
0.075711
0.051400
0.036964
0.041224
0.093401
0.032173
0.024164
0.019891
0.020354
0.016753
0.023969
0.024462
0.058111
0.038527
0.014834
0.016142
0.010517
0.122771
0.023572
0.011942
0.037361
0.012073
0.029324
0.028605
0.008855
0.036153
0.042911
0.012144
0.018995
0.023535
0.013484
0.010442
0.058573
0.013579
0.026159
0.017760
0.084171
0.020253
0.015294
0.040254
0.018848
0.010445
0.011729
0.017353
0.013489
0.102983
0.055564
0.038897
0.029979
0.123206
0.029418
0.029875
0.033931
0.005132
0.005750
0.035628
0.014835
0.068072
0.027175
0.032789
0.017958
0.163625
0.030133
0.013453
0.038451
0.023078
0.036178
0.041354
0.008833
0.039953
0.055359
0.014543
0.025065
0.028361
0.017247
0.019623
0.062434
0.011062
0.027102
0.022650
0.096987
0.025980
0.016508
0.047688
0.017939
0.016160
0.009861
0.028664
0.021530
0.118229
0.056548
0.047683
0.050734
0.139949
0.039477
0.030796
0.042001
0.005629
0.013265
0.042797
0.013541
0.085331
0.043791
0.038812
0.031516
0.113473
0.128368
0.131147
0.100829
0.122995
0.091460
0.132810
0.158377
0.122523
0.138710
0.127640
0.136910
0.134415
0.099536
0.154155
0.168984
0.171915
0.132970
0.144078
0.120270
0.160465
0.142240
0.173649
0.114137
0.164597
0.099945
0.115010
0.132124
0.154229
0.093686
0.049368
0.160601
0.094710
0.168364
0.137100
0.152492
0.119859
0.139804
0.186417
0.092582
0.068937
0.130252
0.085884
0.010836
0.029344
0.010311
0.011838
0.044330
0.020144
0.023249
0.040472
0.015779
0.016132
0.013492
0.022057
0.013467
0.037909
0.034475
0.019628
0.017824
0.053081
0.014723
0.029829
0.027364
0.031025
0.009407
0.017784
0.040591
0.019182
0.072363
0.049553
0.016124
0.025389
0.069882
0.011437
0.023928
0.013972
0.027152
0.025848
0.025419
0.028157
0.074633
0.034501
0.025431
0.011840
0.018127
0.012715
0.016413
0.033415
0.009179
0.020406
0.031938
0.006727
0.011024
0.008897
0.015329
0.009657
0.035767
0.019748
0.014423
0.009002
0.053980
0.009822
0.021970
0.023146
0.013103
0.004803
0.009049
0.020941
0.011667
0.073997
0.031624
0.028489
0.029123
0.088528
0.018658
0.022884
0.016523
0.015001
0.012760
0.020397
0.018283
0.062703
0.034400
0.017650
0.015001
0.035763
0.022699
0.050650
0.030656
0.014684
0.021182
0.020463
0.015759
0.015776
0.036110
0.028886
0.015941
0.052359
0.020287
0.013757
0.036864
0.025727
0.054393
0.022168
0.021730
0.023926
0.028547
0.028012
0.030710
0.037590
0.021183
0.037436
0.045928
0.063900
0.036615
0.047665
0.018266
0.046602
0.039464
0.015480
0.051535
0.036698
0.053469
0.012562
0.022007
0.014484
0.029638
0.010398
0.032786
0.040746
0.013008
0.015880
0.017186
0.012583
0.005534
0.049791
0.026209
0.029511
0.020359
0.070261
0.016674
0.022023
0.031908
0.028871
0.004684
0.013878
0.022999
0.008313
0.086844
0.063085
0.024303
0.021154
0.097258
0.017452
0.028474
0.025734
0.017385
0.011155
0.031005
0.025712
0.065714
0.019968
0.026146
0.009846
0.033089
0.020923
0.012268
0.041150
0.017580
0.015121
0.005920
0.016910
0.012490
0.033791
0.046702
0.019857
0.014370
0.047008
0.013049
0.032235
0.012951
0.028353
0.011174
0.020196
0.034296
0.020064
0.061348
0.048144
0.036399
0.034132
0.069696
0.027120
0.016765
0.014032
0.036835
0.026196
0.021752
0.033861
0.066701
0.040013
0.018962
0.016791
0.026578
0.053093
0.077825
0.040519
0.041619
0.036772
0.018008
0.017383
0.089492
0.055374
0.056581
0.039908
0.108018
0.032470
0.028983
0.050681
0.056289
0.025619
0.044390
0.029086
0.029914
0.116568
0.079187
0.064705
0.027452
0.153040
0.052331
0.035133
0.060215
0.039612
0.019417
0.068344
0.052119
0.073561
0.030254
0.049224
0.034155
0.031407
0.045358
0.008324
0.014657
0.016952
0.007981
0.008936
0.050860
0.015339
0.024601
0.017227
0.080194
0.017870
0.013449
0.036060
0.017695
0.006215
0.006263
0.019274
0.008324
0.096793
0.053537
0.034719
0.032870
0.120930
0.026841
0.024775
0.033067
0.008950
0.006556
0.033877
0.015472
0.068970
0.028241
0.025526
0.018102
0.029253
0.020539
0.013543
0.010320
0.028436
0.027282
0.018950
0.056185
0.008393
0.010827
0.038934
0.023564
0.044186
0.011309
0.018766
0.022993
0.022321
0.038105
0.031561
0.047773
0.035533
0.048590
0.056554
0.060042
0.044216
0.029148
0.010396
0.043953
0.039863
0.015174
0.040186
0.055140
0.063269
0.014272
0.023862
0.029427
0.020506
0.031336
0.059324
0.040870
0.015061
0.064241
0.033533
0.020408
0.026905
0.037325
0.082034
0.029323
0.025327
0.034898
0.041768
0.025923
0.037179
0.028072
0.030538
0.046778
0.055113
0.050012
0.046060
0.081091
0.023876
0.058831
0.053140
0.010191
0.069009
0.027326
0.056190
0.021307
0.025818
0.008294
0.010554
0.014437
0.015306
0.031501
0.017154
0.014745
0.009664
0.053969
0.014573
0.020623
0.024935
0.009472
0.006678
0.005799
0.020120
0.009505
0.072228
0.039686
0.030394
0.035532
0.086344
0.022555
0.026495
0.018770
0.014895
0.013446
0.018118
0.016310
0.059822
0.035743
0.015463
0.016481
0.009589
0.017500
0.014921
0.019541
0.034861
0.011734
0.010668
0.040669
0.015327
0.029807
0.024139
0.017133
0.009817
0.012378
0.020652
0.011395
0.050540
0.032070
0.031764
0.035358
0.066831
0.025683
0.030977
0.010655
0.026254
0.020124
0.012146
0.028632
0.046754
0.036323
0.008898
0.009760
0.016714
0.013177
0.024897
0.037411
0.012834
0.009552
0.037087
0.009372
0.029477
0.011966
0.015989
0.008585
0.013544
0.026502
0.014372
0.055874
0.032292
0.037968
0.037147
0.067516
0.026056
0.017540
0.009671
0.030848
0.022437
0.012658
0.025161
0.062628
0.042793
0.010635
0.018734
0.009503
0.058791
0.028628
0.024772
0.023461
0.089250
0.021767
0.006703
0.037326
0.027813
0.008681
0.011188
0.025493
0.011325
0.105091
0.065404
0.045028
0.035645
0.124978
0.035480
0.015377
0.033216
0.014998
0.008533
0.042161
0.019463
0.074662
0.034921
0.026716
0.020858
0.049819
0.028720
0.026193
0.015760
0.067206
0.012520
0.019048
0.027885
0.026892
0.004883
0.016032
0.016988
0.009803
0.081681
0.050176
0.031483
0.019833
0.100244
0.021898
0.021943
0.023895
0.017437
0.007699
0.030124
0.025390
0.061779
0.019276
0.024226
0.010476
0.074627
0.025726
0.025852
0.017876
0.043432
0.082438
0.029507
0.030847
0.040763
0.041121
0.044696
0.044011
0.019367
0.027837
0.044869
0.068377
0.033962
0.046461
0.071853
0.017756
0.069407
0.065897
0.009993
0.068768
0.038583
0.075060
0.013327
0.030801
0.036926
0.029525
0.103796
0.030973
0.021738
0.057342
0.023798
0.024296
0.014340
0.040008
0.026453
0.132275
0.063841
0.047596
0.050954
0.143964
0.033969
0.039776
0.049363
0.007577
0.016135
0.049455
0.011502
0.102740
0.046279
0.053478
0.038549
0.011176
0.052028
0.022203
0.031334
0.021732
0.013623
0.019895
0.012073
0.040003
0.028230
0.067328
0.034998
0.046067
0.057397
0.074609
0.040054
0.025474
0.011047
0.029987
0.031856
0.019219
0.025057
0.069546
0.062199
0.019897
0.024889
0.043493
0.011217
0.035067
0.010953
0.008116
0.013110
0.013994
0.020378
0.021452
0.056203
0.027169
0.038363
0.037127
0.073588
0.028562
0.029116
0.013544
0.024968
0.021452
0.011493
0.027830
0.048719
0.040653
0.019068
0.015639
0.047749
0.113333
0.036851
0.057075
0.059405
0.074237
0.063246
0.061853
0.014140
0.031394
0.065281
0.073589
0.014951
0.056050
0.087684
0.025886
0.103298
0.088435
0.017908
0.093547
0.062058
0.089123
0.031566
0.052497
0.029451
0.018829
0.023387
0.010091
0.019884
0.028187
0.016326
0.070863
0.034589
0.038537
0.026297
0.081178
0.022672
0.019299
0.016647
0.027552
0.018525
0.021172
0.025575
0.073896
0.032029
0.025963
0.020133
0.056283
0.036566
0.017668
0.014678
0.042304
0.019925
0.137869
0.078835
0.054566
0.046308
0.150326
0.042621
0.014486
0.045999
0.011863
0.010867
0.059938
0.011321
0.107586
0.044294
0.045570
0.035519
0.020349
0.024743
0.031048
0.035486
0.034939
0.050560
0.040564
0.056715
0.052459
0.062394
0.045722
0.036066
0.017286
0.052398
0.042131
0.016457
0.048684
0.058329
0.058749
0.024552
0.030856
0.018942
0.010021
0.023525
0.024007
0.075261
0.035893
0.052700
0.059290
0.095448
0.043389
0.038820
0.024532
0.021884
0.025452
0.016776
0.023234
0.059861
0.055915
0.021942
0.030417
0.008934
0.018245
0.005969
0.078080
0.046800
0.027633
0.024284
0.092345
0.019186
0.019897
0.019445
0.015351
0.009148
0.023621
0.020251
0.062870
0.025576
0.016942
0.011882
0.029064
0.013239
0.094436
0.050920
0.038294
0.047743
0.107712
0.030221
0.021891
0.023883
0.009559
0.013585
0.026669
0.009769
0.076398
0.043791
0.023038
0.021747
0.016385
0.070440
0.044147
0.050815
0.033042
0.107147
0.042093
0.055800
0.038744
0.030267
0.016574
0.028903
0.046406
0.031718
0.029592
0.022718
0.021074
0.079652
0.050243
0.033052
0.026352
0.097114
0.023409
0.030608
0.026073
0.019456
0.009383
0.026952
0.023137
0.059658
0.026005
0.016218
0.015858
0.042979
0.071719
0.084753
0.022123
0.073901
0.116614
0.041765
0.126717
0.109096
0.031711
0.125602
0.042312
0.097465
0.039377
0.055758
0.060484
0.061531
0.062198
0.047114
0.069167
0.026890
0.065614
0.058538
0.021851
0.064267
0.055432
0.075827
0.030851
0.043766
0.025015
0.079061
0.008595
0.060804
0.035392
0.042581
0.044011
0.040893
0.052543
0.067439
0.036267
0.038090
0.016022
0.102111
0.017389
0.051390
0.043773
0.042438
0.026236
0.050474
0.057162
0.060654
0.015617
0.042749
0.017492
0.076711
0.119348
0.039571
0.143119
0.129881
0.040540
0.131478
0.087514
0.122909
0.059751
0.073102
0.044290
0.027626
0.033742
0.029874
0.032478
0.036889
0.071622
0.029875
0.034257
0.014677
0.032362
0.029656
0.024662
0.049294
0.018698
0.118705
0.057211
0.043607
0.040379
0.042641
0.037626
0.009227
0.038236
0.061337
0.054055
0.015255
0.018103
0.008912
0.046440
0.010228
0.088861
0.037301
0.043019
0.026879
0.041683
0.016972
0.072771
0.023762
0.033308
0.020350
0.044343
0.045257
0.055600
0.013530
0.022497
0.113744
0.053329
0.044395
0.038803
0.066222
0.037414
0.039476
0.048232
0.022005
0.019281
