0.025188
0.187640
0.064426
0.089005
0.016966
0.013329
0.033101
0.244109
0.094622
0.011681
0.026240
0.090190
0.010777
0.092932
0.086668
0.011542
0.048994
0.055227
0.093055
0.102648
0.005890
0.054608
0.040365
0.017528
0.172584
0.026490
0.162894
0.026316
0.198166
0.020714
0.038137
0.075940
0.019036
0.019282
0.027771
0.022965
0.022215
0.073932
0.020651
0.017962
0.017180
0.020635
0.030104
0.325353
0.135885
0.129092
0.108681
0.029250
0.031493
0.193642
0.058854
0.095459
0.051006
0.046168
0.022708
0.234161
0.098197
0.020143
0.022011
0.077335
0.024346
0.105676
0.091976
0.025403
0.061352
0.039400
0.084330
0.109572
0.024773
0.040738
0.049466
0.037268
0.167133
0.032676
0.171710
0.012792
0.182013
0.059971
0.062871
0.086282
0.039074
0.033443
0.019435
0.023713
0.018069
0.067822
0.039939
0.023470
0.030821
0.034076
0.032040
0.295353
0.140246
0.140903
0.101041
0.029564
0.036793
0.085052
0.274027
0.181133
0.191897
0.235942
0.054016
0.048153
0.199704
0.242443
0.079703
0.195858
0.065994
0.044789
0.141779
0.143928
0.186057
0.056544
0.042714
0.181336
0.267189
0.205884
0.215189
0.020643
0.255313
0.052129
0.146754
0.039394
0.228603
0.249078
0.165226
0.111136
0.146289
0.153285
0.140436
0.224715
0.267668
0.111732
0.173751
0.140430
0.176955
0.258739
0.133679
0.015504
0.040671
0.027663
0.231390
0.199397
0.162188
0.074873
0.072478
0.096953
0.117887
0.045912
0.070031
0.081968
0.063951
0.055148
0.072067
0.033345
0.039564
0.077337
0.061236
0.035333
0.054576
0.064604
0.128168
0.059106
0.075727
0.086806
0.113296
0.100376
0.049112
0.102783
0.095894
0.104285
0.063751
0.039635
0.051877
0.052857
0.034679
0.086870
0.127981
0.029850
0.070250
0.034293
0.061202
0.094846
0.175924
0.061019
0.069048
0.033025
0.103419
0.071655
0.063641
0.100502
0.077244
0.315096
0.174129
0.062648
0.133588
0.126917
0.110306
0.109212
0.168794
0.089555
0.045954
0.149681
0.192057
0.155196
0.080204
0.073442
0.177718
0.104027
0.231379
0.104194
0.226533
0.078327
0.234440
0.128636
0.092792
0.224022
0.112528
0.094702
0.078606
0.122387
0.109826
0.185227
0.114947
0.091388
0.127298
0.133576
0.142838
0.454703
0.194566
0.168831
0.190791
0.109710
0.149850
0.009791
0.052510
0.238091
0.100149
0.022762
0.064483
0.092697
0.032227
0.070650
0.083537
0.021524
0.027587
0.074714
0.112802
0.089081
0.014377
0.071120
0.074240
0.021476
0.164296
0.050370
0.150466
0.041212
0.192118
0.029611
0.039598
0.104146
0.026367
0.025203
0.042450
0.046105
0.054488
0.112120
0.024481
0.031940
0.036400
0.044540
0.064825
0.357254
0.126526
0.109648
0.110770
0.060758
0.059462
0.054218
0.264753
0.111509
0.028773
0.049113
0.113342
0.021584
0.098885
0.087184
0.021733
0.051434
0.068012
0.115074
0.108344
0.011968
0.078554
0.052522
0.012100
0.180305
0.043735
0.172426
0.046246
0.220426
0.018617
0.039955
0.082750
0.025467
0.026473
0.048279
0.038937
0.046375
0.101029
0.020036
0.028011
0.028287
0.033594
0.047440
0.351671
0.145554
0.136334
0.115899
0.054934
0.042829
0.263079
0.111578
0.021221
0.036201
0.089593
0.044641
0.118682
0.116334
0.045709
0.056907
0.041870
0.104334
0.127691
0.036991
0.033161
0.073917
0.052577
0.192636
0.018068
0.180848
0.034788
0.197066
0.082423
0.049137
0.152556
0.063013
0.066600
0.042340
0.052401
0.037429
0.074573
0.065396
0.043006
0.058301
0.056543
0.039870
0.339217
0.166549
0.165432
0.137707
0.034133
0.073511
0.060941
0.239275
0.291873
0.095389
0.256050
0.103336
0.097991
0.200851
0.192310
0.205743
0.075401
0.071349
0.246182
0.299407
0.259748
0.281255
0.063528
0.296610
0.047887
0.192237
0.037027
0.302046
0.291513
0.237623
0.174591
0.214411
0.194827
0.200723
0.279986
0.284445
0.178985
0.239756
0.203690
0.236792
0.303766
0.132370
0.050626
0.055514
0.075332
0.274595
0.268913
0.097188
0.139393
0.028772
0.107995
0.036299
0.021551
0.068599
0.072361
0.084693
0.015883
0.019432
0.097120
0.157740
0.120068
0.134695
0.039339
0.134361
0.033389
0.068176
0.037792
0.147457
0.136712
0.128802
0.055295
0.087058
0.072400
0.072974
0.124987
0.164365
0.055493
0.092291
0.075157
0.096633
0.152191
0.163696
0.020087
0.031250
0.022802
0.121894
0.127988
0.030651
0.080904
0.019809
0.085524
0.095485
0.017673
0.036762
0.052296
0.096285
0.100930
0.012169
0.032818
0.057552
0.027672
0.171894
0.026774
0.164370
0.021019
0.185827
0.043514
0.037118
0.107538
0.032186
0.029841
0.019170
0.030262
0.024912
0.071319
0.036170
0.023508
0.027782
0.037447
0.040011
0.332278
0.135931
0.127333
0.113704
0.029944
0.049460
0.122229
0.016869
0.156123
0.133330
0.040530
0.108183
0.055155
0.111879
0.164155
0.030930
0.051295
0.026624
0.033389
0.229282
0.022839
0.219266
0.038834
0.250288
0.044712
0.077162
0.081970
0.052609
0.046416
0.047556
0.029899
0.017113
0.036765
0.056544
0.034257
0.033664
0.026997
0.008763
0.313652
0.193297
0.193353
0.149499
0.023743
0.026946
0.099418
0.032334
0.043948
0.062133
0.058557
0.098464
0.036642
0.037672
0.082089
0.109285
0.130086
0.115330
0.056960
0.109897
0.049402
0.046136
0.051627
0.138567
0.150768
0.136197
0.051640
0.069153
0.058644
0.062426
0.094600
0.136830
0.060886
0.064676
0.078303
0.085435
0.143404
0.194815
0.041521
0.046054
0.038718
0.087835
0.106430
0.111174
0.093079
0.012923
0.070980
0.059270
0.095657
0.119629
0.011165
0.059662
0.023392
0.015536
0.188669
0.033816
0.183998
0.030156
0.217052
0.021062
0.054825
0.053816
0.023604
0.020121
0.032306
0.014666
0.020021
0.065956
0.022427
0.019361
0.011890
0.014289
0.025477
0.311726
0.148750
0.141541
0.112108
0.028831
0.019841
0.039654
0.063989
0.036633
0.122416
0.063540
0.014978
0.084508
0.135704
0.152848
0.118772
0.055543
0.137799
0.048859
0.063457
0.060214
0.131346
0.131069
0.145044
0.049823
0.066429
0.065393
0.083872
0.128180
0.185985
0.056475
0.084821
0.082518
0.102702
0.169162
0.263023
0.027316
0.016047
0.044128
0.124641
0.135984
0.053464
0.061235
0.079813
0.029430
0.020959
0.081348
0.167764
0.104890
0.110284
0.036601
0.139167
0.053529
0.063964
0.059220
0.127643
0.130601
0.098062
0.039284
0.065565
0.074441
0.055600
0.116178
0.184257
0.034443
0.080410
0.059305
0.080828
0.147514
0.184134
0.025790
0.043889
0.011436
0.133289
0.103925
0.037362
0.056772
0.066843
0.071821
0.009656
0.067114
0.040893
0.024865
0.131752
0.047366
0.133023
0.017172
0.154651
0.032555
0.054709
0.057259
0.009292
0.011753
0.018308
0.010768
0.027163
0.089481
0.008080
0.015603
0.008323
0.020122
0.052017
0.278801
0.095909
0.093133
0.070543
0.039100
0.032385
0.081980
0.093001
0.052007
0.041585
0.078966
0.123882
0.068269
0.107429
0.085090
0.113667
0.040581
0.122428
0.091233
0.055692
0.153579
0.043929
0.048879
0.042197
0.065418
0.085075
0.161843
0.042602
0.055446
0.061340
0.083792
0.117686
0.335350
0.084471
0.078002
0.079986
0.091774
0.107078
0.076270
0.099733
0.060513
0.097963
0.064087
0.077213
0.153753
0.060689
0.149961
0.053189
0.164734
0.101138
0.068415
0.125667
0.064808
0.078351
0.063660
0.055587
0.068291
0.097890
0.059276
0.071447
0.055265
0.062393
0.054472
0.272029
0.135377
0.146136
0.099084
0.081508
0.080521
0.042454
0.093903
0.145984
0.093812
0.124465
0.051762
0.125518
0.055439
0.064444
0.054754
0.146782
0.145357
0.110311
0.057629
0.086186
0.074065
0.058036
0.108542
0.138360
0.056948
0.088889
0.064079
0.088022
0.130206
0.119771
0.036949
0.059315
0.026648
0.113036
0.106828
0.098286
0.165600
0.150377
0.133607
0.030555
0.155493
0.035421
0.073483
0.039102
0.149821
0.131077
0.141713
0.055270
0.082327
0.074822
0.088097
0.144180
0.200116
0.056927
0.102931
0.081155
0.111652
0.174689
0.220172
0.015041
0.015868
0.023145
0.146818
0.144377
0.051701
0.047307
0.013785
0.163484
0.032881
0.160598
0.022515
0.194421
0.020519
0.046270
0.074932
0.016714
0.013402
0.025788
0.020196
0.022229
0.078632
0.017782
0.012103
0.016115
0.022177
0.039540
0.321885
0.130078
0.124775
0.102732
0.031031
0.028959
0.105969
0.061716
0.233366
0.038145
0.225090
0.051580
0.235997
0.089809
0.080319
0.173347
0.085953
0.077564
0.051638
0.074299
0.049008
0.067631
0.095890
0.052843
0.080717
0.081891
0.063892
0.368556
0.196474
0.186530
0.178116
0.032879
0.088864
0.042719
0.212298
0.053037
0.194968
0.062318
0.235787
0.046993
0.089809
0.047958
0.047532
0.051474
0.070168
0.029154
0.040747
0.063720
0.044195
0.048624
0.029683
0.026696
0.035371
0.272193
0.173253
0.176243
0.127102
0.056030
0.028448
0.204281
0.034515
0.192499
0.044345
0.239767
0.016393
0.057250
0.075346
0.030918
0.024609
0.049999
0.033547
0.032219
0.073037
0.029363
0.023010
0.028100
0.028298
0.036586
0.349174
0.169840
0.158849
0.132032
0.042972
0.026216
0.230285
0.042310
0.126047
0.018782
0.231162
0.218288
0.190964
0.107601
0.140836
0.137639
0.132785
0.202974
0.267454
0.108097
0.157647
0.137393
0.174363
0.249708
0.159182
0.015992
0.048548
0.020649
0.214566
0.196183
0.199795
0.046162
0.241621
0.049994
0.064754
0.129382
0.055506
0.057957
0.055212
0.049920
0.026006
0.041970
0.063839
0.031886
0.054725
0.036366
0.023160
0.363405
0.194376
0.186846
0.164173
0.017467
0.049400
0.126779
0.041026
0.209817
0.213745
0.189737
0.102096
0.139164
0.138667
0.137914
0.196168
0.223300
0.110216
0.150793
0.141867
0.157986
0.231470
0.184572
0.036227
0.037178
0.051214
0.189993
0.189167
0.139937
0.061412
0.075039
0.079440
0.024089
0.021125
0.009246
0.019022
0.025017
0.082575
0.027704
0.017401
0.027114
0.034002
0.053578
0.272313
0.097820
0.094064
0.071146
0.033023
0.041537
0.269642
0.237824
0.228950
0.134668
0.170940
0.148939
0.156330
0.223190
0.265981
0.140216
0.183461
0.166046
0.197920
0.270228
0.155040
0.021486
0.047902
0.040050
0.224120
0.230663
0.071450
0.064148
0.034503
0.025825
0.061395
0.043289
0.040268
0.082584
0.035864
0.032328
0.033247
0.027890
0.045918
0.377056
0.184934
0.167987
0.153663
0.050097
0.029288
0.164545
0.076557
0.080688
0.063778
0.088692
0.087966
0.133522
0.068313
0.080303
0.064537
0.089125
0.071885
0.410647
0.183246
0.172089
0.161188
0.088148
0.110034
0.051772
0.047389
0.091770
0.042386
0.070616
0.135252
0.048520
0.066570
0.046756
0.039895
0.097495
0.264733
0.152386
0.148556
0.105172
0.102609
0.034350
0.009005
0.030567
0.014500
0.037939
0.092893
0.005713
0.018083
0.012970
0.017765
0.063061
0.261952
0.076261
0.073993
0.055893
0.047894
0.031958
0.028437
0.015792
0.028751
0.096375
0.013567
0.014330
0.017906
0.019245
0.059421
0.301156
0.106325
0.098041
0.079656
0.046159
0.023594
0.028430
0.035332
0.087463
0.033571
0.027331
0.027650
0.047633
0.060475
0.283841
0.101440
0.092117
0.081233
0.038182
0.057530
0.019962
0.077035
0.014940
0.017016
0.010009
0.013714
0.045874
0.239614
0.102154
0.109357
0.066654
0.037911
0.018711
0.058067
0.045865
0.012915
0.031960
0.019463
0.033414
0.320978
0.171797
0.172137
0.129374
0.017281
0.017506
0.108392
0.073023
0.080822
0.064773
0.039256
0.300904
0.222074
0.214788
0.195085
0.039279
0.069149
0.023136
0.011866
0.023168
0.064428
0.256031
0.077864
0.078299
0.051717
0.059437
0.034769
0.025898
0.017837
0.049588
0.301662
0.127323
0.124930
0.095062
0.020409
0.019886
0.020440
0.045610
0.255852
0.102693
0.106168
0.073616
0.045373
0.029678
0.034348
0.295530
0.135540
0.131178
0.099979
0.031064
0.013092
0.339751
0.209293
0.202499
0.167302
0.034970
0.040112
0.161465
0.219236
0.152901
0.325303
0.294632
0.016898
0.016299
0.173902
0.166610
0.038604
0.164999
0.167201
0.146972
0.116772
0.041129
