0.088447
0.019837
0.109743
0.014786
0.071878
0.016085
0.170285
0.062694
0.014867
0.156776
0.135709
0.019920
0.043440
0.126561
0.108689
0.014293
0.080758
0.017717
0.010352
0.039694
0.016322
0.063151
0.124362
0.095218
0.112735
0.006505
0.089793
0.168941
0.025005
0.044375
0.111652
0.019255
0.126888
0.016528
0.160972
0.092022
0.072154
0.078560
0.122577
0.104675
0.008817
0.009158
0.094128
0.048080
0.070832
0.175340
0.157720
0.016264
0.091973
0.062160
0.011492
0.060297
0.014210
0.061920
0.029343
0.025982
0.077611
0.024313
0.034821
0.050603
0.024108
0.014831
0.029155
0.079342
0.032352
0.050709
0.056862
0.021123
0.104957
0.085041
0.031341
0.013708
0.018013
0.098334
0.094408
0.222092
0.097797
0.025779
0.029369
0.080804
0.015770
0.088056
0.043341
0.022550
0.018798
0.040039
0.015208
0.023268
0.129222
0.094274
0.036925
0.217399
0.048558
0.037237
0.025293
0.056972
0.009648
0.078391
0.024195
0.064015
0.028078
0.135564
0.051580
0.041867
0.125204
0.126332
0.018689
0.021165
0.094733
0.081915
0.038612
0.042071
0.009897
0.014297
0.022266
0.024131
0.043170
0.109981
0.065321
0.088925
0.020127
0.039998
0.219870
0.057201
0.032515
0.078965
0.035273
0.093659
0.046389
0.137328
0.085934
0.053526
0.075613
0.101447
0.054206
0.035746
0.033938
0.052719
0.090271
0.029631
0.150495
0.128089
0.028736
0.071288
0.073286
0.023572
0.074022
0.022761
0.026400
0.096841
0.020518
0.027554
0.066679
0.039690
0.006745
0.021694
0.096117
0.029333
0.067513
0.070976
0.035318
0.129884
0.101219
0.027822
0.017254
0.015022
0.122857
0.100073
0.227889
0.123512
0.028146
0.021798
0.095614
0.010732
0.102633
0.031071
0.019868
0.023644
0.039459
0.013706
0.028255
0.157033
0.111519
0.034588
0.251841
0.057554
0.028041
0.016780
0.074395
0.011732
0.053414
0.006455
0.118223
0.031761
0.029204
0.106164
0.095394
0.028958
0.025804
0.081365
0.078979
0.019323
0.058831
0.023933
0.017758
0.022810
0.043658
0.071419
0.091287
0.073239
0.080129
0.021291
0.079600
0.152096
0.039756
0.026008
0.075546
0.015496
0.086782
0.024589
0.117754
0.066492
0.037083
0.055738
0.086777
0.082982
0.031907
0.011631
0.066654
0.088412
0.065392
0.128250
0.112593
0.013405
0.055509
0.048425
0.053464
0.019023
0.049324
0.039490
0.026228
0.035990
0.038006
0.031592
0.024077
0.056487
0.037304
0.046190
0.045964
0.031256
0.088156
0.094137
0.023020
0.016021
0.019155
0.086751
0.112095
0.172374
0.080415
0.020133
0.040184
0.064436
0.026223
0.057590
0.047166
0.009540
0.024601
0.027976
0.017761
0.046878
0.114634
0.076222
0.048203
0.196905
0.056712
0.040996
0.032001
0.040197
0.017876
0.125585
0.031582
0.024293
0.113279
0.094099
0.023737
0.033664
0.085937
0.070989
0.018962
0.057733
0.026185
0.017911
0.030136
0.044190
0.066531
0.088749
0.069262
0.080100
0.024572
0.082496
0.143347
0.042417
0.027840
0.080858
0.018181
0.089844
0.020084
0.117809
0.060549
0.042428
0.053504
0.084487
0.087538
0.033177
0.015593
0.068400
0.094560
0.063228
0.123247
0.112027
0.015524
0.055219
0.054334
0.153225
0.009530
0.037463
0.120660
0.072322
0.010246
0.048321
0.142141
0.066174
0.122123
0.124300
0.063012
0.196024
0.168383
0.044047
0.053541
0.021622
0.187660
0.148196
0.246701
0.170365
0.060699
0.030177
0.139465
0.012583
0.152464
0.027885
0.047134
0.040443
0.064915
0.030677
0.047053
0.222580
0.162209
0.058188
0.317647
0.113314
0.023383
0.011760
0.115113
0.024094
0.056596
0.044334
0.036383
0.041632
0.029445
0.031302
0.023486
0.048295
0.023024
0.046666
0.043153
0.026223
0.089419
0.101655
0.031677
0.032199
0.021709
0.078690
0.084872
0.148945
0.085926
0.013650
0.026272
0.042521
0.026225
0.052567
0.045896
0.023385
0.008769
0.023034
0.029775
0.048923
0.103106
0.055544
0.027575
0.182331
0.056061
0.055413
0.039661
0.032139
0.017722
0.137564
0.100144
0.016685
0.055134
0.112725
0.092019
0.011354
0.087290
0.024792
0.015454
0.047611
0.025187
0.080659
0.088860
0.083413
0.090632
0.022526
0.127787
0.136889
0.015479
0.040491
0.098612
0.027312
0.112927
0.007523
0.128406
0.064234
0.073568
0.052445
0.101190
0.111724
0.031807
0.022494
0.102018
0.076050
0.088581
0.149057
0.132558
0.014644
0.081979
0.022845
0.112063
0.065100
0.011528
0.045490
0.127084
0.061419
0.111818
0.113343
0.056088
0.183327
0.166056
0.033659
0.041010
0.018577
0.173725
0.149221
0.224681
0.158606
0.050502
0.031163
0.122257
0.012985
0.136805
0.030328
0.034534
0.030996
0.055562
0.019055
0.048304
0.208768
0.145955
0.059583
0.301003
0.102762
0.020318
0.009462
0.099624
0.021136
0.098086
0.077167
0.027030
0.045716
0.098390
0.074766
0.103019
0.097258
0.065797
0.165561
0.169725
0.018857
0.046721
0.019118
0.153738
0.183762
0.168999
0.124239
0.044850
0.036665
0.100534
0.030168
0.101766
0.023740
0.016065
0.037805
0.028101
0.020619
0.082833
0.186497
0.123445
0.081110
0.270257
0.120200
0.027452
0.019148
0.079070
0.028370
0.030477
0.083554
0.058346
0.026341
0.044976
0.010542
0.011311
0.027368
0.022860
0.043580
0.080825
0.051100
0.068313
0.026505
0.068030
0.176228
0.038660
0.027177
0.072864
0.036921
0.079929
0.024308
0.111828
0.054804
0.053994
0.052171
0.079415
0.061635
0.043205
0.035186
0.057888
0.105281
0.042195
0.121578
0.105095
0.019871
0.056825
0.045630
0.056880
0.050215
0.033779
0.021163
0.029721
0.005965
0.061954
0.053949
0.070743
0.039084
0.051357
0.046675
0.059339
0.215616
0.063561
0.020621
0.047077
0.045468
0.049407
0.062001
0.089927
0.056488
0.021510
0.053241
0.056915
0.030758
0.068334
0.049165
0.039794
0.141757
0.033968
0.097429
0.073613
0.031431
0.030765
0.033864
0.105504
0.042204
0.084698
0.087881
0.038433
0.152084
0.123518
0.028171
0.027294
0.013879
0.141579
0.118641
0.226455
0.135132
0.035362
0.020841
0.106056
0.007906
0.113924
0.027849
0.026178
0.022885
0.043788
0.015454
0.031573
0.175857
0.121986
0.041632
0.270806
0.075487
0.027023
0.010661
0.080992
0.012045
0.095491
0.021676
0.071209
0.071799
0.054678
0.120274
0.111235
0.034536
0.027112
0.022832
0.123059
0.081007
0.205718
0.130195
0.031538
0.032434
0.089208
0.020766
0.096317
0.038044
0.025964
0.036082
0.041686
0.031882
0.044600
0.155833
0.111967
0.024162
0.248306
0.063802
0.037141
0.032557
0.077664
0.024995
0.081729
0.030648
0.015907
0.040362
0.033675
0.103395
0.095475
0.091951
0.084838
0.027156
0.118129
0.118730
0.024833
0.032131
0.085571
0.011681
0.105480
0.005835
0.123815
0.067411
0.058457
0.048819
0.103033
0.108887
0.030973
0.010573
0.089782
0.065407
0.091026
0.144436
0.124929
0.006678
0.075083
0.044070
0.051377
0.034258
0.088224
0.081031
0.059211
0.026296
0.035261
0.092634
0.039112
0.230086
0.124792
0.024773
0.032601
0.073763
0.030488
0.087752
0.067576
0.049068
0.026955
0.057354
0.046090
0.024369
0.123724
0.090399
0.008782
0.209371
0.025279
0.070146
0.053029
0.061491
0.030994
0.007740
0.020589
0.021615
0.041528
0.089329
0.056553
0.074117
0.018479
0.061671
0.205669
0.036938
0.025048
0.069693
0.033944
0.084090
0.033838
0.115395
0.068788
0.052527
0.058580
0.087378
0.058646
0.036738
0.036023
0.057338
0.095334
0.041381
0.132360
0.112262
0.022186
0.059858
0.023641
0.017611
0.057922
0.085772
0.065166
0.072244
0.016913
0.073623
0.172357
0.027513
0.023005
0.070170
0.018777
0.086931
0.018979
0.112140
0.060515
0.052125
0.050360
0.087429
0.071800
0.029059
0.021465
0.061923
0.076564
0.054145
0.129041
0.112135
0.013953
0.061617
0.058276
0.063020
0.061754
0.038533
0.041757
0.046950
0.068367
0.196317
0.059196
0.014519
0.040859
0.038628
0.043499
0.049488
0.080167
0.045888
0.017723
0.045471
0.050114
0.030271
0.067298
0.042364
0.040533
0.134747
0.038484
0.083760
0.064094
0.022719
0.025796
0.068904
0.139007
0.107294
0.129556
0.017357
0.085077
0.207110
0.036826
0.062527
0.124225
0.041861
0.147170
0.033554
0.177749
0.114298
0.102930
0.096560
0.148133
0.107773
0.024733
0.036277
0.099436
0.055872
0.071453
0.203537
0.182219
0.036318
0.117690
0.151439
0.079036
0.137523
0.056772
0.072286
0.299151
0.090389
0.086143
0.136490
0.110566
0.133454
0.101455
0.184144
0.118886
0.106003
0.128187
0.124972
0.080642
0.080496
0.097064
0.102516
0.168593
0.048844
0.176989
0.166180
0.087060
0.100656
0.035123
0.015317
0.140461
0.157890
0.189224
0.119013
0.042577
0.030582
0.100598
0.027093
0.095353
0.024984
0.018453
0.042888
0.028366
0.019626
0.067173
0.175102
0.120739
0.062595
0.259645
0.098945
0.044112
0.024948
0.076584
0.034922
0.029954
0.107458
0.089719
0.243696
0.119841
0.031806
0.045518
0.097897
0.025398
0.096443
0.060037
0.023311
0.031168
0.052772
0.015734
0.027376
0.139621
0.107774
0.038544
0.236097
0.034074
0.048376
0.034135
0.070907
0.022164
0.131941
0.120244
0.186746
0.117704
0.027481
0.011913
0.085493
0.007206
0.090076
0.016402
0.017587
0.022881
0.025020
0.016594
0.039084
0.163970
0.109173
0.033931
0.245324
0.078318
0.027511
0.009579
0.064339
0.016042
0.087617
0.194369
0.026977
0.056000
0.124965
0.029264
0.144595
0.029829
0.176920
0.109709
0.087559
0.093593
0.141023
0.114002
0.008615
0.019455
0.106451
0.048053
0.077723
0.197124
0.179670
0.026965
0.106733
0.302989
0.153607
0.072724
0.100218
0.097669
0.105987
0.127515
0.162146
0.134074
0.086479
0.133256
0.135881
0.057790
0.111704
0.107852
0.038564
0.181276
0.040904
0.165092
0.149238
0.100832
0.097000
0.151073
0.165257
0.199784
0.118983
0.219933
0.105797
0.201209
0.161597
0.176021
0.132665
0.212373
0.279555
0.193888
0.127742
0.229050
0.221367
0.279284
0.231885
0.221201
0.121232
0.193628
0.062659
0.116162
0.034679
0.143134
0.024723
0.147178
0.096785
0.097764
0.065607
0.135271
0.136353
0.032468
0.030926
0.131221
0.064182
0.127223
0.185183
0.163253
0.028659
0.103257
0.027139
0.030607
0.033904
0.039187
0.055170
0.026915
0.015867
0.023344
0.040654
0.040535
0.077566
0.043506
0.029608
0.143575
0.047846
0.066644
0.048039
0.021316
0.021035
0.079971
0.019499
0.095761
0.018649
0.038370
0.027469
0.023936
0.038470
0.040370
0.158576
0.106708
0.025646
0.233468
0.081363
0.052949
0.027040
0.067099
0.023206
0.103327
0.017749
0.119670
0.074362
0.051064
0.049953
0.107149
0.106242
0.033553
0.009608
0.075749
0.064807
0.093071
0.144080
0.125251
0.011365
0.073382
0.113696
0.025705
0.025422
0.021278
0.045650
0.014978
0.028173
0.178698
0.124140
0.028823
0.270109
0.069690
0.022137
0.007823
0.081466
0.014243
0.129230
0.067716
0.069108
0.052519
0.107069
0.119197
0.034840
0.014641
0.098795
0.073947
0.097360
0.148066
0.131879
0.009562
0.082957
0.035673
0.051773
0.030343
0.037698
0.073616
0.213452
0.152987
0.056438
0.294703
0.134238
0.038694
0.021206
0.105212
0.034024
0.030219
0.025098
0.013159
0.060359
0.137945
0.088393
0.056534
0.219350
0.078689
0.032326
0.024840
0.053518
0.021794
0.036430
0.027072
0.036674
0.111972
0.063194
0.030343
0.189910
0.052127
0.050924
0.033241
0.037866
0.011808
0.045429
0.074848
0.117975
0.070831
0.054052
0.181502
0.100173
0.071065
0.047981
0.039903
0.032241
0.045062
0.174477
0.121973
0.054069
0.269934
0.070898
0.024501
0.014049
0.079987
0.018357
0.145505
0.117059
0.025005
0.231395
0.027766
0.072137
0.049604
0.081946
0.033940
0.018416
0.135889
0.026141
0.102892
0.231454
0.214233
0.038526
0.134945
0.098644
0.051021
0.091149
0.169169
0.150855
0.012255
0.089825
0.213861
0.043511
0.075013
0.051586
0.070080
0.032124
0.187932
0.331870
0.308372
0.084517
0.223317
0.116643
0.099039
0.070271
0.062524
0.013520
0.120532
0.030874
0.100171
0.018885
0.054715
