0.556656
0.914862
0.581914
0.570879
0.626812
0.802671
0.517841
0.807020
0.646030
0.728327
0.571234
0.680962
0.611099
0.576438
0.601464
0.896281
0.649476
0.426496
0.590118
0.569628
0.604388
0.740238
0.599754
0.595467
0.545493
0.558033
0.575796
0.697407
0.360189
0.709943
0.768540
0.537580
0.423156
0.567093
0.534375
0.583591
0.550746
0.671211
0.471124
0.590786
0.618843
0.652911
0.580156
0.681077
0.428228
0.563153
0.476099
0.992019
0.574297
0.876134
0.478010
0.473524
0.544357
0.669780
0.507615
0.538440
0.590033
0.646453
0.602014
0.564186
0.468465
0.658154
0.608990
0.846478
0.731875
0.604922
0.625410
0.567424
0.567297
0.653851
0.594630
0.546784
0.629846
0.558261
0.589708
0.591695
0.457500
0.748921
0.707533
0.519425
0.678941
0.583490
0.507273
0.506741
0.524260
0.535533
0.555585
0.444691
0.634479
0.655933
0.608205
0.612125
0.480753
0.491295
0.525143
0.926138
0.469424
0.839617
0.889394
0.747599
0.660188
0.674078
0.710287
0.763641
0.745024
0.830135
0.724239
0.819255
0.869083
0.605927
0.730207
0.851856
0.801539
0.861914
0.692341
0.707303
0.683483
0.903040
0.789310
0.810574
0.659507
0.878122
0.720608
0.785392
0.656382
0.735294
0.629309
0.891727
0.762394
0.831574
0.797935
0.781779
0.663851
0.807442
0.745273
0.757086
0.831990
0.875746
0.814698
0.758285
0.826690
0.774722
0.868305
0.780199
0.359061
0.544972
0.632984
0.598884
0.685161
0.555636
0.663861
0.627832
0.685758
0.532814
0.586007
0.505543
0.860196
0.622753
0.608503
0.662370
0.540634
0.554094
0.611780
0.670671
0.541735
0.561379
0.573019
0.655194
0.623481
0.419039
0.568184
0.662680
0.540087
0.659802
0.563436
0.514797
0.440674
0.569350
0.522657
0.578874
0.384766
0.574890
0.605354
0.634399
0.538522
0.491432
0.578192
0.483518
0.874649
0.383917
0.641973
0.787316
0.624571
0.749637
0.570624
0.772106
0.630116
0.701303
0.425136
0.631679
0.612894
0.905068
0.761049
0.629531
0.502131
0.651094
0.493428
0.686503
0.453088
0.616680
0.622457
0.520128
0.503749
0.563629
0.486217
0.649757
0.779723
0.475666
0.591092
0.577868
0.523970
0.463075
0.627406
0.609926
0.570693
0.513535
0.636864
0.657319
0.639895
0.615164
0.430352
0.485805
0.470940
0.921839
0.557970
0.538670
0.563323
0.674202
0.626869
0.607232
0.705254
0.679639
0.611258
0.646345
0.596620
0.891376
0.717681
0.648280
0.762233
0.435684
0.618225
0.720508
0.649223
0.612698
0.697590
0.569025
0.728070
0.602405
0.517217
0.690609
0.587825
0.550046
0.671712
0.427652
0.539506
0.528532
0.610322
0.547857
0.570282
0.385511
0.598347
0.632238
0.746778
0.635180
0.532386
0.676276
0.577958
0.884161
0.473380
0.683292
0.558986
0.727564
0.683037
0.768009
0.685560
0.739561
0.746785
0.572141
0.900784
0.722099
0.822524
0.883159
0.550694
0.668323
0.682437
0.863428
0.742435
0.765648
0.664473
0.856391
0.717777
0.629363
0.712122
0.693122
0.657233
0.778306
0.652338
0.705688
0.608432
0.764128
0.531872
0.747771
0.487732
0.763471
0.798459
0.832861
0.673314
0.664501
0.742038
0.707479
0.820817
0.576044
0.692835
0.486969
0.615445
0.608691
0.519721
0.527393
0.633587
0.495101
0.800689
0.738609
0.574771
0.624277
0.598462
0.464815
0.539564
0.650616
0.650176
0.602137
0.438421
0.622940
0.435388
0.471327
0.628735
0.709486
0.430580
0.532276
0.512129
0.563249
0.604027
0.487837
0.477670
0.510507
0.564386
0.547685
0.602534
0.471890
0.671336
0.395619
0.544039
0.512176
0.941929
0.457483
0.718456
0.729223
0.721747
0.732651
0.672994
0.746604
0.578744
0.832355
0.801849
0.702923
0.876164
0.635288
0.699704
0.684020
0.810607
0.750603
0.845078
0.707677
0.771021
0.708323
0.609113
0.680963
0.759438
0.672924
0.850488
0.753757
0.745280
0.623265
0.759157
0.567637
0.782389
0.608097
0.791376
0.812939
0.776140
0.666764
0.662087
0.735987
0.714882
0.863833
0.648610
0.587838
0.678375
0.747122
0.491130
0.694578
0.634708
0.866256
0.804775
0.665104
0.548190
0.618508
0.359605
0.663179
0.512468
0.660587
0.696247
0.404015
0.649972
0.446984
0.569867
0.732388
0.681874
0.516432
0.642705
0.543331
0.555070
0.595183
0.447577
0.516347
0.599558
0.611995
0.693426
0.646201
0.491530
0.662133
0.512944
0.625422
0.600251
0.987377
0.548273
0.808550
0.811766
0.711023
0.768358
0.710993
0.938436
0.772924
0.681517
0.741400
0.619156
0.584050
0.818007
0.702955
0.560154
0.754163
0.576891
0.829900
0.615322
0.612801
0.719107
0.735230
0.661166
0.814295
0.624691
0.612287
0.554395
0.585734
0.628960
0.703216
0.626691
0.772309
0.632786
0.708343
0.663326
0.682740
0.768600
0.750242
0.974105
0.608269
0.730947
0.616456
0.588751
0.612465
0.721854
0.793072
0.429536
0.684219
0.649132
0.661370
0.704428
0.638470
0.768965
0.611810
0.591148
0.708811
0.680112
0.596759
0.692519
0.856613
0.552760
0.619218
0.621817
0.642085
0.690413
0.637238
0.643838
0.612893
0.677066
0.629584
0.742007
0.638626
0.674183
0.544597
0.576392
0.623833
0.883974
0.697914
0.551284
0.660885
0.461501
0.668248
0.829929
0.744189
0.836267
0.729267
0.628561
0.715630
0.796458
0.744417
0.582134
0.573183
0.691561
0.720899
0.593719
0.629197
0.692236
0.521922
0.714340
0.528777
0.672397
0.690726
0.702035
0.647486
0.580837
0.576461
0.719677
0.780993
0.787899
0.702895
0.577493
0.726763
0.592126
0.913801
0.554852
0.736472
0.549450
0.799301
0.834675
0.672002
0.494466
0.622910
0.392867
0.681547
0.431347
0.633572
0.612844
0.471923
0.489641
0.598103
0.516396
0.676591
0.663655
0.510711
0.568911
0.513092
0.534085
0.557536
0.556560
0.553112
0.541335
0.538348
0.695500
0.618908
0.650405
0.689045
0.391457
0.529487
0.419895
0.866123
0.592300
0.570840
0.837945
0.676173
0.363224
0.782864
0.615013
0.653097
0.758604
0.744351
0.753164
0.637376
0.652104
0.652252
0.681471
0.491301
0.684020
0.789912
0.629810
0.642613
0.574917
0.636302
0.616122
0.663244
0.722343
0.644950
0.576185
0.677441
0.749938
0.669872
0.573751
0.623341
0.551212
0.648615
0.952211
0.613539
0.755214
0.666328
0.632557
0.740285
0.533709
0.494791
0.546040
0.736505
0.701314
0.537019
0.536912
0.621764
0.621230
0.415231
0.384713
0.688625
0.485276
0.594861
0.507210
0.654373
0.490694
0.605956
0.467346
0.548018
0.520173
0.555624
0.688300
0.614313
0.435648
0.467857
0.562508
0.532419
0.835354
0.554885
0.943665
0.796905
0.995930
0.916492
0.823370
0.804268
0.920136
0.942518
0.800080
0.814431
0.908640
0.844298
0.816383
0.728704
0.821824
0.727319
0.852740
0.787775
0.850290
0.951347
0.867067
0.841963
0.792579
0.830733
0.868875
0.841581
0.902605
0.823888
0.807663
0.956697
0.857853
0.894070
0.861530
0.649476
0.764799
0.572807
0.748933
0.734146
0.829824
0.749131
0.740213
0.741498
0.679270
0.826534
0.595590
0.795382
0.758059
0.722921
0.750563
0.735835
0.742859
0.706528
0.643352
0.675790
0.684716
0.665250
0.683923
0.799198
0.686614
0.755275
0.697777
0.724536
0.698532
1.020483
0.617596
0.668611
0.494485
0.666485
0.725921
0.634844
0.675936
0.645990
0.635671
0.627900
0.676783
0.475466
0.714535
0.785929
0.561155
0.571049
0.586040
0.585353
0.564854
0.562822
0.624730
0.533403
0.652559
0.579866
0.679123
0.630557
0.655116
0.471828
0.593622
0.598428
0.920787
0.595746
0.643688
0.495390
0.807079
0.307919
0.670033
0.669653
0.497283
0.570697
0.648397
0.604534
0.833837
0.777840
0.555201
0.544966
0.632364
0.637475
0.668839
0.557131
0.692768
0.605871
0.768945
0.751598
0.720285
0.586526
0.792121
0.442702
0.513602
0.613396
0.924438
0.722176
0.652583
0.750221
0.640505
0.546897
0.683450
0.577146
0.707806
0.605149
0.463900
0.701715
0.719326
0.532063
0.601760
0.538870
0.514285
0.439814
0.552095
0.437808
0.578867
0.489570
0.520473
0.564005
0.665641
0.672304
0.442756
0.612485
0.570929
0.890138
0.500214
0.463837
0.519155
0.671256
0.574405
0.330529
0.499338
0.573854
0.517785
0.570373
0.623733
0.470796
0.534347
0.488431
0.573395
0.593135
0.467913
0.521904
0.609314
0.594074
0.723355
0.632012
0.512614
0.682874
0.437451
0.490902
0.522941
0.963793
0.558852
0.786590
0.675006
0.578476
0.574725
0.669427
0.711167
0.641086
0.597584
0.677039
0.523397
0.740288
0.702328
0.736660
0.699414
0.535894
0.452643
0.675640
0.639397
0.638154
0.790477
0.546942
0.760311
0.625983
0.686702
0.639903
0.863504
0.525277
0.639398
0.638045
0.445244
0.448212
0.610098
0.625873
0.754727
0.810304
0.434901
0.558074
0.505483
0.538887
0.644096
0.476112
0.683033
0.531839
0.695504
0.747981
0.716363
0.615812
0.709525
0.401044
0.558956
0.532589
0.922034
0.691737
0.747408
0.577403
0.752016
0.640814
0.525184
0.760629
0.720621
0.593312
0.677187
0.604152
0.397917
0.496619
0.535252
0.636129
0.502518
0.527443
0.624035
0.460294
0.711836
0.736323
0.488362
0.663073
0.594033
0.987438
0.438153
0.496581
0.645660
0.740644
0.562285
0.567118
0.755827
0.475121
0.584227
0.520136
0.632140
0.664111
0.518736
0.616540
0.488167
0.624714
0.642076
0.720439
0.571061
0.672272
0.539607
0.586525
0.547311
0.891318
0.575614
0.610305
0.518248
0.554757
0.607736
0.601885
0.345821
0.565518
0.475457
0.473027
0.595993
0.392237
0.495627
0.507162
0.489650
0.666337
0.568946
0.551126
0.635765
0.441689
0.536232
0.490286
0.890136
0.434648
0.697137
0.545642
0.687156
0.834133
0.618385
0.619950
0.638907
0.640661
0.586760
0.662261
0.740263
0.658708
0.653953
0.693504
0.746095
0.700561
0.751304
0.544221
0.598698
0.632712
0.908775
0.724443
0.529762
0.704631
0.723727
0.488354
0.667845
0.599714
0.559862
0.536652
0.519961
0.532657
0.682480
0.532035
0.686748
0.694305
0.598487
0.630588
0.611561
0.631939
0.687902
0.971173
0.564913
0.533464
0.682491
0.465010
0.550382
0.469191
0.514989
0.453752
0.517149
0.542529
0.474842
0.472310
0.483805
0.556648
0.572349
0.530415
0.353530
0.496254
0.446963
0.936036
0.521736
0.797830
0.554149
0.778216
0.597565
0.676729
0.638929
0.675038
0.655443
0.663030
0.611953
0.701645
0.707222
0.715706
0.453485
0.625798
0.711757
0.691275
0.860507
0.617875
0.616904
0.814986
0.674961
0.727453
0.694827
0.670824
0.601685
0.759672
0.641634
0.775873
0.771915
0.718025
0.775439
0.710027
0.778803
0.741907
0.725112
0.561768
0.555571
0.377161
0.535149
0.594842
0.318892
0.397499
0.384175
0.527186
0.548714
0.641831
0.487311
0.576526
0.309980
0.547101
0.512944
0.854869
0.459484
0.527064
0.533895
0.644542
0.567825
0.679952
0.496041
0.744028
0.658597
0.625091
0.627285
0.731054
0.353391
0.497066
0.472802
1.046326
0.658247
0.507308
0.558027
0.460547
0.587255
0.401368
0.532000
0.633498
0.680987
0.633623
0.586352
0.368366
0.638476
0.474231
0.971242
0.522400
0.443361
0.448831
0.578862
0.384527
0.508450
0.641993
0.303421
0.642219
0.684745
0.420716
0.590949
0.520283
0.979609
0.413151
0.592622
0.507076
0.566853
0.411930
0.547015
0.571499
0.704107
0.543423
0.508405
0.528817
0.578665
0.878591
0.491340
0.424872
0.429496
0.602878
0.628022
0.569275
0.394485
0.653172
0.399184
0.579791
0.552331
0.940635
0.462996
0.613489
0.540522
0.609931
0.635402
0.453339
0.657525
0.501342
0.633218
0.639130
0.850971
0.408492
0.596127
0.508511
0.469383
0.621172
0.683893
0.261545
0.526761
0.404248
0.953584
0.512384
0.607311
0.735979
0.785365
0.520001
0.563281
0.657977
0.519047
0.906812
0.372695
0.596612
0.628556
0.705452
0.453336
0.576242
0.609208
0.882470
0.629552
0.696073
0.768800
0.507891
0.618266
0.609220
0.928058
0.589831
0.703016
0.509155
0.607744
0.666422
0.946128
0.566204
0.605258
0.681146
0.696328
0.900506
0.559405
0.444860
0.327154
0.910718
0.485311
0.561551
0.946289
0.629818
0.922815
0.567213
0.929348
