0.721204
0.868123
0.881683
0.856520
0.857174
0.714194
0.859474
0.775607
0.908010
0.863585
0.908841
0.814977
0.839278
0.871735
0.779178
0.849564
0.827708
0.718425
0.832698
0.881694
0.751886
0.879169
0.788823
0.805911
0.935019
0.839450
0.885009
0.820367
0.820586
0.757314
0.849626
0.908437
0.847446
0.875906
0.832251
0.826169
0.758210
0.785667
0.751701
0.882586
0.768024
0.838948
0.841979
0.771495
1.004969
0.840632
0.851003
0.835118
0.922420
0.581906
0.683177
0.560848
0.887053
0.448172
0.488135
0.424559
0.533620
0.606191
0.604407
0.463973
0.607780
0.657493
0.493902
0.560590
0.687512
0.636255
0.726448
0.609843
0.707818
0.604936
0.421946
0.497840
0.703472
0.463974
0.610902
0.587336
0.413734
0.484461
0.465991
0.635267
0.601322
0.567240
0.407124
0.579848
0.498215
0.349154
0.535985
0.542585
0.606967
0.705752
0.597571
0.573780
0.841813
0.522477
0.678906
0.620390
0.431898
0.714610
0.540781
0.727596
0.613360
0.485208
0.564164
0.560013
0.634813
0.561903
0.574210
0.667136
0.773632
0.606080
0.642096
0.685733
0.678560
0.710576
0.655246
0.685896
0.631310
0.577462
0.491212
0.555001
0.491950
0.783698
0.692354
0.629052
0.629186
0.498132
0.638062
0.730261
0.597236
0.648608
0.717015
0.479789
0.673617
0.684902
0.699962
0.634034
0.677372
0.665671
0.657373
0.759207
0.682816
0.691279
0.533314
0.557492
0.543200
0.754250
0.752554
0.807729
0.717662
0.637775
0.684520
0.746233
0.674325
0.762204
0.752561
0.789820
0.568179
0.649052
0.756445
0.824509
0.730365
0.789479
0.614212
0.788459
0.649659
0.686900
0.679141
0.791792
0.748231
0.796066
0.696588
0.587261
0.630840
0.666328
0.660300
0.682449
0.771342
0.693246
0.712954
0.649056
0.558512
0.774974
0.700255
0.602468
0.696782
0.825578
0.730324
0.929534
0.655217
0.734001
0.835354
0.600823
0.479756
0.575330
0.569635
0.486243
0.700274
0.459040
0.526546
0.683143
0.514135
0.636344
0.553916
0.629217
0.617167
0.640703
0.791856
0.628505
0.618788
0.526094
0.688625
0.465014
0.629534
0.651670
0.565252
0.566110
0.456486
0.502805
0.669289
0.585375
0.575919
0.578744
0.467346
0.582260
0.533709
0.565673
0.605927
0.733056
0.546040
0.541992
0.755214
0.572141
0.705981
0.557685
0.555495
0.902279
0.917615
0.866392
0.908992
0.908416
0.600073
0.886089
0.848421
0.904250
0.840224
0.941809
0.775304
0.798252
0.808088
0.895786
0.779024
0.878719
0.839391
0.845720
0.725112
0.870830
0.826033
0.723654
0.928389
0.901990
0.868498
0.832628
0.759678
0.892819
0.759098
0.863833
0.850971
0.900038
0.890138
0.905572
0.868305
0.578681
0.863504
0.932227
0.894070
0.820817
0.882439
0.851646
0.907051
0.500102
0.409189
0.491010
0.669569
0.772877
0.509803
0.717101
0.603416
0.619763
0.597108
0.659106
0.410700
0.691216
0.704641
0.746796
0.706111
0.516313
0.509493
0.704703
0.483324
0.638963
0.639650
0.393339
0.467366
0.479944
0.679000
0.629696
0.505866
0.686488
0.603082
0.471948
0.553775
0.364842
0.629001
0.650652
0.792132
0.714888
0.613519
0.887768
0.522701
0.723525
0.662133
0.484909
0.511204
0.489202
0.618825
0.739519
0.508175
0.619956
0.716859
0.551910
0.610277
0.677290
0.601584
0.751903
0.693202
0.835847
0.767742
0.490376
0.566518
0.744312
0.222490
0.686464
0.591818
0.419003
0.555035
0.458588
0.715863
0.755175
0.605102
0.669739
0.542642
0.462778
0.600117
0.548552
0.748193
0.614979
0.802466
0.718475
0.660777
0.781039
0.523823
0.679276
0.556025
0.490339
0.552035
0.661687
0.702582
0.497455
0.664127
0.721958
0.626407
0.582019
0.684981
0.655684
0.680719
0.629969
0.779618
0.662726
0.468993
0.411526
0.639836
0.500509
0.648466
0.563023
0.426879
0.488048
0.488226
0.643810
0.582742
0.541277
0.585490
0.628119
0.502183
0.455292
0.444546
0.649906
0.636199
0.752375
0.650142
0.526351
0.848575
0.500561
0.702018
0.646781
0.498160
0.660045
0.758430
0.504450
0.714935
0.655795
0.732096
0.568098
0.683315
0.706968
0.810591
0.674390
0.823524
0.685688
0.479588
0.533866
0.594125
0.490752
0.730941
0.658887
0.493980
0.486878
0.398748
0.623470
0.718878
0.526651
0.667234
0.631362
0.470347
0.587709
0.528769
0.606922
0.742458
0.777611
0.624074
0.591081
0.819084
0.611041
0.800674
0.530504
0.444597
0.823706
0.622915
0.602984
0.778903
0.579890
0.604777
0.682110
0.704435
0.638894
0.737191
0.876141
0.677998
0.671292
0.618051
0.782296
0.608053
0.757258
0.764976
0.690363
0.624489
0.524398
0.748284
0.574706
0.749275
0.638646
0.723079
0.651306
0.684714
0.724315
0.683803
0.733296
0.850657
0.697845
0.642599
0.725312
0.727810
0.702565
0.720701
0.621246
0.600153
0.818057
0.708742
0.732498
0.686534
0.848377
0.753542
0.721943
0.710786
0.746679
0.762778
0.535344
0.558488
0.589682
0.644025
0.800127
0.681680
0.694474
0.664625
0.636587
0.600885
0.809081
0.743586
0.547898
0.699425
0.702202
0.642242
0.837644
0.746246
0.640150
0.680345
0.705035
0.799152
0.858956
0.742960
0.817383
0.679122
0.679421
0.634180
0.556899
0.530800
0.588672
0.609209
0.660212
0.593539
0.615870
0.662114
0.625298
0.315326
0.427301
0.622930
0.473734
0.521122
0.590504
0.543387
0.474887
0.462785
0.544419
0.654410
0.510808
0.486384
0.534623
0.344467
0.423713
0.563799
0.656409
0.650248
0.706511
0.469642
0.493340
0.814198
0.529372
0.761860
0.579796
0.526721
0.755413
0.684671
0.744329
0.641151
0.731135
0.837923
0.711945
0.835440
0.685571
0.689543
0.662903
0.794362
0.676058
0.689497
0.614585
0.665716
0.636430
0.564939
0.726328
0.529343
0.705828
0.575456
0.738398
0.653380
0.716409
0.722367
0.666026
0.716442
0.879853
0.660477
0.612764
0.816270
0.604805
0.669151
0.695110
0.685098
0.795969
0.641506
0.766366
0.692734
0.733058
0.744245
0.714595
0.865860
0.679505
0.641886
0.750634
0.684546
0.766674
0.491322
0.681419
0.663161
0.653171
0.735069
0.751775
0.609402
0.705546
0.275037
0.556366
0.639662
0.691060
0.706153
0.758477
0.700593
0.679793
0.686975
0.892031
0.617754
0.784937
0.743208
0.708582
0.681171
0.763893
0.687346
0.634097
0.712964
0.771739
0.795533
0.586205
0.647098
0.847359
0.516660
0.596937
0.754392
0.611104
0.654931
0.568587
0.683380
0.719903
0.700137
0.605374
0.687681
0.519487
0.575152
0.679791
0.762005
0.617325
0.826830
0.673660
0.673981
0.798828
0.686959
0.723069
0.646548
0.595422
0.832082
0.747222
0.764170
0.585757
0.715277
0.734850
0.531151
0.547471
0.684713
0.618805
0.715039
0.615437
0.570082
0.591972
0.533269
0.687134
0.571922
0.614045
0.578343
0.706169
0.530646
0.636620
0.694845
0.762291
0.679900
0.794124
0.648167
0.653829
0.928617
0.585516
0.809447
0.671891
0.525892
0.651071
0.768761
0.714964
0.785335
0.762244
0.774743
0.621886
0.780052
0.680286
0.657521
0.684601
0.745515
0.651515
0.662417
0.723714
0.608319
0.703420
0.754906
0.732735
0.635174
0.709955
0.666137
0.583739
0.718114
0.604735
0.619644
0.654825
0.615556
0.768620
0.904530
0.733114
0.737692
0.732463
0.701798
0.654704
0.774356
0.713638
0.633638
0.744211
0.591255
0.745281
0.671705
0.711431
0.678290
0.606712
0.737289
0.803805
0.653708
0.742209
0.691436
0.603415
0.733892
0.557678
0.697412
0.556119
0.661929
0.741257
0.797397
0.816107
0.640517
0.729393
0.744033
0.697236
0.827855
0.783711
0.780177
0.659084
0.699463
0.864484
0.687887
0.739167
0.808736
0.768427
0.761902
0.734290
0.724263
0.789596
0.751482
0.715498
0.727692
0.609980
0.724795
0.769672
0.805566
0.798807
0.801484
0.742189
0.738919
0.891933
0.787470
0.806412
0.780739
0.726262
0.647122
0.753802
0.613707
0.552155
0.764536
0.713662
0.722498
0.666354
0.637232
0.653458
0.599943
0.690298
0.631621
0.566244
0.674843
0.718166
0.615821
0.686130
0.743381
0.716137
0.686456
0.657382
0.591208
0.716918
0.825145
0.682765
0.807992
0.716205
0.627632
0.831969
0.652763
0.681177
0.538861
0.789023
0.711691
0.702978
0.777848
0.775742
0.737774
0.763293
0.735961
0.691064
0.723804
0.797690
0.537453
0.751253
0.834952
0.737973
0.651969
0.535231
0.607777
0.852734
0.828539
0.802449
0.860763
0.805144
0.818027
0.783720
0.641150
0.699913
0.712542
0.801807
0.802210
0.801398
0.695976
0.659950
0.631739
0.682133
0.712532
0.639339
0.810376
0.717944
0.698306
0.679980
0.721502
0.815262
0.877961
0.674417
0.722742
0.872100
0.718396
0.799653
0.759621
0.739864
0.477250
0.591160
0.521271
0.627235
0.541420
0.409384
0.536585
0.461187
0.635170
0.629619
0.563172
0.550127
0.606792
0.460262
0.514253
0.625187
0.705423
0.646930
0.694640
0.662755
0.624237
0.813550
0.534729
0.704529
0.555723
0.449560
0.470422
0.505374
0.612746
0.545356
0.496548
0.404131
0.394884
0.554519
0.569614
0.497902
0.509862
0.599250
0.485027
0.525134
0.590794
0.614908
0.551902
0.717167
0.536577
0.569622
0.795676
0.507936
0.694353
0.643424
0.481123
0.687000
0.729845
0.641170
0.693121
0.650786
0.576129
0.628986
0.710217
0.603584
0.671567
0.759438
0.601685
0.676878
0.719326
0.666781
0.735294
0.579264
0.677039
0.727317
0.821824
0.693122
0.804925
0.687696
0.682575
0.664176
0.667670
0.483079
0.535250
0.425650
0.612347
0.753962
0.591020
0.622334
0.637163
0.459071
0.576734
0.479529
0.660911
0.546261
0.788448
0.665213
0.571311
0.814437
0.553390
0.700134
0.518976
0.455655
0.733010
0.573755
0.679444
0.660951
0.756030
0.589352
0.722469
0.599466
0.733204
0.597788
0.543535
0.689729
0.761062
0.601818
0.787762
0.604364
0.645021
0.837679
0.610521
0.818539
0.808500
0.644325
0.612501
0.649378
0.584748
0.699038
0.619143
0.616455
0.655526
0.614554
0.617086
0.732902
0.708892
0.732042
0.695685
0.634947
0.715265
0.719430
0.867888
0.436545
0.717293
0.728016
0.653912
0.390674
0.396712
0.642576
0.574022
0.555674
0.601291
0.586866
0.549446
0.553560
0.536889
0.659219
0.537814
0.803957
0.687940
0.611296
0.775271
0.494705
0.770337
0.678249
0.412563
0.315209
0.583283
0.649691
0.519608
0.565780
0.668152
0.489038
0.528593
0.561307
0.595135
0.705125
0.762422
0.536787
0.619526
0.764060
0.616378
0.831440
0.664345
0.495570
0.526589
0.588901
0.505214
0.559752
0.628664
0.505339
0.552059
0.550674
0.553547
0.595113
0.713342
0.637287
0.587784
0.700413
0.559101
0.742083
0.544305
0.412859
0.692783
0.652750
0.740240
0.732846
0.669553
0.672112
0.758095
0.559784
0.699730
0.739113
0.532103
0.655732
0.723464
0.713133
0.794178
0.646691
0.671746
0.697684
0.615602
0.704038
0.675745
0.655255
0.746103
0.672272
0.716393
0.704937
0.697761
0.617257
0.769624
0.625539
0.791467
0.781528
0.639590
0.692193
0.633178
0.484529
0.627069
0.593662
0.657123
0.776833
0.738363
0.595419
0.696266
0.879553
0.574523
0.733404
0.706991
0.569328
0.677350
0.566478
0.452483
0.696985
0.663813
0.661541
0.765028
0.561702
0.656909
0.855815
0.599527
0.792631
0.732909
0.592785
0.567637
0.527113
0.635288
0.711716
0.710287
0.700606
0.684020
0.637179
0.832355
0.558986
0.720891
0.725992
0.697079
0.503045
0.437808
0.596812
0.663851
0.710577
0.452643
0.611196
0.841963
0.531872
0.721386
0.557987
0.518847
0.558883
0.611135
0.685914
0.735010
0.561126
0.561392
0.861171
0.608969
0.793363
0.655978
0.525798
0.571961
0.692341
0.810475
0.750221
0.611440
0.916492
0.550694
0.736676
0.649246
0.589623
0.743259
0.678463
0.581608
0.631828
0.723800
0.712057
0.793140
0.686357
0.677352
0.714788
0.683483
0.661006
0.730207
0.660188
0.763395
0.753119
0.681731
0.740336
0.824781
0.737385
0.797121
0.933253
0.752168
0.823936
0.579231
0.804268
0.682437
0.784010
0.724670
0.699530
0.831411
0.672576
0.771524
0.543643
0.628010
0.900784
0.990066
0.868235
0.857737
0.571034
0.773469
0.580157
0.816554
0.682277
0.516977
