0.488219
0.449177
0.454918
0.476761
0.487074
0.420009
0.434592
0.469475
0.302207
0.487049
0.419667
0.549009
0.679379
0.481800
0.452645
0.340963
0.494770
0.550506
0.466812
0.518435
0.683362
0.631252
0.420030
0.419070
0.509744
0.478316
0.431852
0.509210
0.688968
0.542138
0.393052
0.444373
0.556667
0.474793
0.526348
0.484793
0.450405
0.471553
0.586884
0.528731
0.353940
0.527578
0.421934
0.484009
0.352271
0.473210
0.481288
0.558066
0.566343
0.510396
0.532376
0.601949
0.527986
0.478458
0.629445
0.517415
0.546343
0.534659
0.526084
0.597482
0.613008
0.481793
0.609724
0.461232
0.598971
0.581549
0.526582
0.594014
0.721749
0.626379
0.525358
0.559230
0.675415
0.564950
0.540829
0.650364
0.716032
0.643547
0.671907
0.539975
0.528838
0.589752
0.546672
0.540644
0.532628
0.641146
0.645613
0.568740
0.536871
0.554607
0.559395
0.596670
0.478975
0.556152
0.545205
0.641005
0.672553
0.550385
0.550625
0.499988
0.433911
0.530370
0.366554
0.605821
0.360102
0.516079
0.544744
0.621983
0.430552
0.509856
0.414302
0.506112
0.549859
0.538690
0.566648
0.755314
0.529943
0.554490
0.451844
0.616641
0.448012
0.320677
0.619981
0.608402
0.591535
0.641965
0.474679
0.540957
0.535421
0.500951
0.504873
0.380726
0.621587
0.524147
0.477724
0.502918
0.517371
0.395498
0.566578
0.496068
0.560801
0.506217
0.665369
0.702126
0.458257
0.434582
0.671253
0.582023
0.528715
0.484756
0.407633
0.359611
0.316995
0.599686
0.376774
0.539610
0.448231
0.523397
0.429235
0.459492
0.601213
0.512606
0.616555
0.392725
0.580993
0.698879
0.563286
0.511557
0.523954
0.598610
0.481723
0.604146
0.417924
0.495067
0.490638
0.461435
0.494215
0.493715
0.567514
0.549618
0.358609
0.403492
0.411931
0.435382
0.667136
0.452119
0.388299
0.483521
0.562362
0.750915
0.586162
0.647118
0.623092
0.521318
0.597268
0.533681
0.344711
0.593773
0.529772
0.591610
0.478052
0.477047
0.547561
0.609710
0.455758
0.639953
0.545259
0.603408
0.241302
0.579418
0.614675
0.631922
0.470369
0.333993
0.713750
0.687429
0.596766
0.520356
0.580311
0.601178
0.597637
0.480252
0.615322
0.481694
0.638450
0.558812
0.596112
0.558358
0.596866
0.596387
0.599708
0.453037
0.398020
0.575898
0.783575
0.590310
0.623423
0.511950
0.506028
0.538562
0.480819
0.447882
0.676055
0.465139
0.546177
0.506732
0.447697
0.491272
0.522360
0.534708
0.634158
0.588476
0.501079
0.508568
0.650964
0.559092
0.472742
0.563069
0.640220
0.489125
0.624078
0.396362
0.510072
0.470912
0.493237
0.506907
0.555629
0.632192
0.597618
0.433827
0.490039
0.565190
0.412239
0.667741
0.423213
0.506963
0.569162
0.573876
0.666294
0.658502
0.533122
0.582251
0.603861
0.616534
0.630357
0.709391
0.595741
0.570880
0.518744
0.553561
0.637844
0.601986
0.406623
0.800032
0.572412
0.664138
0.409254
0.567202
0.464420
0.451008
0.672523
0.740363
0.595731
0.646047
0.564401
0.616408
0.616440
0.653163
0.646629
0.565055
0.520365
0.594080
0.630681
0.498998
0.646876
0.525694
0.456238
0.522600
0.643826
0.589064
0.677313
0.566029
0.564710
0.620585
0.507493
0.453936
0.685371
0.693241
0.621461
0.381924
0.457954
0.669624
0.573353
0.555680
0.708160
0.737502
0.618282
0.565726
0.507353
0.705730
0.428992
0.502065
0.655855
0.739179
0.643502
0.261682
0.560380
0.606226
0.586748
0.601465
0.598140
0.550631
0.568494
0.661505
0.581503
0.475805
0.579865
0.591882
0.593617
0.522686
0.593755
0.518452
0.694288
0.708532
0.605134
0.481355
0.473556
0.547722
0.594559
0.503957
0.456266
0.512340
0.487321
0.521335
0.428756
0.595004
0.674054
0.492948
0.488066
0.558038
0.703088
0.535380
0.414445
0.518525
0.610870
0.535587
0.653771
0.500774
0.566104
0.543628
0.494374
0.476508
0.469206
0.642952
0.559039
0.554430
0.512167
0.487491
0.455309
0.625378
0.442555
0.501222
0.476918
0.614974
0.707159
0.588534
0.526106
0.588560
0.763089
0.534215
0.607266
0.419634
0.567848
0.581126
0.573386
0.574966
0.571972
0.777513
0.405934
0.594135
0.669972
0.650933
0.570472
0.596429
0.761504
0.591118
0.399648
0.609070
0.628854
0.465394
0.602194
0.613398
0.591869
0.590717
0.690976
0.599171
0.457468
0.658670
0.515669
0.625700
0.420865
0.454045
0.615713
0.545080
0.636745
0.456358
0.422486
0.579503
0.365983
0.581564
0.374613
0.564362
0.529934
0.523270
0.627029
0.752624
0.532916
0.495992
0.485351
0.589279
0.396772
0.427847
0.614863
0.476524
0.598097
0.655398
0.365090
0.448270
0.574699
0.530653
0.476572
0.361271
0.580303
0.413486
0.352885
0.506002
0.486479
0.454557
0.582075
0.510667
0.589072
0.542708
0.646449
0.728305
0.547697
0.487838
0.535415
0.377536
0.416292
0.491866
0.224175
0.366410
0.596907
0.525404
0.529671
0.373273
0.558763
0.667444
0.539395
0.459110
0.468142
0.394082
0.342406
0.485271
0.461265
0.611085
0.479343
0.515996
0.527518
0.570004
0.504958
0.582806
0.479195
0.454573
0.264067
0.487492
0.572221
0.393377
0.462857
0.377466
0.535542
0.594626
0.687317
0.400263
0.629009
0.521636
0.575771
0.549098
0.544403
0.584690
0.713040
0.585637
0.573178
0.498380
0.602037
0.599162
0.528046
0.594235
0.588612
0.578115
0.742608
0.399329
0.481091
0.600893
0.416141
0.557348
0.441354
0.684208
0.565435
0.329733
0.515296
0.577989
0.481729
0.605557
0.538940
0.532665
0.657878
0.675524
0.748312
0.645504
0.572038
0.621286
0.694566
0.657400
0.531118
0.657795
0.756271
0.669831
0.522905
0.713607
0.710286
0.672872
0.630325
0.688718
0.696702
0.728054
0.770381
0.603271
0.670427
0.723795
0.683328
0.667240
0.661177
0.686449
0.699566
0.660536
0.646478
0.616119
0.654341
0.626244
0.629678
0.592605
0.504086
0.726990
0.769897
0.645257
0.449284
0.586160
0.579815
0.538029
0.626447
0.682433
0.566498
0.490824
0.571627
0.616675
0.510621
0.533224
0.647467
0.629814
0.637216
0.703528
0.427015
0.418429
0.534772
0.422426
0.524604
0.452832
0.663957
0.542130
0.376417
0.464718
0.531570
0.405200
0.565133
0.497984
0.515151
0.580181
0.651233
0.678884
0.502430
0.537709
0.565032
0.371783
0.593813
0.694326
0.523201
0.514670
0.563361
0.593240
0.554339
0.377903
0.517990
0.709942
0.623320
0.404242
0.555780
0.665845
0.598769
0.540562
0.600012
0.597231
0.557466
0.626935
0.596913
0.511760
0.595870
0.562725
0.504115
0.448056
0.489330
0.332032
0.591536
0.717499
0.471745
0.591817
0.443754
0.563517
0.643789
0.643462
0.421735
0.324306
0.559825
0.473629
0.439731
0.564903
0.672002
0.621242
0.513147
0.451413
0.466546
0.565916
0.386810
0.475596
0.245366
0.464256
0.534877
0.426672
0.532821
0.484685
0.458314
0.541409
0.474746
0.434088
0.498085
0.583176
0.615239
0.558829
0.425460
0.522780
0.609310
0.594794
0.550209
0.484107
0.692707
0.570318
0.472728
0.538623
0.607064
0.590478
0.680488
0.547392
0.610952
0.534612
0.573020
0.422513
0.556341
0.621130
0.591291
0.485680
0.582654
0.555011
0.490129
0.645528
0.545695
0.457790
0.459021
0.467301
0.763356
0.553827
0.661815
0.623971
0.650443
0.570932
0.593776
0.734265
0.585087
0.536393
0.634975
0.309215
0.274694
0.586659
0.559818
0.618210
0.488217
0.511765
0.557409
0.643803
0.708212
0.605772
0.538952
0.510823
0.238568
0.503526
0.750948
0.470108
0.551699
0.566463
0.598831
0.631544
0.573569
0.677250
0.358239
0.454536
0.538119
0.640799
0.544463
0.381079
0.529169
0.620697
0.583318
0.583389
0.475614
0.622639
0.526331
0.545844
0.471278
0.522723
0.579572
0.585313
0.536867
0.521438
0.564678
0.558579
0.588659
0.445641
0.444366
0.420061
0.541565
0.726772
0.762668
0.607308
0.652706
0.513036
0.736055
0.616903
0.606577
0.630711
0.688098
0.672799
0.622286
0.606631
0.723493
0.640084
0.704434
0.585453
0.665041
0.639199
0.593102
0.610164
0.598946
0.680504
0.553123
0.627555
0.587727
0.554110
0.621497
0.604228
0.608305
0.796871
0.418628
0.790155
0.837056
0.832949
0.699083
0.594493
0.758918
0.708392
0.630315
0.669491
0.740616
0.637725
0.630970
0.682189
0.762839
0.663166
0.786327
0.688948
0.675554
0.635652
0.704406
0.851409
0.628624
0.442424
0.584380
0.663793
0.822406
0.670520
0.547269
0.689767
0.546841
0.438640
0.629312
0.588002
0.692887
0.780496
0.501218
0.654872
0.724501
0.616790
0.587969
0.560031
0.671744
0.512765
0.591202
0.642611
0.658118
0.613348
0.643880
0.664455
0.729280
0.579960
0.786053
0.702725
0.606253
0.603392
0.635470
0.494522
0.399282
0.751929
0.628673
0.459418
0.510887
0.536973
0.476607
0.528485
0.489210
0.550321
0.486648
0.635811
0.525370
0.506978
0.541801
0.525263
0.636636
0.449326
0.337286
0.393507
0.528979
0.689555
0.455702
0.459101
0.402986
0.593503
0.676450
0.585546
0.569023
0.499016
0.573318
0.630451
0.476935
0.503681
0.361803
0.573660
0.539226
0.490125
0.483339
0.609938
0.525352
0.572666
0.553120
0.592724
0.568004
0.676861
0.625000
0.649998
0.534248
0.679437
0.730619
0.770302
0.648095
0.574630
0.549715
0.759549
0.514033
0.688190
0.447168
0.643771
0.563172
0.545111
0.633187
0.727344
0.666225
0.615038
0.647736
0.680189
0.643998
0.741717
0.751268
0.513703
0.627415
0.655711
0.648962
0.593698
0.487809
0.507179
0.643507
0.614470
0.540853
0.496352
0.566605
0.572216
0.508365
0.506573
0.535905
0.532410
0.557818
0.535392
0.619311
0.517599
0.646212
0.662005
0.555896
0.669886
0.550325
0.552234
0.473404
0.562003
0.570764
0.536273
0.481938
0.437304
0.537803
0.529482
0.499548
0.487945
0.575174
0.456780
0.517274
0.473908
0.544230
0.445129
0.547032
0.712123
0.755754
0.678739
0.584187
0.573501
0.651132
0.549801
0.599428
0.564486
0.648293
0.503627
0.712530
0.576547
0.614557
0.588295
0.619795
0.722411
0.609108
0.443380
0.526864
0.601045
0.721504
0.509613
0.805283
0.554748
0.725409
0.699934
0.568009
0.634686
0.631817
0.779046
0.558908
0.559312
0.666495
0.387442
0.634184
0.805874
0.628687
0.793344
0.714707
0.714164
0.729407
0.654976
0.583584
0.648051
0.510106
0.597455
0.642525
0.657997
0.661226
0.682809
0.616362
0.440761
0.357277
0.567731
0.706763
0.375272
0.652569
0.692113
0.607918
0.600635
0.690663
0.729744
0.526743
0.609511
0.686877
0.689523
0.550990
0.726424
0.678492
0.488518
0.683518
0.626904
0.645847
0.500940
0.457513
0.506959
0.618439
0.701926
0.456581
0.564521
0.473575
0.456782
0.436529
0.563566
0.460837
0.359346
0.477710
0.559997
0.432352
0.593274
0.483679
0.558615
0.623551
0.679738
0.660796
0.589984
0.501668
0.564444
0.432731
0.574698
0.624077
0.425430
0.593830
0.529946
0.496807
0.552477
0.555818
0.565931
0.677523
0.691108
0.743420
0.607736
0.558933
0.664762
0.588941
0.704761
0.603731
0.480287
0.574119
0.515410
0.717498
0.413980
0.466543
0.594703
0.575574
0.653378
0.503708
0.333401
0.689921
0.535545
0.427750
0.553685
0.517840
0.500854
0.656330
0.532274
0.467999
0.585337
0.621936
0.709618
0.536520
0.665320
0.538062
0.486645
0.596091
0.565435
0.511997
0.672498
0.613291
0.413162
0.528009
0.519904
0.744170
0.635838
0.492513
0.386196
0.555043
0.543793
0.500822
0.628518
0.510806
0.570091
0.613404
0.689169
0.715875
0.635815
0.633361
0.582666
0.638036
0.557072
0.520889
0.529982
0.602980
0.602954
0.636118
0.699963
0.451292
0.648142
0.624234
0.571405
0.690748
0.652137
0.664423
0.646116
0.678670
0.827028
0.467884
0.499382
0.454658
0.625142
0.569900
0.502521
0.614690
0.575273
0.757953
0.580135
0.493166
0.586478
0.329792
0.564100
0.544398
0.600917
0.664280
0.503058
0.705871
0.498576
0.571847
0.547969
0.622140
0.626535
0.565891
0.385101
0.474285
0.526411
0.644164
0.654217
0.513820
0.649028
0.599679
0.726236
0.574538
0.527643
0.534404
0.534225
0.599791
0.421299
0.524137
0.736001
0.604821
0.690810
0.823603
