0.101723
0.049631
0.082877
0.024702
0.052445
0.033296
0.016761
0.059812
0.040188
0.055970
0.049967
0.058949
0.106364
0.205374
0.055045
0.056896
0.062872
0.053215
0.065941
0.029269
0.030150
0.074951
0.060452
0.058127
0.093699
0.062693
0.084668
0.059341
0.032359
0.068614
0.097249
0.028537
0.023004
0.049384
0.024283
0.053413
0.072874
0.029585
0.065114
0.044290
0.044561
0.071944
0.065194
0.029284
0.069955
0.057995
0.048903
0.099685
0.026764
0.063964
0.039111
0.107128
0.153944
0.129375
0.108004
0.081108
0.159363
0.129811
0.133299
0.069703
0.040509
0.169988
0.061406
0.050636
0.035890
0.096554
0.075047
0.138416
0.058863
0.077190
0.038956
0.033436
0.207164
0.046130
0.036067
0.031469
0.062904
0.028112
0.228375
0.053979
0.075929
0.039744
0.068460
0.050259
0.024498
0.116845
0.020224
0.028688
0.181460
0.060484
0.021535
0.059371
0.025972
0.230547
0.124969
0.030700
0.146826
0.043595
0.055105
0.066177
0.107239
0.076593
0.068342
0.130945
0.112779
0.116408
0.067255
0.052480
0.220965
0.029863
0.027444
0.029208
0.093649
0.080951
0.114224
0.016308
0.066968
0.031734
0.049458
0.197154
0.033439
0.043798
0.026798
0.029286
0.052462
0.154517
0.047064
0.017871
0.031518
0.025782
0.045797
0.051269
0.095232
0.032197
0.042204
0.149516
0.047720
0.036497
0.040748
0.024139
0.185092
0.101608
0.045756
0.086915
0.061157
0.147203
0.102559
0.086112
0.026969
0.125050
0.088449
0.093928
0.036271
0.036520
0.096420
0.043514
0.026465
0.014222
0.067769
0.030594
0.108528
0.041710
0.023350
0.012270
0.020105
0.154497
0.019036
0.008557
0.031011
0.032030
0.028769
0.241900
0.035191
0.050971
0.012396
0.033445
0.019880
0.026885
0.112885
0.014385
0.023745
0.168098
0.030101
0.015182
0.037841
0.011073
0.225363
0.083847
0.010381
0.123358
0.076195
0.035827
0.025767
0.029589
0.039074
0.047337
0.038913
0.039311
0.098056
0.143150
0.053103
0.047686
0.054066
0.040264
0.040195
0.033495
0.031196
0.044917
0.047392
0.048766
0.076165
0.049319
0.065790
0.061402
0.025909
0.064123
0.156053
0.025061
0.025548
0.039595
0.019811
0.038739
0.067693
0.044472
0.058754
0.043801
0.066882
0.058983
0.059886
0.025363
0.061882
0.105906
0.033720
0.083717
0.039595
0.119343
0.093588
0.137327
0.126595
0.132736
0.150736
0.135444
0.144992
0.342497
0.075555
0.087297
0.112954
0.150898
0.161252
0.113296
0.057793
0.148662
0.111451
0.135611
0.225487
0.111576
0.149531
0.107358
0.083450
0.141113
0.099976
0.095204
0.044366
0.098955
0.079741
0.119155
0.139274
0.077482
0.118075
0.115779
0.123759
0.112787
0.116141
0.086710
0.114474
0.132303
0.137507
0.157579
0.084844
0.019546
0.055761
0.007200
0.048697
0.016465
0.052348
0.155024
0.162143
0.096717
0.101722
0.102639
0.031474
0.049019
0.010163
0.075684
0.078843
0.096002
0.072824
0.028951
0.104574
0.110058
0.104325
0.065841
0.090974
0.148228
0.041830
0.070648
0.077375
0.053551
0.070852
0.092836
0.053722
0.094608
0.064075
0.023053
0.105703
0.099396
0.033239
0.104313
0.065456
0.025727
0.134259
0.025273
0.045117
0.024940
0.064452
0.031492
0.064674
0.136028
0.161015
0.075561
0.082139
0.070498
0.027633
0.046344
0.019133
0.041372
0.069630
0.065114
0.051913
0.055938
0.073328
0.083023
0.072402
0.033852
0.060376
0.133200
0.020295
0.037851
0.059769
0.030201
0.046039
0.062328
0.032535
0.071155
0.039311
0.033003
0.095196
0.076350
0.025662
0.079260
0.062773
0.018793
0.106550
0.024429
0.066865
0.063965
0.048011
0.034106
0.083467
0.073232
0.052292
0.043778
0.033981
0.038193
0.012012
0.058893
0.042194
0.016911
0.026094
0.028187
0.081937
0.035041
0.031561
0.055486
0.024553
0.046351
0.224526
0.024289
0.045905
0.024665
0.027050
0.019577
0.046174
0.078248
0.040545
0.030200
0.110352
0.049046
0.043250
0.027822
0.040638
0.165683
0.037097
0.049525
0.081131
0.055692
0.018369
0.068262
0.181535
0.169246
0.123055
0.121036
0.124717
0.037800
0.064344
0.006908
0.092054
0.097890
0.116941
0.092398
0.023250
0.126350
0.134829
0.125625
0.077957
0.109759
0.144448
0.054446
0.083564
0.098259
0.065334
0.090529
0.115905
0.055318
0.118433
0.083180
0.014414
0.129539
0.120907
0.048246
0.130029
0.053652
0.031272
0.160981
0.025862
0.054529
0.039967
0.115017
0.143564
0.088946
0.073970
0.090981
0.079495
0.058359
0.042010
0.090998
0.064298
0.089224
0.075364
0.076913
0.083689
0.098017
0.105515
0.079343
0.104203
0.202066
0.060698
0.081972
0.065352
0.069161
0.078768
0.103885
0.070302
0.093308
0.077406
0.091367
0.063257
0.091854
0.065085
0.101369
0.109536
0.079281
0.112539
0.080068
0.038667
0.138195
0.127685
0.118106
0.099868
0.092078
0.018713
0.038942
0.014977
0.081388
0.074582
0.088463
0.061503
0.020519
0.095276
0.096219
0.103799
0.063818
0.080540
0.185499
0.040493
0.080056
0.078694
0.052396
0.064638
0.093794
0.076716
0.090091
0.062111
0.036842
0.105834
0.093891
0.038128
0.103326
0.091120
0.028915
0.124547
0.035414
0.047932
0.111963
0.062592
0.037662
0.042343
0.040389
0.026979
0.053974
0.057004
0.038627
0.043204
0.027627
0.089376
0.041029
0.045854
0.050983
0.047180
0.048539
0.208327
0.034735
0.059354
0.031044
0.036936
0.036936
0.058129
0.088093
0.038220
0.034050
0.106004
0.036845
0.035102
0.031429
0.044727
0.163160
0.067560
0.053436
0.080539
0.181081
0.058768
0.027362
0.029417
0.118068
0.086880
0.151507
0.059632
0.075634
0.033863
0.038141
0.230201
0.029610
0.036223
0.028843
0.063256
0.047566
0.257768
0.069917
0.071014
0.036388
0.063416
0.058729
0.054426
0.140370
0.024714
0.046596
0.213038
0.037162
0.019166
0.071899
0.029741
0.258289
0.156865
0.030310
0.163210
0.186344
0.158492
0.127654
0.111043
0.059004
0.162844
0.183893
0.070913
0.122563
0.107109
0.126721
0.128978
0.105078
0.175195
0.142758
0.131698
0.416601
0.124925
0.196002
0.122864
0.143446
0.098251
0.134516
0.199460
0.138365
0.119725
0.237593
0.139686
0.138379
0.150617
0.146010
0.304077
0.120453
0.118278
0.228452
0.025802
0.036414
0.103606
0.063870
0.109463
0.025699
0.040547
0.028061
0.054368
0.183631
0.031374
0.048641
0.037310
0.033936
0.065175
0.189174
0.050543
0.027645
0.019703
0.034482
0.037871
0.054811
0.078967
0.040594
0.043656
0.158333
0.026319
0.040571
0.048901
0.029415
0.186916
0.095399
0.046023
0.110672
0.017475
0.085872
0.054032
0.100162
0.023673
0.036319
0.019850
0.032527
0.174650
0.016856
0.030049
0.028628
0.028787
0.048205
0.192966
0.040019
0.029979
0.013343
0.029894
0.032901
0.048972
0.078224
0.020970
0.031817
0.156348
0.018135
0.019669
0.042968
0.021998
0.188688
0.100665
0.027899
0.106032
0.068065
0.039177
0.099451
0.021078
0.032596
0.006750
0.013737
0.163531
0.006809
0.007474
0.019116
0.019972
0.021366
0.215108
0.024762
0.029849
0.009666
0.023107
0.016663
0.023256
0.091917
0.009383
0.014133
0.153805
0.029601
0.010759
0.036421
0.010422
0.194554
0.086670
0.012906
0.106608
0.028311
0.034914
0.061457
0.064427
0.066214
0.038745
0.046962
0.073754
0.069146
0.072434
0.048233
0.047374
0.172986
0.023281
0.066715
0.065021
0.042226
0.041443
0.057405
0.075416
0.062916
0.035242
0.056846
0.094970
0.067073
0.027064
0.072995
0.119935
0.021481
0.091977
0.044269
0.056653
0.055871
0.014521
0.036905
0.024842
0.067625
0.041313
0.034883
0.063117
0.039889
0.046033
0.230653
0.025159
0.061864
0.030274
0.035535
0.020309
0.046844
0.084200
0.044931
0.027198
0.107571
0.048496
0.046891
0.034849
0.046273
0.162746
0.033854
0.048297
0.083314
0.077230
0.086999
0.096767
0.071990
0.030537
0.100697
0.113863
0.106055
0.062626
0.088846
0.145221
0.040353
0.068353
0.079282
0.051932
0.074375
0.099131
0.046811
0.097469
0.065396
0.017215
0.109312
0.098008
0.040431
0.111375
0.048608
0.036547
0.138670
0.028125
0.049859
0.018691
0.033429
0.150179
0.022357
0.036341
0.024509
0.010236
0.038397
0.146627
0.022235
0.005509
0.020254
0.012226
0.025260
0.037554
0.056520
0.026415
0.024006
0.109090
0.042984
0.030763
0.025008
0.024219
0.141961
0.064629
0.044647
0.062007
0.028315
0.039280
0.112399
0.029621
0.030493
0.065470
0.039685
0.060390
0.251050
0.040424
0.056219
0.018898
0.035099
0.020274
0.056358
0.092069
0.043373
0.038628
0.149424
0.027237
0.046563
0.050865
0.040769
0.191772
0.059240
0.033901
0.112796
0.016343
0.155242
0.007841
0.008845
0.020024
0.013146
0.022618
0.219749
0.023669
0.027041
0.008113
0.019777
0.012413
0.022628
0.087775
0.010968
0.016211
0.149583
0.029149
0.012318
0.030756
0.010130
0.195062
0.075154
0.017326
0.104309
0.118881
0.019060
0.015587
0.019314
0.024296
0.011948
0.210613
0.014428
0.042363
0.019563
0.026069
0.017549
0.017084
0.082330
0.011289
0.005309
0.119869
0.043125
0.011429
0.024003
0.018858
0.171107
0.064304
0.027640
0.089839
0.163846
0.160651
0.179658
0.121041
0.142939
0.236823
0.087442
0.145378
0.139740
0.107480
0.117522
0.151160
0.109409
0.161192
0.118270
0.046210
0.171475
0.167163
0.087501
0.176565
0.095280
0.040553
0.195385
0.065898
0.014157
0.024078
0.022612
0.029408
0.225356
0.029297
0.028805
0.009585
0.023165
0.017817
0.032006
0.089321
0.015226
0.020736
0.158260
0.022004
0.015050
0.042518
0.015768
0.192443
0.088811
0.017439
0.112596
0.027133
0.030462
0.021510
0.252433
0.030141
0.048757
0.015541
0.036640
0.021049
0.018514
0.117223
0.011316
0.019657
0.170259
0.038485
0.017013
0.039553
0.012756
0.223417
0.084220
0.011106
0.119114
0.025106
0.019931
0.183956
0.033358
0.033096
0.026011
0.031616
0.036283
0.019873
0.090979
0.014499
0.018250
0.147574
0.047597
0.013498
0.035701
0.013190
0.191604
0.097395
0.032026
0.102581
0.029588
0.171417
0.016630
0.012645
0.019056
0.008704
0.017280
0.032025
0.056975
0.025472
0.019287
0.102342
0.050048
0.027014
0.019874
0.023977
0.143562
0.050589
0.044273
0.066179
0.211063
0.020047
0.049568
0.030478
0.034761
0.025064
0.009643
0.087921
0.012675
0.009643
0.129576
0.064549
0.015537
0.030496
0.020664
0.185236
0.073515
0.030909
0.098230
0.160719
0.134200
0.203778
0.158468
0.207127
0.218783
0.136235
0.212482
0.180333
0.121689
0.215709
0.209003
0.155491
0.207551
0.116781
0.186625
0.259841
0.100844
0.025283
0.023245
0.016491
0.015848
0.024138
0.050657
0.023427
0.009304
0.072882
0.051950
0.027107
0.010151
0.032822
0.116392
0.032131
0.049640
0.046557
0.026089
0.012335
0.032552
0.049316
0.053061
0.038554
0.032945
0.099685
0.047808
0.039538
0.027530
0.033309
0.127594
0.065945
0.059309
0.055991
0.017424
0.014497
0.029291
0.073333
0.013380
0.017243
0.132745
0.017429
0.014077
0.028607
0.012307
0.171496
0.072632
0.016790
0.094633
0.016532
0.042497
0.053394
0.027920
0.020446
0.088873
0.040696
0.029960
0.019670
0.028762
0.125171
0.048495
0.044702
0.056263
0.030198
0.069940
0.021511
0.013331
0.125060
0.032884
0.022682
0.028260
0.022337
0.172757
0.050266
0.029351
0.090547
0.092474
0.013929
0.013167
0.138685
0.063039
0.020249
0.031146
0.017905
0.192118
0.070998
0.029070
0.101526
0.089716
0.063836
0.068150
0.096125
0.086986
0.060035
0.101232
0.078109
0.064922
0.123901
0.065081
0.010960
0.144644
0.037347
0.004793
0.026722
0.009807
0.194077
0.084342
0.015523
0.103583
0.106091
0.042837
0.012228
0.020100
0.018023
0.151094
0.055241
0.028353
0.077563
0.173366
0.149536
0.066412
0.162460
0.028304
0.053329
0.200131
0.021798
0.033932
0.060920
0.032534
0.200956
0.108401
0.032660
0.126382
0.032162
0.010319
0.198952
0.093811
0.018188
0.113528
0.033594
0.123550
0.032336
0.059687
0.038317
0.214880
0.091281
0.012797
0.112399
0.107095
0.247272
0.055721
0.112858
0.038259
0.150024
