0.392643
0.449482
0.482865
0.480454
0.455444
0.448338
0.671963
0.555810
0.388379
0.452930
0.539557
0.460221
0.347720
0.570961
0.600843
0.409743
0.395466
0.679657
0.569825
0.602920
0.564222
0.480777
0.518624
0.680682
0.548128
0.514045
0.419413
0.438092
0.676567
0.579140
0.538247
0.547809
0.381099
0.347862
0.549882
0.647554
0.577862
0.523975
0.339182
0.568430
0.368816
0.590221
0.509991
0.561031
0.617665
0.629019
0.520088
0.495991
0.568590
0.444268
0.537544
0.512748
0.462455
0.382958
0.735689
0.485171
0.441088
0.531931
0.569448
0.533074
0.417041
0.517223
0.598594
0.469263
0.431864
0.688951
0.594652
0.615005
0.537972
0.525870
0.521929
0.648265
0.566354
0.568676
0.465767
0.505442
0.667841
0.608436
0.584117
0.566754
0.495168
0.464699
0.523890
0.545880
0.676395
0.565468
0.442281
0.638759
0.480271
0.562919
0.512862
0.546916
0.518047
0.662240
0.528687
0.512483
0.553092
0.612218
0.626400
0.516710
0.401911
0.759631
0.438893
0.505080
0.605275
0.477289
0.450780
0.500472
0.525322
0.580349
0.547904
0.424453
0.447155
0.698028
0.582765
0.545409
0.521508
0.563939
0.632750
0.614304
0.537940
0.505996
0.540598
0.674074
0.556774
0.659760
0.333365
0.449021
0.449524
0.581024
0.566864
0.656506
0.472775
0.364013
0.687930
0.627746
0.621822
0.604596
0.605291
0.635699
0.694503
0.537154
0.572957
0.627986
0.357162
0.569963
0.617335
0.676661
0.548154
0.461531
0.642777
0.551597
0.590367
0.582459
0.506364
0.587779
0.503534
0.477119
0.749219
0.682914
0.542570
0.665057
0.565760
0.424297
0.745869
0.625597
0.629573
0.533591
0.571855
0.658189
0.617060
0.540418
0.644150
0.596053
0.567879
0.459299
0.622528
0.589914
0.618676
0.507180
0.626648
0.538048
0.529019
0.493949
0.674141
0.539839
0.694391
0.541142
0.573409
0.697313
0.509048
0.554412
0.637592
0.573625
0.370384
0.585638
0.573070
0.615168
0.546333
0.451396
0.506943
0.409304
0.438518
0.756000
0.573275
0.617775
0.679271
0.484019
0.351977
0.720812
0.474891
0.423059
0.513818
0.450678
0.525759
0.647293
0.423265
0.690054
0.515429
0.585652
0.398983
0.717181
0.600668
0.575237
0.558604
0.574857
0.443331
0.379174
0.419564
0.684724
0.628381
0.639946
0.457555
0.537844
0.619660
0.469640
0.711345
0.540731
0.391708
0.517362
0.611361
0.607143
0.558756
0.559877
0.680667
0.510087
0.522466
0.862360
0.529455
0.609307
0.661417
0.433630
0.585930
0.707981
0.458078
0.581647
0.527404
0.515038
0.714443
0.683928
0.583699
0.675280
0.469799
0.532711
0.594834
0.650064
0.686002
0.620994
0.516307
0.659065
0.521238
0.626369
0.473790
0.668854
0.687405
0.641947
0.570553
0.409393
0.654851
0.780394
0.529791
0.501007
0.553372
0.571600
0.512274
0.493547
0.512058
0.567458
0.527583
0.519196
0.624380
0.637453
0.573301
0.546945
0.475356
0.614399
0.638155
0.597617
0.573716
0.522598
0.559820
0.704234
0.580742
0.503130
0.577098
0.448528
0.455936
0.586395
0.514204
0.739313
0.474113
0.422343
0.654698
0.472121
0.630522
0.563307
0.582749
0.585557
0.705411
0.595104
0.512947
0.490745
0.684078
0.726196
0.752747
0.678522
0.686888
0.736962
0.658356
0.698068
0.712934
0.650569
0.760328
0.709622
0.861652
0.816063
0.671109
0.528368
0.863304
0.675914
0.469389
0.615260
0.554828
0.588286
0.830707
0.794979
0.706263
0.664884
0.683868
0.611116
0.726048
0.774367
0.717438
0.626348
0.758173
0.637855
0.434012
0.552925
0.877262
0.754413
0.707569
0.629451
0.764364
0.742821
0.476431
0.527641
0.588531
0.497383
0.511432
0.489303
0.622363
0.410619
0.504957
0.735185
0.656505
0.720407
0.727271
0.475068
0.431036
0.777543
0.577775
0.554625
0.431932
0.567562
0.702971
0.734095
0.683591
0.634135
0.480179
0.539303
0.444535
0.590973
0.688433
0.587083
0.499491
0.532392
0.572683
0.549963
0.462061
0.679061
0.678879
0.709439
0.598003
0.536910
0.621593
0.435152
0.646780
0.574977
0.475172
0.476763
0.643137
0.357865
0.487651
0.765583
0.522368
0.674224
0.654233
0.437502
0.464313
0.713514
0.435327
0.572214
0.405086
0.496223
0.691353
0.671353
0.476730
0.659067
0.352335
0.452253
0.531277
0.674793
0.585894
0.647989
0.434259
0.454237
0.336799
0.579411
0.388418
0.630857
0.671215
0.660519
0.562246
0.407204
0.556844
0.666747
0.489323
0.389654
0.585463
0.679822
0.410087
0.495053
0.817696
0.651777
0.735828
0.605128
0.558743
0.579271
0.791911
0.518342
0.667238
0.467056
0.538945
0.637985
0.741207
0.625523
0.799149
0.531464
0.519265
0.640103
0.701863
0.660303
0.700601
0.505657
0.587120
0.466423
0.706263
0.604342
0.648189
0.711061
0.573233
0.656567
0.573287
0.623693
0.545542
0.603277
0.606473
0.522866
0.632395
0.496409
0.667138
0.812115
0.657360
0.684029
0.622303
0.528422
0.715409
0.682133
0.550778
0.633491
0.559358
0.706492
0.681024
0.734926
0.633405
0.602637
0.601883
0.530695
0.585964
0.650598
0.465079
0.483695
0.767218
0.664491
0.623417
0.663390
0.732457
0.553075
0.686337
0.587970
0.772778
0.726407
0.288895
0.514119
0.629670
0.427841
0.447802
0.740266
0.680265
0.681830
0.676890
0.536289
0.601668
0.703230
0.681857
0.612967
0.386447
0.561350
0.739832
0.600857
0.634005
0.667992
0.512943
0.514031
0.591499
0.626724
0.659751
0.527397
0.407752
0.553058
0.557240
0.659586
0.575774
0.584272
0.563338
0.696195
0.604643
0.636130
0.598898
0.595283
0.668005
0.286196
0.435914
0.815469
0.646960
0.667754
0.657351
0.519794
0.576926
0.691749
0.599626
0.567121
0.259783
0.510276
0.733626
0.639315
0.621824
0.675240
0.483664
0.514244
0.581027
0.663650
0.641233
0.627029
0.439906
0.635175
0.494151
0.648229
0.553313
0.532662
0.711940
0.618711
0.594190
0.602913
0.633413
0.568577
0.544491
0.537223
0.613326
0.625693
0.636816
0.578345
0.507601
0.576570
0.624985
0.573055
0.550777
0.542908
0.506647
0.501548
0.667969
0.495059
0.667078
0.503618
0.524475
0.538882
0.595257
0.623383
0.557945
0.489511
0.456540
0.479566
0.543554
0.556329
0.727151
0.551897
0.565597
0.473637
0.543961
0.463718
0.677115
0.535395
0.670100
0.666642
0.689446
0.726939
0.601611
0.582507
0.590551
0.588862
0.405882
0.664560
0.576851
0.686286
0.558944
0.647965
0.631888
0.628794
0.609908
0.528395
0.692825
0.713156
0.435947
0.566497
0.609750
0.578049
0.611911
0.592616
0.765595
0.667832
0.746802
0.566042
0.650634
0.482625
0.446394
0.832359
0.628452
0.711870
0.682754
0.471470
0.382319
0.767144
0.463850
0.624674
0.318321
0.488514
0.667088
0.698456
0.588490
0.705274
0.470287
0.530350
0.441284
0.704095
0.601571
0.662447
0.440772
0.560739
0.391975
0.542951
0.410371
0.652445
0.727058
0.643047
0.551942
0.496487
0.625661
0.692741
0.655679
0.527250
0.612459
0.515518
0.511799
0.556391
0.560078
0.461420
0.467067
0.525516
0.651003
0.474781
0.585542
0.581379
0.468465
0.471407
0.526930
0.606051
0.617921
0.438695
0.400303
0.618829
0.503629
0.515566
0.569823
0.658700
0.660290
0.710229
0.542270
0.534592
0.622140
0.827535
0.686360
0.523741
0.758767
0.689372
0.683624
0.758988
0.680072
0.800553
0.705330
0.674841
0.752518
0.647320
0.347598
0.668703
0.620897
0.742335
0.699734
0.660576
0.529222
0.615445
0.839467
0.700818
0.725564
0.790356
0.618474
0.604453
0.797042
0.653771
0.834570
0.723343
0.799166
0.783854
0.606076
0.651398
0.830640
0.660076
0.576894
0.642662
0.644253
0.711095
0.713391
0.556260
0.763800
0.555745
0.635872
0.630313
0.803410
0.744915
0.660980
0.658139
0.607706
0.588535
0.624606
0.507907
0.784576
0.773570
0.766903
0.686470
0.482462
0.656754
0.632869
0.731634
0.746568
0.552976
0.684525
0.681108
0.668319
0.701431
0.805189
0.499962
0.627632
0.543757
0.742001
0.679466
0.788363
0.722136
0.725056
0.565817
0.669724
0.796970
0.676810
0.703673
0.727505
0.754766
0.594872
0.717782
0.643279
0.720454
0.694858
0.723148
0.630508
0.683241
0.668322
0.690198
0.683418
0.674118
0.623256
0.704144
0.584980
0.571097
0.668698
0.507130
0.629901
0.606193
0.743279
0.613678
0.577774
0.763930
0.606715
0.697810
0.732313
0.664573
0.528954
0.725159
0.625726
0.662890
0.765883
0.568036
0.778060
0.515840
0.530423
0.471981
0.494286
0.673259
0.694940
0.561101
0.669226
0.272773
0.499929
0.536025
0.664703
0.641496
0.558336
0.478217
0.652825
0.506632
0.521032
0.335248
0.670279
0.741127
0.690867
0.592585
0.532618
0.617980
0.811660
0.573177
0.488159
0.491453
0.452872
0.563511
0.759149
0.614360
0.596827
0.548078
0.591609
0.206966
0.534899
0.645411
0.606077
0.483503
0.617782
0.531764
0.424333
0.410324
0.781625
0.569562
0.763998
0.473127
0.560722
0.717296
0.742387
0.656141
0.728026
0.725548
0.790294
0.536154
0.674368
0.687406
0.751915
0.723852
0.786520
0.760612
0.828970
0.588317
0.692643
0.820379
0.694716
0.789656
0.796330
0.724153
0.637033
0.800720
0.680411
0.690863
0.534208
0.508691
0.572033
0.516767
0.674383
0.748871
0.552397
0.720742
0.517712
0.627355
0.546802
0.746166
0.700455
0.672521
0.603640
0.603985
0.495678
0.559341
0.509873
0.715024
0.733544
0.595603
0.566393
0.500921
0.626729
0.478233
0.517620
0.526236
0.643643
0.656938
0.535504
0.541031
0.561679
0.498644
0.695639
0.728344
0.409395
0.560818
0.626426
0.571630
0.361152
0.456361
0.701382
0.686411
0.647986
0.468586
0.627564
0.559541
0.549968
0.665720
0.710349
0.631289
0.575561
0.459207
0.483840
0.571955
0.659420
0.664691
0.633240
0.414744
0.513854
0.479488
0.412736
0.378317
0.552944
0.669727
0.664414
0.574734
0.510164
0.637362
0.502238
0.702114
0.646288
0.656774
0.488433
0.494790
0.467070
0.687361
0.654557
0.615745
0.525114
0.702727
0.459842
0.545400
0.452296
0.732481
0.667347
0.573306
0.441264
0.570758
0.538451
0.843026
0.686671
0.755968
0.652323
0.674736
0.561398
0.705193
0.770772
0.692647
0.664927
0.672945
0.636761
0.463066
0.640487
0.879855
0.687761
0.478916
0.426839
0.684653
0.686540
0.634761
0.627947
0.698966
0.548133
0.752548
0.802604
0.692503
0.514351
0.589129
0.720505
0.625939
0.712535
0.708710
0.736730
0.731296
0.869182
0.689404
0.673625
0.626138
0.725139
0.570817
0.597201
0.646649
0.738918
0.711048
0.609912
0.617778
0.605402
0.507869
0.638695
0.531025
0.636118
0.621265
0.763093
0.647416
0.481408
0.639311
0.604932
0.534888
0.652178
0.695993
0.521723
0.482991
0.485292
0.789204
0.679687
0.579870
0.606563
0.603972
0.633089
0.773152
0.622737
0.695010
0.738913
0.406689
0.533658
0.633889
0.582171
0.581564
0.375616
0.575420
0.423812
0.582878
0.366940
0.655962
0.736262
0.697190
0.606840
0.510722
0.606452
0.593623
0.607812
0.637178
0.495666
0.369760
0.618890
0.414839
0.584171
0.525732
0.586887
0.621762
0.697752
0.604162
0.503253
0.585641
0.541777
0.659942
0.589936
0.500033
0.643304
0.549331
0.469028
0.496671
0.805473
0.570973
0.706009
0.465255
0.592489
0.713457
0.772045
0.628517
0.508368
0.672187
0.671537
0.672953
0.733241
0.755371
0.400163
0.834314
0.653232
0.731338
0.751720
0.656344
0.558635
0.716202
0.595515
0.655583
0.578534
0.728533
0.669430
0.748055
0.656418
0.725029
0.763125
0.482229
0.744559
0.613121
0.528460
0.614203
0.636981
0.590212
0.764858
0.622405
0.672091
0.543702
0.547910
0.453429
0.517840
0.530474
0.643011
0.616781
0.667417
0.527026
0.529111
0.579363
0.517012
0.648509
0.574189
0.812720
0.757367
0.789030
0.645359
0.607119
0.553981
0.573009
0.447409
0.667548
0.655430
0.643474
0.576041
0.496619
0.374829
0.412070
0.762585
0.617532
0.670184
0.510648
0.575279
0.675799
0.688083
0.718911
0.693694
0.571311
0.475889
0.632785
0.689251
0.780981
0.786157
0.685136
0.745908
0.735976
0.603799
0.685908
0.723467
0.640646
0.692443
0.684032
0.597762
0.599904
0.599705
