0.051146
0.009820
0.020158
0.043365
0.015871
0.030254
0.022929
0.059228
0.036454
0.058310
0.036837
0.009504
0.033395
0.041770
0.030429
0.035905
0.020431
0.036367
0.020764
0.025885
0.045454
0.056937
0.026475
0.008355
0.011638
0.030451
0.052953
0.022664
0.006884
0.026677
0.016006
0.024640
0.031370
0.024013
0.032582
0.043403
0.024471
0.218159
0.033027
0.057347
0.022671
0.019299
0.025294
0.044360
0.027081
0.035204
0.010660
0.007324
0.022217
0.052458
0.036632
0.010336
0.016535
0.011226
0.013719
0.025714
0.015468
0.007375
0.013269
0.028591
0.015713
0.035981
0.015318
0.024438
0.012386
0.021374
0.017929
0.017660
0.011597
0.004881
0.017432
0.036073
0.027792
0.025481
0.010162
0.032770
0.041982
0.013182
0.020585
0.027908
0.099367
0.082823
0.010710
0.028643
0.022179
0.156950
0.019130
0.009192
0.031514
0.021906
0.016155
0.012957
0.008198
0.024016
0.043473
0.031373
0.039208
0.011497
0.048876
0.020850
0.029837
0.022461
0.059313
0.030749
0.067324
0.035145
0.009193
0.033002
0.023760
0.032284
0.028164
0.024798
0.029709
0.017452
0.024233
0.042262
0.063565
0.030518
0.005628
0.010314
0.032513
0.052384
0.018768
0.016367
0.027931
0.019836
0.018120
0.034623
0.011412
0.030957
0.027313
0.024958
0.181090
0.025401
0.062000
0.014366
0.025149
0.026262
0.044438
0.025948
0.026951
0.008953
0.010441
0.028580
0.031377
0.017721
0.016317
0.014324
0.049012
0.013283
0.048682
0.019197
0.010022
0.023453
0.011209
0.017745
0.029703
0.017275
0.024150
0.018489
0.013123
0.026268
0.048065
0.020985
0.010095
0.006185
0.022354
0.032304
0.015006
0.025796
0.019060
0.012567
0.010645
0.033793
0.021657
0.020954
0.012659
0.029395
0.174266
0.011203
0.040512
0.005712
0.014393
0.020081
0.030474
0.014465
0.012880
0.013565
0.014326
0.019895
0.015619
0.009733
0.015282
0.029841
0.017857
0.011181
0.016226
0.027163
0.020332
0.033439
0.016558
0.028457
0.009281
0.020402
0.019752
0.019933
0.013516
0.010398
0.012565
0.033895
0.024923
0.022191
0.010686
0.026231
0.033672
0.013618
0.018699
0.028604
0.082368
0.072664
0.014003
0.030473
0.023448
0.176484
0.018308
0.012492
0.031800
0.021371
0.014865
0.013013
0.008056
0.022072
0.037223
0.028834
0.025374
0.008383
0.007400
0.027285
0.016056
0.023636
0.014450
0.007595
0.013997
0.028497
0.011284
0.017697
0.005540
0.013525
0.007021
0.012073
0.017931
0.020520
0.010719
0.012078
0.009381
0.014551
0.019112
0.015171
0.012927
0.008624
0.006108
0.014672
0.055701
0.040486
0.010308
0.026430
0.010404
0.172347
0.016910
0.023693
0.017588
0.010490
0.008129
0.015201
0.006437
0.017694
0.013675
0.007184
0.018682
0.009584
0.018673
0.004379
0.016216
0.004250
0.011269
0.007511
0.020157
0.006942
0.015799
0.005107
0.010261
0.007998
0.010772
0.006469
0.014247
0.005735
0.018768
0.011565
0.007538
0.007793
0.013527
0.025704
0.004291
0.009355
0.008765
0.067675
0.048926
0.008307
0.012442
0.011557
0.155163
0.008542
0.012188
0.012260
0.012176
0.004053
0.006420
0.002827
0.007829
0.021125
0.018432
0.014963
0.035886
0.011839
0.022608
0.012580
0.009950
0.014107
0.018231
0.007632
0.022480
0.007164
0.014305
0.008976
0.007656
0.012895
0.021276
0.013702
0.014843
0.007500
0.019497
0.014628
0.015033
0.023927
0.009565
0.005764
0.013020
0.061262
0.040453
0.005271
0.020835
0.017441
0.175879
0.010994
0.021627
0.013981
0.012973
0.011367
0.015557
0.004055
0.013021
0.014811
0.010987
0.028108
0.024755
0.030728
0.016832
0.031950
0.013188
0.050882
0.027806
0.019972
0.023157
0.016130
0.022378
0.036298
0.017523
0.023695
0.016693
0.046567
0.040477
0.014640
0.017798
0.030362
0.049047
0.016614
0.036405
0.026875
0.116788
0.084476
0.025988
0.036113
0.016978
0.129978
0.033396
0.023922
0.037591
0.040151
0.015470
0.010402
0.024379
0.023684
0.043732
0.046811
0.035912
0.022147
0.003244
0.013252
0.007307
0.015225
0.006994
0.020338
0.010509
0.014847
0.013959
0.011215
0.006198
0.022110
0.009417
0.020854
0.011384
0.010199
0.010160
0.015116
0.034153
0.007608
0.012780
0.005732
0.069211
0.049612
0.009762
0.007098
0.020191
0.155773
0.004470
0.016197
0.007384
0.013722
0.008301
0.010147
0.006195
0.005471
0.024015
0.024922
0.020248
0.016216
0.038004
0.020601
0.054716
0.016252
0.038366
0.014667
0.033993
0.030169
0.026560
0.014771
0.003175
0.017318
0.047561
0.036025
0.029347
0.012365
0.042860
0.046323
0.017076
0.026535
0.036674
0.112178
0.101424
0.017609
0.040774
0.030417
0.190412
0.025449
0.005493
0.041451
0.022174
0.021329
0.015298
0.014627
0.034660
0.055166
0.041520
0.041809
0.013744
0.003403
0.024841
0.004482
0.020978
0.007888
0.013404
0.013879
0.011773
0.003844
0.016266
0.005606
0.025325
0.013994
0.007087
0.007108
0.015643
0.033754
0.003745
0.011289
0.008001
0.076827
0.056148
0.008379
0.013777
0.016528
0.163554
0.008338
0.009618
0.011256
0.012709
0.006309
0.005394
0.006022
0.008061
0.026035
0.026113
0.021647
0.010959
0.021086
0.012068
0.017115
0.007941
0.014329
0.006913
0.012436
0.019204
0.034817
0.011186
0.006176
0.003737
0.012298
0.026498
0.009143
0.010982
0.008211
0.005875
0.005578
0.045590
0.024090
0.014290
0.019363
0.010966
0.174422
0.013002
0.033368
0.007178
0.011686
0.007737
0.019944
0.010080
0.012740
0.005744
0.006508
0.015467
0.028233
0.007776
0.015858
0.008373
0.011144
0.011091
0.015073
0.006024
0.017853
0.006914
0.023624
0.015628
0.007097
0.011003
0.015018
0.029572
0.004162
0.013307
0.007335
0.083642
0.054892
0.010153
0.018793
0.012003
0.154143
0.012560
0.014909
0.012740
0.016769
0.004333
0.007043
0.008931
0.010103
0.022216
0.023890
0.023563
0.027359
0.024726
0.027615
0.019078
0.019074
0.022653
0.025075
0.051925
0.031752
0.021637
0.018235
0.031282
0.029464
0.019593
0.045468
0.028239
0.025950
0.014415
0.063279
0.029215
0.021937
0.007819
0.032286
0.133511
0.014261
0.048287
0.012227
0.033280
0.024538
0.031941
0.017885
0.012101
0.021897
0.027332
0.036944
0.028706
0.006574
0.017547
0.015958
0.010703
0.006811
0.017733
0.007071
0.023102
0.009699
0.010034
0.009044
0.016649
0.029586
0.005233
0.005983
0.009561
0.068429
0.052896
0.006966
0.020917
0.020603
0.191746
0.009670
0.011580
0.012437
0.009774
0.008207
0.008727
0.005985
0.011376
0.022255
0.021064
0.023650
0.017715
0.012135
0.006787
0.028466
0.021258
0.029249
0.020058
0.019048
0.024891
0.022402
0.025912
0.020254
0.030041
0.018706
0.028051
0.015752
0.092202
0.044448
0.021431
0.020041
0.007672
0.107068
0.022421
0.037877
0.021560
0.031825
0.012962
0.020355
0.016431
0.018220
0.021943
0.022328
0.033742
0.014107
0.008274
0.010818
0.010193
0.013216
0.003837
0.015261
0.009276
0.010818
0.012751
0.014079
0.014807
0.003310
0.005578
0.011950
0.061407
0.048474
0.008532
0.022295
0.010176
0.178859
0.010391
0.014217
0.015302
0.008496
0.005319
0.009818
0.003226
0.013989
0.018820
0.012225
0.015341
0.007798
0.019436
0.011784
0.027687
0.013750
0.024523
0.018469
0.012234
0.014256
0.013678
0.031585
0.010680
0.017407
0.012203
0.082445
0.045372
0.010618
0.019586
0.009711
0.130217
0.016591
0.028137
0.018805
0.028891
0.007769
0.009890
0.010593
0.009663
0.018881
0.023190
0.028488
0.014808
0.015161
0.023428
0.012627
0.010962
0.011384
0.015098
0.018869
0.011062
0.019017
0.009077
0.011821
0.009839
0.067790
0.033543
0.010444
0.017258
0.004535
0.139456
0.014979
0.028355
0.014403
0.019958
0.006676
0.014109
0.006750
0.012495
0.011443
0.010305
0.022642
0.017680
0.025177
0.015314
0.018908
0.009435
0.018624
0.020032
0.016705
0.027467
0.010140
0.008968
0.015639
0.050956
0.042597
0.013716
0.021282
0.024930
0.178131
0.013298
0.021071
0.014407
0.010645
0.016159
0.020595
0.007255
0.014638
0.021321
0.017135
0.022279
0.014109
0.007613
0.030700
0.018754
0.010847
0.003483
0.018021
0.040343
0.006213
0.015925
0.012176
0.093986
0.064556
0.005954
0.016737
0.016949
0.159403
0.009126
0.009606
0.016921
0.022115
0.006910
0.003685
0.007103
0.008399
0.029337
0.031773
0.029703
0.016453
0.044516
0.035459
0.027314
0.011968
0.039836
0.043888
0.014677
0.026016
0.034226
0.114870
0.096766
0.017250
0.039701
0.024066
0.170009
0.026270
0.006976
0.041034
0.025362
0.018206
0.013060
0.012850
0.031391
0.051357
0.038002
0.040771
0.020984
0.012187
0.006458
0.010859
0.012770
0.020137
0.003026
0.009942
0.011214
0.068500
0.055105
0.010126
0.022568
0.011385
0.182150
0.010404
0.013491
0.016206
0.013395
0.004838
0.006559
0.007014
0.012155
0.022057
0.021415
0.013368
0.006681
0.024680
0.038582
0.015462
0.011477
0.019982
0.013890
0.013124
0.042939
0.019910
0.021306
0.020995
0.016581
0.169813
0.017118
0.045802
0.010524
0.016030
0.016483
0.032960
0.016317
0.020673
0.008188
0.004891
0.020841
0.015739
0.025183
0.012124
0.014848
0.010396
0.005073
0.007766
0.039082
0.025264
0.012044
0.017728
0.018120
0.189836
0.009585
0.030942
0.006216
0.009515
0.011472
0.021162
0.009025
0.012154
0.008536
0.008131
0.017115
0.013374
0.012207
0.028005
0.006537
0.013219
0.009255
0.068990
0.051203
0.015720
0.022471
0.014625
0.169813
0.016731
0.019762
0.015102
0.018996
0.004778
0.008167
0.012514
0.009197
0.021520
0.025821
0.014012
0.021320
0.047383
0.010118
0.019490
0.019179
0.098493
0.074273
0.008271
0.023161
0.021769
0.160893
0.015749
0.007964
0.025317
0.025900
0.010960
0.003898
0.008499
0.012289
0.036145
0.036919
0.032240
0.024400
0.012138
0.012594
0.009830
0.056037
0.028661
0.015833
0.020413
0.016689
0.171125
0.014322
0.033965
0.012982
0.024080
0.010969
0.019391
0.013337
0.010319
0.009710
0.019391
0.014405
0.021595
0.015855
0.025918
0.043932
0.039733
0.029537
0.043998
0.017937
0.209630
0.028985
0.048463
0.027437
0.018371
0.019959
0.037436
0.023504
0.036614
0.018146
0.008805
0.017170
0.006277
0.009273
0.068026
0.051357
0.007578
0.020105
0.010424
0.174576
0.009818
0.011358
0.013775
0.012060
0.003633
0.005842
0.004417
0.009975
0.020135
0.018527
0.016040
0.011163
0.047416
0.038265
0.009578
0.025290
0.017584
0.200843
0.012119
0.021816
0.012332
0.008104
0.009323
0.016454
0.006370
0.014625
0.014024
0.009391
0.017249
0.062787
0.030763
0.013095
0.009546
0.014706
0.153635
0.008267
0.029600
0.003414
0.016472
0.006772
0.015143
0.010513
0.005773
0.011605
0.017244
0.019915
0.040614
0.078255
0.072053
0.080984
0.286421
0.066785
0.102647
0.052331
0.048669
0.074192
0.093620
0.064873
0.068990
0.049216
0.045394
0.040954
0.053302
0.038523
0.045262
0.183738
0.045543
0.092166
0.025267
0.046953
0.046682
0.067778
0.046240
0.038296
0.013963
0.025848
0.045736
0.019071
0.014310
0.168958
0.008993
0.014705
0.015795
0.017634
0.007878
0.007612
0.005029
0.012125
0.020992
0.019469
0.030006
0.025308
0.128314
0.008481
0.033730
0.008078
0.025166
0.017483
0.022441
0.014459
0.010007
0.025845
0.029544
0.030398
0.144221
0.021173
0.029413
0.021521
0.025298
0.006346
0.013837
0.012507
0.018716
0.017650
0.015821
0.024775
0.166422
0.187553
0.161455
0.198426
0.156990
0.158582
0.161730
0.144947
0.174586
0.178087
0.200145
0.021208
0.008331
0.014521
0.010897
0.014946
0.006826
0.009460
0.021866
0.021689
0.021954
0.032875
0.021306
0.016663
0.009588
0.012904
0.024692
0.049679
0.041979
0.034613
0.013345
0.012143
0.021840
0.012874
0.008080
0.011699
0.016482
0.022173
0.015755
0.022682
0.010685
0.022725
0.023075
0.013590
0.019380
0.006062
0.006303
0.008823
0.015883
0.016102
0.016198
0.008389
0.011126
0.029991
0.031126
0.027305
0.009473
0.019285
0.014154
0.019747
0.017410
0.024902
0.022322
0.009513
0.024593
0.023930
