0.597940
0.582146
0.656965
0.743612
0.674177
0.666606
0.632958
0.729011
0.592283
0.633335
0.545290
0.625503
0.719256
0.698124
0.558263
0.620731
0.517836
0.747690
0.594139
0.609752
0.629221
0.542766
0.526557
0.589406
0.702021
0.547432
0.690539
0.634515
0.555376
0.696324
0.493471
0.633712
0.678781
0.648340
0.688244
0.633194
0.655782
0.642485
0.622280
0.657186
0.729381
0.700288
0.607365
0.670913
0.671432
0.605054
0.804574
0.638861
0.570671
0.458132
0.600845
0.701170
0.591413
0.435884
0.475052
0.565126
0.585311
0.602026
0.494356
0.550763
0.673726
0.597676
0.577480
0.523641
0.658525
0.648746
0.564286
0.485384
0.496615
0.637089
0.660799
0.528211
0.557079
0.551292
0.530650
0.753353
0.377573
0.657040
0.456905
0.528538
0.522938
0.602936
0.629353
0.496522
0.668400
0.472512
0.424057
0.644919
0.672124
0.615280
0.471547
0.731107
0.603160
0.475285
0.559281
0.634651
0.601901
0.639067
0.563397
0.573052
0.375149
0.534536
0.457846
0.550958
0.423352
0.422252
0.488664
0.521676
0.566612
0.418231
0.431401
0.708829
0.651200
0.597911
0.482997
0.425701
0.476014
0.512420
0.522808
0.553199
0.415961
0.620031
0.712065
0.541266
0.583790
0.439380
0.474659
0.491633
0.526852
0.564969
0.415062
0.568735
0.486995
0.405240
0.513442
0.658422
0.571912
0.437627
0.666151
0.582674
0.412083
0.640108
0.520435
0.475349
0.596332
0.673427
0.704444
0.641682
0.744753
0.659041
0.620896
0.643202
0.661744
0.569558
0.588935
0.657256
0.667458
0.778795
0.794661
0.611344
0.727840
0.649060
0.689980
0.686791
0.784821
0.535267
0.587568
0.643188
0.852654
0.488903
0.803077
0.591824
0.594723
0.581041
0.705054
0.653928
0.742604
0.685720
0.561671
0.598456
0.645405
0.819763
0.725702
0.575266
0.788075
0.674037
0.668312
0.783480
0.573836
0.698796
0.658118
0.625716
0.670480
0.730914
0.721878
0.563904
0.596503
0.672430
0.452763
0.658816
0.770516
0.649692
0.878677
0.756994
0.755164
0.727422
0.690224
0.685113
0.738090
0.866414
0.666029
0.601431
0.682199
0.898471
0.706148
0.861457
0.597837
0.603413
0.560031
0.679453
0.531275
0.689594
0.662928
0.606133
0.620905
0.579960
0.846099
0.734196
0.697444
0.874583
0.812226
0.690543
0.765255
0.534568
0.682925
0.524608
0.627393
0.636652
0.517700
0.551357
0.537177
0.520811
0.597949
0.596508
0.576888
0.546400
0.881047
0.615590
0.655559
0.631988
0.564281
0.585892
0.596454
0.817257
0.534463
0.497839
0.676886
0.884120
0.551826
0.633775
0.583022
0.643336
0.543793
0.528320
0.546029
0.694403
0.631463
0.576898
0.570470
0.547969
0.774451
0.568624
0.497670
0.726183
0.552894
0.464253
0.600247
0.520995
0.736203
0.601950
0.455468
0.670117
0.480079
0.399935
0.533781
0.627284
0.641711
0.548565
0.565510
0.812185
0.705294
0.635021
0.545248
0.406220
0.650885
0.582211
0.675263
0.667436
0.579569
0.672696
0.796759
0.547833
0.642160
0.530199
0.549907
0.516170
0.604237
0.575186
0.599768
0.746756
0.560452
0.319852
0.601581
0.812588
0.659413
0.544528
0.754740
0.635737
0.499883
0.584399
0.623617
0.695475
0.646953
0.586835
0.578572
0.391413
0.507464
0.645085
0.602331
0.563117
0.541303
0.742769
0.610151
0.472189
0.495264
0.493018
0.634436
0.614608
0.576623
0.500820
0.567873
0.469755
0.864422
0.487967
0.734391
0.473130
0.403213
0.583543
0.665669
0.584114
0.543569
0.668652
0.540597
0.499456
0.636423
0.691635
0.640653
0.446241
0.723072
0.605368
0.376329
0.649263
0.628581
0.684728
0.666571
0.535037
0.453303
0.534183
0.769221
0.719997
0.616086
0.634297
0.834614
0.768820
0.734886
0.461345
0.451004
0.647182
0.624499
0.656921
0.612911
0.602306
0.719517
0.808823
0.560124
0.703097
0.411167
0.712051
0.458391
0.695812
0.733724
0.577453
0.697150
0.602049
0.459514
0.675119
0.780294
0.629162
0.558653
0.775545
0.546806
0.607587
0.777468
0.635913
0.706677
0.648449
0.620806
0.578473
0.619881
0.636846
0.389577
0.374561
0.826613
0.530838
0.671642
0.668370
0.623376
0.386511
0.444544
0.666983
0.553091
0.431754
0.637170
0.846109
0.560228
0.634985
0.572660
0.606133
0.672076
0.486537
0.680803
0.620295
0.507995
0.442010
0.602550
0.545285
0.675931
0.672612
0.444138
0.554937
0.516588
0.501777
0.598978
0.517055
0.629541
0.483135
0.502948
0.495037
0.526483
0.537612
0.545756
0.800532
0.682338
0.594586
0.514847
0.535596
0.579703
0.581702
0.689722
0.613124
0.455669
0.602462
0.782810
0.591319
0.587478
0.520990
0.524108
0.435301
0.598656
0.532335
0.553570
0.605439
0.514531
0.441229
0.499787
0.806766
0.575292
0.486096
0.757083
0.649340
0.407035
0.689396
0.481965
0.613560
0.454796
0.611292
0.545246
0.526265
0.598459
0.772386
0.665049
0.569774
0.385512
0.343776
0.594823
0.623222
0.628879
0.560818
0.483685
0.458257
0.863054
0.455565
0.700074
0.290871
0.405760
0.428493
0.619605
0.464943
0.532779
0.646283
0.534971
0.289251
0.525353
0.756323
0.615961
0.407300
0.755852
0.577130
0.442902
0.681570
0.569301
0.626739
0.616971
0.591032
0.594698
0.500164
0.863025
0.682402
0.593995
0.458818
0.470660
0.502937
0.540654
0.719581
0.379878
0.386088
0.717104
0.795453
0.494188
0.703511
0.438269
0.648666
0.543243
0.726630
0.628289
0.551945
0.544857
0.476777
0.509795
0.468872
0.811466
0.564108
0.585485
0.545083
0.437964
0.522801
0.658036
0.613870
0.624255
0.645529
0.607032
0.602114
0.868249
0.758828
0.609407
0.692338
0.698201
0.583071
0.606035
0.818543
0.658159
0.469628
0.658136
0.891969
0.638616
0.790243
0.625637
0.529536
0.529712
0.585495
0.476585
0.657297
0.521551
0.549065
0.596847
0.476204
0.804074
0.702549
0.598085
0.730874
0.670461
0.614859
0.743412
0.506597
0.644895
0.570745
0.667491
0.821553
0.747794
0.623940
0.613202
0.560870
0.660276
0.783647
0.638984
0.457909
0.606915
0.535846
0.826004
0.562831
0.724463
0.562834
0.546834
0.577719
0.608007
0.466203
0.666795
0.706660
0.567883
0.573053
0.593202
0.724011
0.637182
0.609698
0.838386
0.617911
0.552432
0.774228
0.657323
0.624680
0.420776
0.719696
0.596243
0.625167
0.554810
0.504895
0.487614
0.450416
0.548257
0.647699
0.484115
0.600317
0.745032
0.569805
0.682929
0.510218
0.476737
0.569787
0.498245
0.638070
0.564286
0.592028
0.534594
0.532344
0.553139
0.654250
0.674209
0.490658
0.618282
0.576293
0.421423
0.619274
0.557493
0.586148
0.787112
0.421540
0.627024
0.556841
0.618822
0.308693
0.500811
0.696927
0.564737
0.359548
0.640316
0.769739
0.581573
0.613551
0.537870
0.553632
0.560850
0.620445
0.638130
0.569810
0.436913
0.459572
0.566306
0.532608
0.714966
0.580799
0.488255
0.530144
0.599337
0.422148
0.535724
0.489618
0.636746
0.900252
0.710822
0.673991
0.701676
0.781987
0.806449
0.576737
0.780863
0.782856
0.820402
0.366786
0.716324
0.847737
0.767706
0.739901
0.881591
0.720379
0.854469
0.649985
0.851514
0.832068
0.748069
0.859179
0.754597
0.814912
0.678227
0.886825
0.851645
0.791119
0.881415
0.823757
0.536298
0.832373
0.743289
0.702133
0.603536
0.664510
0.872354
0.743622
0.544644
0.682052
0.925171
0.742640
0.629350
0.637816
0.688710
0.733759
0.704429
0.739500
0.677704
0.578983
0.572160
0.679117
0.677137
0.711295
0.701372
0.596537
0.607823
0.671900
0.479305
0.600090
0.593169
0.816760
0.554544
0.555218
0.611670
0.654019
0.591915
0.590882
0.631607
0.693060
0.833758
0.529164
0.702167
0.564854
0.612313
0.535818
0.674531
0.526170
0.608675
0.765699
0.645444
0.661139
0.689134
0.796580
0.641885
0.508824
0.756642
0.668094
0.534236
0.804674
0.631086
0.677730
0.500093
0.586542
0.622000
0.527630
0.623231
0.541228
0.659641
0.723367
0.499102
0.736355
0.285193
0.584272
0.392053
0.644438
0.608805
0.512705
0.685197
0.575834
0.537912
0.643041
0.708614
0.605517
0.513507
0.819114
0.600379
0.545446
0.764494
0.675630
0.564077
0.658455
0.619017
0.615519
0.529644
0.559460
0.614783
0.792529
0.522962
0.672680
0.470493
0.527612
0.569924
0.615045
0.611498
0.534126
0.727879
0.542945
0.369218
0.616323
0.654047
0.582061
0.462309
0.650474
0.576375
0.519261
0.700068
0.665704
0.638034
0.490069
0.646245
0.542135
0.285903
0.646103
0.814065
0.613256
0.618639
0.591636
0.597696
0.639357
0.588961
0.590905
0.532198
0.345829
0.514638
0.590030
0.443161
0.643833
0.554635
0.470715
0.515080
0.571406
0.498907
0.670437
0.504194
0.591906
0.744007
0.687666
0.550418
0.790638
0.754693
0.562478
0.718864
0.530120
0.647849
0.674707
0.617715
0.653633
0.551627
0.666411
0.549716
0.605018
0.631558
0.755529
0.641612
0.588916
0.532804
0.597114
0.537680
0.682873
0.607155
0.724005
0.651480
0.697229
0.667904
0.648464
0.585838
0.749502
0.573104
0.650749
0.703019
0.712173
0.736211
0.433700
0.730496
0.672073
0.625880
0.791234
0.557307
0.748649
0.552354
0.866549
0.722747
0.581824
0.798009
0.782124
0.522272
0.459636
0.609932
0.835459
0.471591
0.630893
0.573866
0.650201
0.601514
0.644857
0.585256
0.605215
0.542382
0.569020
0.529129
0.536301
0.663595
0.563672
0.504148
0.693565
0.478455
0.555097
0.755844
0.588537
0.570102
0.575207
0.822700
0.522948
0.602800
0.499768
0.518421
0.572973
0.558969
0.571053
0.560229
0.237059
0.393809
0.457560
0.298216
0.649726
0.537918
0.438169
0.559272
0.379697
0.443829
0.616056
0.430547
0.578276
0.930796
0.591033
0.700934
0.618935
0.324145
0.593546
0.637469
0.558129
0.696215
0.614266
0.495771
0.512738
0.595130
0.669379
0.582709
0.511194
0.792350
0.678223
0.497158
0.715174
0.595182
0.668039
0.824185
0.811306
0.811243
0.865963
0.859301
0.764386
0.900597
0.714436
0.887906
0.815664
0.764319
0.892801
0.826670
0.804574
0.776284
0.913395
0.882119
0.853882
0.928977
0.820104
0.595639
0.717633
0.387428
0.543632
0.496853
0.724051
0.643449
0.618976
0.651629
0.462935
0.502645
0.612447
0.735773
0.621527
0.428042
0.707162
0.428518
0.539685
0.693993
0.594193
0.681523
0.750525
0.694141
0.787224
0.673735
0.736022
0.682489
0.684990
0.650938
0.615632
0.683126
0.740471
0.714987
0.577022
0.671464
0.681837
0.626556
0.762314
0.644243
0.803749
0.538365
0.329438
0.607927
0.607816
0.489940
0.635712
0.512660
0.455630
0.551336
0.716598
0.609912
0.469251
0.751418
0.510668
0.489349
0.710606
0.592301
0.604221
0.533670
0.582656
0.516542
0.653435
0.636859
0.527232
0.470250
0.569876
0.691009
0.633053
0.407684
0.735680
0.677929
0.490231
0.725244
0.562655
0.637573
0.584957
0.508236
0.690069
0.676325
0.588647
0.512995
0.613404
0.756221
0.535321
0.539637
0.902058
0.682106
0.504275
0.802234
0.514179
0.579083
0.598405
0.638226
0.676194
0.572378
0.535789
0.668209
0.740146
0.670502
0.537565
0.835565
0.688552
0.610560
0.696040
0.635508
0.561273
0.631512
0.724135
0.642118
0.554065
0.543826
0.789878
0.529233
0.509643
0.824213
0.702559
0.544349
0.772710
0.569595
0.644782
0.626356
0.549372
0.524130
0.611332
0.547377
0.650822
0.524504
0.701240
0.653524
0.490404
0.661234
0.664155
0.585667
0.509775
0.623395
0.409851
0.655041
0.633852
0.573464
0.572162
0.548916
0.594945
0.695288
0.535185
0.637407
0.500256
0.563325
0.684207
0.579245
0.477572
0.644932
0.500016
0.469816
0.581751
0.579633
0.661791
0.483889
0.724085
0.621278
0.482186
0.733946
0.628996
0.492292
0.505883
0.551286
0.633218
0.796547
0.680871
0.582180
0.655498
0.541988
0.528085
0.643600
0.479905
0.652189
0.693223
0.613432
0.783059
0.705252
0.639687
0.812345
0.788327
0.669439
0.572880
0.716900
0.681491
0.529066
0.799220
0.676433
0.591059
0.682763
0.495867
0.366941
0.702922
0.509298
0.574806
0.590370
0.659816
0.656593
0.612299
0.799130
0.519316
0.728642
0.591558
0.703842
0.559960
0.463823
0.594932
0.663389
0.807799
0.662467
