0.707917
0.518808
0.789094
0.726108
0.449654
0.381289
0.580341
0.473957
0.806762
0.608083
0.662820
0.659317
0.352274
0.732424
0.647918
0.609494
0.574766
0.526452
0.441215
0.629477
0.399220
0.486971
0.695635
0.649269
0.633231
0.588786
0.337831
0.692595
0.603399
0.538002
0.589967
0.516803
0.474675
0.533560
0.644252
0.689202
0.530724
0.591448
0.639989
0.546694
0.694962
0.503309
0.578594
0.599344
0.646352
0.485919
0.610216
0.573235
0.481041
0.655694
0.748786
0.661902
0.832253
0.732787
0.762027
0.760677
0.718025
0.647802
0.773339
0.740771
0.669321
0.671805
0.692033
0.759990
0.684229
0.767310
0.831843
0.794007
0.680791
0.746262
0.822004
0.536225
0.657309
0.720533
0.668962
0.798720
0.668925
0.661433
0.740054
0.729386
0.748592
0.808669
0.893247
0.602959
0.613861
0.828411
0.783527
0.598230
0.725473
0.628960
0.567548
0.756710
0.806170
0.718305
0.570646
0.653462
0.640556
0.784102
0.691341
0.496415
0.560644
0.472428
0.525597
0.675939
0.482055
0.708487
0.590511
0.394440
0.586522
0.544577
0.548620
0.598453
0.539867
0.567290
0.646423
0.592525
0.462439
0.683621
0.505036
0.620084
0.508476
0.532368
0.722667
0.533848
0.532963
0.471554
0.499620
0.555652
0.538559
0.567042
0.613627
0.543906
0.579272
0.588352
0.560584
0.776288
0.489932
0.504878
0.531205
0.555447
0.559948
0.594129
0.491493
0.448156
0.737213
0.814292
0.796244
0.771626
0.776245
0.701231
0.723594
0.869931
0.597134
0.695798
0.788027
0.639762
0.841868
0.621498
0.731528
0.865895
0.742559
0.824177
0.722916
0.706095
0.739975
0.744412
0.809841
0.686224
0.858528
0.697684
0.643724
0.707467
0.731994
0.836953
0.696796
0.774864
0.693334
0.691423
0.711251
0.716292
0.690009
0.893471
0.706242
0.599341
0.747446
0.825069
0.800136
0.651248
0.671535
0.704210
0.762918
0.748633
0.702620
0.793464
0.743535
0.616332
0.656890
0.609060
0.681699
0.752956
0.601410
0.706994
0.568447
0.729284
0.815087
0.590717
0.664529
0.764465
0.704020
0.543621
0.631042
0.727552
0.686729
0.792835
0.645716
0.515515
0.603422
0.678086
0.767624
0.710540
0.701547
0.584595
0.579424
0.633065
0.730255
0.635814
0.797603
0.626364
0.538207
0.712976
0.820461
0.694888
0.715382
0.633027
0.614533
0.590863
0.599381
0.510891
0.851391
0.675318
0.750050
0.756061
0.536784
0.718987
0.676158
0.693512
0.661006
0.610407
0.509821
0.625684
0.547474
0.531041
0.773755
0.660839
0.707817
0.591217
0.471183
0.802775
0.670055
0.614866
0.648558
0.624822
0.468215
0.692648
0.652066
0.703981
0.626276
0.705984
0.651403
0.645002
0.820539
0.552099
0.656879
0.690006
0.689222
0.611837
0.718312
0.599849
0.573420
0.514413
0.473626
0.786197
0.663664
0.646600
0.681550
0.472233
0.694565
0.659956
0.577198
0.572030
0.468237
0.366364
0.657771
0.514657
0.527982
0.726445
0.691808
0.572350
0.633091
0.488774
0.741250
0.619745
0.571082
0.580695
0.571481
0.535747
0.600234
0.658443
0.723081
0.620162
0.678831
0.679306
0.694246
0.793962
0.524025
0.604925
0.662596
0.589575
0.724450
0.667458
0.678270
0.544074
0.613315
0.792065
0.610301
0.630515
0.586206
0.535888
0.727915
0.568627
0.474993
0.632015
0.556311
0.666059
0.569560
0.567924
0.615220
0.727335
0.609818
0.700551
0.713630
0.562233
0.769991
0.544350
0.575780
0.440603
0.631800
0.696412
0.592242
0.487790
0.774823
0.600361
0.495770
0.725134
0.657977
0.789431
0.514296
0.575588
0.646415
0.321460
0.654156
0.689058
0.621727
0.520171
0.744199
0.619151
0.722716
0.738036
0.381561
0.700504
0.655260
0.614285
0.614078
0.531025
0.465739
0.644876
0.602009
0.463574
0.711691
0.711402
0.612521
0.565905
0.491232
0.648722
0.570547
0.586273
0.682304
0.545496
0.494124
0.560121
0.707260
0.735045
0.623031
0.681217
0.547347
0.670594
0.898397
0.548597
0.598535
0.670715
0.648315
0.609451
0.596639
0.494250
0.579088
0.545779
0.874538
0.853831
0.697023
0.697350
0.533868
0.758364
0.698625
0.781981
0.841289
0.861567
0.821996
0.717445
0.822115
0.707319
0.665624
0.818861
0.777576
0.875635
0.813185
0.721211
0.739235
0.724096
0.816184
0.724304
0.746547
0.735922
0.778557
0.755672
0.753796
0.807558
0.816401
0.788220
0.595822
0.760539
0.831382
0.851069
0.619637
0.584571
0.790760
0.741512
0.675821
0.461809
0.625365
0.499547
0.696119
0.671387
0.667593
0.710243
0.636534
0.628468
0.556443
0.687539
0.516307
0.595340
0.642735
0.502865
0.752603
0.626350
0.478983
0.568188
0.597209
0.636166
0.620600
0.664844
0.634771
0.609844
0.657668
0.727584
0.546625
0.813941
0.532561
0.369341
0.563569
0.705874
0.596760
0.572851
0.511810
0.464863
0.675717
0.674504
0.777205
0.785012
0.739610
0.721184
0.644682
0.813903
0.513843
0.649067
0.736995
0.687702
0.608766
0.789207
0.660994
0.676315
0.652337
0.528732
0.683990
0.684033
0.671430
0.784339
0.750524
0.740779
0.756947
0.537912
0.725046
0.728961
0.577478
0.841682
0.597559
0.572338
0.674212
0.722831
0.640770
0.744333
0.682815
0.571749
0.683279
0.729017
0.698095
0.721601
0.502267
0.579549
0.787299
0.574831
0.660373
0.745743
0.572879
0.573490
0.724528
0.629748
0.626893
0.729787
0.496903
0.610425
0.563080
0.720641
0.824233
0.697299
0.649404
0.742634
0.546443
0.549732
0.706905
0.587991
0.864601
0.565035
0.546703
0.757734
0.721355
0.668706
0.645777
0.654532
0.568585
0.619452
0.497055
0.517084
0.540576
0.532980
0.472596
0.611021
0.537651
0.347744
0.630053
0.586677
0.535046
0.494290
0.385752
0.657766
0.542121
0.400920
0.526999
0.395613
0.472373
0.272679
0.643710
0.563858
0.488870
0.520937
0.582405
0.508898
0.764660
0.425948
0.459169
0.372327
0.496501
0.441703
0.518967
0.455025
0.418852
0.715477
0.610349
0.695509
0.678067
0.749856
0.751229
0.714886
0.675865
0.770779
0.612054
0.544767
0.749746
0.698638
0.753445
0.668715
0.649616
0.642244
0.644347
0.712520
0.619278
0.789219
0.734713
0.635931
0.800835
0.762482
0.704798
0.964910
0.590029
0.619149
0.700275
0.810626
0.766397
0.520628
0.591554
0.646180
0.649811
0.483855
0.616191
0.645866
0.677187
0.671160
0.553756
0.656159
0.618234
0.606136
0.717459
0.593861
0.807743
0.718299
0.542067
0.465705
0.582038
0.717542
0.565743
0.527697
0.668305
0.654649
0.498077
0.692280
0.597477
0.763487
0.581179
0.480895
0.570620
0.655024
0.722920
0.575287
0.472186
0.610572
0.668566
0.619152
0.648695
0.663260
0.613192
0.586239
0.655036
0.639049
0.671400
0.641688
0.613769
0.619496
0.540014
0.616450
0.673632
0.600459
0.707563
0.460800
0.710352
0.725132
0.612805
0.705932
0.793907
0.665239
0.845955
0.582624
0.606073
0.654946
0.478152
0.679687
0.635479
0.589303
0.544009
0.539678
0.623782
0.589018
0.661614
0.576332
0.530151
0.639515
0.591834
0.643173
0.594082
0.721847
0.600109
0.565804
0.570288
0.574368
0.674258
0.605007
0.589501
0.550801
0.507707
0.533702
0.575290
0.521312
0.828875
0.427485
0.489693
0.661219
0.585709
0.746215
0.568926
0.557233
0.475256
0.559723
0.560676
0.623509
0.573049
0.534470
0.594298
0.591436
0.580674
0.594534
0.621193
0.459426
0.559958
0.556903
0.569364
0.686076
0.664395
0.558789
0.737336
0.557316
0.538909
0.591694
0.597252
0.897722
0.480817
0.563620
0.646681
0.670230
0.636308
0.611977
0.597190
0.498640
0.703505
0.503563
0.491506
0.821204
0.721779
0.625060
0.663842
0.528536
0.827455
0.722018
0.566555
0.660962
0.517067
0.513278
0.638651
0.684936
0.758987
0.705107
0.647826
0.698305
0.726842
0.893288
0.511062
0.700589
0.628690
0.693136
0.742496
0.720139
0.687500
0.614399
0.486277
0.653781
0.564158
0.572570
0.656961
0.554275
0.560939
0.648195
0.547569
0.509273
0.612613
0.586699
0.624459
0.740041
0.627324
0.648479
0.490183
0.614933
0.746879
0.527297
0.921932
0.447751
0.486175
0.651489
0.680347
0.550097
0.693712
0.566942
0.411713
0.591615
0.685281
0.540807
0.673850
0.645797
0.430931
0.753575
0.600293
0.543319
0.538003
0.614787
0.529341
0.690499
0.683402
0.706965
0.516101
0.651080
0.772579
0.544944
0.834906
0.479562
0.539882
0.679607
0.675042
0.589307
0.690029
0.593793
0.450190
0.685887
0.615862
0.634215
0.538016
0.453912
0.648086
0.635132
0.509273
0.628896
0.430946
0.481844
0.502011
0.652160
0.666052
0.550444
0.623243
0.629895
0.554321
0.849477
0.501099
0.534299
0.500829
0.578195
0.572055
0.639232
0.500173
0.418229
0.640256
0.761613
0.685522
0.698181
0.504720
0.598820
0.622607
0.697248
0.717386
0.785831
0.708839
0.708666
0.718224
0.575430
0.635198
0.686282
0.587750
0.901520
0.598814
0.567176
0.782272
0.743145
0.745363
0.676448
0.677042
0.589289
0.734680
0.631240
0.573109
0.738330
0.513070
0.461824
0.513309
0.618923
0.703834
0.673155
0.736978
0.623466
0.514927
0.641098
0.698596
0.489459
0.783833
0.479719
0.434908
0.628571
0.728690
0.568605
0.635187
0.583400
0.457991
0.681552
0.622933
0.746058
0.700703
0.602262
0.698333
0.639176
0.648625
0.647497
0.750504
0.685568
0.642921
0.703490
0.725143
0.686945
0.914354
0.582137
0.608589
0.679378
0.756962
0.759639
0.446579
0.573168
0.552622
0.629386
0.591315
0.555255
0.619841
0.707616
0.551273
0.631505
0.630290
0.694986
0.655603
0.503233
0.702261
0.710941
0.571433
0.913103
0.536121
0.554042
0.610246
0.717378
0.504544
0.666231
0.580801
0.497723
0.671975
0.608799
0.502390
0.605579
0.552416
0.356779
0.578872
0.663749
0.639651
0.529203
0.649586
0.667811
0.502042
0.715318
0.476425
0.463391
0.593142
0.652427
0.487041
0.613241
0.543255
0.458424
0.560718
0.706910
0.887018
0.718370
0.731547
0.745565
0.856994
0.814345
0.504127
0.781444
0.786962
0.650886
0.984336
0.645410
0.666369
0.742096
0.786793
0.668633
0.687318
0.661746
0.586116
0.587503
0.663594
0.634137
0.707802
0.665545
0.739361
0.697959
0.386258
0.660944
0.576234
0.512880
0.876456
0.431205
0.461457
0.670190
0.685939
0.601436
0.600962
0.599730
0.481686
0.523187
0.474606
0.579355
0.557311
0.623753
0.476997
0.502559
0.444782
0.711574
0.467073
0.855037
0.448715
0.484445
0.470889
0.579712
0.512369
0.605938
0.586562
0.421260
0.527906
0.752137
0.615738
0.450544
0.647700
0.605602
0.409639
0.707174
0.576515
0.813262
0.489009
0.492128
0.557474
0.628593
0.646154
0.697417
0.592645
0.502682
0.564627
0.420202
0.610585
0.609346
0.530981
0.558100
0.689668
0.531456
0.851921
0.485076
0.529008
0.349727
0.526359
0.528226
0.626211
0.540812
0.427667
0.650013
0.761211
0.714490
0.603256
0.755099
0.701018
0.542200
0.884309
0.564869
0.638094
0.662360
0.691779
0.613253
0.705144
0.629256
0.496607
0.649249
0.696519
0.607476
0.570809
0.694909
0.615470
0.767281
0.598453
0.579840
0.410930
0.435155
0.582576
0.629480
0.593754
0.570099
0.719066
0.694797
0.388509
0.688973
0.637891
0.839955
0.624752
0.663893
0.654388
0.549392
0.684301
0.749394
0.664220
0.607058
0.555120
0.702064
0.704161
0.548873
0.817886
0.545199
0.602704
0.607513
0.718274
0.630513
0.725862
0.667145
0.545706
0.632457
0.578708
0.391164
0.827948
0.423185
0.421127
0.600110
0.657874
0.522222
0.587438
0.511231
0.336797
0.674103
0.597058
0.919718
0.524188
0.559098
0.587398
0.621239
0.644678
0.681427
0.654012
0.552877
0.679610
0.903080
0.535838
0.628098
0.756945
0.788957
0.734582
0.665581
0.662083
0.615311
0.754715
0.477423
0.446793
0.596658
0.628596
0.420196
0.621739
0.508053
0.355394
0.903819
0.847021
0.821630
0.741089
0.768306
0.902682
0.782214
0.880196
0.380530
0.554984
0.607429
0.585581
0.583113
0.547143
0.347377
0.552163
0.685125
0.505249
0.535760
0.446723
0.345483
0.506092
0.511374
0.698562
0.586316
0.501613
0.620233
0.755154
0.721929
0.539909
0.687449
0.543616
0.460956
0.466996
0.598647
0.498310
