0.019030
0.040485
0.082596
0.030804
0.017303
0.052958
0.027384
0.014601
0.049499
0.031352
0.113810
0.030769
0.042540
0.034086
0.060659
0.032024
0.023245
0.021452
0.032957
0.033653
0.013858
0.028021
0.025714
0.024762
0.031583
0.028417
0.042727
0.036055
0.180462
0.045962
0.043140
0.093858
0.075320
0.033035
0.021832
0.021850
0.016862
0.085721
0.029683
0.034801
0.024047
0.036826
0.033210
0.030491
0.018874
0.027510
0.024694
0.031159
0.025851
0.033313
0.096510
0.013225
0.020150
0.020610
0.019076
0.036567
0.035504
0.009589
0.126680
0.044587
0.061999
0.034897
0.054280
0.025195
0.050594
0.029153
0.031155
0.041335
0.019274
0.019170
0.022536
0.016023
0.023308
0.019480
0.056923
0.019943
0.204275
0.059692
0.038214
0.066872
0.098587
0.056597
0.035425
0.011132
0.026174
0.115389
0.024034
0.036492
0.025362
0.020204
0.061139
0.008601
0.009781
0.026629
0.026574
0.034613
0.012290
0.096090
0.024234
0.018907
0.062989
0.013873
0.052245
0.078798
0.028315
0.163821
0.068380
0.077157
0.015174
0.024181
0.025511
0.069704
0.060648
0.042732
0.057619
0.052735
0.036951
0.065875
0.020672
0.034006
0.031669
0.021354
0.058367
0.201997
0.098072
0.101016
0.131610
0.096671
0.060410
0.058236
0.042684
0.046259
0.093619
0.039435
0.039285
0.030372
0.071923
0.071065
0.054918
0.035637
0.051163
0.030904
0.037921
0.047727
0.120815
0.054148
0.103049
0.059573
0.081894
0.051668
0.112166
0.073001
0.046338
0.058929
0.067432
0.053929
0.073092
0.044157
0.056549
0.092177
0.041638
0.064677
0.056846
0.092800
0.059474
0.087155
0.086185
0.061095
0.081590
0.075311
0.073611
0.135643
0.208345
0.075498
0.030969
0.049895
0.084183
0.069968
0.067384
0.068868
0.145510
0.050158
0.092808
0.034538
0.094112
0.098248
0.065929
0.097214
0.060575
0.069312
0.028265
0.043949
0.025351
0.046535
0.065335
0.008045
0.157038
0.065017
0.081071
0.029843
0.059386
0.023112
0.071133
0.050891
0.033865
0.063381
0.038617
0.036729
0.046879
0.024886
0.028780
0.029459
0.054018
0.038440
0.227628
0.076297
0.059213
0.090207
0.118109
0.073067
0.050801
0.023600
0.039547
0.130160
0.035088
0.025853
0.036194
0.042788
0.077129
0.028201
0.020523
0.050244
0.030697
0.047843
0.036405
0.046706
0.008237
0.025801
0.042120
0.026656
0.106489
0.026010
0.041523
0.010949
0.018935
0.015129
0.026887
0.021771
0.020289
0.020550
0.019793
0.017425
0.032560
0.006708
0.020977
0.021980
0.015035
0.032162
0.155115
0.053374
0.064837
0.115046
0.063234
0.026250
0.020653
0.018897
0.013097
0.062319
0.019743
0.042631
0.008995
0.045318
0.029566
0.031341
0.018142
0.021621
0.017701
0.012665
0.023613
0.042726
0.082383
0.028380
0.030392
0.133660
0.073744
0.092886
0.069718
0.072171
0.042459
0.088680
0.052922
0.062800
0.049856
0.047203
0.020821
0.042240
0.034665
0.049604
0.025546
0.088641
0.015820
0.206288
0.089119
0.059284
0.074036
0.117315
0.081489
0.066345
0.023367
0.062231
0.148570
0.029435
0.089187
0.044829
0.017781
0.094082
0.023239
0.038959
0.044471
0.061080
0.053987
0.019635
0.033596
0.046613
0.021478
0.126893
0.034432
0.044896
0.015678
0.019057
0.018772
0.042446
0.029253
0.030748
0.027540
0.024306
0.018986
0.042723
0.010459
0.030714
0.026087
0.022934
0.035486
0.169586
0.072605
0.068249
0.109128
0.069785
0.038680
0.036340
0.025739
0.027058
0.066496
0.030987
0.038268
0.012401
0.045720
0.045109
0.029257
0.021055
0.022713
0.031081
0.022454
0.024613
0.065864
0.047103
0.117236
0.027045
0.039566
0.039780
0.070787
0.041083
0.017793
0.027712
0.045483
0.040515
0.017150
0.042808
0.036498
0.039990
0.043727
0.050964
0.052028
0.056412
0.164296
0.048752
0.054133
0.120501
0.078519
0.031040
0.024351
0.039621
0.019636
0.080021
0.051577
0.038289
0.033562
0.054349
0.027112
0.043173
0.026837
0.036429
0.044820
0.041989
0.040535
0.055971
0.056065
0.046985
0.076451
0.060714
0.065104
0.042243
0.048413
0.040783
0.072245
0.045507
0.036910
0.021656
0.048539
0.032584
0.040490
0.041860
0.084631
0.025952
0.129689
0.038674
0.078577
0.123409
0.108006
0.043704
0.031350
0.036216
0.052011
0.128341
0.035181
0.111406
0.047288
0.025284
0.046902
0.030572
0.047329
0.048440
0.066781
0.052632
0.021160
0.157389
0.059772
0.071906
0.033536
0.055657
0.025318
0.071429
0.039450
0.028410
0.049329
0.031044
0.027325
0.036543
0.023270
0.033293
0.027297
0.054924
0.026670
0.236033
0.082031
0.047224
0.071986
0.105850
0.073936
0.051747
0.014560
0.037662
0.116411
0.030121
0.027660
0.028849
0.033831
0.076907
0.018447
0.019171
0.036198
0.032341
0.040203
0.029494
0.094949
0.147518
0.115299
0.120957
0.103364
0.077480
0.107179
0.150428
0.114352
0.105874
0.101793
0.131375
0.099802
0.083640
0.118197
0.145000
0.119435
0.108007
0.030305
0.173798
0.255784
0.189271
0.074709
0.055232
0.122983
0.109252
0.185214
0.115847
0.202948
0.124836
0.115969
0.059273
0.116728
0.125056
0.131898
0.135427
0.114277
0.106113
0.017752
0.054747
0.056631
0.047056
0.017253
0.008417
0.038746
0.018401
0.011361
0.042659
0.034070
0.032560
0.060970
0.065652
0.050627
0.049143
0.130634
0.044917
0.048357
0.117578
0.045051
0.024369
0.020649
0.039378
0.012905
0.046514
0.049593
0.064995
0.020832
0.051789
0.020444
0.036965
0.033719
0.015890
0.058226
0.021362
0.028980
0.070539
0.078494
0.075330
0.031708
0.021352
0.050459
0.023622
0.026549
0.055312
0.044914
0.055596
0.098497
0.085664
0.054974
0.064054
0.149188
0.084825
0.051227
0.113613
0.025332
0.040101
0.051582
0.057276
0.034590
0.042247
0.060338
0.064537
0.028433
0.069986
0.038867
0.063166
0.060692
0.026996
0.075332
0.043093
0.048722
0.019719
0.017251
0.044989
0.051178
0.036902
0.047859
0.044515
0.030974
0.061530
0.015580
0.019930
0.028371
0.017165
0.051668
0.168733
0.065815
0.103753
0.156753
0.096531
0.039769
0.032899
0.037735
0.035019
0.088347
0.032135
0.051134
0.027392
0.070770
0.042755
0.054905
0.035704
0.051969
0.023432
0.033641
0.049547
0.031555
0.064081
0.055661
0.046336
0.044163
0.058196
0.039090
0.075953
0.017941
0.040775
0.043142
0.017238
0.064885
0.161703
0.090935
0.125128
0.168062
0.087835
0.051125
0.050880
0.050446
0.048375
0.066528
0.047089
0.080636
0.028176
0.084739
0.058671
0.064338
0.051727
0.046438
0.042606
0.025712
0.052141
0.053019
0.043231
0.039659
0.040769
0.036002
0.018810
0.051738
0.014342
0.017257
0.020180
0.035142
0.031065
0.159276
0.057448
0.082068
0.137425
0.102441
0.040089
0.031783
0.026089
0.030879
0.104748
0.022007
0.057421
0.025839
0.043897
0.046667
0.035986
0.026472
0.043931
0.037006
0.027612
0.032769
0.024401
0.052232
0.032452
0.021654
0.045170
0.039900
0.039789
0.049907
0.059637
0.047961
0.060328
0.115156
0.032200
0.070138
0.143312
0.062936
0.015739
0.013280
0.047359
0.021301
0.067353
0.049268
0.072778
0.032855
0.060360
0.010655
0.054352
0.044627
0.037614
0.049386
0.039989
0.041695
0.023212
0.014376
0.005334
0.030071
0.019447
0.026933
0.053650
0.053457
0.048330
0.033817
0.162385
0.050248
0.030155
0.081013
0.047300
0.034526
0.022559
0.019958
0.011507
0.049847
0.037274
0.050901
0.014353
0.036180
0.030298
0.021825
0.024833
0.007760
0.040525
0.018159
0.019825
0.029413
0.027793
0.039497
0.027513
0.027678
0.047688
0.052716
0.033873
0.041476
0.220482
0.077155
0.049388
0.083485
0.065683
0.062449
0.040707
0.018626
0.020934
0.061401
0.036065
0.035765
0.017566
0.054102
0.060044
0.034221
0.027578
0.025346
0.019653
0.020385
0.039687
0.020327
0.023196
0.027964
0.029196
0.062054
0.045690
0.035445
0.029710
0.143135
0.071132
0.053725
0.108938
0.032524
0.028945
0.034708
0.027650
0.023475
0.042280
0.027257
0.070425
0.009338
0.042949
0.035094
0.040676
0.041145
0.013188
0.048917
0.015458
0.027871
0.026572
0.017013
0.024352
0.041763
0.043502
0.051206
0.030643
0.167212
0.043636
0.028121
0.079914
0.059651
0.033277
0.018646
0.017671
0.009812
0.065299
0.035127
0.041397
0.016445
0.029085
0.029294
0.015585
0.015327
0.009858
0.038047
0.022591
0.015479
0.030325
0.016658
0.030372
0.018137
0.043669
0.012250
0.151811
0.062412
0.063541
0.103841
0.075949
0.034386
0.034259
0.016504
0.034804
0.093525
0.011002
0.068135
0.018652
0.019516
0.046553
0.026960
0.031311
0.029274
0.037411
0.030475
0.015511
0.035893
0.051952
0.046109
0.066056
0.027793
0.194219
0.064929
0.027948
0.062916
0.069218
0.053831
0.036754
0.017440
0.022056
0.092240
0.030504
0.053514
0.025049
0.024604
0.058014
0.021809
0.027091
0.021854
0.037801
0.032434
0.017749
0.018054
0.017630
0.026597
0.027831
0.161368
0.053407
0.069706
0.113013
0.079479
0.034181
0.024254
0.017496
0.020647
0.081414
0.020385
0.051144
0.015122
0.038160
0.041161
0.023898
0.018607
0.024179
0.021411
0.014968
0.017828
0.022777
0.050188
0.044513
0.177096
0.039785
0.091772
0.135860
0.136183
0.049136
0.023504
0.031027
0.034344
0.131137
0.034369
0.064574
0.042877
0.048771
0.049102
0.034454
0.023549
0.058115
0.026019
0.041743
0.036590
0.048010
0.025296
0.181742
0.072551
0.082397
0.123749
0.110237
0.048956
0.043930
0.023221
0.043325
0.128211
0.016986
0.067565
0.032874
0.035402
0.062570
0.038597
0.031299
0.047394
0.032495
0.040303
0.028257
0.068099
0.164433
0.092909
0.107912
0.157022
0.058597
0.042070
0.048036
0.048747
0.037069
0.048096
0.039873
0.058569
0.020771
0.092107
0.047870
0.074733
0.053012
0.044896
0.032370
0.024688
0.060420
0.186260
0.070307
0.053608
0.090130
0.083410
0.053076
0.044124
0.014508
0.039569
0.112709
0.013381
0.077748
0.028792
0.014136
0.063784
0.024080
0.033574
0.034396
0.045284
0.039959
0.016945
0.136017
0.237754
0.332247
0.157439
0.082633
0.130780
0.198901
0.164304
0.184960
0.158464
0.268478
0.153685
0.188299
0.097360
0.206021
0.207070
0.184131
0.218688
0.164830
0.161050
0.088749
0.160391
0.133664
0.046015
0.014116
0.060699
0.045124
0.135964
0.068142
0.102696
0.068868
0.063181
0.028488
0.054957
0.054339
0.073154
0.068884
0.066127
0.055162
0.033452
0.087296
0.093433
0.070108
0.037269
0.044472
0.119032
0.069826
0.050872
0.051283
0.043714
0.086828
0.030708
0.038839
0.036837
0.075139
0.063247
0.040434
0.139490
0.171115
0.136303
0.069529
0.103435
0.173405
0.112940
0.080961
0.096994
0.073082
0.167562
0.058301
0.077271
0.078351
0.106613
0.114122
0.074137
0.057909
0.087618
0.081803
0.059991
0.031808
0.073739
0.101730
0.039639
0.101423
0.068530
0.101629
0.093605
0.047241
0.094495
0.055685
0.075278
0.020890
0.053592
0.029612
0.067228
0.037503
0.090562
0.029993
0.059710
0.010412
0.063976
0.055086
0.045163
0.058414
0.035934
0.041412
0.031665
0.015466
0.083016
0.037242
0.070130
0.030507
0.046111
0.013545
0.034736
0.030077
0.036009
0.036013
0.028971
0.031748
0.021601
0.093175
0.016833
0.046800
0.017766
0.020353
0.055981
0.013855
0.017709
0.020912
0.022561
0.024907
0.016504
0.061159
0.033045
0.044665
0.015723
0.046573
0.027192
0.027579
0.016021
0.016905
0.027712
0.014210
0.025289
0.101483
0.101878
0.045469
0.130917
0.067135
0.110237
0.097878
0.049356
0.091756
0.049953
0.095879
0.072612
0.020915
0.029452
0.050851
0.038812
0.038659
0.038052
0.032189
0.030617
0.024287
0.045622
0.075605
0.085832
0.047722
0.033032
0.048967
0.046020
0.056785
0.062715
0.040953
0.036771
0.030841
0.025686
0.012109
0.029894
0.011457
0.021305
0.069608
0.018479
0.034595
0.038171
0.058327
0.054836
0.013625
0.063925
0.052969
0.047440
0.060479
0.040246
0.050292
0.012214
0.021657
0.041653
0.034476
0.011621
0.024213
0.027526
0.027109
0.018089
0.043055
0.013771
0.019490
0.034533
0.042203
0.028589
