0.633309
0.784425
0.592569
0.581622
0.279243
0.775969
0.563375
0.614311
0.575842
0.818437
0.629830
0.662754
0.726230
0.858827
0.655130
0.616841
0.657801
0.591523
0.673182
0.768079
0.857268
0.718218
0.617157
0.386681
0.623113
0.691280
0.773958
0.516009
0.834851
0.502686
0.586455
0.639688
0.566646
0.570498
0.407452
0.549230
0.722336
0.456331
0.802218
0.733080
0.645573
0.557090
0.625962
0.609794
0.550700
0.627291
0.585386
0.717420
0.641562
0.711976
0.611501
0.713740
0.719805
0.742808
0.571246
0.811061
0.655873
0.726298
0.676368
0.692776
0.792304
0.885199
0.745512
0.774198
0.663150
0.600155
0.780395
0.678719
0.781697
0.715223
0.797374
0.679592
0.707707
0.637821
0.753327
0.532306
0.700349
0.555137
0.664007
0.746432
0.670414
0.661797
0.576304
0.691847
0.817543
0.866739
0.750915
0.744408
0.666142
0.586042
0.639232
0.596402
0.644702
0.722393
0.602225
0.673607
0.764835
0.657424
0.622784
0.692572
0.727323
0.717988
0.762381
0.614912
0.742546
0.744035
0.630562
0.787313
0.596097
0.675080
0.476383
0.603618
0.729168
0.735434
0.716876
0.905326
0.760974
0.644008
0.756297
0.737829
0.578045
0.431010
0.471279
0.853458
0.802588
0.571055
0.490915
0.760880
0.731385
0.692297
0.720135
0.816289
0.859364
0.849720
0.691305
0.718858
0.556458
0.663508
0.699807
0.692910
0.739935
0.614852
0.634747
0.787983
0.635125
0.639132
0.716446
0.641521
0.631883
0.590807
0.636893
0.639985
0.682511
0.575499
0.839213
0.720970
0.629229
0.465527
0.501425
0.752787
0.647600
0.755068
0.731020
0.623904
0.642785
0.613157
0.527688
0.739082
0.418415
0.645133
0.558641
0.589609
0.630405
0.584103
0.647593
0.566880
0.608470
0.750334
0.742812
0.785606
0.684869
0.641471
0.511362
0.689540
0.558946
0.479505
0.592480
0.522440
0.568703
0.637680
0.621541
0.705644
0.617001
0.561079
0.623328
0.726663
0.774202
0.601376
0.689250
0.775896
0.649232
0.618702
0.591331
0.673947
0.694070
0.653624
0.826497
0.707730
0.647788
0.588809
0.601691
0.628614
0.701612
0.481485
0.793763
0.580205
0.578965
0.738203
0.657390
0.461131
0.645701
0.645868
0.777132
0.730773
0.838570
0.694303
0.754317
0.545651
0.512466
0.581086
0.586725
0.648303
0.530684
0.708558
0.684458
0.718260
0.709489
0.566472
0.622404
0.821183
0.733654
0.699920
0.739732
0.869685
0.761000
0.602106
0.609625
0.754765
0.785793
0.746743
0.942117
0.708343
0.657262
0.525400
0.649480
0.671360
0.723319
0.587047
0.831395
0.694895
0.632566
0.671048
0.631817
0.655916
0.510725
0.668811
0.745378
0.606762
0.886983
0.731351
0.604441
0.574168
0.687257
0.683247
0.566594
0.685868
0.688186
0.733496
0.637057
0.668458
0.694144
0.563881
0.658935
0.778637
0.693579
0.478107
0.822138
0.710217
0.759819
0.637026
0.698609
0.686499
0.538651
0.705654
0.682729
0.722496
0.867459
0.578558
0.643471
0.776829
0.574361
0.654849
0.682674
0.625857
0.773581
0.714293
0.819529
0.714239
0.720905
0.669383
0.777412
0.793003
0.621047
0.667705
0.559094
0.766576
0.635333
0.615740
0.586669
0.596914
0.618105
0.739047
0.711475
0.492384
0.742304
0.417761
0.555629
0.676360
0.835076
0.433258
0.703153
0.599108
0.514626
0.655015
0.796332
0.767057
0.720865
0.687967
0.612133
0.645702
0.625306
0.615130
0.386056
0.732154
0.491992
0.400219
0.625854
0.612081
0.681929
0.562687
0.519692
0.744092
0.756859
0.755847
0.634588
0.792170
0.528483
0.576298
0.647773
0.520921
0.623185
0.556697
0.628670
0.666455
0.623385
0.755462
0.749822
0.680883
0.558604
0.766567
0.690897
0.741777
0.647383
0.671890
0.731525
0.700963
0.789730
0.665110
0.691316
0.654893
0.580508
0.694446
0.743028
0.564579
0.724606
0.592734
0.629769
0.781418
0.654856
0.629246
0.688319
0.667488
0.535947
0.742374
0.831977
0.603947
0.698466
0.631849
0.697598
0.660111
0.639223
0.676650
0.656341
0.727007
0.526384
0.571990
0.542373
0.509936
0.622684
0.844922
0.481567
0.662763
0.687426
0.561574
0.507947
0.675239
0.600913
0.602179
0.578793
0.735288
0.493829
0.500135
0.545957
0.389537
0.557445
0.512072
0.375663
0.580132
0.602365
0.698757
0.607581
0.450177
0.511492
0.740973
0.642835
0.411381
0.738210
0.415050
0.437250
0.531348
0.568676
0.493236
0.508536
0.663526
0.684548
0.697737
0.666666
0.635707
0.932585
0.738524
0.833835
0.782677
0.617341
0.635932
0.762311
0.499260
0.696015
0.869172
0.831259
0.600655
0.465152
0.819491
0.596850
0.397465
0.769670
0.670924
0.882344
0.741997
0.826032
0.737020
0.770066
0.687191
0.942237
0.585336
0.793028
0.808395
0.584428
0.578631
0.720726
0.786108
0.626171
0.774124
0.784547
0.816922
0.699770
0.719409
0.864996
0.543005
0.667109
0.699169
0.597757
0.797661
0.697896
0.793842
0.708462
0.606166
0.712169
0.720266
0.718455
0.691158
0.503586
0.779857
0.725238
0.553480
0.693656
0.641590
0.643231
0.600945
0.586940
0.817168
0.700157
0.728863
0.668644
0.741612
0.440824
0.618422
0.554255
0.601885
0.639264
0.637590
0.615030
0.802368
0.630678
0.661481
0.573775
0.682595
0.665200
0.664173
0.631070
0.625272
0.704911
0.570226
0.715251
0.685495
0.656666
0.539036
0.692077
0.485923
0.735107
0.621777
0.343764
0.748113
0.656399
0.756290
0.613559
0.578623
0.609131
0.754028
0.675798
0.636265
0.779261
0.531079
0.541383
0.625114
0.663571
0.629453
0.521237
0.641850
0.757900
0.802915
0.637737
0.612628
0.603866
0.605880
0.661403
0.540130
0.699703
0.639142
0.682194
0.776775
0.508993
0.647416
0.747366
0.601406
0.670741
0.644778
0.609577
0.750798
0.606160
0.745096
0.705452
0.678671
0.644742
0.732237
0.846362
0.673854
0.697227
0.575983
0.790430
0.644104
0.558526
0.652231
0.591922
0.639391
0.717563
0.779058
0.657903
0.672426
0.849532
0.768281
0.801612
0.970915
0.743419
0.714692
0.828030
0.886690
0.782802
0.707572
0.701292
0.914516
0.804617
0.770651
0.733864
0.787868
0.770373
0.821872
0.827681
0.905233
0.928896
0.947580
0.854254
0.816454
0.798485
0.900384
0.805849
0.792400
0.792519
0.753871
0.596495
0.830555
0.643956
0.712625
0.599083
0.636861
0.748569
0.718711
0.573289
0.614000
0.681529
0.669739
0.708621
0.605767
0.476851
0.772484
0.621564
0.473503
0.684513
0.683563
0.681471
0.547932
0.529517
0.783118
0.661257
0.687455
0.630172
0.804349
0.550388
0.675318
0.537492
0.521687
0.547874
0.577876
0.732711
0.784324
0.510521
0.645660
0.769314
0.698999
0.948871
0.755537
0.514222
0.734465
0.688975
0.703604
0.452436
0.515127
0.855101
0.723571
0.616232
0.627444
0.627456
0.666838
0.692170
0.677866
0.878010
0.728124
0.939126
0.757338
0.728675
0.579967
0.710421
0.612072
0.567953
0.715296
0.555413
0.615743
0.734610
0.656707
0.703911
0.633738
0.898467
0.718305
0.601271
0.707265
0.630385
0.636240
0.647755
0.446319
0.794795
0.539915
0.648755
0.592711
0.507203
0.731081
0.578517
0.681157
0.807720
0.693968
0.827395
0.684998
0.680672
0.570936
0.830707
0.615924
0.326197
0.672191
0.511103
0.475675
0.626264
0.655750
0.753273
0.719681
0.668186
0.694194
0.596142
0.658382
0.599628
0.679406
0.490048
0.591656
0.502682
0.552531
0.619064
0.607475
0.723719
0.628777
0.572766
0.795992
0.702049
0.778914
0.649783
0.781439
0.418945
0.640844
0.550719
0.569293
0.642820
0.548000
0.738196
0.672584
0.764586
0.709732
0.729120
0.714538
0.774396
0.572658
0.658598
0.789304
0.570882
0.745529
0.582525
0.581815
0.729865
0.627086
0.870339
0.714022
0.566802
0.552891
0.746636
0.704808
0.748936
0.910618
0.656693
0.644542
0.699173
0.647206
0.563682
0.668668
0.808464
0.756900
0.844887
0.689339
0.680882
0.796430
0.598405
0.742133
0.790714
0.634812
0.830403
0.709254
0.665652
0.751146
0.723093
0.805892
0.748757
0.735413
0.731603
0.754196
0.897385
0.724222
0.730165
0.592649
0.791315
0.636636
0.643378
0.733021
0.519483
0.652878
0.784268
0.779686
0.936572
0.941836
0.794412
0.649895
0.882400
0.737197
0.509798
0.688052
0.693669
0.938196
0.844966
0.869228
0.794567
0.761158
0.711447
0.928682
0.539394
0.744612
0.821750
0.697120
0.762828
0.744977
0.919918
0.598511
0.813754
0.830340
0.851582
0.727139
0.778733
0.673528
0.699650
0.770752
0.636874
0.784979
0.667783
0.625057
0.816696
0.754567
0.760606
0.706276
0.628934
0.710007
0.810342
0.745492
0.699235
0.822273
0.551549
0.684840
0.602690
0.631437
0.591381
0.656079
0.763391
0.782630
0.622614
0.644397
0.748526
0.603017
0.543856
0.885792
0.686650
0.584622
0.567178
0.653108
0.710944
0.601722
0.598414
0.750733
0.606096
0.918912
0.665182
0.697015
0.596442
0.762580
0.638020
0.599240
0.731217
0.583512
0.632471
0.744603
0.697773
0.723057
0.763440
0.641424
0.827881
0.664918
0.657346
0.755465
0.735587
0.579646
0.406500
0.616836
0.822360
0.547682
0.913608
0.833258
0.666097
0.621691
0.702804
0.737976
0.643292
0.788610
0.600484
0.744052
0.642491
0.658526
0.790515
0.532320
0.670611
0.629034
0.559778
0.764024
0.598036
0.602759
0.647748
0.585397
0.550644
0.756827
0.767918
0.714874
0.793799
0.543990
0.618803
0.641096
0.460087
0.550265
0.632855
0.731719
0.620345
0.618139
0.430070
0.501836
0.666035
0.502315
0.684240
0.733235
0.746140
0.609976
0.641311
0.707978
0.823639
0.687152
0.626418
0.680900
0.513888
0.590862
0.681735
0.657237
0.527160
0.618253
0.656794
0.716202
0.529323
0.777240
0.752364
0.555927
0.437229
0.738147
0.770728
0.677490
0.716618
0.729944
0.874735
0.919566
0.691991
0.611977
0.613503
0.656952
0.712669
0.735186
0.795826
0.653754
0.672822
0.766037
0.682176
0.487392
0.339232
0.553540
0.494080
0.617293
0.466640
0.474514
0.635094
0.636960
0.678490
0.506465
0.647257
0.355106
0.499774
0.457837
0.434313
0.419452
0.439613
0.545550
0.615525
0.684649
0.645199
0.855927
0.801867
0.819115
0.750484
0.752869
0.735327
0.965432
0.641864
0.748853
0.719497
0.656634
0.633345
0.770476
0.826159
0.672049
0.792237
0.774872
0.751241
0.563181
0.644895
0.612764
0.651121
0.607876
0.527692
0.689637
0.767858
0.782294
0.651495
0.748803
0.581680
0.670302
0.585011
0.498706
0.630332
0.483435
0.633109
0.589992
0.624878
0.621915
0.690784
0.559608
0.478837
0.568379
0.716659
0.727541
0.518842
0.712104
0.448279
0.460878
0.597388
0.561662
0.538636
0.489593
0.625089
0.669525
0.597566
0.748441
0.673996
0.644019
0.840752
0.754051
0.938038
0.723060
0.703963
0.587561
0.772773
0.648030
0.600757
0.807448
0.643228
0.680693
0.741023
0.676834
0.658827
0.595151
0.757667
0.651316
0.877247
0.683494
0.693814
0.564409
0.720637
0.588954
0.481293
0.623236
0.589877
0.658286
0.678637
0.590913
0.681221
0.806221
0.812289
0.860922
0.744735
0.643176
0.598034
0.670341
0.618804
0.620753
0.732634
0.569813
0.591026
0.768920
0.599570
0.734573
0.553995
0.703281
0.708775
0.551604
0.507475
0.694760
0.595036
0.549530
0.641710
0.578343
0.587372
0.676101
0.644364
0.674571
0.778743
0.650064
0.744858
0.503783
0.619473
0.579231
0.501031
0.576196
0.517909
0.661415
0.733617
0.843195
0.766267
0.625486
0.744388
0.709842
0.650985
0.817154
0.762255
0.705253
0.656023
0.767967
0.713129
0.845099
0.784866
0.715484
0.638128
0.833782
0.677369
0.649921
0.718760
0.660929
0.812162
0.751876
0.714304
0.801749
0.622343
0.784698
0.712915
0.843092
0.538294
0.837185
0.822911
0.892835
0.728389
0.504623
0.710886
0.658073
0.693802
0.643416
0.560164
0.708521
0.732965
0.626351
0.791253
0.728893
0.799298
0.800088
0.622980
0.588152
0.771052
0.562314
0.357455
0.479052
0.429173
0.529451
0.615334
0.680963
0.638662
0.695114
0.659407
0.653925
0.791722
0.814612
0.480623
0.520129
0.531037
0.721560
0.781982
0.541314
0.458162
0.622704
0.695095
0.632719
0.701943
0.767942
0.502640
0.701833
0.759866
