0.545445
0.550928
0.537312
0.705707
0.490252
0.539128
0.489522
0.448329
0.584898
0.484173
0.592299
0.878228
0.519667
0.673137
0.664219
0.778922
0.588726
0.636121
0.632910
0.454827
0.602681
0.601362
0.450387
0.602509
0.538318
0.648815
0.616043
0.798513
0.562580
0.701140
0.561585
0.527859
0.594820
0.583040
0.668882
0.590522
0.624455
0.691003
0.636214
0.606853
0.740583
0.625327
0.753986
0.466192
0.486290
0.691976
0.640153
0.613556
0.612466
0.688598
0.620721
0.655656
0.555111
0.535823
0.591570
0.536598
0.732117
0.543033
0.652261
0.929126
0.635206
0.584671
0.793585
0.729995
0.687474
0.471706
0.791332
0.703112
0.710475
0.688372
0.538691
0.599623
0.694196
0.603275
0.752093
0.790258
0.747293
0.684191
0.563710
0.644774
0.440623
0.635329
0.714301
0.575510
0.645733
0.720018
0.682080
0.745705
0.710766
0.651986
0.429744
0.521388
0.715678
0.737610
0.680344
0.619951
0.647179
0.610219
0.721122
0.677826
0.656571
0.682672
0.605807
0.505638
0.724228
0.603356
0.752391
0.683662
0.754167
0.620680
0.876523
0.625994
0.781066
0.624686
0.475071
0.724756
0.792963
0.511615
0.755257
0.645779
0.726615
0.670748
0.701461
0.706083
0.756372
0.670585
0.550376
0.756770
0.499472
0.683484
0.664102
0.692588
0.639345
0.634754
0.741602
0.799038
0.695409
0.852411
0.643019
0.593236
0.779075
0.700237
0.719204
0.790475
0.684289
0.516939
0.455275
0.651743
0.517561
0.689624
0.620197
0.659649
0.933414
0.551725
0.648308
0.575176
0.848202
0.608073
0.700527
0.698737
0.631496
0.649570
0.702069
0.505226
0.605444
0.675749
0.374898
0.673169
0.732441
0.697031
0.622933
0.542578
0.521688
0.605203
0.606308
0.579273
0.556433
0.593452
0.798968
0.555814
0.717627
0.683669
0.694081
0.697501
0.486384
0.645468
0.663194
0.581017
0.551503
0.584869
0.644340
0.582713
0.803788
0.701064
0.752741
0.606802
0.636952
0.892473
0.792732
0.385794
0.911315
0.860815
0.686545
0.689768
0.718123
0.789877
0.872176
0.742694
0.654550
0.663306
0.768244
0.687025
0.837710
0.947601
0.876887
0.591128
0.646270
0.718900
0.666179
0.819800
0.811677
0.647401
0.757043
0.932783
0.802170
0.830997
0.569377
0.704194
0.641884
0.556996
0.857915
0.772061
0.842395
0.596429
0.719314
0.429830
0.534115
0.447272
0.693138
0.462809
0.650802
0.897944
0.587769
0.502822
0.687863
0.884914
0.697082
0.549223
0.719496
0.631475
0.724552
0.618590
0.444319
0.588064
0.648126
0.514389
0.615466
0.888951
0.705024
0.684840
0.492773
0.450662
0.516457
0.578667
0.654143
0.582169
0.539678
0.848840
0.697799
0.690615
0.645156
0.516536
0.657799
0.447667
0.739138
0.803176
0.598193
0.553541
0.549134
0.513806
0.405072
0.531076
0.411946
0.641279
0.922192
0.523709
0.481036
0.713649
0.786547
0.603849
0.492408
0.679317
0.613480
0.583575
0.602218
0.395131
0.478258
0.598289
0.589872
0.633717
0.813090
0.593369
0.582136
0.477735
0.494111
0.445634
0.629641
0.653888
0.549021
0.538216
0.874922
0.569564
0.715783
0.646710
0.513974
0.604658
0.421486
0.629160
0.752489
0.603922
0.520426
0.593091
0.430299
0.608262
0.533772
0.714989
0.958252
0.486241
0.713390
0.690951
0.684967
0.671133
0.492079
0.637699
0.562538
0.595584
0.531560
0.421356
0.615261
0.595970
0.708322
0.631935
0.825632
0.600504
0.718202
0.654125
0.595916
0.582500
0.604003
0.587187
0.538157
0.580269
0.807836
0.684004
0.656444
0.796935
0.623105
0.680929
0.565375
0.714845
0.652760
0.619998
0.678107
0.653820
0.550749
0.487414
0.654541
0.837675
0.299657
0.581706
0.599005
0.646498
0.540936
0.476580
0.573598
0.458104
0.529046
0.475164
0.282951
0.441418
0.416850
0.527589
0.602455
0.747182
0.452958
0.554968
0.475321
0.427740
0.423411
0.476638
0.653212
0.539188
0.581578
0.800560
0.539830
0.523381
0.658322
0.489913
0.650586
0.474865
0.643474
0.731282
0.580204
0.659013
0.560464
0.680902
0.745864
0.924610
0.568297
0.756287
0.788466
0.871548
0.711924
0.663523
0.655699
0.255911
0.580180
0.741709
0.506236
0.698272
0.646915
0.763327
0.774478
0.829973
0.634509
0.773095
0.624542
0.595812
0.641806
0.635004
0.808628
0.617661
0.762142
0.772360
0.646499
0.807558
0.813113
0.678694
0.818603
0.693648
0.686698
0.730344
0.685812
0.826209
0.725313
0.605508
0.940287
0.575296
0.509058
0.790637
0.719460
0.722404
0.560059
0.728221
0.635083
0.608509
0.543759
0.527269
0.556847
0.562813
0.627477
0.556881
0.897250
0.655369
0.553668
0.564477
0.561317
0.519587
0.709939
0.680105
0.578145
0.509136
0.849466
0.668406
0.718472
0.631186
0.666314
0.648589
0.509043
0.728594
0.756305
0.625322
0.568123
0.613220
0.792812
0.694219
0.584309
0.791899
0.881513
0.618577
0.744777
0.678995
0.702618
0.783026
0.770259
0.580666
0.643517
0.680180
0.699096
0.750122
0.829328
0.829429
0.751850
0.642357
0.657517
0.737837
0.634088
0.736164
0.623415
0.629916
0.865268
0.763978
0.729005
0.631744
0.681929
0.791575
0.541037
0.742810
0.806413
0.738200
0.671091
0.721022
0.953826
0.807355
0.674229
1.029698
0.870737
0.939171
0.911225
0.928330
0.946076
0.957131
0.764945
0.868076
0.827505
0.882665
0.891402
0.855823
0.905832
0.810376
0.910892
0.852996
0.996650
0.788416
0.897727
0.943530
0.832197
0.926781
0.814841
0.690858
0.711368
0.944146
1.039372
0.846506
0.946340
0.968642
0.862190
0.930562
0.929056
0.675458
0.627474
0.713163
0.665191
0.523371
0.612676
0.460201
0.510734
0.539165
0.445233
0.468870
0.386216
0.616731
0.646305
0.778299
0.437965
0.618892
0.512555
0.565886
0.558581
0.577172
0.699762
0.608501
0.659226
0.848269
0.593299
0.558021
0.760231
0.618517
0.767279
0.581033
0.693150
0.651422
0.618082
0.739652
0.598143
0.825138
0.897750
0.694118
0.592682
0.836629
0.759114
0.799127
0.659840
0.587225
0.534734
0.713055
0.648627
0.736418
0.920899
0.775333
0.615616
0.546435
0.654469
0.626997
0.667567
0.745957
0.594174
0.543305
1.011554
0.790000
0.760392
0.557576
0.574902
0.580105
0.490648
0.815228
0.826223
0.738990
0.590187
0.620814
0.861192
0.747838
0.805322
0.802845
0.669725
0.781367
0.764657
0.634894
0.771644
0.660776
0.605401
0.681289
0.683791
0.729116
0.651094
0.727307
0.720346
0.772944
0.499292
0.551167
0.697025
0.733730
0.699758
0.386490
0.644775
0.758430
0.792316
0.911628
0.765472
0.677104
0.817797
0.593248
0.747687
0.824656
0.784369
0.818462
0.769093
0.834380
0.782587
0.826807
0.830572
0.730949
0.807051
0.868971
0.865512
0.906482
0.692225
0.745875
0.870225
0.896328
0.628095
0.892396
0.855684
0.865411
0.799300
0.982523
0.778591
0.886161
0.901584
0.923235
0.694827
0.858908
0.917366
0.940525
0.752226
0.900137
0.914662
0.786286
0.651252
0.670342
0.795008
0.791793
0.537915
0.645699
0.729475
0.723596
0.790825
0.681997
0.751686
0.748932
0.594319
0.641113
0.718102
0.554041
0.663727
0.738072
0.694369
0.797422
0.789452
0.660065
0.796813
0.658125
0.755358
0.500293
0.568708
0.754971
0.674360
0.736274
0.755706
0.759421
0.687811
0.593120
0.546728
0.517901
0.557692
0.622449
0.645153
0.739877
0.887126
0.636205
0.676410
0.582122
0.635219
0.460682
0.725391
0.760794
0.545178
0.612882
0.856260
0.725584
0.641046
0.731116
0.542993
0.590267
0.571653
0.804421
0.791626
0.678905
0.644016
0.555309
0.517630
0.601858
0.792957
0.520620
0.759220
0.614111
0.727211
0.787848
0.787043
0.624204
0.653131
0.714284
0.600681
0.640936
0.829046
0.781952
0.722143
0.745530
0.804393
0.584803
0.741021
0.869169
0.697768
0.812862
0.664809
0.780500
0.768979
0.714536
0.813970
0.772356
0.521852
0.671306
0.447048
0.706851
0.508649
0.736776
0.649457
0.807356
0.547551
0.675273
0.589292
0.497986
0.655739
0.572810
0.764340
0.639099
0.727800
0.689200
0.547446
0.720437
0.803004
0.693394
0.849720
0.672041
0.606921
0.747212
0.667939
0.812078
0.702645
0.711150
0.588588
0.724333
0.537196
0.756274
0.706939
0.822456
0.541008
0.695443
0.706714
0.594046
0.673638
0.768234
0.789630
0.694699
0.483156
0.816194
0.628148
0.736585
0.840807
0.732681
0.799840
0.683259
0.787017
0.806674
0.719711
0.839958
0.655734
0.589205
0.629832
0.686191
0.732041
0.751502
0.921946
0.525674
0.747405
0.624412
0.626683
0.556222
0.736407
0.759707
0.700665
0.631115
0.911607
0.689102
0.707553
0.745465
0.706745
0.730295
0.618491
0.852063
0.565569
0.727498
0.727650
0.643627
0.557864
0.489727
0.603659
0.613789
0.717681
0.580065
0.570964
0.498325
0.429883
0.511164
0.492904
0.597571
0.494143
0.573476
0.744467
0.563120
0.583266
0.610594
0.458744
0.717096
0.489402
0.643844
0.648948
0.620274
0.548184
0.571775
0.708455
0.589218
0.720172
0.892957
0.610832
0.647617
0.477205
0.709584
0.592857
0.645204
0.735976
0.631856
0.619104
0.926175
0.760498
0.556503
0.600251
0.608169
0.768819
0.495862
0.686929
0.803482
0.707594
0.654932
0.476606
0.697868
0.665696
0.753124
0.573160
0.669763
0.681802
0.543961
0.613951
0.661417
0.765248
0.707611
0.685318
0.792289
0.681306
0.545637
0.793317
0.673074
0.840699
0.642805
0.746755
0.795347
0.673742
0.760957
0.723597
0.737864
0.887669
0.820387
0.664657
0.623851
0.615993
0.556496
0.641203
0.657358
0.531543
0.642585
0.918777
0.559648
0.695329
0.696662
0.717088
0.592158
0.503920
0.786057
0.672002
0.555452
0.663964
0.566878
0.784779
0.687178
0.778630
0.682756
0.631598
0.777169
0.684180
0.654358
0.633212
0.584507
0.699560
0.677682
0.668645
0.771835
0.783291
0.873176
0.685352
0.706381
0.869744
0.647664
0.661229
0.563272
0.813012
0.817908
0.861654
0.757215
0.909097
0.701331
0.609446
0.838545
0.888438
0.666199
0.746393
0.754916
0.835044
0.902257
1.002223
0.846052
0.828710
0.855486
0.796128
0.829529
0.881791
0.673806
0.670333
0.579312
0.603570
0.749039
0.797689
0.727950
0.724729
0.731883
0.634707
0.686341
0.816827
0.722087
0.829394
0.676803
0.798130
0.803496
0.708676
0.844164
0.743499
0.685587
0.706178
0.681583
0.761985
0.786297
0.705110
0.768988
0.819605
0.622226
0.725525
0.502510
0.733245
0.750596
0.706101
0.793700
0.851969
0.678717
0.695435
0.718780
0.548882
0.495188
0.547845
0.674184
0.583148
0.614500
0.879701
0.619782
0.686225
0.724273
0.465303
0.741200
0.469832
0.721305
0.717120
0.701037
0.624138
0.625696
0.574786
0.582125
0.792586
0.660427
0.649533
0.765322
0.723540
0.692557
0.757745
0.556451
0.745796
0.515071
0.686296
0.792163
0.698317
0.677099
0.628929
0.739577
0.693643
0.568807
0.627677
0.850201
0.623577
0.759416
0.728947
0.587665
0.426856
0.573933
0.822968
0.732669
0.671226
0.622523
0.618189
0.628383
0.606531
0.684542
0.745509
0.622584
0.648181
0.820626
0.658120
0.833787
0.574526
0.561780
0.801534
0.658716
0.759038
0.746462
0.574014
0.582200
0.755795
0.641802
0.718259
0.775537
0.821375
0.794156
0.677924
0.743347
0.812750
0.608487
0.721105
0.754896
0.596269
0.832947
0.598055
0.781571
0.803687
0.611010
0.656984
0.599058
0.702193
0.736043
0.631775
0.606869
0.573483
0.854885
0.663204
0.764958
0.799302
0.626527
0.698599
0.582286
0.736492
0.859217
0.672059
0.636003
0.589127
0.734233
0.855461
0.900652
0.928628
1.010880
0.892740
0.747439
0.852223
0.810048
0.837223
0.852842
0.750996
0.793402
0.726689
0.760924
0.741130
0.718614
0.723503
0.649581
0.723816
0.785572
0.695844
0.699464
0.862054
0.601726
0.782025
0.842148
0.671836
0.739963
0.636839
0.748796
0.819097
0.674535
0.881565
0.843187
0.786654
0.606398
0.706638
0.729884
0.543289
0.758659
0.796243
0.805569
0.609267
0.695641
0.608692
0.866053
0.804678
0.681309
0.685491
0.726969
0.653835
0.762034
0.577591
0.581157
0.563861
0.908397
0.746203
0.712365
0.729726
0.839119
0.775485
0.810887
0.734882
0.684263
0.565096
