0.033206
0.021196
0.022510
0.022676
0.015137
0.021494
0.035278
0.033459
0.047415
0.029837
0.028652
0.028558
0.042450
0.017738
0.113549
0.023053
0.046950
0.039121
0.092741
0.040260
0.021281
0.056337
0.064178
0.020239
0.026212
0.133768
0.229340
0.026549
0.024409
0.037054
0.024229
0.025016
0.040723
0.028115
0.022389
0.030090
0.017842
0.061534
0.023375
0.029812
0.026185
0.090952
0.016336
0.015259
0.038009
0.032224
0.022322
0.016483
0.033589
0.036590
0.027697
0.025907
0.025966
0.019328
0.037245
0.027246
0.042048
0.020983
0.057283
0.043744
0.051717
0.018304
0.137432
0.015176
0.047889
0.047070
0.077234
0.028777
0.022165
0.037237
0.060814
0.025968
0.027788
0.119178
0.205304
0.014888
0.020740
0.073483
0.028146
0.042127
0.016576
0.017503
0.015134
0.025143
0.013533
0.072841
0.027541
0.016735
0.017492
0.117255
0.033696
0.037148
0.026092
0.024122
0.032234
0.023787
0.010492
0.015412
0.025126
0.012778
0.026257
0.026855
0.029233
0.024984
0.029043
0.016970
0.004058
0.014734
0.011639
0.071035
0.021625
0.020287
0.011836
0.051786
0.044739
0.009124
0.039768
0.032209
0.021708
0.008318
0.100916
0.186506
0.015083
0.026852
0.020543
0.021053
0.013074
0.042728
0.029262
0.020531
0.014369
0.012947
0.032588
0.008343
0.015943
0.014035
0.052358
0.018333
0.013101
0.016197
0.016517
0.020914
0.020826
0.030440
0.029560
0.016731
0.030731
0.036366
0.034441
0.034575
0.032978
0.033792
0.022022
0.024818
0.021567
0.095772
0.027272
0.030721
0.018249
0.067785
0.047343
0.011436
0.026722
0.037598
0.026535
0.012724
0.099229
0.171577
0.020786
0.025890
0.034878
0.024676
0.035753
0.038678
0.026017
0.026804
0.022963
0.017363
0.050747
0.014407
0.015261
0.019115
0.064531
0.025082
0.017412
0.016648
0.019605
0.024505
0.018129
0.029996
0.013825
0.012035
0.027241
0.009064
0.041513
0.009985
0.034515
0.029816
0.053916
0.016877
0.156356
0.008970
0.055482
0.048948
0.096915
0.018728
0.026342
0.077376
0.085351
0.008486
0.027946
0.179784
0.281975
0.016985
0.016572
0.068784
0.007224
0.027644
0.016531
0.023877
0.007536
0.011241
0.010366
0.077466
0.027763
0.027697
0.011068
0.125554
0.008785
0.018205
0.043460
0.037345
0.017164
0.010587
0.017353
0.009438
0.015148
0.018177
0.023716
0.013889
0.012144
0.017029
0.030767
0.010154
0.111633
0.008675
0.036702
0.024763
0.082896
0.021517
0.013499
0.052324
0.056486
0.008201
0.012610
0.137629
0.221651
0.012011
0.013967
0.045993
0.009118
0.023045
0.022729
0.016082
0.011387
0.010271
0.010611
0.059767
0.009118
0.014900
0.009264
0.087668
0.007577
0.012464
0.028264
0.021427
0.007739
0.006232
0.020368
0.016922
0.014755
0.026363
0.006824
0.027196
0.032054
0.046770
0.014870
0.142024
0.005707
0.048135
0.040662
0.095435
0.012001
0.021571
0.063923
0.073625
0.008602
0.022227
0.158977
0.248590
0.012646
0.013172
0.069328
0.009524
0.032582
0.013536
0.014278
0.009271
0.010560
0.012244
0.075463
0.016768
0.018388
0.011056
0.116042
0.011717
0.023197
0.036635
0.027587
0.011644
0.009129
0.011429
0.039592
0.009556
0.013988
0.026097
0.029176
0.042906
0.023217
0.121614
0.012630
0.039751
0.039759
0.089102
0.011211
0.022487
0.063300
0.063894
0.019210
0.026589
0.151882
0.227900
0.010854
0.021578
0.073679
0.020325
0.037731
0.024831
0.020962
0.024864
0.018041
0.026379
0.079875
0.021484
0.014654
0.015206
0.102650
0.023468
0.034335
0.032825
0.030463
0.016629
0.015890
0.022779
0.046814
0.018869
0.034898
0.034839
0.055830
0.017592
0.155983
0.015426
0.061656
0.046011
0.097177
0.030239
0.031010
0.079510
0.085520
0.013705
0.026755
0.178611
0.275217
0.023044
0.022823
0.070795
0.013062
0.033026
0.020375
0.031546
0.011918
0.013332
0.013717
0.074730
0.027883
0.033879
0.016094
0.126011
0.017109
0.023885
0.045843
0.038725
0.020783
0.018847
0.019716
0.024460
0.032804
0.026675
0.031398
0.027915
0.097373
0.022679
0.028365
0.029665
0.071479
0.026154
0.020209
0.046426
0.045348
0.030389
0.021809
0.126360
0.187699
0.015334
0.027841
0.066360
0.031754
0.045015
0.035228
0.027488
0.035681
0.022260
0.032181
0.067259
0.019913
0.012315
0.021699
0.078693
0.035953
0.042059
0.022937
0.024137
0.022707
0.025870
0.026780
0.038894
0.031713
0.047541
0.020366
0.146487
0.003425
0.042205
0.046839
0.087446
0.005616
0.020723
0.063590
0.074634
0.006637
0.023775
0.165465
0.256507
0.010529
0.007628
0.079069
0.010546
0.037760
0.006942
0.013744
0.008562
0.010814
0.012482
0.076950
0.022935
0.016725
0.009961
0.122354
0.011244
0.027856
0.035368
0.027716
0.014525
0.008637
0.007384
0.019123
0.034074
0.018887
0.097808
0.029170
0.046439
0.022490
0.087977
0.047528
0.031320
0.075125
0.059222
0.028977
0.022860
0.141703
0.218480
0.026505
0.040946
0.038155
0.022388
0.019964
0.054432
0.040509
0.031128
0.020297
0.028935
0.056209
0.016034
0.034408
0.023501
0.073907
0.023095
0.022220
0.040646
0.035378
0.020281
0.029321
0.047972
0.008884
0.014455
0.062316
0.024237
0.014679
0.011864
0.041446
0.049118
0.013641
0.041356
0.028778
0.024432
0.007718
0.102559
0.182605
0.018362
0.028834
0.020131
0.023930
0.014468
0.045728
0.037207
0.023263
0.017647
0.015900
0.024489
0.011018
0.018662
0.017131
0.043302
0.019682
0.016208
0.016692
0.014449
0.021316
0.027000
0.032825
0.026993
0.039101
0.039652
0.006671
0.008573
0.028101
0.068359
0.016639
0.025114
0.013062
0.041876
0.008828
0.070410
0.131201
0.029128
0.039534
0.019737
0.042507
0.031319
0.058896
0.045816
0.039896
0.033530
0.029082
0.017119
0.015305
0.021974
0.031227
0.023279
0.036833
0.029508
0.013125
0.009967
0.034291
0.041716
0.042809
0.097235
0.009970
0.031612
0.022008
0.061213
0.030243
0.013594
0.044309
0.043617
0.016659
0.011020
0.116532
0.204705
0.007815
0.019772
0.035816
0.016253
0.011047
0.025255
0.020476
0.009543
0.012122
0.007629
0.042906
0.012039
0.015335
0.009609
0.078255
0.017227
0.017004
0.019007
0.015143
0.017453
0.017288
0.017570
0.129972
0.044194
0.057258
0.043129
0.170798
0.076496
0.060479
0.026968
0.133405
0.071163
0.046522
0.084844
0.105432
0.126460
0.039773
0.138970
0.087680
0.160316
0.134273
0.129925
0.122488
0.108056
0.037572
0.079888
0.094609
0.117438
0.020340
0.123395
0.101174
0.059593
0.064837
0.122107
0.132670
0.131031
0.037981
0.037777
0.077670
0.009040
0.016428
0.055179
0.063022
0.006199
0.017630
0.149229
0.239359
0.005926
0.008962
0.064580
0.008845
0.026572
0.007621
0.013086
0.004800
0.008659
0.007817
0.065938
0.017084
0.013046
0.006218
0.108445
0.010919
0.021363
0.027599
0.020103
0.011430
0.008426
0.006709
0.017075
0.020387
0.060359
0.015292
0.022274
0.012731
0.042354
0.014213
0.066884
0.129484
0.026430
0.034569
0.030463
0.045748
0.034665
0.053026
0.041059
0.038755
0.035240
0.028444
0.018400
0.020392
0.020669
0.032500
0.034097
0.038942
0.039098
0.010546
0.011430
0.041286
0.042314
0.037962
0.039268
0.066170
0.018862
0.031146
0.018097
0.041915
0.009097
0.076461
0.136486
0.025210
0.042676
0.020902
0.034300
0.024797
0.058677
0.041123
0.036454
0.024239
0.025867
0.023599
0.010429
0.020394
0.024009
0.031373
0.036801
0.028540
0.014099
0.014252
0.031630
0.038869
0.044203
0.114261
0.051364
0.040492
0.016146
0.090066
0.044799
0.055229
0.102790
0.059825
0.081385
0.047485
0.085232
0.054070
0.089058
0.090503
0.071057
0.070980
0.058618
0.014997
0.056605
0.058103
0.065148
0.037183
0.085111
0.079714
0.027476
0.032271
0.087384
0.095234
0.073404
0.032608
0.080586
0.095042
0.013592
0.039743
0.191637
0.279696
0.016875
0.013741
0.103064
0.020222
0.053440
0.010633
0.019211
0.020000
0.021364
0.026128
0.105027
0.036000
0.024796
0.019239
0.149446
0.021673
0.042185
0.049609
0.044281
0.021291
0.013211
0.014144
0.022956
0.030016
0.017273
0.006830
0.091008
0.171831
0.010630
0.014570
0.033128
0.024594
0.027217
0.028394
0.015571
0.018325
0.017710
0.011564
0.040345
0.008207
0.007778
0.014696
0.063671
0.018588
0.018111
0.010201
0.010688
0.021463
0.013479
0.018085
0.016350
0.062675
0.027386
0.043620
0.095959
0.040694
0.048390
0.044749
0.069825
0.063401
0.064080
0.047461
0.057459
0.059770
0.041912
0.041749
0.032573
0.025018
0.050021
0.048057
0.065418
0.055061
0.013046
0.018647
0.059710
0.054243
0.045265
0.073141
0.025442
0.035159
0.080009
0.043491
0.064751
0.027059
0.070271
0.045677
0.079309
0.066369
0.062577
0.057678
0.047198
0.017014
0.033235
0.034844
0.050774
0.018733
0.069283
0.056045
0.012067
0.017878
0.063982
0.068985
0.061063
0.018949
0.166010
0.259877
0.015212
0.005791
0.061923
0.010640
0.032534
0.013570
0.019030
0.009843
0.013137
0.010702
0.069480
0.017758
0.020753
0.013294
0.111200
0.004693
0.016204
0.035984
0.027716
0.010584
0.004824
0.012258
0.095103
0.169272
0.012488
0.018688
0.028073
0.021034
0.022922
0.031165
0.023861
0.018188
0.013806
0.012058
0.029949
0.005940
0.010117
0.012958
0.051573
0.018963
0.016477
0.010663
0.006087
0.017422
0.019126
0.020161
0.038090
0.117270
0.148677
0.072935
0.160272
0.115377
0.169710
0.129612
0.141668
0.144301
0.120580
0.061806
0.099811
0.100061
0.130616
0.052530
0.157906
0.132723
0.066373
0.077413
0.156391
0.153168
0.142193
0.201439
0.233105
0.146990
0.248976
0.210314
0.252938
0.221290
0.238699
0.230925
0.212647
0.124449
0.173511
0.173638
0.215274
0.085312
0.251408
0.225666
0.128793
0.143224
0.231457
0.242710
0.228285
0.015423
0.052571
0.013434
0.020322
0.016059
0.012014
0.009449
0.007602
0.008583
0.053278
0.013013
0.006808
0.004618
0.086625
0.018863
0.023136
0.014638
0.014196
0.017187
0.014288
0.009892
0.064270
0.018988
0.041039
0.012926
0.015331
0.014593
0.018914
0.013364
0.067102
0.020124
0.017199
0.016785
0.108635
0.010513
0.024867
0.030116
0.023574
0.015854
0.007545
0.009558
0.062931
0.027637
0.095206
0.071151
0.058621
0.054839
0.042972
0.018930
0.030806
0.050980
0.052959
0.027538
0.049886
0.032861
0.032108
0.033600
0.057835
0.060859
0.073496
0.024455
0.017641
0.021167
0.007313
0.006761
0.010515
0.066103
0.019208
0.022089
0.006752
0.104523
0.008771
0.018391
0.035973
0.028639
0.010870
0.012160
0.019082
0.049119
0.041294
0.019991
0.020720
0.016288
0.032418
0.023252
0.033925
0.019965
0.069328
0.025671
0.023881
0.029424
0.027323
0.034477
0.036255
0.040535
0.022506
0.012467
0.020349
0.017095
0.085432
0.034585
0.023815
0.015907
0.136227
0.022966
0.038727
0.037970
0.030905
0.021481
0.016772
0.007008
0.015484
0.018792
0.018261
0.078203
0.019622
0.013976
0.016726
0.114479
0.022128
0.032811
0.031795
0.027232
0.025537
0.013165
0.017481
0.008314
0.004837
0.056409
0.018939
0.018848
0.007085
0.105402
0.011001
0.020557
0.029151
0.021179
0.016955
0.013629
0.011078
0.009066
0.056806
0.012821
0.015005
0.003400
0.093757
0.013401
0.020122
0.025966
0.023044
0.014365
0.015096
0.015601
0.044537
0.013152
0.014161
0.007124
0.086100
0.010373
0.013753
0.018418
0.015722
0.016998
0.012396
0.011116
0.038689
0.053302
0.054783
0.023431
0.059877
0.053180
0.026707
0.026617
0.066407
0.075148
0.068130
0.010000
0.012952
0.058040
0.016999
0.016507
0.015027
0.011453
0.015877
0.016220
0.022703
0.009841
0.072297
0.025302
0.025559
0.011386
0.011130
0.017851
0.015520
0.013741
0.090006
0.014262
0.018919
0.020733
0.018256
0.013206
0.013219
0.013065
0.099264
0.077595
0.044070
0.047924
0.090284
0.108286
0.112282
0.012208
0.037373
0.028823
0.012177
0.006889
0.020992
0.031832
0.027094
0.018526
0.016038
0.030707
0.006884
0.033657
0.033433
0.024043
0.024025
0.028502
0.019748
0.011867
0.019339
0.015775
