0.338747
0.527974
0.314694
0.590203
0.581089
0.530508
0.345646
0.396743
0.446327
0.477140
0.341662
0.517734
0.436935
0.481229
0.496845
0.605087
0.803222
0.289501
0.520251
0.248825
0.631468
0.437364
0.438371
0.390318
0.344210
0.665133
0.446388
0.434863
0.279880
0.294374
0.572435
0.423127
0.240356
0.588387
0.377665
0.474300
0.340553
0.414810
0.515392
0.629555
0.282984
0.381439
0.423094
0.368470
0.346178
0.548556
0.521646
0.532619
0.565374
0.625700
0.448110
0.644828
0.593370
0.671829
0.532412
0.481891
0.621344
0.605038
0.328429
0.514814
0.547946
0.418407
0.646898
0.698397
0.724869
0.470387
0.559732
0.397147
0.678356
0.588622
0.459763
0.441189
0.391975
0.743190
0.566437
0.541208
0.446992
0.336007
0.653886
0.480456
0.395838
0.598728
0.506648
0.647785
0.398633
0.466732
0.454375
0.594450
0.454905
0.471475
0.557647
0.453904
0.378593
0.666650
0.524094
0.618188
0.475712
0.550475
0.697087
0.767318
0.626012
0.669332
0.560507
0.610356
0.687617
0.573314
0.687008
0.564332
0.672426
0.717534
0.679171
0.822767
0.511613
0.699862
0.566778
0.772488
0.535910
0.662313
0.595378
0.625044
0.749153
0.645253
0.675722
0.574480
0.576536
0.689577
0.667709
0.616430
0.744998
0.584376
0.681912
0.574430
0.581283
0.664149
0.742542
0.511214
0.519799
0.551550
0.533364
0.612538
0.642088
0.604816
0.770063
0.584158
0.610861
0.590995
0.623466
0.406263
0.514264
0.525438
0.530889
0.352359
0.539842
0.534693
0.544680
0.459161
0.596541
0.730775
0.355537
0.505785
0.363821
0.685694
0.527339
0.522792
0.471057
0.362350
0.658035
0.531155
0.497058
0.448411
0.434500
0.514473
0.511025
0.295247
0.629940
0.490873
0.597594
0.461218
0.557021
0.508284
0.609160
0.176802
0.497601
0.447481
0.370387
0.475844
0.636072
0.607908
0.569661
0.549915
0.656336
0.580209
0.597881
0.618936
0.469988
0.625868
0.439811
0.583082
0.584489
0.522984
0.537347
0.688722
0.864126
0.586261
0.544250
0.491038
0.520207
0.648570
0.614160
0.603380
0.596181
0.576781
0.589416
0.492463
0.604467
0.579646
0.626118
0.499022
0.581878
0.677558
0.475702
0.549904
0.563388
0.485700
0.685131
0.724613
0.532908
0.575745
0.398172
0.574821
0.534721
0.624478
0.709470
0.568372
0.660613
0.590771
0.521926
0.579491
0.680498
0.579543
0.518952
0.628655
0.618637
0.640379
0.560304
0.658467
0.845758
0.529252
0.268355
0.630861
0.640330
0.595031
0.573950
0.567354
0.531494
0.608482
0.594505
0.563802
0.456260
0.558827
0.602003
0.521673
0.545797
0.550532
0.555758
0.643894
0.562162
0.585770
0.628937
0.819048
0.513001
0.579314
0.602608
0.526530
0.570468
0.625339
0.565353
0.270909
0.769716
0.602394
0.590159
0.329451
0.483362
0.567853
0.618682
0.476244
0.629089
0.648771
0.556703
0.888730
0.497167
0.514971
0.468853
0.601369
0.483279
0.623971
0.500685
0.609216
0.614213
0.529520
0.393706
0.559860
0.506009
0.597739
0.526435
0.583141
0.658300
0.485092
0.464042
0.536208
0.606655
0.608004
0.827757
0.533103
0.458490
0.528616
0.483924
0.562278
0.511722
0.610828
0.592738
0.716328
0.478752
0.560115
0.441687
0.404623
0.557299
0.483486
0.593793
0.501569
0.581614
0.815489
0.312335
0.496760
0.448966
0.617302
0.449559
0.422761
0.486521
0.369676
0.604179
0.507401
0.512412
0.367103
0.472288
0.505187
0.435160
0.336642
0.615357
0.428457
0.572011
0.453797
0.529942
0.547910
0.744201
0.311806
0.455918
0.549022
0.414356
0.464744
0.596620
0.552549
0.490480
0.599476
0.570041
0.583365
0.425746
0.590436
0.623706
0.555929
0.524574
0.600027
0.716440
0.346258
0.553187
0.453874
0.753394
0.470158
0.551581
0.548835
0.381822
0.705401
0.610338
0.573977
0.452016
0.460547
0.527950
0.572657
0.477505
0.677317
0.500265
0.601782
0.517958
0.492314
0.655021
0.679112
0.419461
0.455620
0.533485
0.405684
0.489484
0.500084
0.585293
0.590273
0.629952
0.570615
0.444648
0.539437
0.422746
0.541419
0.601515
0.599656
0.830491
0.452389
0.485402
0.363353
0.594173
0.502014
0.616295
0.528042
0.548423
0.507711
0.527973
0.386913
0.547449
0.441191
0.591352
0.475110
0.514232
0.659333
0.446046
0.471635
0.487614
0.519199
0.607416
0.700862
0.425831
0.481400
0.527930
0.512666
0.505352
0.559421
0.651076
0.569682
0.692323
0.522155
0.573772
0.392095
0.687585
0.513605
0.647159
0.836048
0.464108
0.522759
0.501502
0.607201
0.423951
0.563152
0.527384
0.463115
0.615920
0.488298
0.388231
0.525796
0.551428
0.593824
0.547143
0.422326
0.647188
0.514280
0.540999
0.420610
0.631362
0.527674
0.758176
0.516247
0.404529
0.532797
0.408426
0.586536
0.647442
0.568794
0.563137
0.587626
0.446772
0.467659
0.468286
0.513259
0.609067
0.788621
0.365524
0.431389
0.328824
0.497415
0.461228
0.469957
0.412984
0.364529
0.568898
0.526878
0.476349
0.419945
0.325513
0.479636
0.381907
0.326990
0.495744
0.408697
0.561237
0.363747
0.352223
0.474217
0.415488
0.307007
0.427441
0.498581
0.425130
0.326887
0.558267
0.549928
0.475499
0.535299
0.510526
0.670221
0.649417
0.717229
0.840063
0.521440
0.608982
0.499581
0.561576
0.582479
0.519691
0.480095
0.559895
0.654597
0.584552
0.579012
0.612619
0.604609
0.552574
0.409072
0.509721
0.608553
0.567151
0.677308
0.495773
0.562988
0.552907
0.789276
0.446124
0.509516
0.667664
0.517610
0.597283
0.727239
0.660714
0.614415
0.561286
0.582086
0.641149
0.602125
0.910749
0.446458
0.509324
0.406868
0.610153
0.413778
0.486886
0.505247
0.469064
0.503151
0.460389
0.414741
0.533753
0.470276
0.625274
0.445372
0.491456
0.641440
0.478606
0.484159
0.347038
0.515738
0.428402
0.750990
0.416627
0.344196
0.502335
0.382115
0.511444
0.627420
0.580113
0.609177
0.476129
0.484255
0.612760
0.778872
0.497868
0.565932
0.403478
0.682524
0.643803
0.585067
0.596623
0.408938
0.653673
0.612728
0.460363
0.511305
0.428888
0.684710
0.549439
0.541172
0.679566
0.396367
0.587992
0.538890
0.525928
0.604066
0.721105
0.495551
0.577045
0.475507
0.554451
0.536910
0.552444
0.660476
0.660123
0.623140
0.603049
0.821153
0.450335
0.466932
0.535191
0.716254
0.557118
0.625806
0.664908
0.438852
0.640631
0.611919
0.460996
0.546165
0.599288
0.619608
0.661562
0.440697
0.644075
0.432348
0.603708
0.614681
0.658574
0.663816
0.694646
0.482274
0.554451
0.487113
0.464945
0.623838
0.638218
0.676531
0.536126
0.718205
0.873025
0.533168
0.544588
0.608822
0.716630
0.430719
0.668449
0.667573
0.625626
0.770299
0.700358
0.554299
0.562194
0.678651
0.604980
0.608473
0.680743
0.658820
0.499083
0.624826
0.658755
0.625481
0.693937
0.906646
0.563576
0.635197
0.587863
0.548514
0.663622
0.585674
0.640757
0.622547
0.693541
0.741150
0.876613
0.732999
0.957613
0.844727
0.854495
0.839295
0.643543
0.944889
0.871753
0.846726
0.790388
0.780528
0.835652
0.843724
0.752209
0.893112
0.777014
0.907881
0.848823
0.738415
0.852764
0.905657
0.713300
0.866950
0.827707
0.830723
0.818567
0.733253
0.853984
0.922692
0.756213
0.475336
0.299837
0.561530
0.383387
0.453005
0.418066
0.330943
0.585467
0.472981
0.436919
0.358582
0.363914
0.492043
0.480169
0.345913
0.554641
0.339582
0.447895
0.444143
0.470495
0.581533
0.635662
0.282946
0.402403
0.448633
0.396426
0.374516
0.472926
0.526741
0.506807
0.614091
0.502396
0.661241
0.491823
0.605830
0.581279
0.467652
0.572282
0.567176
0.485674
0.558849
0.512512
0.523976
0.519549
0.505097
0.572746
0.478191
0.584549
0.546785
0.585040
0.577918
0.714793
0.480081
0.509758
0.481035
0.407615
0.560515
0.643992
0.523324
0.240638
0.719819
0.653205
0.478343
0.522046
0.380654
0.370233
0.567440
0.440856
0.396110
0.420014
0.272795
0.587287
0.408532
0.308424
0.603668
0.371825
0.458082
0.403756
0.400671
0.498502
0.646521
0.329493
0.381030
0.419704
0.429002
0.355540
0.496414
0.584877
0.588859
0.604846
0.614492
0.582827
0.563789
0.630301
0.613226
0.603058
0.575441
0.630403
0.615009
0.668496
0.471601
0.592318
0.533548
0.577558
0.657258
0.548755
0.557230
0.685895
0.764988
0.576520
0.588023
0.689822
0.634733
0.618247
0.654567
0.692644
0.590837
0.708920
0.559442
0.485421
0.454601
0.625776
0.526682
0.523290
0.467726
0.495823
0.532599
0.504747
0.480476
0.565864
0.438955
0.550823
0.444879
0.560495
0.513305
0.777387
0.444392
0.446978
0.498505
0.417456
0.543382
0.557088
0.563968
0.568326
0.555471
0.418978
0.414094
0.670190
0.501020
0.522409
0.431936
0.509886
0.610430
0.455447
0.486504
0.723120
0.489474
0.607436
0.425421
0.487021
0.525217
0.730298
0.462987
0.567100
0.586941
0.481146
0.432477
0.635051
0.539901
0.564153
0.608431
0.490485
0.622173
0.474410
0.519481
0.418428
0.346094
0.582796
0.332635
0.428068
0.613378
0.476472
0.598974
0.346958
0.457747
0.443911
0.784833
0.412287
0.481182
0.591246
0.459554
0.436538
0.538491
0.558922
0.541878
0.536144
0.556502
0.484503
0.442135
0.426861
0.349972
0.540416
0.508893
0.315835
0.620099
0.377811
0.558730
0.400119
0.488543
0.489252
0.645196
0.321768
0.463068
0.471071
0.367597
0.415736
0.551125
0.546237
0.553615
0.521265
0.629857
0.539348
0.649159
0.602090
0.585248
0.523934
0.597463
0.685657
0.561826
0.601323
0.648664
0.619847
0.627990
0.803676
0.576280
0.509519
0.673668
0.628060
0.658627
0.701811
0.672061
0.654698
0.692094
0.433500
0.517579
0.452429
0.615517
0.536267
0.440952
0.613045
0.473583
0.450395
0.438721
0.557493
0.541677
0.757449
0.492560
0.485640
0.520907
0.423185
0.433547
0.641964
0.584242
0.588019
0.633206
0.473318
0.417829
0.618624
0.523130
0.451276
0.576790
0.247046
0.403251
0.435847
0.565930
0.513627
0.794263
0.463245
0.392070
0.463756
0.428111
0.458606
0.608147
0.584526
0.548793
0.646338
0.394568
0.569095
0.401197
0.293353
0.524918
0.401176
0.493088
0.383918
0.408433
0.542789
0.730136
0.354934
0.455122
0.515513
0.495736
0.338835
0.492296
0.504079
0.508045
0.580516
0.609374
0.427211
0.346292
0.620734
0.452647
0.479939
0.318164
0.463284
0.439441
0.630935
0.395745
0.425188
0.480141
0.417730
0.354044
0.518771
0.610355
0.542636
0.611973
0.545599
0.570739
0.665869
0.591263
0.701251
0.585472
0.590391
0.630509
0.857436
0.457748
0.581731
0.626534
0.495059
0.616043
0.675733
0.438662
0.505145
0.732666
0.453645
0.566344
0.485138
0.565146
0.404158
0.418362
0.515253
0.756902
0.392181
0.468818
0.598403
0.549951
0.460718
0.586270
0.599576
0.488541
0.621475
0.576452
0.473772
0.548597
0.365252
0.508532
0.467047
0.626122
0.298606
0.401136
0.497561
0.362166
0.381391
0.609660
0.566362
0.527841
0.578941
0.571877
0.646906
0.629172
0.564078
0.638946
0.723198
0.566656
0.485995
0.628623
0.657946
0.592437
0.703346
0.642113
0.622421
0.726215
0.406123
0.471016
0.450784
0.617200
0.722770
0.407806
0.487724
0.417340
0.464631
0.409021
0.448087
0.606517
0.562913
0.601704
0.525669
0.586421
0.689835
0.791380
0.553335
0.505271
0.488602
0.551990
0.356087
0.553761
0.689867
0.622138
0.711896
0.453324
0.348698
0.722984
0.395049
0.458903
0.528723
0.345284
0.393020
0.639492
0.540574
0.519367
0.460648
0.595003
0.625270
0.449556
0.434972
0.525731
0.522349
0.465500
0.523264
0.456306
0.621340
0.532091
0.821673
0.484298
0.496257
0.576859
0.456978
0.599062
0.733320
0.600295
0.637760
0.413045
0.669455
0.701831
0.667500
0.742778
0.546611
0.750133
0.798806
0.757901
0.791707
0.416704
0.469826
0.373740
0.446499
0.506328
0.551185
0.479993
0.509756
0.476717
0.431981
0.462311
0.634565
0.445662
0.591764
0.515994
0.407709
0.537885
0.509643
0.639361
0.602070
0.521176
0.534459
0.584901
0.512364
0.539038
0.443736
0.568472
0.543076
0.536568
0.691749
0.717947
0.664462
0.657723
0.520136
0.639499
0.796664
