0.083238
0.009061
0.010195
0.016472
0.031721
0.023926
0.023930
0.106575
0.014459
0.032821
0.023098
0.006686
0.028738
0.022675
0.009681
0.008166
0.006758
0.059073
0.016561
0.015425
0.023965
0.008756
0.037335
0.020126
0.013740
0.006002
0.022118
0.011102
0.012433
0.123132
0.025938
0.012718
0.031823
0.009356
0.017252
0.016450
0.019801
0.050040
0.011982
0.006045
0.039624
0.013272
0.015405
0.012413
0.013345
0.016022
0.043657
0.033884
0.018364
0.089853
0.079378
0.038108
0.050039
0.117871
0.094485
0.106271
0.109081
0.035960
0.092286
0.062340
0.118974
0.101275
0.082662
0.104503
0.090563
0.123469
0.054653
0.115217
0.088081
0.076681
0.066210
0.109719
0.104679
0.106025
0.121627
0.080406
0.116740
0.170353
0.122017
0.087205
0.035649
0.100631
0.055375
0.063010
0.080471
0.125793
0.066729
0.080556
0.018850
0.090877
0.099991
0.093016
0.125864
0.110615
0.138724
0.069782
0.106069
0.021785
0.028176
0.033207
0.025766
0.032218
0.150081
0.016010
0.047801
0.022830
0.006766
0.012360
0.018527
0.020939
0.008866
0.006663
0.069549
0.018803
0.014573
0.019325
0.008513
0.037950
0.024541
0.020637
0.010917
0.013107
0.017991
0.009270
0.119603
0.023468
0.032705
0.041069
0.011362
0.025926
0.008236
0.013285
0.053658
0.006636
0.012134
0.045891
0.006413
0.030691
0.019152
0.008008
0.023388
0.028746
0.057465
0.027233
0.018355
0.030882
0.030374
0.027810
0.098093
0.020885
0.036318
0.029607
0.015442
0.041019
0.032894
0.007731
0.013748
0.012429
0.057295
0.024975
0.021578
0.022055
0.019600
0.043809
0.022697
0.021504
0.020189
0.031959
0.019620
0.020966
0.125902
0.032212
0.014922
0.031130
0.015289
0.017910
0.024474
0.028221
0.060153
0.021504
0.007764
0.036403
0.024892
0.016096
0.019160
0.025587
0.019575
0.061466
0.030001
0.026807
0.024506
0.038852
0.026442
0.064830
0.031874
0.006706
0.030107
0.011138
0.054858
0.034573
0.020441
0.029865
0.024749
0.056874
0.011734
0.038657
0.035189
0.016545
0.026573
0.043816
0.026794
0.028435
0.050402
0.017089
0.039150
0.141087
0.043199
0.015083
0.009612
0.026609
0.010849
0.023441
0.026842
0.051745
0.024850
0.019888
0.016087
0.030281
0.021178
0.022656
0.045306
0.028615
0.065118
0.015684
0.030021
0.054793
0.045382
0.121617
0.042008
0.040382
0.032189
0.025656
0.050341
0.044326
0.022818
0.030713
0.029524
0.066716
0.026286
0.047077
0.027238
0.033008
0.041562
0.039002
0.043254
0.039557
0.047344
0.029672
0.040940
0.111064
0.053592
0.041517
0.036985
0.038512
0.022437
0.029537
0.032748
0.071109
0.022358
0.028628
0.017323
0.033070
0.041106
0.028761
0.050035
0.046665
0.073866
0.047157
0.046340
0.009026
0.124921
0.006099
0.053738
0.009431
0.024148
0.020409
0.006049
0.023873
0.015607
0.025366
0.023301
0.020306
0.015640
0.018389
0.019734
0.022541
0.044767
0.005046
0.021696
0.019314
0.015548
0.014856
0.195063
0.004897
0.033804
0.044893
0.012148
0.038266
0.025973
0.012358
0.021625
0.036014
0.030802
0.073892
0.029562
0.014917
0.019113
0.023360
0.009761
0.015273
0.047299
0.011778
0.092967
0.014160
0.036126
0.011059
0.023070
0.037135
0.011453
0.021299
0.024492
0.030487
0.022043
0.014843
0.027647
0.026272
0.020456
0.019336
0.050755
0.007885
0.023603
0.035662
0.013223
0.028493
0.192948
0.015512
0.027581
0.035755
0.019944
0.030003
0.031204
0.017613
0.016404
0.037216
0.034642
0.059081
0.035590
0.011339
0.014273
0.036484
0.012901
0.027663
0.030932
0.009393
0.125428
0.055291
0.115513
0.109141
0.194652
0.131228
0.100906
0.134111
0.129706
0.107695
0.098854
0.142536
0.150597
0.115726
0.100858
0.141450
0.101924
0.128651
0.177679
0.093800
0.151492
0.243645
0.136448
0.061936
0.062794
0.116078
0.077191
0.144814
0.137728
0.102169
0.146118
0.112215
0.101174
0.155260
0.072519
0.102632
0.161952
0.107945
0.187887
0.028339
0.100071
0.048202
0.010323
0.015428
0.014022
0.006613
0.016436
0.006554
0.012298
0.030175
0.018235
0.006594
0.012151
0.011996
0.027317
0.025440
0.003733
0.013009
0.009637
0.014571
0.006674
0.158657
0.004026
0.024631
0.041538
0.005157
0.027567
0.019716
0.010134
0.025953
0.023664
0.019643
0.062869
0.017770
0.012500
0.010792
0.012231
0.007948
0.020160
0.042886
0.013458
0.045762
0.023693
0.076451
0.047333
0.038553
0.051557
0.044065
0.061270
0.021271
0.057383
0.052119
0.027407
0.033377
0.064470
0.041486
0.046223
0.073917
0.030582
0.060306
0.162972
0.060139
0.024608
0.012737
0.043138
0.020110
0.039268
0.039084
0.057664
0.041383
0.037067
0.021333
0.050789
0.033384
0.034557
0.069681
0.042850
0.082501
0.019825
0.043152
0.019232
0.022448
0.008368
0.020155
0.014866
0.022644
0.028345
0.013430
0.021086
0.017073
0.017571
0.018963
0.042829
0.007817
0.022259
0.021435
0.011880
0.017812
0.170721
0.010571
0.034727
0.035294
0.015235
0.027086
0.021222
0.010832
0.022872
0.028489
0.029481
0.054418
0.023747
0.016204
0.016083
0.026452
0.016295
0.020589
0.038765
0.013283
0.022436
0.017020
0.015731
0.012618
0.007931
0.057357
0.008735
0.017697
0.019618
0.005767
0.025484
0.026222
0.016252
0.013200
0.020517
0.011753
0.016106
0.128908
0.023924
0.020759
0.018856
0.011257
0.011962
0.007002
0.011121
0.043842
0.008856
0.009510
0.028112
0.011205
0.020483
0.014599
0.017759
0.019768
0.035592
0.034283
0.024013
0.014344
0.036119
0.015052
0.017985
0.061049
0.029455
0.013053
0.013963
0.020098
0.039216
0.036347
0.024126
0.023651
0.003973
0.032388
0.009910
0.159668
0.014691
0.060039
0.061702
0.017264
0.047252
0.013631
0.010558
0.052158
0.020544
0.030587
0.073571
0.015353
0.044874
0.032041
0.012145
0.029357
0.013603
0.086580
0.034974
0.023992
0.015242
0.021604
0.027905
0.014900
0.016407
0.014484
0.015613
0.016968
0.037623
0.007835
0.021506
0.015747
0.013428
0.015050
0.177242
0.006048
0.036959
0.039105
0.011277
0.031183
0.017186
0.007438
0.017009
0.025161
0.029335
0.061679
0.024102
0.019250
0.014052
0.020728
0.014455
0.011732
0.049027
0.014786
0.010614
0.013220
0.043354
0.019927
0.021452
0.016179
0.020719
0.037636
0.019995
0.015862
0.016890
0.028356
0.011624
0.018433
0.128634
0.026886
0.017069
0.034778
0.013511
0.017411
0.023699
0.022127
0.046940
0.020938
0.009465
0.037518
0.025700
0.010773
0.010690
0.024260
0.016554
0.052396
0.030958
0.017862
0.005835
0.048734
0.020668
0.007501
0.012353
0.011269
0.037122
0.017145
0.010673
0.008797
0.009283
0.013277
0.002934
0.128960
0.013985
0.023464
0.043507
0.005056
0.024396
0.016367
0.014170
0.045131
0.015405
0.009655
0.052321
0.010757
0.016293
0.012242
0.007257
0.013152
0.031088
0.045777
0.018937
0.063403
0.022003
0.007012
0.016299
0.010673
0.041979
0.011940
0.016439
0.010174
0.011849
0.019702
0.008177
0.107742
0.021641
0.021099
0.035540
0.006750
0.015436
0.014528
0.017083
0.051487
0.011624
0.006597
0.046410
0.011051
0.021539
0.014686
0.006577
0.019159
0.040611
0.044060
0.024089
0.039937
0.049151
0.037184
0.050972
0.031003
0.076607
0.027693
0.058371
0.058453
0.034908
0.051009
0.234288
0.026339
0.052224
0.061867
0.041303
0.058976
0.062352
0.038792
0.024961
0.071955
0.066004
0.085942
0.070788
0.027851
0.036927
0.069207
0.025634
0.047582
0.053236
0.029398
0.027384
0.022099
0.008995
0.013438
0.045474
0.015875
0.019520
0.030524
0.009623
0.025632
0.166157
0.023686
0.029122
0.021209
0.019428
0.021370
0.012118
0.010579
0.035432
0.019397
0.023708
0.027861
0.018023
0.020831
0.019575
0.033024
0.019680
0.031347
0.032166
0.019260
0.015049
0.014189
0.040231
0.018997
0.012008
0.012903
0.006324
0.024509
0.004973
0.138862
0.010713
0.029483
0.048024
0.006152
0.029305
0.021433
0.016512
0.042530
0.023582
0.017327
0.068969
0.016301
0.022695
0.019233
0.006497
0.014092
0.029029
0.054723
0.020916
0.020524
0.030024
0.027005
0.020190
0.026237
0.013565
0.022368
0.013361
0.146550
0.016056
0.041297
0.043220
0.014726
0.029634
0.014184
0.009350
0.046969
0.018919
0.019975
0.045308
0.021963
0.028334
0.019571
0.023025
0.020369
0.031580
0.058924
0.026684
0.026077
0.033831
0.013378
0.008775
0.019195
0.013818
0.012804
0.146238
0.019163
0.022477
0.030518
0.011034
0.022510
0.011892
0.010590
0.041243
0.012857
0.015402
0.038273
0.007550
0.021013
0.015846
0.017478
0.014769
0.028678
0.038993
0.018284
0.064196
0.023335
0.041362
0.041846
0.020043
0.038945
0.204345
0.024825
0.043647
0.024939
0.029255
0.035081
0.025106
0.018113
0.027757
0.039192
0.042126
0.045111
0.041193
0.031195
0.034211
0.051812
0.028637
0.031716
0.041730
0.025180
0.032085
0.026968
0.024042
0.033984
0.020761
0.084042
0.038356
0.029743
0.053606
0.016663
0.024609
0.034114
0.039763
0.063825
0.024157
0.015375
0.061707
0.034188
0.033116
0.021145
0.017641
0.035883
0.069381
0.056363
0.041207
0.012778
0.018420
0.010662
0.012263
0.167738
0.006815
0.019122
0.035723
0.007601
0.024690
0.024884
0.014061
0.019363
0.029141
0.022205
0.062282
0.022579
0.007393
0.009719
0.018218
0.007564
0.023300
0.031238
0.008021
0.017889
0.015995
0.009714
0.141619
0.022639
0.022850
0.049862
0.012289
0.030410
0.022731
0.020176
0.047457
0.018037
0.015818
0.056258
0.009851
0.020230
0.014538
0.011888
0.013704
0.034328
0.048031
0.014914
0.028818
0.005588
0.144718
0.012046
0.047740
0.058336
0.011417
0.040142
0.017065
0.014915
0.049637
0.021197
0.023447
0.073388
0.014797
0.035649
0.026237
0.007068
0.023373
0.020970
0.075095
0.030666
0.018703
0.153664
0.019695
0.019309
0.027629
0.011756
0.020723
0.018766
0.016447
0.029833
0.021535
0.017039
0.038940
0.023849
0.010327
0.011557
0.025906
0.012924
0.033860
0.028574
0.013333
0.138255
0.011566
0.031265
0.051202
0.005761
0.032423
0.017225
0.013968
0.046943
0.018641
0.014000
0.063406
0.011524
0.023177
0.017769
0.005497
0.014529
0.025480
0.058751
0.020971
0.182139
0.132424
0.154952
0.135448
0.110406
0.140726
0.167185
0.211556
0.107350
0.110463
0.134847
0.134829
0.159877
0.131506
0.122617
0.173345
0.221724
0.161346
0.179784
0.037142
0.048104
0.009817
0.037723
0.025294
0.012789
0.021799
0.034487
0.031178
0.077224
0.026306
0.018217
0.019627
0.018068
0.011156
0.013280
0.053644
0.016035
0.027648
0.017972
0.015205
0.041990
0.039725
0.045186
0.035567
0.017423
0.047392
0.038771
0.009832
0.015723
0.034868
0.019545
0.071279
0.013661
0.023187
0.033543
0.011336
0.028529
0.032502
0.052937
0.037814
0.029319
0.024147
0.048849
0.031146
0.037060
0.057166
0.043035
0.071239
0.019271
0.044510
0.019113
0.017220
0.014317
0.033116
0.019328
0.010204
0.055215
0.018367
0.012159
0.011793
0.008913
0.010641
0.029939
0.037489
0.014653
0.025503
0.027315
0.046068
0.024300
0.015202
0.027759
0.034374
0.018942
0.016742
0.033682
0.031837
0.065693
0.018594
0.032449
0.007609
0.055980
0.008192
0.016524
0.031406
0.011731
0.036494
0.027149
0.021054
0.028559
0.028825
0.056988
0.033296
0.036687
0.017649
0.022114
0.043874
0.015112
0.025704
0.019358
0.022052
0.019104
0.017001
0.051947
0.021983
0.062181
0.062652
0.093963
0.062576
0.025060
0.025031
0.052376
0.028700
0.034415
0.044369
0.022408
0.013959
0.029196
0.011453
0.037496
0.021155
0.019168
0.032290
0.042761
0.056952
0.035029
0.034966
0.019215
0.020607
0.019185
0.016909
0.022913
0.056247
0.037525
0.028498
0.046093
0.055915
0.047963
0.074473
0.062541
0.096679
0.045750
0.065312
0.035700
0.025398
0.013955
0.024260
0.030780
0.061584
0.030842
0.009638
0.029688
0.009803
0.046248
0.016939
0.011659
0.021852
0.014514
0.039619
0.030297
0.014871
0.022121
0.029989
0.065380
0.028013
0.029517
0.038037
0.009249
0.090248
0.030922
0.035460
