0.009449
0.016828
0.047818
0.020836
0.012303
0.029100
0.020815
0.030120
0.013175
0.042495
0.023192
0.022082
0.013479
0.015324
0.016669
0.015254
0.016177
0.043101
0.025077
0.136548
0.062159
0.055912
0.013405
0.024974
0.017741
0.070587
0.013543
0.017714
0.020649
0.024840
0.069417
0.022748
0.010698
0.019842
0.011344
0.035450
0.007440
0.025990
0.017651
0.007248
0.082048
0.010552
0.026429
0.027736
0.019590
0.018139
0.054838
0.011313
0.015323
0.033168
0.061142
0.021404
0.012118
0.017161
0.016594
0.027161
0.011795
0.035732
0.018429
0.010182
0.015215
0.010402
0.035302
0.014017
0.017931
0.041690
0.027865
0.131812
0.046603
0.065617
0.014094
0.020651
0.013572
0.068793
0.009290
0.020553
0.014916
0.029492
0.079973
0.027841
0.011784
0.031990
0.007139
0.038981
0.007111
0.034602
0.007833
0.011427
0.072946
0.013399
0.020642
0.028857
0.021628
0.010499
0.055098
0.008945
0.018576
0.025937
0.051706
0.024221
0.058678
0.041697
0.045332
0.033104
0.045257
0.055790
0.041459
0.018088
0.026859
0.016986
0.037374
0.025628
0.047395
0.026258
0.106082
0.084416
0.048302
0.024200
0.045267
0.033167
0.083254
0.033528
0.015078
0.048546
0.042145
0.058197
0.025727
0.017696
0.009318
0.029295
0.033478
0.023246
0.028347
0.043275
0.019714
0.072428
0.032193
0.048238
0.028171
0.026165
0.037594
0.052269
0.027287
0.019103
0.104333
0.033323
0.086143
0.087380
0.087923
0.056783
0.068608
0.103857
0.068316
0.042918
0.044710
0.029026
0.052242
0.030229
0.035879
0.018258
0.050976
0.094762
0.027781
0.029757
0.067710
0.046271
0.070349
0.057046
0.024461
0.096359
0.040669
0.027942
0.038097
0.031338
0.014824
0.051915
0.013933
0.054474
0.023806
0.058664
0.046734
0.077266
0.077731
0.066352
0.016974
0.032109
0.049423
0.027609
0.040109
0.043443
0.034997
0.023813
0.015787
0.029007
0.028275
0.049931
0.015230
0.024761
0.030866
0.038555
0.052637
0.040117
0.056862
0.079215
0.061077
0.202085
0.069607
0.098668
0.046462
0.039580
0.037819
0.103134
0.026128
0.045176
0.013713
0.058347
0.133013
0.045296
0.040502
0.063549
0.025217
0.085194
0.018845
0.080235
0.032159
0.025610
0.103321
0.006128
0.033200
0.073395
0.050798
0.034675
0.105036
0.035134
0.032378
0.028282
0.034890
0.040681
0.020991
0.046351
0.038388
0.020133
0.019823
0.011511
0.023860
0.014105
0.011284
0.036875
0.008323
0.097301
0.064441
0.038987
0.006451
0.035667
0.020489
0.056182
0.010223
0.014667
0.033189
0.027553
0.047502
0.024380
0.011316
0.018865
0.016293
0.023807
0.009231
0.024081
0.015057
0.014725
0.079481
0.021205
0.031692
0.018041
0.022029
0.012365
0.035657
0.012198
0.018631
0.028153
0.060311
0.034370
0.048719
0.031591
0.028156
0.030210
0.037899
0.049192
0.036737
0.045401
0.046662
0.038132
0.157843
0.048952
0.065203
0.032024
0.019825
0.037515
0.070059
0.029012
0.034537
0.036819
0.042301
0.100617
0.036606
0.033661
0.052091
0.023461
0.060117
0.029362
0.072714
0.018326
0.023450
0.086353
0.023748
0.018499
0.045987
0.038973
0.024604
0.076066
0.027130
0.043398
0.019662
0.027596
0.017078
0.015689
0.010635
0.012821
0.023000
0.055802
0.037635
0.044249
0.059336
0.056697
0.153912
0.033325
0.098665
0.042818
0.028707
0.018270
0.114198
0.023465
0.028527
0.008204
0.053301
0.125661
0.045665
0.024274
0.050410
0.011835
0.068839
0.015683
0.067126
0.025906
0.026138
0.056895
0.016894
0.018471
0.055975
0.037061
0.020344
0.081509
0.025020
0.019864
0.028172
0.038528
0.023149
0.021403
0.029701
0.023405
0.064637
0.048461
0.052273
0.091410
0.069216
0.168115
0.073102
0.121097
0.050766
0.056983
0.025944
0.137724
0.029615
0.044577
0.009907
0.071435
0.141263
0.052565
0.035955
0.057736
0.027038
0.079873
0.018783
0.064957
0.043944
0.037861
0.076900
0.023605
0.051759
0.073330
0.051868
0.037197
0.102795
0.035407
0.017338
0.043781
0.027376
0.022994
0.021598
0.022741
0.030110
0.019193
0.027863
0.040178
0.034155
0.142808
0.057096
0.060994
0.021102
0.025163
0.019513
0.059082
0.022549
0.026064
0.024329
0.022291
0.079697
0.019645
0.019349
0.036149
0.013366
0.036393
0.017220
0.029870
0.014530
0.011647
0.076963
0.020333
0.030070
0.033757
0.016087
0.022129
0.060296
0.011743
0.025085
0.048444
0.019914
0.013966
0.031410
0.067430
0.051286
0.048482
0.044630
0.055145
0.101705
0.022326
0.087260
0.051982
0.040266
0.021454
0.115141
0.039651
0.022926
0.034406
0.056477
0.111294
0.050946
0.028142
0.050289
0.019377
0.056333
0.035492
0.071048
0.039439
0.042055
0.031950
0.046037
0.021238
0.047269
0.033830
0.026411
0.060233
0.031747
0.026103
0.020954
0.031451
0.031059
0.061257
0.044172
0.054495
0.086068
0.068062
0.190811
0.059791
0.119324
0.048060
0.029727
0.033050
0.121911
0.027047
0.050622
0.010824
0.067240
0.141622
0.051567
0.034949
0.063152
0.026498
0.086857
0.020427
0.072378
0.030985
0.032088
0.084055
0.018091
0.038465
0.073938
0.051113
0.030859
0.110148
0.037193
0.030870
0.014621
0.010818
0.057325
0.027205
0.030922
0.051616
0.039080
0.117936
0.032004
0.084228
0.029004
0.032833
0.012002
0.092700
0.012014
0.022491
0.012569
0.049015
0.100302
0.041762
0.017611
0.043759
0.009855
0.052415
0.010603
0.053341
0.016049
0.025775
0.050456
0.021857
0.022013
0.040912
0.031426
0.009142
0.059267
0.019199
0.016265
0.015722
0.027563
0.029137
0.021922
0.032380
0.026984
0.105624
0.036076
0.056681
0.022886
0.021430
0.012366
0.084928
0.021489
0.007219
0.022992
0.030486
0.077478
0.022144
0.008917
0.019411
0.007277
0.033637
0.013370
0.039204
0.021797
0.012743
0.044735
0.021876
0.014703
0.025460
0.014886
0.014869
0.046036
0.012444
0.009672
0.041103
0.017830
0.013659
0.046812
0.025462
0.097094
0.050715
0.069192
0.013551
0.037194
0.008851
0.084035
0.008130
0.017317
0.021250
0.038532
0.072272
0.038372
0.009769
0.024481
0.011482
0.034083
0.009109
0.027427
0.016869
0.022747
0.061204
0.025525
0.031670
0.024959
0.026956
0.010490
0.044426
0.012388
0.012651
0.035123
0.027518
0.037879
0.020018
0.125650
0.094729
0.030309
0.020936
0.038678
0.041581
0.060336
0.043424
0.023086
0.060668
0.022145
0.048692
0.016379
0.023250
0.013585
0.034082
0.025765
0.031093
0.026252
0.039040
0.014408
0.098440
0.033297
0.044091
0.024955
0.021308
0.044264
0.053541
0.023964
0.032415
0.012895
0.031908
0.024007
0.115033
0.060967
0.049071
0.011770
0.040322
0.020208
0.042966
0.012864
0.024829
0.036044
0.018913
0.048768
0.039000
0.018099
0.037213
0.014900
0.025500
0.019398
0.019560
0.011136
0.023125
0.100278
0.027206
0.030372
0.021293
0.021202
0.016358
0.032332
0.010406
0.036532
0.032354
0.013569
0.088295
0.064535
0.041860
0.006179
0.039747
0.019056
0.061634
0.015440
0.016221
0.044530
0.022521
0.037971
0.035527
0.010781
0.016678
0.017673
0.016515
0.019389
0.014058
0.020906
0.019938
0.085597
0.038226
0.035347
0.010926
0.018317
0.016048
0.024249
0.011145
0.024219
0.023996
0.075992
0.045652
0.021732
0.029884
0.037372
0.035617
0.039255
0.051502
0.019072
0.080649
0.015693
0.039491
0.034507
0.028505
0.036514
0.028898
0.013134
0.052439
0.034968
0.028902
0.037097
0.068994
0.064694
0.024620
0.011861
0.014859
0.033637
0.018738
0.022630
0.056989
0.073779
0.071049
0.017702
0.007170
0.041150
0.032102
0.043285
0.026315
0.014043
0.063047
0.023046
0.026724
0.024249
0.016223
0.013462
0.027862
0.012653
0.026962
0.024028
0.023366
0.020424
0.079073
0.041746
0.036235
0.008552
0.018945
0.022483
0.022606
0.017751
0.030814
0.107816
0.090067
0.095372
0.140421
0.097371
0.123048
0.120470
0.080181
0.175966
0.112123
0.065991
0.124396
0.088172
0.083003
0.113709
0.058843
0.129000
0.089178
0.116464
0.136919
0.090957
0.174252
0.117243
0.060627
0.094585
0.096141
0.042566
0.104180
0.112755
0.103649
0.065621
0.036464
0.033235
0.107097
0.055224
0.044740
0.055431
0.060646
0.123031
0.071645
0.043859
0.076454
0.032105
0.068091
0.058946
0.087856
0.038081
0.061977
0.039017
0.072560
0.019150
0.056242
0.044294
0.029911
0.064810
0.044928
0.056391
0.033829
0.066522
0.069864
0.033797
0.067694
0.033020
0.113976
0.029981
0.020053
0.036021
0.048533
0.035795
0.059572
0.019825
0.067479
0.042292
0.054414
0.044714
0.112887
0.076724
0.059453
0.021821
0.034367
0.060416
0.029655
0.044369
0.073742
0.032850
0.020741
0.047061
0.012847
0.016391
0.043822
0.018921
0.038380
0.025630
0.009640
0.014704
0.017491
0.017028
0.016916
0.016874
0.012377
0.013128
0.083272
0.029478
0.030911
0.010538
0.016178
0.015099
0.030248
0.009536
0.024207
0.031466
0.074968
0.038765
0.029304
0.040580
0.032953
0.094032
0.027250
0.025690
0.037969
0.022813
0.048593
0.035050
0.053603
0.021746
0.019779
0.056860
0.035153
0.017966
0.037028
0.022358
0.027675
0.070354
0.024655
0.036590
0.082894
0.014833
0.016308
0.022194
0.027759
0.081279
0.038035
0.009640
0.029568
0.004971
0.029003
0.015997
0.030960
0.016734
0.024280
0.057039
0.030076
0.018779
0.023956
0.020700
0.008768
0.041376
0.008419
0.014426
0.074846
0.065743
0.123027
0.036376
0.037263
0.056742
0.069963
0.074198
0.071739
0.040320
0.085726
0.054624
0.047960
0.060864
0.144376
0.087519
0.071009
0.042544
0.046732
0.070342
0.046853
0.055104
0.106303
0.024367
0.020165
0.038533
0.073831
0.041596
0.014083
0.033685
0.011971
0.041403
0.008781
0.036428
0.012942
0.020591
0.084687
0.019531
0.029486
0.031664
0.030248
0.007565
0.048929
0.014346
0.019468
0.039639
0.024262
0.050099
0.020508
0.010242
0.012400
0.011835
0.017861
0.018465
0.028341
0.023490
0.016493
0.050720
0.030135
0.019939
0.011975
0.012364
0.016664
0.026566
0.011929
0.016183
0.060138
0.134939
0.050960
0.030446
0.058516
0.016943
0.078172
0.011871
0.066032
0.029995
0.029090
0.081740
0.012977
0.035019
0.067380
0.047094
0.025121
0.095199
0.028011
0.019258
0.046292
0.026844
0.023259
0.032850
0.021380
0.015047
0.039244
0.023627
0.021701
0.021994
0.097404
0.044347
0.026209
0.016237
0.013304
0.029889
0.031498
0.011872
0.044640
0.064408
0.057515
0.044443
0.077564
0.022340
0.081388
0.031661
0.066958
0.067888
0.133832
0.103367
0.087327
0.025650
0.047763
0.069767
0.019031
0.058493
0.090436
0.025225
0.022220
0.028766
0.030785
0.029711
0.038659
0.031051
0.012837
0.069633
0.030962
0.035008
0.029304
0.017517
0.036941
0.058519
0.024043
0.029408
0.013574
0.008433
0.020574
0.011301
0.021534
0.013862
0.013469
0.058178
0.027096
0.020077
0.014264
0.013488
0.009908
0.033530
0.007397
0.012766
0.029620
0.019656
0.026591
0.022105
0.037228
0.018531
0.065812
0.042457
0.042627
0.013946
0.020486
0.031632
0.039324
0.022602
0.019964
0.030384
0.011106
0.033990
0.010434
0.014057
0.062749
0.018969
0.010849
0.023665
0.015109
0.007208
0.041507
0.004839
0.015552
0.043497
0.013207
0.032089
0.033659
0.081163
0.063094
0.040348
0.004217
0.015383
0.030997
0.012212
0.018206
0.043433
0.035834
0.017258
0.012751
0.073251
0.009183
0.029448
0.034208
0.027255
0.013788
0.058024
0.014132
0.009586
0.034200
0.033476
0.097193
0.055627
0.057397
0.015733
0.022823
0.036435
0.029364
0.021181
0.041997
0.015897
0.071086
0.024934
0.016213
0.023640
0.016670
0.008910
0.041920
0.009252
0.030713
0.074823
0.014672
0.023925
0.025638
0.013412
0.021924
0.055519
0.011832
0.017944
0.093987
0.057053
0.068427
0.057231
0.060541
0.089830
0.073027
0.055442
0.031631
0.053142
0.037071
0.028708
0.084235
0.023724
0.020767
0.030786
0.019151
0.016444
0.047451
0.016332
0.032295
0.012540
0.022615
0.013203
0.014575
0.035803
0.021376
0.028676
0.010308
0.027392
0.036116
0.010534
0.019484
0.032629
0.061815
0.018808
