0.199552
0.014046
0.009769
0.006682
0.011526
0.010241
0.049430
0.010256
0.011961
0.047129
0.012498
0.007130
0.008418
0.012435
0.035977
0.020340
0.006248
0.013326
0.024732
0.008594
0.014111
0.034857
0.024344
0.018590
0.018091
0.009902
0.056247
0.009329
0.020845
0.023664
0.025748
0.019063
0.043649
0.017318
0.337330
0.015128
0.009227
0.009756
0.012412
0.018230
0.023618
0.009235
0.013474
0.006666
0.011766
0.121515
0.010563
0.016417
0.030043
0.193689
0.156234
0.200680
0.182696
0.152303
0.096495
0.209708
0.224712
0.273721
0.155852
0.209110
0.172571
0.146253
0.129987
0.182914
0.191385
0.231082
0.125631
0.181818
0.159382
0.121139
0.182648
0.165979
0.144793
0.231929
0.136353
0.166635
0.172339
0.115578
0.190484
0.198502
0.164187
0.182347
0.285657
0.253089
0.153614
0.238479
0.178211
0.224272
0.133535
0.183046
0.143193
0.200098
0.178154
0.092729
0.196660
0.179208
0.194949
0.014792
0.009805
0.015784
0.012693
0.058280
0.030559
0.018660
0.060116
0.027401
0.011096
0.009448
0.022667
0.047579
0.031084
0.006479
0.031647
0.018900
0.002874
0.023818
0.027629
0.030454
0.027476
0.018471
0.019665
0.060225
0.015943
0.035716
0.028212
0.039877
0.018728
0.055598
0.017031
0.336192
0.033264
0.008932
0.027165
0.020500
0.029607
0.032909
0.020266
0.020500
0.014586
0.025899
0.125540
0.021553
0.026848
0.037266
0.012028
0.013471
0.005963
0.030886
0.013828
0.024402
0.061635
0.010769
0.012951
0.010563
0.007630
0.020824
0.018490
0.009186
0.028622
0.008863
0.007403
0.010009
0.016427
0.024302
0.015952
0.008939
0.018203
0.036997
0.005085
0.014217
0.010418
0.030097
0.016852
0.029943
0.021463
0.289963
0.029271
0.006404
0.023286
0.010359
0.030231
0.011820
0.008235
0.005611
0.012888
0.012607
0.085664
0.018185
0.019563
0.027879
0.006972
0.008418
0.045490
0.016369
0.006249
0.062919
0.017251
0.002905
0.005801
0.015412
0.044105
0.014644
0.006231
0.021266
0.021755
0.006379
0.015336
0.031913
0.017172
0.012584
0.018001
0.013334
0.065753
0.011267
0.029942
0.029188
0.022847
0.015452
0.057173
0.019761
0.352781
0.019052
0.009163
0.020622
0.017455
0.013159
0.027486
0.013267
0.013622
0.004387
0.012123
0.136060
0.005938
0.016775
0.033372
0.012208
0.040900
0.018409
0.010104
0.073707
0.016366
0.006792
0.007273
0.020381
0.046299
0.009611
0.013681
0.028162
0.021753
0.009645
0.011944
0.024138
0.012857
0.012529
0.020626
0.018357
0.066625
0.018347
0.036958
0.024997
0.010890
0.026252
0.056435
0.022510
0.342435
0.023764
0.012070
0.031641
0.015063
0.010171
0.025765
0.016107
0.017667
0.003051
0.017145
0.129916
0.007202
0.026337
0.033191
0.027630
0.020552
0.016060
0.072730
0.015462
0.011097
0.008774
0.006877
0.033968
0.020186
0.010872
0.032038
0.013403
0.008315
0.016322
0.022296
0.016640
0.007345
0.013204
0.025240
0.053906
0.007027
0.023127
0.018082
0.027996
0.015615
0.051240
0.023147
0.339909
0.026922
0.002281
0.026056
0.021050
0.025872
0.021224
0.016411
0.005113
0.011469
0.007120
0.108355
0.012234
0.009393
0.041902
0.046114
0.062961
0.113774
0.037466
0.053922
0.044083
0.028205
0.033355
0.036878
0.049062
0.061413
0.023972
0.048248
0.029438
0.035439
0.037197
0.027792
0.035077
0.065364
0.043372
0.029640
0.034324
0.027077
0.049921
0.041253
0.052136
0.058206
0.286969
0.070011
0.032746
0.065290
0.045191
0.069969
0.024334
0.040972
0.021121
0.046487
0.032869
0.071177
0.043377
0.040414
0.052349
0.023431
0.049872
0.016451
0.016130
0.021347
0.022207
0.035651
0.018948
0.017776
0.018545
0.031807
0.020002
0.012101
0.042692
0.028170
0.023156
0.025511
0.011933
0.050860
0.014028
0.019020
0.028785
0.027698
0.025496
0.035724
0.032054
0.310359
0.017140
0.022379
0.013373
0.014570
0.027273
0.022135
0.012010
0.020906
0.011493
0.017888
0.117145
0.016773
0.030381
0.024974
0.070795
0.025470
0.005228
0.011619
0.026179
0.065083
0.019849
0.015717
0.029608
0.039114
0.014540
0.026406
0.046569
0.017151
0.014203
0.031382
0.019831
0.093760
0.023514
0.047155
0.044011
0.020553
0.025700
0.080334
0.027073
0.396177
0.019439
0.016654
0.026885
0.029778
0.009154
0.046003
0.026067
0.025078
0.007003
0.016463
0.171987
0.005565
0.020096
0.049573
0.070692
0.059542
0.070363
0.071909
0.062100
0.085825
0.050465
0.045748
0.074464
0.057165
0.059041
0.087804
0.087298
0.091723
0.068710
0.039925
0.066657
0.050484
0.047190
0.072507
0.094059
0.055279
0.048340
0.060078
0.283669
0.057809
0.064369
0.031504
0.053594
0.089129
0.071639
0.056557
0.069688
0.061814
0.066814
0.141177
0.073074
0.080796
0.047882
0.017954
0.010344
0.012983
0.022650
0.014757
0.012815
0.026968
0.020118
0.016687
0.009237
0.026556
0.033449
0.023345
0.013061
0.017348
0.046852
0.013688
0.021609
0.017025
0.028019
0.035218
0.039396
0.020041
0.294071
0.042427
0.014232
0.028988
0.009543
0.025612
0.010221
0.007712
0.016209
0.014246
0.024611
0.092818
0.018241
0.029967
0.024690
0.007198
0.017985
0.047036
0.015475
0.008232
0.024304
0.025836
0.006834
0.017143
0.033010
0.018647
0.014679
0.019007
0.011704
0.071110
0.014302
0.033961
0.031824
0.022200
0.018972
0.058187
0.021470
0.354636
0.017996
0.010950
0.020258
0.017551
0.011461
0.031333
0.014964
0.016887
0.004466
0.014399
0.143536
0.005789
0.019455
0.035362
0.014395
0.039752
0.014481
0.005666
0.024784
0.016485
0.005203
0.011362
0.025905
0.021777
0.016129
0.015238
0.015661
0.059969
0.014185
0.031423
0.020752
0.021926
0.025227
0.052605
0.014389
0.331620
0.030277
0.008010
0.027557
0.011937
0.014170
0.020038
0.010571
0.013698
0.006340
0.019561
0.117950
0.009899
0.021682
0.030643
0.023488
0.026265
0.013868
0.028463
0.014312
0.014905
0.018939
0.024075
0.028861
0.015940
0.009447
0.027336
0.045926
0.007450
0.020853
0.015716
0.038170
0.019724
0.044144
0.025472
0.325139
0.035923
0.008149
0.026299
0.020837
0.038247
0.016853
0.014382
0.004305
0.020472
0.010852
0.090338
0.017878
0.011187
0.040744
0.043075
0.032033
0.044092
0.019585
0.035665
0.021641
0.027225
0.064328
0.051718
0.018264
0.038656
0.012581
0.018449
0.015851
0.016741
0.065813
0.039383
0.014104
0.039850
0.201779
0.073570
0.030778
0.043467
0.022824
0.075443
0.011599
0.022479
0.022443
0.046271
0.041594
0.041282
0.051210
0.051938
0.024078
0.020612
0.034257
0.027262
0.021176
0.011864
0.032423
0.021257
0.016212
0.026317
0.020676
0.065778
0.021818
0.033298
0.029748
0.011001
0.032832
0.055330
0.033077
0.322710
0.034119
0.021328
0.038628
0.016008
0.016681
0.020501
0.013605
0.022365
0.009684
0.026053
0.126331
0.012994
0.034940
0.028065
0.018898
0.015246
0.004302
0.013636
0.028206
0.028313
0.022924
0.012327
0.008331
0.049263
0.007958
0.020615
0.021614
0.034113
0.016165
0.041427
0.011341
0.317815
0.028918
0.008161
0.016446
0.009661
0.024146
0.019376
0.007505
0.013800
0.010227
0.019694
0.112042
0.014849
0.022311
0.023513
0.041712
0.025992
0.023001
0.064021
0.046438
0.041756
0.036309
0.015422
0.054847
0.022609
0.027150
0.040356
0.043275
0.027272
0.045953
0.028643
0.325015
0.026324
0.031952
0.010838
0.019911
0.038615
0.030992
0.015942
0.029341
0.021642
0.030295
0.121907
0.023654
0.033518
0.025221
0.013709
0.013263
0.013876
0.030523
0.024509
0.011221
0.030593
0.027833
0.011714
0.021608
0.011080
0.041792
0.023749
0.029689
0.022942
0.263105
0.052807
0.012450
0.040814
0.015863
0.047078
0.011406
0.016964
0.009336
0.025326
0.026042
0.066706
0.030174
0.031879
0.027503
0.013631
0.020562
0.025168
0.020530
0.011629
0.013131
0.051333
0.010366
0.027524
0.019425
0.030004
0.018077
0.044727
0.014017
0.318576
0.028688
0.006033
0.023367
0.012469
0.023009
0.022400
0.012555
0.013907
0.008287
0.019357
0.112510
0.014722
0.023122
0.029569
0.024849
0.025737
0.021750
0.017700
0.013993
0.032008
0.012383
0.017529
0.015660
0.022713
0.028796
0.025006
0.020382
0.262134
0.034662
0.016334
0.026207
0.005673
0.026600
0.007344
0.008015
0.014607
0.010156
0.023791
0.083779
0.017361
0.035419
0.012525
0.040701
0.035519
0.013522
0.044225
0.043546
0.024175
0.038486
0.012846
0.042027
0.040590
0.043221
0.035868
0.267961
0.067080
0.017848
0.061967
0.026177
0.051146
0.023864
0.029895
0.022528
0.031543
0.036633
0.076616
0.040577
0.048058
0.043700
0.009089
0.038198
0.035910
0.085199
0.025844
0.043299
0.039675
0.017672
0.028808
0.073756
0.037208
0.381544
0.023339
0.020194
0.040298
0.036672
0.020994
0.043430
0.033691
0.022060
0.015069
0.014370
0.151247
0.013089
0.022917
0.056227
0.026906
0.034380
0.076303
0.017969
0.036068
0.031066
0.019445
0.023607
0.069303
0.037008
0.374124
0.025380
0.012531
0.036240
0.032033
0.021427
0.032060
0.026168
0.011778
0.013094
0.007926
0.135656
0.009455
0.011899
0.053127
0.024776
0.038267
0.010562
0.026457
0.012673
0.045029
0.023879
0.037761
0.023934
0.286783
0.051243
0.010649
0.035654
0.016575
0.041691
0.014262
0.014703
0.012323
0.022639
0.025314
0.082245
0.024022
0.029296
0.030765
0.055436
0.016063
0.023170
0.035082
0.033894
0.026531
0.039569
0.019188
0.310854
0.025793
0.022565
0.012943
0.009016
0.024899
0.025045
0.009306
0.027735
0.010983
0.029859
0.128915
0.018828
0.038165
0.017911
0.033195
0.024515
0.027975
0.090787
0.050503
0.008803
0.054338
0.159777
0.091636
0.050380
0.055189
0.033083
0.106107
0.020298
0.037854
0.038441
0.066199
0.064717
0.024021
0.077419
0.077524
0.025056
0.009477
0.015867
0.037160
0.009189
0.029234
0.020478
0.294184
0.028606
0.006731
0.015506
0.013443
0.037166
0.013708
0.008968
0.005366
0.015535
0.010661
0.088412
0.017937
0.016298
0.024149
0.020420
0.050454
0.022868
0.017828
0.030967
0.253734
0.039916
0.022877
0.018792
0.018025
0.057251
0.015227
0.013713
0.016433
0.030733
0.024204
0.071745
0.037345
0.032741
0.021599
0.039331
0.031479
0.026092
0.026050
0.253561
0.053913
0.016356
0.040991
0.016353
0.048496
0.012524
0.017364
0.012685
0.028143
0.027896
0.056713
0.033294
0.034223
0.029649
0.048126
0.074340
0.041471
0.362651
0.028913
0.029551
0.047939
0.029939
0.013090
0.040375
0.029205
0.034225
0.012876
0.028173
0.153643
0.017848
0.039932
0.049595
0.046346
0.033469
0.328504
0.027311
0.016706
0.019871
0.029212
0.045972
0.033742
0.022607
0.012910
0.024531
0.014425
0.116121
0.022639
0.017152
0.036720
0.048518
0.171423
0.069853
0.047747
0.041434
0.023899
0.086298
0.020810
0.028604
0.036708
0.053702
0.055550
0.043088
0.066020
0.072361
0.018427
0.310397
0.045859
0.018526
0.028774
0.017208
0.032888
0.028075
0.018867
0.026070
0.020365
0.034925
0.109936
0.026469
0.035333
0.031435
0.395852
0.328138
0.331651
0.262957
0.394579
0.238332
0.285636
0.306415
0.343768
0.361794
0.127625
0.374194
0.395586
0.218666
0.030786
0.017209
0.037567
0.024438
0.054852
0.031349
0.032220
0.016911
0.015665
0.173897
0.018878
0.025077
0.056616
0.024978
0.017957
0.027667
0.020523
0.015533
0.007380
0.011724
0.011514
0.104495
0.015140
0.013611
0.037400
0.022586
0.040829
0.035896
0.017996
0.025361
0.021547
0.021592
0.128604
0.024626
0.025757
0.030661
0.029289
0.008298
0.003871
0.018865
0.012912
0.030796
0.085202
0.023709
0.040038
0.010429
0.047620
0.028159
0.037077
0.008333
0.028505
0.180924
0.011171
0.036252
0.053118
0.008853
0.015262
0.025418
0.033087
0.055939
0.032977
0.041090
0.015430
0.013735
0.012914
0.022889
0.091357
0.018770
0.029070
0.015050
0.018391
0.007970
0.084092
0.016506
0.011142
0.033992
0.015569
0.136033
0.005999
0.024108
0.029264
0.125396
0.011964
0.006685
0.050220
0.147278
0.135641
0.079591
0.015707
0.039827
0.062877
