0.559101
0.562433
0.564245
0.872627
0.623460
0.542444
0.687243
0.647501
0.621501
0.621266
0.629944
0.475629
0.501962
0.728234
0.537803
0.564687
0.657488
0.380790
0.706482
0.586931
0.576732
0.609663
0.637233
0.648006
0.578274
0.724590
0.788128
0.609366
0.618596
0.659374
0.592627
0.537458
0.581777
0.528038
0.505163
0.520541
0.506541
0.664181
0.612323
0.719406
0.521664
0.536225
0.586637
0.555212
0.638118
0.584360
0.740395
0.634323
0.715945
0.582393
0.565833
0.808734
0.550907
0.413419
0.569171
0.661314
0.598445
0.661024
0.581518
0.498873
0.463882
0.597592
0.555575
0.494747
0.526462
0.591926
0.670542
0.471000
0.645977
0.677430
0.599314
0.633998
0.544971
0.620984
0.716432
0.540778
0.573220
0.650663
0.521981
0.557429
0.611884
0.512503
0.554291
0.440975
0.529902
0.614922
0.596436
0.655934
0.473109
0.449516
0.510796
0.618598
0.579014
0.494337
0.722544
0.636068
0.675550
0.517274
0.693851
0.467061
0.539306
0.635626
0.396942
0.473964
0.569108
0.484078
0.586528
0.497320
0.605184
0.587988
0.488589
0.599409
0.585279
0.535850
0.574114
0.545689
0.528201
0.626684
0.669846
0.512632
0.505071
0.568056
0.524865
0.581364
0.509353
0.558657
0.594137
0.537447
0.498467
0.311112
0.458968
0.649419
0.577973
0.479836
0.496912
0.459417
0.596696
0.608262
0.474176
0.568569
0.433691
0.649902
0.520280
0.469716
0.857510
0.485218
0.599093
0.536276
0.396655
0.516466
0.684234
0.517348
0.560699
0.572889
0.720716
0.569307
0.580327
0.535174
0.641852
0.660461
0.544613
0.771034
0.708651
0.599121
0.375831
0.646393
0.662764
0.776915
0.574869
0.598301
0.612802
0.598724
0.486916
0.595233
0.560207
0.504493
0.533152
0.511418
0.526391
0.500633
0.643874
0.554791
0.546511
0.511131
0.515615
0.566181
0.500889
0.591401
0.626462
0.522856
0.803867
0.805929
0.818365
0.703997
0.765933
0.852172
0.818304
0.813353
0.724886
0.803838
0.847749
0.760259
0.781597
0.874380
0.845583
0.737696
0.783023
0.787140
0.844729
0.864758
0.441781
0.771322
0.776521
0.828138
0.730893
0.785772
0.839890
0.778726
0.784656
0.729286
0.778483
0.675380
0.803292
0.828214
0.769371
0.756435
0.738847
0.771976
0.714260
0.798079
0.750223
0.799136
0.910316
0.823863
0.792416
0.541231
0.560329
0.497428
0.586831
0.678440
0.503711
0.580258
0.518307
0.668006
0.536237
0.524414
0.623904
0.602038
0.656885
0.608071
0.661737
0.647342
0.576938
0.597095
0.613221
0.571899
0.736248
0.566068
0.534433
0.508563
0.640745
0.553916
0.535477
0.547302
0.524819
0.505144
0.512156
0.617447
0.399151
0.583992
0.538953
0.634284
0.550806
0.515582
0.584757
0.516458
0.567928
0.557114
0.620434
0.483242
0.613557
0.519025
0.615165
0.542878
0.516924
0.425529
0.644421
0.479139
0.472029
0.560198
0.554226
0.674126
0.539440
0.629574
0.610756
0.581058
0.612848
0.489897
0.586997
0.723970
0.560938
0.543490
0.633819
0.438436
0.437599
0.592437
0.548086
0.494572
0.506328
0.464795
0.616559
0.633022
0.643989
0.453370
0.520362
0.524607
0.520943
0.586414
0.477949
0.588717
0.513984
0.676874
0.542452
0.658133
0.762630
0.674052
0.559074
0.564232
0.665557
0.614711
0.647343
0.648611
0.753765
0.743815
0.490654
0.730800
0.676611
0.557906
0.553161
0.648133
0.518150
0.784887
0.688637
0.583202
0.576374
0.640613
0.588093
0.613706
0.638172
0.565930
0.627761
0.542713
0.565539
0.480360
0.647442
0.608475
0.718537
0.530881
0.438797
0.630744
0.661985
0.618583
0.500808
0.643026
0.529966
0.678354
0.616104
0.680240
0.633649
0.711232
0.585392
0.585457
0.618124
0.682419
0.683365
0.632986
0.681339
0.653159
0.596139
0.564771
0.574974
0.570651
0.705087
0.644492
0.630502
0.593356
0.726421
0.556133
0.597481
0.592585
0.415691
0.593334
0.677999
0.591489
0.389432
0.520333
0.638949
0.675709
0.582638
0.505831
0.674462
0.613100
0.642849
0.635348
0.454308
0.689078
0.526185
0.654646
0.442843
0.769722
0.666242
0.488791
0.561012
0.596218
0.719713
0.534933
0.740118
0.682459
0.615906
0.703958
0.574479
0.699407
0.708594
0.514755
0.608014
0.651394
0.555781
0.585099
0.626619
0.697683
0.402155
0.560174
0.633816
0.658648
0.700181
0.578410
0.537068
0.588046
0.589998
0.645790
0.667618
0.504441
0.658161
0.524634
0.487122
0.636593
0.789463
0.569366
0.670431
0.662670
0.539044
0.707410
0.610267
0.306866
0.780839
0.676794
0.460443
0.618395
0.796055
0.688925
0.647988
0.767045
0.666210
0.641578
0.681836
0.553792
0.733417
0.745308
0.580893
0.638026
0.609009
0.670817
0.791149
0.680992
0.699122
0.530644
0.695363
0.662353
0.598525
0.685003
0.483265
0.786429
0.606040
0.564717
0.545290
0.511267
0.573860
0.621135
0.361066
0.644913
0.641033
0.526847
0.592780
0.683110
0.676209
0.679469
0.611132
0.590517
0.569661
0.486584
0.154149
0.452284
0.561598
0.442744
0.507470
0.541623
0.558984
0.504205
0.366579
0.567508
0.607005
0.553095
0.534403
0.453053
0.691943
0.531431
0.472141
0.513723
0.395177
0.728493
0.498181
0.489977
0.566077
0.617008
0.583423
0.522688
0.621454
0.613649
0.711831
0.509191
0.599646
0.767652
0.715122
0.620195
0.553636
0.546016
0.684962
0.574648
0.609561
0.697754
0.526288
0.491987
0.667300
0.616121
0.530669
0.544905
0.528314
0.544306
0.526532
0.712651
0.547647
0.560652
0.594354
0.554166
0.654596
0.626750
0.706464
0.636866
0.752119
0.659930
0.510054
0.464565
0.490628
0.453715
0.664878
0.512612
0.595926
0.558654
0.445401
0.615835
0.499209
0.573895
0.728101
0.514274
0.405377
0.591777
0.448431
0.564062
0.565987
0.507971
0.472743
0.396796
0.513783
0.672595
0.609257
0.630647
0.324600
0.521828
0.479921
0.545879
0.532008
0.370469
0.631985
0.465870
0.594362
0.746171
0.472004
0.750465
0.789034
0.437991
0.663319
0.570088
0.756555
0.790183
0.668729
0.568038
0.369867
0.609258
0.506912
0.564903
0.574374
0.467269
0.672616
0.712184
0.495272
0.571021
0.473765
0.565276
0.632900
0.550524
0.571620
0.526568
0.775907
0.581868
0.583654
0.471849
0.426792
0.778998
0.642147
0.554931
0.598582
0.553406
0.617204
0.735814
0.624621
0.673559
0.610417
0.472314
0.634981
0.522718
0.672135
0.818369
0.693892
0.642321
0.702367
0.674550
0.535188
0.638649
0.609855
0.587225
0.588988
0.690452
0.580054
0.593017
0.718684
0.670281
0.558624
0.565250
0.523838
0.717058
0.571484
0.550587
0.648067
0.757114
0.654362
0.570596
0.372896
0.483849
0.542432
0.614160
0.604054
0.679025
0.541191
0.413051
0.602520
0.362723
0.477810
0.529907
0.233602
0.436071
0.560869
0.465202
0.393085
0.337840
0.479951
0.574160
0.547205
0.523744
0.415452
0.640617
0.501409
0.517992
0.483182
0.281515
0.689398
0.439738
0.342316
0.674428
0.737029
0.662342
0.755037
0.692472
0.637080
0.666900
0.560041
0.701898
0.787076
0.654644
0.683803
0.662040
0.653968
0.656210
0.677874
0.658285
0.655386
0.560050
0.740990
0.676583
0.666934
0.776950
0.570926
0.527563
0.587002
0.641562
0.714170
0.542298
0.656014
0.661102
0.730765
0.725931
0.647529
0.626212
0.582036
0.651982
0.691780
0.621420
0.776162
0.799372
0.628582
0.593923
0.653913
0.624527
0.559070
0.642655
0.559220
0.518946
0.568210
0.577427
0.695416
0.683573
0.752952
0.486045
0.590964
0.622612
0.610021
0.639472
0.602034
0.745646
0.549698
0.686076
0.637890
0.648306
0.573395
0.703750
0.757026
0.702180
0.502785
0.684296
0.506035
0.560730
0.580655
0.439661
0.678655
0.657514
0.458887
0.517327
0.509590
0.609101
0.643024
0.638723
0.585807
0.523380
0.807193
0.592860
0.525833
0.521680
0.368041
0.767383
0.489675
0.380935
0.651156
0.688589
0.705055
0.626226
0.626993
0.553283
0.649382
0.530114
0.546095
0.662670
0.488323
0.518148
0.582529
0.433257
0.462105
0.394938
0.463144
0.520167
0.503674
0.612913
0.491618
0.643769
0.356539
0.498670
0.487208
0.500075
0.764154
0.504113
0.590324
0.668960
0.737402
0.726540
0.568402
0.367606
0.619046
0.694902
0.662567
0.805070
0.506560
0.699421
0.819172
0.663269
0.657435
0.629653
0.725048
0.729189
0.640562
0.689461
0.601308
0.618270
0.674528
0.676047
0.799524
0.597418
0.754032
0.775837
0.684730
0.656890
0.825076
0.619011
0.745785
0.778579
0.704918
0.602351
0.589340
0.691082
0.708034
0.710494
0.551501
0.636044
0.632456
0.732467
0.788488
0.620728
0.679386
0.617582
0.637551
0.644882
0.617013
0.593691
0.533964
0.666476
0.550977
0.677858
0.581348
0.639786
0.661233
0.898321
0.704646
0.598232
0.699287
0.604501
0.646448
0.698570
0.607576
0.565059
0.596542
0.681604
0.734398
0.582738
0.711237
0.630379
0.698438
0.614649
0.615181
0.703024
0.548280
0.500050
0.623276
0.587848
0.624875
0.651118
0.850433
0.631988
0.595810
0.737915
0.637372
0.539479
0.717943
0.570926
0.635889
0.583232
0.562733
0.610871
0.570057
0.647058
0.586755
0.651680
0.470417
0.587664
0.642798
0.605050
0.623474
0.729013
0.658963
0.560839
0.695958
0.592221
0.581794
0.594032
0.585073
0.570807
0.631158
0.558426
0.591092
0.462288
0.675919
0.620738
0.628966
0.646317
0.498104
0.544662
0.605545
0.602712
0.620252
0.515216
0.729162
0.673742
0.703295
0.512246
0.567490
0.556321
0.664440
0.383254
0.631356
0.682244
0.576067
0.506891
0.508763
0.623028
0.566689
0.466798
0.548843
0.526095
0.764474
0.574256
0.523133
0.666138
0.482603
0.714093
0.609670
0.448115
0.483731
0.638344
0.682151
0.605075
0.703505
0.688433
0.663151
0.588465
0.629628
0.727602
0.650896
0.632712
0.556335
0.656198
0.824412
0.702749
0.687183
0.728596
0.646873
0.887674
0.756228
0.639587
0.430691
0.570046
0.434489
0.535180
0.552884
0.496356
0.437320
0.345009
0.516703
0.570018
0.593024
0.562711
0.429734
0.703707
0.528508
0.548979
0.407460
0.387555
0.773564
0.525529
0.489027
0.548306
0.523208
0.557409
0.542704
0.442354
0.481292
0.429458
0.471066
0.613625
0.460675
0.565212
0.469286
0.637355
0.519182
0.466688
0.462848
0.469975
0.630466
0.540163
0.549594
0.628305
0.592243
0.382117
0.445201
0.520044
0.460067
0.561171
0.622290
0.573414
0.529226
0.511144
0.753996
0.604703
0.407639
0.433777
0.481559
0.719820
0.536494
0.593298
0.593094
0.623420
0.505613
0.503995
0.424119
0.532738
0.676432
0.685045
0.548483
0.387633
0.664026
0.572857
0.520617
0.569526
0.239693
0.729197
0.539349
0.359393
0.585502
0.557666
0.531358
0.488505
0.492337
0.501763
0.561250
0.659032
0.558457
0.554410
0.513824
0.498277
0.607643
0.583118
0.667629
0.606970
0.665216
0.491821
0.493350
0.451659
0.614378
0.677009
0.539626
0.468979
0.491010
0.668069
0.636598
0.409451
0.581957
0.549510
0.829053
0.551389
0.571600
0.442151
0.348193
0.449825
0.537291
0.452032
0.554422
0.414219
0.592382
0.409939
0.381285
0.363794
0.385267
0.686769
0.500653
0.553871
0.427871
0.483221
0.498929
0.477685
0.486559
0.441806
0.681132
0.525278
0.498103
0.466399
0.502979
0.642683
0.373991
0.364110
0.441369
0.568989
0.517266
0.558994
0.356204
0.563843
0.389559
0.414935
0.368162
0.319855
0.731661
0.472063
0.533495
0.535323
0.549438
0.681826
0.500565
0.655965
0.441811
0.509244
0.429737
0.531369
0.723096
0.566630
0.680685
0.557595
0.693121
0.587039
0.751648
0.516259
0.501994
0.604641
0.663233
0.736288
0.656929
0.737213
0.522736
0.567387
0.646406
0.515447
0.445553
0.577270
0.583703
0.581860
0.588032
0.582238
0.599947
0.789764
0.636984
0.522059
0.634767
0.463825
0.764923
0.606868
0.368932
0.566724
0.532211
0.438627
0.394750
0.342603
0.788145
0.446507
0.566044
0.666313
0.631938
0.683982
0.571494
0.692714
0.752628
0.800637
0.463791
0.481088
0.457870
0.628525
0.530119
0.592431
0.504048
0.462447
0.707180
0.496699
0.607889
0.407208
0.799804
0.474049
0.596366
0.671052
0.498435
0.337040
0.695329
0.718000
0.488042
