0.679813
0.606625
0.585754
0.585191
0.660364
0.734049
0.572872
0.590917
0.769365
0.731697
0.519302
0.674770
0.590517
0.476015
0.629934
0.561053
0.633144
0.542956
0.646872
0.473677
0.594786
0.703064
0.623415
0.706144
0.678306
0.515139
0.599602
0.415186
0.396193
0.653008
0.535778
0.653630
0.473551
0.498518
0.603481
0.618269
0.361047
0.773248
0.609105
0.546414
0.523040
0.737427
0.698064
0.621647
0.513222
0.730282
0.501036
0.674473
0.663324
0.810279
0.741866
0.691856
0.660373
0.808576
0.591730
0.638231
0.864745
0.874666
0.641509
0.892439
0.771589
0.666317
0.743232
0.756702
0.718309
0.718923
0.720367
0.705862
0.741078
0.823965
0.850830
0.752832
0.947218
0.611547
0.844847
0.769738
0.638909
0.819494
0.528350
0.761583
0.630027
0.798413
0.949260
0.740501
0.619692
0.778610
0.602714
0.737211
0.693394
0.851575
0.735925
0.714764
0.780783
0.947822
0.853902
0.826398
0.839177
0.628324
0.719481
0.562970
0.659616
0.563790
0.660750
0.809694
0.643418
0.675048
0.662725
0.653788
0.445597
0.503361
0.636906
0.623762
0.731912
0.451443
0.569041
0.620013
0.637722
0.644237
0.657761
0.671877
0.581878
0.739686
0.693795
0.647696
0.700251
0.710043
0.655602
0.588884
0.685702
0.806716
0.733275
0.670799
0.812630
0.568488
0.573202
0.626543
0.716275
0.595259
0.457132
0.667798
0.842209
0.721385
0.575540
0.502823
0.584900
0.805142
0.760565
0.712157
0.582503
0.915926
0.705270
0.515266
0.767054
0.659477
0.562617
0.663509
0.623542
0.457533
0.671061
0.608464
0.449669
0.762775
0.575590
0.678470
0.768103
0.839046
0.733124
0.814497
0.643517
0.611778
0.838948
0.648471
0.792565
0.530761
0.628084
0.807698
0.806633
0.569320
0.839402
0.704820
0.531423
0.690385
0.685677
0.696067
0.661301
0.684705
0.823344
0.756311
0.808833
0.789656
0.663212
0.626428
0.582938
0.556525
0.780562
0.712087
0.629277
0.740742
0.452128
0.552136
0.689155
0.611310
0.608813
0.659507
0.652024
0.741520
0.688541
0.676908
0.711623
0.645671
0.812919
0.611673
0.737321
0.687844
0.676567
0.705867
0.566900
0.675127
0.651279
0.682835
0.814052
0.711754
0.659851
0.791440
0.701005
0.681025
0.602265
0.696874
0.725739
0.651537
0.631212
0.837182
0.695388
0.686535
0.706046
0.557927
0.412571
0.506557
0.682947
0.644437
0.656186
0.679866
0.532711
0.426331
0.435338
0.564668
0.763053
0.773591
0.542326
0.640871
0.590090
0.686388
0.577371
0.686772
0.625589
0.452290
0.620361
0.553453
0.679700
0.600859
0.502827
0.674041
0.693543
0.558561
0.791670
0.644886
0.633076
0.712236
0.489374
0.580343
0.569957
0.634568
0.643804
0.492921
0.519864
0.726582
0.700007
0.475261
0.421555
0.570300
0.666048
0.737369
0.649572
0.679042
0.581076
0.473261
0.549734
0.547997
0.660135
0.811022
0.736694
0.646879
0.663725
0.804355
0.698069
0.635434
0.693312
0.764107
0.689416
0.745611
0.590162
0.696261
0.637326
0.677125
0.722134
0.717316
0.729426
0.868494
0.705084
0.742619
0.794149
0.779957
0.420200
0.591539
0.692690
0.714963
0.590581
0.500796
0.806819
0.827714
0.631610
0.600841
0.536595
0.610970
0.531242
0.625434
0.695706
0.563195
0.454299
0.461623
0.584304
0.753320
0.750338
0.546488
0.612281
0.649098
0.706223
0.478958
0.585584
0.672444
0.409666
0.569439
0.506250
0.655033
0.570102
0.408960
0.589302
0.687134
0.584318
0.760330
0.556339
0.612329
0.731490
0.586430
0.581025
0.509208
0.611778
0.617519
0.491279
0.492706
0.823627
0.641827
0.468708
0.429682
0.786495
0.550065
0.505013
0.719945
0.496017
0.411231
0.506510
0.551387
0.596472
0.692764
0.459319
0.519781
0.683979
0.471920
0.605057
0.655113
0.732603
0.506973
0.703820
0.491257
0.677583
0.671612
0.411035
0.766870
0.614224
0.449140
0.823483
0.702335
0.669520
0.729911
0.511082
0.553916
0.548168
0.548466
0.513526
0.452234
0.566546
0.795768
0.704081
0.548365
0.593694
0.740480
0.816077
0.622702
0.624824
0.660364
0.670062
0.692796
0.932404
0.914493
0.768351
0.830828
0.818157
0.728236
0.635574
0.737107
0.766502
0.556598
0.575734
0.705121
0.786162
0.312518
0.781480
0.441829
0.839120
0.801223
0.797071
0.596912
0.814101
0.901781
0.816654
0.735790
0.679284
0.763118
0.822623
0.804506
0.567380
0.782810
0.746038
0.708511
0.616602
0.740946
0.602081
0.705289
0.493449
0.549458
0.586268
0.825451
0.829893
0.636414
0.691307
0.796276
0.639576
0.486565
0.687509
0.579519
0.671927
0.608754
0.572275
0.782023
0.588756
0.640007
0.714288
0.823088
0.579530
0.671362
0.794994
0.763653
0.844154
0.763207
0.519955
0.642184
0.703983
0.728003
0.600515
0.418597
0.828062
0.584140
0.517506
0.549115
0.709809
0.616507
0.434623
0.554614
0.483786
0.361776
0.521317
0.495790
0.453451
0.569896
0.629472
0.624291
0.767157
0.789154
0.589257
0.783953
0.525728
0.254164
0.692903
0.621667
0.729297
0.343178
0.531648
0.749364
0.787945
0.499807
0.732524
0.636784
0.530517
0.579123
0.637116
0.595115
0.490904
0.603423
0.810189
0.647481
0.659400
0.675160
0.572583
0.575457
0.512185
0.578846
0.795898
0.666452
0.689973
0.752520
0.784643
0.689320
0.571016
0.733505
0.686586
0.691019
0.601077
0.591759
0.643587
0.533661
0.716332
0.597431
0.699516
0.709705
0.780233
0.774819
0.698764
0.866001
0.814017
0.623792
0.698644
0.727497
0.821284
0.630211
0.532611
0.841261
0.740223
0.693092
0.522725
0.433789
0.572929
0.550924
0.670188
0.694528
0.583672
0.643776
0.676148
0.614717
0.682383
0.652033
0.736158
0.571120
0.708562
0.567923
0.639311
0.622684
0.572971
0.629857
0.638753
0.674284
0.853629
0.720887
0.668492
0.720083
0.642137
0.571551
0.607058
0.600560
0.625878
0.556862
0.586439
0.804439
0.748604
0.631946
0.593092
0.450945
0.440106
0.551078
0.570631
0.405283
0.414990
0.571518
0.512020
0.483125
0.579409
0.604008
0.435906
0.595605
0.454782
0.466502
0.520104
0.555714
0.542493
0.456613
0.475525
0.670560
0.665175
0.480751
0.643527
0.477673
0.372487
0.456781
0.549519
0.546328
0.363938
0.362889
0.627864
0.545631
0.415864
0.496102
0.421989
0.658264
0.730111
0.430829
0.504343
0.760953
0.609979
0.426283
0.678268
0.635949
0.447260
0.631355
0.491110
0.546097
0.580557
0.612873
0.681375
0.653412
0.594657
0.738599
0.658163
0.633126
0.740669
0.496574
0.478939
0.560444
0.595099
0.568981
0.402521
0.463453
0.807394
0.742912
0.524904
0.359099
0.626610
0.732212
0.561304
0.506002
0.705617
0.606321
0.364629
0.828353
0.649101
0.554037
0.640191
0.479941
0.410818
0.568743
0.703832
0.703530
0.556693
0.512705
0.565780
0.734915
0.542038
0.823651
0.608259
0.517890
0.506754
0.641385
0.654976
0.549729
0.565565
0.762820
0.645773
0.577808
0.586640
0.581568
0.635853
0.574261
0.667875
0.719710
0.744778
0.755470
0.811514
0.657314
0.845145
0.635169
0.475024
0.871953
0.721520
0.787763
0.382046
0.632488
0.834939
0.805192
0.631951
0.787387
0.693712
0.653999
0.635423
0.741876
0.702622
0.619565
0.713437
0.810943
0.797269
0.791767
0.719259
0.736349
0.675557
0.661055
0.800839
0.790410
0.628923
0.810791
0.677068
0.690622
0.714080
0.565652
0.852250
0.677707
0.756833
0.455362
0.707578
0.862124
0.751981
0.668717
0.712371
0.764103
0.719235
0.754296
0.746846
0.779325
0.626752
0.671500
0.784154
0.712039
0.759543
0.694587
0.522821
0.714355
0.466613
0.573631
0.655870
0.695840
0.468939
0.701521
0.597102
0.630611
0.647601
0.646229
0.776242
0.606453
0.576391
0.841971
0.733417
0.655649
0.744152
0.480668
0.519618
0.584476
0.570889
0.333639
0.401711
0.604409
0.807455
0.785216
0.579112
0.557455
0.710594
0.597573
0.601689
0.762568
0.742761
0.591874
0.763047
0.483845
0.510854
0.696325
0.658213
0.760961
0.504760
0.501506
0.764811
0.717861
0.417529
0.780795
0.564745
0.394188
0.472332
0.640609
0.579533
0.470242
0.529250
0.749247
0.712935
0.653503
0.675713
0.820917
0.766294
0.772315
0.766359
0.621826
0.716723
0.690195
0.624079
0.803937
0.634590
0.781944
0.642399
0.646464
0.820082
0.809327
0.636884
0.668958
0.682522
0.719397
0.631347
0.754405
0.785395
0.627749
0.731110
0.752732
0.664241
0.724070
0.727802
0.707057
0.643904
0.776854
0.693757
0.794583
0.637246
0.727817
0.630352
0.697542
0.705881
0.723763
0.704499
0.824131
0.808646
0.754538
0.790451
0.696579
0.467835
0.665336
0.580123
0.502537
0.554854
0.695963
0.863975
0.818707
0.675310
0.775263
0.735458
0.525598
0.507251
0.529288
0.493586
0.611536
0.531805
0.657767
0.661653
0.675617
0.566459
0.634770
0.621186
0.626679
0.846626
0.688563
0.543086
0.513040
0.638164
0.682370
0.611685
0.443602
0.839049
0.656515
0.499631
0.430453
0.793042
0.644170
0.697626
0.683666
0.813610
0.752570
0.629482
0.487198
0.832284
0.727471
0.918246
0.638159
0.766828
0.796286
0.780111
0.686303
0.709411
0.719562
0.706060
0.643599
0.647088
0.793290
0.740085
0.751597
0.685494
0.643321
0.502741
0.599524
0.789758
0.663578
0.728273
0.756457
0.812321
0.638760
0.659636
0.787598
0.794564
0.875366
0.802067
0.705709
0.660835
0.764650
0.808759
0.646047
0.679792
0.841063
0.618266
0.484859
0.545936
0.529658
0.508958
0.616893
0.520300
0.554378
0.630950
0.593603
0.559895
0.778724
0.500374
0.571878
0.765978
0.490779
0.648882
0.493863
0.723513
0.596530
0.536435
0.515691
0.744706
0.737819
0.579210
0.447982
0.644345
0.746421
0.595514
0.634821
0.617527
0.816460
0.644249
0.686761
0.485384
0.721659
0.869155
0.731489
0.746432
0.632767
0.722265
0.765001
0.761349
0.520308
0.759046
0.565098
0.658681
0.521369
0.475814
0.596464
0.592221
0.692975
0.604227
0.433017
0.656444
0.671054
0.497941
0.730593
0.707015
0.467438
0.398342
0.668659
0.704286
0.599381
0.464660
0.691732
0.578342
0.560585
0.548808
0.650137
0.717629
0.671786
0.350662
0.643460
0.641103
0.769274
0.360382
0.728667
0.609722
0.544396
0.589677
0.789322
0.738900
0.551384
0.569546
0.786226
0.633993
0.710726
0.681505
0.691629
0.532869
0.678422
0.682839
0.689715
0.634813
0.659872
0.827768
0.677118
0.616795
0.575408
0.753450
0.738022
0.646677
0.431552
0.775691
0.676241
0.460882
0.608839
0.690963
0.664632
0.612896
0.888719
0.645444
0.614181
0.748676
0.565553
0.665220
0.580715
0.661361
0.660677
0.544454
0.593664
0.851899
0.668841
0.619616
0.615193
0.691202
0.726603
0.787035
0.538217
0.740999
0.871340
0.786297
0.691939
0.655437
0.779256
0.875876
0.733064
0.582098
0.809599
0.708050
0.706252
0.609513
0.611104
0.807903
0.722824
0.497647
0.750931
0.563953
0.602189
0.587179
0.702283
0.712695
0.526621
0.626244
0.817084
0.766145
0.662321
0.670025
0.673540
0.700012
0.581203
0.807502
0.678199
0.572353
0.497135
0.691285
0.666689
0.609746
0.562767
0.749219
0.526979
0.600311
0.595938
0.811590
0.734851
0.873183
0.860838
0.686886
0.780635
0.871127
0.925569
0.848096
0.680791
0.803795
0.426043
0.603851
0.740076
0.730485
0.862281
0.738086
0.772460
0.666456
0.825785
0.750293
0.754895
0.556759
0.806264
0.707955
0.698510
0.590250
0.750388
0.571814
0.559030
0.501324
0.787187
0.723256
0.616459
0.551086
0.765706
0.668902
0.731308
0.687949
0.719677
0.703531
0.755248
0.706103
0.737931
0.693421
0.804451
0.755314
0.850553
0.754870
0.790747
0.713799
0.636112
0.702764
0.589314
0.497121
0.603146
0.799413
0.781075
0.655736
0.629152
0.477115
0.562466
0.627426
0.480327
0.492934
0.742340
0.711595
0.555041
0.663272
0.641490
0.614553
0.573306
0.517824
0.696093
0.681342
0.630087
0.565042
0.569289
0.536790
0.684632
0.758152
0.733873
0.553726
0.662805
0.520586
0.689494
0.792359
0.841141
0.723114
0.654086
0.598991
0.812248
0.753093
0.453704
0.547025
0.654756
0.605281
0.536609
0.487157
0.652911
0.800876
0.810201
0.574335
0.678464
0.549220
