0.015264
0.018553
0.005627
0.009678
0.015906
0.009564
0.019096
0.024191
0.013692
0.009271
0.028648
0.004708
0.016641
0.007215
0.023124
0.010907
0.007251
0.032529
0.011595
0.010421
0.021977
0.032820
0.013079
0.014076
0.013070
0.010593
0.014268
0.018679
0.007847
0.051368
0.014472
0.036751
0.013195
0.034278
0.011625
0.007810
0.035383
0.017356
0.009910
0.023372
0.011052
0.033992
0.018391
0.014270
0.018485
0.006327
0.015858
0.015336
0.019016
0.008072
0.009559
0.012679
0.004921
0.007772
0.013771
0.012789
0.013329
0.007142
0.016923
0.010193
0.017183
0.006886
0.008727
0.008170
0.011211
0.015175
0.011091
0.013035
0.006894
0.029697
0.005206
0.010136
0.004805
0.008609
0.024059
0.010492
0.011303
0.034286
0.007111
0.026865
0.005883
0.018635
0.010403
0.010162
0.015257
0.004426
0.012222
0.008167
0.017065
0.011669
0.017587
0.006542
0.013489
0.008467
0.006864
0.002592
0.017289
0.009761
0.006667
0.010852
0.007877
0.006697
0.011632
0.020795
0.004172
0.018613
0.011651
0.013243
0.007392
0.011509
0.016537
0.018776
0.013811
0.007635
0.014161
0.013764
0.039620
0.006531
0.009642
0.011806
0.006849
0.012739
0.017924
0.014286
0.052430
0.014515
0.046377
0.006728
0.009409
0.007327
0.007045
0.022764
0.013927
0.007630
0.017174
0.020881
0.012007
0.030235
0.015299
0.016630
0.008597
0.016783
0.006081
0.010231
0.005837
0.008013
0.003191
0.008849
0.019194
0.012806
0.004014
0.017290
0.002120
0.009139
0.003753
0.013059
0.009479
0.006438
0.020381
0.006719
0.004930
0.012168
0.026370
0.007066
0.012533
0.005586
0.004164
0.010055
0.013637
0.003633
0.040674
0.010793
0.031174
0.005659
0.028016
0.008313
0.005379
0.023512
0.012121
0.009589
0.012695
0.005444
0.023527
0.015245
0.008709
0.011206
0.003730
0.009680
0.010107
0.013092
0.017212
0.009253
0.008759
0.014904
0.017038
0.004485
0.022028
0.008657
0.010249
0.008251
0.019742
0.018340
0.016808
0.019645
0.006279
0.009501
0.016748
0.041021
0.008462
0.010940
0.014537
0.007805
0.007196
0.018334
0.010852
0.062620
0.014802
0.051728
0.008540
0.017756
0.006718
0.001695
0.031276
0.020549
0.007020
0.022180
0.016091
0.022565
0.031315
0.018651
0.019239
0.006832
0.018956
0.010581
0.010084
0.004824
0.013223
0.017354
0.015372
0.009655
0.015885
0.007102
0.016987
0.006297
0.004462
0.007408
0.006251
0.017473
0.012871
0.012132
0.007644
0.020666
0.008646
0.013855
0.002746
0.006497
0.026324
0.011397
0.007295
0.020064
0.011334
0.015659
0.007586
0.026919
0.014809
0.013105
0.014990
0.002618
0.015205
0.004628
0.010788
0.012171
0.008574
0.003142
0.006743
0.007741
0.004852
0.006819
0.019400
0.007470
0.019820
0.011973
0.004463
0.021845
0.005014
0.016721
0.004667
0.008667
0.008956
0.007888
0.022595
0.006253
0.011209
0.012079
0.032480
0.007658
0.007730
0.004527
0.003542
0.016146
0.012025
0.003890
0.036659
0.012071
0.030018
0.005267
0.023302
0.009682
0.007913
0.016552
0.008233
0.007645
0.008435
0.009716
0.017903
0.013998
0.006365
0.007716
0.002833
0.008377
0.009014
0.015876
0.014391
0.029128
0.007833
0.016844
0.012100
0.013018
0.011215
0.008651
0.022943
0.020081
0.016168
0.008150
0.012604
0.021546
0.038489
0.012485
0.012772
0.012229
0.004102
0.014183
0.023655
0.012257
0.053146
0.022545
0.049138
0.008985
0.014979
0.013839
0.008154
0.031029
0.019798
0.008908
0.020666
0.016278
0.013703
0.032205
0.020706
0.014385
0.009533
0.023091
0.012961
0.009913
0.033861
0.014702
0.015832
0.017596
0.014268
0.014758
0.014497
0.029402
0.025547
0.009257
0.015424
0.015785
0.021484
0.030223
0.013341
0.022046
0.018565
0.012539
0.023986
0.028613
0.026233
0.054084
0.020803
0.047967
0.015407
0.010370
0.014445
0.010455
0.042339
0.018637
0.015104
0.027418
0.027173
0.009032
0.039522
0.024167
0.023154
0.017848
0.024718
0.008775
0.009397
0.012999
0.042038
0.013779
0.030690
0.014453
0.028386
0.010966
0.016407
0.037579
0.013756
0.021323
0.010843
0.044573
0.013184
0.014461
0.012112
0.019906
0.029339
0.007160
0.013166
0.046063
0.010390
0.033751
0.010401
0.039663
0.014038
0.017687
0.013391
0.014517
0.019430
0.012103
0.025551
0.034106
0.019194
0.007292
0.020883
0.009642
0.006782
0.015629
0.033822
0.018830
0.006458
0.012188
0.003660
0.013545
0.010871
0.011809
0.017844
0.006642
0.008982
0.012331
0.034186
0.005250
0.007670
0.006836
0.006059
0.009244
0.013709
0.008914
0.047451
0.010003
0.039455
0.004884
0.016530
0.005068
0.004881
0.019294
0.011879
0.006522
0.014486
0.014403
0.018456
0.022713
0.011186
0.013747
0.004845
0.012064
0.006216
0.011983
0.017499
0.008140
0.014727
0.012998
0.025302
0.019136
0.008578
0.026839
0.010142
0.022519
0.016144
0.016700
0.035135
0.016126
0.013991
0.024159
0.034526
0.021957
0.036939
0.024003
0.033778
0.021648
0.031847
0.026644
0.017919
0.040554
0.020832
0.029902
0.024194
0.014264
0.021987
0.028772
0.025627
0.023505
0.024663
0.025388
0.016220
0.015396
0.009261
0.003466
0.012883
0.008400
0.004465
0.019280
0.008386
0.005323
0.012415
0.021339
0.007587
0.014848
0.006473
0.004499
0.012622
0.015468
0.004178
0.036344
0.011545
0.027260
0.007557
0.029179
0.010129
0.006561
0.027172
0.010417
0.010839
0.013740
0.005788
0.022158
0.012515
0.007801
0.010415
0.003772
0.009672
0.010289
0.012869
0.010958
0.017996
0.022691
0.016654
0.011164
0.014857
0.003873
0.019800
0.021027
0.012216
0.027410
0.016085
0.010055
0.010760
0.026181
0.014934
0.050607
0.018965
0.041923
0.014273
0.028275
0.015285
0.008793
0.042276
0.023128
0.019443
0.025744
0.011370
0.025342
0.029364
0.022193
0.022429
0.014683
0.022512
0.014584
0.008354
0.011153
0.007097
0.005655
0.016681
0.009867
0.007909
0.011606
0.023756
0.004242
0.012293
0.006334
0.004901
0.011767
0.016719
0.007628
0.037619
0.008596
0.028904
0.006902
0.021805
0.007140
0.006068
0.022551
0.007615
0.008927
0.013142
0.008340
0.019171
0.014305
0.008381
0.012682
0.005752
0.009482
0.005630
0.011335
0.016652
0.013092
0.016010
0.015880
0.015289
0.016534
0.023832
0.013818
0.015991
0.006789
0.006189
0.029764
0.019803
0.012174
0.024616
0.021827
0.023787
0.011642
0.022788
0.021899
0.015163
0.023158
0.008552
0.016815
0.010281
0.013823
0.007039
0.017572
0.012120
0.007807
0.013066
0.014744
0.010767
0.017876
0.005433
0.029976
0.018161
0.015832
0.012192
0.030208
0.009866
0.014180
0.007962
0.013062
0.023904
0.014096
0.007848
0.030336
0.010385
0.020851
0.011591
0.036828
0.016275
0.016112
0.016721
0.006233
0.016715
0.011166
0.013505
0.027978
0.009640
0.006708
0.015799
0.009680
0.007333
0.010808
0.027373
0.028270
0.018016
0.010785
0.015469
0.018435
0.012971
0.017721
0.006826
0.009502
0.023531
0.017033
0.004836
0.024723
0.015070
0.015586
0.014818
0.039922
0.018910
0.012702
0.026438
0.008231
0.017415
0.011878
0.004626
0.026796
0.005185
0.007550
0.009519
0.009108
0.008889
0.013825
0.022863
0.019743
0.013524
0.017382
0.025343
0.012507
0.033543
0.019197
0.014129
0.023823
0.031713
0.027533
0.049123
0.018889
0.046339
0.016851
0.018989
0.019754
0.016382
0.037866
0.020827
0.026598
0.025482
0.025950
0.013911
0.038018
0.025064
0.027145
0.021813
0.024921
0.011498
0.011023
0.011966
0.016200
0.041807
0.009141
0.009201
0.011436
0.005943
0.013884
0.013054
0.009603
0.058137
0.013195
0.048269
0.004652
0.016974
0.005839
0.006677
0.026944
0.017084
0.006251
0.017851
0.018821
0.018602
0.029220
0.012842
0.017753
0.003212
0.015217
0.009525
0.012610
0.015121
0.019448
0.010309
0.022413
0.009840
0.007633
0.011147
0.018822
0.009703
0.041417
0.013407
0.032511
0.010538
0.031019
0.012769
0.007439
0.032081
0.016833
0.017153
0.019412
0.007384
0.025253
0.020789
0.015253
0.017587
0.009208
0.015055
0.011844
0.012277
0.029147
0.007442
0.020116
0.008005
0.015349
0.028303
0.010251
0.014869
0.031780
0.007617
0.025586
0.007891
0.030664
0.014127
0.015248
0.012354
0.007652
0.022552
0.006907
0.020510
0.018294
0.016608
0.006203
0.015705
0.012479
0.004389
0.008177
0.023621
0.029837
0.051962
0.022292
0.026632
0.044650
0.041212
0.028991
0.020711
0.033039
0.017805
0.035533
0.058679
0.042442
0.033167
0.051014
0.023695
0.047870
0.028367
0.018397
0.034797
0.020163
0.025376
0.023927
0.034269
0.024102
0.031138
0.032212
0.013594
0.008674
0.006963
0.013547
0.016111
0.011686
0.044572
0.004218
0.036414
0.005048
0.016984
0.006338
0.006817
0.019798
0.007995
0.010396
0.013076
0.015759
0.016762
0.020385
0.009490
0.017136
0.007310
0.008651
0.003654
0.011157
0.012445
0.011898
0.022700
0.013618
0.011602
0.054588
0.018688
0.045801
0.009591
0.017826
0.011691
0.010694
0.022315
0.014355
0.004746
0.017618
0.024935
0.019247
0.027976
0.014995
0.016268
0.007082
0.017048
0.011202
0.022079
0.007370
0.024596
0.008901
0.006064
0.023324
0.011398
0.018256
0.006097
0.029530
0.014373
0.012041
0.013071
0.005617
0.015213
0.004704
0.010075
0.015347
0.010306
0.003945
0.006717
0.007184
0.005242
0.008250
0.020619
0.012881
0.018440
0.006064
0.040584
0.013588
0.034491
0.006456
0.018012
0.010391
0.005489
0.026607
0.010733
0.007691
0.013743
0.008493
0.013496
0.019115
0.011124
0.009907
0.004379
0.013215
0.008129
0.009008
0.032962
0.018377
0.075031
0.019910
0.063959
0.015845
0.025319
0.010023
0.009224
0.044043
0.030119
0.013343
0.035993
0.019541
0.037507
0.040031
0.029450
0.031472
0.013795
0.029689
0.018472
0.011717
0.012615
0.038548
0.014906
0.027800
0.008936
0.036274
0.016437
0.017617
0.012637
0.014416
0.019751
0.009277
0.024768
0.025114
0.018875
0.007748
0.016786
0.010777
0.008513
0.013471
0.031891
0.034781
0.015431
0.026320
0.009702
0.035052
0.015751
0.009484
0.022598
0.011656
0.012483
0.010327
0.005728
0.025081
0.010891
0.007900
0.008725
0.004504
0.009886
0.013964
0.020059
0.046154
0.004112
0.044038
0.079788
0.062433
0.054269
0.032908
0.021622
0.063046
0.019698
0.031399
0.038984
0.014406
0.023480
0.022608
0.045290
0.024210
0.042033
0.063947
0.034793
0.008346
0.026657
0.007496
0.012806
0.019661
0.008981
0.016642
0.015035
0.020348
0.025997
0.020538
0.008669
0.024454
0.010168
0.006767
0.005786
0.020302
0.036198
0.074491
0.050324
0.043808
0.030471
0.016952
0.052228
0.016376
0.023397
0.039592
0.007776
0.016233
0.020409
0.035879
0.016703
0.033900
0.055727
0.019078
0.005562
0.008351
0.015543
0.009994
0.008682
0.010541
0.016899
0.015163
0.022143
0.007556
0.015125
0.004832
0.008799
0.005324
0.014296
0.015120
0.016153
0.043952
0.027001
0.012611
0.037435
0.043960
0.013824
0.056119
0.034436
0.033520
0.021639
0.035744
0.013142
0.013829
0.006802
0.027592
0.015570
0.006467
0.022093
0.022021
0.023180
0.031288
0.014441
0.024514
0.006862
0.014930
0.005650
0.011912
0.031937
0.015797
0.005673
0.020052
0.012943
0.018219
0.025813
0.016185
0.015625
0.005816
0.016214
0.007674
0.007701
0.014899
0.033043
0.008332
0.034583
0.029729
0.023210
0.011551
0.023032
0.022107
0.011467
0.020008
0.046426
0.016826
0.006673
0.015854
0.013762
0.009705
0.004188
0.010884
0.010569
0.004212
0.005988
0.023152
0.024340
0.021328
0.019800
0.031664
0.018132
0.019334
0.005832
0.020535
0.009516
0.012346
0.016941
0.018152
0.010231
0.003920
0.008253
0.012964
0.004125
0.013026
0.029861
0.030921
0.011060
0.014297
0.012924
0.012452
0.015515
0.018836
0.019841
0.033546
0.019870
0.015622
0.019433
0.021620
0.011345
0.019395
0.007941
0.010898
0.017857
0.008593
0.022393
0.037018
0.010212
0.007609
0.001641
0.009705
0.026199
0.011870
0.011642
0.017742
0.023546
0.009607
0.008469
0.014234
0.009686
0.026951
0.012246
