0.829757
0.846771
0.966839
0.937147
0.869874
0.905786
0.798056
0.834939
0.846837
0.873651
0.794969
0.927851
0.716059
0.848484
0.853593
0.810460
0.827600
0.921888
0.705743
0.777174
0.838653
0.721189
0.880830
0.810834
0.859092
0.880729
0.863946
0.760356
0.865724
0.899614
0.867989
0.931983
0.922928
0.835379
0.793510
0.733058
0.831636
0.881590
0.797603
0.847134
0.821391
0.757255
0.914824
0.676912
0.873845
0.866458
0.786715
0.905654
0.901397
0.633340
0.595443
0.720101
0.631157
0.579935
0.649989
0.525477
0.694806
0.664741
0.611099
0.755360
0.627323
0.644750
0.621718
0.546792
0.589597
0.697381
0.653089
0.651645
0.729472
0.704346
0.468895
0.695541
0.607858
0.579508
0.772559
0.669688
0.772064
0.690581
0.663162
0.697667
0.664448
0.544219
0.534745
0.705579
0.583954
0.494175
0.659993
0.790388
0.612083
0.650499
0.687792
0.588955
0.552805
0.652687
0.731615
0.633348
0.673091
0.703860
0.640355
0.657200
0.738435
0.723046
0.568563
0.737030
0.448428
0.598076
0.634784
0.479008
0.573901
0.761915
0.598439
0.554651
0.509081
0.704577
0.552698
0.680036
0.723509
0.610938
0.708295
0.709150
0.567853
0.734946
0.600534
0.589482
0.723455
0.658237
0.556173
0.638365
0.592908
0.533401
0.577565
0.599562
0.685307
0.628157
0.699008
0.762318
0.573373
0.615088
0.594773
0.464413
0.576502
0.539304
0.579494
0.516130
0.752583
0.470671
0.339113
0.634087
0.568789
0.696398
0.681568
0.579456
0.564851
0.534232
0.518055
0.433573
0.661288
0.498534
0.642981
0.666774
0.640564
0.706724
0.714872
0.326491
0.806108
0.415670
0.546910
0.500105
0.609975
0.715972
0.520735
0.466639
0.542164
0.696285
0.555183
0.659837
0.533218
0.654557
0.610997
0.501714
0.804747
0.674941
0.705088
0.690792
0.564891
0.500833
0.635631
0.722902
0.605586
0.651627
0.680879
0.684643
0.667060
0.476146
0.749941
0.815345
0.679557
0.788161
0.568797
0.667002
0.733040
0.785501
0.654066
0.854557
0.748276
0.734773
0.798096
0.711472
0.729033
0.739969
0.817173
0.760908
0.679121
0.677603
0.780189
0.535891
0.807571
0.727723
0.808869
0.765198
0.646538
0.695833
0.576404
0.485669
0.702995
0.627364
0.793309
0.777193
0.632105
0.615576
0.595631
0.733612
0.660444
0.748807
0.688548
0.553485
0.588642
0.624706
0.725487
0.625259
0.537596
0.710068
0.526674
0.556610
0.606115
0.708137
0.516924
0.696080
0.723589
0.648627
0.802049
0.742331
0.377856
0.763414
0.668864
0.601569
0.694910
0.567189
0.733203
0.677493
0.622376
0.577954
0.382433
0.595925
0.686659
0.599721
0.658448
0.671136
0.653049
0.793138
0.617472
0.643458
0.660208
0.533583
0.563659
0.508443
0.719346
0.640860
0.588119
0.550504
0.621216
0.734620
0.715590
0.641526
0.576007
0.614669
0.591273
0.356560
0.680350
0.514911
0.753236
0.704185
0.672342
0.740153
0.685590
0.520951
0.656976
0.377025
0.642821
0.604787
0.611194
0.804979
0.499759
0.495330
0.767181
0.762020
0.669591
0.665331
0.511609
0.700072
0.558556
0.464360
0.808814
0.584178
0.768138
0.695556
0.561251
0.636437
0.624710
0.751851
0.725526
0.626397
0.657356
0.723560
0.698406
0.547615
0.808298
0.635644
0.682677
0.627421
0.735261
0.558026
0.778191
0.682176
0.687578
0.796234
0.683037
0.521077
0.723125
0.675090
0.682882
0.795583
0.594442
0.793272
0.728140
0.630649
0.746756
0.724237
0.659081
0.679003
0.589094
0.631141
0.767305
0.544901
0.767599
0.477010
0.692210
0.780147
0.515721
0.717721
0.613874
0.739506
0.690698
0.632538
0.614173
0.665058
0.557619
0.689537
0.514054
0.612032
0.646379
0.519938
0.549866
0.722293
0.638645
0.579104
0.617722
0.629465
0.469623
0.690407
0.616843
0.632921
0.675412
0.606948
0.664637
0.535156
0.690142
0.622512
0.717224
0.508304
0.447320
0.515117
0.449272
0.479161
0.655199
0.592740
0.704038
0.657035
0.571021
0.581007
0.501306
0.649303
0.595926
0.561313
0.643739
0.713557
0.599685
0.740347
0.729136
0.501351
0.738958
0.706122
0.676198
0.700222
0.651699
0.714281
0.700967
0.424879
0.591829
0.832969
0.610379
0.720186
0.790454
0.732158
0.751209
0.804377
0.740104
0.722849
0.866119
0.574932
0.627023
0.737803
0.686054
0.671281
0.688903
0.759292
0.766041
0.755611
0.803953
0.756422
0.755943
0.736210
0.617090
0.638265
0.641741
0.601161
0.699698
0.651454
0.587967
0.737287
0.688299
0.610926
0.654512
0.817765
0.643361
0.759668
0.747316
0.568157
0.555757
0.739865
0.661577
0.768637
0.633589
0.638816
0.774940
0.717033
0.662994
0.652414
0.626616
0.606440
0.671601
0.689672
0.775427
0.680215
0.763761
0.683443
0.675628
0.695172
0.676758
0.640712
0.616604
0.741818
0.703924
0.268433
0.664030
0.501455
0.522132
0.647813
0.608021
0.485693
0.677110
0.695743
0.484195
0.691573
0.640785
0.490242
0.794802
0.629679
0.616391
0.510644
0.485011
0.618906
0.696943
0.663337
0.656467
0.689425
0.544026
0.614141
0.603034
0.475913
0.653942
0.707439
0.697151
0.699724
0.496663
0.709169
0.570386
0.602612
0.620771
0.649992
0.561419
0.576482
0.694150
0.472254
0.719341
0.618887
0.683682
0.738100
0.682420
0.639303
0.724932
0.671935
0.647731
0.765967
0.585097
0.703994
0.603915
0.649482
0.655209
0.756994
0.504438
0.743223
0.796866
0.748473
0.742228
0.681165
0.706174
0.712403
0.520652
0.846872
0.778707
0.659377
0.772137
0.702758
0.730109
0.749130
0.730870
0.712985
0.621649
0.594340
0.670587
0.573226
0.330576
0.645236
0.659538
0.414597
0.648247
0.670220
0.492067
0.722815
0.690590
0.639279
0.604970
0.372260
0.549846
0.646834
0.617591
0.586032
0.717419
0.497073
0.534655
0.403610
0.517434
0.630372
0.647498
0.651688
0.672533
0.498855
0.661571
0.480999
0.440765
0.566644
0.481511
0.624829
0.583675
0.673293
0.641639
0.538811
0.713690
0.636187
0.538972
0.716771
0.598121
0.510606
0.774714
0.565869
0.530647
0.631972
0.574619
0.644744
0.686809
0.466384
0.643887
0.613217
0.522881
0.591135
0.628306
0.538503
0.644422
0.514511
0.777588
0.690865
0.616448
0.704165
0.587355
0.637319
0.550215
0.676039
0.644095
0.524594
0.649744
0.596658
0.728043
0.747131
0.668927
0.689362
0.713575
0.588496
0.678534
0.368397
0.672568
0.676668
0.629888
0.817198
0.519413
0.705138
0.736604
0.792737
0.652987
0.666023
0.547703
0.652580
0.731037
0.586590
0.864821
0.652979
0.723009
0.718404
0.611506
0.678603
0.671282
0.777886
0.710931
0.693300
0.530750
0.618375
0.758519
0.458062
0.495467
0.670130
0.539028
0.710337
0.555615
0.670439
0.832631
0.515748
0.623014
0.753528
0.712811
0.727388
0.860876
0.497111
0.495357
0.637045
0.567446
0.779076
0.649406
0.782848
0.631913
0.523453
0.686900
0.609858
0.562528
0.720665
0.650350
0.578845
0.626219
0.516456
0.657440
0.380984
0.566484
0.595403
0.483329
0.740543
0.667060
0.554678
0.715445
0.347917
0.522866
0.708638
0.596800
0.564366
0.717334
0.392279
0.489426
0.520880
0.465730
0.681115
0.677470
0.707300
0.645012
0.566566
0.708752
0.549973
0.527606
0.535735
0.506154
0.537457
0.550248
0.722581
0.567315
0.585248
0.664597
0.612458
0.800720
0.719632
0.661373
0.872941
0.643963
0.618138
0.842901
0.655064
0.406550
0.830584
0.589821
0.605159
0.705800
0.653068
0.803753
0.739446
0.753062
0.815455
0.529339
0.707808
0.765570
0.571144
0.746193
0.553873
0.375098
0.655572
0.760694
0.753493
0.581356
0.520221
0.853342
0.632908
0.740409
0.786006
0.746575
0.779104
0.652432
0.653144
0.744957
0.725697
0.623119
0.691900
0.678290
0.717596
0.562886
0.702532
0.790217
0.782921
0.713839
0.767020
0.687783
0.739406
0.749383
0.694347
0.699368
0.720991
0.580240
0.663968
0.608596
0.743860
0.727812
0.612738
0.736206
0.277688
0.492614
0.765257
0.684507
0.674325
0.732042
0.487146
0.543085
0.615425
0.418383
0.730740
0.689362
0.748481
0.730440
0.456069
0.813562
0.579515
0.506191
0.732669
0.582688
0.599753
0.634598
0.704091
0.668045
0.792766
0.727844
0.729006
0.863216
0.646124
0.576815
0.792841
0.787740
0.769701
0.937836
0.482958
0.605409
0.731115
0.681180
0.800327
0.740608
0.863470
0.784997
0.564811
0.780535
0.743896
0.695188
0.700892
0.578520
0.697082
0.627187
0.661386
0.792093
0.728870
0.771737
0.778915
0.709392
0.659220
0.830507
0.740688
0.796817
0.874458
0.620680
0.521087
0.653848
0.667744
0.686067
0.581947
0.743964
0.765508
0.725214
0.806582
0.694186
0.794994
0.723143
0.547508
0.713713
0.636897
0.749438
0.546294
0.467884
0.706698
0.555923
0.685225
0.696056
0.578518
0.442745
0.597971
0.393716
0.581583
0.541883
0.596981
0.627945
0.624020
0.766379
0.585034
0.569201
0.653911
0.553609
0.433218
0.538029
0.660804
0.521198
0.553233
0.765385
0.857571
0.848449
0.764914
0.878907
0.682215
0.827365
0.842486
0.835148
0.777715
0.627986
0.674921
0.761740
0.798081
0.663074
0.869165
0.639858
0.745414
0.764417
0.670340
0.863126
0.757155
0.803968
0.856308
0.566436
0.694306
0.682816
0.737780
0.819681
0.538937
0.578016
0.725797
0.868599
0.617093
0.633370
0.588357
0.694459
0.689396
0.488183
0.855959
0.687114
0.706459
0.728556
0.642304
0.640987
0.680193
0.738667
0.658250
0.685581
0.740562
0.524508
0.687938
0.783964
0.616173
0.447372
0.636215
0.582452
0.596574
0.622847
0.669335
0.716349
0.687418
0.864483
0.646113
0.678158
0.724738
0.688809
0.348519
0.457558
0.655507
0.563679
0.649823
0.689709
0.772772
0.628407
0.606272
0.753938
0.803248
0.849841
0.806095
0.614558
0.733886
0.638449
0.626181
0.766750
0.807752
0.797799
0.751509
0.578280
0.683830
0.712192
0.779781
0.806576
0.774092
0.556756
0.724598
0.680324
0.636229
0.707159
0.542624
0.570292
0.559496
0.455818
0.758963
0.690154
0.819408
0.640035
0.478586
0.796627
0.495781
0.482603
0.578210
0.685814
0.586715
0.562026
0.885477
0.746147
0.699774
0.792142
0.626216
0.731302
0.699889
0.576504
0.780551
0.753403
0.792589
0.794459
0.433663
0.772039
0.749838
0.629082
0.698318
0.550727
0.698564
0.564902
0.715603
0.757400
0.826527
0.744920
0.631019
0.673952
0.510416
0.543957
0.603828
0.714180
0.760515
0.760997
0.601025
0.633428
0.639174
0.728003
0.785348
0.830351
0.786027
0.702231
0.704215
0.633859
0.711746
0.696858
0.708031
0.698934
0.376862
0.794327
0.776509
0.672520
0.742252
0.572639
0.640921
0.683605
0.713803
0.588621
0.681082
0.773596
0.586099
0.593172
0.704678
0.653644
0.774418
0.781186
0.707240
0.761659
0.655757
0.551035
0.746682
0.390207
0.597404
0.676699
0.378056
0.703604
0.741153
0.805713
0.742903
0.774000
0.706490
0.798884
0.860971
0.695484
0.766632
0.779752
0.666765
0.699356
0.674772
0.867276
0.769527
0.647724
0.443868
0.633696
0.584205
0.741272
0.677210
0.808116
0.718483
0.497206
0.710299
0.637050
0.546445
0.561566
0.583213
0.467510
0.564497
0.584753
0.542201
0.662023
0.501577
0.711459
0.709584
0.607805
0.589326
0.644285
0.499446
0.607694
0.659307
0.566405
0.606374
0.661829
0.650543
0.540697
0.766878
0.644847
0.672757
0.761575
0.551257
0.546321
0.650340
0.581338
0.741608
0.618594
0.586227
0.670303
0.597296
0.687254
0.529510
0.670638
0.582471
0.560573
0.677300
0.647097
0.646275
0.672746
0.681174
0.638943
0.747805
0.841969
0.674192
0.665028
0.581658
0.709099
0.729631
0.798313
0.691815
0.782261
0.666976
0.647338
0.712489
0.477292
0.659853
0.669678
0.691524
0.726321
0.643959
0.835088
0.804286
0.495207
0.739383
0.659024
0.812277
0.774096
0.816687
0.814225
0.676054
0.760175
0.562838
0.719243
0.580937
0.822616
0.743216
0.626006
0.698983
0.588037
0.583870
0.716334
0.628727
0.579088
0.650500
0.699220
0.574143
0.665913
0.819153
0.665025
0.680931
0.613270
0.567178
0.670101
0.730501
0.648862
0.519369
0.667140
0.509425
0.679918
0.705803
0.726738
0.574988
0.593801
0.649857
0.653134
