0.667731
0.696750
0.677528
0.633118
0.623602
0.652364
0.616162
0.669578
0.497296
0.607077
0.619569
0.527325
0.753516
0.580612
0.524807
0.605101
0.621803
0.579767
0.643711
0.456505
0.638216
0.661874
0.625318
0.555552
0.649025
0.687081
0.727860
0.599326
0.734780
0.715071
0.650346
0.577647
0.689402
0.560884
0.523565
0.624423
0.663035
0.666258
0.677974
0.576206
0.652678
0.696155
0.602042
0.578600
0.575877
0.674968
0.802829
0.590162
0.652495
0.718944
0.730604
0.655556
0.676262
0.609254
0.671878
0.781923
0.580384
0.655025
0.728368
0.767619
0.734146
0.707436
0.639735
0.638394
0.527824
0.700205
0.529337
0.743860
0.615567
0.676455
0.732073
0.661086
0.598116
0.675133
0.707136
0.718480
0.739844
0.728224
0.698186
0.795211
0.735521
0.665160
0.789459
0.749808
0.693805
0.572551
0.605332
0.536139
0.655348
0.805220
0.776631
0.545738
0.812561
0.578158
0.511799
0.689867
0.695533
0.713606
0.635723
0.693658
0.713225
0.617539
0.746637
0.687373
0.607567
0.568372
0.720307
0.784681
0.736250
0.586169
0.709138
0.718658
0.703172
0.728823
0.722885
0.672422
0.626807
0.690742
0.657791
0.666241
0.754627
0.813853
0.587950
0.774070
0.746829
0.718424
0.741812
0.773279
0.738182
0.630780
0.740411
0.660536
0.773847
0.574463
0.599974
0.726733
0.758673
0.659175
0.621254
0.747893
0.740318
0.791102
0.699713
0.692634
0.505822
0.682826
0.650915
0.604005
0.728538
0.707689
0.617260
0.545486
0.691115
0.851647
0.663573
0.438953
0.609138
0.676803
0.706578
0.716635
0.666364
0.565613
0.687665
0.538821
0.597748
0.657780
0.621389
0.767072
0.566744
0.645214
0.614842
0.722385
0.779488
0.562961
0.748119
0.701427
0.801129
0.601947
0.615932
0.571080
0.539887
0.518826
0.893259
0.531610
0.598257
0.791088
0.691794
0.778116
0.651097
0.438923
0.532328
0.598895
0.624916
0.735353
0.765857
0.586607
0.572667
0.721687
0.843206
0.716852
0.482700
0.526031
0.623065
0.672882
0.678902
0.661204
0.468908
0.675611
0.513333
0.556174
0.592794
0.567104
0.743989
0.592890
0.632125
0.630062
0.713903
0.718967
0.674905
0.739929
0.699358
0.841300
0.649582
0.609917
0.452732
0.630241
0.642543
0.803497
0.530835
0.537498
0.669197
0.632051
0.743592
0.672948
0.646854
0.650729
0.566732
0.714788
0.657024
0.515074
0.651132
0.624134
0.765703
0.560852
0.589865
0.421669
0.674507
0.566073
0.585021
0.679862
0.538548
0.671685
0.493703
0.501987
0.770805
0.542103
0.642870
0.632049
0.660197
0.616610
0.659172
0.650408
0.709219
0.677897
0.669474
0.740209
0.577402
0.467889
0.615976
0.649111
0.643599
0.889658
0.664448
0.484135
0.655688
0.514854
0.789385
0.704471
0.598820
0.632453
0.689635
0.696720
0.567847
0.592110
0.635735
0.783184
0.604764
0.525584
0.472255
0.665066
0.679308
0.640544
0.665702
0.666572
0.624947
0.663435
0.541095
0.605451
0.617067
0.700755
0.651467
0.579216
0.661087
0.633907
0.706588
0.694027
0.694259
0.738581
0.757885
0.543683
0.532805
0.627378
0.553508
0.720276
0.858224
0.599623
0.557981
0.761330
0.627875
0.720841
0.737459
0.556600
0.663075
0.503693
0.485582
0.496592
0.600673
0.526443
0.553662
0.443271
0.514876
0.619667
0.636431
0.649803
0.614072
0.563672
0.477554
0.549355
0.433045
0.674379
0.510023
0.652496
0.511900
0.447215
0.389765
0.585184
0.539951
0.601016
0.681292
0.636024
0.602384
0.430762
0.519363
0.550768
0.571627
0.520698
0.803406
0.698552
0.421203
0.641894
0.555683
0.754573
0.455666
0.433508
0.710979
0.639208
0.766204
0.700061
0.769469
0.694354
0.622518
0.669800
0.733293
0.759483
0.705176
0.667955
0.787620
0.616069
0.727259
0.578616
0.811609
0.728000
0.745785
0.718452
0.629772
0.713073
0.670828
0.764722
0.639578
0.761024
0.771846
0.683494
0.592754
0.650210
0.788912
0.645793
0.754944
0.811211
0.791505
0.640600
0.715219
0.724862
0.833434
0.750999
0.626328
0.624902
0.643208
0.494353
0.663956
0.462188
0.570047
0.632883
0.578205
0.592896
0.504071
0.626086
0.569618
0.610298
0.721075
0.609186
0.720557
0.658093
0.675133
0.659444
0.655794
0.580606
0.724782
0.463502
0.670491
0.490637
0.673257
0.527110
0.679215
0.586559
0.672069
0.555300
0.487292
0.841024
0.778815
0.603717
0.657341
0.593635
0.735001
0.392205
0.593324
0.444998
0.608135
0.758128
0.579933
0.474698
0.491617
0.635303
0.619341
0.619954
0.580682
0.603122
0.603858
0.625399
0.457825
0.677055
0.539244
0.712903
0.513401
0.621183
0.529361
0.533432
0.650134
0.538967
0.664009
0.634677
0.647264
0.419430
0.582168
0.530747
0.558577
0.643474
0.802100
0.632663
0.394912
0.646825
0.556923
0.766229
0.638855
0.512533
0.584264
0.761238
0.584534
0.386558
0.477642
0.685654
0.627175
0.637015
0.520513
0.642683
0.613443
0.624606
0.528660
0.599168
0.561805
0.795280
0.538876
0.590498
0.550826
0.571972
0.618647
0.440851
0.651726
0.634664
0.713240
0.370192
0.670754
0.604907
0.476432
0.611238
0.867040
0.599212
0.462082
0.757174
0.589852
0.830878
0.655009
0.485873
0.812583
0.195976
0.566221
0.652437
0.710805
0.481003
0.634081
0.645276
0.702533
0.759762
0.639817
0.690994
0.834179
0.710097
0.844002
0.701992
0.650266
0.648271
0.761742
0.591348
0.719802
0.700725
0.653353
0.656228
0.638571
0.689703
0.752539
0.595282
0.638748
0.817050
0.723331
0.618650
0.618208
0.690300
0.886232
0.633351
0.642365
0.753274
0.818437
0.702842
0.823361
0.769868
0.806096
0.798237
0.800430
0.524330
0.830599
0.634859
0.868481
0.681666
0.771387
0.786366
0.688294
0.643737
0.739652
0.654108
0.826303
0.795669
0.823352
0.694560
0.631645
0.719959
0.831694
0.710896
0.674085
0.872056
0.914719
0.653289
0.820103
0.727798
0.835286
0.551913
0.699997
0.557096
0.607339
0.671171
0.512602
0.620125
0.644968
0.657245
0.688752
0.595072
0.616765
0.790756
0.630054
0.792714
0.739828
0.658596
0.612190
0.755758
0.610157
0.703693
0.711778
0.675803
0.661667
0.608476
0.634923
0.706091
0.522151
0.575993
0.897106
0.790436
0.552722
0.669129
0.610093
0.835894
0.550529
0.598909
0.483756
0.545696
0.533797
0.568942
0.444432
0.557015
0.558917
0.534666
0.379628
0.560592
0.556198
0.709594
0.454592
0.581971
0.550357
0.525108
0.599417
0.431368
0.547298
0.503849
0.645841
0.417020
0.556561
0.422406
0.360173
0.473356
0.752679
0.490336
0.373892
0.705887
0.554782
0.766370
0.610353
0.444541
0.657790
0.626981
0.536836
0.624562
0.599100
0.542472
0.584521
0.414877
0.696922
0.537433
0.743119
0.538229
0.518925
0.548036
0.586802
0.535320
0.602984
0.588371
0.642679
0.719320
0.426321
0.470025
0.608919
0.522429
0.633101
1.010960
0.546544
0.439291
0.720519
0.503281
0.854475
0.692828
0.529938
0.669310
0.606430
0.692140
0.680464
0.642039
0.742852
0.577763
0.542204
0.641409
0.778807
0.733379
0.731898
0.678681
0.717030
0.647186
0.738964
0.651075
0.802201
0.614334
0.686876
0.516428
0.653862
0.487338
0.563818
0.835048
0.733669
0.593132
0.770486
0.730234
0.623564
0.610679
0.672958
0.669164
0.471144
0.715803
0.658447
0.661344
0.637033
0.730304
0.612763
0.814117
0.564364
0.727979
0.657180
0.553485
0.685785
0.693740
0.555182
0.539823
0.745256
0.589658
0.723870
0.685187
0.607871
0.662584
0.774925
0.678351
0.468895
0.683494
0.544388
0.841638
0.710333
0.612101
0.718518
0.627158
0.687111
0.708533
0.581570
0.712324
0.677888
0.628691
0.719770
0.694781
0.650242
0.767453
0.620987
0.678298
0.658598
0.700590
0.694248
0.605308
0.524165
0.676705
0.639408
0.613894
0.960881
0.754462
0.608593
0.726749
0.572939
0.790676
0.649450
0.620268
0.735215
0.629228
0.681873
0.561890
0.699494
0.668226
0.857909
0.578304
0.682292
0.670693
0.517194
0.691147
0.564883
0.499942
0.534836
0.799686
0.445099
0.720925
0.654289
0.593470
0.699362
0.658872
0.595973
0.443593
0.818381
0.636759
0.863932
0.714942
0.613373
0.706079
0.576715
0.578442
0.638676
0.565214
0.642805
0.538653
0.679442
0.540686
0.743621
0.718176
0.717599
0.733490
0.695910
0.769471
0.651596
0.487028
0.503217
0.643198
0.555388
0.867461
0.513372
0.590320
0.694410
0.621911
0.725735
0.516744
0.598202
0.736990
0.368450
0.653047
0.536963
0.771379
0.623353
0.683389
0.640113
0.533276
0.553618
0.630342
0.635919
0.665899
0.637187
0.390933
0.619597
0.611525
0.465518
0.669862
0.792298
0.684106
0.458568
0.799066
0.598430
0.705151
0.590868
0.492572
0.508615
0.749783
0.524779
0.701920
0.674937
0.669952
0.549629
0.698227
0.687213
0.707334
0.813143
0.597287
0.846858
0.588514
0.559361
0.570129
0.579389
0.576906
0.934681
0.670547
0.529875
0.614704
0.484755
0.836489
0.645761
0.636522
0.653245
0.372571
0.628018
0.508562
0.578754
0.512058
0.526524
0.551726
0.532590
0.575559
0.538436
0.650817
0.351448
0.421086
0.484786
0.388014
0.569476
0.877682
0.545363
0.349978
0.753416
0.345216
0.753419
0.636994
0.415765
0.720434
0.812389
0.722212
0.725470
0.790267
0.716571
0.771654
0.780383
0.727360
0.763962
0.757776
0.694780
0.696894
0.538188
0.534405
0.706665
0.839257
0.630967
0.640893
0.787364
0.766192
0.483244
0.715204
0.714573
0.760073
0.582120
0.689985
0.561951
0.569316
0.597584
0.625954
0.702443
0.653476
0.744524
0.445572
0.512228
0.529078
0.521306
0.583438
0.937358
0.608542
0.408504
0.761493
0.430803
0.760543
0.610558
0.415884
0.745067
0.769735
0.737664
0.826677
0.787669
0.871539
0.755387
0.765855
0.767758
0.740062
0.636124
0.727669
0.799006
0.715544
0.902151
0.807397
0.724096
0.881588
0.713935
0.870651
0.691508
0.699398
0.575525
0.501766
0.540346
0.738037
0.524976
0.577440
0.374106
0.696137
0.472858
0.635859
0.454332
0.559923
0.619014
0.782702
0.350757
0.479491
0.740127
0.664732
0.821903
0.698834
0.467552
0.324653
0.656690
0.709615
0.509069
0.748982
0.741309
0.775630
0.538615
0.570474
0.663858
0.676643
0.670476
1.004994
0.646067
0.652965
0.720690
0.718114
0.843740
0.688653
0.524988
0.669888
0.652109
0.565672
0.729597
0.665421
0.734791
0.460278
0.509823
0.603937
0.620560
0.547811
0.932977
0.654811
0.561029
0.681201
0.593354
0.855164
0.647087
0.492590
0.739012
0.475471
0.668890
0.631570
0.813744
0.358636
0.651747
0.692938
0.580550
0.753867
0.851310
0.616108
0.401349
0.842387
0.582069
0.725031
0.803681
0.490165
0.700390
0.673434
0.762958
0.387439
0.681175
0.603107
0.721069
0.550707
0.563601
0.795503
0.755079
0.613094
0.640187
0.691342
0.812150
0.505838
0.657637
0.706707
0.674752
0.783189
0.423761
0.711634
0.606675
0.541795
0.631048
0.892300
0.564640
0.564765
0.752508
0.691607
0.835812
0.720070
0.458990
0.590438
0.703139
0.641170
0.645327
0.676159
0.625930
0.592338
0.922701
0.623097
0.499640
0.844352
0.631295
0.841151
0.744834
0.694353
0.860249
0.586629
0.743760
0.464809
0.620682
0.706512
0.819308
0.466876
0.491439
0.741091
0.611966
0.845839
0.757445
0.592950
0.779833
0.695962
0.800698
0.571828
0.564335
0.715774
0.844292
0.718711
0.646715
0.858992
0.776795
0.587195
0.703005
0.564603
0.592131
0.466294
0.620874
0.857266
0.576258
0.332347
0.796442
0.513613
0.825811
0.748714
0.420755
0.615398
0.557507
0.491239
0.942572
0.662572
0.509307
0.655061
0.518281
0.646412
0.628014
0.525600
0.572830
0.587036
0.804830
0.497961
0.496904
0.774668
0.620586
0.697249
0.623142
0.523782
0.505219
0.807430
0.549173
0.400290
0.741795
0.581124
0.616692
0.626201
0.540306
0.913785
0.720654
0.567874
0.766176
0.617224
0.736960
0.507630
0.594455
0.905079
0.775752
0.764930
0.955941
0.764568
0.876529
0.856406
0.508064
0.770389
0.679006
0.793727
0.813534
0.588846
0.713685
0.438825
0.670449
0.678391
0.464977
0.808321
0.845113
0.691604
0.785661
0.772902
0.710018
0.593377
0.782587
0.777149
0.627481
