0.031730
0.059747
0.066338
0.089831
0.097629
0.111888
0.081988
0.031347
0.016576
0.126984
0.082277
0.062383
0.048105
0.094732
0.081199
0.088518
0.150668
0.061141
0.060789
0.051249
0.066315
0.088845
0.121971
0.055537
0.041983
0.054924
0.024171
0.076478
0.049799
0.074150
0.102116
0.061431
0.130684
0.098456
0.104982
0.048747
0.060536
0.065170
0.050859
0.112904
0.142508
0.103472
0.076409
0.015381
0.046732
0.162802
0.071669
0.077991
0.034179
0.033256
0.027842
0.128469
0.165001
0.175037
0.053691
0.026898
0.033212
0.188514
0.104454
0.030678
0.085057
0.042141
0.077246
0.113442
0.227206
0.104982
0.079855
0.023065
0.104492
0.063024
0.187215
0.030351
0.029181
0.042852
0.026540
0.113051
0.063547
0.095327
0.167080
0.075351
0.199871
0.151970
0.152530
0.023355
0.095815
0.113067
0.084033
0.169234
0.177276
0.168473
0.047736
0.028466
0.038720
0.220158
0.095519
0.026856
0.049922
0.043022
0.091351
0.141469
0.161768
0.010251
0.079675
0.044741
0.152820
0.067288
0.008616
0.087962
0.019343
0.032822
0.058397
0.215855
0.080971
0.035364
0.016706
0.079000
0.017530
0.146528
0.007103
0.016340
0.018118
0.059537
0.077106
0.038933
0.050654
0.140150
0.040634
0.177710
0.116956
0.136455
0.009125
0.080610
0.092544
0.067411
0.175228
0.126798
0.147146
0.018002
0.035859
0.030295
0.179576
0.058774
0.034952
0.033097
0.179598
0.241369
0.265902
0.063179
0.079374
0.078088
0.269236
0.166783
0.043341
0.159441
0.043339
0.114662
0.150074
0.319842
0.166475
0.110648
0.052388
0.166803
0.075125
0.245508
0.045430
0.034046
0.065714
0.076610
0.175103
0.102179
0.142701
0.241258
0.120120
0.289824
0.218309
0.238536
0.023218
0.162810
0.182135
0.146215
0.262003
0.251773
0.242260
0.057890
0.069999
0.070354
0.312007
0.153104
0.018019
0.093174
0.037321
0.070907
0.094819
0.138984
0.071875
0.036355
0.030345
0.087896
0.039065
0.131161
0.049008
0.014980
0.090352
0.025234
0.027349
0.098489
0.017673
0.096066
0.035046
0.087928
0.094484
0.071017
0.110739
0.012142
0.045514
0.027924
0.026674
0.060601
0.053934
0.025943
0.031366
0.111688
0.025189
0.017508
0.021525
0.067829
0.030593
0.034389
0.093028
0.067667
0.082111
0.057169
0.021972
0.156940
0.039026
0.018874
0.149415
0.147796
0.081031
0.008799
0.044343
0.141824
0.034603
0.195334
0.085167
0.049870
0.037655
0.024729
0.063607
0.138065
0.027165
0.151399
0.019856
0.137256
0.145367
0.112605
0.116866
0.024482
0.076855
0.048566
0.009499
0.081015
0.014085
0.015694
0.017235
0.159282
0.025414
0.018697
0.032713
0.035283
0.039851
0.012287
0.146169
0.085610
0.106043
0.029095
0.039871
0.225002
0.065056
0.170916
0.145710
0.089214
0.019910
0.055972
0.162450
0.036817
0.209198
0.105393
0.082820
0.032990
0.040619
0.098065
0.138293
0.048613
0.169482
0.043409
0.151244
0.171374
0.127651
0.105825
0.043585
0.099199
0.065553
0.025685
0.089573
0.016235
0.032612
0.024279
0.180326
0.035231
0.039533
0.047119
0.031032
0.050744
0.023751
0.163606
0.093391
0.114936
0.030839
0.058165
0.249709
0.085493
0.102076
0.055397
0.157139
0.066162
0.014204
0.105092
0.027298
0.021483
0.063199
0.210768
0.081359
0.043672
0.023677
0.078565
0.013196
0.149523
0.018777
0.019871
0.014174
0.086098
0.079948
0.036181
0.044400
0.140137
0.047504
0.178546
0.123196
0.137392
0.018190
0.084060
0.102564
0.070808
0.171000
0.115967
0.151698
0.011833
0.055549
0.029204
0.168582
0.058239
0.055511
0.041952
0.040740
0.171470
0.126892
0.077413
0.074579
0.094643
0.112003
0.141065
0.203258
0.105286
0.114880
0.061411
0.111389
0.122613
0.182366
0.066683
0.077912
0.086573
0.028850
0.118364
0.096016
0.119464
0.152058
0.108907
0.174306
0.144921
0.137362
0.071766
0.096083
0.101654
0.084558
0.140188
0.186329
0.147917
0.104832
0.038347
0.067715
0.208687
0.111384
0.068513
0.075151
0.101442
0.046665
0.039898
0.033321
0.070122
0.044733
0.072692
0.117178
0.042638
0.047425
0.029707
0.041366
0.058360
0.110080
0.040855
0.031578
0.031285
0.025161
0.052754
0.024761
0.041533
0.079871
0.037130
0.104247
0.084177
0.077646
0.040729
0.037068
0.051446
0.027938
0.084068
0.097191
0.089247
0.047799
0.013177
0.024897
0.121283
0.041243
0.080225
0.020343
0.045281
0.152946
0.044913
0.203957
0.087000
0.050355
0.045383
0.032514
0.073368
0.149026
0.035181
0.154677
0.020394
0.145730
0.164656
0.123998
0.136803
0.025161
0.089391
0.049000
0.012049
0.085963
0.013571
0.016070
0.017861
0.176725
0.031291
0.026209
0.039156
0.044799
0.030111
0.015060
0.155962
0.104187
0.121205
0.019704
0.043033
0.245644
0.078829
0.064465
0.033668
0.099789
0.020928
0.029756
0.076997
0.024113
0.022629
0.058973
0.014622
0.057007
0.064818
0.066364
0.074487
0.042944
0.082460
0.011396
0.019139
0.009620
0.040331
0.020674
0.055606
0.044905
0.033063
0.084298
0.016317
0.028273
0.016801
0.062747
0.019472
0.055204
0.058119
0.054773
0.052140
0.042256
0.006679
0.147343
0.019842
0.083145
0.014925
0.031367
0.064370
0.202970
0.082181
0.042139
0.013772
0.076299
0.017307
0.152438
0.009777
0.016374
0.016703
0.062177
0.076541
0.035790
0.051114
0.135853
0.047131
0.170310
0.120353
0.127836
0.013202
0.074830
0.094353
0.062548
0.160442
0.120048
0.144245
0.012901
0.036483
0.027140
0.174019
0.056968
0.030613
0.034121
0.124564
0.065111
0.049835
0.062680
0.021846
0.048196
0.069359
0.020987
0.101835
0.059436
0.079525
0.087482
0.064463
0.046371
0.024761
0.046027
0.042052
0.032130
0.047802
0.044504
0.035829
0.025290
0.100750
0.019298
0.018437
0.015774
0.039192
0.054063
0.035882
0.094094
0.027991
0.063251
0.065179
0.027774
0.142120
0.029549
0.054294
0.103130
0.262798
0.130423
0.074423
0.024898
0.120248
0.033083
0.209763
0.016305
0.039495
0.041569
0.084416
0.115436
0.065291
0.087519
0.188414
0.076712
0.229700
0.174712
0.177841
0.023722
0.110984
0.135696
0.100477
0.213594
0.161318
0.200000
0.025407
0.068812
0.050320
0.227381
0.091084
0.023620
0.065495
0.034852
0.130945
0.042105
0.024494
0.037558
0.035791
0.023517
0.095633
0.035117
0.041493
0.020595
0.088169
0.030846
0.014356
0.012394
0.076041
0.028310
0.106017
0.075554
0.071536
0.046000
0.036397
0.055483
0.031000
0.102825
0.049054
0.091655
0.023021
0.055546
0.032349
0.087805
0.017861
0.098833
0.024127
0.113977
0.024835
0.014148
0.077670
0.025317
0.064802
0.039626
0.063569
0.071688
0.049374
0.104331
0.017019
0.041790
0.020467
0.043303
0.044495
0.073639
0.027878
0.049903
0.082154
0.033394
0.029513
0.030149
0.095363
0.041422
0.049047
0.066548
0.059856
0.068410
0.072146
0.020525
0.132376
0.030906
0.054914
0.131032
0.185713
0.062645
0.201379
0.061001
0.207877
0.202534
0.153673
0.165839
0.069511
0.112962
0.087951
0.030902
0.121181
0.021830
0.059685
0.034059
0.231308
0.057504
0.070898
0.064626
0.019599
0.054420
0.036951
0.192856
0.132745
0.155031
0.031165
0.078554
0.311900
0.113102
0.033010
0.076536
0.009995
0.082981
0.032045
0.080975
0.076718
0.048679
0.074706
0.014956
0.035787
0.019004
0.018159
0.039266
0.035846
0.018677
0.023217
0.094255
0.014041
0.016420
0.011808
0.038813
0.034322
0.024832
0.078562
0.043881
0.058199
0.041794
0.015874
0.157714
0.026047
0.051678
0.025361
0.042685
0.070747
0.040913
0.043475
0.031412
0.076817
0.022531
0.018540
0.018369
0.062696
0.023335
0.096996
0.053400
0.064918
0.050063
0.035944
0.033691
0.027012
0.109131
0.055470
0.074465
0.044332
0.041173
0.048396
0.093845
0.016352
0.098217
0.011683
0.072662
0.024610
0.156156
0.013338
0.021424
0.015184
0.034564
0.078151
0.033961
0.051935
0.132557
0.036207
0.161017
0.119690
0.117688
0.017604
0.066742
0.091091
0.057408
0.142019
0.116653
0.141770
0.017590
0.028342
0.020673
0.163783
0.055550
0.044661
0.029345
0.081534
0.042826
0.079585
0.075530
0.050039
0.078131
0.010058
0.026612
0.015426
0.019756
0.039060
0.043147
0.028609
0.021720
0.094603
0.010740
0.012390
0.009472
0.041830
0.027184
0.034509
0.073202
0.047833
0.054632
0.042939
0.010630
0.150371
0.020503
0.154329
0.021698
0.022566
0.014966
0.089837
0.079497
0.031595
0.043072
0.143158
0.032131
0.174683
0.125943
0.135045
0.024188
0.083694
0.107954
0.070337
0.172601
0.108714
0.156186
0.010704
0.056972
0.037489
0.160687
0.054148
0.071317
0.038897
0.146969
0.149587
0.115495
0.147644
0.037282
0.095956
0.055845
0.019787
0.100547
0.028470
0.009093
0.034101
0.166307
0.047321
0.038125
0.052620
0.057946
0.049575
0.012910
0.152434
0.101776
0.118306
0.045866
0.057843
0.236840
0.084299
0.023682
0.022804
0.053216
0.072643
0.039903
0.053024
0.134996
0.043437
0.168275
0.114237
0.126397
0.012233
0.073639
0.086113
0.060045
0.163389
0.121357
0.141015
0.023248
0.032146
0.031184
0.174847
0.055979
0.031165
0.034238
0.013331
0.055716
0.087547
0.030416
0.055101
0.139341
0.045171
0.180088
0.125177
0.138516
0.010609
0.082185
0.099427
0.065904
0.162705
0.138730
0.148624
0.016864
0.031403
0.024025
0.186712
0.065875
0.045086
0.030627
0.055468
0.057877
0.019232
0.029673
0.103092
0.025782
0.133995
0.090680
0.096436
0.019334
0.055844
0.075650
0.044055
0.119856
0.088158
0.112532
0.008417
0.030319
0.019734
0.130359
0.037249
0.066768
0.020250
0.089143
0.064435
0.081674
0.121941
0.058436
0.143103
0.112723
0.108266
0.052859
0.068290
0.079567
0.061040
0.119777
0.143650
0.122499
0.075846
0.021299
0.044855
0.166829
0.077616
0.078222
0.041698
0.031594
0.014329
0.019606
0.038588
0.039019
0.022395
0.020386
0.097637
0.011099
0.009568
0.010865
0.051630
0.018665
0.029465
0.078484
0.053724
0.065132
0.037001
0.008020
0.151331
0.026103
0.017267
0.069300
0.019448
0.100983
0.075952
0.064906
0.043437
0.030713
0.046209
0.020637
0.088429
0.056181
0.086365
0.029152
0.036311
0.027859
0.093755
0.015971
0.097720
0.009133
0.040371
0.020927
0.064329
0.040143
0.043391
0.065836
0.020435
0.031659
0.015354
0.071948
0.029087
0.053933
0.044926
0.049597
0.039013
0.052425
0.009020
0.130892
0.019185
0.079851
0.014494
0.015868
0.012666
0.159836
0.020155
0.018612
0.024699
0.026283
0.026755
0.009178
0.136055
0.085586
0.103259
0.023719
0.033371
0.222837
0.061233
0.102195
0.073210
0.076532
0.050557
0.042982
0.054363
0.032168
0.108507
0.063495
0.095742
0.040783
0.037657
0.046525
0.089404
0.022696
0.117321
0.015201
0.022166
0.016088
0.198025
0.036974
0.036814
0.046912
0.023818
0.035311
0.012198
0.172977
0.107313
0.128990
0.019223
0.056301
0.269601
0.092230
0.022070
0.138724
0.030967
0.020623
0.033260
0.049531
0.038557
0.010861
0.126140
0.072792
0.093897
0.039145
0.037072
0.201118
0.059652
0.156658
0.019283
0.021118
0.023289
0.017957
0.020300
0.016289
0.128149
0.079233
0.095642
0.022596
0.028790
0.213216
0.057476
0.094472
0.110998
0.080079
0.187107
0.153510
0.165388
0.019029
0.038218
0.027203
0.205326
0.076230
0.028835
0.040011
0.014025
0.008159
0.036515
0.027449
0.031384
0.074985
0.046472
0.051467
0.042463
0.012936
0.144306
0.025163
0.013015
0.047943
0.037015
0.026773
0.103634
0.050915
0.073030
0.049657
0.018411
0.157455
0.032295
0.042296
0.031884
0.037210
0.066483
0.034533
0.046567
0.050979
0.008177
0.129514
0.016131
0.048348
0.029675
0.156501
0.097556
0.110802
0.036402
0.059744
0.246597
0.085911
0.040661
0.109814
0.105232
0.101785
0.018544
0.021618
0.222394
0.060555
0.150057
0.085714
0.107601
0.035338
0.048248
0.225692
0.074664
0.051747
0.028735
0.161102
0.053777
0.056177
0.035168
0.033170
0.133690
0.046249
0.067529
0.020548
0.139787
0.048173
0.068212
0.030483
0.048426
0.288821
0.092822
0.132117
0.014477
0.085118
