0.021192
0.167178
0.060423
0.087741
0.069012
0.101974
0.162688
0.034456
0.115405
0.020287
0.137885
0.167923
0.094095
0.139211
0.037048
0.056933
0.125639
0.133830
0.016499
0.094536
0.018275
0.081607
0.149299
0.021057
0.025772
0.107068
0.049216
0.067728
0.052861
0.159936
0.085995
0.091414
0.137912
0.098053
0.137669
0.187383
0.117908
0.062547
0.048359
0.035401
0.046257
0.023497
0.077522
0.137819
0.057655
0.043644
0.085913
0.106483
0.015734
0.176964
0.051148
0.073072
0.046098
0.109175
0.142087
0.028616
0.114925
0.009706
0.112024
0.154373
0.091037
0.139311
0.020434
0.056165
0.135889
0.121019
0.033296
0.110606
0.014080
0.087883
0.120354
0.012104
0.012114
0.118015
0.021614
0.058926
0.052376
0.103612
0.074779
0.094211
0.104485
0.094616
0.144731
0.230307
0.086126
0.081641
0.031197
0.036354
0.024094
0.015335
0.081228
0.122231
0.061567
0.058155
0.085061
0.110274
0.021936
0.129873
0.041569
0.156029
0.018772
0.028752
0.265153
0.015105
0.201680
0.049735
0.046732
0.029111
0.017546
0.207723
0.074150
0.023059
0.024579
0.117568
0.026247
0.213463
0.090417
0.040144
0.164310
0.159960
0.023931
0.220117
0.061288
0.213006
0.201432
0.032727
0.028507
0.154668
0.032306
0.021650
0.074012
0.090191
0.106766
0.244760
0.093970
0.147264
0.235224
0.036317
0.020907
0.070221
0.187612
0.040615
0.028870
0.181008
0.076607
0.119010
0.076820
0.102011
0.103968
0.079575
0.065201
0.054319
0.170692
0.084837
0.110818
0.090101
0.083087
0.089497
0.092579
0.051403
0.068469
0.075032
0.104569
0.114265
0.045376
0.038407
0.087441
0.058375
0.083147
0.026768
0.162234
0.070711
0.069524
0.161968
0.090602
0.083654
0.140533
0.103431
0.108879
0.076483
0.062213
0.068305
0.065558
0.076290
0.099048
0.070283
0.048962
0.065092
0.065950
0.063000
0.055828
0.017232
0.026238
0.147113
0.018478
0.092493
0.035533
0.038898
0.011230
0.022994
0.092503
0.030935
0.041911
0.013590
0.055536
0.033214
0.101736
0.048429
0.014163
0.069543
0.064954
0.026800
0.108474
0.019659
0.133860
0.096597
0.004340
0.026597
0.071053
0.019180
0.044173
0.139339
0.028252
0.081243
0.132710
0.043602
0.051314
0.121942
0.017241
0.016007
0.028181
0.125896
0.011915
0.031463
0.094580
0.109573
0.121567
0.084011
0.115317
0.045543
0.129172
0.095459
0.079600
0.111416
0.034550
0.058759
0.142591
0.104585
0.068858
0.130939
0.049187
0.066573
0.078607
0.046544
0.050138
0.113207
0.063576
0.056352
0.146947
0.043141
0.067314
0.109845
0.032160
0.082958
0.163143
0.270268
0.056279
0.108480
0.106131
0.057823
0.019440
0.078976
0.071717
0.102499
0.074127
0.122090
0.076500
0.120940
0.066756
0.029352
0.186106
0.006734
0.131306
0.033946
0.056642
0.012633
0.016058
0.143052
0.048098
0.024198
0.015320
0.058496
0.010167
0.140824
0.065013
0.034867
0.099344
0.092716
0.010497
0.148437
0.036303
0.139788
0.161971
0.012195
0.014212
0.119304
0.023196
0.015918
0.082683
0.061306
0.080183
0.167940
0.057567
0.091858
0.155681
0.015962
0.020801
0.033132
0.132848
0.012442
0.019236
0.113490
0.244971
0.020003
0.173002
0.019972
0.048555
0.031272
0.025250
0.174339
0.068704
0.028922
0.015469
0.120303
0.044511
0.182713
0.095908
0.012375
0.134757
0.130116
0.036487
0.178485
0.057946
0.189401
0.137769
0.023960
0.035088
0.121179
0.036606
0.034965
0.115795
0.057340
0.117194
0.214305
0.089806
0.118930
0.205906
0.042323
0.009303
0.062482
0.171354
0.034567
0.026318
0.166131
0.200617
0.016555
0.206526
0.235175
0.168968
0.215709
0.027820
0.114477
0.215174
0.208886
0.065520
0.180542
0.025502
0.122456
0.214274
0.038969
0.044638
0.186090
0.033460
0.124383
0.069335
0.162202
0.150274
0.170274
0.153793
0.167997
0.226442
0.296541
0.150869
0.111680
0.028487
0.067740
0.052711
0.012442
0.149669
0.211423
0.122082
0.081860
0.153294
0.195873
0.026781
0.141554
0.023343
0.044576
0.008665
0.013451
0.149661
0.042077
0.016044
0.014675
0.072906
0.015825
0.151614
0.081054
0.025663
0.108806
0.101869
0.020209
0.156050
0.030679
0.149912
0.165724
0.010175
0.007857
0.130453
0.014541
0.015647
0.081901
0.070138
0.082951
0.176524
0.058923
0.100775
0.167571
0.017149
0.011577
0.036970
0.133050
0.020360
0.012039
0.124227
0.143093
0.177004
0.114525
0.159147
0.010458
0.079560
0.162912
0.145328
0.036911
0.133554
0.005736
0.087604
0.146888
0.013139
0.012414
0.134680
0.013917
0.080386
0.055099
0.108674
0.097169
0.121961
0.102027
0.114575
0.173723
0.253277
0.100776
0.100022
0.037957
0.049506
0.021228
0.011503
0.098891
0.151115
0.086362
0.063946
0.099380
0.138102
0.017144
0.077712
0.036860
0.039416
0.152929
0.068397
0.035192
0.026999
0.100771
0.039950
0.157104
0.107596
0.033102
0.106963
0.098745
0.047010
0.136766
0.057101
0.127017
0.149711
0.029067
0.028780
0.142616
0.040100
0.031347
0.108375
0.069253
0.117485
0.165222
0.077198
0.103145
0.163507
0.043815
0.022922
0.061452
0.126617
0.036600
0.024264
0.135752
0.030491
0.036445
0.158507
0.051566
0.065161
0.045501
0.131174
0.082758
0.184969
0.104443
0.026312
0.153601
0.151308
0.071471
0.196012
0.036288
0.246350
0.136635
0.038581
0.053917
0.102318
0.027326
0.086377
0.181768
0.077223
0.106229
0.226631
0.082043
0.116632
0.215895
0.045182
0.027816
0.067914
0.201239
0.063585
0.067293
0.168617
0.018485
0.116181
0.024324
0.030866
0.020764
0.057394
0.027610
0.121574
0.068957
0.021923
0.086937
0.082466
0.030003
0.131848
0.012754
0.145368
0.133746
0.005921
0.012740
0.099567
0.010058
0.036345
0.114604
0.061408
0.075635
0.151292
0.044862
0.075043
0.139451
0.010897
0.015004
0.023499
0.122740
0.018300
0.021683
0.100544
0.155860
0.058366
0.022188
0.013232
0.093456
0.026331
0.171009
0.070830
0.023004
0.123273
0.122243
0.019853
0.175469
0.047106
0.187965
0.146809
0.018125
0.027424
0.107728
0.018740
0.023981
0.089463
0.060828
0.092562
0.205806
0.069708
0.101154
0.191455
0.030840
0.012914
0.052725
0.169499
0.019915
0.023035
0.149567
0.081903
0.168011
0.146223
0.055000
0.149501
0.011672
0.085626
0.138911
0.019502
0.023181
0.143244
0.023842
0.080484
0.085653
0.084344
0.100244
0.135368
0.085151
0.112149
0.188713
0.273309
0.094525
0.106945
0.052043
0.053241
0.018028
0.026743
0.109834
0.149794
0.093742
0.089764
0.103737
0.145233
0.035300
0.053777
0.059116
0.050783
0.052145
0.083549
0.076513
0.052824
0.065529
0.070046
0.064556
0.105289
0.009910
0.122072
0.136224
0.027539
0.027975
0.114416
0.026913
0.075781
0.147191
0.076796
0.041412
0.101157
0.019482
0.064189
0.094711
0.024979
0.043663
0.017025
0.077530
0.049518
0.045443
0.065912
0.033900
0.095461
0.020649
0.170481
0.093348
0.046984
0.123913
0.127879
0.026809
0.181221
0.056113
0.159730
0.197106
0.030603
0.017201
0.165258
0.031679
0.016299
0.046585
0.096171
0.071692
0.191450
0.062641
0.127907
0.184062
0.036704
0.023962
0.049237
0.129569
0.038372
0.009688
0.140059
0.090805
0.025260
0.156731
0.064949
0.016563
0.109740
0.106067
0.019413
0.155786
0.043847
0.168417
0.126265
0.014634
0.030722
0.102939
0.021696
0.025052
0.112602
0.035259
0.101754
0.184524
0.074221
0.090511
0.177781
0.035134
0.010325
0.048357
0.166290
0.014355
0.027580
0.147586
0.063103
0.038517
0.067255
0.109066
0.026305
0.022112
0.069258
0.061447
0.048863
0.061835
0.149457
0.052967
0.061354
0.113257
0.067977
0.097884
0.160355
0.092926
0.067728
0.075834
0.034544
0.041332
0.046742
0.045785
0.098974
0.040686
0.067642
0.049479
0.074633
0.026893
0.142499
0.064543
0.057734
0.100389
0.099018
0.011723
0.152071
0.048779
0.125342
0.189197
0.024482
0.017073
0.154737
0.032592
0.009113
0.052294
0.074811
0.067768
0.158290
0.055515
0.103127
0.151189
0.030025
0.032195
0.037640
0.117656
0.021837
0.017118
0.116763
0.095736
0.157053
0.014860
0.015027
0.144792
0.021245
0.086295
0.062534
0.114535
0.106009
0.132368
0.111515
0.123436
0.186324
0.259130
0.113394
0.103655
0.048830
0.056327
0.028678
0.016518
0.108609
0.162971
0.089231
0.068714
0.107712
0.142581
0.022975
0.079359
0.069546
0.078944
0.048363
0.109284
0.073574
0.138590
0.108723
0.054033
0.087023
0.083668
0.073080
0.091199
0.161736
0.042352
0.091248
0.130366
0.060697
0.052866
0.116293
0.064422
0.076496
0.074350
0.146530
0.044117
0.082826
0.103479
0.116792
0.112230
0.045709
0.154857
0.038873
0.195963
0.096406
0.015673
0.040699
0.079299
0.027546
0.055035
0.157269
0.039505
0.114982
0.194632
0.076686
0.086525
0.183904
0.034497
0.009078
0.056097
0.174268
0.030662
0.038555
0.149597
0.009058
0.102126
0.022765
0.067199
0.048692
0.097001
0.071395
0.095761
0.092556
0.087412
0.132724
0.206504
0.080264
0.089838
0.044381
0.041840
0.018535
0.021459
0.079689
0.118636
0.062654
0.063412
0.068669
0.098749
0.026768
0.101810
0.016968
0.063277
0.043293
0.099824
0.067659
0.091529
0.093190
0.088447
0.130811
0.214073
0.081340
0.101310
0.052492
0.046976
0.017626
0.023637
0.073297
0.115427
0.066847
0.067121
0.065823
0.098167
0.026544
0.153222
0.056155
0.148849
0.156877
0.023534
0.027512
0.118010
0.035030
0.018470
0.073172
0.051911
0.073544
0.176104
0.061334
0.093393
0.163898
0.029660
0.029337
0.048513
0.144139
0.016721
0.028102
0.123543
0.100219
0.047164
0.103630
0.112035
0.138515
0.113289
0.130801
0.185210
0.273057
0.106512
0.131428
0.048856
0.070066
0.027440
0.021660
0.117795
0.162287
0.109641
0.077043
0.112409
0.151788
0.034895
0.127609
0.121625
0.016747
0.024340
0.096155
0.016128
0.068447
0.156273
0.064312
0.059661
0.112045
0.027093
0.057216
0.101221
0.018197
0.033579
0.020733
0.099285
0.038450
0.044307
0.072149
0.214067
0.131039
0.129014
0.213726
0.153014
0.156156
0.206131
0.155158
0.136681
0.048184
0.086102
0.085618
0.040771
0.125785
0.178182
0.110996
0.047352
0.122600
0.136962
0.053521
0.111022
0.176164
0.024087
0.131079
0.205781
0.332286
0.062058
0.195882
0.175934
0.134124
0.052764
0.149792
0.141425
0.133539
0.142214
0.210358
0.112286
0.167360
0.153148
0.015791
0.084483
0.013530
0.031879
0.115585
0.041544
0.073155
0.135574
0.039604
0.058699
0.123752
0.013580
0.012462
0.024681
0.119214
0.012408
0.019830
0.092030
0.143061
0.017387
0.021247
0.079403
0.081398
0.054846
0.148886
0.039494
0.096803
0.141646
0.013691
0.021248
0.027795
0.101130
0.030451
0.014642
0.097405
0.101571
0.173877
0.292163
0.057618
0.171411
0.179334
0.112700
0.046465
0.145439
0.099604
0.112215
0.114416
0.199604
0.081360
0.144941
0.127555
0.039790
0.114734
0.060157
0.068326
0.156797
0.043296
0.074855
0.144093
0.021295
0.017918
0.033311
0.124896
0.026718
0.027628
0.106048
0.044441
0.088565
0.092622
0.196229
0.081356
0.133288
0.194180
0.044653
0.029633
0.058583
0.150774
0.032073
0.016345
0.155090
0.207572
0.132760
0.274546
0.144274
0.231143
0.264936
0.116154
0.112089
0.130374
0.178023
0.108301
0.057854
0.215793
0.110619
0.143943
0.074098
0.049074
0.136480
0.063790
0.050527
0.071148
0.170925
0.039098
0.084867
0.127685
0.122190
0.024348
0.102448
0.109835
0.066478
0.087206
0.048817
0.096896
0.089123
0.077238
0.079114
0.067928
0.068343
0.020433
0.141716
0.186607
0.100369
0.068886
0.139329
0.172048
0.043077
0.044612
0.058893
0.037299
0.062649
0.028862
0.064916
0.052795
0.057979
0.038484
0.044725
0.069988
0.099095
0.066565
0.096392
0.056020
0.103068
0.044436
0.123619
0.180392
0.095013
0.056331
0.124883
0.158441
0.019262
0.027353
0.029356
0.099473
0.024727
0.030278
0.079159
0.044154
0.155793
0.025734
0.020947
0.144086
0.085856
0.032076
0.039591
0.066758
0.122440
0.115043
0.040045
0.026581
0.096422
0.122423
