0.227977
0.628065
0.567487
0.543599
0.504250
0.700846
0.731599
0.750269
0.637132
0.655482
0.654934
0.511479
0.478186
0.706525
0.618128
0.510866
0.633680
0.532448
0.618225
0.450157
0.603523
0.550400
0.611340
0.743533
0.641375
0.215584
0.572860
0.585648
0.583453
0.712702
0.507414
0.561248
0.536267
0.665175
0.762158
0.689760
0.408819
0.575865
0.622328
0.621599
0.528919
0.688941
0.667684
0.484466
0.646773
0.672769
0.548235
0.569792
0.661638
0.697259
0.692892
0.596067
0.642999
0.723186
0.762704
0.754552
0.700330
0.704860
0.699713
0.626765
0.562453
0.818285
0.690105
0.642397
0.722438
0.558559
0.628550
0.525891
0.689608
0.672217
0.687047
0.746273
0.789759
0.277943
0.697952
0.589430
0.636768
0.764391
0.550997
0.637743
0.695316
0.734823
0.798335
0.752410
0.442176
0.697063
0.723226
0.711724
0.579292
0.796442
0.721711
0.520147
0.707590
0.736508
0.541047
0.590780
0.710053
0.596719
0.612600
0.710547
0.771160
0.888692
0.615744
0.492263
0.701050
0.702326
0.638303
0.709668
0.881563
0.684876
0.544183
0.619698
0.602613
0.726355
0.621001
0.603394
0.656564
0.717129
0.784803
0.598982
0.579507
0.738071
0.255530
0.652276
0.586339
0.731605
0.503701
0.581161
0.510553
0.675506
0.475909
0.654926
0.617361
0.440204
0.537319
0.603984
0.719789
0.801992
0.699812
0.661387
0.644140
0.581389
0.737261
0.709814
0.666568
0.655419
0.762059
0.722886
0.677790
0.650308
0.642546
0.690320
0.651765
0.600603
0.889733
0.571270
0.570017
0.639523
0.547467
0.642531
0.594962
0.499836
0.579720
0.712703
0.820446
0.654649
0.625973
0.616669
0.660565
0.641429
0.652434
0.590293
0.607662
0.470738
0.622074
0.763362
0.657912
0.704266
0.711612
0.628218
0.647460
0.629640
0.632799
0.615954
0.695775
0.536360
0.739512
0.693913
0.597624
0.639508
0.712132
0.817569
0.764248
0.634497
0.625603
0.740199
0.645183
0.449557
0.611604
0.798069
0.606958
0.625598
0.603245
0.492853
0.607364
0.597427
0.627757
0.685289
0.726062
0.711054
0.762361
0.519061
0.724843
0.630882
0.673301
0.735398
0.712089
0.719922
0.671642
0.607512
0.586704
0.678554
0.671692
0.727948
0.731767
0.760848
0.694500
0.794659
0.796754
0.639610
0.646337
0.739396
0.676208
0.639102
0.777164
0.718551
0.777297
0.767856
0.724329
0.743697
0.666795
0.702977
0.653487
0.640844
0.768727
0.551671
0.663707
0.695650
0.722042
0.643713
0.648623
0.706035
0.637591
0.823894
0.709154
0.539855
0.768971
0.746330
0.743437
0.752943
0.683401
0.632987
0.628816
0.731812
0.813482
0.793094
0.688806
0.698719
0.703760
0.750371
0.664333
0.748661
0.776653
0.769031
0.737017
0.805270
0.629002
0.739504
0.746524
0.818403
0.791845
0.615011
0.842819
0.838634
0.677103
0.639729
0.725363
0.826458
0.713782
0.781475
0.745755
0.724752
0.744821
0.711300
0.794065
0.813555
0.765559
0.861954
0.715484
0.693309
0.757452
0.860394
0.809516
0.753797
0.828679
0.722345
0.707385
0.804139
0.845908
0.804871
0.828349
0.781338
0.813708
0.737222
0.832387
0.798128
0.742576
0.691011
0.770998
0.675990
0.826324
0.730639
0.775196
0.874085
0.874056
0.688047
0.733175
0.733725
0.790326
0.775049
0.786246
0.680929
0.681870
0.708672
0.733546
0.815377
0.766107
0.777313
0.864661
0.921923
0.780736
0.892579
0.820896
0.798184
0.781153
0.679095
0.950695
0.840650
0.702715
0.885592
0.901285
0.785353
0.864184
0.952475
0.838731
0.798389
0.747450
0.685941
0.863625
0.704999
0.899891
0.750759
0.613323
0.758491
0.487867
0.688768
0.767250
0.708701
0.694513
0.839554
0.632163
0.647750
0.560431
0.569770
0.726205
0.669156
0.633555
0.667836
0.722858
0.826652
0.727990
0.699322
0.752001
0.640457
0.699171
0.485695
0.740252
0.628548
0.593896
0.514860
0.661060
0.645908
0.765149
0.737993
0.631320
0.644021
0.765901
0.618875
0.740866
0.701728
0.600673
0.726037
0.716715
0.670578
0.708969
0.606323
0.752274
0.681497
0.670110
0.772706
0.702038
0.535892
0.551106
0.656497
0.666557
0.611232
0.521782
0.694125
0.757924
0.723444
0.588517
0.661175
0.635506
0.490561
0.653786
0.490126
0.701998
0.573164
0.522475
0.491357
0.637438
0.493301
0.758948
0.702673
0.440686
0.504300
0.688625
0.755822
0.813118
0.600416
0.507993
0.614954
0.623910
0.656962
0.723586
0.822903
0.703699
0.836876
0.544045
0.620214
0.540723
0.515942
0.684369
0.786326
0.529315
0.297339
0.675838
0.315721
0.755133
0.601820
0.766827
0.646802
0.555644
0.748792
0.527590
0.756261
0.628032
0.595470
0.623421
0.850313
0.544902
0.578179
0.730263
0.489803
0.664859
0.709406
0.685592
0.752552
0.733461
0.555214
0.691419
0.771744
0.574312
0.864634
0.567535
0.567926
0.885242
0.595490
0.649322
0.684170
0.491405
0.628521
0.757209
0.688761
0.790057
0.731293
0.619201
0.649242
0.658196
0.832174
0.717203
0.699136
0.701877
0.705736
0.591173
0.666498
0.673804
0.725162
0.720093
0.765810
0.753709
0.692513
0.663037
0.641368
0.818693
0.729784
0.805135
0.697996
0.775333
0.618453
0.779965
0.768572
0.472997
0.726049
0.629679
0.603311
0.657453
0.430214
0.482978
0.525312
0.606918
0.640294
0.691839
0.801755
0.714037
0.506863
0.609278
0.648820
0.570796
0.698012
0.668688
0.718638
0.673533
0.633175
0.749495
0.667498
0.566626
0.702598
0.689538
0.790729
0.530073
0.729865
0.643896
0.518153
0.602237
0.747809
0.617800
0.657404
0.657963
0.889991
0.596146
0.655562
0.709613
0.499032
0.424921
0.522093
0.721558
0.558200
0.794367
0.814548
0.743016
0.436739
0.685019
0.694286
0.640988
0.753343
0.505020
0.711284
0.602756
0.601833
0.798576
0.754431
0.611601
0.776821
0.715960
0.642038
0.410600
0.703519
0.688968
0.583021
0.647403
0.812010
0.617208
0.680690
0.656937
0.808787
0.546833
0.642593
0.839799
0.846858
0.732804
0.595770
0.794512
0.488692
0.862181
0.781250
0.847124
0.747566
0.816553
0.839702
0.760552
0.801784
0.780268
0.739278
0.706861
0.925691
0.786216
0.745854
0.764288
0.763888
0.849729
0.867189
0.746656
0.798335
0.836314
0.740627
0.792748
0.782378
0.723180
0.849110
0.585472
0.601713
0.516552
0.644930
0.584147
0.538560
0.641120
0.575267
0.731533
0.673371
0.605492
0.711118
0.597991
0.657002
0.684809
0.674822
0.694421
0.635910
0.528438
0.683310
0.637814
0.649713
0.773214
0.648216
0.661978
0.667177
0.779929
0.772103
0.689796
0.557416
0.676213
0.720112
0.656518
0.803663
0.550790
0.575317
0.658183
0.550588
0.479009
0.651501
0.515362
0.725096
0.495635
0.635762
0.631014
0.581618
0.566145
0.591282
0.667717
0.515905
0.405247
0.541640
0.681728
0.515480
0.659294
0.542577
0.469830
0.588872
0.590417
0.679953
0.727227
0.663675
0.594342
0.553057
0.561336
0.503037
0.706908
0.601205
0.732943
0.604447
0.532281
0.625415
0.532642
0.702503
0.596687
0.678985
0.725234
0.620104
0.719707
0.571373
0.655479
0.567392
0.563741
0.539990
0.727158
0.545819
0.700065
0.647029
0.488326
0.610380
0.697991
0.586403
0.656743
0.705193
0.632016
0.758573
0.634977
0.698193
0.772305
0.534853
0.509276
0.588308
0.582175
0.617389
0.802129
0.708935
0.567573
0.669587
0.531389
0.528342
0.663370
0.556937
0.669739
0.519409
0.568895
0.651292
0.670490
0.632028
0.641295
0.693029
0.617194
0.525498
0.730689
0.589117
0.526058
0.557976
0.700819
0.573654
0.528530
0.666412
0.573515
0.685839
0.649325
0.769723
0.803942
0.787014
0.623659
0.722227
0.708675
0.577654
0.738944
0.630317
0.813727
0.630958
0.586344
0.756606
0.732371
0.704217
0.776386
0.756492
0.745007
0.560419
0.772163
0.699152
0.629416
0.538276
0.767348
0.734108
0.558908
0.594796
0.540886
0.279013
0.511041
0.764539
0.698022
0.520193
0.664017
0.473353
0.575513
0.617327
0.403777
0.690788
0.578906
0.640148
0.786772
0.623297
0.313716
0.709905
0.649983
0.682800
0.537355
0.673876
0.720522
0.461809
0.570763
0.703175
0.705623
0.472435
0.727270
0.620010
0.445026
0.717411
0.643339
0.696482
0.544870
0.559465
0.666052
0.607677
0.643379
0.553625
0.459517
0.611726
0.731856
0.587571
0.613835
0.695942
0.508360
0.652206
0.687630
0.693211
0.787187
0.683016
0.375573
0.650636
0.678131
0.548401
0.740763
0.635990
0.877876
0.687797
0.636711
0.698557
0.575210
0.644903
0.694436
0.348854
0.664775
0.617909
0.593004
0.814603
0.672458
0.501475
0.713842
0.743134
0.710799
0.618424
0.521283
0.734737
0.639434
0.681599
0.800871
0.776960
0.630891
0.759520
0.754689
0.641586
0.717792
0.670133
0.599039
0.763386
0.598509
0.685326
0.624656
0.591282
0.649383
0.905763
0.637676
0.517969
0.699385
0.599759
0.726731
0.704467
0.664553
0.737227
0.773150
0.626489
0.745458
0.718714
0.556389
0.768074
0.644634
0.778462
0.837695
0.766634
0.881761
0.660198
0.879285
0.718938
0.823813
0.647903
0.832813
0.723830
0.836155
0.746064
0.685289
0.717327
0.818410
0.809752
0.773577
0.853439
0.798409
0.752887
0.829813
0.775649
0.858775
0.774339
0.739846
0.675960
0.661454
0.521309
0.762130
0.417568
0.575964
0.570717
0.726832
0.488618
0.782215
0.571368
0.449968
0.613355
0.515255
0.657518
0.764346
0.748946
0.791075
0.563805
0.698658
0.761134
0.803197
0.707865
0.554799
0.647392
0.792193
0.605478
0.660349
0.673923
0.681604
0.765696
0.778730
0.452732
0.767136
0.693272
0.681318
0.549940
0.749835
0.732957
0.565279
0.687191
0.803722
0.586534
0.656125
0.724982
0.716043
0.697331
0.832452
0.687430
0.704222
0.585649
0.781455
0.889675
0.732323
0.689476
0.697371
0.698145
0.730904
0.651354
0.764310
0.604692
0.648041
0.482118
0.698843
0.565372
0.677761
0.595642
0.637943
0.636403
0.683004
0.595922
0.637907
0.550979
0.717782
0.589961
0.482785
0.618975
0.569364
0.603162
0.575062
0.756671
0.751162
0.547637
0.590780
0.706797
0.578715
0.566206
0.769120
0.758968
0.666701
0.717146
0.638107
0.680130
0.789386
0.661219
0.722057
0.525379
0.693507
0.729671
0.611051
0.738159
0.708624
0.502777
0.602993
0.766503
0.684999
0.571106
0.705885
0.743843
0.584548
0.643347
0.587935
0.721341
0.404900
0.702486
0.679604
0.459878
0.519734
0.708035
0.677660
0.738005
0.756419
0.679427
0.625490
0.783168
0.652938
0.779972
0.667492
0.589722
0.727895
0.735283
0.758255
0.560166
0.779312
0.770208
0.795690
0.667837
0.776333
0.706238
0.660313
0.684691
0.812563
0.707976
0.616203
0.723214
0.465526
0.617023
0.694036
0.502520
0.689301
0.565496
0.409599
0.500774
0.640529
0.646494
0.773043
0.760820
0.753196
0.657353
0.605575
0.796267
0.800019
0.547958
0.738906
0.620461
0.676709
0.631530
0.441545
0.544466
0.575706
0.691806
0.733992
0.659330
0.545997
0.584608
0.602203
0.576976
0.695866
0.743133
0.508175
0.750302
0.688703
0.492427
0.515133
0.626434
0.619859
0.676837
0.693853
0.620882
0.573489
0.689208
0.613649
0.732886
0.618280
0.855868
0.727006
0.782588
0.753925
0.798016
0.861837
0.957807
0.796057
0.681529
0.676089
0.759040
0.783566
0.889486
0.739854
0.586204
0.417448
0.487226
0.666653
0.684658
0.800472
0.687240
0.633280
0.404070
0.711215
0.662607
0.808107
0.731077
0.735707
0.785446
0.523626
0.787724
0.790892
0.544003
0.632582
0.794420
0.653910
0.581345
0.752402
0.600896
0.624329
0.648909
0.719947
0.645644
0.652840
0.729721
0.691975
0.550566
0.765506
0.755674
0.367878
0.664724
0.677619
0.688074
0.745522
0.660871
0.509438
0.700233
0.764376
0.765025
0.692624
0.686320
0.771254
0.776151
0.683926
0.558895
0.695227
0.719742
0.727295
0.647463
0.727412
0.538849
0.629126
0.712083
0.537312
0.659669
0.725460
0.729609
0.826613
0.702588
0.801585
0.788330
0.791337
0.731802
0.715734
0.730932
0.844570
0.623440
0.704092
0.707166
0.668619
0.764824
0.662767
0.567919
0.766215
0.694711
0.634803
0.553196
0.639767
0.751411
0.743646
0.809164
0.713609
0.630425
0.740618
