0.441740
0.687195
0.459772
0.797454
0.468901
0.665596
0.822524
0.428475
0.637757
0.366184
0.610062
0.480355
0.403625
0.594854
0.613633
0.717420
0.737901
0.605883
0.502420
0.562977
0.492834
0.410797
0.529979
0.477935
0.720853
0.444081
0.619449
0.604412
0.675828
0.584984
0.611613
0.754991
0.610281
0.524190
0.523679
0.411398
0.498819
0.680757
0.709333
0.526212
0.501647
0.485178
0.671416
0.526630
0.611561
0.454642
0.556273
0.426033
0.534721
0.723264
0.565696
0.916480
0.646592
0.566804
0.863254
0.493348
0.767710
0.465055
0.538985
0.625577
0.512728
0.726439
0.680910
0.816754
0.802589
0.535694
0.524641
0.674586
0.574696
0.478408
0.531945
0.517764
0.806056
0.444439
0.668180
0.603885
0.724994
0.699695
0.590201
0.733122
0.600082
0.547246
0.697649
0.551740
0.623967
0.643387
0.711951
0.662626
0.472509
0.563481
0.790236
0.575009
0.648821
0.613832
0.585896
0.436780
0.539399
0.554228
0.890625
0.651199
0.718961
0.823770
0.775934
0.740311
0.663368
0.617835
0.697692
0.651795
0.713911
0.830922
0.774791
0.772417
0.696958
0.698004
0.599357
0.661132
0.651632
0.611988
0.710961
0.509698
0.772192
0.735484
0.704687
0.819691
0.628433
0.665475
0.475088
0.695523
0.758316
0.781799
0.699742
0.700217
0.767249
0.782047
0.803845
0.699380
0.605071
0.633712
0.734875
0.699440
0.711487
0.694620
0.749316
0.616045
0.768149
0.501892
0.530938
0.732142
0.551441
0.622156
0.509701
0.537859
0.529522
0.497109
0.623843
0.680885
0.655555
0.616136
0.641673
0.600515
0.450345
0.559053
0.459174
0.488697
0.424413
0.603648
0.558564
0.595554
0.495829
0.656911
0.603459
0.548248
0.628167
0.566614
0.542091
0.598699
0.486648
0.543901
0.598306
0.650222
0.597008
0.530910
0.487694
0.549055
0.466304
0.515176
0.609044
0.477264
0.583914
0.505295
0.810935
0.846325
0.746075
0.907043
0.598835
0.708196
0.757294
0.830462
0.810213
0.592789
0.816696
0.865771
0.504645
0.787874
0.744597
0.736865
0.867293
0.872158
0.959099
0.938359
0.822791
0.891112
0.490111
0.833860
0.946667
0.797563
0.819370
0.917604
0.835890
0.932261
0.818276
0.805359
0.829665
0.895668
0.939601
0.873008
0.909230
0.710819
0.699665
0.897252
0.781143
0.780866
0.749110
0.819037
0.703754
0.524805
0.692914
0.619508
0.640997
0.441641
0.659809
0.563185
0.468045
0.590057
0.679925
0.740475
0.767110
0.758193
0.701552
0.570331
0.564100
0.363501
0.663742
0.603153
0.598659
0.577260
0.589765
0.498995
0.634065
0.699469
0.669747
0.679271
0.662899
0.488001
0.657897
0.436883
0.606292
0.447585
0.825025
0.407934
0.628688
0.489466
0.641999
0.525610
0.583550
0.565681
0.679618
0.616182
0.547904
0.698147
0.581764
0.755633
0.629372
0.602477
0.665244
0.595829
0.782133
0.755383
0.759056
0.839911
0.508074
0.545013
0.662740
0.622578
0.573921
0.638889
0.606897
0.742751
0.540809
0.676189
0.473799
0.667760
0.872147
0.627183
0.689388
0.599991
0.419646
0.856637
0.463030
0.753526
0.507816
0.675548
0.605102
0.615342
0.659983
0.751833
0.463005
0.522159
0.655849
0.674688
0.651877
0.273204
0.798040
0.585162
0.683963
0.647092
0.661985
0.717126
0.611055
0.640837
0.796844
0.554490
0.851845
0.757066
0.708684
0.807471
0.841424
0.888416
0.852935
0.873517
0.868413
0.755552
0.831336
0.640564
0.766655
0.903780
0.802498
0.624537
0.803800
0.778506
0.690547
0.691112
0.660861
0.951475
0.726583
0.857742
0.651526
0.701482
0.853360
0.517583
0.699816
0.683892
0.814381
0.666295
0.702024
0.521706
0.596003
0.591462
0.323033
0.676825
0.689089
0.772185
0.776407
0.585430
0.519847
0.694898
0.641781
0.487191
0.585539
0.580793
0.793476
0.427117
0.625050
0.605437
0.633851
0.756361
0.581571
0.782783
0.554043
0.451844
0.744086
0.431831
0.645122
0.504138
0.634259
0.633887
0.547176
0.615072
0.750061
0.586384
0.621602
0.506217
0.604205
0.412587
0.522501
0.540132
0.646909
0.644111
0.593150
0.474647
0.677932
0.811905
0.558526
0.710774
0.698315
0.616490
0.717240
0.743691
0.792565
0.771358
0.727917
0.749629
0.560464
0.735719
0.784495
0.655437
0.771686
0.745292
0.740836
0.763192
0.627478
0.674935
0.660534
0.777763
0.836554
0.608156
0.762798
0.542113
0.547818
0.729719
0.639911
0.656986
0.586374
0.634449
0.652329
0.618504
0.446623
0.430399
0.373348
0.613410
0.700975
0.627156
0.617664
0.611777
0.551175
0.487160
0.518903
0.678693
0.629278
0.733387
0.536763
0.532710
0.615053
0.536514
0.583502
0.630550
0.732003
0.528390
0.544325
0.544206
0.484580
0.461797
0.632536
0.769509
0.503192
0.535696
0.405022
0.620118
0.586984
0.445358
0.355895
0.461773
0.344755
0.558823
0.651367
0.531897
0.634030
0.707011
0.821943
0.610262
0.535844
0.482547
0.691176
0.668377
0.634995
0.642148
0.702032
0.697467
0.597206
0.533479
0.714425
0.634155
0.631627
0.656524
0.671026
0.600865
0.677451
0.704414
0.588396
0.598256
0.638962
0.667019
0.727817
0.618767
0.571364
0.638301
0.591008
0.684858
0.669229
0.514220
0.596888
0.500233
0.523458
0.596116
0.457367
0.685656
0.695444
0.648457
0.634126
0.518903
0.525081
0.578393
0.582755
0.634140
0.741246
0.652009
0.718631
0.592226
0.580966
0.630053
0.674772
0.790780
0.564170
0.629966
0.599980
0.523661
0.388365
0.673434
0.729817
0.609046
0.585375
0.533279
0.602503
0.560427
0.581556
0.537277
0.534337
0.541474
0.641596
0.512406
0.658602
0.735533
0.677151
0.585879
0.518974
0.459976
0.486707
0.503904
0.514727
0.638349
0.674996
0.421928
0.593099
0.611477
0.565267
0.669149
0.604593
0.674881
0.531366
0.425840
0.576891
0.467166
0.604897
0.469516
0.652700
0.625995
0.433016
0.356429
0.562013
0.561915
0.543114
0.513504
0.467965
0.413169
0.550949
0.690764
0.703627
0.513944
0.746804
0.635830
0.506839
0.647404
0.666200
0.729964
0.725390
0.726114
0.693298
0.570612
0.702311
0.650324
0.568909
0.768073
0.694945
0.627990
0.686961
0.567864
0.637834
0.556397
0.704017
0.851253
0.610284
0.683059
0.469486
0.556322
0.696858
0.494869
0.537181
0.500473
0.572878
0.669455
0.796866
0.759875
0.677856
0.696239
0.621649
0.770044
0.616688
0.710798
0.661334
0.814001
0.728433
0.750420
0.763361
0.799609
0.758983
0.823878
0.821037
0.715123
0.698777
0.718843
0.520059
0.426656
0.742106
0.833596
0.740736
0.745077
0.662261
0.736149
0.681960
0.720675
0.665418
0.628402
0.652041
0.696815
0.698980
0.850715
0.886943
0.587605
0.676307
0.821385
0.657333
0.725758
0.822792
0.862119
0.860977
0.831513
0.841706
0.772171
0.675163
0.792998
0.884258
0.725936
0.483215
0.827841
0.775244
0.816278
0.822329
0.663739
0.723918
0.628117
0.560307
0.747282
0.730444
0.841850
0.767719
0.817919
0.737545
0.753170
0.709569
0.547223
0.773476
0.752728
0.834179
0.754659
0.818093
0.809570
0.522939
0.747016
0.859340
0.741621
0.834064
0.787025
0.732927
0.832545
0.686667
0.750601
0.668666
0.771806
0.926343
0.827663
0.718138
0.503292
0.539434
0.753156
0.670791
0.704572
0.555048
0.751650
0.730870
0.407406
0.684788
0.588795
0.598729
0.695855
0.688229
0.787510
0.511789
0.649251
0.731634
0.789175
0.757988
0.650931
0.643927
0.498439
0.602868
0.791007
0.540633
0.664981
0.719917
0.474307
0.757519
0.565747
0.653441
0.744071
0.583624
0.635581
0.607562
0.615481
0.502069
0.429478
0.647547
0.656957
0.514158
0.643398
0.670160
0.709884
0.481072
0.597352
0.686389
0.719992
0.668172
0.676609
0.610623
0.516120
0.663031
0.779495
0.485167
0.553544
0.632919
0.741098
0.727626
0.608694
0.628448
0.717314
0.623212
0.574901
0.618460
0.618205
0.538115
0.434200
0.524867
0.565055
0.560469
0.503339
0.620551
0.655034
0.706925
0.546792
0.719018
0.635117
0.691711
0.651902
0.573247
0.610178
0.530836
0.625776
0.607964
0.619513
0.786150
0.662883
0.505804
0.351874
0.428148
0.535185
0.554761
0.630291
0.461803
0.645131
0.613594
0.550264
0.560899
0.499604
0.655180
0.541516
0.727890
0.614228
0.626116
0.641317
0.670398
0.753700
0.494725
0.579178
0.643345
0.590659
0.667013
0.657022
0.583916
0.654802
0.472185
0.553345
0.630403
0.622852
0.497137
0.537434
0.593063
0.510903
0.597020
0.487974
0.434702
0.665714
0.400108
0.684073
0.543712
0.758130
0.739527
0.579649
0.693839
0.608800
0.436098
0.768646
0.363821
0.493419
0.503419
0.713524
0.605218
0.454332
0.589565
0.711511
0.507276
0.614155
0.532529
0.521221
0.491200
0.533476
0.459151
0.696518
0.599226
0.795268
0.587814
0.814205
0.652366
0.561428
0.680490
0.696041
0.605851
0.647068
0.571439
0.612298
0.620131
0.743175
0.710700
0.556594
0.539414
0.618142
0.566495
0.667494
0.744020
0.619342
0.688938
0.626026
0.743980
0.524452
0.763785
0.570819
0.816718
0.713038
0.643979
0.739630
0.664279
0.560422
0.628283
0.526406
0.636299
0.651115
0.714579
0.631936
0.496141
0.617215
0.682978
0.532663
0.592296
0.670878
0.575472
0.630627
0.607941
0.834827
0.738089
0.691162
0.830480
0.652261
0.779413
0.608855
0.748368
0.818289
0.794311
0.717032
0.776860
0.771653
0.865464
0.752147
0.778147
0.663303
0.623523
0.751034
0.715100
0.747536
0.830518
0.795608
0.626125
0.667043
0.588937
0.732592
0.766113
0.614724
0.801608
0.588612
0.392453
0.691041
0.403585
0.576520
0.537806
0.602483
0.665509
0.462614
0.571621
0.816465
0.535697
0.644483
0.645237
0.518033
0.351023
0.552346
0.621081
0.702472
0.648139
0.688612
0.759654
0.676096
0.693419
0.726710
0.618199
0.674770
0.711566
0.753645
0.705186
0.668081
0.596402
0.649670
0.688984
0.626584
0.635325
0.632694
0.625423
0.518500
0.731482
0.729682
0.673238
0.798531
0.624246
0.596129
0.734390
0.577257
0.666982
0.600737
0.723609
0.720433
0.562504
0.621634
0.675351
0.404121
0.584005
0.586814
0.621185
0.679183
0.575909
0.729828
0.804830
0.820146
0.536215
0.609235
0.761123
0.633341
0.697329
0.608289
0.776318
0.616177
0.732332
0.648025
0.806180
0.776401
0.518208
0.550741
0.700247
0.608702
0.653894
0.778816
0.736880
0.697494
0.844853
0.510302
0.687118
0.577881
0.879039
0.774963
0.686379
0.750928
0.564393
0.592017
0.721188
0.699083
0.664805
0.705370
0.685449
0.720080
0.730777
0.737172
0.617525
0.750820
0.620120
0.689999
0.698449
0.652876
0.699111
0.579667
0.664318
0.732381
0.607669
0.675941
0.731423
0.663847
0.578566
0.596681
0.722742
0.761786
0.790697
0.703812
0.733642
0.810549
0.824526
0.760063
0.753928
0.649448
0.730815
0.705518
0.729491
0.769582
0.776678
0.791810
0.601368
0.637935
0.746905
0.499133
0.651599
0.501638
0.646076
0.700956
0.583207
0.577136
0.717675
0.638583
0.406443
0.534095
0.560605
0.514974
0.498561
0.717020
0.348544
0.633987
0.488195
0.626375
0.515743
0.525807
0.558974
0.758610
0.569028
0.562166
0.568004
0.593381
0.479499
0.562457
0.724218
0.624747
0.796302
0.803825
0.646293
0.686838
0.438140
0.549344
0.686677
0.700040
0.739844
0.628245
0.636744
0.752734
0.479024
0.442747
0.702980
0.551717
0.541935
0.576207
0.718930
0.553737
0.580593
0.487165
0.594149
0.467113
0.488188
0.678595
0.789097
0.650312
0.680994
0.574919
0.671263
0.601177
0.636991
0.596331
0.540343
0.486252
0.640108
0.776496
0.573751
0.589052
0.618708
0.720584
0.654199
0.556738
0.664927
0.622615
0.612304
0.544680
0.862121
0.546826
0.804847
0.768348
0.698949
0.721153
0.727265
0.730580
0.631820
0.673289
0.704280
0.606090
0.699907
0.675765
0.588223
0.590662
0.759356
0.631007
0.585930
0.581635
0.634978
0.518201
0.627031
0.588662
0.522310
0.517006
0.568994
0.492297
0.586375
0.516283
0.625642
0.453851
0.546499
0.601048
0.736014
0.600870
0.660896
0.578645
0.769110
0.661950
0.693542
0.699909
0.598110
0.614304
0.559210
0.480453
0.532620
0.574435
0.491767
0.629955
0.465312
0.570436
0.551336
0.599728
0.579756
