0.814580
0.754089
0.740141
0.713088
0.676598
0.596877
0.803715
0.758901
0.750929
0.831179
0.731812
0.761780
0.711265
0.744704
0.786642
0.846427
0.646048
0.695734
0.621968
0.592097
0.774250
0.975137
0.609688
0.726553
0.664733
0.817728
0.709976
0.763354
0.637921
0.646896
0.692872
0.599796
0.712971
0.560536
0.589673
0.598005
0.690887
0.724555
0.818457
0.647708
0.689624
0.564800
0.631842
0.721880
0.570329
0.795104
0.771432
0.713887
0.741499
0.770127
0.648526
0.837923
0.686651
0.653363
0.645726
0.702104
0.622164
0.651741
0.649938
0.571493
0.634062
0.590356
0.744028
0.408460
0.881598
0.778572
0.694389
0.621232
0.436452
0.664276
0.721578
0.725613
0.757143
0.840637
0.630475
0.612819
0.699333
0.627074
0.731307
0.647057
0.636229
0.701434
0.786209
0.746665
0.791254
0.661608
0.603862
0.814433
0.710456
0.728868
0.773095
0.829385
0.638056
0.686080
0.730883
0.733083
0.592605
0.805609
0.889337
0.648416
0.721782
0.793061
0.825838
0.701659
0.813475
0.730898
0.712520
0.729449
0.586476
0.693275
0.840789
0.800896
0.775134
0.726703
0.627041
0.754433
0.890527
0.679639
0.680092
0.687877
0.805378
0.610059
0.709015
0.729111
0.709872
0.719877
0.751814
0.680676
0.787967
0.730121
0.690537
0.783449
0.711067
0.752211
0.726913
0.492768
0.730032
0.762202
0.790847
0.704900
0.813959
0.779576
0.741076
0.723630
0.848285
0.569014
0.720670
0.670099
0.649555
0.556327
0.664376
0.448671
0.646309
0.573951
0.550584
0.664418
0.761204
0.730316
0.812590
0.621186
0.597816
0.695811
0.663628
0.700932
0.683738
0.632493
0.566540
0.606752
0.742481
0.683505
0.755947
0.612795
0.563144
0.549740
0.690725
0.652206
0.659129
0.705833
0.532607
0.659970
0.798721
0.715800
0.682335
0.779892
0.703014
0.651706
0.737601
0.583198
0.533437
0.590427
0.761028
0.613964
0.797660
0.664604
0.770532
0.845378
0.736690
0.635681
0.780321
0.659570
0.636034
0.866251
0.703518
0.747142
0.662249
0.756879
0.775326
0.934793
0.625695
0.653996
0.756915
0.800995
0.739002
0.728236
0.680857
0.545391
0.666986
0.695933
0.708374
0.784943
0.662301
0.666266
0.679832
0.822327
0.868878
0.712250
0.886860
0.718048
0.608766
0.824999
0.841162
0.716127
0.793533
0.853718
0.673849
0.527069
0.534583
0.700818
0.511105
0.693078
0.515990
0.662295
0.518623
0.535622
0.617754
0.689643
0.635029
0.643740
0.420442
0.461586
0.622227
0.770462
0.542746
0.538430
0.399746
0.491079
0.542848
0.620217
0.469824
0.554432
0.339470
0.422254
0.456025
0.581590
0.432162
0.606455
0.577378
0.447233
0.755362
0.732576
0.495681
0.631462
0.649683
0.540403
0.564658
0.444047
0.397029
0.473637
0.492022
0.585415
0.614800
0.725778
0.698411
0.637703
0.541887
0.537857
0.629436
0.669420
0.670369
0.606550
0.716467
0.460757
0.578150
0.597079
0.861568
0.472509
0.558986
0.600612
0.687198
0.613373
0.613492
0.492793
0.475718
0.522911
0.436823
0.627508
0.497379
0.477315
0.466366
0.425564
0.537456
0.702772
0.635502
0.679351
0.543980
0.566094
0.674090
0.730383
0.637200
0.666998
0.581845
0.494487
0.735511
0.610758
0.668085
0.627611
0.603093
0.530038
0.609037
0.697272
0.674597
0.570338
0.530260
0.490485
0.528110
0.690270
0.867580
0.607439
0.536178
0.579366
0.593563
0.601375
0.481248
0.483000
0.514324
0.564252
0.519185
0.394568
0.520558
0.686243
0.669557
0.681985
0.655638
0.666652
0.705725
0.665114
0.607538
0.744073
0.597047
0.618431
0.685236
0.532221
0.645332
0.381507
0.642196
0.664015
0.713831
0.531418
0.628379
0.633363
0.746643
0.792775
0.751779
0.747702
0.591512
0.666172
0.734351
0.799816
0.683525
0.527026
0.733065
0.723247
0.736607
0.709177
0.720930
0.685912
0.595801
0.591081
0.673682
0.653898
0.588102
0.730974
0.714591
0.537125
0.777220
0.811497
0.791833
0.698739
0.740871
0.695227
0.858345
0.718807
0.646115
0.553019
0.547896
0.713822
0.625933
0.630205
0.571054
0.479977
0.548101
0.715508
0.775488
0.698633
0.581229
0.540848
0.690954
0.685031
0.688730
0.600538
0.497339
0.599715
0.422179
0.600290
0.523544
0.607721
0.461869
0.531699
0.456881
0.744504
0.563319
0.651119
0.656795
0.541767
0.816501
0.852415
0.636026
0.768761
0.734575
0.587197
0.578294
0.528601
0.555459
0.644981
0.502280
0.642630
0.703723
0.680857
0.611291
0.724830
0.663068
0.781113
0.784762
0.656055
0.679344
0.718193
0.922433
0.718391
0.548855
0.795731
0.772300
0.638861
0.721723
0.740828
0.725730
0.773537
0.637452
0.607141
0.694248
0.794591
0.764376
0.824601
0.577821
0.663951
0.839183
0.697727
0.716080
0.742718
0.376799
0.695724
0.785377
0.654894
0.640221
0.678327
0.624436
0.539064
0.552448
0.664164
0.663194
0.612672
0.667191
0.496772
0.549600
0.597755
0.869706
0.607281
0.623407
0.533643
0.612390
0.579388
0.636501
0.536284
0.666589
0.533995
0.481506
0.496976
0.605554
0.561066
0.498880
0.625314
0.568823
0.657287
0.694197
0.639174
0.610989
0.685000
0.612359
0.631868
0.659998
0.470837
0.591073
0.540438
0.692523
0.541999
0.686740
0.729126
0.670055
0.777978
0.542152
0.559680
0.642743
0.801348
0.605170
0.544075
0.599698
0.675766
0.537324
0.585878
0.512816
0.528818
0.540489
0.560542
0.595963
0.592380
0.648996
0.651033
0.717871
0.582286
0.785787
0.721524
0.642369
0.689787
0.684808
0.649531
0.636155
0.692691
0.739079
0.692167
0.563199
0.579619
0.661329
0.639564
0.629582
0.558493
0.462751
0.569312
0.637965
0.829372
0.409068
0.519889
0.559232
0.628082
0.580035
0.592521
0.557216
0.601512
0.578914
0.453122
0.500952
0.593443
0.424025
0.598739
0.487231
0.567114
0.379677
0.701464
0.708011
0.484759
0.649652
0.649224
0.680268
0.610777
0.428454
0.580699
0.477151
0.546866
0.686129
0.678566
0.602945
0.620343
0.416617
0.615071
0.791198
0.559103
0.466449
0.591589
0.664036
0.462960
0.537359
0.549460
0.548111
0.525223
0.562809
0.440104
0.717378
0.588317
0.650666
0.666072
0.609176
0.662419
0.739879
0.637548
0.622080
0.733830
0.590023
0.534388
0.550657
0.590026
0.635323
0.532141
0.745765
0.707426
0.674029
0.645203
0.514397
0.729852
0.862649
0.637689
0.686950
0.644574
0.738778
0.616163
0.690592
0.602203
0.663128
0.627308
0.620623
0.494201
0.757256
0.634112
0.689751
0.752275
0.675429
0.790843
0.820011
0.753898
0.741869
0.710698
0.721777
0.654929
0.702855
0.639085
0.707817
0.555935
0.800257
0.766678
0.737934
0.713390
0.475643
0.859885
0.686238
0.764965
0.812658
0.831642
0.684373
0.791048
0.718822
0.739402
0.735429
0.560460
0.666221
0.687401
0.736697
0.741870
0.777464
0.696663
0.592270
0.789377
0.788156
0.740309
0.715755
0.773296
0.739525
0.682630
0.729177
0.721747
0.634610
0.537182
0.425180
0.488759
0.783072
0.902368
0.599824
0.590097
0.550303
0.645428
0.691728
0.624610
0.492571
0.596581
0.592304
0.486508
0.539145
0.529854
0.548298
0.619673
0.656543
0.679987
0.727823
0.552226
0.723493
0.599997
0.584941
0.675912
0.611591
0.763022
0.698279
0.717765
0.683981
0.566884
0.465170
0.769007
0.931847
0.648861
0.543333
0.606584
0.813151
0.662178
0.583618
0.558699
0.543848
0.663571
0.599312
0.476525
0.641719
0.658364
0.688568
0.722099
0.743389
0.743293
0.648319
0.790601
0.627349
0.705299
0.705198
0.667639
0.733591
0.553595
0.766703
0.579697
0.388175
0.654778
0.809551
0.568906
0.420179
0.426095
0.544046
0.524032
0.538575
0.396157
0.519188
0.395732
0.350145
0.407406
0.461656
0.404811
0.463099
0.499141
0.413175
0.666485
0.549014
0.524903
0.491662
0.518819
0.550569
0.559875
0.541872
0.519608
0.571919
0.473826
0.610754
0.785938
0.597674
0.430266
0.499430
0.626847
0.465339
0.589930
0.453358
0.538792
0.409921
0.469352
0.375529
0.602655
0.510234
0.568046
0.672524
0.380676
0.672864
0.635673
0.525856
0.578662
0.563899
0.638232
0.417866
0.541969
0.553632
0.576487
0.527849
0.816991
0.666206
0.665215
0.690301
0.824347
0.554028
0.659258
0.656890
0.531832
0.687130
0.616589
0.730605
0.649349
0.614713
0.760599
0.675244
0.683039
0.647975
0.701680
0.685543
0.644348
0.602013
0.802406
0.669105
0.644907
0.628297
0.690848
0.588264
0.888706
0.945585
0.769368
0.838930
0.761195
0.835974
0.873850
0.901213
0.800548
0.771054
0.782112
0.918092
0.840583
0.858041
0.885036
0.771044
0.885920
0.893035
0.841473
0.895763
0.953388
0.925803
0.806636
0.884708
0.855831
0.813208
0.877140
0.544965
0.600966
0.648352
0.634350
0.621320
0.513958
0.556759
0.545938
0.496244
0.607039
0.541237
0.428887
0.604501
0.505840
0.665708
0.634184
0.613069
0.727968
0.463464
0.604043
0.639624
0.747852
0.638929
0.592831
0.638389
0.531779
0.513508
0.681270
0.465430
0.564796
0.450229
0.422119
0.560269
0.571380
0.457574
0.588105
0.553789
0.637056
0.638487
0.393675
0.716965
0.710145
0.673357
0.567312
0.593533
0.481181
0.562597
0.645963
0.491258
0.541585
0.489080
0.587828
0.551391
0.621723
0.355355
0.553442
0.511656
0.449261
0.520356
0.565640
0.475907
0.583516
0.618345
0.535276
0.783717
0.669964
0.580915
0.625582
0.641291
0.585489
0.560926
0.610365
0.531642
0.659299
0.562546
0.684814
0.765022
0.690549
0.830106
0.368272
0.511130
0.529992
0.661089
0.551389
0.574220
0.611551
0.584911
0.732977
0.827177
0.625383
0.707615
0.776590
0.674623
0.655638
0.502029
0.645258
0.485375
0.589515
0.608958
0.514126
0.482277
0.554722
0.529825
0.469131
0.654646
0.574477
0.659582
0.628926
0.534189
0.687735
0.693956
0.512090
0.684044
0.678660
0.610248
0.454129
0.628314
0.598984
0.620827
0.572319
0.500672
0.468307
0.642654
0.661405
0.511618
0.688913
0.698047
0.732472
0.727374
0.720820
0.729191
0.743589
0.703760
0.631410
0.728764
0.674772
0.615357
0.757351
0.603394
0.752766
0.528918
0.450680
0.480114
0.487767
0.446985
0.504260
0.527855
0.551911
0.610764
0.558514
0.789517
0.640425
0.684065
0.598391
0.584936
0.545588
0.487226
0.631029
0.553781
0.694845
0.448024
0.602870
0.574313
0.584377
0.614809
0.553184
0.660137
0.596546
0.622994
0.810072
0.659396
0.674260
0.622509
0.608272
0.656856
0.583823
0.684582
0.504127
0.761239
0.466897
0.365546
0.413705
0.626200
0.413445
0.527296
0.583138
0.471823
0.775002
0.750710
0.517736
0.637797
0.621505
0.650097
0.557209
0.387899
0.539615
0.488734
0.470260
0.381786
0.520541
0.350906
0.462431
0.484223
0.420688
0.626659
0.598484
0.585209
0.548828
0.574338
0.561781
0.542584
0.506283
0.463383
0.430470
0.413877
0.648583
0.615591
0.617766
0.680572
0.502478
0.617750
0.649559
0.616794
0.606897
0.695631
0.534825
0.395425
0.563655
0.547935
0.535533
0.440346
0.572718
0.615210
0.634039
0.645848
0.661764
0.548984
0.653869
0.445334
0.543023
0.606777
0.657205
0.771139
0.698523
0.641647
0.564212
0.475545
0.404020
0.460644
0.743148
0.693754
0.647616
0.532438
0.541831
0.660676
0.682457
0.507563
0.453309
0.545385
0.597283
0.405055
0.575773
0.744690
0.624547
0.647475
0.533596
0.581108
0.676065
0.669718
0.593864
0.672158
0.650476
0.641620
0.600891
0.704539
0.695964
0.738269
0.585930
0.608402
0.732099
0.779481
0.555121
0.667268
0.630540
0.634069
0.729526
0.833291
0.555231
0.695164
0.670490
0.551896
0.609211
0.542603
0.507955
0.460811
0.540996
0.716905
0.765140
0.599083
0.740480
0.751509
0.727423
0.758385
0.727722
0.679811
0.709240
0.761531
0.537025
0.572738
0.813289
0.693596
0.853400
0.798144
0.760909
0.691667
0.735289
0.732197
0.616268
0.558428
0.728410
0.685064
0.632799
0.698207
0.561343
0.694151
0.714764
0.735636
0.656629
0.668833
0.641429
0.766778
0.725625
0.639282
0.706574
0.717483
0.694887
0.669877
0.744671
0.584098
0.665826
0.608632
0.648034
0.616342
0.688609
0.656708
0.631670
0.650867
0.577665
0.578919
0.411024
0.526441
