0.523266
0.704156
0.531759
0.637426
0.520523
0.623543
0.655863
0.564951
0.683602
0.676911
0.369060
0.707112
0.672610
0.515518
0.550676
0.593684
0.700937
0.608342
0.687716
0.733394
0.675994
0.656155
0.721200
0.576384
0.630835
0.660112
0.656784
0.683901
0.661447
0.664783
0.687684
0.856777
0.573983
0.673865
0.719200
0.767722
0.749868
0.793883
0.706546
0.686543
0.744972
0.662914
0.683179
0.712725
0.635541
0.784414
0.581963
0.652717
0.623203
0.658080
0.638193
0.607493
0.364257
0.617087
0.629955
0.429942
0.444765
0.619543
0.519337
0.616859
0.645675
0.526431
0.499184
0.549060
0.616826
0.627084
0.567344
0.641301
0.680613
0.714258
0.696551
0.439224
0.624919
0.625849
0.627798
0.640384
0.666505
0.595028
0.617522
0.736240
0.526108
0.646163
0.626810
0.672553
0.670587
0.770466
0.651581
0.775256
0.667639
0.519454
0.714652
0.635146
0.510559
0.664528
0.552215
0.596831
0.627878
0.705004
0.682425
0.766259
0.745597
0.744857
0.556953
0.701291
0.666067
0.731843
0.702013
0.729737
0.764511
0.552071
0.728859
0.719390
0.730525
0.725702
0.656196
0.748675
0.784490
0.805659
0.654054
0.688603
0.713751
0.737309
0.644459
0.711170
0.640404
0.677505
0.782844
0.717490
0.884946
0.714235
0.730542
0.593272
0.769721
0.815620
0.710488
0.798131
0.725281
0.739382
0.701187
0.614502
0.772703
0.675130
0.661812
0.674268
0.458748
0.608836
0.709048
0.554384
0.580228
0.578282
0.684378
0.698569
0.686882
0.676544
0.550025
0.391180
0.549250
0.612126
0.570833
0.535512
0.563747
0.627748
0.661565
0.563620
0.569840
0.652985
0.609396
0.693197
0.637572
0.624994
0.638970
0.691012
0.700139
0.653228
0.719556
0.646176
0.683341
0.683823
0.672810
0.629607
0.712995
0.622277
0.622018
0.645468
0.583010
0.680722
0.743100
0.615046
0.603738
0.764879
0.584239
0.610144
0.511042
0.536635
0.509064
0.506508
0.500334
0.528883
0.523008
0.497789
0.424324
0.523734
0.437182
0.414238
0.413940
0.439286
0.592319
0.684266
0.497960
0.417877
0.512470
0.556432
0.587620
0.544533
0.349079
0.499450
0.535016
0.541289
0.615460
0.634606
0.676436
0.624337
0.602363
0.665840
0.541267
0.586824
0.442855
0.557034
0.467168
0.420487
0.505701
0.683617
0.408175
0.410747
0.655465
0.545103
0.707266
0.548034
0.521139
0.752972
0.553596
0.784207
0.683213
0.539974
0.522392
0.612641
0.662973
0.548049
0.628049
0.666243
0.702844
0.689475
0.713112
0.504340
0.620431
0.702415
0.742291
0.694068
0.659127
0.610215
0.679525
0.796517
0.616811
0.694023
0.582889
0.653907
0.744898
0.729017
0.668687
0.786223
0.742449
0.646417
0.651456
0.665295
0.660723
0.823847
0.667532
0.678127
0.713828
0.649755
0.586068
0.698511
0.639235
0.616874
0.659960
0.648502
0.591921
0.622409
0.635261
0.574069
0.448951
0.620480
0.704610
0.689699
0.639900
0.728913
0.632123
0.572563
0.656207
0.717501
0.712735
0.620883
0.702755
0.730195
0.772017
0.628257
0.647942
0.710109
0.604539
0.784782
0.751850
0.706630
0.825832
0.706955
0.608745
0.722467
0.637941
0.685648
0.712263
0.557541
0.550199
0.777289
0.640044
0.539913
0.621488
0.668960
0.616962
0.655842
0.535706
0.604927
0.583979
0.605672
0.579921
0.513383
0.511654
0.579744
0.578494
0.656650
0.546278
0.666048
0.595737
0.535491
0.579482
0.583158
0.683396
0.647869
0.706352
0.606235
0.590583
0.633747
0.691019
0.747229
0.690231
0.457241
0.777080
0.607722
0.477015
0.565050
0.706192
0.684722
0.673660
0.550300
0.560053
0.736048
0.579149
0.581065
0.503962
0.556492
0.548425
0.576739
0.442503
0.593212
0.573593
0.547134
0.568092
0.554980
0.651771
0.637756
0.633692
0.572326
0.431997
0.448398
0.658355
0.412742
0.540968
0.615326
0.627875
0.574208
0.505759
0.647214
0.672333
0.645430
0.596158
0.691744
0.710492
0.719825
0.612919
0.585834
0.651567
0.504496
0.558441
0.657155
0.572807
0.479292
0.651656
0.518719
0.662411
0.670954
0.585792
0.467631
0.508548
0.567858
0.567358
0.617057
0.479980
0.455426
0.605179
0.590999
0.589875
0.493396
0.603861
0.633492
0.560685
0.538833
0.552174
0.589893
0.700421
0.726765
0.585537
0.629291
0.651694
0.664001
0.704700
0.738358
0.619344
0.701235
0.648625
0.561219
0.588765
0.666033
0.586384
0.670727
0.459705
0.535184
0.694342
0.581174
0.534726
0.507184
0.501251
0.580349
0.608558
0.562939
0.618928
0.509515
0.652556
0.606635
0.579591
0.607504
0.512643
0.541811
0.522847
0.625691
0.609799
0.513503
0.554050
0.664170
0.577794
0.478899
0.653759
0.652372
0.711997
0.668610
0.832604
0.693744
0.589815
0.557205
0.588715
0.647141
0.604103
0.647073
0.745656
0.487868
0.527233
0.643846
0.664157
0.580538
0.558793
0.557873
0.620792
0.675075
0.630273
0.585119
0.651323
0.657952
0.660441
0.597240
0.506315
0.511402
0.592343
0.587570
0.628098
0.475322
0.668276
0.531894
0.724904
0.565706
0.642844
0.684788
0.691130
0.672049
0.719918
0.606056
0.640138
0.600322
0.612110
0.633113
0.647642
0.558522
0.777762
0.544160
0.527818
0.580511
0.551859
0.567332
0.538401
0.533129
0.545678
0.608079
0.500542
0.498857
0.625766
0.604696
0.603844
0.474951
0.613862
0.483713
0.593278
0.630106
0.545311
0.687384
0.583711
0.668659
0.361947
0.606720
0.722469
0.669234
0.699799
0.701185
0.623743
0.728055
0.522719
0.641812
0.700137
0.544236
0.666161
0.713689
0.508421
0.533392
0.687743
0.381096
0.543243
0.470813
0.534533
0.601684
0.452248
0.610931
0.608960
0.573943
0.422125
0.458613
0.482190
0.488084
0.664113
0.633688
0.503962
0.630877
0.522587
0.559397
0.540701
0.643387
0.531502
0.593825
0.646377
0.777696
0.689907
0.676888
0.583730
0.660318
0.542411
0.594322
0.689464
0.743857
0.361740
0.561794
0.651012
0.492657
0.495460
0.593542
0.534882
0.472656
0.621127
0.495345
0.542848
0.533225
0.431266
0.552846
0.551557
0.609979
0.663509
0.537675
0.570169
0.659973
0.691855
0.443762
0.617461
0.542419
0.665356
0.704447
0.827695
0.603185
0.686963
0.572519
0.650869
0.512185
0.646047
0.624434
0.681886
0.463944
0.510068
0.633892
0.474978
0.575320
0.520996
0.370266
0.492639
0.493474
0.593609
0.575169
0.449520
0.534727
0.474497
0.612385
0.594607
0.540070
0.595617
0.538005
0.625507
0.440183
0.660223
0.609303
0.579841
0.646875
0.664776
0.589561
0.721128
0.595479
0.573214
0.655100
0.532298
0.570559
0.721447
0.532513
0.474159
0.665801
0.500759
0.565181
0.531594
0.532240
0.558889
0.632640
0.353757
0.476047
0.648728
0.616380
0.614249
0.659343
0.537912
0.576738
0.659442
0.727684
0.545408
0.643723
0.642177
0.692924
0.735209
0.725006
0.645037
0.730195
0.560469
0.630701
0.590686
0.672254
0.689008
0.667433
0.351249
0.590603
0.712767
0.487825
0.425871
0.536008
0.711484
0.789881
0.577870
0.457439
0.572458
0.589083
0.705340
0.614713
0.496235
0.672430
0.626924
0.593780
0.638418
0.665586
0.644594
0.596814
0.613798
0.752482
0.709554
0.663741
0.467752
0.581166
0.628974
0.546586
0.591901
0.742742
0.476217
0.477329
0.840178
0.567925
0.557772
0.673721
0.720756
0.630014
0.555487
0.384437
0.564614
0.673119
0.574391
0.541725
0.575478
0.607650
0.578931
0.650339
0.632869
0.682236
0.698604
0.638546
0.689539
0.676683
0.640749
0.537924
0.604391
0.554128
0.541709
0.592605
0.682998
0.522183
0.400045
0.754243
0.407653
0.546621
0.593692
0.545976
0.400112
0.549920
0.441806
0.577060
0.589773
0.385533
0.635732
0.505154
0.550958
0.512624
0.563700
0.523561
0.508155
0.590008
0.664245
0.521835
0.682868
0.513848
0.553797
0.629887
0.528946
0.608909
0.699982
0.459590
0.412388
0.724489
0.597978
0.597018
0.491481
0.473020
0.571994
0.548272
0.525193
0.438518
0.462910
0.648192
0.521237
0.660921
0.612266
0.616168
0.662944
0.610248
0.574786
0.604124
0.489982
0.667043
0.538669
0.591840
0.605893
0.569936
0.579526
0.673287
0.460943
0.442573
0.659510
0.509885
0.674999
0.559228
0.697250
0.656828
0.641124
0.588220
0.648846
0.705633
0.705335
0.811069
0.490390
0.681666
0.642410
0.698786
0.829773
0.797111
0.604298
0.796158
0.684059
0.723763
0.660635
0.770062
0.749756
0.757110
0.598606
0.644047
0.791151
0.691550
0.604518
0.708017
0.487422
0.548166
0.590941
0.648980
0.671318
0.745417
0.738019
0.413334
0.632990
0.562355
0.758585
0.813113
0.733771
0.524434
0.769383
0.691714
0.707451
0.633818
0.717668
0.776985
0.742462
0.592196
0.711877
0.705285
0.544293
0.590537
0.592484
0.711963
0.665469
0.538151
0.566600
0.640575
0.679675
0.651954
0.697845
0.694665
0.676503
0.642617
0.759603
0.681557
0.687157
0.577931
0.661798
0.633623
0.664766
0.696060
0.762601
0.380419
0.527249
0.677413
0.568088
0.506115
0.545810
0.586169
0.454003
0.550680
0.473574
0.612330
0.492477
0.569612
0.484945
0.463100
0.559038
0.691461
0.523422
0.656148
0.462797
0.480034
0.554048
0.479018
0.442021
0.718591
0.424033
0.495488
0.615656
0.497542
0.659530
0.546703
0.466401
0.579152
0.532076
0.520249
0.601220
0.586743
0.683060
0.623058
0.537520
0.659270
0.731028
0.616328
0.575094
0.578863
0.556792
0.571551
0.625764
0.671012
0.505737
0.426658
0.660298
0.577932
0.521033
0.565319
0.596635
0.575942
0.564065
0.408205
0.531601
0.661371
0.646941
0.646719
0.653723
0.594827
0.673477
0.537136
0.563526
0.656630
0.529737
0.658558
0.710762
0.507801
0.452424
0.674292
0.622782
0.574705
0.680686
0.604544
0.770583
0.582187
0.636548
0.675984
0.723506
0.695464
0.495743
0.457862
0.783211
0.646927
0.660681
0.640554
0.650988
0.558731
0.711204
0.554740
0.603623
0.765594
0.575663
0.703666
0.641045
0.688229
0.633512
0.618938
0.679210
0.743257
0.664383
0.740216
0.555637
0.703985
0.590611
0.601166
0.675705
0.622363
0.658018
0.692588
0.546223
0.493953
0.770082
0.698804
0.485441
0.551867
0.622540
0.613060
0.657485
0.521065
0.601781
0.585190
0.630114
0.625160
0.462477
0.560077
0.534506
0.555210
0.566641
0.648038
0.400810
0.477823
0.679896
0.670843
0.685234
0.594078
0.747492
0.664056
0.734168
0.609012
0.701344
0.755252
0.583593
0.750717
0.711219
0.525683
0.579355
0.534386
0.716571
0.579507
0.591821
0.496222
0.614661
0.642695
0.702512
0.635397
0.604278
0.593641
0.624770
0.646227
0.697356
0.615415
0.546944
0.594109
0.557411
0.518008
0.815947
0.542251
0.554750
0.650983
0.712607
0.714039
0.689745
0.672985
0.595961
0.765059
0.792200
0.665188
0.607242
0.671561
0.627400
0.600268
0.705507
0.786187
0.622777
0.601998
0.754239
0.567961
0.529015
0.701156
0.759961
0.692078
0.609315
0.713558
0.581270
0.686755
0.655341
0.593317
0.658332
0.735234
0.573026
0.545465
0.649932
0.783797
0.690047
0.807624
0.808373
0.506656
0.802929
0.609682
0.595013
0.691010
0.692199
0.716421
0.537728
0.541462
0.606881
0.771903
0.580523
0.661704
0.742062
0.692978
0.819094
0.679309
0.711047
0.596937
0.723433
0.746531
0.886884
0.689846
0.667639
0.749233
0.631324
0.710824
0.721763
0.807089
0.725243
0.582524
0.673303
0.682669
0.658853
0.809082
0.600199
0.615139
0.740034
0.699208
0.749949
0.735553
0.710702
0.708738
0.674764
0.508732
0.555269
0.786450
0.712660
0.618777
0.724745
0.657144
0.813724
0.761171
0.727988
0.667661
0.685329
0.680011
0.796075
0.718297
0.671351
0.797610
0.827358
0.599795
0.744715
0.689214
0.618250
0.638544
0.784098
0.560980
0.630232
0.754558
0.637563
0.819896
0.607464
0.657993
0.718761
0.797109
0.606310
0.626462
0.517227
0.622507
0.629073
0.556612
0.627196
0.755920
0.475043
0.524773
0.776888
0.709008
0.668864
0.615141
0.630540
0.529323
0.536832
0.786069
0.670319
0.648872
0.662159
0.535529
0.616570
0.570685
0.535687
0.772748
0.522677
0.518591
0.732466
0.753114
0.545262
0.588182
0.641885
0.639895
0.634478
0.769833
0.477894
0.630489
0.721969
