0.040350
0.018669
0.012602
0.073828
0.008756
0.013182
0.004544
0.044695
0.013183
0.024624
0.016254
0.007552
0.006248
0.007084
0.137631
0.010724
0.033980
0.063232
0.015333
0.015754
0.065371
0.009233
0.002832
0.006570
0.011476
0.006950
0.017441
0.007278
0.007678
0.021215
0.006953
0.014750
0.024319
0.008111
0.008800
0.013058
0.008297
0.011712
0.013999
0.012551
0.039610
0.017635
0.039912
0.015413
0.022441
0.062807
0.006435
0.016319
0.011342
0.024475
0.038244
0.022030
0.042021
0.032509
0.042986
0.011473
0.050839
0.009694
0.057510
0.028943
0.040569
0.025862
0.041931
0.025557
0.010685
0.014391
0.027272
0.025980
0.037832
0.025120
0.038575
0.033306
0.035634
0.055835
0.041370
0.030280
0.044430
0.063256
0.057450
0.033046
0.025965
0.040757
0.047984
0.029387
0.059139
0.021092
0.024377
0.047989
0.015801
0.018125
0.014362
0.062593
0.024159
0.015686
0.030230
0.014407
0.060414
0.028533
0.039560
0.010928
0.008966
0.022046
0.015476
0.020947
0.015638
0.038217
0.015135
0.021664
0.011048
0.090485
0.017391
0.018138
0.030679
0.021844
0.017424
0.062977
0.014421
0.017370
0.017392
0.018672
0.026411
0.021084
0.012548
0.024471
0.028872
0.035190
0.005852
0.023523
0.019176
0.027755
0.015196
0.028602
0.010039
0.005862
0.023423
0.021092
0.013838
0.017967
0.041646
0.016689
0.033629
0.022741
0.014335
0.034833
0.078363
0.021482
0.026032
0.015419
0.043350
0.026069
0.025589
0.026342
0.011001
0.012047
0.009588
0.129381
0.020031
0.034177
0.056537
0.017760
0.022045
0.033013
0.012429
0.010020
0.018824
0.018485
0.021631
0.039654
0.013491
0.019074
0.040638
0.011827
0.031720
0.030112
0.021389
0.024785
0.029420
0.022982
0.022650
0.018120
0.017553
0.030058
0.015148
0.045539
0.036178
0.027695
0.052543
0.012036
0.016983
0.026729
0.063683
0.051248
0.084370
0.018373
0.076792
0.029286
0.092490
0.062923
0.079238
0.057118
0.027230
0.048966
0.025158
0.025137
0.053575
0.051073
0.075705
0.052527
0.072417
0.062793
0.060995
0.089934
0.055806
0.062722
0.077771
0.080725
0.100179
0.052077
0.046013
0.070454
0.079309
0.052105
0.090252
0.040547
0.045282
0.075109
0.033455
0.046773
0.019905
0.094552
0.039510
0.021349
0.066755
0.035069
0.089818
0.005378
0.010336
0.036395
0.010982
0.023233
0.014573
0.012845
0.010198
0.008594
0.127713
0.018443
0.027425
0.060389
0.014126
0.011396
0.079989
0.008935
0.006275
0.015707
0.007198
0.012649
0.012910
0.013554
0.016618
0.010885
0.016264
0.012946
0.020612
0.007477
0.013233
0.012272
0.007787
0.008914
0.007315
0.007196
0.038458
0.020313
0.028088
0.019082
0.018189
0.051644
0.015315
0.015606
0.012558
0.015007
0.028538
0.009106
0.020479
0.019189
0.016251
0.015637
0.008964
0.109876
0.020984
0.019601
0.053695
0.012191
0.010227
0.075751
0.007744
0.011011
0.019486
0.010954
0.022113
0.016435
0.013409
0.021988
0.014245
0.023406
0.009505
0.012898
0.006242
0.020214
0.014965
0.013537
0.005668
0.007766
0.010354
0.033346
0.023547
0.016618
0.027234
0.014785
0.044065
0.018057
0.013462
0.017257
0.050523
0.013895
0.025664
0.014492
0.008254
0.005314
0.007580
0.145809
0.015223
0.035648
0.067240
0.015859
0.016254
0.069580
0.010307
0.002924
0.009940
0.010390
0.007612
0.018880
0.009484
0.010111
0.021276
0.007701
0.018124
0.024058
0.008674
0.009041
0.012832
0.007430
0.013773
0.016289
0.012275
0.043903
0.018598
0.041641
0.014337
0.023465
0.066207
0.006037
0.017938
0.012549
0.045870
0.012866
0.065511
0.033857
0.046000
0.027973
0.046976
0.033321
0.013347
0.010928
0.031713
0.028753
0.047494
0.030177
0.042736
0.037676
0.037753
0.061628
0.043249
0.032514
0.054021
0.058956
0.067489
0.026413
0.031227
0.044414
0.055718
0.035306
0.062627
0.024003
0.016953
0.047326
0.012084
0.020674
0.014389
0.075816
0.026676
0.011814
0.042078
0.021615
0.065401
0.032238
0.019028
0.021118
0.015349
0.011917
0.146175
0.029925
0.032903
0.075778
0.014517
0.016433
0.083133
0.015245
0.010353
0.025517
0.016019
0.023004
0.028022
0.017342
0.029568
0.011150
0.022137
0.017734
0.016072
0.008409
0.023402
0.026858
0.010725
0.016546
0.014659
0.007951
0.042626
0.029320
0.034747
0.030859
0.020595
0.059077
0.021803
0.024655
0.011612
0.037366
0.015069
0.022630
0.015280
0.065508
0.016513
0.013302
0.019479
0.015162
0.014995
0.041626
0.014606
0.021925
0.018165
0.017191
0.034378
0.023416
0.019746
0.030559
0.039702
0.037624
0.020958
0.020708
0.026768
0.029373
0.016619
0.036702
0.014670
0.013115
0.029251
0.018063
0.012330
0.015071
0.039826
0.015299
0.019367
0.019340
0.007932
0.040218
0.023919
0.014457
0.019554
0.160386
0.032125
0.043883
0.094441
0.014124
0.015595
0.092812
0.014208
0.012065
0.029102
0.010585
0.019363
0.022399
0.028042
0.021325
0.013861
0.011848
0.038972
0.024518
0.010237
0.014776
0.022189
0.007820
0.020737
0.026839
0.009767
0.064563
0.038308
0.045364
0.012750
0.027027
0.075188
0.016773
0.025530
0.008905
0.006677
0.006351
0.118724
0.010165
0.027433
0.042881
0.014128
0.012610
0.046980
0.008329
0.006692
0.007570
0.010300
0.013859
0.020099
0.007699
0.011141
0.028996
0.012492
0.014636
0.024991
0.014068
0.014716
0.011435
0.018140
0.012458
0.010767
0.017437
0.027088
0.010306
0.034267
0.024480
0.018467
0.049137
0.006165
0.011474
0.023355
0.007286
0.140054
0.015989
0.033235
0.065328
0.014123
0.013815
0.057764
0.009025
0.004234
0.012239
0.008059
0.008975
0.021021
0.010498
0.013103
0.021129
0.008067
0.021011
0.023305
0.009649
0.013682
0.015262
0.009703
0.014362
0.014374
0.009491
0.038616
0.017122
0.038842
0.017247
0.020687
0.058233
0.006621
0.014361
0.012693
0.109323
0.013090
0.016675
0.044206
0.010470
0.009527
0.046809
0.005755
0.003713
0.012166
0.009299
0.014060
0.020456
0.004975
0.013694
0.022907
0.013555
0.013136
0.016237
0.009564
0.015222
0.013135
0.012596
0.006454
0.005340
0.009358
0.022030
0.008068
0.025414
0.027225
0.015313
0.038676
0.007850
0.007978
0.017660
0.098725
0.052763
0.038394
0.108614
0.108062
0.092707
0.105886
0.135193
0.117908
0.121841
0.156951
0.115723
0.116022
0.139726
0.159699
0.166990
0.110166
0.097342
0.136087
0.144306
0.106155
0.162654
0.090446
0.096229
0.142151
0.063984
0.087426
0.053609
0.161471
0.094621
0.037171
0.121732
0.078098
0.160334
0.028032
0.040836
0.021071
0.024074
0.055320
0.012741
0.012888
0.005577
0.018359
0.016059
0.016942
0.010777
0.010303
0.034948
0.022136
0.015608
0.026397
0.020453
0.017400
0.010650
0.025362
0.012774
0.017650
0.027220
0.030266
0.013361
0.031499
0.021508
0.021435
0.048363
0.009291
0.010130
0.025081
0.026426
0.019197
0.017356
0.049108
0.017729
0.029168
0.034256
0.025205
0.047701
0.032848
0.026733
0.043908
0.044442
0.049076
0.029244
0.015821
0.029092
0.041473
0.025667
0.042353
0.011198
0.014192
0.029464
0.014138
0.015661
0.008405
0.055422
0.018173
0.013339
0.026723
0.011946
0.042599
0.051019
0.048780
0.043068
0.048282
0.061696
0.045925
0.057424
0.078289
0.059939
0.045081
0.065549
0.092174
0.085837
0.040528
0.055526
0.069637
0.072473
0.046692
0.089837
0.042558
0.034994
0.077056
0.018179
0.026980
0.032752
0.095908
0.045577
0.020750
0.055277
0.034113
0.095256
0.005098
0.054428
0.005982
0.010898
0.021956
0.009031
0.028088
0.024363
0.019655
0.024493
0.017646
0.019300
0.025335
0.008400
0.008934
0.022063
0.019286
0.017998
0.011356
0.011488
0.009796
0.029423
0.020573
0.022112
0.026420
0.009655
0.039272
0.011737
0.011235
0.015691
0.061154
0.007883
0.011391
0.023130
0.007575
0.025960
0.019367
0.020194
0.023723
0.018986
0.020845
0.022385
0.013535
0.009949
0.017359
0.014418
0.017122
0.008799
0.009198
0.011257
0.029812
0.017718
0.020588
0.028513
0.011807
0.036321
0.013776
0.011942
0.021197
0.051525
0.061701
0.062072
0.068098
0.082931
0.098762
0.050614
0.070285
0.108480
0.070670
0.074502
0.062616
0.075912
0.088424
0.077114
0.093391
0.063157
0.052758
0.071376
0.029728
0.037338
0.064597
0.106445
0.056548
0.048280
0.051443
0.041687
0.092933
0.006276
0.014294
0.005767
0.018565
0.018436
0.011371
0.014328
0.019565
0.013719
0.018301
0.010826
0.006557
0.016364
0.012322
0.013982
0.005673
0.007923
0.008318
0.027774
0.014997
0.018955
0.020802
0.010357
0.040472
0.005492
0.005677
0.014266
0.009992
0.007027
0.006677
0.017344
0.008071
0.008813
0.016561
0.005862
0.016134
0.019619
0.006584
0.008596
0.012172
0.005085
0.010259
0.010702
0.006917
0.036910
0.014838
0.035470
0.015514
0.017569
0.055793
0.005604
0.012698
0.010136
0.016374
0.010860
0.013445
0.007845
0.008119
0.034079
0.015635
0.011844
0.032956
0.017970
0.012027
0.008404
0.019453
0.014139
0.017613
0.026769
0.037611
0.015930
0.039180
0.019183
0.027082
0.059180
0.009214
0.016044
0.024397
0.015277
0.012862
0.017948
0.016406
0.015054
0.013727
0.022015
0.018331
0.009710
0.011343
0.010361
0.010221
0.010119
0.010851
0.008068
0.039147
0.018301
0.026434
0.015674
0.013742
0.046167
0.009132
0.010239
0.014327
0.015738
0.013640
0.006739
0.026619
0.008674
0.021640
0.040460
0.016765
0.007961
0.013142
0.008041
0.020106
0.024556
0.019604
0.058970
0.025223
0.053893
0.011656
0.033369
0.079738
0.013361
0.023014
0.016743
0.022063
0.016553
0.024508
0.025189
0.019156
0.033985
0.018709
0.010273
0.004380
0.016134
0.011578
0.021977
0.025847
0.054341
0.028067
0.032415
0.014111
0.028140
0.060007
0.019336
0.018804
0.023105
0.012255
0.031759
0.016519
0.009623
0.025845
0.013394
0.019242
0.015114
0.018074
0.010758
0.011805
0.018997
0.026169
0.013152
0.033750
0.029673
0.024631
0.051381
0.011276
0.013529
0.022565
0.032045
0.008698
0.020381
0.037489
0.016390
0.008846
0.010392
0.014547
0.016899
0.023351
0.024467
0.053397
0.023831
0.047793
0.014267
0.029616
0.075792
0.009365
0.018459
0.021946
0.026928
0.028704
0.018666
0.011184
0.026037
0.027291
0.011699
0.022385
0.022332
0.009306
0.060494
0.042946
0.039846
0.022080
0.019971
0.072404
0.027233
0.029393
0.010701
0.031285
0.035557
0.012689
0.010706
0.020505
0.007519
0.022225
0.025747
0.014651
0.059098
0.029341
0.057271
0.014153
0.032151
0.083339
0.009548
0.024251
0.013753
0.028829
0.017560
0.023756
0.014833
0.024691
0.013467
0.011696
0.027290
0.031739
0.020915
0.028576
0.036321
0.024686
0.050769
0.023288
0.020546
0.032365
0.012469
0.036386
0.028657
0.026963
0.012842
0.016494
0.013714
0.027140
0.026828
0.013984
0.037597
0.008029
0.035654
0.019198
0.013528
0.020252
0.015920
0.016757
0.007614
0.009072
0.014101
0.006623
0.042081
0.027157
0.028693
0.018456
0.015715
0.060943
0.010856
0.016392
0.008145
0.008118
0.009111
0.015875
0.022652
0.020590
0.057737
0.024301
0.046075
0.010415
0.031885
0.070553
0.012522
0.022050
0.017990
0.017140
0.008144
0.015452
0.024012
0.041759
0.016990
0.027457
0.015066
0.021914
0.050515
0.011219
0.012381
0.024717
0.016252
0.021095
0.007398
0.060451
0.031834
0.046169
0.011575
0.027003
0.076521
0.014745
0.023773
0.006776
0.007896
0.013739
0.025148
0.013843
0.013287
0.024768
0.013996
0.035424
0.010522
0.007013
0.017868
0.012600
0.017729
0.010410
0.018489
0.035969
0.014098
0.029056
0.015761
0.010410
0.024464
0.041092
0.025418
0.032090
0.023351
0.015829
0.054393
0.014704
0.016686
0.007712
0.013384
0.023773
0.078079
0.028791
0.015294
0.034512
0.021588
0.058164
0.027914
0.041614
0.020846
0.026133
0.013810
0.010545
0.036559
0.054614
0.016057
0.017381
0.033503
0.013747
0.044801
0.034448
0.090149
0.016281
0.027408
0.012910
0.034578
0.017131
0.009647
0.026445
0.054356
0.026779
0.076822
0.010187
0.015412
0.024879
