0.044532
0.035299
0.048535
0.140234
0.075989
0.040314
0.036097
0.052383
0.046901
0.047482
0.049064
0.033692
0.013707
0.032871
0.066071
0.030550
0.047671
0.023603
0.024638
0.091438
0.040875
0.040079
0.068831
0.074939
0.046462
0.021457
0.118236
0.024205
0.050568
0.041205
0.147418
0.042489
0.047715
0.082289
0.045351
0.043203
0.078465
0.057905
0.030588
0.029055
0.053305
0.017787
0.083325
0.049706
0.042732
0.034799
0.143885
0.037974
0.053606
0.008406
0.035773
0.072608
0.028710
0.027739
0.042593
0.042645
0.033041
0.068302
0.029871
0.029902
0.035776
0.058662
0.051607
0.032790
0.010054
0.022125
0.011181
0.080274
0.016040
0.038903
0.107705
0.083118
0.055649
0.026772
0.097864
0.025497
0.041826
0.044392
0.075920
0.038195
0.044521
0.049870
0.025319
0.038960
0.016388
0.014715
0.078778
0.026209
0.091086
0.022834
0.053964
0.037022
0.038158
0.020451
0.103019
0.079841
0.020123
0.022033
0.073476
0.036925
0.018659
0.026109
0.028336
0.035606
0.060094
0.018058
0.019327
0.030449
0.037386
0.038698
0.018331
0.008853
0.011910
0.009504
0.062878
0.016090
0.029350
0.079655
0.062875
0.034510
0.019369
0.096134
0.019243
0.026368
0.028971
0.075334
0.027206
0.044933
0.040731
0.017612
0.023533
0.022124
0.024818
0.064313
0.015617
0.060839
0.013791
0.041750
0.031644
0.036210
0.013510
0.119978
0.066909
0.012836
0.076437
0.058699
0.013728
0.014412
0.022524
0.043517
0.049830
0.008568
0.018132
0.047289
0.017782
0.027632
0.015317
0.029463
0.013764
0.029112
0.026836
0.041844
0.029366
0.043941
0.053800
0.028611
0.024188
0.066979
0.033199
0.038009
0.026136
0.070513
0.052277
0.084258
0.025946
0.012347
0.014395
0.030447
0.053064
0.093898
0.030938
0.038438
0.029762
0.035978
0.030086
0.077472
0.018597
0.145292
0.062689
0.020052
0.110448
0.098889
0.103335
0.096065
0.090291
0.108340
0.076305
0.081541
0.116530
0.110367
0.069965
0.075167
0.061254
0.095810
0.084661
0.097837
0.083271
0.078230
0.135441
0.114506
0.098198
0.109030
0.087905
0.087224
0.067824
0.074322
0.083388
0.091517
0.143281
0.074354
0.070956
0.087907
0.061422
0.062700
0.185177
0.082002
0.167308
0.097583
0.044274
0.078211
0.124756
0.069415
0.113930
0.132381
0.070311
0.037229
0.073534
0.054619
0.047214
0.088219
0.049662
0.050589
0.072728
0.075599
0.062429
0.055390
0.037324
0.039375
0.034875
0.103779
0.023002
0.059965
0.135446
0.090656
0.079208
0.066977
0.123219
0.063307
0.074697
0.061828
0.069559
0.059480
0.080047
0.058952
0.042471
0.063774
0.024712
0.048734
0.124371
0.056762
0.108029
0.060020
0.063610
0.056576
0.062807
0.049321
0.123432
0.135413
0.027692
0.021163
0.014043
0.042871
0.053629
0.012506
0.016456
0.040893
0.025819
0.036291
0.016566
0.028824
0.011526
0.021664
0.046909
0.030207
0.037766
0.053417
0.058289
0.034122
0.024403
0.084164
0.038756
0.045293
0.030271
0.075482
0.047309
0.075771
0.037273
0.015354
0.014541
0.027216
0.052525
0.087519
0.031331
0.036902
0.030660
0.050483
0.037130
0.064525
0.021093
0.150325
0.070901
0.019311
0.032991
0.056636
0.040534
0.014749
0.021174
0.026928
0.012490
0.027702
0.014919
0.033893
0.015203
0.031051
0.029723
0.048290
0.025645
0.036186
0.036073
0.024952
0.018130
0.067803
0.022813
0.038997
0.025725
0.086137
0.047664
0.067064
0.027874
0.017417
0.016516
0.050077
0.060435
0.064946
0.020306
0.034648
0.016692
0.044232
0.034746
0.057883
0.010938
0.159592
0.039213
0.026167
0.070812
0.075859
0.016754
0.011700
0.054185
0.035863
0.043073
0.017713
0.033972
0.020270
0.034101
0.068275
0.037004
0.055716
0.051140
0.057779
0.029694
0.035495
0.114064
0.054110
0.039846
0.023324
0.097341
0.041033
0.090731
0.051814
0.031227
0.011031
0.041791
0.076576
0.094122
0.036169
0.028858
0.042002
0.061876
0.059204
0.077562
0.032394
0.191345
0.076844
0.028254
0.045039
0.050600
0.049492
0.047715
0.047098
0.055069
0.044919
0.040126
0.036023
0.033706
0.073371
0.042298
0.025930
0.101990
0.098399
0.072016
0.042473
0.079865
0.034943
0.064178
0.060682
0.096030
0.070003
0.070435
0.058546
0.035626
0.057182
0.037595
0.025296
0.093615
0.049603
0.099769
0.037303
0.053706
0.026379
0.064099
0.037371
0.078464
0.085693
0.047272
0.061145
0.054582
0.035845
0.032375
0.057974
0.044965
0.067747
0.041632
0.050630
0.058172
0.082349
0.039791
0.065014
0.088051
0.084479
0.041128
0.055325
0.042680
0.092502
0.064815
0.127411
0.099321
0.095899
0.066546
0.050236
0.055215
0.078396
0.063374
0.104199
0.055692
0.089931
0.042728
0.058823
0.025751
0.090941
0.037004
0.084360
0.043563
0.065747
0.011827
0.043603
0.021742
0.018779
0.009439
0.022464
0.014860
0.025122
0.035322
0.028190
0.028534
0.044410
0.035837
0.017952
0.030113
0.073617
0.032974
0.025894
0.017263
0.059022
0.034529
0.075090
0.020380
0.010610
0.011587
0.024459
0.053683
0.087329
0.023684
0.038329
0.026565
0.031598
0.040463
0.061048
0.013013
0.163441
0.066610
0.011988
0.032501
0.021823
0.025915
0.008153
0.018873
0.013142
0.019712
0.059171
0.023994
0.030198
0.041340
0.038081
0.018055
0.024133
0.093338
0.028526
0.025986
0.012093
0.092526
0.028070
0.061278
0.038146
0.022128
0.008740
0.035254
0.052733
0.067162
0.017810
0.031259
0.020408
0.044625
0.042316
0.049822
0.015744
0.158876
0.050871
0.021882
0.034004
0.054595
0.025076
0.037749
0.025422
0.022623
0.077998
0.042516
0.034791
0.067265
0.065035
0.051554
0.019763
0.088122
0.016640
0.049558
0.036802
0.128347
0.042791
0.045008
0.066377
0.037976
0.038731
0.067818
0.045045
0.040863
0.019149
0.067092
0.010367
0.069032
0.039518
0.036879
0.021277
0.128440
0.030395
0.047176
0.024149
0.015006
0.045219
0.018522
0.039014
0.034960
0.051995
0.018803
0.027858
0.036588
0.024660
0.030397
0.072151
0.028647
0.043485
0.023887
0.101433
0.053781
0.078932
0.036173
0.023795
0.022585
0.061799
0.071834
0.071194
0.029551
0.026935
0.024085
0.040868
0.033581
0.068252
0.020885
0.158220
0.047256
0.035809
0.016868
0.034715
0.035271
0.041704
0.034629
0.036673
0.017886
0.047314
0.017919
0.022074
0.059096
0.061941
0.036251
0.028902
0.018642
0.055381
0.039872
0.086885
0.013059
0.022149
0.029555
0.042060
0.063880
0.101581
0.030765
0.060929
0.035527
0.012712
0.047610
0.064013
0.019910
0.149038
0.076747
0.023719
0.022401
0.012955
0.020924
0.041792
0.026470
0.020920
0.035664
0.033170
0.017015
0.025239
0.072635
0.023915
0.020546
0.008407
0.079571
0.026479
0.068139
0.028570
0.013562
0.011168
0.037554
0.051223
0.070746
0.015755
0.035262
0.016912
0.030679
0.035252
0.052244
0.009813
0.150217
0.047218
0.018142
0.018548
0.014493
0.071626
0.015013
0.026663
0.089309
0.057440
0.034907
0.026342
0.103623
0.020475
0.023191
0.024682
0.075989
0.025004
0.044681
0.036210
0.021135
0.029120
0.020112
0.025113
0.070256
0.014053
0.071937
0.018204
0.040291
0.031507
0.032963
0.013960
0.123632
0.075264
0.014157
0.013386
0.049609
0.024298
0.025046
0.057926
0.054311
0.029982
0.011123
0.090037
0.021402
0.033717
0.022585
0.084660
0.033849
0.057353
0.036961
0.012818
0.014897
0.031164
0.043225
0.062841
0.018958
0.037911
0.014647
0.045847
0.023913
0.049890
0.013174
0.134177
0.054704
0.014704
0.071148
0.014063
0.032741
0.082329
0.064040
0.040963
0.021162
0.096379
0.017483
0.035274
0.030929
0.086997
0.028751
0.041741
0.049474
0.023978
0.028045
0.030332
0.028489
0.058167
0.018311
0.066916
0.015247
0.047291
0.031804
0.033460
0.018130
0.106122
0.057893
0.020235
0.088523
0.045869
0.048885
0.063070
0.060993
0.065075
0.046276
0.066438
0.073373
0.059004
0.063306
0.096968
0.142134
0.024511
0.031978
0.043139
0.060814
0.095697
0.147200
0.069044
0.072950
0.061154
0.038356
0.048790
0.127814
0.041846
0.160924
0.084301
0.050046
0.033976
0.096873
0.052960
0.033816
0.045005
0.116188
0.031543
0.023760
0.026247
0.071523
0.014446
0.048505
0.045405
0.026791
0.039171
0.026760
0.034993
0.069030
0.021583
0.076308
0.027111
0.043281
0.050305
0.030079
0.026762
0.135174
0.091025
0.017034
0.060000
0.039155
0.028487
0.036097
0.067961
0.017099
0.028869
0.025762
0.079435
0.040286
0.059304
0.026717
0.019009
0.038177
0.042764
0.037573
0.069891
0.022445
0.064842
0.018457
0.024881
0.023368
0.044398
0.014698
0.117021
0.060981
0.028060
0.049357
0.040988
0.066196
0.082639
0.074830
0.069404
0.044235
0.135998
0.088159
0.138277
0.065554
0.060768
0.032293
0.099150
0.128801
0.113206
0.062356
0.032277
0.060546
0.072280
0.077028
0.119905
0.056080
0.225074
0.050593
0.078902
0.018938
0.078176
0.096403
0.050640
0.035664
0.023342
0.082569
0.038995
0.091209
0.032600
0.043742
0.043001
0.079011
0.101823
0.088259
0.034490
0.056486
0.047711
0.039517
0.081019
0.060321
0.038205
0.212856
0.080173
0.042881
0.045280
0.110631
0.035445
0.013061
0.011062
0.089932
0.021557
0.071052
0.035966
0.029171
0.022704
0.057668
0.076741
0.060194
0.021764
0.028136
0.030167
0.042807
0.064232
0.049921
0.026895
0.203514
0.067332
0.029113
0.098799
0.019705
0.048992
0.039656
0.123127
0.051569
0.048224
0.058080
0.027328
0.025234
0.049022
0.040627
0.050199
0.022992
0.048838
0.013817
0.073084
0.029508
0.051122
0.018463
0.134583
0.037186
0.035131
0.085197
0.112680
0.093281
0.079989
0.134587
0.160940
0.061037
0.060506
0.085310
0.082408
0.085253
0.188168
0.093758
0.145426
0.089378
0.054735
0.066819
0.145195
0.063121
0.114901
0.090177
0.086405
0.031877
0.029773
0.103254
0.033597
0.026929
0.046780
0.026918
0.036611
0.050862
0.026669
0.039500
0.010960
0.067451
0.007263
0.044308
0.028926
0.022947
0.013368
0.110568
0.041045
0.029971
0.013237
0.080368
0.009328
0.066765
0.041789
0.029068
0.032780
0.049357
0.056265
0.062284
0.017435
0.061196
0.028602
0.035758
0.057966
0.043270
0.026867
0.176473
0.076866
0.027154
0.081506
0.017019
0.071449
0.032438
0.022737
0.018987
0.047074
0.063255
0.068578
0.014529
0.038766
0.025652
0.032806
0.047766
0.048214
0.019036
0.171189
0.062761
0.022068
0.091499
0.162588
0.034177
0.050329
0.085761
0.040364
0.092586
0.201444
0.091612
0.147423
0.103270
0.040939
0.087909
0.126438
0.069948
0.160042
0.177000
0.046117
0.055714
0.054503
0.036951
0.039799
0.054526
0.059269
0.049825
0.017555
0.067569
0.028708
0.051351
0.067652
0.029633
0.032590
0.179384
0.083725
0.028508
0.098878
0.074260
0.081488
0.086506
0.042276
0.033914
0.036658
0.105987
0.033765
0.100242
0.081261
0.016941
0.049423
0.151640
0.075927
0.063713
0.017595
0.036789
0.030828
0.063947
0.120055
0.040225
0.073052
0.043504
0.019832
0.045729
0.078027
0.022266
0.152746
0.093509
0.019989
0.022359
0.022951
0.038565
0.090688
0.023209
0.056176
0.024129
0.027336
0.026712
0.058924
0.011092
0.133306
0.070663
0.010462
0.038044
0.065488
0.079389
0.026048
0.025937
0.026726
0.045949
0.042109
0.066010
0.021008
0.168691
0.051565
0.026983
0.033353
0.126017
0.045017
0.092988
0.046131
0.040519
0.039167
0.070123
0.029139
0.117285
0.109940
0.017542
0.086817
0.037814
0.126214
0.034016
0.055803
0.038115
0.042364
0.030913
0.070100
0.081898
0.040067
0.042023
0.080074
0.037248
0.125196
0.095912
0.031812
0.066057
0.205126
0.060152
0.089920
0.054298
0.008306
0.041030
0.034684
0.021974
0.011540
0.143391
0.048028
0.022077
0.052235
0.094665
0.083426
0.096322
0.055919
0.257366
0.075168
0.062941
0.049138
0.030166
0.027314
0.010778
0.130233
0.037070
0.028125
0.040495
0.075720
0.029753
0.114371
0.092817
0.026606
0.069448
0.026299
0.083139
0.066220
0.037595
0.038745
0.149834
0.077662
0.047555
0.123517
0.045970
0.013429
0.156399
0.136329
0.086083
