0.724257
0.809243
0.716218
0.864712
0.628348
0.669160
0.716775
0.735248
0.751708
0.669176
0.731763
0.635147
0.497770
0.706821
0.793928
0.649688
0.677798
0.607289
0.585287
0.552870
0.384398
0.602383
0.721506
0.804491
0.760370
0.621356
0.556375
0.791628
0.704947
0.690660
0.649686
0.559496
0.697759
0.664630
0.726689
0.625281
0.595642
0.659191
0.735878
0.641257
0.646460
0.708914
0.779790
0.736166
0.672156
0.707692
0.649549
0.843523
0.782651
0.766908
0.737004
0.690287
0.535074
0.727773
0.639865
0.694114
0.824829
0.874827
0.759505
0.469764
0.628426
0.611394
0.697751
0.666079
0.574556
0.655060
0.639952
0.676471
0.514564
0.553579
0.607089
0.681198
0.509196
0.670058
0.583683
0.797504
0.785558
0.691972
0.655094
0.610096
0.626324
0.595658
0.588041
0.573418
0.674456
0.620481
0.615425
0.598560
0.665903
0.384621
0.639833
0.496679
0.680293
0.660398
0.714101
0.512154
0.650766
0.668635
0.739566
0.728040
0.709177
0.757425
0.818295
0.789021
0.901802
0.924116
0.686768
0.821547
0.715760
0.675571
0.711819
0.662378
0.752678
0.797268
0.897652
0.858762
0.717762
0.720824
0.844646
0.850892
0.808125
0.740438
0.717720
0.792122
0.616311
0.639474
0.767816
0.885049
0.677667
0.854181
0.662845
0.801471
0.787019
0.854157
0.647401
0.604376
0.802465
0.440507
0.901530
0.717187
0.891890
0.783436
0.867620
0.812129
0.739320
0.714617
0.640555
0.885244
0.755808
0.880390
0.932037
0.787949
0.706847
0.608158
0.933229
0.669580
0.736095
0.762497
0.638216
0.707464
0.708367
0.680961
0.831178
0.708715
0.947571
0.765256
0.790468
0.703336
0.904701
0.828853
0.634344
0.717009
0.812719
0.712174
0.751211
0.771304
0.870864
0.757251
0.648454
0.810869
0.721578
0.586775
0.675989
0.650451
0.848404
0.852787
0.872362
0.928836
0.741732
0.744965
0.651646
0.836632
0.716277
0.668777
0.818602
0.893123
0.692276
0.764682
0.817829
0.849335
0.618505
0.765201
0.762800
0.770950
0.831152
0.797983
0.837178
0.768615
0.723139
0.840621
0.858407
0.815165
0.777534
0.796502
0.864101
0.611409
0.872990
0.884770
0.733316
0.672408
0.829650
0.731628
0.833773
0.740338
0.523008
0.746490
0.702756
0.816840
0.576195
0.763824
0.847045
0.682800
0.738407
0.782721
0.657482
0.751025
0.718651
0.550533
0.786119
0.922918
0.799281
0.604731
0.658008
0.660774
0.599711
0.675367
0.627506
0.603013
0.552890
0.574125
0.588299
0.654789
0.619453
0.638849
0.700044
0.715466
0.538252
0.813630
0.621236
0.635519
0.750793
0.660835
0.586668
0.549713
0.594548
0.575208
0.567961
0.523033
0.641064
0.593186
0.568773
0.524566
0.605226
0.499723
0.517202
0.634880
0.718744
0.465823
0.531801
0.724537
0.739344
0.862979
0.930007
0.808615
0.727296
0.481564
0.773276
0.643238
0.683850
0.614456
0.570591
0.474038
0.597218
0.638479
0.712227
0.659778
0.834300
0.783133
0.765034
0.613648
0.833025
0.830266
0.720413
0.734523
0.670405
0.723144
0.682824
0.732049
0.752416
0.649432
0.665710
0.668571
0.636117
0.566460
0.763914
0.768921
0.813631
0.726670
0.771502
0.849058
0.667719
0.661898
0.665163
0.670665
0.831188
0.724637
0.756189
0.724645
0.603111
0.705631
0.599764
0.535710
0.620934
0.676273
0.737405
0.733349
0.581773
0.582024
0.587496
0.730968
0.566473
0.579172
0.702125
0.721726
0.769817
0.712666
0.653743
0.713251
0.564294
0.566451
0.529282
0.704928
0.711922
0.588996
0.557468
0.692265
0.760596
0.744420
0.581825
0.520838
0.749408
0.574827
0.596816
0.626672
0.824999
0.944297
0.841137
0.762042
0.672427
0.778939
0.577459
0.482506
0.573782
0.620506
0.556973
0.715887
0.716615
0.671074
0.722624
0.665373
0.819225
0.721648
0.695549
0.712738
0.748228
0.780393
0.750054
0.806512
0.602632
0.537664
0.621949
0.650841
0.594869
0.651741
0.543124
0.641971
0.736671
0.653238
0.681338
0.594640
0.652009
0.671024
0.863846
0.562191
0.487822
0.882102
0.946193
0.804832
0.741303
0.767063
0.882013
0.780163
0.794510
0.754861
0.806864
0.645602
0.797334
0.682262
0.794612
0.808366
0.914584
0.769999
0.750826
0.695961
0.750277
0.786872
0.873946
0.838979
0.809770
0.774502
0.839530
0.669377
0.697220
0.870959
0.826196
0.678013
0.778153
0.887092
0.794988
0.863644
0.687830
0.835926
0.627266
0.827031
0.794536
0.871170
0.853695
0.965345
0.908311
1.001009
0.828576
0.862430
0.920964
0.885920
0.926939
0.897935
0.829608
0.984387
0.893516
0.833581
0.825775
0.963704
0.966167
0.896696
0.928372
0.904204
0.802128
0.953342
0.875183
1.024505
0.817170
0.901370
0.950564
0.898904
0.925844
0.968960
0.989166
0.941839
0.991557
0.934407
0.909504
0.750732
1.004745
0.993838
0.828131
0.853835
0.797844
0.698196
0.758433
0.738043
0.795511
0.780700
0.821564
0.825425
0.795608
0.758329
0.834450
0.928157
0.825158
0.765269
0.836194
0.798056
0.809882
0.775326
0.814179
0.759938
0.783441
0.774533
0.839082
0.838758
0.777081
0.605067
0.746063
0.860675
0.764931
0.787844
0.736064
0.905552
0.826268
0.776553
0.749740
0.839723
0.671152
0.747097
0.737554
0.773053
0.678096
0.653769
0.569196
0.677722
0.547624
0.664855
0.685317
0.736358
0.724101
0.718455
0.727186
0.775645
0.750125
0.609510
0.664005
0.651311
0.648189
0.512547
0.667584
0.605152
0.532900
0.582511
0.731005
0.688336
0.720974
0.572096
0.589917
0.655650
0.746919
0.724580
0.624692
0.700177
0.731035
0.764728
0.716783
0.702705
0.609838
0.563992
0.574840
0.299616
0.503116
0.682400
0.652629
0.799506
0.770654
0.701440
0.508253
0.784266
0.744862
0.587482
0.664375
0.607390
0.624037
0.702239
0.601002
0.715359
0.582580
0.562890
0.720241
0.569938
0.469244
0.627740
0.692389
0.695954
0.685613
0.742781
0.755744
0.686449
0.703261
0.794185
0.675176
0.657793
0.647390
0.789330
0.719169
0.709091
0.548785
0.788959
0.755484
0.794570
0.653948
0.590655
0.741654
0.697374
0.751419
0.648250
0.604409
0.708223
0.672013
0.715313
0.472461
0.715686
0.718218
0.683693
0.570658
0.721128
0.655544
0.760989
0.695696
0.642811
0.705674
0.743106
0.755505
0.797677
0.740699
0.613017
0.707464
0.670626
0.783607
0.775078
0.735969
0.593573
0.680675
0.864456
0.766128
0.626095
0.815147
0.834603
0.642813
0.696037
0.826211
0.701937
0.626282
0.666135
0.692052
0.749708
0.665434
0.620818
0.528892
0.582183
0.729405
0.563025
0.670596
0.623492
0.814121
0.804795
0.667888
0.648677
0.638364
0.641002
0.693333
0.704052
0.717890
0.594332
0.774075
0.720706
0.799275
0.622166
0.612525
0.729509
0.770818
0.743778
0.694582
0.586185
0.729287
0.652257
0.691111
0.653654
0.696646
0.674253
0.535902
0.629351
0.649687
0.703270
0.732299
0.733306
0.682949
0.788359
0.770828
0.713601
0.630939
0.597694
0.581533
0.652439
0.672212
0.556352
0.545569
0.474364
0.771167
0.694681
0.549318
0.837342
0.782796
0.566643
0.495856
0.693914
0.703587
0.590728
0.538830
0.583484
0.680773
0.652703
0.610369
0.499145
0.585584
0.623371
0.614269
0.639828
0.618330
0.842555
0.680427
0.634578
0.682499
0.423785
0.607995
0.592490
0.638459
0.608056
0.672986
0.791558
0.609189
0.504480
0.800082
0.665912
0.648655
0.649834
0.647860
0.646301
0.633981
0.507071
0.584669
0.474111
0.596547
0.513986
0.543990
0.609806
0.635344
0.696991
0.545820
0.655333
0.733587
0.706052
0.564677
0.491535
0.576557
0.502047
0.662766
0.566643
0.625813
0.791993
0.688095
0.680244
0.788565
0.663227
0.814579
0.736860
0.660505
0.511453
0.562459
0.551205
0.714366
0.341632
0.654002
0.540723
0.631786
0.749594
0.592281
0.726598
0.485945
0.645024
0.585550
0.798834
0.503487
0.465670
0.587064
0.624902
0.709801
0.755057
0.828358
0.711051
0.583288
0.791398
0.792581
0.697815
0.657791
0.656848
0.628153
0.741013
0.604647
0.693876
0.542428
0.628741
0.647792
0.599513
0.612678
0.630841
0.779726
0.659246
0.764354
0.709101
0.749301
0.693413
0.705859
0.655199
0.628883
0.796143
0.702530
0.679031
0.569644
0.856559
0.737162
0.652181
0.683344
0.581904
0.569862
0.609786
0.606404
0.683293
0.566877
0.644074
0.659569
0.622739
0.650724
0.561138
0.721970
0.574981
0.703226
0.646411
0.714216
0.668848
0.667839
0.701593
0.656852
0.832824
0.713291
0.648006
0.752058
0.742257
0.728019
0.723601
0.599847
0.706692
0.627443
0.636509
0.456009
0.638436
0.684572
0.551983
0.585321
0.670631
0.613652
0.733771
0.685990
0.702265
0.665807
0.628356
0.685278
0.691175
0.578134
0.738796
0.784696
0.692775
0.854621
0.757121
0.674010
0.695031
0.749757
0.662492
0.646192
0.470025
0.771816
0.643686
0.623470
0.670551
0.640994
0.604654
0.622433
0.591280
0.484899
0.674009
0.808554
0.843860
0.544689
0.548837
0.931418
0.775585
0.742756
0.869484
0.798840
0.813869
0.804289
0.825370
0.763692
0.572480
0.418008
0.617032
0.621802
0.753742
0.556020
0.644098
0.811073
0.629593
0.729959
0.503319
0.615323
0.801234
0.704795
0.622077
0.592316
0.647113
0.666625
0.931983
0.724419
0.822473
0.805318
0.745286
0.813103
0.723233
0.865256
0.766149
0.827658
0.639758
0.867972
0.804275
0.873346
0.744693
0.848730
0.819523
0.765634
0.805694
0.928722
0.715026
0.823738
0.505647
0.858184
0.703111
0.715377
0.664574
0.712439
0.716047
0.725682
0.678643
0.578523
0.687507
0.577423
0.663795
0.561494
0.727211
0.704475
0.708183
0.698050
0.659635
0.725450
0.681207
0.689158
0.719503
0.763703
0.692119
0.560834
0.607377
0.643031
0.672284
0.563322
0.627505
0.439308
0.667861
0.577196
0.672318
0.389663
0.494006
0.662365
0.767860
0.583437
0.532163
0.762802
0.568736
0.604162
0.623220
0.721542
0.835031
0.921911
0.864548
0.828612
0.618062
0.916816
0.643105
0.777658
0.898750
0.790538
0.793542
0.758992
0.882788
0.865704
0.799250
0.789188
0.757973
0.746838
0.794352
0.737107
0.795916
0.808318
0.750761
0.695357
0.579368
0.745675
0.706335
0.562177
0.594493
0.761202
0.766469
0.784119
0.733145
0.811216
0.683880
0.652718
0.683259
0.796862
0.599236
0.704951
0.645639
0.769496
0.772785
0.678137
0.783362
0.680127
0.751364
0.607443
0.736718
0.594703
0.416922
0.709945
0.397770
0.748109
0.696374
0.829891
0.746930
0.783046
0.745815
0.690507
0.744007
0.744738
0.652721
0.691472
0.721245
0.593818
0.769691
0.597060
0.722710
0.678405
0.641576
0.732048
0.788388
0.917666
0.811655
0.793861
0.825330
0.683706
0.695293
0.677830
0.634523
0.644667
0.710010
0.689922
0.658785
0.617554
0.574080
0.773400
0.746583
0.695445
0.679244
0.763436
0.754558
0.768236
0.611979
0.523934
0.755360
0.526468
0.610403
0.647048
0.587596
0.704044
0.544486
0.650654
0.511090
0.723579
0.624265
0.819816
0.573227
0.573940
0.605907
0.510586
0.582024
0.585525
0.631862
0.565466
0.672050
0.597683
0.676845
0.547781
0.609988
0.582778
0.636658
0.559059
0.521011
0.739860
0.514652
0.539510
0.514040
0.535495
0.703141
0.463956
0.638694
0.438138
0.660036
0.747972
0.770267
0.463984
0.567914
0.651845
0.683372
0.658659
0.489821
0.700779
0.667479
0.735728
0.650723
0.577271
0.655996
0.457366
0.694884
0.647434
0.593258
0.560854
0.648846
0.743636
0.599950
0.726293
0.510159
0.626369
0.695499
0.773515
0.526058
0.523660
0.715681
0.622279
0.603610
0.662213
0.603148
0.675328
0.644222
0.748010
0.827810
0.602112
0.669110
0.629068
0.686325
0.596279
0.723791
0.579593
0.740976
0.657314
0.744220
0.589445
0.473397
0.598638
0.610470
0.629502
0.582635
0.583111
0.804125
0.611892
0.610360
0.692310
0.658970
0.542377
0.789009
0.576667
0.804502
0.763676
0.742830
0.661871
0.562665
0.482986
0.738715
0.631295
0.818086
0.550352
0.662212
0.722372
0.723135
0.810051
0.839611
0.706535
0.700893
0.664135
0.593296
0.710241
0.329174
0.495220
0.804101
0.726562
0.643747
0.637468
0.818522
0.660345
0.628597
0.731308
0.749435
0.455762
