0.546502
0.607558
0.635834
0.729017
0.559593
0.603189
0.729992
0.441903
0.705253
0.655388
0.526248
0.580480
0.551772
0.446473
0.478150
0.586957
0.515114
0.531280
0.653279
0.599560
0.622639
0.601466
0.701504
0.620542
0.618852
0.617685
0.373370
0.736318
0.567300
0.563740
0.624698
0.733665
0.527238
0.487613
0.610243
0.664345
0.702962
0.523360
0.551710
0.534584
0.581990
0.503791
0.445650
0.621444
0.505901
0.471627
0.557769
0.564862
0.723116
0.615360
0.713126
0.823781
0.571278
0.594420
0.679742
0.490606
0.816216
0.725370
0.436237
0.679003
0.632859
0.647952
0.708149
0.678246
0.628578
0.609030
0.722177
0.679368
0.459547
0.735527
0.713702
0.570790
0.643675
0.648029
0.449017
0.582474
0.560644
0.600349
0.647281
0.789847
0.601302
0.509221
0.650598
0.787652
0.639665
0.596709
0.536137
0.557386
0.752455
0.490270
0.495631
0.742519
0.625863
0.624610
0.600464
0.690802
0.776187
0.663636
0.767803
0.603834
0.660531
0.695255
0.492453
0.696053
0.534983
0.513266
0.667751
0.568808
0.589301
0.536672
0.606593
0.636671
0.664848
0.674907
0.483204
0.662828
0.616009
0.634774
0.533170
0.645531
0.710053
0.550126
0.667072
0.583005
0.506429
0.559720
0.720834
0.617721
0.546768
0.502021
0.530639
0.625554
0.577886
0.661066
0.548258
0.628092
0.572385
0.637839
0.668422
0.489774
0.618644
0.590036
0.379067
0.683729
0.680375
0.704398
0.655969
0.588897
0.600292
0.567974
0.707725
0.485913
0.735626
0.567463
0.513804
0.549459
0.730610
0.510393
0.472318
0.624162
0.646051
0.654123
0.596786
0.362278
0.532216
0.500251
0.607166
0.549055
0.541900
0.604539
0.481002
0.540546
0.703487
0.583385
0.491216
0.427163
0.679994
0.607633
0.470271
0.470991
0.520978
0.529485
0.483576
0.670710
0.632387
0.652675
0.517952
0.412651
0.542923
0.515135
0.809894
0.858594
0.619777
0.848086
0.897686
0.815838
0.775838
0.790539
0.567461
0.620977
0.668266
0.774324
0.620893
0.716698
0.828089
0.732233
0.786511
0.823928
0.877073
0.726768
0.714836
0.780572
0.709909
0.775383
0.791246
0.681687
0.553176
0.804602
0.728583
0.618971
0.645513
0.776372
0.911519
0.730626
0.695022
0.606458
0.773244
0.821016
0.796744
0.862263
0.716439
0.746217
0.678431
0.627903
0.819934
0.561417
0.597907
0.433093
0.700973
0.686764
0.663147
0.358751
0.617417
0.565087
0.593990
0.605038
0.562314
0.572737
0.771906
0.595549
0.658830
0.644095
0.721242
0.634825
0.688287
0.654648
0.539651
0.772838
0.646968
0.475852
0.653502
0.539808
0.483681
0.542188
0.510453
0.710253
0.698079
0.585611
0.501239
0.604774
0.774714
0.548368
0.568870
0.695841
0.643953
0.600912
0.620356
0.598569
0.783641
0.800867
0.501289
0.694447
0.691956
0.506082
0.661778
0.695879
0.669919
0.642609
0.562155
0.756936
0.568906
0.659530
0.642465
0.542795
0.632654
0.621499
0.612454
0.600307
0.660974
0.564736
0.722071
0.547536
0.556302
0.682497
0.694327
0.576930
0.618916
0.617898
0.732121
0.643645
0.590268
0.629063
0.621768
0.760399
0.485490
0.592671
0.707129
0.658019
0.614125
0.561395
0.649132
0.772558
0.703983
0.840486
0.647888
0.699156
0.710360
0.595891
0.594811
0.687037
0.737549
0.548373
0.698727
0.871063
0.580445
0.781693
0.685026
0.802359
0.741416
0.772299
0.765368
0.649910
0.795829
0.764300
0.685925
0.548609
0.748415
0.665314
0.584240
0.553149
0.735964
0.844264
0.661474
0.440554
0.596369
0.632487
0.704301
0.607154
0.804614
0.674377
0.732296
0.686466
0.623482
0.711319
0.664064
0.594369
0.531477
0.543903
0.540048
0.485969
0.523990
0.567124
0.577025
0.449282
0.617255
0.557440
0.589321
0.587206
0.589810
0.426272
0.479623
0.562924
0.394150
0.658351
0.468109
0.461196
0.614839
0.598918
0.501015
0.481143
0.583038
0.643717
0.576364
0.500089
0.538567
0.504470
0.514856
0.359554
0.408739
0.590718
0.507060
0.475706
0.488710
0.471227
0.699159
0.788474
0.642137
0.715188
0.680282
0.719534
0.674725
0.795936
0.741689
0.615470
0.706270
0.782611
0.784605
0.559552
0.506526
0.625291
0.666091
0.754317
0.698974
0.675919
0.652716
0.692059
0.827547
0.669084
0.753126
0.658568
0.668545
0.795676
0.639353
0.617800
0.763252
0.727498
0.786695
0.614855
0.758599
0.597017
0.752897
0.699220
0.597900
0.669764
0.792414
0.598405
0.657819
0.696243
0.668500
0.721544
0.736989
0.710485
0.651915
0.722571
0.710194
0.846519
0.673400
0.765111
0.673264
0.759690
0.744852
0.601824
0.749726
0.746079
0.620950
0.702206
0.735667
0.652053
0.601348
0.579295
0.817872
0.769103
0.600525
0.654931
0.609993
0.583721
0.650513
0.622712
0.726211
0.591586
0.713898
0.715466
0.574305
0.779474
0.720882
0.583843
0.592238
0.589260
0.665422
0.616991
0.530031
0.626252
0.674498
0.370326
0.645886
0.532019
0.552794
0.563083
0.589664
0.460222
0.573671
0.551818
0.536991
0.609720
0.750513
0.630602
0.447730
0.532895
0.743748
0.602645
0.508698
0.559635
0.471451
0.619988
0.390738
0.511345
0.611884
0.594137
0.586060
0.482896
0.553830
0.628047
0.636765
0.540000
0.525928
0.624176
0.550845
0.490191
0.754821
0.683189
0.724300
0.562935
0.728840
0.638090
0.643785
0.649318
0.637771
0.781512
0.690632
0.638387
0.730414
0.627658
0.520421
0.536240
0.661497
0.672559
0.732005
0.509085
0.544650
0.614847
0.764808
0.591879
0.669206
0.692739
0.570537
0.489060
0.609616
0.601286
0.682379
0.538621
0.534533
0.614735
0.445184
0.599550
0.758369
0.574654
0.582842
0.670747
0.679063
0.577222
0.621665
0.688347
0.550911
0.726058
0.596672
0.567532
0.350849
0.709187
0.519941
0.485256
0.572091
0.610532
0.769702
0.613371
0.486685
0.526164
0.578243
0.575108
0.546757
0.664589
0.546100
0.551927
0.600778
0.443301
0.672359
0.330071
0.508315
0.411685
0.459195
0.612946
0.509901
0.663525
0.568236
0.640293
0.513969
0.556867
0.559918
0.459866
0.750339
0.586892
0.435246
0.531445
0.572810
0.409153
0.441303
0.493936
0.465754
0.752937
0.401422
0.459124
0.467929
0.510404
0.568078
0.534886
0.652588
0.438177
0.376993
0.414797
0.468262
0.574026
0.556197
0.397746
0.481270
0.549947
0.526959
0.640627
0.550403
0.606757
0.573260
0.496656
0.515027
0.512231
0.683437
0.521508
0.384739
0.553403
0.598254
0.464038
0.395065
0.505185
0.438297
0.766091
0.407051
0.533250
0.455007
0.529301
0.632209
0.562931
0.617787
0.409479
0.316294
0.447604
0.389540
0.436024
0.639474
0.528633
0.701002
0.518685
0.697433
0.716263
0.762128
0.555973
0.619594
0.703512
0.626880
0.808289
0.634746
0.603402
0.661435
0.753057
0.470932
0.527190
0.673471
0.558941
0.730565
0.632068
0.635967
0.655767
0.725881
0.637570
0.687479
0.719778
0.572914
0.617414
0.660796
0.568765
0.762721
0.550990
0.776430
0.558401
0.671917
0.641049
0.690603
0.655341
0.653214
0.615985
0.512690
0.771918
0.642903
0.576176
0.462343
0.724320
0.464732
0.406672
0.532476
0.620851
0.828072
0.480905
0.392764
0.548911
0.574447
0.588978
0.520530
0.712190
0.473595
0.434024
0.523313
0.515784
0.612955
0.508729
0.672316
0.580837
0.582588
0.529530
0.390073
0.423314
0.528964
0.494815
0.592552
0.496260
0.416848
0.681284
0.533955
0.474763
0.477934
0.569195
0.671748
0.570697
0.435712
0.553741
0.561886
0.596879
0.391780
0.598739
0.629981
0.567331
0.417477
0.469866
0.535265
0.517952
0.731363
0.675095
0.651941
0.691904
0.601384
0.538906
0.688164
0.644521
0.740751
0.591286
0.451577
0.750864
0.536613
0.654638
0.688282
0.683538
0.614042
0.765865
0.640066
0.760286
0.588248
0.690095
0.680732
0.772575
0.729346
0.651101
0.656304
0.692392
0.679919
0.608579
0.748030
0.650605
0.749912
0.641644
0.699230
0.660833
0.573145
0.805793
0.658488
0.569176
0.582367
0.729451
0.611048
0.515427
0.545531
0.541777
0.822570
0.614821
0.552507
0.581809
0.553262
0.711270
0.607500
0.708773
0.508250
0.579550
0.573736
0.525611
0.720739
0.747485
0.631976
0.587047
0.549121
0.590763
0.569152
0.700214
0.542506
0.627735
0.650884
0.735440
0.602814
0.589945
0.662179
0.702260
0.706417
0.623159
0.568122
0.616903
0.664633
0.507845
0.592404
0.685197
0.677119
0.632357
0.598516
0.636707
0.687647
0.667473
0.604872
0.600972
0.635626
0.597474
0.712362
0.666577
0.559174
0.748537
0.515630
0.697793
0.521052
0.571911
0.602224
0.705896
0.516218
0.609118
0.585745
0.680095
0.556680
0.658176
0.658121
0.633490
0.572288
0.561866
0.632856
0.611131
0.498111
0.414985
0.620454
0.635519
0.537175
0.532376
0.543277
0.721810
0.704036
0.670315
0.621154
0.551554
0.770806
0.505469
0.499085
0.668790
0.632712
0.707777
0.527435
0.716188
0.637468
0.698043
0.581735
0.494010
0.565951
0.637072
0.435119
0.499921
0.540885
0.529119
0.491205
0.499299
0.600924
0.656843
0.545480
0.482743
0.569921
0.674685
0.443320
0.482646
0.608646
0.492470
0.579209
0.438605
0.596717
0.627368
0.534115
0.517206
0.505367
0.448364
0.672205
0.437519
0.575034
0.610894
0.537494
0.495645
0.699542
0.608497
0.593335
0.528932
0.602415
0.633277
0.605949
0.542420
0.651354
0.509324
0.650713
0.570134
0.673269
0.609468
0.597599
0.511898
0.526800
0.535914
0.635143
0.602800
0.722840
0.576762
0.581973
0.717326
0.704802
0.638114
0.477034
0.529999
0.604721
0.583652
0.426934
0.576878
0.532632
0.656673
0.502187
0.647234
0.614209
0.587528
0.523562
0.427949
0.630284
0.656471
0.683046
0.489896
0.440721
0.590045
0.650864
0.508717
0.411056
0.512158
0.680116
0.637738
0.472052
0.485977
0.486755
0.566619
0.376875
0.401219
0.617295
0.512180
0.481388
0.496317
0.515974
0.715083
0.689421
0.588421
0.689078
0.772005
0.770464
0.620930
0.615459
0.880453
0.538802
0.642710
0.691861
0.556499
0.768104
0.570428
0.709808
0.629685
0.756974
0.655344
0.680150
0.591125
0.675830
0.607582
0.648438
0.655312
0.513749
0.580440
0.680604
0.657817
0.619141
0.542621
0.681113
0.618323
0.695710
0.512718
0.490962
0.666002
0.653043
0.589719
0.533431
0.534588
0.691684
0.613023
0.404168
0.549073
0.435424
0.347931
0.525059
0.673079
0.478471
0.546636
0.398755
0.601582
0.492885
0.650358
0.676042
0.556189
0.501449
0.557516
0.448233
0.409273
0.782319
0.504568
0.568675
0.606485
0.633217
0.767435
0.635302
0.467400
0.514671
0.608534
0.660157
0.518049
0.737747
0.492699
0.598202
0.632641
0.438799
0.740618
0.643492
0.664706
0.599008
0.642734
0.817207
0.623390
0.677749
0.654119
0.737181
0.649472
0.774999
0.774231
0.705753
0.659649
0.673465
0.643753
0.661365
0.525690
0.586236
0.586847
0.734777
0.524576
0.414588
0.638751
0.623793
0.549385
0.563324
0.695968
0.578329
0.507763
0.559851
0.556867
0.686334
0.395284
0.603459
0.625286
0.397587
0.430252
0.318929
0.550598
0.419002
0.524153
0.623138
0.475531
0.451891
0.398345
0.438375
0.553090
0.476110
0.665018
0.383029
0.445665
0.424664
0.566623
0.518490
0.669067
0.637109
0.501377
0.518532
0.504632
0.408117
0.545162
0.865796
0.544424
0.628879
0.622782
0.648156
0.764017
0.745206
0.761020
0.490503
0.573322
0.665807
0.587374
0.563975
0.581222
0.704621
0.655613
0.819313
0.424110
0.706157
0.633273
0.698669
0.658793
0.490186
0.645580
0.838084
0.460515
0.454428
0.610540
0.420720
0.567807
0.644149
0.449583
0.410800
0.354058
0.473493
0.533135
0.494168
0.570903
0.462776
0.560909
0.631179
0.535066
0.463802
0.509138
0.567599
0.643909
0.563246
0.470670
0.579406
0.643193
0.466111
0.509929
0.499888
0.382939
0.579225
0.606763
0.566712
0.711789
0.552214
0.553227
0.593422
0.573551
0.638397
0.565268
0.612251
0.645055
0.540151
0.348578
0.532573
0.650060
0.668222
0.506338
0.513639
0.589658
0.614162
0.748557
0.639348
0.601356
0.603384
0.620627
0.776164
0.436044
0.576882
0.394914
0.654334
0.456152
0.470719
0.594711
0.522920
0.637239
0.632554
