0.009171
0.109908
0.077932
0.136194
0.061567
0.109882
0.206184
0.066242
0.103350
0.103603
0.087214
0.258964
0.240517
0.075773
0.113876
0.047394
0.128228
0.105791
0.116340
0.017753
0.121280
0.108950
0.075662
0.065103
0.063291
0.054791
0.046357
0.104028
0.224000
0.033369
0.044484
0.221260
0.047494
0.063590
0.123732
0.208045
0.169707
0.188893
0.095634
0.081685
0.094442
0.099401
0.140645
0.045004
0.101635
0.142629
0.118684
0.043570
0.076093
0.103709
0.065007
0.144217
0.053261
0.120465
0.209443
0.066480
0.089922
0.102946
0.085044
0.261493
0.239835
0.088189
0.110553
0.058489
0.130625
0.103088
0.115808
0.010541
0.120685
0.100233
0.067133
0.073377
0.066580
0.060354
0.051398
0.104698
0.211157
0.041667
0.045696
0.226075
0.050481
0.051501
0.120257
0.214384
0.170892
0.179706
0.094755
0.081933
0.098106
0.086250
0.142287
0.050023
0.089508
0.136843
0.116807
0.058175
0.071972
0.012270
0.041426
0.034505
0.046658
0.065160
0.035590
0.009905
0.019402
0.015619
0.079431
0.081685
0.122646
0.022490
0.066935
0.020035
0.035939
0.028691
0.083590
0.051584
0.014252
0.021582
0.063750
0.098269
0.036045
0.087209
0.012479
0.052693
0.064831
0.052153
0.062952
0.038121
0.018794
0.037733
0.052519
0.056223
0.057792
0.042701
0.027376
0.029414
0.012871
0.019712
0.129324
0.021647
0.015102
0.029809
0.149601
0.020746
0.059799
0.022373
0.062660
0.091194
0.031637
0.007613
0.026414
0.016665
0.118506
0.109273
0.106678
0.029334
0.061550
0.039371
0.038124
0.035736
0.046900
0.054389
0.014956
0.011730
0.055067
0.073219
0.034247
0.060528
0.022877
0.072907
0.051337
0.034532
0.095340
0.030290
0.006653
0.040878
0.094105
0.076574
0.068514
0.038477
0.027921
0.034222
0.007517
0.039403
0.098759
0.012987
0.027766
0.034604
0.126148
0.015792
0.086116
0.016721
0.029960
0.028547
0.045494
0.016462
0.023689
0.048974
0.058620
0.089050
0.019864
0.057306
0.010818
0.017779
0.015057
0.115032
0.022400
0.035405
0.039006
0.036855
0.095138
0.042512
0.085676
0.021028
0.080606
0.062284
0.069510
0.036389
0.052059
0.060873
0.020996
0.036644
0.029425
0.048394
0.019771
0.019853
0.012002
0.047238
0.021206
0.126126
0.045249
0.030572
0.016509
0.131652
0.026919
0.090995
0.129461
0.049162
0.030858
0.040899
0.038285
0.153723
0.150453
0.120097
0.060966
0.080022
0.057786
0.056323
0.063764
0.035678
0.074970
0.036269
0.037050
0.068302
0.077802
0.036843
0.063982
0.046522
0.088208
0.062101
0.036037
0.126295
0.042983
0.019447
0.072727
0.126884
0.111371
0.102016
0.065440
0.050514
0.062653
0.030604
0.061117
0.098284
0.029462
0.048792
0.065458
0.111229
0.040164
0.044534
0.020874
0.055040
0.033110
0.025674
0.070868
0.078727
0.076293
0.019381
0.034262
0.021172
0.030143
0.019295
0.105858
0.033609
0.050206
0.037797
0.040433
0.097927
0.045931
0.090096
0.021277
0.122353
0.039910
0.071435
0.064586
0.043767
0.058878
0.030912
0.045331
0.030610
0.070260
0.030306
0.014629
0.014123
0.055581
0.041352
0.114210
0.064562
0.049454
0.024835
0.112806
0.024122
0.067689
0.063518
0.040665
0.057771
0.012458
0.012217
0.176174
0.043803
0.126834
0.028106
0.055121
0.023348
0.176996
0.031095
0.051643
0.077222
0.100363
0.176372
0.108258
0.161699
0.044971
0.062807
0.130805
0.137287
0.017792
0.115015
0.095868
0.025069
0.058095
0.018161
0.015334
0.067908
0.056993
0.046295
0.064595
0.051293
0.222589
0.067010
0.039224
0.047677
0.224100
0.062100
0.033598
0.021086
0.014459
0.103510
0.101811
0.053623
0.020430
0.025205
0.028304
0.019221
0.017850
0.049979
0.024832
0.032011
0.015936
0.020293
0.052154
0.021222
0.041054
0.021729
0.111437
0.020281
0.030053
0.083760
0.018735
0.028544
0.026484
0.077458
0.054240
0.070254
0.015741
0.009606
0.013228
0.031089
0.040115
0.066640
0.034962
0.042236
0.020522
0.078169
0.010390
0.018370
0.014271
0.085871
0.077274
0.120161
0.021411
0.073779
0.025204
0.030338
0.025242
0.066933
0.042072
0.006204
0.013443
0.058131
0.090514
0.040047
0.078656
0.016042
0.049245
0.065289
0.048165
0.067811
0.041438
0.013111
0.029169
0.071308
0.059584
0.045058
0.035306
0.027704
0.029197
0.005544
0.026747
0.124038
0.007616
0.014034
0.027263
0.146941
0.014549
0.013657
0.059250
0.061380
0.098499
0.017724
0.060994
0.008263
0.015297
0.010673
0.075265
0.020271
0.012902
0.022755
0.038508
0.079536
0.029847
0.065878
0.013453
0.048889
0.057951
0.044194
0.040662
0.037151
0.027011
0.015406
0.058605
0.037524
0.035417
0.022085
0.017228
0.014395
0.019865
0.017112
0.110465
0.015464
0.011837
0.017584
0.125801
0.016839
0.082051
0.088637
0.083844
0.009799
0.039930
0.016479
0.012530
0.017786
0.061013
0.025119
0.017596
0.008598
0.028708
0.071399
0.021720
0.055739
0.005199
0.080372
0.035672
0.036211
0.061187
0.026285
0.022275
0.020088
0.053079
0.046418
0.056494
0.019032
0.006909
0.009129
0.013040
0.018968
0.095331
0.020533
0.018512
0.012728
0.106805
0.005378
0.020771
0.225793
0.062811
0.169589
0.040201
0.079708
0.047544
0.227446
0.056287
0.073009
0.112244
0.143303
0.221945
0.141357
0.214295
0.063409
0.057258
0.176162
0.174135
0.016626
0.152403
0.126311
0.050687
0.053393
0.027658
0.028499
0.101430
0.086214
0.073132
0.089426
0.060512
0.274064
0.091112
0.045653
0.071867
0.266557
0.094571
0.219973
0.071044
0.170808
0.050785
0.089336
0.042669
0.209215
0.059430
0.061500
0.105039
0.142647
0.210347
0.143648
0.200175
0.070618
0.052473
0.174740
0.169697
0.031453
0.146028
0.112313
0.046858
0.086589
0.036968
0.018187
0.098035
0.092375
0.080171
0.082715
0.074629
0.264342
0.079482
0.053053
0.077828
0.277928
0.091052
0.090351
0.028662
0.114221
0.080415
0.098227
0.084542
0.106997
0.114058
0.071254
0.039695
0.020422
0.047601
0.043978
0.099859
0.236041
0.028499
0.038942
0.199489
0.033819
0.090122
0.120734
0.154747
0.157795
0.194456
0.045789
0.068605
0.073675
0.122763
0.107404
0.020847
0.111026
0.137626
0.074896
0.052168
0.069737
0.048214
0.012842
0.016224
0.013079
0.089156
0.027662
0.020644
0.018249
0.044659
0.088164
0.039879
0.084974
0.007149
0.082918
0.047753
0.054225
0.058004
0.038333
0.031885
0.021763
0.037890
0.028942
0.048776
0.018190
0.009283
0.007768
0.023314
0.021419
0.114856
0.027399
0.017885
0.011531
0.122136
0.010555
0.065748
0.048320
0.061261
0.056718
0.071948
0.075722
0.038301
0.024060
0.045417
0.021900
0.040901
0.048271
0.187947
0.005364
0.034347
0.142746
0.014863
0.054291
0.072497
0.099234
0.097309
0.141717
0.037183
0.027815
0.033125
0.072997
0.069957
0.038490
0.081465
0.091516
0.049520
0.047365
0.033363
0.019160
0.010432
0.104689
0.024477
0.020414
0.032385
0.051142
0.108607
0.041490
0.096037
0.010036
0.053601
0.066586
0.066739
0.031679
0.050344
0.040884
0.018988
0.032020
0.023414
0.036164
0.029965
0.018362
0.013569
0.029268
0.014110
0.140034
0.029947
0.012722
0.019927
0.141577
0.021698
0.022529
0.074404
0.017320
0.031635
0.020942
0.023263
0.071294
0.027061
0.056612
0.017754
0.090191
0.046347
0.044332
0.053312
0.037189
0.040482
0.019680
0.053907
0.049288
0.056550
0.017766
0.014450
0.012592
0.030234
0.018996
0.096190
0.029684
0.025441
0.013948
0.110206
0.015824
0.091444
0.015668
0.017628
0.025430
0.046697
0.093837
0.047159
0.083358
0.014559
0.063892
0.058195
0.060783
0.041721
0.045876
0.035592
0.009937
0.058238
0.022391
0.026126
0.021750
0.015649
0.012981
0.025754
0.029155
0.125385
0.025852
0.020078
0.016213
0.136232
0.016229
0.089128
0.074897
0.046985
0.051209
0.054460
0.043960
0.032596
0.082856
0.174247
0.037906
0.034068
0.187162
0.042873
0.040751
0.090283
0.191117
0.148226
0.145829
0.071770
0.062505
0.076055
0.060477
0.113226
0.051211
0.062181
0.105831
0.089463
0.062691
0.052900
0.037431
0.037931
0.040022
0.099580
0.054109
0.078974
0.027977
0.084054
0.067650
0.067924
0.039901
0.062317
0.057342
0.008741
0.073471
0.034251
0.032166
0.031970
0.025371
0.020764
0.038279
0.038819
0.126656
0.039468
0.033081
0.027125
0.128619
0.029549
0.019320
0.058803
0.087295
0.042120
0.082040
0.017063
0.041138
0.068171
0.050748
0.061653
0.043139
0.017682
0.026974
0.069395
0.049850
0.037491
0.028644
0.027517
0.027465
0.010543
0.026824
0.126191
0.006239
0.013074
0.024990
0.146764
0.017080
0.029176
0.056336
0.023040
0.044018
0.017532
0.093404
0.031711
0.028730
0.086898
0.019935
0.014014
0.029766
0.080185
0.068821
0.068032
0.018550
0.012250
0.019068
0.012517
0.033280
0.078115
0.016971
0.030587
0.014208
0.106411
0.003764
0.043670
0.018025
0.025047
0.043133
0.147714
0.020787
0.028510
0.104748
0.023691
0.052199
0.047213
0.098564
0.093188
0.106744
0.020231
0.025713
0.025238
0.056694
0.050529
0.051833
0.054576
0.068928
0.032835
0.069265
0.027055
0.034762
0.022643
0.093010
0.190668
0.037206
0.018708
0.187438
0.027667
0.064312
0.108932
0.166528
0.159991
0.171358
0.045100
0.068959
0.075006
0.092324
0.091735
0.014471
0.076489
0.109951
0.071557
0.059791
0.061567
0.025390
0.031703
0.121532
0.019675
0.013857
0.106117
0.009007
0.031759
0.055551
0.082528
0.094305
0.109796
0.026274
0.025003
0.026877
0.042431
0.032783
0.045656
0.041780
0.051032
0.034860
0.064348
0.023075
0.079156
0.178955
0.032540
0.021580
0.160419
0.028234
0.057807
0.082585
0.167862
0.151376
0.149968
0.048386
0.055932
0.062011
0.073006
0.085984
0.026939
0.068090
0.101202
0.066216
0.066873
0.050174
0.070497
0.047727
0.049788
0.049981
0.034236
0.026377
0.021238
0.038019
0.035519
0.049335
0.026222
0.009959
0.010149
0.016975
0.015687
0.119298
0.025316
0.014584
0.015594
0.127142
0.010805
0.183439
0.139088
0.048926
0.134613
0.080181
0.068050
0.104618
0.080445
0.040750
0.105175
0.101055
0.095302
0.056129
0.060498
0.250044
0.046964
0.033878
0.083529
0.274808
0.090432
0.023113
0.150183
0.013049
0.043947
0.070300
0.111772
0.102537
0.137517
0.033597
0.026747
0.033846
0.063631
0.072281
0.032890
0.069490
0.087635
0.048876
0.037902
0.028308
0.140909
0.010305
0.028319
0.073482
0.123015
0.122592
0.127313
0.031324
0.040528
0.044917
0.050347
0.054430
0.028971
0.041772
0.066223
0.047552
0.056456
0.032852
0.123798
0.106986
0.032919
0.056360
0.039312
0.027498
0.085728
0.070495
0.057879
0.069647
0.040196
0.233660
0.071780
0.033525
0.055019
0.240120
0.074915
0.023552
0.061711
0.094332
0.097638
0.115674
0.024712
0.025230
0.030544
0.044671
0.044848
0.035613
0.043519
0.059212
0.035390
0.066019
0.020418
0.048400
0.100574
0.080164
0.075966
0.035360
0.027933
0.036691
0.013965
0.045627
0.084997
0.015065
0.036059
0.037327
0.115288
0.016435
0.069987
0.025432
0.020064
0.033258
0.021447
0.016591
0.025917
0.035458
0.137691
0.031511
0.024241
0.022608
0.144941
0.022348
0.050353
0.089914
0.069616
0.056857
0.045757
0.081911
0.030745
0.199837
0.090568
0.047961
0.053758
0.193133
0.065433
0.030010
0.060226
0.039023
0.031952
0.058489
0.055167
0.191787
0.066936
0.039872
0.047238
0.177371
0.050279
0.073178
0.062278
0.054454
0.044607
0.059263
0.218417
0.043743
0.030789
0.053032
0.226969
0.058714
0.015811
0.013269
0.037495
0.032242
0.070879
0.029303
0.040098
0.013395
0.093589
0.014382
0.005669
0.023495
0.030862
0.086360
0.032539
0.031897
0.012062
0.093530
0.005859
0.029361
0.024105
0.094561
0.033939
0.028234
0.013902
0.097003
0.010142
0.033333
0.124283
0.010082
0.018514
0.025992
0.145699
0.014842
0.128103
0.031831
0.013222
0.020406
0.147404
0.028955
0.114669
0.151896
0.103766
0.035416
0.083274
0.015887
0.025716
0.142165
0.018903
0.022452
0.167560
0.026389
0.126655
0.010994
0.100384
