0.682016
0.624251
0.709198
0.557167
0.606329
0.746939
0.649974
0.664609
0.785708
0.680265
0.690195
0.702153
0.683041
0.558334
0.572747
0.587823
0.679338
0.693148
0.745722
0.751727
0.814570
0.684864
0.712164
0.691604
0.757085
0.590130
0.688175
0.434076
0.892475
0.764982
0.861764
0.727507
0.656546
0.707680
0.750859
0.729890
0.556603
0.667329
0.781320
0.700105
0.660116
0.784246
0.623914
0.601264
0.804296
0.712469
0.574040
0.594931
0.642449
0.696619
0.625514
0.660486
0.745948
0.721129
0.682710
0.610129
0.693765
0.676053
0.732824
0.576677
0.669110
0.526653
0.706057
0.695094
0.756119
0.649239
0.707648
0.640961
0.752055
0.703884
0.565410
0.650085
0.755858
0.585852
0.517329
0.592819
0.788758
0.615547
0.859209
0.728394
0.653481
0.658629
0.658120
0.685121
0.533955
0.662420
0.748369
0.643174
0.713641
0.712483
0.587038
0.665927
0.846911
0.740218
0.548001
0.498114
0.613267
0.584809
0.611963
0.472620
0.649703
0.646803
0.439659
0.603201
0.499318
0.687460
0.675569
0.660146
0.470663
0.658436
0.613944
0.637434
0.612431
0.648609
0.605756
0.638214
0.629706
0.619511
0.633416
0.813013
0.550615
0.657443
0.531959
0.834721
0.620292
0.661852
0.493673
0.584620
0.586511
0.758392
0.640305
0.613715
0.565379
0.660638
0.597059
0.703411
0.585279
0.679473
0.579892
0.754108
0.648127
0.548933
0.588854
0.652867
0.532209
0.564076
0.712795
0.729901
0.573411
0.732294
0.656482
0.808265
0.576429
0.667539
0.703568
0.628987
0.699202
0.637629
0.722216
0.715497
0.493275
0.694616
0.666950
0.433083
0.707747
0.681207
0.456100
0.632707
0.623437
0.812694
0.587426
0.785932
0.709691
0.565456
0.571516
0.813970
0.527364
0.553489
0.595331
0.560725
0.496107
0.580635
0.561106
0.693154
0.716984
0.767057
0.686348
0.577476
0.724820
0.554604
0.578839
0.670436
0.634304
0.488671
0.679891
0.624638
0.736289
0.654214
0.690827
0.630082
0.558112
0.643031
0.609125
0.710866
0.517481
0.587135
0.630935
0.618602
0.564139
0.634386
0.773102
0.445271
0.529484
0.493446
0.779269
0.614470
0.762514
0.668586
0.603365
0.442524
0.719138
0.555113
0.475369
0.568089
0.710674
0.523683
0.598113
0.577198
0.511743
0.573553
0.742815
0.583300
0.419292
0.596995
0.568886
0.710688
0.711271
0.574049
0.737003
0.586066
0.785540
0.643696
0.763068
0.608118
0.528109
0.660562
0.716281
0.700320
0.679525
0.628325
0.702064
0.715126
0.549615
0.687356
0.800636
0.563572
0.603449
0.599934
0.794031
0.622080
0.781635
0.663565
0.623589
0.613562
0.828704
0.520089
0.589041
0.614169
0.701965
0.677317
0.603235
0.676994
0.624819
0.561575
0.844326
0.687705
0.498065
0.645322
0.629026
0.756295
0.551389
0.704138
0.547762
0.674055
0.730271
0.621352
0.561258
0.773472
0.615802
0.700462
0.564056
0.710871
0.707559
0.815891
0.704983
0.783838
0.631103
0.792779
0.637169
0.638440
0.679735
0.859125
0.732072
0.665929
0.606541
0.610175
0.734376
0.787603
0.672030
0.603187
0.744070
0.672341
0.648726
0.783363
0.704266
0.533048
0.725638
0.620711
0.641847
0.606478
0.621272
0.693333
0.561241
0.809154
0.696781
0.735375
0.607478
0.603714
0.683824
0.784476
0.531272
0.618289
0.704484
0.657278
0.721364
0.556223
0.681782
0.640373
0.714835
0.853800
0.582477
0.574681
0.476703
0.738626
0.583078
0.706952
0.706575
0.664175
0.611816
0.800544
0.681292
0.571450
0.545279
0.782309
0.563505
0.686292
0.557550
0.676113
0.698225
0.892879
0.499089
0.521646
0.647752
0.626543
0.568518
0.460292
0.709736
0.574209
0.590336
0.436840
0.636236
0.556827
0.565922
0.588706
0.535918
0.546283
0.619882
0.612054
0.527945
0.667779
0.820369
0.422697
0.604772
0.531505
0.790985
0.471691
0.632783
0.557784
0.550352
0.543540
0.718252
0.604370
0.550317
0.567345
0.663180
0.515634
0.702313
0.552295
0.596945
0.602206
0.620289
0.522552
0.489316
0.426866
0.549051
0.670668
0.849578
0.746247
0.760051
0.607481
0.753655
0.793373
0.710796
0.723244
0.698450
0.674160
0.764219
0.814197
0.693347
0.578718
0.896217
0.690467
0.811526
0.696281
0.821521
0.669598
0.770085
0.670910
0.717469
0.718209
0.760202
0.730481
0.714143
0.724576
0.826471
0.781250
0.785872
0.759478
0.656194
0.674034
0.645223
0.754563
0.636077
0.598941
0.685392
0.716312
0.656619
0.683966
0.445389
0.719096
0.640984
0.712445
0.475197
0.667556
0.614925
0.793687
0.654590
0.716636
0.653450
0.750890
0.555924
0.602546
0.561631
0.843217
0.644420
0.581356
0.548570
0.543654
0.714452
0.584525
0.665741
0.614351
0.700921
0.685469
0.672610
0.699586
0.726822
0.643612
0.571092
0.736852
0.682625
0.567392
0.465278
0.584671
0.740207
0.619856
0.677759
0.686849
0.481665
0.794846
0.650718
0.642057
0.768871
0.785435
0.532184
0.730296
0.793243
0.887726
0.651188
0.654784
0.471174
0.810119
0.709679
0.770763
0.755362
0.765000
0.782933
0.773263
0.787920
0.652429
0.744457
0.617152
0.859248
0.783237
0.756608
0.622402
0.812708
0.803728
0.801408
0.694646
0.607918
0.753725
0.666466
0.674969
0.636245
0.684420
0.665957
0.678550
0.714167
0.606179
0.729164
0.709027
0.475299
0.754651
0.739968
0.536422
0.540563
0.559498
0.737496
0.606145
0.798756
0.755218
0.604058
0.664648
0.728428
0.613241
0.584240
0.650491
0.726834
0.596637
0.707645
0.641027
0.640057
0.687415
0.854330
0.583203
0.543544
0.557045
0.583288
0.667783
0.764246
0.609347
0.684515
0.483168
0.705549
0.685740
0.677418
0.375253
0.650151
0.711146
0.630875
0.570804
0.619569
0.525331
0.821504
0.602649
0.740204
0.629491
0.627731
0.696708
0.757608
0.706738
0.573900
0.583060
0.576229
0.551143
0.638859
0.671705
0.668870
0.706852
0.788042
0.612412
0.634427
0.594938
0.659147
0.675097
0.618582
0.750578
0.524231
0.620098
0.670866
0.768866
0.709581
0.631658
0.568758
0.811376
0.578439
0.649928
0.516044
0.872680
0.644405
0.720768
0.525631
0.608164
0.626208
0.573642
0.612842
0.577557
0.606625
0.784775
0.631568
0.708086
0.748729
0.639224
0.469632
0.662474
0.706692
0.573314
0.307503
0.589715
0.682004
0.693196
0.776704
0.791426
0.687492
0.783944
0.683856
0.602618
0.707643
0.761560
0.576988
0.713100
0.612815
0.825544
0.707383
0.824671
0.751796
0.665942
0.712542
0.761047
0.595413
0.578248
0.677572
0.629129
0.837473
0.709321
0.777786
0.589585
0.701027
0.816890
0.737151
0.527954
0.606346
0.605059
0.630800
0.598922
0.701609
0.729074
0.744039
0.579695
0.719221
0.731792
0.761189
0.540149
0.652309
0.450239
0.825386
0.592713
0.552689
0.706894
0.672116
0.725877
0.728043
0.671075
0.572467
0.666571
0.669369
0.649888
0.704706
0.561439
0.648789
0.682400
0.724853
0.516090
0.598698
0.587442
0.689320
0.735234
0.728354
0.678260
0.647476
0.702199
0.733021
0.673315
0.891508
0.633534
0.751646
0.606842
0.765420
0.628002
0.697584
0.754691
0.669973
0.633048
0.822631
0.666116
0.659735
0.692823
0.693708
0.645003
0.682716
0.506357
0.719668
0.751773
0.770729
0.532799
0.608006
0.750020
0.682915
0.598722
0.708525
0.773976
0.683485
0.763413
0.671305
0.603860
0.561975
0.658628
0.479432
0.824838
0.702769
0.542008
0.529495
0.534148
0.774699
0.689936
0.660254
0.531690
0.630388
0.636631
0.634193
0.595155
0.653521
0.620138
0.731616
0.775820
0.692419
0.571975
0.501364
0.584298
0.571068
0.670555
0.679210
0.636975
0.734753
0.817617
0.489206
0.732959
0.548462
0.875421
0.628608
0.747575
0.647261
0.680689
0.589621
0.838122
0.742009
0.697452
0.598423
0.761237
0.652652
0.704052
0.553375
0.589813
0.771486
0.695942
0.659886
0.576982
0.579814
0.593708
0.543895
0.640398
0.595647
0.757803
0.756089
0.450146
0.527655
0.587981
0.813406
0.596685
0.838442
0.724423
0.667535
0.498875
0.780028
0.704655
0.558487
0.505196
0.684248
0.581380
0.645640
0.628044
0.594730
0.722460
0.654573
0.749385
0.560747
0.609729
0.540117
0.735053
0.635059
0.795387
0.895060
0.608227
0.569586
0.617180
0.843533
0.640818
0.743024
0.658593
0.718382
0.537322
0.875993
0.753584
0.649013
0.404003
0.789986
0.532980
0.692273
0.607634
0.698094
0.717300
0.846685
0.578178
0.587937
0.728898
0.661559
0.643537
0.784827
0.659593
0.537398
0.600770
0.469239
0.826813
0.590962
0.843334
0.762363
0.734591
0.611814
0.682600
0.777608
0.631162
0.641902
0.485344
0.683106
0.686133
0.715742
0.625981
0.685909
0.776385
0.712936
0.681444
0.591645
0.597755
0.724345
0.782883
0.496571
0.538470
0.597860
0.834010
0.349817
0.806361
0.697346
0.562706
0.553647
0.745257
0.647213
0.531792
0.520298
0.715484
0.596788
0.579169
0.688544
0.668560
0.619059
0.842414
0.628610
0.509124
0.530296
0.567185
0.847246
0.691584
0.683456
0.662840
0.819032
0.692153
0.793619
0.657193
0.683267
0.675240
0.733899
0.573910
0.633005
0.721155
0.802043
0.732006
0.697590
0.745766
0.569832
0.595020
0.739178
0.689263
0.546664
0.637920
0.696647
0.686935
0.734318
0.707844
0.868697
0.897285
0.853891
0.811152
0.759865
0.858191
0.834596
0.793385
0.675030
0.809553
0.664853
0.739951
0.712907
0.843823
0.760744
0.875922
0.860634
0.854743
0.736540
0.761972
0.695748
0.526519
0.448607
0.752913
0.526424
0.683943
0.680174
0.573428
0.509883
0.674814
0.557445
0.476156
0.543512
0.586545
0.522544
0.553552
0.498715
0.481137
0.652104
0.692571
0.578413
0.474249
0.459807
0.440316
0.527574
0.809153
0.619626
0.765072
0.635560
0.629086
0.532794
0.616204
0.625024
0.450731
0.557542
0.665802
0.535724
0.643593
0.745953
0.580501
0.499131
0.849853
0.628826
0.435319
0.603685
0.637217
0.729840
0.592382
0.670974
0.661841
0.622752
0.540360
0.650887
0.671208
0.465976
0.547601
0.666191
0.579671
0.605801
0.550102
0.480094
0.556241
0.751741
0.625759
0.475851
0.466801
0.481570
0.850057
0.820976
0.939695
0.848171
0.843356
0.894081
0.724223
0.735861
0.834235
0.862931
0.808008
0.814528
0.753125
0.744825
0.880031
0.942384
0.742210
0.708334
0.820201
0.783920
0.707977
0.655080
0.662784
0.611919
0.755045
0.717207
0.602008
0.574883
0.733334
0.624859
0.636852
0.563678
0.637113
0.633402
0.746101
0.638411
0.579125
0.511664
0.670392
0.704530
0.652348
0.823982
0.793591
0.602775
0.626528
0.790960
0.774262
0.705491
0.766266
0.666013
0.696767
0.796756
0.802810
0.534844
0.596391
0.753429
0.763592
0.595463
0.693541
0.769393
0.715799
0.649410
0.561705
0.774240
0.621126
0.726803
0.759946
0.723168
0.638233
0.780221
0.668606
0.616853
0.592037
0.747160
0.622387
0.749797
0.590593
0.359672
0.533436
0.661410
0.543313
0.543254
0.627035
0.704744
0.675907
0.814519
0.611729
0.427339
0.626327
0.589576
0.702532
0.675684
0.543975
0.566328
0.731078
0.462758
0.630122
0.624537
0.600826
0.513822
0.739771
0.633533
0.490642
0.663082
0.607519
0.715346
0.654792
0.715384
0.765903
0.757671
0.772186
0.884292
0.699282
0.570819
0.876994
0.820872
0.688414
0.555785
0.742966
0.549028
0.651132
0.645299
0.627621
0.672938
0.687560
0.634341
0.663091
0.769034
0.552658
0.507895
0.647642
0.706997
0.499087
0.573006
0.513927
0.443610
0.634778
0.474176
0.573322
0.784907
0.583712
0.258310
0.536898
0.470799
0.681793
0.496106
0.467921
0.631334
0.688787
0.624504
0.783630
0.638462
0.520370
0.559107
0.536526
0.726152
0.671820
0.705742
0.660012
0.834878
0.767017
0.699237
0.687218
0.653742
0.572326
0.549894
0.563515
0.711659
0.552425
0.814885
0.535437
0.491610
0.665016
0.602510
0.628873
0.691792
0.669345
0.848682
0.692383
0.507289
0.631330
0.499407
0.627802
0.840699
0.790449
0.567322
0.583625
0.674195
0.616659
0.655865
0.695453
0.731686
0.453172
0.501429
0.528429
0.862048
0.727237
0.539905
0.551304
0.745297
0.841865
0.791768
0.657012
0.797076
0.527963
0.701350
0.648246
0.555171
0.530216
0.491981
