0.667996
0.517745
0.715097
0.802497
0.582056
0.755146
0.621362
0.632250
0.752164
0.684235
0.518974
0.631239
0.781574
0.704530
0.687514
0.675577
0.727883
0.621519
0.672986
0.531738
0.576499
0.591445
0.632627
0.700954
0.746316
0.753608
0.760997
0.618012
0.534222
0.671876
0.786837
0.818647
0.829023
0.464247
0.702768
0.619464
0.770576
0.723706
0.680484
0.786262
0.488938
0.752499
0.806506
0.664944
0.689511
0.749686
0.589149
0.826065
0.773076
0.650502
0.588804
0.907860
0.655208
0.736784
0.739671
0.768300
0.683577
0.765691
0.630231
0.679153
0.672374
0.643947
0.608977
0.842362
0.867673
0.603349
0.707126
0.571228
0.717492
0.781171
0.664926
0.739294
0.742781
0.835184
0.768502
0.736450
0.536627
0.729894
0.596087
0.826714
0.710236
0.677756
0.687672
0.667093
0.797093
0.710594
0.686436
0.763648
0.699777
0.830519
0.882835
0.638118
0.645790
0.717506
0.637329
0.777385
0.783445
0.666372
0.656791
0.390170
0.691246
0.669790
0.630431
0.424541
0.663894
0.432242
0.720691
0.673452
0.600087
0.635769
0.698265
0.695210
0.451403
0.615302
0.453697
0.671037
0.571369
0.690184
0.594287
0.596407
0.633379
0.759147
0.486019
0.509854
0.623415
0.654545
0.792721
0.711339
0.611503
0.664664
0.562513
0.653594
0.693304
0.553672
0.741338
0.510112
0.817951
0.782935
0.678511
0.459766
0.663690
0.564968
0.734569
0.747579
0.802642
0.763315
0.687485
0.830070
0.656011
0.641767
0.715280
0.672309
0.678633
0.761077
0.613963
0.291991
0.893650
0.730042
0.499267
0.726545
0.658951
0.646291
0.782466
0.670643
0.693172
0.676312
0.750523
0.861425
0.726471
0.523977
0.603095
0.666864
0.709292
0.705337
0.753376
0.713271
0.662678
0.658997
0.695957
0.659633
0.670709
0.695277
0.841039
0.652693
0.662510
0.715330
0.687438
0.461517
0.761428
0.768865
0.675257
0.719294
0.860870
0.770557
0.799232
0.856067
0.690522
0.747994
0.843060
0.816313
0.808632
0.754831
0.716373
0.639056
0.872302
0.778603
0.782737
0.885744
0.842232
0.740561
0.729648
0.769516
0.900006
0.754102
0.703734
0.763179
0.777009
0.852541
0.863102
0.757884
0.753055
0.738019
0.692085
0.677598
0.694456
0.658548
0.779550
0.906884
0.812419
0.736372
0.824430
0.811150
0.768808
0.777333
0.661081
0.736013
0.770265
0.720916
0.607953
0.725368
0.493701
0.713485
0.550074
0.639873
0.756884
0.767008
0.697136
0.523647
0.678754
0.490666
0.683943
0.569673
0.714948
0.681840
0.665731
0.746091
0.723170
0.557263
0.507638
0.680884
0.660016
0.864093
0.837936
0.611211
0.648332
0.514533
0.612010
0.770540
0.606758
0.766823
0.605479
0.815508
0.812704
0.696770
0.550823
0.782919
0.652117
0.761172
0.753028
0.832023
0.486865
0.698888
0.755232
0.603202
0.572277
0.653313
0.742649
0.651494
0.808208
0.749174
0.483540
0.457175
0.665308
0.748072
0.887192
0.631737
0.669481
0.768813
0.572483
0.699602
0.776443
0.539576
0.442225
0.530783
0.629860
0.452171
0.641577
0.383561
0.774702
0.638459
0.470318
0.453699
0.574589
0.749658
0.609688
0.867188
0.496871
0.669494
0.405882
0.698046
0.563575
0.562917
0.878451
0.855951
0.783727
0.629660
0.831819
0.812044
0.678845
0.788273
0.647416
0.870911
0.758329
0.769202
0.619525
0.763107
0.872834
0.701998
0.731636
0.773678
0.756404
0.786523
0.842617
0.625473
0.833218
0.822258
0.853312
0.886953
0.645308
0.750406
0.779832
0.749155
0.746146
0.803989
0.885875
0.583455
0.843216
0.770092
0.660197
0.733615
0.830415
0.666288
0.892681
0.770514
0.581021
0.714653
0.654021
0.716059
0.744676
0.759642
0.667349
0.839632
0.725104
0.514709
0.450150
0.690350
0.623685
0.621319
0.614611
0.747734
0.689696
0.635371
0.730386
0.734240
0.663827
0.314910
0.758515
0.736064
0.698101
0.676589
0.589000
0.657451
0.741532
0.765190
0.407343
0.437812
0.600376
0.806615
0.747721
0.684125
0.678728
0.586362
0.659557
0.749428
0.670988
0.792144
0.606311
0.630778
0.716748
0.696045
0.650405
0.846803
0.692640
0.532389
0.649808
0.564426
0.733957
0.666016
0.706820
0.647277
0.676773
0.695426
0.766675
0.578028
0.619916
0.628462
0.642093
0.808292
0.657462
0.737582
0.759938
0.700284
0.736588
0.782193
0.599596
0.687372
0.644164
0.858050
0.866696
0.726842
0.539141
0.697657
0.679834
0.753977
0.756031
0.606659
0.693579
0.805394
0.660498
0.711262
0.666582
0.801332
0.607310
0.747262
0.623855
0.821051
0.750021
0.651039
0.695542
0.635384
0.675077
0.830846
0.790416
0.649290
0.725072
0.750836
0.835433
0.755610
0.725400
0.721137
0.509317
0.816734
0.813996
0.701909
0.794155
0.592620
0.845079
0.624518
0.743116
0.699103
0.699865
0.557315
0.730176
0.845972
0.648334
0.733611
0.575482
0.701891
0.688997
0.774792
0.497081
0.626076
0.480776
0.614197
0.672747
0.615687
0.565716
0.637672
0.411275
0.751591
0.616650
0.438837
0.596772
0.641325
0.722641
0.674346
0.580579
0.673138
0.556291
0.744567
0.667701
0.639638
0.695722
0.468835
0.661360
0.753608
0.631775
0.520528
0.588143
0.555557
0.565637
0.724046
0.664109
0.801195
0.706984
0.758201
0.722384
0.550911
0.580993
0.724154
0.769306
0.833393
0.487314
0.716953
0.819272
0.797903
0.771820
0.766157
0.619900
0.705233
0.511215
0.734258
0.597716
0.587381
0.581940
0.734092
0.790053
0.554505
0.547044
0.718417
0.688105
0.766230
0.928667
0.611288
0.694146
0.721158
0.669504
0.636787
0.773708
0.648542
0.711274
0.786451
0.776912
0.538023
0.712360
0.561285
0.787192
0.725418
0.743077
0.715691
0.723687
0.759236
0.805468
0.739896
0.560361
0.664925
0.574307
0.901664
0.714552
0.718447
0.575923
0.626378
0.639180
0.709589
0.587415
0.764904
0.806173
0.841007
0.843385
0.650610
0.631819
0.720527
0.699529
0.735355
0.658165
0.631832
0.740693
0.830191
0.574017
0.718500
0.447607
0.741915
0.761255
0.780063
0.560952
0.601372
0.700305
0.833194
0.713372
0.511082
0.689862
0.706462
0.873396
0.782728
0.691690
0.709378
0.520635
0.703826
0.784972
0.702394
0.720169
0.569908
0.845099
0.658148
0.587265
0.611793
0.698332
0.639662
0.741616
0.719443
0.818963
0.768123
0.511765
0.717916
0.635946
0.620781
0.812064
0.671012
0.734481
0.734703
0.733699
0.784996
0.688672
0.512899
0.569173
0.660821
0.837902
0.658621
0.756300
0.556355
0.692006
0.716493
0.701389
0.650970
0.725492
0.697222
0.793822
0.776885
0.627501
0.719135
0.636167
0.332917
0.713011
0.709922
0.799918
0.661937
0.856689
0.740090
0.845777
0.821697
0.819834
0.865988
0.774038
0.883594
0.841364
0.833663
0.732876
0.721885
0.828734
0.931415
0.879085
0.739546
0.793359
0.694008
0.752396
0.798911
0.742534
0.843268
0.615458
0.891643
0.890052
0.736175
0.705764
0.836071
0.795943
0.804032
0.808656
0.675522
0.730933
0.703853
0.697986
0.789098
0.789156
0.822324
0.607517
0.892890
0.867637
0.756349
0.648577
0.687665
0.800461
0.826205
0.906380
0.666782
0.705980
0.744814
0.766033
0.849271
0.696961
0.760265
0.687360
0.741385
0.721126
0.720047
0.757279
0.872579
0.664274
0.761019
0.712318
0.519354
0.522247
0.574775
0.648670
0.541291
0.641051
0.567726
0.594480
0.628381
0.585641
0.429438
0.440922
0.425892
0.684479
0.539142
0.647342
0.480321
0.551307
0.486320
0.595297
0.386639
0.571842
0.551925
0.693490
0.726220
0.550243
0.539359
0.586554
0.512167
0.539600
0.609366
0.676299
0.697907
0.817340
0.584611
0.760978
0.804513
0.652959
0.760994
0.781128
0.612957
0.492270
0.657886
0.680433
0.673400
0.620195
0.495595
0.754550
0.764488
0.658579
0.432637
0.642472
0.629574
0.700645
0.834134
0.613489
0.628756
0.592508
0.701604
0.749127
0.704263
0.661906
0.720391
0.707722
0.511087
0.483722
0.650310
0.758691
0.615764
0.390655
0.600816
0.676703
0.847007
0.709903
0.459326
0.635980
0.509700
0.631058
0.747718
0.589946
0.733306
0.524049
0.758168
0.662081
0.602163
0.500956
0.620885
0.573465
0.720084
0.663556
0.738638
0.653250
0.774675
0.755921
0.745223
0.797947
0.580580
0.596550
0.565547
0.781541
0.833503
0.830196
0.772226
0.715010
0.722729
0.682927
0.787261
0.715861
0.660790
0.634518
0.806992
0.776438
0.703011
0.753999
0.836335
0.600083
0.765450
0.666123
0.825371
0.820807
0.777278
0.840999
0.847526
0.684319
0.743013
0.697484
0.853658
0.920228
0.883314
0.839656
0.819076
0.634300
0.812269
0.854908
0.768549
0.756903
0.527838
0.919349
0.833078
0.818602
0.763353
0.853520
0.692765
0.885010
0.890345
0.675109
0.790699
0.805934
0.753726
0.729013
0.607014
0.662277
0.497295
0.661854
0.555510
0.657120
0.605957
0.668730
0.780620
0.517835
0.643624
0.740500
0.619165
0.750576
0.759758
0.660020
0.729218
0.713398
0.657948
0.599323
0.641629
0.575162
0.750058
0.813562
0.761198
0.540331
0.719262
0.680630
0.770099
0.645029
0.667824
0.752689
0.565747
0.691047
0.697768
0.770263
0.696798
0.670243
0.779107
0.698384
0.586660
0.671277
0.713589
0.743201
0.784372
0.623244
0.754298
0.824561
0.800331
0.603650
0.628127
0.765085
0.872300
0.770065
0.664293
0.757588
0.538025
0.696539
0.854181
0.697633
0.746683
0.647163
0.827936
0.383059
0.786302
0.705771
0.784720
0.631721
0.776195
0.672733
0.780368
0.758580
0.623954
0.581604
0.702930
0.792940
0.660801
0.639105
0.659661
0.705640
0.817112
0.808298
0.605163
0.751217
0.660288
0.630609
0.829314
0.702104
0.608415
0.549718
0.658659
0.657526
0.774016
0.842800
0.711881
0.773459
0.756382
0.720186
0.838922
0.764684
0.654697
0.855221
0.841455
0.809607
0.715173
0.778833
0.787652
0.750130
0.889347
0.661214
0.788976
0.863506
0.752921
0.746494
0.733291
0.643886
0.645650
0.736885
0.934947
0.847951
0.707918
0.733115
0.710580
0.732543
0.814034
0.707773
0.722981
0.713643
0.861643
0.896888
0.730257
0.663909
0.804542
0.651997
0.776386
0.825353
0.546889
0.537120
0.711634
0.697067
0.485991
0.536431
0.580119
0.575202
0.619740
0.507413
0.619328
0.527256
0.670795
0.688188
0.481106
0.493661
0.620917
0.474362
0.620283
0.553294
0.664016
0.758846
0.604067
0.606734
0.500937
0.668264
0.626800
0.684597
0.323748
0.475152
0.644439
0.703542
0.734177
0.605473
0.629129
0.426535
0.618419
0.712393
0.609198
0.687717
0.366039
0.692443
0.612570
0.716526
0.682119
0.386603
0.602877
0.723748
0.759357
0.690335
0.854416
0.623937
0.708238
0.569216
0.674759
0.612600
0.687202
0.696737
0.650762
0.690571
0.873218
0.882738
0.636529
0.728856
0.684435
0.795532
0.622674
0.888244
0.669951
0.790873
0.793013
0.751487
0.780977
0.733323
0.727830
0.619795
0.806032
0.809467
0.535215
0.606266
0.741538
0.841067
0.758701
0.929127
0.748886
0.784471
0.385300
0.715704
0.710304
0.736252
0.581383
0.733931
0.775308
0.708139
0.490474
0.713458
0.570340
0.566342
0.774344
0.534984
0.663023
0.614459
0.640934
0.752140
0.689093
0.766813
0.657433
0.603536
0.519621
0.559547
0.751204
0.670004
0.825875
0.478206
0.642696
0.550421
0.580421
0.599635
0.506892
0.722971
0.763760
0.726269
0.766922
0.622069
0.868602
0.641472
0.753195
0.681391
0.834021
0.611163
0.736513
0.741561
0.753914
0.630181
0.689162
0.728376
0.868634
0.746659
0.662199
0.649933
0.769027
0.731999
0.730286
0.718989
0.678249
0.763394
0.717169
0.727356
0.875434
0.606223
0.789246
0.678355
0.711681
0.685041
0.587172
0.580113
0.640396
0.743597
0.837024
0.594470
0.521629
0.513635
0.640885
0.747818
0.618530
0.732217
0.771591
0.763063
0.646989
0.663555
0.723005
0.698554
0.758027
0.637046
0.730169
0.685588
0.648431
0.573925
0.688384
0.602121
0.716256
0.746378
0.889318
0.581041
0.767227
0.767119
0.783884
0.649667
0.718731
0.776938
0.896810
0.899340
0.666861
0.810907
0.677580
0.651385
0.670456
0.608462
0.664334
0.580501
0.753015
0.649852
0.697817
0.709443
0.717039
0.757727
0.755097
0.724812
0.667383
0.618227
