0.576671
0.525561
0.596678
0.817510
0.548973
0.727246
0.690576
0.774717
0.589643
0.465419
0.577620
0.690795
0.543549
0.717038
0.702581
0.749511
0.531695
0.525637
0.670498
0.666892
0.582288
0.610161
0.695128
0.627446
0.593020
0.620482
0.654409
0.646927
0.666092
0.707405
0.668341
0.679020
0.395046
0.672387
0.597851
0.557709
0.648404
0.534826
0.550663
0.694254
0.683089
0.629008
0.605900
0.661099
0.717188
0.582161
0.733317
0.597010
0.683796
0.487029
0.532264
0.691679
0.440079
0.633874
0.752764
0.683582
0.426789
0.526285
0.602945
0.715015
0.491870
0.683169
0.703804
0.725679
0.601855
0.440228
0.588800
0.668825
0.728548
0.749078
0.567916
0.676708
0.605229
0.656163
0.673771
0.647020
0.572111
0.702728
0.628566
0.693146
0.511854
0.731781
0.402904
0.557793
0.641676
0.657062
0.610087
0.720405
0.726236
0.581148
0.653184
0.580313
0.678081
0.502134
0.725734
0.456948
0.692402
0.578209
0.704883
0.494391
0.671879
0.734957
0.673900
0.543136
0.652084
0.688231
0.717370
0.653632
0.692472
0.715407
0.625237
0.600541
0.567620
0.633168
0.810214
0.651137
0.757722
0.571297
0.469460
0.692447
0.713502
0.630510
0.502104
0.630260
0.780837
0.721466
0.723545
0.480262
0.638686
0.541836
0.578360
0.676814
0.651411
0.568569
0.749364
0.627444
0.611846
0.621342
0.660260
0.727063
0.615094
0.777500
0.582886
0.759972
0.786264
0.374288
0.610647
0.667287
0.629077
0.471738
0.549964
0.610684
0.636174
0.566853
0.599223
0.534217
0.671289
0.562712
0.478223
0.546570
0.729948
0.622957
0.542126
0.729584
0.584789
0.682570
0.594371
0.557905
0.610648
0.716794
0.673113
0.790366
0.738826
0.515510
0.511363
0.517096
0.617779
0.498578
0.635042
0.663335
0.718997
0.692119
0.415214
0.509915
0.318678
0.577877
0.513992
0.621550
0.496287
0.733302
0.637505
0.690497
0.851392
0.872846
0.753047
0.745808
0.869412
0.756006
0.715278
0.820504
0.628430
0.791623
0.705346
0.729687
0.815489
0.865232
0.884326
0.923723
0.731176
0.702087
0.820493
0.784368
0.603503
0.670317
0.766675
0.830387
0.779076
0.720803
0.723079
0.702766
0.666855
0.675870
0.843450
0.787509
0.685434
0.895394
0.724066
0.553945
0.841789
0.781602
0.856677
0.805206
0.899557
0.790376
0.781822
0.601235
0.599129
0.571527
0.510820
0.547323
0.630905
0.622741
0.498150
0.633841
0.571925
0.654195
0.595948
0.428487
0.536680
0.677582
0.618605
0.608878
0.603459
0.557221
0.604273
0.692020
0.483781
0.599620
0.703679
0.715466
0.653267
0.601145
0.412165
0.518961
0.424136
0.561297
0.558499
0.596657
0.589204
0.730245
0.745271
0.483630
0.578007
0.499661
0.590763
0.555242
0.651006
0.390409
0.689484
0.829239
0.730525
0.607017
0.590715
0.618145
0.534598
0.660050
0.533358
0.525564
0.504601
0.789388
0.614569
0.603505
0.798687
0.738665
0.692123
0.703143
0.545002
0.627588
0.698942
0.432838
0.689282
0.815835
0.664948
0.699953
0.536976
0.560490
0.529692
0.670902
0.534812
0.752396
0.533935
0.679912
0.722263
0.843976
0.608930
0.703147
0.607338
0.616763
0.598729
0.618331
0.572953
0.664172
0.770127
0.776147
0.632140
0.816339
0.695430
0.804004
0.762707
0.765281
0.812559
0.753480
0.630740
0.723841
0.742576
0.563992
0.736153
0.638437
0.757994
0.738979
0.828823
0.764892
0.781346
0.802140
0.879537
0.789613
0.823160
0.621254
0.656738
0.696766
0.721846
0.655255
0.724153
0.766609
0.809013
0.796243
0.815168
0.697930
0.812070
0.760102
0.744456
0.742224
0.670967
0.807287
0.686249
0.663763
0.744337
0.797939
0.775474
0.773180
0.701449
0.834270
0.756153
0.813895
0.558398
0.867461
0.858408
0.754715
0.785930
0.665813
0.764996
0.773627
0.804240
0.737130
0.908155
0.787887
0.893086
0.766720
0.631944
0.740783
0.687570
0.703043
0.760082
0.863833
0.734795
0.887956
0.867641
0.683196
0.636195
0.617110
0.728907
0.645646
0.778445
0.728390
0.796655
0.384141
0.553920
0.597605
0.620837
0.550792
0.666695
0.710813
0.535935
0.625470
0.563416
0.661855
0.680512
0.646380
0.689958
0.597864
0.545473
0.485930
0.646954
0.559903
0.644169
0.665112
0.706875
0.717451
0.449049
0.547594
0.480726
0.539811
0.580256
0.646854
0.576371
0.730891
0.628528
0.439675
0.632257
0.478185
0.608489
0.402407
0.711639
0.450336
0.708423
0.604255
0.493939
0.548672
0.554823
0.595019
0.702532
0.550932
0.620348
0.501008
0.641692
0.624778
0.568516
0.608380
0.636823
0.445730
0.580667
0.587625
0.565502
0.699486
0.715739
0.652269
0.682676
0.404375
0.572899
0.515803
0.501904
0.591669
0.504213
0.546628
0.724145
0.704646
0.575302
0.622443
0.547942
0.657008
0.395383
0.604886
0.437406
0.636635
0.625988
0.674612
0.702030
0.688322
0.668796
0.655823
0.600289
0.595742
0.775431
0.659094
0.642419
0.795833
0.687509
0.654490
0.598348
0.622694
0.683202
0.837943
0.658154
0.698501
0.684304
0.594119
0.628600
0.697904
0.648323
0.711529
0.676031
0.740529
0.698397
0.831807
0.582280
0.695595
0.569472
0.599567
0.662863
0.791984
0.613809
0.730237
0.670490
0.523472
0.522031
0.474300
0.755625
0.664878
0.603506
0.816178
0.582643
0.647200
0.522799
0.599066
0.540682
0.661143
0.497370
0.755007
0.769115
0.666525
0.585685
0.695892
0.565604
0.512990
0.667084
0.502742
0.645936
0.481968
0.712991
0.604367
0.852638
0.612645
0.648319
0.596327
0.560061
0.622700
0.555598
0.618197
0.593752
0.650886
0.693527
0.687395
0.566530
0.477471
0.695373
0.705512
0.757626
0.665140
0.592085
0.697072
0.576235
0.743348
0.689829
0.710912
0.645679
0.745671
0.692618
0.679039
0.508878
0.710831
0.488126
0.607060
0.725503
0.706285
0.720142
0.712783
0.761264
0.651679
0.627219
0.633486
0.717596
0.594215
0.679406
0.606434
0.680270
0.656669
0.710112
0.731750
0.701430
0.616171
0.829304
0.746034
0.640989
0.662467
0.644334
0.621147
0.740111
0.631688
0.723296
0.751674
0.693387
0.686870
0.746560
0.518499
0.508617
0.656699
0.574154
0.684989
0.652614
0.722998
0.712028
0.803223
0.666277
0.695996
0.603358
0.630520
0.555798
0.607375
0.603694
0.557098
0.612202
0.794201
0.665991
0.665466
0.734581
0.694419
0.716750
0.671030
0.548177
0.678927
0.754145
0.443101
0.709323
0.852674
0.721192
0.782403
0.809189
0.569789
0.617556
0.639232
0.593808
0.683645
0.564610
0.649271
0.798044
0.917032
0.462729
0.684802
0.581949
0.606234
0.652334
0.649675
0.571521
0.787350
0.837490
0.667903
0.775095
0.932005
0.580637
0.686411
0.623059
0.609521
0.664324
0.790658
0.582717
0.758625
0.763621
0.722545
0.702205
0.623932
0.692494
0.651989
0.680977
0.695415
0.746381
0.495601
0.711179
0.655635
0.902772
0.730443
0.745688
0.740169
0.672723
0.684983
0.718928
0.682779
0.671887
0.606940
0.691611
0.761687
0.714968
0.653510
0.728548
0.691328
0.710216
0.558646
0.714143
0.560523
0.550993
0.702200
0.721751
0.792872
0.611281
0.701096
0.523972
0.640973
0.687074
0.767761
0.563524
0.809503
0.433751
0.547206
0.671321
0.641577
0.703978
0.507642
0.800592
0.616906
0.761988
0.709964
0.639450
0.691261
0.570442
0.515535
0.674714
0.620191
0.632286
0.522761
0.629369
0.604143
0.761976
0.577363
0.682862
0.583685
0.620600
0.571429
0.580941
0.700523
0.552480
0.568795
0.678031
0.741247
0.608242
0.687744
0.674941
0.626629
0.634249
0.684288
0.523501
0.727232
0.802174
0.701607
0.659560
0.741060
0.633287
0.661771
0.683511
0.670872
0.630377
0.840979
0.662981
0.794164
0.690569
0.478273
0.655299
0.597779
0.602746
0.610676
0.694367
0.725478
0.741600
0.751124
0.629085
0.621249
0.439936
0.642436
0.561000
0.511849
0.607955
0.648011
0.757032
0.796589
0.719960
0.785983
0.543498
0.795028
0.755095
0.763924
0.885710
0.686419
0.761579
0.802060
0.603607
0.787388
0.745353
0.662907
0.771701
0.686441
0.737081
0.847203
0.879814
0.777545
0.784426
0.826259
0.771695
0.687887
0.845183
0.514182
0.850379
0.653714
0.796472
0.711082
0.658441
0.733760
0.737269
0.672875
0.842660
0.730290
0.754738
0.679297
0.604341
0.620546
0.746448
0.686266
0.556190
0.541743
0.603884
0.683853
0.806553
0.717630
0.608967
0.684712
0.737827
0.691377
0.781651
0.718412
0.690267
0.762491
0.694459
0.714444
0.729086
0.656282
0.691195
0.808033
0.697085
0.775903
0.714304
0.595074
0.589681
0.640654
0.666775
0.634731
0.636779
0.658355
0.649593
0.768205
0.685433
0.661401
0.530929
0.673292
0.506517
0.758165
0.684355
0.714328
0.684560
0.581713
0.807140
0.667670
0.762431
0.738122
0.830167
0.605333
0.736953
0.623596
0.661352
0.637295
0.582282
0.715328
0.635121
0.738605
0.737955
0.855711
0.776957
0.797788
0.818221
0.708196
0.638735
0.707162
0.600062
0.769319
0.693252
0.578148
0.500189
0.426482
0.757238
0.658289
0.743948
0.663571
0.494122
0.473198
0.653682
0.483058
0.683478
0.612634
0.512332
0.701064
0.681300
0.537716
0.595735
0.613317
0.662324
0.648248
0.723381
0.608146
0.720846
0.722543
0.636277
0.645393
0.792509
0.645122
0.598755
0.675368
0.450234
0.676475
0.592541
0.500399
0.683718
0.477173
0.687295
0.633910
0.871487
0.725400
0.675947
0.735851
0.658682
0.601800
0.702894
0.466196
0.682295
0.647998
0.611554
0.748469
0.682918
0.760088
0.772079
0.614181
0.578173
0.662918
0.549437
0.721542
0.733214
0.665974
0.713508
0.642791
0.467649
0.784591
0.632168
0.702833
0.626598
0.811473
0.694717
0.822270
0.602011
0.790763
0.634173
0.662251
0.670070
0.526752
0.519104
0.640715
0.361207
0.699888
0.576145
0.634394
0.693740
0.805515
0.403584
0.639196
0.607638
0.601588
0.667428
0.699774
0.563722
0.784337
0.754272
0.753887
0.778955
0.772539
0.542701
0.557260
0.653174
0.565737
0.708837
0.696119
0.448666
0.769408
0.547723
0.582566
0.665776
0.620418
0.779977
0.625890
0.868942
0.657829
0.749309
0.855813
0.647500
0.811895
0.759741
0.753844
0.495979
0.705140
0.800746
0.724426
0.674880
0.787966
0.635242
0.699490
0.799887
0.805881
0.654122
0.600706
0.780851
0.667205
0.739727
0.774401
0.729416
0.630131
0.682087
0.747897
0.602332
0.773075
0.697189
0.735864
0.675085
0.809664
0.604896
0.660895
0.661856
0.683140
0.681400
0.799622
0.699580
0.662482
0.740863
0.706456
0.738544
0.718120
0.646770
0.765451
0.573574
0.680804
0.692453
0.829629
0.773190
0.844256
0.831029
0.696542
0.732986
0.789212
0.643416
0.708574
0.609819
0.705479
0.688003
0.685324
0.749864
0.638332
0.733773
0.681202
0.892571
0.794025
0.757738
0.770068
0.702668
0.717799
0.758377
0.683935
0.681774
0.488274
0.459798
0.421054
0.551991
0.599557
0.609206
0.635168
0.666782
0.533265
0.529130
0.537138
0.611270
0.495903
0.682805
0.460893
0.619006
0.620538
0.559470
0.631306
0.603354
0.653565
0.740504
0.717713
0.550882
0.628033
0.511454
0.545730
0.548812
0.588933
0.591183
0.731269
0.540071
0.657407
0.678006
0.635654
0.778659
0.661967
0.503221
0.622728
0.634307
0.673454
0.469537
0.669675
0.495374
0.742211
0.680133
0.645655
0.634601
0.629274
0.743875
0.422832
0.633748
0.622729
0.725991
0.537260
0.780914
0.582684
0.719825
0.679395
0.695701
0.678530
0.736600
0.644916
0.478841
0.584292
0.790307
0.567676
0.824580
0.625268
0.775926
0.501883
0.655817
0.874822
0.701503
0.748171
0.676529
0.655676
0.643488
0.639534
0.521305
0.637070
0.750175
0.637434
0.590827
0.707632
0.663944
0.749400
0.599997
0.771304
0.593022
0.630899
0.805603
0.810006
0.739750
0.752586
0.657711
0.698075
0.824532
0.769093
0.655835
0.675121
0.775934
0.751921
0.892887
0.697918
0.880633
0.750958
0.772969
0.633180
0.493630
0.687001
0.584207
0.797254
0.627469
0.774888
0.608282
0.741885
0.650576
0.714968
0.643317
0.718120
0.671340
0.492025
0.632750
0.614276
0.700630
0.603502
0.530425
0.548580
0.672664
0.674695
0.518031
0.674170
0.665221
0.651981
0.729279
