0.670333
0.540727
0.631641
0.631494
0.510658
0.579122
0.705853
0.525036
0.699093
0.613642
0.781117
0.676580
0.559406
0.685357
0.698536
0.732746
0.650542
0.676225
0.730206
0.773579
0.700580
0.721720
0.648852
0.699866
0.698055
0.622079
0.689121
0.596586
0.596643
0.636622
0.710028
0.716639
0.671650
0.668455
0.380551
0.497977
0.697394
0.611570
0.650699
0.649623
0.836627
0.530351
0.712060
0.574651
0.617722
0.706514
0.590322
0.531927
0.583241
0.494416
0.501170
0.568864
0.617134
0.571987
0.628609
0.524587
0.617232
0.555471
0.648235
0.660872
0.593665
0.431664
0.562468
0.585414
0.651243
0.643567
0.621993
0.786981
0.580019
0.664518
0.679759
0.605478
0.632018
0.623140
0.477070
0.620837
0.413922
0.638774
0.556964
0.743528
0.617767
0.530916
0.582938
0.595296
0.600581
0.520091
0.588903
0.485445
0.774640
0.587783
0.670965
0.611251
0.619387
0.649311
0.528674
0.504672
0.561912
0.484012
0.467394
0.346306
0.420983
0.542576
0.439667
0.531296
0.518044
0.530337
0.601358
0.310112
0.541764
0.527646
0.508473
0.513365
0.506523
0.571015
0.684925
0.501121
0.505865
0.445949
0.497677
0.550783
0.583706
0.506877
0.449193
0.469105
0.611396
0.483497
0.472687
0.528312
0.488845
0.464911
0.359956
0.543816
0.472772
0.360219
0.445435
0.763443
0.443829
0.403821
0.466924
0.566208
0.550878
0.502676
0.372732
0.347089
0.534327
0.474661
0.465075
0.549594
0.550144
0.619201
0.491153
0.667474
0.662923
0.504362
0.375145
0.570382
0.381328
0.629397
0.679063
0.515272
0.676897
0.433105
0.575433
0.535318
0.505172
0.545810
0.565575
0.356352
0.496859
0.349904
0.620375
0.328375
0.595252
0.650525
0.517523
0.496142
0.452095
0.551408
0.416847
0.419007
0.392557
0.785546
0.455852
0.472944
0.465382
0.588342
0.565506
0.382765
0.429593
0.469267
0.441273
0.514599
0.618201
0.442992
0.684072
0.519251
0.640137
0.494540
0.374849
0.564441
0.626008
0.617122
0.416584
0.583531
0.694354
0.728784
0.591296
0.546133
0.535871
0.612208
0.650748
0.598391
0.580930
0.547622
0.510163
0.620854
0.661647
0.565706
0.519931
0.617183
0.652246
0.468670
0.537639
0.599346
0.489825
0.584458
0.789939
0.572436
0.499437
0.595035
0.627989
0.503139
0.562851
0.427403
0.487497
0.406263
0.602394
0.464721
0.595081
0.457170
0.597191
0.592061
0.310781
0.531168
0.529220
0.522193
0.437680
0.548407
0.591027
0.731964
0.496841
0.513881
0.416965
0.508520
0.559376
0.627371
0.532412
0.462309
0.455013
0.615357
0.532661
0.486451
0.563494
0.504200
0.437362
0.357231
0.526698
0.501530
0.369676
0.455918
0.796612
0.422761
0.423286
0.443984
0.568705
0.563197
0.464744
0.312335
0.445633
0.623466
0.487773
0.591194
0.458811
0.568216
0.601280
0.367028
0.477510
0.544300
0.483765
0.580252
0.610992
0.536472
0.607579
0.472340
0.508601
0.485968
0.473053
0.501941
0.602836
0.448110
0.531569
0.431522
0.629940
0.505433
0.506613
0.576468
0.520379
0.507428
0.450141
0.585144
0.417154
0.362350
0.497601
0.769920
0.522792
0.370475
0.527163
0.615868
0.545301
0.475844
0.355537
0.421659
0.524709
0.609412
0.550179
0.657121
0.611520
0.597765
0.671999
0.604063
0.642570
0.541025
0.610161
0.749244
0.709473
0.592287
0.544744
0.501294
0.365697
0.679999
0.620711
0.671829
0.564718
0.546737
0.658300
0.523614
0.703223
0.639936
0.484867
0.630919
0.535574
0.654538
0.682361
0.609216
0.458490
0.795552
0.623971
0.578149
0.606414
0.583718
0.631450
0.562278
0.497167
0.559866
0.639286
0.424734
0.507742
0.404229
0.436800
0.544586
0.414158
0.579237
0.460267
0.486995
0.603174
0.617249
0.558634
0.575146
0.421508
0.505901
0.592470
0.598503
0.583888
0.509036
0.405487
0.563113
0.583223
0.670869
0.367359
0.441861
0.518029
0.402805
0.482519
0.552672
0.465366
0.427936
0.678233
0.567007
0.605883
0.540036
0.528737
0.468688
0.541490
0.381531
0.494900
0.627005
0.657780
0.755908
0.570091
0.663367
0.602717
0.545293
0.713341
0.738689
0.647456
0.760963
0.627303
0.690803
0.597817
0.627680
0.735500
0.641415
0.600478
0.647684
0.599922
0.695871
0.522311
0.623545
0.687643
0.515071
0.649608
0.589371
0.646509
0.650885
0.581852
0.487185
0.681457
0.591268
0.621250
0.615712
0.695670
0.634610
0.620471
0.537744
0.558388
0.597874
0.560797
0.454466
0.526945
0.425443
0.535725
0.502147
0.551112
0.592303
0.636201
0.501179
0.527477
0.426770
0.502250
0.577764
0.584713
0.463249
0.533131
0.421491
0.614261
0.556058
0.585328
0.610176
0.518713
0.557606
0.504499
0.570632
0.507563
0.485522
0.490603
0.763711
0.571068
0.481065
0.529722
0.617708
0.509003
0.524345
0.411882
0.581008
0.617943
0.602255
0.690351
0.521145
0.657487
0.710898
0.625714
0.637793
0.709335
0.618742
0.597046
0.429632
0.510538
0.580139
0.678943
0.708048
0.619731
0.578145
0.800259
0.672544
0.700185
0.491002
0.574889
0.721456
0.570499
0.617539
0.710653
0.498150
0.562175
0.614286
0.696036
0.581285
0.696263
0.677836
0.623046
0.718283
0.512888
0.630674
0.548337
0.704195
0.538544
0.732994
0.463074
0.629989
0.722927
0.745850
0.649186
0.649945
0.546038
0.655087
0.621996
0.697701
0.691153
0.618454
0.573430
0.632756
0.742355
0.736056
0.461512
0.560578
0.685740
0.568848
0.567617
0.706798
0.607301
0.605482
0.758990
0.665888
0.653308
0.658061
0.649877
0.614604
0.663419
0.543473
0.636128
0.542890
0.547953
0.522738
0.476559
0.534030
0.562605
0.714658
0.461892
0.512780
0.465425
0.558649
0.558370
0.567567
0.487919
0.490444
0.483493
0.593772
0.581587
0.460489
0.498913
0.500728
0.576416
0.324825
0.521413
0.376111
0.338269
0.493293
0.765971
0.491512
0.429237
0.491206
0.604076
0.485426
0.440441
0.346414
0.372287
0.570464
0.482658
0.713006
0.737741
0.526343
0.731127
0.518353
0.682273
0.631787
0.577872
0.667841
0.605163
0.176754
0.583490
0.366257
0.671014
0.508916
0.673324
0.629066
0.559039
0.559482
0.522441
0.542439
0.417759
0.434789
0.478748
0.719540
0.464450
0.526450
0.530879
0.624853
0.593663
0.354686
0.461943
0.524049
0.626311
0.576620
0.644895
0.605923
0.733919
0.559601
0.677279
0.500854
0.556478
0.609876
0.724144
0.580736
0.622399
0.498197
0.667751
0.580233
0.729185
0.417603
0.498920
0.633737
0.578162
0.536250
0.610215
0.511703
0.546038
0.772126
0.617616
0.577191
0.617626
0.644447
0.521053
0.559365
0.469441
0.583506
0.726472
0.726541
0.487522
0.777617
0.497096
0.573173
0.549071
0.540505
0.557350
0.687039
0.396617
0.612012
0.462624
0.666956
0.249361
0.613157
0.669785
0.523974
0.611214
0.513046
0.599411
0.491663
0.425013
0.481672
0.715046
0.507163
0.502385
0.396987
0.674841
0.470491
0.501186
0.493984
0.545534
0.549797
0.781616
0.798881
0.598913
0.593342
0.519037
0.638659
0.712190
0.682663
0.729764
0.547058
0.562728
0.623701
0.675769
0.603029
0.593659
0.597031
0.616540
0.544238
0.534053
0.712079
0.575358
0.585517
0.841294
0.654383
0.574712
0.627230
0.669809
0.621600
0.635594
0.456159
0.592841
0.750524
0.625075
0.650226
0.587410
0.493734
0.680548
0.761802
0.573524
0.715934
0.516303
0.610306
0.501529
0.698170
0.640869
0.602343
0.702810
0.606919
0.466089
0.764804
0.645133
0.607322
0.505652
0.852311
0.685930
0.647660
0.598716
0.748770
0.622312
0.694911
0.576679
0.603303
0.739488
0.477714
0.797343
0.633654
0.537374
0.546171
0.592384
0.489997
0.752639
0.532059
0.683467
0.421162
0.686444
0.637383
0.446392
0.648861
0.582146
0.535726
0.443933
0.460636
0.629752
0.760887
0.591943
0.616445
0.447642
0.573484
0.594306
0.511113
0.510264
0.563628
0.746535
0.694606
0.634457
0.582155
0.703776
0.684303
0.741261
0.718634
0.679055
0.786463
0.727000
0.753245
0.804956
0.688561
0.739579
0.665844
0.836362
0.776768
0.572497
0.651332
0.826159
0.751338
0.721796
0.691760
0.794314
0.714233
0.672227
0.690220
0.675021
0.532497
0.493937
0.555005
0.570405
0.619515
0.420966
0.524390
0.510564
0.628223
0.451359
0.624145
0.630069
0.498275
0.604746
0.522540
0.494872
0.458805
0.472608
0.503502
0.791117
0.528863
0.457875
0.628129
0.593300
0.574039
0.501134
0.480279
0.440924
0.451920
0.504038
0.630230
0.689594
0.604835
0.416064
0.514390
0.647013
0.625020
0.623861
0.625385
0.643443
0.647616
0.514824
0.707101
0.654774
0.550112
0.517798
0.838496
0.673128
0.443660
0.698634
0.682323
0.531424
0.589455
0.525214
0.524794
0.413604
0.576354
0.640900
0.580805
0.461390
0.531684
0.567844
0.518277
0.544771
0.487195
0.554226
0.566188
0.392285
0.663465
0.609109
0.416701
0.507774
0.711775
0.572970
0.471358
0.514942
0.627984
0.523903
0.600249
0.401192
0.497648
0.501268
0.620662
0.541674
0.580720
0.445313
0.656585
0.458235
0.643190
0.573912
0.419443
0.587628
0.505678
0.606534
0.602775
0.446533
0.506237
0.765691
0.539695
0.505479
0.529119
0.513765
0.611014
0.476452
0.408678
0.542789
0.709892
0.611041
0.658567
0.484259
0.652930
0.535806
0.716944
0.623947
0.469745
0.666287
0.534015
0.615406
0.567599
0.477716
0.527716
0.808331
0.653988
0.532958
0.553099
0.607345
0.683859
0.603197
0.465433
0.552795
0.599560
0.651322
0.490585
0.726528
0.627750
0.634083
0.676584
0.581106
0.656920
0.577083
0.629980
0.575503
0.608961
0.633507
0.758801
0.580860
0.634343
0.596587
0.651070
0.675215
0.526143
0.516898
0.589549
0.546071
0.393286
0.598728
0.415538
0.639272
0.652606
0.511002
0.587537
0.505372
0.536732
0.314457
0.391975
0.471475
0.752612
0.459763
0.473341
0.483230
0.634215
0.528282
0.378593
0.470387
0.514110
0.466882
0.547502
0.606833
0.558419
0.642611
0.592957
0.537691
0.415300
0.621313
0.574423
0.483084
0.414205
0.749033
0.575001
0.513775
0.646045
0.659630
0.525136
0.551071
0.471140
0.523356
0.520716
0.469808
0.616867
0.542645
0.395446
0.471654
0.492368
0.403615
0.380643
0.446645
0.346642
0.732097
0.492360
0.499956
0.481565
0.511037
0.535458
0.331152
0.351835
0.441668
0.640046
0.733450
0.667773
0.609100
0.671648
0.588883
0.667229
0.572545
0.620099
0.485995
0.798822
0.723120
0.646943
0.589862
0.677879
0.659140
0.592437
0.554641
0.558248
0.666897
0.680874
0.420262
0.582976
0.521818
0.570234
0.516219
0.473169
0.465791
0.744845
0.513652
0.508232
0.330152
0.615312
0.564459
0.517927
0.517569
0.490164
0.712926
0.678374
0.613853
0.540174
0.637279
0.607922
0.474053
0.654932
0.823059
0.523257
0.522781
0.646247
0.695473
0.685663
0.563812
0.482397
0.534697
0.532783
0.632887
0.416107
0.565402
0.619197
0.486502
0.591734
0.722403
0.635885
0.618548
0.610021
0.566586
0.609334
0.577474
0.475757
0.567076
0.547857
0.538335
0.384209
0.535716
0.512580
0.421332
0.719538
0.598558
0.599543
0.495132
0.514162
0.555335
0.478289
0.427774
0.517969
0.443474
0.672557
0.509874
0.544143
0.516827
0.850003
0.479420
0.628263
0.494738
0.479887
0.691489
0.472401
0.477781
0.485795
0.619797
0.452965
0.300029
0.474358
0.736249
0.457499
0.465841
0.405811
0.512369
0.570735
0.477955
0.364963
0.391684
0.529230
0.556650
0.557136
0.820323
0.586563
0.597842
0.627735
0.595366
0.548265
0.486593
0.460122
0.550019
0.430492
0.530008
0.801143
0.495943
0.485539
0.474714
0.563841
0.561552
0.378496
0.440034
0.405724
0.463068
0.662417
0.414094
0.372111
0.485788
0.554950
0.506094
0.415736
0.330943
0.439195
0.676018
0.567100
0.484509
0.540721
0.605332
0.534199
0.462311
0.402403
0.492020
0.729156
0.784925
0.785166
0.718215
0.722992
0.837776
0.676707
0.744440
0.516236
0.433903
0.577168
0.582950
0.432477
0.453005
0.510349
0.559250
0.618966
0.566230
0.546615
0.421236
0.429387
0.583601
0.584123
0.488562
0.476118
0.471572
0.739432
0.406370
0.477699
0.547799
0.613579
0.568437
0.557456
0.374516
0.497308
0.406171
