0.637407
0.717733
0.780473
0.721914
0.399694
0.692320
0.529572
0.765283
0.616155
0.719451
0.752365
0.596939
0.605799
0.674147
0.663993
0.786420
0.671119
0.572879
0.653121
0.698439
0.669819
0.708105
0.740797
0.684659
0.560400
0.606356
0.573950
0.733998
0.637407
0.626775
0.671484
0.646723
0.802725
0.722468
0.690589
0.816878
0.677884
0.590300
0.724724
0.528032
0.705312
0.539155
0.768918
0.594573
0.836288
0.726140
0.545297
0.612261
0.753519
0.668856
0.874995
0.648554
0.552285
0.649380
0.681975
0.694856
0.578050
0.660755
0.687340
0.653765
0.584023
0.704151
0.625246
0.706122
0.574180
0.587583
0.648904
0.549172
0.484094
0.798027
0.610678
0.661748
0.549811
0.640599
0.656150
0.639460
0.652826
0.659429
0.691547
0.631374
0.653666
0.486661
0.634427
0.599145
0.591263
0.514624
0.816469
0.597451
0.666947
0.667853
0.702620
0.670057
0.737251
0.636284
0.619724
0.694572
0.657412
0.845609
0.812364
0.675019
0.533141
0.526095
0.775379
0.540075
0.589566
0.415416
0.467383
0.473749
0.627680
0.491112
0.762422
0.652611
0.515056
0.532708
0.541875
0.579566
0.863686
0.620890
0.600939
0.618078
0.548979
0.775058
0.649412
0.651610
0.519200
0.509341
0.473605
0.641766
0.596571
0.541125
0.545827
0.650798
0.400697
0.552412
0.637992
0.387670
0.723309
0.560924
0.520145
0.531613
0.755289
0.571150
0.671196
0.656726
0.747033
0.877918
0.809915
0.818229
0.879764
0.825631
0.839639
0.810772
0.769461
0.754468
0.828741
0.796863
0.850239
0.894945
0.914770
0.708389
0.879809
0.751336
0.654734
0.775150
0.824672
0.862976
0.780218
0.839538
0.906842
0.765239
0.757572
0.844446
0.742366
0.726446
0.857648
0.669358
0.820563
0.819634
0.732603
0.767346
0.799012
0.792614
0.957115
0.815343
0.809483
0.861121
0.834753
0.705359
0.834049
0.906033
0.747105
0.747913
0.744094
0.643081
0.668939
0.788127
0.774641
0.702257
0.690109
0.776029
0.819692
0.821965
0.675580
0.667860
0.768114
0.661062
0.620420
0.760322
0.622804
0.818162
0.638085
0.668390
0.740368
0.718204
0.620495
0.732117
0.748038
0.717361
0.696663
0.646078
0.740763
0.737729
0.723528
0.732290
0.818902
0.762461
0.769664
0.767647
0.768458
0.820201
0.811134
0.764071
0.735585
0.780684
0.676315
0.604821
0.522225
0.602800
0.613881
0.595401
0.676888
0.611556
0.591448
0.627189
0.676940
0.712865
0.635139
0.435638
0.480578
0.515848
0.606873
0.656385
0.627428
0.655493
0.539498
0.422701
0.645168
0.654801
0.572767
0.650422
0.640757
0.644453
0.715205
0.556846
0.708007
0.675483
0.628913
0.528253
0.720713
0.454691
0.621515
0.551291
0.649166
0.621637
0.779309
0.732085
0.554403
0.583867
0.639773
0.508796
0.599448
0.473948
0.625001
0.574810
0.563041
0.493475
0.592550
0.576806
0.678459
0.574868
0.526783
0.484827
0.655420
0.501429
0.771034
0.561731
0.585400
0.589053
0.519631
0.721761
0.691990
0.617064
0.589531
0.488202
0.476509
0.594377
0.545315
0.530011
0.559069
0.636276
0.448376
0.404098
0.604965
0.444966
0.743934
0.568225
0.514045
0.616575
0.713564
0.445244
0.607051
0.622885
0.563158
0.514778
0.534490
0.598904
0.470143
0.376340
0.396089
0.479988
0.715458
0.580421
0.611368
0.429583
0.670109
0.541660
0.825931
0.545744
0.610455
0.585227
0.368262
0.641233
0.595053
0.583850
0.571832
0.510380
0.404917
0.685320
0.655787
0.560796
0.630321
0.588239
0.429131
0.553231
0.459915
0.496637
0.677646
0.631374
0.491632
0.587108
0.690361
0.462644
0.398328
0.621677
0.581809
0.694652
0.709148
0.675703
0.611511
0.592410
0.781054
0.790463
0.521994
0.603634
0.640651
0.600177
0.456647
0.884283
0.655199
0.757214
0.625019
0.612060
0.644164
0.551814
0.557774
0.695579
0.593970
0.633527
0.551754
0.592718
0.752354
0.613490
0.654496
0.670202
0.713182
0.684745
0.650429
0.680540
0.685959
0.743227
0.628172
0.710717
0.681884
0.589401
0.408974
0.625081
0.471582
0.592345
0.442017
0.626547
0.560036
0.763328
0.411249
0.497033
0.603276
0.607399
0.412786
0.738466
0.611847
0.638507
0.367490
0.526282
0.584136
0.472803
0.599749
0.567846
0.527159
0.551662
0.598231
0.483768
0.595626
0.505833
0.544141
0.411971
0.634856
0.643910
0.535899
0.636741
0.568563
0.541195
0.644902
0.684148
0.514466
0.586200
0.473773
0.437544
0.505220
0.354519
0.458404
0.545598
0.621861
0.599716
0.640783
0.304785
0.710812
0.596848
0.865612
0.618554
0.571476
0.654831
0.423510
0.699936
0.645716
0.574739
0.542605
0.530634
0.547296
0.671749
0.622837
0.496179
0.695473
0.673028
0.548637
0.573282
0.503509
0.490070
0.800960
0.647680
0.624088
0.556209
0.628583
0.597505
0.452785
0.633963
0.576409
0.406334
0.602952
0.554068
0.751792
0.593442
0.587236
0.439037
0.654911
0.533922
0.810843
0.570947
0.712507
0.614295
0.431409
0.753161
0.590278
0.654503
0.534952
0.603852
0.519584
0.620974
0.527688
0.636296
0.528323
0.678579
0.484818
0.684988
0.597213
0.468488
0.710645
0.591526
0.516667
0.564822
0.671080
0.599830
0.651222
0.555110
0.517858
0.595523
0.517113
0.702203
0.588581
0.600829
0.448545
0.710937
0.597966
0.846968
0.617120
0.498808
0.655175
0.509535
0.645854
0.725679
0.631371
0.537276
0.510861
0.496579
0.616345
0.626310
0.527177
0.601371
0.621546
0.439843
0.551446
0.535953
0.459295
0.696798
0.607608
0.526957
0.566856
0.609026
0.498570
0.481326
0.721416
0.329269
0.461526
0.669541
0.521984
0.562275
0.330256
0.665771
0.474247
0.727403
0.529690
0.589003
0.537796
0.315679
0.639588
0.520720
0.531459
0.541618
0.460678
0.355540
0.619901
0.559596
0.478906
0.590943
0.596219
0.418631
0.593325
0.422478
0.485585
0.712596
0.604700
0.505847
0.582536
0.684698
0.453139
0.453816
0.550722
0.652159
0.668715
0.636156
0.652138
0.442310
0.741434
0.657190
0.815282
0.552906
0.640881
0.674025
0.376934
0.754223
0.629411
0.645472
0.654072
0.461398
0.382912
0.742694
0.664872
0.486632
0.692529
0.750776
0.567266
0.553015
0.445292
0.547786
0.792064
0.648037
0.527400
0.700960
0.637095
0.406558
0.529994
0.662092
0.691389
0.620073
0.700986
0.553818
0.706149
0.586377
0.850571
0.706936
0.522749
0.546743
0.584950
0.645152
0.673225
0.576943
0.454071
0.487180
0.476576
0.656657
0.653226
0.424268
0.664392
0.701376
0.480403
0.572334
0.635681
0.465102
0.763408
0.629223
0.471005
0.588734
0.752427
0.553467
0.458641
0.729044
0.800280
0.665205
0.630263
0.718661
0.696712
0.930003
0.740834
0.459891
0.777245
0.655763
0.787734
0.754302
0.661748
0.687840
0.652465
0.713741
0.727441
0.773647
0.683811
0.723659
0.814007
0.695306
0.728766
0.651894
0.602802
0.855623
0.788075
0.783095
0.701515
0.768554
0.791305
0.732459
0.767162
0.572360
0.568130
0.596288
0.367812
0.855705
0.615397
0.650100
0.527042
0.543627
0.459690
0.471518
0.591105
0.561335
0.455692
0.679093
0.500396
0.446087
0.649270
0.497453
0.579552
0.569507
0.743648
0.638237
0.494434
0.714683
0.660078
0.641853
0.706188
0.725327
0.602042
0.512656
0.534627
0.555195
0.404893
0.493656
0.825855
0.591114
0.634408
0.573686
0.516640
0.670678
0.538022
0.578608
0.620549
0.548617
0.578938
0.616248
0.440579
0.624704
0.531003
0.595778
0.543680
0.698854
0.592142
0.491598
0.628685
0.651703
0.651847
0.665045
0.708780
0.636719
0.727951
0.501485
0.668737
0.514020
0.773627
0.491959
0.569540
0.673552
0.212792
0.647217
0.622022
0.650041
0.502414
0.479384
0.521758
0.621427
0.539477
0.498143
0.637420
0.631742
0.472518
0.531725
0.391254
0.410791
0.710399
0.558514
0.562338
0.560640
0.693771
0.505279
0.517797
0.621450
0.482268
0.867922
0.668495
0.755169
0.523646
0.648811
0.650582
0.486125
0.541137
0.559834
0.649670
0.699240
0.502798
0.442058
0.651550
0.540628
0.573939
0.587922
0.757712
0.725011
0.549261
0.567665
0.697319
0.702231
0.687073
0.755315
0.726612
0.791379
0.520631
0.839182
0.621344
0.636011
0.502608
0.526071
0.473776
0.505015
0.611095
0.553008
0.584642
0.618584
0.378391
0.364706
0.561487
0.473903
0.487714
0.543328
0.728309
0.659317
0.535441
0.672360
0.700840
0.679395
0.672775
0.666381
0.645345
0.551254
0.528969
0.836258
0.815616
0.817299
0.755881
0.869206
0.858596
0.865721
0.895817
0.830278
0.797361
0.891044
0.864688
0.840550
0.870788
0.908036
0.818298
0.880024
0.684528
0.832899
0.841020
0.790217
0.764581
0.893638
0.926151
0.746824
0.823878
0.791438
0.644287
0.679449
0.420209
0.729870
0.676839
0.658052
0.546588
0.581452
0.506101
0.692113
0.533137
0.626825
0.600541
0.635516
0.530252
0.655929
0.627447
0.570240
0.749790
0.698707
0.665215
0.683759
0.682233
0.525191
0.732079
0.693588
0.703555
0.603553
0.764132
0.746799
0.653804
0.598235
0.519821
0.533629
0.688675
0.611976
0.535764
0.711136
0.653134
0.561797
0.642625
0.577952
0.558740
0.746768
0.694762
0.663583
0.609050
0.765035
0.602105
0.603805
0.763912
0.635918
0.587098
0.562880
0.539115
0.510317
0.637130
0.578353
0.609019
0.515755
0.583830
0.653767
0.505175
0.539027
0.750743
0.675271
0.584037
0.631638
0.672178
0.554540
0.701596
0.702779
0.482211
0.624899
0.583411
0.675297
0.552069
0.610924
0.569276
0.481238
0.477312
0.650463
0.529933
0.580277
0.590124
0.650497
0.508554
0.586544
0.403061
0.471557
0.691420
0.564750
0.552768
0.667154
0.702250
0.494916
0.524372
0.650746
0.553072
0.690224
0.585156
0.675418
0.825077
0.647768
0.591425
0.695642
0.738153
0.589040
0.655803
0.786724
0.701139
0.671965
0.653062
0.777738
0.689384
0.756654
0.745605
0.706353
0.568118
0.637704
0.591485
0.535328
0.577489
0.657896
0.635157
0.391598
0.699072
0.594025
0.548074
0.601916
0.783493
0.665647
0.546403
0.624715
0.706517
0.689058
0.574572
0.779303
0.696727
0.580435
0.292479
0.512145
0.593273
0.520408
0.618029
0.632345
0.626161
0.641574
0.664046
0.551017
0.622310
0.623998
0.593082
0.636628
0.649892
0.634991
0.674805
0.690224
0.608814
0.590709
0.587286
0.492430
0.478471
0.621758
0.490345
0.476677
0.590061
0.590068
0.466957
0.594027
0.644239
0.419886
0.710803
0.607359
0.581005
0.531812
0.650225
0.534071
0.593489
0.628599
0.491288
0.618275
0.597272
0.470466
0.524661
0.716774
0.498424
0.506182
0.624154
0.318490
0.755729
0.531000
0.578354
0.545527
0.696856
0.554112
0.545971
0.602045
0.748183
0.647644
0.498361
0.574618
0.710448
0.468843
0.540221
0.528622
0.511815
0.725021
0.595401
0.460226
0.562600
0.690954
0.393614
0.482610
0.620563
0.441376
0.595969
0.477572
0.546689
0.576961
0.712066
0.698501
0.517207
0.777697
0.751306
0.743341
0.723613
0.666578
0.672170
0.707378
0.638568
0.601464
0.494023
0.414952
0.509698
0.795797
0.597637
0.462476
0.625755
0.676711
0.632644
0.635974
0.687203
0.568973
0.658187
0.510695
0.654935
0.642369
0.493388
0.513254
0.559998
0.440992
0.782605
0.618047
0.515175
0.568475
0.683328
0.422856
0.573153
0.735507
0.626191
0.502939
0.675179
0.671984
0.489285
0.842047
0.692093
0.662184
0.730738
0.688831
0.647497
0.757649
0.632006
0.423867
0.778850
0.656767
0.610497
0.579252
0.696303
0.666372
0.712130
0.725484
0.599799
0.709590
0.579361
0.548211
0.538601
0.399510
0.625985
0.527455
0.429492
0.626514
0.626029
0.384767
0.612360
0.588133
0.679909
0.509334
0.851760
0.575998
0.583664
0.604058
0.592534
0.514533
0.629351
0.717366
0.593342
0.688709
0.697807
0.578863
0.624233
0.706343
0.482758
0.531290
0.691371
0.751851
0.500452
0.494114
0.512695
0.685872
0.538071
0.571882
0.550633
0.692829
0.716829
0.771159
0.799230
0.634270
0.737356
0.606844
0.563269
0.637204
0.745106
0.583706
0.683335
0.638557
0.696510
0.705971
0.419607
0.608214
0.630644
0.739801
0.724458
0.550791
0.493082
0.564050
0.775167
0.767335
0.570333
0.679791
0.601357
