0.071211
0.088634
0.207605
0.095790
0.075312
0.019014
0.011723
0.017147
0.025920
0.205159
0.068845
0.078850
0.025084
0.075003
0.063180
0.017567
0.102705
0.114720
0.119040
0.039714
0.038179
0.089272
0.104797
0.046285
0.175889
0.026936
0.076935
0.036113
0.067639
0.152242
0.068962
0.015626
0.034650
0.021179
0.207178
0.094192
0.109384
0.024326
0.134766
0.031573
0.134782
0.116942
0.019662
0.153505
0.035851
0.076955
0.066620
0.034803
0.084821
0.028211
0.085054
0.042692
0.052751
0.036896
0.075989
0.066338
0.126156
0.075242
0.023510
0.065009
0.057667
0.037359
0.117454
0.031078
0.023437
0.052098
0.023478
0.072766
0.050403
0.083674
0.025947
0.090558
0.066202
0.067978
0.035701
0.034674
0.016057
0.045169
0.089535
0.045680
0.092675
0.101313
0.070693
0.037811
0.032347
0.049217
0.053458
0.073221
0.032890
0.046098
0.042355
0.039975
0.023083
0.035146
0.017740
0.023459
0.055794
0.061926
0.013070
0.014995
0.047510
0.105050
0.085483
0.133437
0.037781
0.008794
0.023496
0.070729
0.023771
0.116225
0.047096
0.019113
0.026553
0.038922
0.054522
0.037962
0.040222
0.010547
0.109267
0.027985
0.081042
0.011326
0.027361
0.013190
0.018779
0.045201
0.065533
0.099184
0.146838
0.072923
0.013010
0.023301
0.053007
0.017842
0.085622
0.018221
0.013699
0.054747
0.055725
0.030870
0.012435
0.009482
0.033480
0.019787
0.090069
0.099625
0.152566
0.222390
0.200341
0.264109
0.040241
0.084241
0.118684
0.182661
0.113899
0.247288
0.136189
0.040658
0.079263
0.077467
0.166667
0.140503
0.134190
0.064364
0.234889
0.048949
0.208837
0.093193
0.126190
0.076844
0.045162
0.143801
0.164112
0.235950
0.263877
0.011874
0.049603
0.079389
0.173896
0.052067
0.211382
0.046045
0.048633
0.165788
0.033837
0.101899
0.077230
0.067149
0.130867
0.101940
0.013931
0.046909
0.114486
0.096127
0.137706
0.045343
0.010521
0.015774
0.077832
0.016338
0.115196
0.060238
0.036776
0.016216
0.044134
0.057268
0.040540
0.030913
0.015048
0.101237
0.029847
0.088239
0.006847
0.025252
0.018664
0.027040
0.036535
0.071770
0.101350
0.155677
0.108548
0.020480
0.017292
0.051771
0.016524
0.090827
0.029493
0.018912
0.056588
0.077211
0.045032
0.011746
0.024321
0.033029
0.019508
0.040220
0.098134
0.071863
0.105152
0.068732
0.015130
0.009279
0.061876
0.019320
0.089272
0.047009
0.042583
0.030414
0.066331
0.042271
0.023632
0.018575
0.027856
0.092717
0.051557
0.068537
0.009838
0.016931
0.027000
0.042136
0.017317
0.058047
0.084129
0.139947
0.122700
0.023921
0.039643
0.039857
0.029797
0.067273
0.041730
0.026654
0.045937
0.098435
0.034970
0.014879
0.027585
0.030679
0.012789
0.026103
0.020615
0.043179
0.129321
0.026135
0.040487
0.014926
0.027283
0.050042
0.015919
0.059724
0.061189
0.064168
0.030093
0.017993
0.050348
0.052752
0.027000
0.111182
0.022932
0.032401
0.011696
0.030513
0.088208
0.042922
0.018821
0.031078
0.054601
0.153773
0.054528
0.052707
0.008082
0.078872
0.024779
0.081929
0.067985
0.009112
0.103979
0.017015
0.036217
0.032464
0.010651
0.043113
0.015400
0.020627
0.218424
0.081647
0.096180
0.023547
0.088053
0.060297
0.033892
0.117323
0.141119
0.131317
0.041400
0.048803
0.106014
0.119196
0.043478
0.192764
0.022094
0.095674
0.053841
0.079885
0.168153
0.095374
0.034604
0.025405
0.025637
0.215014
0.114411
0.125233
0.028284
0.156591
0.027063
0.148675
0.135509
0.024761
0.161518
0.045168
0.095887
0.075239
0.047971
0.099630
0.022542
0.195263
0.065124
0.076635
0.013567
0.065927
0.046711
0.026175
0.094934
0.120635
0.123567
0.045164
0.025539
0.076757
0.097109
0.040082
0.175268
0.015969
0.076524
0.035526
0.065072
0.144554
0.070334
0.028216
0.032111
0.044849
0.195395
0.095702
0.112799
0.017856
0.133958
0.013788
0.123868
0.113861
0.012726
0.148472
0.029093
0.075819
0.065588
0.033298
0.075798
0.252569
0.108412
0.099487
0.034635
0.102007
0.037758
0.061489
0.157655
0.170871
0.179251
0.047529
0.058018
0.094305
0.152768
0.042809
0.229088
0.027095
0.114933
0.070288
0.115968
0.199236
0.088471
0.061333
0.023915
0.055338
0.269096
0.144760
0.164801
0.036304
0.186173
0.025332
0.193932
0.166546
0.043259
0.220609
0.067684
0.122156
0.110079
0.073722
0.103615
0.052460
0.075317
0.163491
0.066160
0.202749
0.139954
0.045441
0.044200
0.049833
0.139364
0.121830
0.097069
0.027891
0.191872
0.016088
0.181408
0.054158
0.100673
0.054244
0.011044
0.114357
0.167926
0.196460
0.276662
0.057880
0.043219
0.038770
0.139466
0.025902
0.186283
0.029145
0.031970
0.151304
0.052108
0.103494
0.054466
0.052635
0.106415
0.066676
0.018132
0.048716
0.012077
0.088929
0.038179
0.026739
0.023166
0.033171
0.042680
0.026336
0.034216
0.012539
0.072944
0.039031
0.060090
0.005473
0.014586
0.010009
0.028198
0.037722
0.051886
0.073429
0.122356
0.095086
0.019994
0.016486
0.032175
0.026159
0.062786
0.029546
0.022893
0.036052
0.063190
0.025073
0.009759
0.010436
0.017944
0.017467
0.065509
0.021290
0.079034
0.059552
0.058984
0.038720
0.075278
0.034469
0.026961
0.015534
0.036346
0.080881
0.055646
0.068106
0.014144
0.024898
0.034642
0.048069
0.015548
0.070788
0.070965
0.148726
0.145432
0.033957
0.042998
0.037252
0.038728
0.064871
0.058403
0.035994
0.047822
0.115325
0.047221
0.022863
0.034212
0.037904
0.011243
0.050493
0.048072
0.031212
0.078759
0.096847
0.104013
0.045940
0.025346
0.070338
0.077071
0.031693
0.149264
0.020931
0.057748
0.026528
0.050313
0.124024
0.064804
0.034319
0.033175
0.053020
0.182006
0.081336
0.087163
0.013244
0.113416
0.023603
0.106006
0.094739
0.017196
0.125849
0.025935
0.058310
0.055494
0.024934
0.068677
0.072668
0.045513
0.040351
0.031095
0.042097
0.053860
0.030616
0.027119
0.020719
0.055853
0.064310
0.059491
0.011094
0.017221
0.022408
0.036833
0.037409
0.057542
0.067565
0.130913
0.124558
0.037357
0.024754
0.028390
0.037835
0.056638
0.045393
0.037968
0.039056
0.089858
0.029890
0.020810
0.029037
0.016582
0.018267
0.084443
0.152899
0.152113
0.143242
0.054532
0.067867
0.069352
0.122393
0.033724
0.191914
0.025054
0.093476
0.072642
0.111522
0.149878
0.085350
0.096881
0.019731
0.118858
0.256011
0.143480
0.139048
0.034454
0.167132
0.020010
0.176257
0.157601
0.061501
0.212371
0.080632
0.117830
0.102970
0.074328
0.073113
0.048360
0.071831
0.069336
0.047056
0.027376
0.069609
0.059156
0.059897
0.121882
0.039043
0.045383
0.019317
0.034180
0.093973
0.055463
0.005655
0.057451
0.044510
0.129737
0.051198
0.065407
0.027445
0.082955
0.041962
0.074631
0.069413
0.016413
0.093944
0.011741
0.041745
0.033181
0.015104
0.056054
0.034608
0.038298
0.096373
0.052886
0.073524
0.019896
0.124690
0.049146
0.109044
0.035443
0.042425
0.017319
0.030701
0.071899
0.064864
0.134650
0.147792
0.039863
0.012910
0.029258
0.074429
0.025634
0.111010
0.013086
0.016543
0.064722
0.025141
0.028099
0.019556
0.019657
0.039128
0.050798
0.037320
0.087854
0.058888
0.058818
0.022390
0.124465
0.031886
0.121024
0.020417
0.039211
0.023385
0.031821
0.048301
0.078393
0.138616
0.172678
0.100909
0.019877
0.010855
0.076601
0.012983
0.126537
0.029091
0.018076
0.078166
0.061795
0.057336
0.013191
0.033477
0.046947
0.042991
0.097229
0.091189
0.096258
0.030702
0.112969
0.049032
0.111277
0.040541
0.063049
0.032560
0.028264
0.103434
0.087682
0.127193
0.162945
0.072735
0.045965
0.018891
0.084685
0.048449
0.116951
0.043379
0.052987
0.088419
0.044019
0.057861
0.046371
0.031920
0.053918
0.061472
0.036389
0.045817
0.077318
0.060601
0.107889
0.029690
0.046801
0.040355
0.055842
0.100485
0.044223
0.058049
0.029278
0.090822
0.181635
0.070536
0.082535
0.026850
0.095157
0.033529
0.106380
0.084875
0.036745
0.144873
0.048849
0.057822
0.044554
0.050297
0.037982
0.031568
0.050363
0.059328
0.101908
0.035035
0.032177
0.011381
0.033067
0.085834
0.022291
0.030429
0.052867
0.087017
0.150667
0.042622
0.062328
0.017580
0.064717
0.034220
0.065859
0.050860
0.010093
0.114584
0.019895
0.026297
0.034898
0.018701
0.031197
0.053869
0.082833
0.083751
0.065422
0.028490
0.035630
0.057811
0.066551
0.020015
0.081294
0.074157
0.162854
0.160246
0.055916
0.067075
0.044909
0.057126
0.060064
0.078623
0.057476
0.052617
0.145829
0.048860
0.038210
0.054134
0.050247
0.009345
0.108086
0.027361
0.091476
0.016945
0.033478
0.011172
0.013570
0.062532
0.077317
0.112075
0.160951
0.072500
0.020373
0.017441
0.057845
0.017239
0.096902
0.013085
0.016434
0.064157
0.043718
0.039108
0.017719
0.016868
0.033610
0.031988
0.188623
0.036734
0.078498
0.052887
0.085438
0.144974
0.083724
0.063653
0.025132
0.082391
0.235572
0.123505
0.103822
0.025367
0.151909
0.031099
0.156801
0.139524
0.042491
0.176209
0.060445
0.094440
0.091201
0.045347
0.082438
0.159824
0.040494
0.082798
0.043829
0.016608
0.094357
0.143488
0.177574
0.244492
0.070573
0.033689
0.032634
0.121641
0.017667
0.168476
0.028886
0.024656
0.129500
0.055349
0.096065
0.041381
0.040183
0.093683
0.056701
0.070632
0.041198
0.071346
0.131147
0.072924
0.047357
0.013084
0.063767
0.205500
0.105291
0.107072
0.015802
0.133652
0.007311
0.128458
0.119807
0.022287
0.161442
0.041968
0.081968
0.062668
0.041216
0.060821
0.013829
0.016019
0.030173
0.033469
0.055963
0.082294
0.134045
0.109132
0.023342
0.019188
0.037867
0.025008
0.071962
0.036756
0.024606
0.045588
0.076872
0.032686
0.011583
0.020522
0.022014
0.016925
0.019300
0.066346
0.029262
0.021662
0.057893
0.078340
0.135189
0.034833
0.039995
0.016688
0.049340
0.043441
0.054154
0.041216
0.015935
0.091955
0.016142
0.017572
0.026676
0.006127
0.030861
0.033424
0.053759
0.045251
0.090973
0.109289
0.081212
0.015386
0.017865
0.038282
0.026382
0.076568
0.020554
0.019195
0.038597
0.040250
0.022375
0.010985
0.010854
0.017677
0.037502
0.082878
0.120316
0.145615
0.222771
0.056959
0.030001
0.023797
0.095846
0.018632
0.133209
0.022408
0.024023
0.107096
0.047833
0.068512
0.036416
0.029133
0.068089
0.037863
0.060142
0.079879
0.139150
0.174151
0.042459
0.063987
0.044013
0.057918
0.067358
0.080911
0.052420
0.045342
0.143613
0.048879
0.029821
0.052820
0.046336
0.024305
0.067218
0.036054
0.159166
0.064135
0.077763
0.032914
0.096656
0.051690
0.092914
0.082813
0.017310
0.113062
0.021188
0.049897
0.050400
0.019748
0.074413
0.076778
0.238418
0.124353
0.119077
0.021732
0.152415
0.015923
0.157898
0.139101
0.038835
0.190849
0.063222
0.099356
0.079241
0.056401
0.070136
0.250490
0.148450
0.161733
0.064465
0.199157
0.072685
0.185624
0.176952
0.051537
0.187707
0.070019
0.130027
0.116248
0.068650
0.156446
0.063401
0.088385
0.177931
0.071733
0.209014
0.051853
0.064945
0.163393
0.024459
0.100043
0.092424
0.069768
0.130189
0.121992
0.023257
0.066677
0.014638
0.106920
0.016857
0.006935
0.061016
0.042773
0.036384
0.008831
0.016525
0.041683
0.037106
0.067368
0.019982
0.112737
0.027502
0.023653
0.071422
0.049451
0.051569
0.016677
0.023402
0.038897
0.043159
0.089578
0.015258
0.090714
0.077213
0.012435
0.125767
0.026828
0.046246
0.042108
0.015561
0.041814
0.138644
0.015123
0.005191
0.090832
0.051614
0.061446
0.016480
0.027767
0.058887
0.040846
0.134385
0.124464
0.022998
0.169379
0.042026
0.085394
0.068978
0.041874
0.058361
0.011568
0.086029
0.033786
0.052392
0.022857
0.024779
0.054365
0.053414
0.075408
0.043859
0.049608
0.011629
0.021290
0.049675
0.040761
0.119208
0.017514
0.041961
0.042269
0.014246
0.049344
0.073153
0.059617
0.044787
0.083755
0.110202
0.027649
0.023770
0.013728
0.037938
0.017075
0.024240
0.026937
0.028496
0.030379
0.040641
