0.703516
0.607347
0.730497
0.702497
0.641567
0.840161
0.664709
0.767740
0.748773
0.828173
0.797483
0.816026
0.817546
0.884524
0.685654
0.767090
0.707298
0.698079
0.669627
0.842841
0.660843
0.695099
0.928326
0.652837
0.527013
0.792839
0.712990
0.854366
0.620378
0.681716
0.793036
0.662740
0.595647
0.775037
0.659876
0.852655
0.767594
0.725874
0.636324
0.873017
0.768031
0.837797
0.823676
0.754202
0.696700
0.786663
0.898528
0.631742
0.858909
0.464199
0.557888
0.558956
0.640971
0.674855
0.491181
0.746137
0.625324
0.624668
0.581135
0.674466
0.592158
0.875531
0.610716
0.664611
0.678174
0.631010
0.530941
0.671354
0.625857
0.516303
0.673003
0.737326
0.546971
0.764750
0.552023
0.629591
0.499547
0.429536
0.670656
0.500224
0.537263
0.606383
0.698944
0.621307
0.580414
0.451886
0.706298
0.646280
0.466739
0.807838
0.519922
0.611077
0.615043
0.661814
0.747756
0.470999
0.610421
0.557557
0.602193
0.563059
0.610130
0.508395
0.642738
0.590218
0.633293
0.637035
0.650047
0.546479
0.795206
0.539932
0.535063
0.644919
0.540372
0.378644
0.703478
0.556224
0.552714
0.693209
0.615953
0.460291
0.664369
0.630681
0.573443
0.489343
0.571734
0.693689
0.492844
0.531149
0.608936
0.586169
0.743220
0.467310
0.526489
0.634541
0.678511
0.521932
0.644076
0.665523
0.622207
0.570375
0.666513
0.797422
0.395176
0.587701
0.708456
0.560378
0.714728
0.577893
0.800657
0.682108
0.748051
0.646676
0.709114
0.698844
0.927926
0.646294
0.694623
0.589836
0.716061
0.625668
0.713452
0.635725
0.637475
0.625338
0.836042
0.630142
0.799541
0.740162
0.529418
0.429535
0.587251
0.731525
0.605375
0.631811
0.749780
0.706573
0.770842
0.604507
0.545041
0.633712
0.829544
0.655689
0.742779
0.673663
0.685728
0.698366
0.436112
0.723177
0.536746
0.705434
0.656876
0.838401
0.598636
0.798633
0.800354
0.601779
0.602894
0.750493
0.825231
0.948969
0.567672
0.841170
0.540940
0.777181
0.668740
0.728287
0.708264
0.462789
0.730928
0.906424
0.709334
0.901984
0.279146
0.820053
0.554941
0.659174
0.551394
0.379627
0.665446
0.482528
0.784695
0.578957
0.762753
0.623672
0.792728
0.601783
0.538019
0.923471
0.600348
0.686881
0.624533
0.699964
0.865209
0.608969
0.621852
0.630623
0.642925
0.761832
0.709729
0.712494
0.723001
0.736953
0.688844
0.880663
0.663432
0.557217
0.379076
0.746493
0.538030
0.636891
0.490340
0.717568
0.641593
0.770247
0.624325
0.807389
0.717025
0.723481
0.504931
0.537247
0.611230
0.605380
0.643849
0.773905
0.752051
0.740591
0.592438
0.570222
0.623137
0.809874
0.553641
0.725829
0.637011
0.691123
0.636407
0.614034
0.715899
0.598615
0.673437
0.674807
0.563497
0.670635
0.809696
0.722982
0.635602
0.427951
0.776442
0.757543
0.452871
0.663400
0.638958
0.600042
0.557357
0.605720
0.764141
0.775177
0.739716
0.594443
0.815876
0.835611
0.689180
0.678050
0.625336
0.744882
0.725294
0.526192
0.722273
0.680163
0.741238
0.741263
0.715640
0.792578
0.816333
0.630620
0.718306
0.773100
0.726414
0.748712
0.697201
0.659305
0.542569
0.764468
0.648789
0.655474
0.644038
0.582990
0.631172
0.645688
0.836875
0.617348
0.683209
0.637432
0.661311
0.511354
0.703365
0.570137
0.569714
0.729260
0.736719
0.558187
0.578364
0.633692
0.688110
0.482915
0.576326
0.651806
0.480650
0.550880
0.613404
0.456864
0.665374
0.631455
0.558338
0.683669
0.709054
0.538332
0.621056
0.674111
0.529968
0.581891
0.565660
0.747760
0.461504
0.601588
0.737446
0.803976
0.719879
0.696467
0.687540
0.726372
0.808421
0.673180
0.740878
0.710263
0.636973
0.701280
0.713202
0.764738
0.903599
0.737626
0.673545
0.808706
0.808149
0.743845
0.758391
0.734950
0.826600
0.753871
0.600705
0.742542
0.697913
0.723066
0.735346
0.746735
0.838081
0.817806
0.678318
0.715320
0.789341
0.738209
0.818005
0.757066
0.776206
0.598745
0.746497
0.862960
0.753663
0.808930
0.530972
0.858102
0.784613
0.602166
0.751645
0.688608
0.586840
0.823398
0.711799
0.756593
0.809726
0.817554
0.673093
0.765725
0.760745
0.610324
0.689550
0.611010
0.876861
0.720314
0.707486
0.779550
0.757779
0.835035
0.602683
0.718676
0.766969
0.823557
0.668085
0.734639
0.695961
0.688245
0.726500
0.798526
0.893245
0.610418
0.777944
0.694071
0.599560
0.834516
0.823778
0.668395
0.765959
0.737302
0.830840
0.633916
0.798292
0.743181
0.597490
0.899833
0.780784
0.731803
0.833038
0.588457
0.854593
0.648054
0.792971
0.694045
0.600952
0.769958
0.678547
0.719917
0.581289
0.780192
0.707619
0.781733
0.629799
0.627190
0.810909
0.720874
0.736521
0.684254
0.781161
0.780126
0.689698
0.735229
0.782413
0.796176
0.809809
0.731794
0.773852
0.754938
0.692343
0.660652
0.674488
0.691292
0.627705
0.726478
0.898219
0.786462
0.951502
0.604643
0.809177
0.686739
0.538758
0.771272
0.605232
0.597312
0.601716
0.817290
0.575531
0.763312
0.622212
0.881164
0.664063
0.468083
0.887738
0.437023
0.486653
0.752026
0.669816
0.802674
0.569675
0.763614
0.624666
0.849671
0.778881
0.714717
0.767200
0.734029
0.614879
0.828538
0.638807
0.849429
0.816536
0.728878
0.576100
0.767576
0.770433
0.769235
0.672866
0.696765
0.634266
0.689284
0.622105
0.746944
0.658241
0.789692
0.771695
0.719643
0.776494
0.799415
0.675362
0.689023
0.782013
0.675153
0.587520
0.849292
0.870347
0.659489
0.721395
0.834476
0.783894
0.297256
0.743310
0.602518
0.555280
0.749555
0.657183
0.764646
0.725872
0.710465
0.509127
0.702781
0.769946
0.567010
0.607129
0.687718
0.763469
0.735609
0.606019
0.787711
0.696546
0.872020
0.589416
0.693192
0.767513
0.766766
0.682020
0.698225
0.790201
0.760242
0.746327
0.730805
0.815791
0.541402
0.641545
0.905278
0.795617
0.949274
0.898934
0.757945
0.885728
0.808953
0.897333
0.980561
0.733049
0.756837
0.851007
0.882440
0.921911
0.900367
0.917867
0.905269
0.904782
0.773801
0.899170
0.808518
0.887221
0.829877
0.901694
0.832434
0.892410
0.838176
0.814092
0.964064
0.854134
0.926552
0.933244
0.880000
0.781698
0.947967
0.758430
0.711064
0.804523
0.635084
0.773406
0.698050
0.414046
0.903521
0.829862
0.731068
0.844839
0.575923
0.791210
0.557817
0.675560
0.769395
0.246701
0.665230
0.289206
0.760181
0.723419
0.690595
0.660691
0.813359
0.717849
0.662164
0.830416
0.717357
0.775978
0.644943
0.744932
0.806795
0.603668
0.706395
0.678514
0.717307
0.539747
0.685983
0.594601
0.762853
0.739966
0.609557
0.559552
0.683113
0.822142
0.663765
0.652283
0.661073
0.762737
0.769001
0.558540
0.828053
0.675646
0.834830
0.550187
0.727035
0.714943
0.804512
0.651948
0.644884
0.783581
0.733952
0.738798
0.730310
0.735923
0.514777
0.703515
0.806207
0.696389
0.668663
0.594594
0.650345
0.666859
0.836418
0.725776
0.828424
0.657431
0.698219
0.559822
0.644917
0.529766
0.591704
0.658543
0.766878
0.755117
0.725377
0.689904
0.644168
0.664351
0.911882
0.655515
0.744983
0.723945
0.741871
0.676985
0.551933
0.664115
0.626798
0.668775
0.658419
0.866400
0.703786
0.759953
0.879940
0.815520
0.587388
0.912465
0.740627
0.619461
0.751130
0.678721
0.851050
0.754371
0.612399
0.813098
0.763284
0.879128
0.696512
0.647055
0.844987
0.861589
0.742079
0.698544
0.714240
0.819262
0.791839
0.857068
0.886978
0.675606
0.784783
0.746097
0.562868
0.658550
0.674548
0.593694
0.473916
0.655437
0.689300
0.593989
0.486404
0.588571
0.696165
0.585799
0.551666
0.659937
0.571279
0.721330
0.423413
0.577199
0.654222
0.633287
0.546563
0.641421
0.723063
0.549580
0.574041
0.668551
0.704837
0.545210
0.648635
0.675159
0.742873
0.719795
0.880047
0.679958
0.909369
0.826957
0.806705
0.701373
0.589987
0.721596
0.703711
0.534107
0.760082
0.729303
0.767904
0.810785
0.605921
0.771514
0.718672
0.746706
0.901892
0.758523
0.759932
0.786216
0.697422
0.640926
0.552881
0.822707
0.691624
0.745411
0.794722
0.592438
0.799351
0.763312
0.665230
0.561850
0.562552
0.692511
0.600182
0.484509
0.733167
0.652004
0.716708
0.679571
0.596014
0.681626
0.831037
0.676461
0.783564
0.752281
0.712335
0.639729
0.655501
0.707433
0.518023
0.697805
0.763986
0.813587
0.719982
0.752953
0.389280
0.775342
0.599278
0.656523
0.692065
0.335154
0.619759
0.449288
0.719910
0.661135
0.648772
0.649730
0.734950
0.660511
0.678283
0.802554
0.700298
0.646236
0.673819
0.604871
0.683503
0.612290
0.614063
0.900579
0.759090
0.876856
0.791207
0.701704
0.641546
0.613789
0.769609
0.757814
0.781200
0.871028
0.902619
0.883101
0.718348
0.574268
0.902744
0.843499
0.694423
0.863249
0.764050
0.679517
0.805345
0.646601
0.789198
0.663965
0.737801
0.501755
0.572356
0.885767
0.847874
0.747587
0.817772
0.824863
0.820802
0.641266
0.863214
0.613431
0.912784
0.686920
0.814493
0.649366
0.815874
0.834113
0.683590
0.952699
0.841312
0.734107
0.831551
0.789024
0.667319
0.897757
0.682242
0.692318
0.663115
0.563589
0.645157
0.697891
0.623283
0.423411
0.763488
0.549753
0.776675
0.617803
0.613674
0.578377
0.761320
0.648089
0.626439
0.748006
0.733961
0.613721
0.726665
0.801099
0.443194
0.715816
0.860836
0.905970
0.712025
0.807006
0.837398
0.776265
0.735394
0.857421
0.503515
0.891700
0.688453
0.837524
0.599416
0.807580
0.814337
0.617836
0.999220
0.775435
0.624318
0.857381
0.650256
0.768660
0.864501
0.836757
0.611226
0.634007
0.638874
0.379183
0.663735
0.470127
0.731679
0.623711
0.744381
0.629057
0.753317
0.576297
0.584914
0.818960
0.556745
0.627413
0.647857
0.708179
0.843083
0.659008
0.662337
0.683549
0.650624
0.903365
0.765743
0.702376
0.762925
0.844640
0.877943
0.394581
0.658241
0.837477
0.858866
0.782128
0.790807
0.775480
0.721473
0.828266
0.709814
0.871354
0.609625
0.668200
0.558475
0.580658
0.454077
0.637944
0.699654
0.664507
0.718273
0.569511
0.542928
0.578114
0.699974
0.574005
0.818049
0.707521
0.660634
0.554171
0.498084
0.696561
0.525647
0.691770
0.674354
0.586490
0.517477
0.635327
0.739019
0.744743
0.624130
0.431482
0.696879
0.792305
0.572940
0.795234
0.584046
0.521338
0.638191
0.679117
0.707735
0.555704
0.641647
0.556333
0.651270
0.780538
0.665430
0.800777
0.795066
0.615955
0.692219
0.805962
0.644299
0.920738
0.704003
0.763302
0.589679
0.716269
0.743746
0.631036
0.730116
0.556098
0.330702
0.612839
0.666587
0.695002
0.536265
0.729187
0.621874
0.503580
0.809780
0.589152
0.691623
0.479272
0.633790
0.740904
0.476082
0.583657
0.664261
0.449748
0.775714
0.680625
0.592714
0.589209
0.742865
0.621404
0.753404
0.747802
0.699654
0.576555
0.677554
0.575478
0.399689
0.706737
0.815477
0.693928
0.719807
0.653359
0.855197
0.507214
0.644944
0.859632
0.667159
0.632963
0.696161
0.791630
0.841693
0.632796
0.652034
0.814738
0.790085
0.761197
0.552541
0.756445
0.705627
0.672018
0.877848
0.763055
0.522599
0.722450
0.639412
0.592347
0.798258
0.798694
0.710655
0.849716
0.740939
0.494812
0.867778
0.542846
0.710207
0.719486
0.789464
0.778334
0.688476
0.753523
0.641844
0.698876
0.749743
0.689472
0.678219
0.749601
0.611102
0.774568
0.704162
0.823998
0.622363
0.596448
0.770011
0.732001
0.570718
0.774370
0.545386
0.692879
0.593615
0.620780
0.724521
0.561260
0.662516
0.872486
0.799197
0.779214
0.859779
0.796483
0.689192
0.702500
0.703957
0.668957
0.900144
0.711479
0.891897
0.719514
0.722259
0.698144
0.871401
0.867863
0.731120
0.833336
0.797797
0.440188
0.542346
0.577116
0.653042
0.828469
0.517706
0.674511
0.900731
0.770140
0.764409
0.788931
0.783821
0.789315
0.749935
0.662468
0.715961
0.748164
0.969488
0.615243
0.741256
0.717604
0.646714
0.834766
0.634015
0.736460
0.763457
0.549582
0.623741
0.808120
0.715201
0.645444
0.737765
0.721518
0.869341
0.676670
