0.745631
0.778978
0.749204
0.741481
0.725867
0.778655
0.792741
0.690893
0.781270
0.760843
0.680943
0.802110
0.755411
0.783566
0.734811
0.920282
0.651595
0.655249
0.740209
0.696194
0.740147
0.737831
0.725212
0.717894
0.735834
0.780345
0.742931
0.801722
0.773823
0.748834
0.732079
0.825446
0.779428
0.713856
0.745890
0.756122
0.771128
0.756957
0.679639
0.769786
0.773096
0.731584
0.699697
0.788203
0.836964
0.753592
0.826042
0.665485
0.700213
0.736628
0.546132
0.631265
0.556935
0.702747
0.753233
0.599966
0.619718
0.643777
0.609519
0.648205
0.622544
0.748098
0.561159
0.921852
0.673758
0.754566
0.700082
0.616095
0.672273
0.599563
0.649746
0.715617
0.611951
0.714902
0.559254
0.549553
0.600840
0.653263
0.554094
0.678625
0.782230
0.682435
0.534540
0.750886
0.594711
0.640369
0.489447
0.549342
0.627803
0.596367
0.658545
0.682943
0.871714
0.634110
0.671263
0.594035
0.542754
0.730810
0.642012
0.675702
0.704794
0.710197
0.584727
0.611645
0.481091
0.699063
0.678193
0.530928
0.499662
0.550841
0.891456
0.679804
0.629567
0.695777
0.724906
0.462599
0.711461
0.681585
0.770921
0.659231
0.567762
0.743524
0.716317
0.531761
0.567094
0.703238
0.635929
0.819299
0.687987
0.696744
0.771729
0.718437
0.638374
0.619152
0.619038
0.756343
0.756054
0.611675
0.689449
0.727960
0.692506
0.570196
0.568051
0.736730
0.579928
0.471857
0.593930
0.728838
0.487701
0.721504
0.630633
0.487653
0.455207
0.613986
0.601347
0.381160
0.918287
0.495671
0.642336
0.690742
0.435899
0.715082
0.384338
0.474287
0.541203
0.487306
0.633528
0.246358
0.447934
0.572202
0.618551
0.362950
0.572254
0.490442
0.470180
0.223746
0.628536
0.217875
0.503015
0.275235
0.371512
0.525350
0.510551
0.638665
0.647753
0.922717
0.522401
0.621321
0.573830
0.439216
0.619638
0.724193
0.682565
0.520649
0.635196
0.671479
0.580614
0.598477
0.571955
0.596091
0.529417
0.833798
0.660318
0.739111
0.655706
0.544022
0.609521
0.701980
0.616936
0.580019
0.300524
0.599074
0.538853
0.577595
0.420566
0.562387
0.563324
0.594538
0.655867
0.655594
0.556734
0.728328
0.549360
0.519518
0.466137
0.436235
0.486070
0.587792
0.681623
0.662546
0.727006
0.579847
0.707768
0.496442
0.658035
0.712536
0.714342
0.493358
0.706257
0.553719
0.580458
0.462800
0.567970
0.712253
0.512350
0.929802
0.596620
0.622617
0.684251
0.450213
0.687811
0.559002
0.464448
0.599728
0.569046
0.556161
0.441465
0.525489
0.521732
0.557699
0.566518
0.582384
0.634135
0.651773
0.504189
0.625423
0.498101
0.560741
0.424896
0.498550
0.645164
0.467558
0.683289
0.586168
0.876851
0.579542
0.612661
0.530407
0.474974
0.581119
0.671315
0.678503
0.733830
0.451253
0.662437
0.432992
0.621153
0.655081
0.960390
0.643158
0.723508
0.587179
0.749717
0.619855
0.407800
0.554168
0.730396
0.682004
0.701141
0.548944
0.546021
0.714980
0.608051
0.564365
0.711499
0.744200
0.552719
0.546739
0.676511
0.575892
0.682665
0.501226
0.572911
0.618640
0.687943
0.496309
0.541313
0.863247
0.660087
0.490503
0.666931
0.588844
0.695281
0.766516
0.712255
0.620830
0.717730
0.599042
0.655693
0.670671
0.823799
0.632822
0.615162
0.719086
0.693348
0.657407
0.592769
0.545444
0.750396
0.710575
0.730213
0.702019
0.707565
0.627299
0.606994
0.747528
0.517989
0.693312
0.678373
0.750625
0.771028
0.746612
0.714551
0.594641
0.698085
0.575006
0.657833
0.691854
0.521106
0.797167
0.679105
0.577120
0.679479
0.734486
0.596006
0.646211
0.543587
0.437197
0.614453
0.583915
0.420313
0.911127
0.638118
0.692135
0.664031
0.492470
0.718795
0.559450
0.498123
0.558124
0.515632
0.539288
0.502741
0.497566
0.537887
0.559379
0.477667
0.521060
0.579835
0.570312
0.435583
0.591854
0.383186
0.540683
0.436663
0.432458
0.542123
0.469508
0.667353
0.631160
0.761525
0.545971
0.557592
0.522575
0.544067
0.634367
0.687821
0.757655
0.662280
0.645389
0.591063
0.844750
0.682337
0.733288
0.756554
0.667174
0.618221
0.737448
0.680379
0.786368
0.586584
0.702198
0.720465
0.718339
0.612803
0.606849
0.634763
0.705387
0.769373
0.693808
0.648506
0.767278
0.663062
0.695247
0.614548
0.587505
0.750945
0.696756
0.652500
0.756340
0.651832
0.612491
0.669568
0.644402
0.733789
0.630242
0.611524
0.490417
0.589434
0.517229
0.761378
0.583588
0.459452
0.740866
0.627450
0.435400
0.690182
0.568687
0.705047
0.602747
0.587141
0.695214
0.645531
0.474541
0.518640
0.628899
0.521221
0.768088
0.603923
0.625488
0.786697
0.654546
0.560312
0.574281
0.535138
0.671503
0.654086
0.579327
0.672768
0.734276
0.632484
0.603709
0.588492
0.586389
0.580771
0.501274
0.638014
0.576708
0.907610
0.532205
0.597062
0.619208
0.562285
0.642996
0.406528
0.491523
0.591469
0.552474
0.604999
0.483228
0.369052
0.574923
0.577888
0.564871
0.639235
0.626565
0.523836
0.518383
0.553754
0.511291
0.566993
0.411441
0.531375
0.493057
0.557590
0.603195
0.532635
0.878792
0.601865
0.502125
0.574268
0.516946
0.562981
0.637010
0.479408
0.908134
0.638237
0.690490
0.630839
0.558680
0.672784
0.488257
0.405595
0.572649
0.536478
0.502370
0.531638
0.582652
0.540484
0.584838
0.547644
0.569214
0.566433
0.635805
0.439821
0.540955
0.398479
0.509573
0.425996
0.488280
0.505608
0.486926
0.696219
0.589011
0.892631
0.571966
0.551112
0.640595
0.508961
0.494208
0.572810
0.864744
0.567486
0.576164
0.596810
0.669656
0.413493
0.527970
0.531867
0.632834
0.564335
0.594373
0.530930
0.457813
0.474555
0.498232
0.589087
0.600116
0.681756
0.635241
0.547947
0.671825
0.597129
0.454287
0.451978
0.469937
0.552788
0.609185
0.409737
0.429880
0.803492
0.630618
0.461823
0.556999
0.579200
0.513897
0.884420
0.685096
0.610842
0.720473
0.654615
0.527488
0.648067
0.618214
0.699434
0.548930
0.607072
0.639561
0.643574
0.534267
0.536010
0.615788
0.568072
0.779420
0.676434
0.588765
0.675043
0.573504
0.565289
0.545042
0.550287
0.680398
0.672719
0.491962
0.699852
0.711394
0.651583
0.602710
0.553637
0.677634
0.822544
0.571958
0.557099
0.676655
0.407441
0.585558
0.543241
0.446233
0.570078
0.448522
0.539395
0.548768
0.575093
0.466706
0.481003
0.461999
0.416690
0.619788
0.566415
0.467722
0.610582
0.443662
0.442779
0.365600
0.428836
0.553911
0.482398
0.664607
0.582756
0.799748
0.443290
0.605956
0.511107
0.544226
0.900323
0.760422
0.888104
0.869513
0.757319
0.985690
0.822469
0.944803
0.840039
0.796081
0.976062
0.965580
0.742539
0.890144
0.925722
0.823630
0.920841
0.882157
0.923387
0.830064
0.951449
0.835353
0.861411
0.883131
0.872369
0.916896
0.818640
0.801876
0.840720
0.930889
0.973791
0.878168
0.928357
0.640697
0.693293
0.543670
0.508335
0.588995
0.566985
0.648607
0.653903
0.665193
0.557878
0.586464
0.506138
0.542550
0.581645
0.642614
0.550345
0.507992
0.487609
0.725189
0.502346
0.549743
0.499036
0.504218
0.644509
0.629545
0.550004
0.726138
0.823013
0.675577
0.635207
0.606434
0.548345
0.662346
0.650138
0.603654
0.614747
0.509763
0.699924
0.661278
0.681112
0.667033
0.668792
0.634422
0.518375
0.662333
0.614880
0.766408
0.693179
0.654937
0.713850
0.675244
0.595167
0.533242
0.609787
0.586228
0.728712
0.557362
0.604408
0.739889
0.696488
0.585793
0.618152
0.645449
0.766851
0.654474
0.588447
0.635258
0.763376
0.586987
0.637689
0.631245
0.609467
0.636433
0.648493
0.645189
0.727589
0.726273
0.706667
0.594190
0.742401
0.678056
0.664207
0.455831
0.539268
0.669793
0.768524
0.639800
0.559057
0.770544
0.706855
0.609260
0.681636
0.590549
0.720994
0.598376
0.547352
0.559565
0.516616
0.578373
0.542080
0.619982
0.543699
0.625638
0.518568
0.584179
0.520077
0.646186
0.530809
0.671284
0.468386
0.548778
0.473901
0.471778
0.561772
0.548965
0.733212
0.702815
0.819077
0.492584
0.656211
0.418587
0.536904
0.724129
0.678428
0.723586
0.614352
0.547889
0.679968
0.654584
0.461797
0.451752
0.695835
0.686181
0.784954
0.693115
0.672968
0.767962
0.720514
0.536677
0.620054
0.583504
0.653850
0.680733
0.415933
0.609219
0.702486
0.695544
0.629111
0.588745
0.671335
0.433301
0.659293
0.636643
0.670452
0.359909
0.440585
0.631900
0.564770
0.462199
0.638812
0.570490
0.604771
0.317502
0.588065
0.347150
0.578840
0.299841
0.437236
0.533791
0.593090
0.589836
0.490345
0.909381
0.543481
0.402117
0.602113
0.496973
0.572248
0.580402
0.582297
0.513115
0.553182
0.524135
0.514166
0.549336
0.497742
0.556034
0.460626
0.444230
0.582273
0.451223
0.508672
0.318643
0.449376
0.501651
0.520077
0.588693
0.531564
0.858285
0.574749
0.554747
0.611104
0.507184
0.574113
0.648707
0.570750
0.584151
0.624161
0.639364
0.645314
0.703323
0.484247
0.711386
0.605622
0.590419
0.584568
0.365772
0.515773
0.543830
0.477366
0.449199
0.706769
0.687255
0.866672
0.660119
0.712517
0.653761
0.562361
0.581611
0.502418
0.507710
0.488819
0.573692
0.454283
0.535827
0.593283
0.579016
0.500632
0.697258
0.491631
0.492393
0.420054
0.385729
0.494223
0.560605
0.685830
0.597330
0.719281
0.477106
0.664955
0.505987
0.565126
0.634130
0.626741
0.468518
0.561474
0.642889
0.606844
0.691369
0.659269
0.622006
0.597492
0.602667
0.555571
0.564147
0.545541
0.692357
0.602002
0.678631
0.589181
0.742023
0.683407
0.562402
0.568722
0.640247
0.379582
0.557536
0.541899
0.345625
0.629527
0.610790
0.523452
0.227736
0.641915
0.277035
0.540165
0.255042
0.331644
0.523618
0.523856
0.603766
0.598651
0.877134
0.570065
0.594229
0.561127
0.428901
0.517305
0.569877
0.558734
0.675229
0.550638
0.588550
0.485868
0.616537
0.505785
0.552377
0.416019
0.443957
0.564615
0.551506
0.586892
0.585319
0.820857
0.618428
0.523680
0.614897
0.449453
0.460511
0.566895
0.533858
0.681476
0.618989
0.488387
0.723476
0.548855
0.402799
0.395767
0.361363
0.618220
0.584234
0.500929
0.586249
0.689891
0.608113
0.629427
0.497190
0.642199
0.592241
0.509583
0.654989
0.674054
0.513295
0.672285
0.547690
0.498556
0.489619
0.454556
0.568499
0.608624
0.535560
0.633538
0.694966
0.624261
0.565053
0.623370
0.516679
0.545124
0.665505
0.499109
0.268612
0.789351
0.275964
0.545579
0.338202
0.292080
0.590087
0.570689
0.635049
0.722624
0.820435
0.469454
0.649574
0.414220
0.533065
0.706943
0.565263
0.562754
0.728140
0.531400
0.552210
0.526066
0.505573
0.614342
0.494920
0.707756
0.645200
0.835680
0.518948
0.650267
0.582248
0.614645
0.610429
0.568250
0.630415
0.551887
0.548321
0.529058
0.518960
0.612723
0.569810
0.737484
0.744867
0.817580
0.614877
0.712108
0.657700
0.527144
0.513820
0.740871
0.508690
0.712461
0.460065
0.495665
0.601092
0.582058
0.627625
0.718793
0.811624
0.656116
0.735327
0.619861
0.584827
0.702901
0.126262
0.473875
0.201614
0.275564
0.612370
0.521561
0.537780
0.665963
0.842699
0.535891
0.604646
0.519579
0.448696
0.651136
0.661131
0.577336
0.703748
0.616307
0.600213
0.698364
0.578740
0.904286
0.782149
0.654982
0.764653
0.612905
0.499545
0.236718
0.282878
0.577605
0.484026
0.606453
0.672326
0.860922
0.507877
0.621564
0.530165
0.457302
0.409810
0.398934
0.491677
0.524882
0.580398
0.607646
0.807488
0.584108
0.599231
0.579188
0.576275
0.271416
0.482971
0.503005
0.504758
0.445536
0.828457
0.518984
0.535203
0.493466
0.420910
0.501760
0.517228
0.552460
0.564086
0.752277
0.431374
0.568127
0.450726
0.510882
0.507376
0.635877
0.562974
0.843391
0.553956
0.578129
0.613557
0.604312
0.688464
0.624683
0.868469
0.522455
0.681873
0.548138
0.470381
0.597413
0.730064
0.742707
0.617478
0.614696
0.604004
0.841471
0.683215
0.500393
0.660216
0.672733
0.866530
0.850497
0.745404
0.857842
0.641937
0.495337
0.623352
0.648641
0.568174
0.603053
