0.469834
0.528985
0.567047
0.650499
0.571739
0.520600
0.637278
0.607635
0.466618
0.512668
0.435777
0.592282
0.654545
0.629843
0.606432
0.449992
0.486339
0.491525
0.539775
0.533743
0.582668
0.467536
0.557046
0.493911
0.548773
0.496792
0.536574
0.576644
0.532317
0.528356
0.461773
0.595219
0.622519
0.725134
0.566294
0.594480
0.590284
0.655507
0.674217
0.624295
0.562513
0.519230
0.624212
0.546654
0.657549
0.452464
0.501335
0.558240
0.521950
0.536943
0.513177
0.464728
0.508627
0.398980
0.563674
0.622731
0.489532
0.350599
0.554793
0.627507
0.552626
0.759801
0.596769
0.376252
0.475763
0.495233
0.629440
0.448530
0.484772
0.348749
0.332481
0.506965
0.468071
0.306978
0.638890
0.505724
0.419485
0.390830
0.369159
0.484497
0.566417
0.404122
0.420774
0.630321
0.618573
0.302527
0.742103
0.687623
0.390841
0.523938
0.469963
0.487580
0.550534
0.526147
0.538856
0.407077
0.561723
0.526826
0.605793
0.359353
0.540363
0.450251
0.788162
0.439151
0.542398
0.441159
0.548230
0.656848
0.641274
0.714001
0.493611
0.569392
0.708860
0.527957
0.599986
0.558048
0.594490
0.539438
0.530660
0.584883
0.506186
0.653428
0.591447
0.533421
0.544198
0.442404
0.561227
0.583143
0.673118
0.600179
0.454775
0.596473
0.538566
0.606489
0.643790
0.634184
0.615737
0.734069
0.549973
0.690598
0.631146
0.633959
0.558831
0.531509
0.563182
0.555322
0.623912
0.540384
0.679886
0.533770
0.545080
0.597241
0.623357
0.665844
0.737866
0.598699
0.477485
0.677174
0.652717
0.579129
0.575944
0.697678
0.505745
0.457746
0.600811
0.627868
0.522128
0.711792
0.594819
0.560540
0.571755
0.494208
0.644841
0.622070
0.615281
0.632210
0.644620
0.594171
0.555280
0.794258
0.679030
0.654922
0.574679
0.594925
0.594839
0.672633
0.591233
0.617346
0.550276
0.592567
0.455433
0.667229
0.534632
0.748451
0.505483
0.465713
0.623433
0.674176
0.660391
0.865901
0.692262
0.445546
0.636486
0.711432
0.657786
0.594630
0.743621
0.565805
0.367090
0.618227
0.605169
0.535291
0.744066
0.670245
0.542472
0.490028
0.441175
0.532998
0.753262
0.497557
0.512468
0.805808
0.716880
0.433605
0.794230
0.811994
0.699054
0.589470
0.539883
0.575011
0.734963
0.683983
0.745780
0.495758
0.556140
0.562033
0.422499
0.789413
0.304279
0.553594
0.523690
0.587266
0.657534
0.786719
0.702651
0.413518
0.576517
0.720444
0.540447
0.596402
0.631425
0.648030
0.509878
0.472903
0.493237
0.508190
0.716274
0.510378
0.486991
0.478302
0.348950
0.495927
0.697409
0.594439
0.516723
0.609928
0.597031
0.504826
0.688647
0.721527
0.651275
0.541381
0.583513
0.477494
0.719988
0.580396
0.694299
0.553024
0.386840
0.560079
0.658233
0.484075
0.482656
0.591236
0.701222
0.657292
0.867426
0.650410
0.411636
0.551498
0.556119
0.712529
0.571336
0.625967
0.519508
0.402712
0.623871
0.491447
0.457431
0.749657
0.559439
0.422509
0.516815
0.387407
0.578423
0.581267
0.558676
0.671902
0.731062
0.668241
0.545025
0.817697
0.808775
0.395826
0.536550
0.638361
0.578972
0.619119
0.601208
0.581132
0.522868
0.493104
0.724724
0.407571
0.589095
0.524568
0.648389
0.617627
0.762628
0.706212
0.407766
0.604340
0.654281
0.586240
0.557688
0.630456
0.623520
0.563862
0.542103
0.553995
0.441333
0.728486
0.572022
0.418926
0.439848
0.410859
0.465464
0.641330
0.673719
0.598093
0.770546
0.601660
0.543837
0.769626
0.818319
0.647583
0.570813
0.718301
0.527103
0.641500
0.581523
0.618669
0.584389
0.392017
0.691407
0.645084
0.683378
0.822075
0.776399
0.898043
0.744123
0.549905
0.715278
0.622962
0.722199
0.660549
0.818729
0.677895
0.646638
0.690008
0.681205
0.601084
0.782365
0.645767
0.630701
0.776408
0.625028
0.731689
0.730372
0.696882
0.728019
0.889126
0.664191
0.702474
0.850916
0.787444
0.641684
0.627920
0.674132
0.685026
0.728212
0.651881
0.722881
0.670119
0.697064
0.536473
0.513695
0.633513
0.670871
0.743501
0.700618
0.350239
0.539580
0.632268
0.532741
0.583490
0.589234
0.610626
0.531741
0.514272
0.534390
0.468861
0.614060
0.560282
0.415600
0.517448
0.385230
0.619166
0.603175
0.642233
0.543331
0.637300
0.599952
0.588004
0.716892
0.747146
0.594227
0.478378
0.569032
0.476858
0.711107
0.568599
0.585547
0.531697
0.464869
0.629247
0.663371
0.632577
0.869133
0.549706
0.399791
0.592003
0.551126
0.658412
0.473603
0.699615
0.522938
0.373523
0.474953
0.503722
0.444388
0.778425
0.473141
0.500591
0.528639
0.414295
0.545100
0.636305
0.510539
0.474156
0.753039
0.693707
0.473933
0.764342
0.701899
0.518504
0.611878
0.554559
0.515357
0.596580
0.586440
0.637153
0.439697
0.543526
0.696988
0.754282
0.652527
0.651672
0.508790
0.514805
0.617657
0.594739
0.573484
0.585630
0.577253
0.634861
0.592427
0.554800
0.537741
0.692854
0.551648
0.553989
0.527871
0.493524
0.557099
0.655614
0.722444
0.675071
0.645419
0.533847
0.658450
0.658402
0.585498
0.604245
0.561942
0.755719
0.556089
0.632153
0.496204
0.560038
0.655076
0.510702
0.424161
0.733980
0.634653
0.606192
0.587875
0.714141
0.503332
0.697321
0.725452
0.736884
0.643645
0.395148
0.555941
0.615008
0.659150
0.699157
0.591040
0.679786
0.627350
0.726237
0.823939
0.794744
0.533057
0.464380
0.669142
0.617006
0.703091
0.690467
0.761670
0.648101
0.753071
0.351829
0.649917
0.555845
0.643940
0.490268
0.646190
0.776735
0.635675
0.569772
0.628959
0.711857
0.541055
0.676057
0.745015
0.655750
0.599705
0.426194
0.576783
0.573844
0.700329
0.640457
0.548440
0.597921
0.645516
0.637117
0.758045
0.692621
0.568080
0.646523
0.722572
0.574376
0.732638
0.855213
0.653359
0.653145
0.679354
0.433074
0.639601
0.656234
0.602176
0.420708
0.616444
0.913954
0.804398
0.743743
0.802316
0.676465
0.804026
0.750868
0.726666
0.818035
0.715680
0.869256
0.786806
0.687771
0.886482
0.802941
0.752929
0.811959
0.814804
0.771206
0.898661
0.776965
0.721703
0.757373
0.757940
0.656483
0.654785
0.816102
0.818821
0.827237
0.810858
0.850121
0.766369
0.700190
0.817496
0.838271
0.550670
0.722839
0.666002
0.686610
0.574268
0.850681
0.613097
0.533856
0.637601
0.648995
0.621292
0.745813
0.652202
0.665024
0.709666
0.588511
0.751611
0.731346
0.676341
0.644166
0.698708
0.475798
0.715349
0.830606
0.697151
0.629878
0.535146
0.660654
0.543732
0.698430
0.617294
0.711937
0.587218
0.715472
0.525805
0.579905
0.554863
0.485065
0.625275
0.535988
0.378880
0.448013
0.439798
0.393465
0.709986
0.454278
0.407595
0.519987
0.300144
0.561151
0.561837
0.519791
0.540531
0.663922
0.618703
0.441801
0.736827
0.706159
0.511930
0.429518
0.550855
0.436057
0.612949
0.507935
0.565916
0.458156
0.411669
0.488121
0.529976
0.635476
0.691099
0.542253
0.614156
0.515396
0.540539
0.505385
0.622446
0.619829
0.512197
0.539368
0.527948
0.588016
0.680830
0.652817
0.565364
0.601168
0.682680
0.541304
0.646835
0.624850
0.578543
0.545778
0.640457
0.463624
0.550637
0.537093
0.388935
0.502925
0.559623
0.666128
0.460013
0.730408
0.575814
0.605057
0.591178
0.571216
0.444170
0.690093
0.594037
0.556200
0.540752
0.539917
0.513093
0.715210
0.695264
0.619603
0.771414
0.641935
0.619149
0.677073
0.758375
0.514055
0.540525
0.667270
0.643546
0.578533
0.540701
0.432949
0.596956
0.482144
0.585102
0.724257
0.687886
0.652498
0.425761
0.579906
0.582356
0.692982
0.601589
0.587961
0.652189
0.594309
0.675942
0.758747
0.737926
0.582520
0.595698
0.608962
0.615304
0.645164
0.695944
0.718537
0.651762
0.703890
0.475893
0.693047
0.528712
0.558871
0.531492
0.596736
0.615385
0.486947
0.489687
0.453246
0.537478
0.514543
0.706380
0.566163
0.523992
0.511760
0.476510
0.552185
0.659510
0.638709
0.590033
0.745140
0.554631
0.556967
0.715560
0.712541
0.467893
0.548344
0.618479
0.578473
0.710116
0.417781
0.589794
0.483525
0.467035
0.586222
0.683450
0.673240
0.644026
0.628595
0.652539
0.741612
0.525269
0.506751
0.601565
0.676168
0.690875
0.746093
0.738197
0.606357
0.726620
0.664784
0.797485
0.752000
0.552845
0.637028
0.736141
0.734078
0.710571
0.611342
0.702244
0.648623
0.689022
0.380770
0.599064
0.629973
0.492491
0.629686
0.587128
0.611326
0.417499
0.450982
0.552480
0.567719
0.570011
0.559863
0.665053
0.627561
0.583094
0.732919
0.694012
0.463655
0.628693
0.523725
0.627594
0.667121
0.552171
0.580260
0.503015
0.641611
0.561054
0.588176
0.398137
0.722597
0.552072
0.439265
0.479330
0.388888
0.576487
0.592816
0.395930
0.542108
0.718052
0.596615
0.408053
0.780062
0.826396
0.457112
0.533212
0.375845
0.603723
0.583582
0.609345
0.621105
0.448235
0.544681
0.408239
0.558620
0.657876
0.490235
0.542719
0.560423
0.459981
0.583887
0.769208
0.693316
0.477045
0.528206
0.633271
0.540612
0.604816
0.636503
0.654799
0.593474
0.650175
0.310993
0.735278
0.367669
0.588667
0.436761
0.472796
0.561845
0.717681
0.478312
0.542682
0.581870
0.453513
0.536633
0.734362
0.708673
0.579902
0.679778
0.660230
0.546268
0.700625
0.713550
0.620994
0.564290
0.672744
0.435371
0.703473
0.521816
0.589644
0.509775
0.429045
0.679689
0.534783
0.443845
0.469393
0.428672
0.549677
0.548348
0.512561
0.525218
0.711166
0.645593
0.424909
0.740361
0.741708
0.494468
0.508699
0.570462
0.504106
0.531633
0.584858
0.516550
0.464775
0.461465
0.811896
0.625752
0.694098
0.719950
0.771833
0.677310
0.780917
0.620577
0.452018
0.588794
0.671669
0.783809
0.660113
0.739061
0.426314
0.702031
0.658231
0.822964
0.738872
0.658038
0.618728
0.783424
0.545481
0.595591
0.450718
0.537337
0.704943
0.595900
0.574594
0.766294
0.629352
0.575230
0.734660
0.807537
0.565353
0.616229
0.681468
0.549871
0.684090
0.525952
0.644914
0.590816
0.425091
0.458091
0.419755
0.552682
0.533329
0.557269
0.549707
0.667250
0.601524
0.521595
0.718269
0.754378
0.438991
0.416844
0.659751
0.570625
0.564803
0.525502
0.518243
0.541582
0.462369
0.458771
0.390973
0.630643
0.594288
0.609361
0.737840
0.681882
0.516961
0.715632
0.780013
0.413101
0.578829
0.654424
0.587013
0.637528
0.532488
0.607118
0.550492
0.443372
0.468538
0.595116
0.565348
0.539607
0.655363
0.595367
0.450745
0.712252
0.739200
0.462713
0.508202
0.615917
0.471154
0.663497
0.453348
0.594429
0.450087
0.425211
0.739911
0.609719
0.561339
0.790371
0.671726
0.535501
0.726902
0.836353
0.560734
0.618173
0.716400
0.591361
0.705758
0.601784
0.638706
0.592209
0.392957
0.640640
0.728448
0.727703
0.692477
0.657007
0.775253
0.784358
0.564941
0.609174
0.718968
0.750031
0.749560
0.697219
0.745639
0.640114
0.670716
0.518222
0.796402
0.639394
0.464949
0.841037
0.871330
0.550439
0.611547
0.520045
0.647372
0.670736
0.709002
0.717994
0.578017
0.631872
0.682996
0.636365
0.443863
0.719388
0.715929
0.685889
0.638222
0.464212
0.447702
0.769674
0.600069
0.723722
0.403722
0.597581
0.667263
0.711687
0.673683
0.518988
0.780719
0.495057
0.729796
0.568401
0.787312
0.666439
0.693399
0.643667
0.806718
0.734730
0.789223
0.730096
0.705508
0.525610
0.678619
0.655377
0.678328
0.571722
0.620650
0.718678
0.575504
0.758152
0.797810
0.532675
0.634601
0.508671
0.515294
0.649744
0.626793
0.670952
0.408610
0.559666
0.685219
0.766538
0.814053
0.828738
0.718775
0.768761
0.649141
0.647224
0.714583
0.721382
0.821240
0.674648
0.806945
0.624932
0.812670
0.656183
0.674305
0.760949
0.859980
0.572416
0.594449
0.684125
0.627328
0.560699
0.602784
0.516669
0.512974
0.668352
0.547078
0.673808
0.577807
0.523126
0.611776
0.531744
0.672914
0.761430
0.673746
0.730098
0.504689
0.688300
0.718314
0.471928
0.601949
0.386832
0.495925
0.730897
0.528774
0.675177
0.681674
0.590064
0.557896
0.494418
0.638136
0.587354
0.568059
