0.009085
0.020355
0.036894
0.030346
0.016788
0.016418
0.026247
0.032321
0.009625
0.027330
0.034176
0.019884
0.046036
0.026592
0.024273
0.028437
0.025965
0.010477
0.040180
0.028608
0.017102
0.014162
0.011079
0.019657
0.013994
0.035110
0.021267
0.009559
0.060926
0.033209
0.014263
0.018728
0.013173
0.015387
0.016576
0.030073
0.017152
0.015917
0.022993
0.024090
0.037704
0.027842
0.019330
0.018077
0.032256
0.017093
0.031607
0.020879
0.034307
0.008260
0.029954
0.026327
0.011700
0.013161
0.013385
0.020442
0.012193
0.015639
0.015138
0.013971
0.028464
0.012499
0.009422
0.013399
0.033809
0.005252
0.029920
0.010597
0.013050
0.006863
0.015453
0.011723
0.009135
0.026260
0.015531
0.006254
0.057440
0.013807
0.011930
0.018305
0.009396
0.018818
0.007656
0.015192
0.016491
0.009926
0.009074
0.015649
0.018894
0.016013
0.012224
0.013297
0.013282
0.014074
0.014301
0.014142
0.044667
0.025787
0.028660
0.010339
0.009343
0.008225
0.020227
0.014999
0.007905
0.016544
0.011771
0.019260
0.005310
0.007033
0.012231
0.034590
0.007117
0.023501
0.003712
0.007360
0.004487
0.016902
0.007728
0.005399
0.019101
0.011131
0.006165
0.047779
0.014776
0.013415
0.018441
0.012163
0.015303
0.009865
0.008789
0.022566
0.015847
0.005637
0.016410
0.013955
0.008289
0.011978
0.011171
0.009522
0.011047
0.009245
0.015489
0.045679
0.015162
0.045672
0.013537
0.044138
0.051503
0.024275
0.021519
0.046043
0.024979
0.026142
0.017411
0.033893
0.024754
0.015083
0.020240
0.010580
0.027859
0.038717
0.036137
0.021201
0.038297
0.021278
0.020521
0.024087
0.024333
0.011068
0.033442
0.024769
0.035608
0.019318
0.027455
0.035734
0.042451
0.052536
0.046004
0.036774
0.042664
0.031537
0.047856
0.030207
0.025462
0.040270
0.025506
0.042509
0.031362
0.022157
0.036414
0.013624
0.050191
0.042236
0.014530
0.040635
0.039133
0.018269
0.041978
0.024175
0.031341
0.023857
0.014675
0.024479
0.031612
0.036405
0.038281
0.031664
0.017444
0.038342
0.019078
0.032823
0.019906
0.022751
0.036110
0.027111
0.017746
0.039015
0.021417
0.027750
0.030166
0.045400
0.029332
0.031023
0.036099
0.031885
0.040738
0.050072
0.028337
0.028340
0.042347
0.020648
0.044100
0.027303
0.030340
0.014373
0.011830
0.021123
0.013305
0.024273
0.023478
0.010510
0.033054
0.019650
0.015385
0.021095
0.037581
0.012747
0.040238
0.017342
0.005476
0.005001
0.016345
0.006973
0.007588
0.025093
0.009438
0.007989
0.069324
0.024469
0.013818
0.016920
0.019445
0.012886
0.011822
0.010783
0.011990
0.012466
0.011286
0.015426
0.027148
0.012053
0.011679
0.013225
0.018052
0.010342
0.017851
0.014844
0.048219
0.020360
0.031221
0.006083
0.016197
0.027370
0.005555
0.019806
0.009454
0.017215
0.014925
0.011047
0.008504
0.015400
0.016165
0.012786
0.010915
0.004641
0.013438
0.003871
0.011742
0.005372
0.004934
0.027884
0.023328
0.008255
0.014890
0.008808
0.007872
0.014040
0.020899
0.022013
0.019586
0.016934
0.017407
0.021899
0.022916
0.010036
0.007576
0.023042
0.004781
0.022484
0.011210
0.018458
0.031980
0.025325
0.011277
0.014811
0.016470
0.019363
0.013318
0.011722
0.014718
0.051591
0.014445
0.032265
0.007939
0.008782
0.006982
0.026101
0.006644
0.015384
0.022820
0.019374
0.010487
0.068151
0.021153
0.018605
0.012996
0.018424
0.026341
0.008983
0.007518
0.029119
0.015808
0.006054
0.015380
0.010398
0.009147
0.009969
0.010489
0.006456
0.015701
0.007354
0.012253
0.059597
0.025070
0.034699
0.029249
0.030023
0.049412
0.028327
0.015789
0.033766
0.056511
0.024977
0.051109
0.025251
0.025050
0.021788
0.033941
0.023335
0.020415
0.046167
0.029174
0.024815
0.081883
0.023861
0.024437
0.046448
0.030554
0.028398
0.026198
0.021076
0.023634
0.024207
0.019802
0.027682
0.040095
0.015031
0.035686
0.037359
0.029788
0.034607
0.027537
0.038679
0.065419
0.024845
0.028397
0.008225
0.034480
0.017965
0.016868
0.019194
0.014022
0.010435
0.030480
0.023277
0.012933
0.011756
0.002832
0.013949
0.005760
0.026546
0.011366
0.005788
0.048290
0.025361
0.004443
0.015454
0.010374
0.008609
0.012944
0.023031
0.012315
0.014973
0.018034
0.016162
0.030476
0.025042
0.013191
0.011677
0.029331
0.007168
0.027285
0.013659
0.023187
0.027076
0.023156
0.015614
0.009175
0.014650
0.018683
0.039508
0.009875
0.014592
0.006341
0.016276
0.014427
0.023817
0.014478
0.015009
0.019661
0.022876
0.012128
0.038736
0.025325
0.022274
0.020354
0.014888
0.023734
0.018916
0.015354
0.044125
0.030178
0.012589
0.028751
0.013894
0.016905
0.018967
0.014940
0.016080
0.020728
0.016030
0.022336
0.043611
0.018990
0.024536
0.014974
0.008963
0.006391
0.059913
0.024567
0.045098
0.013565
0.023089
0.015862
0.032476
0.015915
0.025117
0.034793
0.026963
0.020408
0.082891
0.006381
0.016468
0.025753
0.019963
0.043966
0.006553
0.016090
0.022400
0.008327
0.007549
0.008356
0.008434
0.016946
0.015153
0.019467
0.006912
0.021736
0.005937
0.012938
0.073195
0.020997
0.012481
0.015497
0.009817
0.019623
0.012869
0.025383
0.018320
0.011069
0.010083
0.007543
0.010604
0.006672
0.015183
0.004703
0.006710
0.045411
0.018869
0.005847
0.009299
0.012657
0.012926
0.008950
0.014901
0.015674
0.012226
0.013484
0.010678
0.017166
0.021240
0.003627
0.005158
0.015954
0.003203
0.018973
0.004832
0.030527
0.009128
0.019506
0.015101
0.044275
0.027294
0.018242
0.015424
0.027809
0.024347
0.029251
0.020785
0.025766
0.015814
0.025379
0.021962
0.041123
0.025803
0.025648
0.022184
0.020008
0.035974
0.020398
0.020917
0.051672
0.032297
0.019200
0.024356
0.009836
0.027133
0.018199
0.013652
0.017942
0.021468
0.016938
0.017982
0.044422
0.007510
0.007643
0.031245
0.012037
0.017824
0.005615
0.014408
0.011172
0.018147
0.012765
0.010430
0.015180
0.014737
0.009484
0.039237
0.010794
0.013087
0.018658
0.009521
0.021485
0.009936
0.013846
0.029596
0.018419
0.008235
0.016385
0.008735
0.015171
0.011931
0.009342
0.009693
0.012997
0.009616
0.013095
0.040035
0.009229
0.046407
0.014435
0.032296
0.005935
0.012330
0.007867
0.021237
0.008058
0.013380
0.027907
0.020108
0.010860
0.066193
0.008371
0.011541
0.022540
0.011799
0.026458
0.006365
0.008628
0.020760
0.011139
0.002687
0.010692
0.011159
0.009631
0.014965
0.014857
0.008986
0.016407
0.005792
0.015371
0.054375
0.037753
0.015875
0.027986
0.010194
0.017783
0.013791
0.020265
0.013431
0.016023
0.020901
0.016316
0.013568
0.055322
0.006565
0.009340
0.016655
0.012434
0.031072
0.006357
0.014076
0.022488
0.011829
0.007604
0.010670
0.004991
0.020676
0.008311
0.010342
0.007695
0.011600
0.009424
0.006990
0.050740
0.023838
0.025193
0.046777
0.036021
0.036460
0.010654
0.039808
0.017612
0.026594
0.019987
0.020993
0.021933
0.049888
0.020748
0.028251
0.023998
0.014488
0.038341
0.052210
0.039514
0.043528
0.048156
0.042447
0.051724
0.056277
0.027665
0.022500
0.055174
0.019915
0.057492
0.028824
0.008387
0.020531
0.009977
0.010382
0.007951
0.011179
0.011007
0.005636
0.019018
0.012245
0.004843
0.040471
0.021126
0.011974
0.015873
0.011034
0.011829
0.013332
0.014778
0.022453
0.018702
0.012181
0.020972
0.020620
0.017057
0.013027
0.011495
0.018844
0.010899
0.019611
0.015817
0.033875
0.023929
0.033301
0.031602
0.026147
0.031903
0.021884
0.009655
0.022000
0.022277
0.013149
0.037180
0.030647
0.031552
0.022456
0.026469
0.035116
0.036080
0.060909
0.045619
0.033821
0.041233
0.026069
0.039810
0.026043
0.021806
0.033645
0.028024
0.035555
0.028131
0.021223
0.012254
0.007976
0.024890
0.008874
0.012892
0.021326
0.018941
0.011590
0.053830
0.012776
0.017923
0.022713
0.014641
0.026182
0.011096
0.007772
0.030582
0.019693
0.004315
0.017896
0.008464
0.010062
0.016019
0.014631
0.007980
0.016474
0.006354
0.018004
0.055774
0.004425
0.014320
0.004870
0.007054
0.021808
0.010669
0.006147
0.062188
0.024035
0.012309
0.012201
0.016180
0.011550
0.010268
0.008231
0.017948
0.014908
0.008218
0.016493
0.020328
0.009290
0.009727
0.009630
0.015500
0.009515
0.014557
0.013293
0.044471
0.013586
0.003244
0.006549
0.022189
0.011522
0.004412
0.061366
0.017971
0.010556
0.013721
0.012892
0.014244
0.006290
0.008100
0.014565
0.009924
0.005080
0.010784
0.017001
0.008921
0.009628
0.009091
0.011710
0.007880
0.010161
0.011580
0.045484
0.014386
0.007505
0.022340
0.011329
0.006126
0.039879
0.031483
0.006303
0.011448
0.010911
0.007697
0.014431
0.024520
0.018526
0.019280
0.021297
0.017474
0.029829
0.027864
0.012047
0.008430
0.031937
0.005240
0.029861
0.012220
0.016384
0.009641
0.022551
0.013979
0.006781
0.064196
0.020967
0.009749
0.011719
0.014877
0.016746
0.006813
0.005329
0.017886
0.012784
0.004617
0.009282
0.014517
0.008696
0.009910
0.008193
0.012942
0.008475
0.009445
0.010723
0.045674
0.016317
0.005278
0.003741
0.040109
0.020917
0.007651
0.015293
0.011619
0.005128
0.012476
0.014437
0.015802
0.016384
0.012538
0.017281
0.023391
0.015287
0.010119
0.008876
0.019337
0.006392
0.019365
0.013212
0.028324
0.010525
0.017897
0.026559
0.030263
0.023818
0.023563
0.021620
0.020931
0.025616
0.026191
0.043472
0.031871
0.025635
0.027799
0.020524
0.029738
0.015624
0.014126
0.024642
0.017754
0.025906
0.017155
0.026668
0.008950
0.038881
0.023179
0.012328
0.017953
0.016549
0.010293
0.015996
0.018142
0.019454
0.017431
0.017500
0.017867
0.023481
0.021649
0.008900
0.011174
0.020648
0.007138
0.022446
0.011301
0.029856
0.044930
0.019922
0.007156
0.008687
0.007155
0.008801
0.007076
0.013354
0.017274
0.012357
0.009313
0.013597
0.017900
0.014358
0.006575
0.004750
0.015413
0.005765
0.015974
0.008363
0.029276
0.068987
0.053160
0.055870
0.042863
0.040067
0.066883
0.070361
0.088378
0.079235
0.068336
0.073382
0.058756
0.074564
0.052087
0.044554
0.069001
0.046806
0.072605
0.055334
0.021835
0.016674
0.032195
0.017550
0.038064
0.011405
0.018671
0.023522
0.012834
0.010207
0.015755
0.012085
0.020377
0.018273
0.022513
0.009264
0.023335
0.011550
0.017344
0.065188
0.011382
0.009218
0.014625
0.006662
0.016590
0.010604
0.009947
0.011314
0.008819
0.018663
0.020039
0.008163
0.007546
0.019158
0.005891
0.017688
0.007200
0.031580
0.016004
0.018299
0.010440
0.017552
0.026848
0.018345
0.017210
0.017828
0.018618
0.025142
0.004698
0.002874
0.019389
0.008602
0.022930
0.006434
0.035409
0.019796
0.009686
0.022666
0.024204
0.014352
0.012534
0.016148
0.016049
0.022407
0.012121
0.010177
0.017775
0.012209
0.016165
0.013200
0.030787
0.024223
0.023760
0.023441
0.028084
0.025970
0.029072
0.039631
0.024248
0.018151
0.013947
0.034851
0.011870
0.035756
0.021998
0.020139
0.010837
0.013525
0.004701
0.004396
0.005639
0.010162
0.013291
0.005524
0.007083
0.008188
0.008952
0.007155
0.005209
0.048388
0.024492
0.018164
0.005024
0.016483
0.014057
0.007865
0.013159
0.014325
0.010311
0.014867
0.010712
0.016251
0.061227
0.009597
0.019008
0.014124
0.037677
0.025205
0.019443
0.023122
0.028469
0.014838
0.026700
0.018648
0.057259
0.009844
0.006236
0.018463
0.016880
0.010269
0.014803
0.012655
0.014251
0.011753
0.009429
0.055507
0.009685
0.008064
0.006926
0.010892
0.011798
0.005576
0.012943
0.003685
0.011910
0.058285
0.014260
0.016336
0.011618
0.012414
0.015190
0.010939
0.009492
0.008061
0.050705
0.019006
0.011921
0.012601
0.005744
0.019031
0.006578
0.011233
0.059429
0.019686
0.019400
0.012743
0.020937
0.009228
0.022354
0.062863
0.003076
0.010433
0.006161
0.014493
0.002075
0.037671
0.014055
0.004986
0.015630
0.003920
0.029102
0.019918
0.005745
0.012512
0.067726
0.018807
0.006270
0.030462
0.014443
0.065354
0.037827
