0.019781
0.039690
0.031982
0.036061
0.021047
0.028579
0.011808
0.034895
0.016548
0.027330
0.011879
0.021349
0.021544
0.018978
0.046898
0.022414
0.018088
0.028884
0.024751
0.018068
0.017986
0.025805
0.027128
0.021697
0.030124
0.044507
0.027189
0.024706
0.015751
0.019158
0.015878
0.049532
0.015069
0.022268
0.052664
0.056431
0.013959
0.038599
0.018263
0.040555
0.059894
0.047023
0.016262
0.046501
0.010840
0.043792
0.076211
0.017149
0.045551
0.027328
0.029103
0.024588
0.017550
0.035448
0.020309
0.036694
0.007814
0.027361
0.020397
0.029501
0.014623
0.016551
0.026650
0.008321
0.016814
0.035897
0.030737
0.020413
0.022072
0.012608
0.027457
0.012399
0.027385
0.043978
0.010814
0.025508
0.015931
0.016587
0.014959
0.041031
0.011566
0.019851
0.034821
0.025107
0.009862
0.047750
0.028306
0.042609
0.060362
0.036379
0.013234
0.027371
0.016424
0.048762
0.072932
0.020200
0.016285
0.006638
0.003914
0.007372
0.028322
0.015480
0.010516
0.018475
0.009769
0.023749
0.019706
0.010873
0.012793
0.023119
0.013193
0.016399
0.012730
0.022462
0.027331
0.028729
0.011150
0.025534
0.012202
0.008210
0.013420
0.013317
0.011277
0.022176
0.011798
0.031075
0.004649
0.020190
0.028474
0.023710
0.027191
0.017329
0.040493
0.014412
0.010608
0.015964
0.003993
0.016149
0.007804
0.015033
0.018643
0.017665
0.011691
0.018870
0.004519
0.005192
0.019932
0.012504
0.019359
0.020953
0.006657
0.017689
0.020267
0.007211
0.006059
0.037831
0.012631
0.010195
0.011620
0.016763
0.024683
0.016531
0.018584
0.018144
0.014137
0.004853
0.011088
0.018940
0.008883
0.012923
0.013253
0.026173
0.009072
0.015393
0.023507
0.035248
0.034938
0.013439
0.040397
0.011979
0.013063
0.020241
0.006506
0.011143
0.016224
0.007863
0.016792
0.024380
0.007556
0.022756
0.003886
0.028189
0.014247
0.015667
0.013936
0.006252
0.021233
0.018897
0.005726
0.008955
0.025171
0.009584
0.012597
0.012760
0.022341
0.024533
0.021750
0.013552
0.022525
0.011177
0.006256
0.016849
0.014397
0.007308
0.018060
0.012308
0.030510
0.006271
0.014960
0.028989
0.027771
0.031848
0.011418
0.042917
0.014475
0.014126
0.018995
0.005974
0.013817
0.007579
0.012116
0.019527
0.020424
0.007353
0.017808
0.020019
0.006690
0.017274
0.008744
0.005777
0.012426
0.014118
0.001651
0.005305
0.026403
0.007252
0.007800
0.010788
0.016397
0.015053
0.014123
0.011030
0.014979
0.008510
0.006309
0.018443
0.012258
0.006029
0.008486
0.005175
0.020257
0.011316
0.007425
0.019565
0.028436
0.031011
0.005607
0.035662
0.009760
0.016982
0.024231
0.011846
0.008325
0.011316
0.005626
0.018768
0.029380
0.001373
0.018852
0.015178
0.037168
0.032692
0.023355
0.009541
0.022729
0.019609
0.019600
0.054668
0.022262
0.011257
0.019257
0.006081
0.011734
0.014280
0.023608
0.015851
0.022035
0.013532
0.015700
0.023375
0.020454
0.011658
0.018085
0.013118
0.032961
0.018262
0.010042
0.037571
0.040906
0.022072
0.017326
0.012535
0.026561
0.033446
0.029088
0.011758
0.046585
0.015729
0.018345
0.052065
0.021104
0.037312
0.016141
0.011622
0.009078
0.006482
0.007206
0.008614
0.010973
0.026251
0.011189
0.008720
0.009328
0.010437
0.009239
0.011282
0.011944
0.016212
0.010966
0.009369
0.019685
0.013028
0.007766
0.010393
0.008005
0.013123
0.019775
0.009315
0.015464
0.027676
0.040320
0.007951
0.023219
0.004542
0.015460
0.026927
0.019544
0.008129
0.021319
0.005757
0.018014
0.038601
0.006766
0.027758
0.022051
0.014911
0.026543
0.013271
0.023219
0.025046
0.022461
0.024392
0.025380
0.012475
0.023216
0.031038
0.036073
0.015268
0.038330
0.016917
0.014607
0.022226
0.019953
0.012716
0.034969
0.018962
0.038381
0.014665
0.032144
0.037230
0.020805
0.042673
0.024501
0.032484
0.012329
0.010824
0.018655
0.014246
0.023932
0.015690
0.020809
0.024687
0.022757
0.018866
0.032166
0.014568
0.017404
0.018682
0.009171
0.013153
0.020608
0.008641
0.015118
0.024146
0.025724
0.017428
0.022102
0.011288
0.025174
0.010741
0.018139
0.036586
0.012076
0.013898
0.015864
0.011288
0.020544
0.026999
0.009100
0.025203
0.030609
0.035273
0.006347
0.042611
0.018887
0.031611
0.042267
0.025406
0.013702
0.017235
0.012153
0.036494
0.051163
0.009855
0.019508
0.017941
0.012436
0.007611
0.009987
0.029763
0.013174
0.013568
0.008812
0.017883
0.020101
0.016530
0.018366
0.019141
0.014828
0.005918
0.019869
0.019297
0.004070
0.016672
0.014843
0.027403
0.010083
0.013046
0.031017
0.030877
0.046604
0.011609
0.038219
0.010825
0.013032
0.018350
0.011064
0.015138
0.012700
0.010173
0.013397
0.023215
0.007799
0.025142
0.013643
0.013091
0.011324
0.039421
0.012590
0.004739
0.015026
0.007497
0.005286
0.009336
0.012256
0.015806
0.012789
0.012983
0.017239
0.015814
0.013663
0.008117
0.009852
0.009376
0.028542
0.009319
0.007423
0.031326
0.035048
0.011186
0.015621
0.005799
0.021868
0.032387
0.025840
0.005493
0.035078
0.006107
0.020958
0.050079
0.011972
0.030763
0.016090
0.022862
0.021915
0.016526
0.017475
0.006176
0.013613
0.012999
0.016350
0.016009
0.028125
0.013556
0.012953
0.026352
0.015570
0.006319
0.022683
0.015603
0.020936
0.020699
0.019746
0.026533
0.017590
0.048243
0.012805
0.019611
0.006200
0.009822
0.021608
0.024711
0.015486
0.021208
0.014684
0.015205
0.032798
0.014892
0.034564
0.006063
0.026882
0.005519
0.007927
0.013422
0.017977
0.014553
0.011199
0.012701
0.012905
0.008618
0.007942
0.023002
0.010808
0.007629
0.006499
0.006865
0.017241
0.015619
0.006186
0.018162
0.030456
0.030505
0.003595
0.038187
0.012869
0.020701
0.031494
0.016324
0.008243
0.014018
0.007051
0.022069
0.036786
0.003083
0.017646
0.037672
0.007198
0.005526
0.017720
0.017454
0.019038
0.013278
0.015011
0.014675
0.010501
0.009550
0.018054
0.016827
0.011589
0.006157
0.010033
0.018813
0.018866
0.007090
0.016940
0.040116
0.030398
0.009282
0.039945
0.013325
0.022913
0.032019
0.014566
0.006118
0.022007
0.003521
0.024162
0.039972
0.006758
0.019471
0.019614
0.036883
0.028245
0.041072
0.035791
0.042567
0.018201
0.049784
0.017302
0.030869
0.050228
0.013443
0.023054
0.042195
0.026166
0.038679
0.030955
0.034988
0.044222
0.018681
0.037337
0.022786
0.049038
0.032406
0.029046
0.043133
0.033221
0.031856
0.014526
0.035592
0.044743
0.047329
0.031493
0.024177
0.007378
0.017500
0.018105
0.014416
0.012244
0.009062
0.018355
0.005071
0.011676
0.024720
0.006055
0.010299
0.009121
0.009778
0.013562
0.020624
0.007050
0.015483
0.024728
0.022689
0.004868
0.035105
0.015266
0.021614
0.034653
0.018336
0.005772
0.015490
0.008402
0.026190
0.043889
0.011041
0.011448
0.014783
0.007672
0.009708
0.007682
0.011432
0.014589
0.008012
0.007266
0.013866
0.013546
0.010339
0.006456
0.010531
0.012379
0.023195
0.006880
0.008374
0.028749
0.025737
0.009104
0.021966
0.008370
0.021193
0.029280
0.018372
0.002340
0.026677
0.004517
0.020047
0.042729
0.009224
0.018561
0.013045
0.017410
0.017036
0.018358
0.025090
0.013024
0.007748
0.017516
0.018906
0.005026
0.021454
0.014207
0.026383
0.011258
0.020958
0.027613
0.021843
0.045524
0.015448
0.024266
0.006314
0.006179
0.013715
0.016873
0.015796
0.018505
0.013346
0.008776
0.019565
0.011167
0.033984
0.010777
0.011901
0.016069
0.021340
0.013929
0.007565
0.012326
0.018268
0.011770
0.014615
0.016265
0.015479
0.027838
0.018214
0.010451
0.022311
0.034101
0.017985
0.008771
0.006229
0.018173
0.023847
0.022946
0.007529
0.034968
0.011815
0.015713
0.042105
0.017839
0.027716
0.011378
0.013654
0.016879
0.016038
0.015784
0.025964
0.016137
0.014834
0.013137
0.012899
0.010619
0.031631
0.009145
0.012831
0.025560
0.038389
0.012629
0.016625
0.010384
0.026594
0.034429
0.032601
0.010142
0.034484
0.014065
0.020146
0.051470
0.015529
0.032342
0.023447
0.015729
0.015079
0.013097
0.028097
0.019552
0.011952
0.008933
0.019521
0.011093
0.034187
0.010323
0.015113
0.035686
0.044000
0.008712
0.028330
0.013625
0.026355
0.041716
0.032409
0.007878
0.035073
0.008786
0.022803
0.055794
0.014145
0.028548
0.025056
0.006983
0.013065
0.019020
0.005323
0.014626
0.017351
0.007280
0.017435
0.019603
0.014611
0.014261
0.015086
0.016542
0.012881
0.023460
0.011266
0.018635
0.028106
0.016889
0.008884
0.016419
0.013897
0.027178
0.040037
0.014467
0.016578
0.023850
0.017688
0.027094
0.022476
0.020967
0.010785
0.018233
0.016355
0.030269
0.013337
0.019289
0.049043
0.045790
0.017036
0.038557
0.019772
0.032431
0.043825
0.028714
0.015464
0.037126
0.014143
0.026791
0.054518
0.015924
0.032620
0.009745
0.023197
0.005875
0.008661
0.013685
0.009514
0.016231
0.021485
0.012863
0.015495
0.017075
0.019381
0.006861
0.027274
0.011712
0.018090
0.029839
0.019597
0.005243
0.014657
0.009841
0.025292
0.039574
0.010997
0.013059
0.010289
0.014446
0.004157
0.013563
0.012693
0.022241
0.011145
0.014514
0.019089
0.021676
0.032414
0.012451
0.023629
0.006437
0.010410
0.015005
0.009222
0.008117
0.016191
0.009565
0.011230
0.022472
0.008897
0.020265
0.024829
0.019654
0.023232
0.019856
0.030635
0.014481
0.028354
0.019377
0.032072
0.032761
0.030810
0.024068
0.011383
0.013770
0.014559
0.008029
0.016096
0.032250
0.017138
0.016317
0.027001
0.021987
0.031295
0.014518
0.015763
0.010925
0.011683
0.022705
0.015955
0.013787
0.016544
0.018084
0.008812
0.028913
0.015098
0.020084
0.036094
0.019869
0.009454
0.015896
0.014876
0.030323
0.046801
0.016458
0.012460
0.016315
0.012737
0.023533
0.012545
0.013705
0.025536
0.020192
0.040462
0.008361
0.026301
0.007340
0.010220
0.016438
0.014206
0.010834
0.012770
0.009210
0.011601
0.023344
0.007603
0.022453
0.009066
0.009937
0.029296
0.006596
0.008497
0.040676
0.031163
0.008367
0.033601
0.014618
0.030188
0.044021
0.025453
0.006080
0.031903
0.005805
0.028560
0.056807
0.008757
0.023118
0.017773
0.017251
0.010513
0.013980
0.026760
0.025764
0.009313
0.029213
0.010310
0.020489
0.029560
0.018204
0.009455
0.018223
0.008737
0.024179
0.038797
0.005581
0.022789
0.041288
0.012427
0.007695
0.036288
0.034753
0.012038
0.027237
0.017059
0.032664
0.053043
0.036849
0.009129
0.041420
0.012892
0.033225
0.071474
0.021533
0.029157
0.026947
0.039470
0.029190
0.042750
0.024632
0.044835
0.016303
0.008734
0.010082
0.005481
0.025006
0.010303
0.021176
0.013682
0.009234
0.015014
0.031007
0.016910
0.037521
0.036039
0.006288
0.036675
0.015570
0.029635
0.039582
0.025953
0.007658
0.025715
0.007424
0.024381
0.050351
0.008807
0.023581
0.032524
0.020705
0.017570
0.019139
0.015404
0.033305
0.047561
0.030598
0.007058
0.043152
0.012694
0.035393
0.067824
0.020856
0.023434
0.027492
0.029136
0.022236
0.022423
0.021940
0.027292
0.029970
0.025290
0.022284
0.035584
0.030222
0.039116
0.033256
0.024300
0.033430
0.044482
0.039134
0.045634
0.055044
0.032636
0.022470
0.034899
0.034365
0.056800
0.067838
0.037339
0.014118
0.036041
0.013664
0.023835
0.039380
0.024337
0.007477
0.017813
0.006918
0.027588
0.048447
0.006305
0.019201
0.013988
0.027622
0.031657
0.041443
0.021916
0.053209
0.029946
0.026227
0.055368
0.036842
0.046138
0.008524
0.016830
0.016113
0.008098
0.024278
0.007998
0.012029
0.029333
0.010042
0.031958
0.009436
0.011917
0.020050
0.018839
0.019411
0.009812
0.014878
0.020284
0.036496
0.014154
0.031471
0.024743
0.031615
0.008498
0.006579
0.028712
0.045488
0.019548
0.014408
0.017135
0.020035
0.018249
0.017042
0.021637
0.025484
0.004909
0.022541
0.045963
0.010496
0.017149
0.024370
0.028684
0.023178
0.016017
0.018946
0.021990
0.043068
0.005515
0.022307
0.016210
0.021644
0.043468
0.033664
0.055195
0.025111
