0.019634
0.024423
0.035965
0.040838
0.038969
0.033180
0.026808
0.056575
0.040757
0.016412
0.041538
0.048147
0.019857
0.057996
0.038231
0.036141
0.056841
0.046098
0.022296
0.053291
0.022433
0.035122
0.016423
0.064452
0.020160
0.064543
0.056406
0.066142
0.039157
0.054611
0.013218
0.043713
0.027155
0.038515
0.026171
0.009333
0.049756
0.015834
0.026380
0.050282
0.023507
0.025613
0.017837
0.021031
0.052161
0.046906
0.036103
0.024446
0.043957
0.015987
0.039946
0.025562
0.024774
0.010591
0.021162
0.017760
0.011552
0.020307
0.022699
0.080921
0.051502
0.018676
0.072405
0.008201
0.053493
0.015671
0.013937
0.019279
0.014603
0.010756
0.014777
0.113879
0.006799
0.026089
0.026642
0.028726
0.012187
0.024157
0.013987
0.080278
0.021182
0.044750
0.009006
0.012526
0.017710
0.029684
0.059815
0.016095
0.012078
0.021442
0.030120
0.028313
0.018889
0.025954
0.018023
0.020670
0.015954
0.020282
0.013253
0.009893
0.019089
0.010927
0.025250
0.029243
0.012046
0.024871
0.048292
0.037204
0.030424
0.058948
0.019602
0.024248
0.026812
0.016222
0.020466
0.012916
0.022049
0.016520
0.099705
0.008339
0.032869
0.047539
0.027375
0.025705
0.026711
0.025635
0.053108
0.014064
0.022692
0.019176
0.010756
0.018642
0.012761
0.051284
0.030896
0.006479
0.006825
0.010678
0.014115
0.036296
0.029240
0.012856
0.008073
0.016739
0.014530
0.030549
0.033824
0.023525
0.051499
0.053969
0.017017
0.031657
0.036461
0.031620
0.058007
0.041495
0.038219
0.037596
0.041628
0.022421
0.045483
0.018720
0.033798
0.019442
0.103087
0.025616
0.044692
0.074500
0.044283
0.049930
0.044336
0.045231
0.032539
0.017150
0.025536
0.031311
0.018147
0.032280
0.016811
0.051270
0.051848
0.018928
0.019036
0.014058
0.025811
0.051488
0.031632
0.019429
0.023318
0.027556
0.022511
0.018371
0.022532
0.027381
0.030287
0.018679
0.014477
0.055479
0.048746
0.032070
0.060354
0.020492
0.036463
0.017346
0.018583
0.020661
0.012470
0.018804
0.012968
0.132622
0.015008
0.022193
0.056205
0.021009
0.031700
0.022423
0.036732
0.063545
0.008447
0.033704
0.022375
0.019095
0.012982
0.027799
0.070992
0.027440
0.015509
0.015315
0.021423
0.033956
0.028067
0.012377
0.008006
0.020857
0.009893
0.032315
0.013838
0.026461
0.038323
0.024566
0.039057
0.057680
0.050277
0.031759
0.083734
0.025071
0.012766
0.036361
0.026396
0.022091
0.025408
0.030750
0.029386
0.115889
0.019292
0.036465
0.052736
0.029198
0.032131
0.037843
0.043436
0.069289
0.024519
0.020644
0.032037
0.021341
0.023308
0.022249
0.065535
0.037604
0.011266
0.006719
0.022363
0.021365
0.045856
0.040091
0.018836
0.013755
0.026334
0.031928
0.016134
0.008540
0.024473
0.008711
0.094597
0.066415
0.015620
0.066855
0.008162
0.065542
0.005134
0.011844
0.015695
0.009457
0.007582
0.017686
0.143124
0.005592
0.012621
0.021235
0.015790
0.009454
0.006744
0.015946
0.088662
0.016480
0.054026
0.005804
0.023076
0.009964
0.037832
0.085984
0.007082
0.015291
0.029384
0.034981
0.041909
0.007930
0.011768
0.013534
0.024764
0.006270
0.040194
0.037973
0.010949
0.032866
0.051489
0.031160
0.043103
0.069696
0.031313
0.021654
0.038283
0.023247
0.029917
0.014717
0.035959
0.017698
0.086448
0.018479
0.041710
0.055886
0.039989
0.035873
0.042792
0.030035
0.050712
0.022540
0.018951
0.030314
0.013241
0.028546
0.013039
0.047116
0.045513
0.010273
0.011387
0.015836
0.013866
0.054301
0.038064
0.015997
0.007940
0.028131
0.016276
0.043510
0.030013
0.114065
0.091434
0.005174
0.111476
0.013669
0.053533
0.015081
0.029398
0.005685
0.030255
0.017073
0.036076
0.165228
0.016300
0.011802
0.030242
0.008714
0.012403
0.016376
0.043321
0.118203
0.033808
0.061767
0.021948
0.039050
0.010654
0.053818
0.104741
0.010574
0.021217
0.033797
0.051591
0.050412
0.014264
0.028581
0.022472
0.031003
0.012710
0.039508
0.013529
0.117015
0.080743
0.009124
0.085456
0.013356
0.074591
0.006697
0.027979
0.012866
0.017728
0.016291
0.022407
0.149576
0.012957
0.012453
0.031273
0.018023
0.015292
0.014452
0.021707
0.114334
0.026668
0.074691
0.018375
0.033923
0.011706
0.049669
0.099517
0.007508
0.027630
0.041242
0.049902
0.059410
0.009262
0.016508
0.021343
0.034432
0.016881
0.028170
0.042969
0.019185
0.050296
0.048538
0.029224
0.037249
0.036106
0.011450
0.037288
0.011789
0.028930
0.014565
0.081097
0.013873
0.046022
0.048183
0.046241
0.031235
0.038238
0.018894
0.035148
0.018548
0.018787
0.019304
0.007149
0.032170
0.010694
0.033972
0.043498
0.008840
0.012377
0.009299
0.008912
0.049077
0.034590
0.017277
0.010572
0.023832
0.091705
0.067563
0.023652
0.062795
0.019662
0.066471
0.006355
0.019375
0.020121
0.007671
0.018012
0.014084
0.153763
0.014215
0.013772
0.041873
0.020320
0.025718
0.010034
0.021472
0.092394
0.011219
0.056948
0.018769
0.029972
0.011321
0.040826
0.097900
0.015098
0.024920
0.034346
0.039475
0.053906
0.016849
0.003919
0.009626
0.029198
0.011853
0.028811
0.123955
0.038544
0.087723
0.052160
0.106789
0.060999
0.106152
0.068223
0.085101
0.051633
0.081414
0.071890
0.119844
0.141825
0.113662
0.113893
0.112316
0.081359
0.020511
0.049843
0.032602
0.081695
0.037914
0.090936
0.027340
0.034607
0.117709
0.058763
0.037595
0.028469
0.037808
0.119404
0.093995
0.066352
0.054608
0.088721
0.097199
0.042390
0.070189
0.049653
0.081790
0.044784
0.081590
0.039744
0.069044
0.032390
0.039809
0.043834
0.096405
0.100885
0.093667
0.074933
0.090503
0.045776
0.016365
0.045615
0.036549
0.058070
0.019482
0.075724
0.013867
0.012925
0.093484
0.037606
0.031787
0.013681
0.022630
0.096097
0.071129
0.054805
0.034123
0.069751
0.110251
0.015656
0.062392
0.010859
0.034226
0.005101
0.028169
0.020889
0.035171
0.168691
0.017766
0.007540
0.034508
0.009130
0.015672
0.015087
0.040400
0.128556
0.034603
0.073523
0.025744
0.043370
0.008325
0.056380
0.113934
0.008378
0.027676
0.041320
0.057730
0.063127
0.011587
0.023459
0.023756
0.036424
0.017563
0.077125
0.103289
0.081853
0.054630
0.102143
0.053504
0.071056
0.041099
0.094163
0.061284
0.100528
0.120989
0.104578
0.101253
0.086199
0.053964
0.037239
0.041212
0.071775
0.065820
0.043551
0.082060
0.037659
0.056487
0.092297
0.067745
0.061525
0.037812
0.063498
0.086669
0.070545
0.066452
0.063852
0.078557
0.059512
0.009453
0.013442
0.018231
0.019090
0.003286
0.021895
0.151595
0.009921
0.016965
0.023237
0.019719
0.011846
0.017149
0.025954
0.094933
0.019260
0.047771
0.007361
0.020453
0.010587
0.040766
0.081744
0.009767
0.015817
0.022352
0.038869
0.039763
0.009717
0.019427
0.015957
0.030908
0.008755
0.069779
0.051736
0.045465
0.046019
0.064678
0.046003
0.108494
0.043258
0.065610
0.090673
0.052964
0.062910
0.068400
0.071716
0.065800
0.044235
0.019705
0.064827
0.037480
0.050012
0.029844
0.068398
0.074303
0.025704
0.018126
0.030298
0.028491
0.085757
0.065770
0.036669
0.022283
0.053667
0.020089
0.011875
0.013483
0.009927
0.019716
0.167267
0.011614
0.006509
0.028943
0.011095
0.013742
0.006984
0.025640
0.109622
0.017334
0.065210
0.013568
0.032247
0.006191
0.049759
0.105056
0.005177
0.024429
0.035424
0.047913
0.058058
0.005561
0.005919
0.013131
0.033787
0.007064
0.030250
0.012383
0.010719
0.016448
0.125449
0.009531
0.030335
0.026069
0.033506
0.017729
0.021598
0.015841
0.061834
0.013635
0.025845
0.005620
0.011835
0.021222
0.024836
0.060179
0.022234
0.010107
0.015849
0.023875
0.020917
0.025894
0.023388
0.012734
0.019645
0.012998
0.020870
0.022791
0.028748
0.154196
0.014594
0.008019
0.039104
0.006313
0.017430
0.013939
0.038460
0.110231
0.025736
0.058086
0.025862
0.036235
0.006505
0.045039
0.101414
0.012645
0.019851
0.030173
0.044687
0.049111
0.018933
0.021153
0.015725
0.023545
0.012231
0.017922
0.007822
0.107950
0.006753
0.021701
0.038516
0.025117
0.020767
0.017755
0.013131
0.060749
0.009784
0.037170
0.013098
0.013197
0.015324
0.019858
0.062273
0.021881
0.010834
0.019527
0.019321
0.028300
0.025699
0.011608
0.008238
0.013153
0.011981
0.019340
0.154936
0.011026
0.019031
0.024780
0.022469
0.014031
0.016739
0.024333
0.091746
0.016710
0.048156
0.004888
0.020693
0.013004
0.042914
0.081603
0.009496
0.017706
0.025151
0.038722
0.041099
0.008724
0.016886
0.015197
0.033594
0.007753
0.100006
0.012204
0.031230
0.054039
0.034305
0.031499
0.029236
0.017096
0.054202
0.008232
0.036536
0.019536
0.010196
0.021376
0.019017
0.051084
0.028227
0.017514
0.019428
0.018512
0.030322
0.028744
0.015639
0.012096
0.018716
0.020328
0.108858
0.181596
0.178976
0.173963
0.145954
0.177623
0.106297
0.046204
0.129767
0.111125
0.135311
0.078000
0.157597
0.056116
0.030032
0.178031
0.103339
0.101865
0.059442
0.074006
0.178436
0.158037
0.140621
0.089127
0.154684
0.019830
0.024895
0.018246
0.008520
0.013960
0.013600
0.066993
0.014455
0.037964
0.007485
0.011479
0.012460
0.020736
0.059968
0.014530
0.006728
0.015646
0.018890
0.023968
0.017374
0.016387
0.012239
0.012751
0.009247
0.037103
0.005414
0.020068
0.009256
0.042191
0.120967
0.026953
0.069670
0.023973
0.044919
0.004121
0.057835
0.121578
0.008493
0.028089
0.042158
0.056801
0.066988
0.010446
0.012808
0.016393
0.037060
0.010835
0.037580
0.010205
0.025752
0.031103
0.132804
0.053290
0.069963
0.018302
0.050172
0.038062
0.072209
0.117282
0.021985
0.032361
0.051839
0.070683
0.056529
0.029404
0.044955
0.040993
0.047316
0.027914
0.018443
0.010153
0.048413
0.116404
0.028856
0.065244
0.028331
0.045884
0.006484
0.054065
0.119082
0.012210
0.025542
0.037334
0.051813
0.061153
0.015785
0.017399
0.018542
0.031245
0.011917
0.015748
0.024296
0.105813
0.034558
0.057161
0.010813
0.029994
0.019028
0.047225
0.090690
0.012198
0.016669
0.032567
0.044838
0.041006
0.016060
0.025365
0.024178
0.027978
0.013136
0.027920
0.112638
0.021669
0.062755
0.016733
0.041569
0.009559
0.053420
0.117262
0.007379
0.023991
0.039864
0.050735
0.057988
0.012406
0.013632
0.015467
0.031049
0.009055
0.074487
0.023808
0.049212
0.014339
0.018969
0.034163
0.031379
0.060653
0.027376
0.022421
0.034074
0.032282
0.033611
0.033480
0.031294
0.025198
0.024966
0.028672
0.062332
0.045462
0.077620
0.037098
0.097274
0.021969
0.023972
0.122423
0.055836
0.048682
0.022420
0.034368
0.122694
0.097059
0.075742
0.050281
0.089809
0.032076
0.018572
0.015701
0.016663
0.023847
0.067484
0.024879
0.016806
0.016371
0.022955
0.033025
0.027422
0.014100
0.007589
0.020176
0.014599
0.042558
0.023408
0.051845
0.022465
0.052982
0.068040
0.019449
0.012498
0.024372
0.011992
0.079393
0.062314
0.028767
0.021294
0.045820
0.016065
0.017262
0.034611
0.069119
0.013468
0.012733
0.024315
0.032176
0.030490
0.015449
0.021999
0.016584
0.026417
0.009426
0.029850
0.009557
0.026995
0.039222
0.009727
0.009587
0.009173
0.011713
0.040493
0.032565
0.019337
0.015289
0.024354
0.040109
0.096769
0.009267
0.018351
0.026473
0.039112
0.048946
0.011642
0.011671
0.009053
0.026113
0.007084
0.025884
0.057981
0.016429
0.013853
0.004330
0.011847
0.061906
0.045564
0.028404
0.012159
0.040015
0.113193
0.051275
0.045433
0.025172
0.029473
0.113182
0.101155
0.078050
0.052548
0.088107
0.026346
0.040220
0.056386
0.060628
0.004398
0.016172
0.018777
0.038247
0.010899
0.008227
0.015435
0.012139
0.032797
0.028253
0.011414
0.007341
0.013507
0.012127
0.011723
0.045718
0.035610
0.015853
0.013295
0.023570
0.012553
0.057938
0.042156
0.027589
0.014826
0.034747
0.069177
0.060369
0.031214
0.012578
0.038715
0.014314
0.024346
0.047467
0.012851
0.013006
0.035238
0.011730
0.015414
0.008686
0.023675
