0.568059
0.645360
0.730497
0.565570
0.658484
0.583516
0.640629
0.692296
0.572088
0.636871
0.531376
0.701873
0.552847
0.745853
0.508037
0.598794
0.614409
0.697125
0.488202
0.450498
0.595105
0.625217
0.532445
0.654238
0.568628
0.453267
0.551317
0.449208
0.703961
0.543319
0.495641
0.634641
0.661476
0.577348
0.500151
0.551233
0.557970
0.639741
0.366032
0.541939
0.453034
0.599651
0.560812
0.661850
0.678963
0.517110
0.439499
0.610107
0.600811
0.666352
0.777693
0.661310
0.678605
0.568994
0.568005
0.576890
0.576353
0.508236
0.569595
0.764943
0.566400
0.572579
0.417097
0.561403
0.622512
0.264304
0.533041
0.614735
0.489819
0.663736
0.609931
0.527348
0.549542
0.521775
0.676259
0.478528
0.678211
0.653105
0.592061
0.428854
0.689828
0.501216
0.546436
0.660722
0.396159
0.575763
0.527080
0.494893
0.494906
0.538668
0.567687
0.589847
0.549340
0.698050
0.598598
0.542557
0.502572
0.701596
0.712767
0.183594
0.524636
0.662327
0.732694
0.608533
0.562270
0.479968
0.703117
0.703432
0.628744
0.619021
0.596281
0.648412
0.630067
0.715784
0.690829
0.584759
0.723184
0.591229
0.630129
0.660784
0.539877
0.658531
0.552946
0.790929
0.600581
0.669056
0.633722
0.640995
0.610281
0.690813
0.524515
0.631264
0.540084
0.593129
0.635927
0.548609
0.612873
0.687452
0.566308
0.633996
0.718958
0.658412
0.566694
0.612868
0.683591
0.764148
0.614088
0.563029
0.794867
0.599908
0.728644
0.661675
0.747449
0.732121
0.775792
0.687710
0.712523
0.355439
0.761943
0.682831
0.668709
0.756342
0.763884
0.659122
0.708906
0.665100
0.633638
0.633170
0.688226
0.903182
0.663286
0.717785
0.731399
0.184809
0.607403
0.659317
0.703160
0.621534
0.693274
0.612068
0.675844
0.744061
0.730990
0.712804
0.624333
0.737416
0.626953
0.666904
0.605626
0.709417
0.734871
0.653817
0.646658
0.660200
0.579375
0.648293
0.597072
0.660960
0.686120
0.714547
0.647070
0.564486
0.580296
0.704607
0.530995
0.361862
0.682071
0.632905
0.538623
0.703423
0.608632
0.435755
0.549801
0.590273
0.724656
0.556623
0.333993
0.667204
0.547180
0.576547
0.413408
0.601045
0.595877
0.635089
0.411138
0.486840
0.575573
0.558297
0.614557
0.644717
0.712530
0.595431
0.485605
0.635439
0.692705
0.583960
0.676050
0.672113
0.635868
0.532895
0.419213
0.670422
0.674653
0.583967
0.548330
0.601351
0.663096
0.690292
0.681657
0.699192
0.670005
0.668634
0.573004
0.616373
0.639838
0.598728
0.680632
0.557721
0.798575
0.612522
0.632072
0.589879
0.731280
0.545415
0.657949
0.549951
0.569078
0.544274
0.598843
0.620428
0.498179
0.638200
0.612958
0.564224
0.551238
0.721737
0.620696
0.560380
0.567475
0.496508
0.660395
0.602010
0.447156
0.530778
0.648645
0.517902
0.617513
0.526427
0.537512
0.490678
0.658139
0.633910
0.623859
0.590278
0.682276
0.571295
0.685593
0.552407
0.365766
0.522194
0.435357
0.660525
0.568420
0.616821
0.522232
0.563696
0.394359
0.587402
0.589315
0.429818
0.545821
0.450748
0.417561
0.414797
0.583268
0.442413
0.478662
0.546513
0.529626
0.526315
0.436236
0.539785
0.727170
0.621115
0.621104
0.621590
0.685850
0.511626
0.672830
0.588207
0.608991
0.558006
0.668460
0.584924
0.676358
0.638942
0.689097
0.617604
0.656570
0.583413
0.540318
0.595843
0.577640
0.750025
0.659102
0.655166
0.638177
0.563080
0.543050
0.578562
0.698442
0.476138
0.638100
0.515163
0.563915
0.538705
0.639867
0.532848
0.535713
0.704822
0.606161
0.619361
0.508960
0.567368
0.537723
0.571343
0.556247
0.653814
0.713258
0.596044
0.492251
0.528717
0.612843
0.643079
0.654984
0.651523
0.676151
0.681386
0.619146
0.689789
0.696955
0.585909
0.670052
0.528777
0.705335
0.637981
0.583243
0.517590
0.710641
0.522202
0.635427
0.637426
0.481571
0.528014
0.590440
0.485881
0.541883
0.512115
0.618849
0.552563
0.473215
0.846081
0.641056
0.511016
0.532103
0.558743
0.481225
0.516723
0.613131
0.566321
0.551484
0.551731
0.452538
0.665983
0.463599
0.525767
0.618173
0.599990
0.516848
0.522628
0.568469
0.476471
0.584717
0.443290
0.758759
0.677631
0.526372
0.599776
0.526188
0.574522
0.543058
0.642955
0.538610
0.425358
0.510558
0.526913
0.459556
0.472441
0.520746
0.509933
0.548870
0.653500
0.554120
0.516571
0.542060
0.514179
0.544977
0.413061
0.362259
0.471631
0.536520
0.613082
0.604911
0.534046
0.655535
0.440873
0.645190
0.556341
0.534676
0.504176
0.496243
0.664762
0.304484
0.636927
0.630284
0.615322
0.420002
0.623101
0.386196
0.578426
0.689169
0.439787
0.441530
0.495507
0.472113
0.471994
0.528275
0.555043
0.332124
0.492513
0.675740
0.571269
0.484157
0.519190
0.648485
0.617548
0.564784
0.475762
0.465580
0.481787
0.602574
0.557799
0.643645
0.696133
0.591519
0.421336
0.689559
0.543380
0.514227
0.569028
0.497533
0.737357
0.425971
0.516528
0.527057
0.577430
0.502370
0.518605
0.263058
0.458832
0.488107
0.483458
0.523051
0.475693
0.543718
0.553023
0.494019
0.535493
0.649252
0.536629
0.536106
0.543318
0.586893
0.579145
0.710763
0.667522
0.590973
0.780500
0.467043
0.592977
0.574277
0.695019
0.672711
0.616061
0.586187
0.536049
0.639883
0.463908
0.525068
0.684923
0.655095
0.764778
0.680327
0.666777
0.719186
0.685700
0.696372
0.628022
0.667842
0.628988
0.565102
0.635599
0.603600
0.591908
0.738371
0.597413
0.551074
0.595397
0.645087
0.531432
0.578177
0.564022
0.546939
0.673818
0.417610
0.626594
0.405066
0.642934
0.603173
0.491995
0.530178
0.490337
0.558891
0.282773
0.580350
0.661501
0.676438
0.648565
0.663466
0.492035
0.621053
0.677623
0.527619
0.650233
0.585455
0.490759
0.442026
0.622651
0.520079
0.489096
0.668074
0.568445
0.500031
0.463562
0.499658
0.598394
0.568844
0.651147
0.645291
0.521376
0.700762
0.427450
0.625880
0.620061
0.507854
0.581808
0.563489
0.679824
0.393119
0.584003
0.748718
0.662258
0.489956
0.710901
0.535987
0.687111
0.714751
0.556996
0.548992
0.658508
0.589946
0.529641
0.580101
0.603834
0.406246
0.488151
0.736536
0.595676
0.554134
0.484896
0.506693
0.499760
0.572086
0.590884
0.595399
0.593547
0.600552
0.496129
0.671518
0.526177
0.528351
0.607119
0.500774
0.757700
0.584855
0.548410
0.344453
0.593848
0.297382
0.563058
0.591653
0.232392
0.476161
0.478471
0.439725
0.457425
0.552635
0.522824
0.522868
0.429315
0.718615
0.543722
0.410923
0.494073
0.557300
0.615363
0.584346
0.634572
0.610009
0.566382
0.422513
0.668880
0.662727
0.404688
0.558933
0.419385
0.657172
0.541680
0.480252
0.472205
0.614672
0.486645
0.597474
0.519904
0.436178
0.461963
0.468368
0.432185
0.438457
0.523168
0.596091
0.449371
0.538062
0.723347
0.583234
0.467194
0.484758
0.650165
0.513484
0.538750
0.617302
0.668609
0.526779
0.633544
0.499838
0.456275
0.503736
0.534101
0.730821
0.498042
0.542029
0.623166
0.325629
0.516814
0.537827
0.564955
0.484078
0.576625
0.532323
0.528779
0.541284
0.597998
0.539257
0.532143
0.626632
0.498410
0.436929
0.474762
0.642439
0.623955
0.647664
0.441156
0.755827
0.625445
0.501850
0.683029
0.568136
0.685570
0.587615
0.751857
0.699433
0.704210
0.571051
0.707378
0.668229
0.598464
0.696391
0.580593
0.604737
0.673484
0.603342
0.585564
0.605096
0.647513
0.652807
0.600952
0.770128
0.660503
0.616341
0.582937
0.460321
0.404356
0.562072
0.518059
0.348162
0.432921
0.407831
0.509394
0.414667
0.484082
0.605891
0.508083
0.657074
0.605961
0.607865
0.563908
0.570004
0.558719
0.581199
0.485300
0.438012
0.417455
0.533748
0.432523
0.592288
0.648392
0.498353
0.456367
0.551816
0.571856
0.528302
0.631699
0.560686
0.522159
0.547697
0.404922
0.478719
0.505400
0.691730
0.590843
0.450661
0.718259
0.609527
0.608496
0.406443
0.602868
0.608020
0.643885
0.475614
0.543114
0.514409
0.546129
0.530895
0.658489
0.724440
0.479387
0.435335
0.575466
0.648821
0.631180
0.601235
0.331535
0.557454
0.475481
0.575563
0.353305
0.549693
0.700326
0.678307
0.617861
0.698461
0.605160
0.628947
0.701841
0.591034
0.595880
0.651398
0.575242
0.460860
0.510508
0.538117
0.538158
0.664554
0.596696
0.545058
0.552172
0.559739
0.568071
0.697575
0.616731
0.485805
0.655037
0.555015
0.790547
0.660613
0.574427
0.654094
0.678896
0.602400
0.640558
0.618232
0.522499
0.657804
0.557829
0.518621
0.557124
0.539315
0.596710
0.661199
0.713304
0.714651
0.517125
0.611344
0.657656
0.588902
0.601606
0.457049
0.534612
0.474557
0.691886
0.517548
0.547561
0.573371
0.553801
0.485680
0.575452
0.467301
0.481085
0.438249
0.481562
0.431238
0.407789
0.568135
0.582654
0.460978
0.591291
0.681843
0.573026
0.532816
0.584397
0.629426
0.554026
0.599564
0.429384
0.635794
0.756241
0.702518
0.688936
0.683437
0.667429
0.599991
0.744544
0.642854
0.606591
0.665750
0.595829
0.491994
0.589673
0.530209
0.561207
0.658319
0.674024
0.571534
0.628569
0.566804
0.483633
0.600408
0.490650
0.558620
0.597834
0.522815
0.621386
0.583863
0.546703
0.468491
0.657084
0.503232
0.650145
0.533476
0.525265
0.549466
0.598853
0.560757
0.561718
0.685156
0.557197
0.500464
0.561321
0.638012
0.464450
0.391353
0.582912
0.554325
0.381984
0.544306
0.559097
0.450002
0.523278
0.510222
0.446884
0.549355
0.320315
0.328849
0.364053
0.478148
0.466981
0.504160
0.616602
0.442259
0.385051
0.477978
0.550827
0.468864
0.708925
0.503397
0.601178
0.657691
0.538296
0.603731
0.514057
0.575574
0.602287
0.649766
0.548509
0.464910
0.452253
0.570688
0.480287
0.575161
0.704761
0.486304
0.517633
0.448470
0.548798
0.496579
0.593469
0.548478
0.493645
0.611305
0.462065
0.544163
0.586110
0.437120
0.486687
0.460730
0.406840
0.350298
0.439548
0.488286
0.317640
0.501653
0.558914
0.422051
0.340858
0.413983
0.738101
0.729034
0.752627
0.845230
0.714178
0.768542
0.720425
0.647640
0.671810
0.743404
0.665048
0.571408
0.680977
0.613343
0.666286
0.789218
0.637390
0.592401
0.686263
0.657524
0.498377
0.728894
0.668761
0.626903
0.494657
0.278771
0.606616
0.653687
0.513631
0.576184
0.532219
0.599444
0.563540
0.638766
0.702920
0.447403
0.436549
0.628680
0.680406
0.591447
0.667383
0.558812
0.459658
0.575898
0.533249
0.588371
0.345583
0.436119
0.521923
0.542417
0.596112
0.622695
0.638450
0.606806
0.476310
0.603174
0.666569
0.639036
0.354767
0.661319
0.673471
0.324569
0.468620
0.516446
0.463991
0.449237
0.513861
0.609345
0.450328
0.305304
0.814076
0.667754
0.439462
0.430695
0.547932
0.535745
0.664887
0.531280
0.598245
0.540635
0.610791
0.680248
0.648442
0.694784
0.594144
0.651822
0.685206
0.636906
0.547146
0.647515
0.566162
0.575273
0.271292
0.481089
0.411559
0.351421
0.414618
0.538300
0.467884
0.433839
0.451292
0.675442
0.527229
0.342350
0.488968
0.614344
0.515154
0.606176
0.494564
0.531366
0.552725
0.563020
0.517201
0.618423
0.654981
0.550212
0.486766
0.570648
0.600082
0.578160
0.654462
0.558747
0.541245
0.478717
0.525067
0.600917
0.655868
0.678670
0.579147
0.531569
0.611845
0.679237
0.431760
0.469282
0.344744
0.416832
0.524590
0.477010
0.433237
0.448808
0.685134
0.465632
0.340834
0.468985
0.541734
0.500422
0.486723
0.503100
0.568820
0.372772
0.433460
0.746285
0.595861
0.486471
0.434518
0.418266
0.445900
0.484961
0.555274
0.560187
0.555603
0.543941
0.489657
0.502364
0.587715
0.386718
0.506046
0.477357
0.510485
0.556390
0.631830
0.494349
0.370770
0.512728
0.400640
0.345911
0.468582
0.507369
0.527360
0.430766
0.347622
0.442663
0.527568
0.536275
0.584535
0.621845
0.521374
0.440953
0.543156
0.567950
0.648142
0.421318
0.410794
0.447321
0.516141
0.496466
0.692138
0.585319
0.448186
0.486381
0.839046
0.654279
0.531023
0.373742
0.366387
0.588687
0.733596
0.479274
0.594079
0.410913
