0.541500
0.785069
0.548440
0.571174
0.619141
0.778620
0.517718
0.473929
0.586468
0.415207
0.584122
0.792198
0.700343
0.463637
0.553327
0.474777
0.570287
0.547204
0.559107
0.635972
0.654434
0.808570
0.587249
0.508291
0.524807
0.531501
0.626497
0.635799
0.520721
0.550219
0.479839
0.555134
0.504301
0.529372
0.664121
0.485869
0.556166
0.512835
0.484038
0.588889
0.567019
0.703563
0.523530
0.644659
0.416376
0.472554
0.541021
0.533696
0.575291
0.797817
0.592816
0.569104
0.698394
0.789030
0.530680
0.460749
0.516835
0.591438
0.621418
0.802742
0.715546
0.678952
0.589883
0.486602
0.650899
0.606885
0.597893
0.589454
0.741413
0.752387
0.624360
0.580214
0.626541
0.510407
0.640430
0.739945
0.638611
0.555724
0.583629
0.643969
0.443690
0.669943
0.689347
0.565163
0.614141
0.616858
0.446798
0.667417
0.628196
0.636708
0.573202
0.558183
0.652462
0.431048
0.459554
0.657487
0.693418
0.707933
0.603918
0.930098
0.936156
0.714123
0.715381
0.704205
0.731106
0.807566
0.575308
0.823602
0.783689
0.718188
0.744620
0.755847
0.668127
0.826316
0.771972
0.815564
0.769852
0.869899
0.816701
0.720006
0.714765
0.855756
0.774310
0.660357
0.790179
0.805581
0.728230
0.762492
0.787003
0.816705
0.782263
0.611889
0.695644
0.849930
0.782340
0.647895
0.768612
0.766257
0.842796
0.831276
0.813189
0.668760
0.884363
0.831650
0.494208
0.613944
0.816945
0.371074
0.619795
0.516961
0.608979
0.518444
0.714696
0.664732
0.508043
0.562835
0.423417
0.481534
0.466791
0.645123
0.689352
0.766787
0.839406
0.541905
0.495270
0.518653
0.556560
0.553767
0.636008
0.548629
0.453387
0.590270
0.627666
0.484281
0.524322
0.674540
0.640943
0.713240
0.592226
0.544956
0.595906
0.570247
0.593431
0.560707
0.759203
0.590914
0.583547
0.489369
0.597673
0.539510
0.650876
0.770885
0.565150
0.598884
0.449468
0.523040
0.612020
0.573314
0.696109
0.625567
0.586178
0.525728
0.423448
0.454163
0.558776
0.695092
0.716937
0.650570
0.678723
0.545305
0.538399
0.544830
0.617503
0.627961
0.445278
0.604846
0.495567
0.625214
0.565306
0.515740
0.698856
0.516299
0.528878
0.461597
0.650896
0.595348
0.489257
0.591608
0.607417
0.743814
0.662424
0.541044
0.531915
0.665029
0.641437
0.829097
0.585212
0.551935
0.622999
0.618052
0.623288
0.709663
0.673473
0.444575
0.676414
0.560649
0.527024
0.677330
0.630733
0.815319
0.705966
0.856990
0.453746
0.545796
0.688626
0.729398
0.689957
0.689190
0.603962
0.589560
0.693791
0.681464
0.657040
0.564159
0.657002
0.556549
0.740484
0.644140
0.660416
0.648823
0.715748
0.676914
0.678988
0.752279
0.583870
0.677701
0.644978
0.668166
0.676993
0.810257
0.740405
0.831079
0.672003
0.804673
0.740183
0.837485
0.808131
0.766545
0.780704
0.791871
0.816761
0.800970
0.799777
0.869369
0.658434
0.878468
0.766103
0.917828
0.679006
0.833050
0.817814
0.837608
0.784594
0.792584
0.751495
0.813717
0.791916
0.869043
0.821608
0.876074
0.739787
0.583155
0.753989
0.805514
0.796591
0.786002
0.868602
0.822289
0.734915
0.726443
0.803220
0.873834
0.540480
0.534643
0.508924
0.387409
0.716404
0.498447
0.473174
0.599193
0.456126
0.565013
0.546978
0.595698
0.669288
0.693461
0.858297
0.379051
0.506467
0.461726
0.602744
0.500578
0.568992
0.533458
0.412992
0.491862
0.450483
0.329713
0.499468
0.577483
0.599368
0.687596
0.531547
0.579920
0.524148
0.586780
0.523254
0.451904
0.695530
0.655518
0.485188
0.469015
0.620393
0.424701
0.532533
0.580726
0.605733
0.682471
0.636715
0.502703
0.454575
0.456194
0.626319
0.470569
0.601339
0.601223
0.723370
0.801664
0.569079
0.485060
0.551803
0.613858
0.653331
0.653353
0.560259
0.574910
0.537317
0.620975
0.475431
0.586979
0.622674
0.579036
0.622846
0.561411
0.475774
0.553604
0.435207
0.575484
0.550044
0.645276
0.621457
0.482255
0.409011
0.617238
0.636531
0.604801
0.620437
0.691640
0.643242
0.658971
0.515659
0.436596
0.625460
0.372228
0.607604
0.708916
0.770732
0.788408
0.637313
0.626402
0.560351
0.577047
0.713802
0.750462
0.572624
0.562938
0.623387
0.627575
0.457751
0.544112
0.626628
0.517849
0.574148
0.558382
0.617343
0.638192
0.583946
0.549639
0.606922
0.527004
0.753278
0.537270
0.417537
0.695548
0.621798
0.534254
0.659638
0.689345
0.551345
0.695455
0.617953
0.554002
0.565954
0.616377
0.742846
0.752000
0.684369
0.645311
0.651631
0.568893
0.562071
0.735250
0.622171
0.528482
0.477845
0.560960
0.452692
0.537636
0.446099
0.714114
0.552653
0.660148
0.590088
0.593722
0.553556
0.648818
0.750894
0.568456
0.795320
0.491250
0.568252
0.616048
0.629435
0.655687
0.734050
0.495368
0.498216
0.690227
0.583229
0.541014
0.599510
0.618456
0.658188
0.702900
0.902242
0.460985
0.601740
0.564100
0.667880
0.509218
0.683897
0.570897
0.320148
0.584770
0.565440
0.504111
0.477509
0.551796
0.672539
0.750352
0.712363
0.645238
0.526001
0.710406
0.721620
0.558581
0.796965
0.605631
0.546729
0.592007
0.569231
0.563240
0.845943
0.737663
0.793535
0.693178
0.553652
0.605260
0.723180
0.793531
0.833897
0.797546
0.808350
0.695163
0.766302
0.740956
0.736545
0.851819
0.762709
0.702723
0.694845
0.648046
0.824580
0.709290
0.829777
0.698405
0.799292
0.690317
0.787913
0.624593
0.706676
0.676426
0.675050
0.938082
0.883322
0.736410
0.658114
0.866553
0.813620
0.622040
0.640189
0.662448
0.658339
0.749499
0.678021
0.726570
0.785010
0.802037
0.547038
0.663782
0.680696
0.739953
0.627990
0.631952
0.612317
0.534673
0.737805
0.641447
0.563904
0.565755
0.601709
0.721575
0.798674
0.702542
0.711800
0.666462
0.722464
0.729408
0.564320
0.729157
0.768511
0.668857
0.617310
0.708714
0.573703
0.607603
0.555950
0.489533
0.571126
0.613875
0.716602
0.698981
0.831860
0.387796
0.506348
0.507586
0.674923
0.580484
0.543127
0.343924
0.461971
0.614416
0.566012
0.492763
0.470502
0.570351
0.619040
0.676222
0.592825
0.573285
0.576775
0.600432
0.649301
0.553614
0.823704
0.467211
0.586257
0.514556
0.602661
0.526597
0.418101
0.519510
0.506978
0.609462
0.612403
0.622736
0.774152
0.705780
0.394022
0.621062
0.475624
0.610094
0.643162
0.657119
0.624766
0.609422
0.687247
0.557421
0.591720
0.612737
0.617053
0.659466
0.488713
0.572914
0.659250
0.520911
0.572027
0.579488
0.604132
0.610625
0.489188
0.425428
0.553280
0.646306
0.513654
0.457598
0.547655
0.596681
0.694854
0.757570
0.592290
0.404728
0.480866
0.496001
0.559715
0.659288
0.568267
0.483160
0.544250
0.645671
0.416272
0.515542
0.621142
0.482587
0.606228
0.435850
0.513771
0.604150
0.500191
0.459597
0.523731
0.471630
0.655965
0.478834
0.334735
0.555778
0.570213
0.564787
0.562812
0.672216
0.683918
0.722282
0.626061
0.379149
0.602133
0.522938
0.516350
0.586062
0.490635
0.502198
0.425872
0.610819
0.672219
0.383797
0.630659
0.520367
0.705974
0.560414
0.621534
0.592650
0.505517
0.602235
0.581000
0.837868
0.673998
0.521558
0.566998
0.476517
0.597052
0.591561
0.696413
0.752659
0.842964
0.598747
0.590261
0.569049
0.572760
0.685349
0.665473
0.545802
0.579011
0.612661
0.636094
0.519333
0.536473
0.708823
0.613095
0.620455
0.590534
0.588287
0.627775
0.464134
0.607211
0.559417
0.710701
0.691063
0.587506
0.480626
0.687395
0.614315
0.569426
0.682945
0.861388
0.692892
0.567682
0.660639
0.595448
0.627896
0.649615
0.607206
0.632961
0.604616
0.612207
0.636203
0.562685
0.634634
0.527777
0.632479
0.553185
0.645225
0.627070
0.651745
0.571517
0.269141
0.670660
0.697278
0.490425
0.535428
0.567985
0.644068
0.755693
0.842582
0.797588
0.679527
0.718178
0.667267
0.697898
0.771446
0.713910
0.703438
0.669364
0.682961
0.606512
0.743300
0.726341
0.648593
0.711388
0.705602
0.688874
0.739988
0.651705
0.594956
0.564602
0.511565
0.804956
0.549180
0.550834
0.681768
0.742320
0.745879
0.711335
0.601985
0.690928
0.711994
0.814652
0.742393
0.664719
0.732533
0.740255
0.740244
0.741114
0.791517
0.799144
0.716785
0.687044
0.674858
0.762462
0.828574
0.712519
0.825094
0.678110
0.827678
0.748529
0.718347
0.769713
0.741444
0.745999
0.916412
0.792124
0.841145
0.669739
0.837241
0.854295
0.762533
0.843617
0.765880
0.862065
0.750667
0.826037
0.952759
0.717051
0.783406
0.717815
0.734050
0.884182
0.787248
0.807949
0.866982
0.878934
0.890635
0.811632
0.789307
0.852869
0.793109
0.581860
0.429248
0.718379
0.567647
0.547052
0.536929
0.545446
0.687690
0.607695
0.451898
0.512577
0.582650
0.723323
0.752769
0.663902
0.637076
0.664144
0.730995
0.681518
0.525885
0.758660
0.667495
0.653044
0.616980
0.653425
0.526574
0.585410
0.550148
0.497159
0.667233
0.561141
0.559609
0.446301
0.598487
0.575927
0.533226
0.589642
0.605976
0.632170
0.446361
0.470798
0.573220
0.469307
0.471069
0.508420
0.702295
0.596432
0.453681
0.438627
0.439103
0.553905
0.590921
0.697124
0.579228
0.492468
0.561557
0.608680
0.622110
0.443631
0.553275
0.674614
0.577395
0.630477
0.533436
0.682907
0.660305
0.583734
0.609083
0.567810
0.696177
0.646543
0.625987
0.548220
0.738351
0.565384
0.649673
0.690299
0.601755
0.623282
0.557993
0.675105
0.635325
0.519791
0.697035
0.573323
0.588258
0.492352
0.454983
0.684211
0.585311
0.615119
0.655262
0.696410
0.682556
0.592555
0.624573
0.582156
0.625819
0.698861
0.614499
0.580213
0.562572
0.521925
0.590686
0.525182
0.644498
0.714601
0.747873
0.610774
0.609052
0.628617
0.726739
0.676485
0.562698
0.819895
0.694265
0.408528
0.562157
0.583889
0.632167
0.621576
0.661238
0.663999
0.653256
0.682159
0.509740
0.656817
0.709614
0.741077
0.565726
0.667444
0.784629
0.613100
0.771494
0.554518
0.853226
0.575010
0.679605
0.678966
0.724700
0.610067
0.463533
0.602900
0.582372
0.498694
0.434676
0.645696
0.546341
0.579216
0.531436
0.624115
0.610016
0.480554
0.670439
0.618409
0.754632
0.639646
0.632547
0.538292
0.649499
0.562668
0.606562
0.537695
0.482585
0.456053
0.542467
0.631728
0.737814
0.647787
0.569160
0.603391
0.632395
0.656969
0.582010
0.836869
0.658592
0.554227
0.532034
0.573356
0.594400
0.526260
0.618837
0.586239
0.720461
0.578457
0.566133
0.519234
0.499803
0.563409
0.524882
0.619440
0.604268
0.757404
0.622722
0.444819
0.543268
0.541044
0.561025
0.573453
0.549757
0.656121
0.672450
0.687037
0.667217
0.611767
0.602475
0.684541
0.710564
0.460418
0.764479
0.627581
0.432361
0.525231
0.664609
0.697841
0.592064
0.646070
0.529636
0.621854
0.590001
0.599513
0.566068
0.559481
0.565241
0.551783
0.574017
0.664621
0.481973
0.420567
0.639585
0.490896
0.531890
0.607227
0.672877
0.497938
0.597723
0.599244
0.602136
0.639849
0.548170
0.777652
0.594699
0.587135
0.586929
0.519839
0.560243
0.759269
0.699694
0.623935
0.657090
0.703937
0.780442
0.646121
0.572006
0.743928
0.745332
0.641712
0.577025
0.413056
0.692899
0.644797
0.561433
0.657390
0.657526
0.587223
0.629510
0.580942
0.619901
0.672534
0.516843
0.571256
0.684517
0.673744
0.468710
0.594930
0.740453
0.602267
0.692999
0.663006
0.676645
0.652371
0.614224
0.604879
0.680866
0.677798
0.559088
0.616585
0.559024
0.482923
0.537481
0.668438
0.663791
0.531771
0.491005
0.627822
0.617748
0.620963
0.557392
0.675221
0.564616
0.701012
0.622093
0.526408
0.559815
0.634120
0.580861
0.524438
0.627123
0.605350
0.728907
0.704986
0.576206
0.522651
0.655683
0.680883
0.601291
0.640250
0.702104
0.703150
0.586856
0.514924
0.685165
0.577368
0.614286
0.604854
0.877327
0.576735
0.441060
0.722105
0.662327
0.677815
0.665594
0.444645
0.446637
0.596793
0.620584
0.791917
0.615765
0.550201
0.704432
0.800431
0.581933
0.648501
0.606413
0.703258
0.369215
0.531366
0.668873
0.598422
0.664786
0.632744
