0.648692
0.690126
0.588746
0.631426
0.567265
0.603899
0.634017
0.740523
0.675820
0.640409
0.540907
0.557298
0.721948
0.701847
0.566978
0.536190
0.620453
0.797582
0.593775
0.606763
0.613659
0.754075
0.731054
0.659132
0.716029
0.597891
0.659685
0.520884
0.543773
0.695502
0.576194
0.475618
0.742256
0.690460
0.640589
0.582525
0.687039
0.637439
0.858171
0.821784
0.724310
0.798199
0.614130
0.629816
0.755777
0.671718
0.617574
0.704850
0.660529
0.518311
0.656918
0.633949
0.594481
0.493036
0.773869
0.585211
0.741321
0.611068
0.432641
0.657085
0.702102
0.697611
0.742456
0.690829
0.626207
0.688688
0.554646
0.484376
0.690943
0.651053
0.582854
0.557595
0.595036
0.700157
0.582506
0.525720
0.509192
0.559105
0.571520
0.475327
0.759503
0.658969
0.557962
0.467409
0.635819
0.626125
0.854109
0.611569
0.692501
0.767725
0.746347
0.627142
0.636533
0.614434
0.638622
0.661186
0.513036
0.660011
0.621017
0.520145
0.380743
0.713373
0.691476
0.676588
0.547278
0.595039
0.495047
0.656243
0.671782
0.795526
0.664322
0.660935
0.713940
0.653143
0.505244
0.562308
0.684472
0.631856
0.642456
0.586765
0.641496
0.721020
0.489364
0.566161
0.640556
0.550243
0.530065
0.686722
0.601972
0.636573
0.488720
0.659797
0.593837
0.767222
0.681958
0.731830
0.779788
0.714887
0.512690
0.668081
0.591172
0.567730
0.615003
0.614711
0.706189
0.491556
0.633290
0.720303
0.739706
0.524272
0.610330
0.554311
0.579025
0.739480
0.697255
0.708391
0.502531
0.602928
0.910209
0.645233
0.619112
0.438198
0.706076
0.662329
0.657842
0.771026
0.593098
0.631590
0.570593
0.514428
0.737060
0.548173
0.377198
0.767328
0.821036
0.644114
0.585784
0.776137
0.704048
0.814504
0.751066
0.498692
0.730393
0.638598
0.582210
0.736909
0.610265
0.546313
0.508528
0.712315
0.682185
0.603503
0.606841
0.657629
0.633854
0.524923
0.656956
0.678034
0.550224
0.821681
0.531177
0.578554
0.584480
0.616380
0.573435
0.579075
0.664787
0.733747
0.727475
0.624900
0.854592
0.691248
0.576839
0.606262
0.562488
0.586266
0.651417
0.635318
0.619066
0.790150
0.486316
0.545600
0.606798
0.680398
0.812655
0.716836
0.731953
0.733374
0.760989
0.556232
0.783435
0.649557
0.658911
0.618036
0.553619
0.473479
0.710768
0.716241
0.634606
0.574084
0.556364
0.414586
0.690226
0.606168
0.676943
0.654901
0.607648
0.753296
0.730597
0.533358
0.440799
0.722150
0.552126
0.626893
0.598406
0.562236
0.536412
0.566625
0.604670
0.626079
0.666908
0.386905
0.777760
0.670457
0.656357
0.572794
0.728609
0.659526
0.826034
0.804186
0.632603
0.755658
0.554820
0.630097
0.456376
0.679341
0.618958
0.659458
0.658641
0.701107
0.543978
0.636084
0.500495
0.503042
0.520959
0.646345
0.614334
0.714850
0.619290
0.500693
0.700708
0.583603
0.317163
0.497527
0.621424
0.520591
0.543886
0.553933
0.548378
0.600279
0.395821
0.517638
0.603332
0.501862
0.449834
0.709543
0.548773
0.482292
0.421579
0.600637
0.580851
0.721316
0.692078
0.680045
0.768351
0.656217
0.471810
0.524317
0.512541
0.599181
0.560122
0.545456
0.840826
0.687572
0.670219
0.639651
0.590266
0.749395
0.782091
0.636614
0.622950
0.718935
0.833512
0.714360
0.789398
0.650421
0.821924
0.792294
0.720153
0.828484
0.568987
0.701601
0.778001
0.542070
0.718648
0.600602
0.587494
0.776460
0.841102
0.665120
0.661242
0.833791
0.683807
0.858740
0.847470
0.764306
0.635782
0.586774
0.789704
0.730597
0.769725
0.557388
0.772127
0.724508
0.706533
0.675655
0.674079
0.712493
0.793632
0.710500
0.738467
0.719960
0.585928
0.707241
0.570927
0.490546
0.709911
0.661715
0.625463
0.505426
0.771308
0.758466
0.576839
0.575408
0.721942
0.600363
0.681846
0.693012
0.722473
0.717922
0.575418
0.605023
0.648059
0.738688
0.836444
0.715926
0.627826
0.755522
0.759251
0.690215
0.719181
0.634621
0.784301
0.719402
0.605108
0.663437
0.587394
0.654892
0.672648
0.532702
0.753764
0.566860
0.686020
0.854051
0.730705
0.655086
0.567068
0.689525
0.564917
0.686696
0.790080
0.654085
0.651450
0.581000
0.407564
0.775341
0.620536
0.528887
0.744887
0.824557
0.642467
0.575089
0.771821
0.688191
0.822514
0.775569
0.751102
0.750101
0.633824
0.597654
0.763080
0.657344
0.638020
0.459955
0.673202
0.559248
0.559986
0.620250
0.723154
0.663486
0.520489
0.557813
0.689055
0.597038
0.557382
0.610744
0.721830
0.660963
0.596654
0.763862
0.656786
0.555443
0.582867
0.577457
0.617013
0.538024
0.554033
0.600044
0.727710
0.516669
0.558643
0.665136
0.659527
0.680979
0.560949
0.691704
0.789495
0.777732
0.596362
0.732103
0.609457
0.636317
0.607292
0.615518
0.579599
0.604584
0.484762
0.721256
0.604906
0.620571
0.699641
0.528562
0.561854
0.574229
0.653027
0.599210
0.577483
0.622110
0.583421
0.557219
0.534400
0.370384
0.589814
0.412435
0.371136
0.808108
0.648313
0.603217
0.472131
0.621356
0.312058
0.822320
0.617000
0.564154
0.724856
0.586365
0.505852
0.660526
0.662546
0.360186
0.553077
0.607811
0.745576
0.570848
0.710467
0.645147
0.669749
0.781961
0.638815
0.600035
0.528942
0.717481
0.557839
0.637770
0.608706
0.495083
0.583400
0.553242
0.548434
0.598319
0.609253
0.441712
0.721946
0.623755
0.633067
0.561768
0.763292
0.614194
0.762696
0.694136
0.729201
0.732206
0.563102
0.654643
0.542427
0.610726
0.597001
0.714861
0.602020
0.794513
0.739715
0.659872
0.710924
0.418089
0.719279
0.682920
0.702465
0.709064
0.689525
0.775406
0.799866
0.748662
0.711016
0.623114
0.661775
0.756045
0.621346
0.648973
0.567395
0.773970
0.728866
0.668855
0.661509
0.632623
0.858184
0.829005
0.753383
0.791867
0.733320
0.485010
0.814798
0.738161
0.718166
0.686852
0.772451
0.871404
0.721293
0.728017
0.763357
0.754614
0.671906
0.627975
0.607884
0.544148
0.717436
0.628050
0.462790
0.639375
0.576538
0.586739
0.666462
0.598159
0.549926
0.821421
0.647695
0.728487
0.578702
0.781299
0.551905
0.868139
0.691613
0.794870
0.797409
0.522112
0.696247
0.611313
0.678240
0.609272
0.624886
0.638735
0.511558
0.640714
0.791314
0.712199
0.654845
0.729348
0.821530
0.734920
0.672746
0.887427
0.670576
0.468801
0.714968
0.571794
0.623393
0.721715
0.695736
0.785635
0.725410
0.659865
0.667342
0.813362
0.758423
0.839889
0.840040
0.722287
0.812813
0.760285
0.811083
0.771460
0.673501
0.706103
0.784130
0.657370
0.550886
0.874633
0.621145
0.604684
0.520919
0.677379
0.658428
0.662589
0.739522
0.473518
0.518996
0.531367
0.477187
0.633843
0.476479
0.515342
0.636523
0.721169
0.567923
0.612593
0.785963
0.671697
0.811801
0.744469
0.658607
0.732509
0.632844
0.605776
0.719900
0.605602
0.620943
0.472385
0.573536
0.782568
0.595031
0.500097
0.524389
0.684157
0.537127
0.585809
0.682991
0.651272
0.615259
0.548249
0.627888
0.604943
0.526704
0.521942
0.687194
0.706359
0.555344
0.444981
0.571085
0.700352
0.704768
0.725091
0.697925
0.820149
0.682838
0.614623
0.640612
0.610982
0.758783
0.590847
0.615234
0.697087
0.822113
0.875356
0.700696
0.766417
0.747172
0.843734
0.828322
0.736750
0.761890
0.846980
0.699712
0.759566
0.829004
0.707285
0.754261
0.828364
0.717046
0.630875
0.748174
0.916759
0.828553
0.853906
0.842910
0.872893
0.769587
0.816899
0.739087
0.811918
0.898632
0.788373
0.552318
0.712346
0.704874
0.708722
0.480058
0.742009
0.654608
0.674385
0.585097
0.566426
0.608365
0.577629
0.636174
0.692637
0.718130
0.561937
0.447342
0.592529
0.616196
0.718620
0.620664
0.540110
0.779924
0.738332
0.684027
0.684060
0.523538
0.662407
0.689365
0.588451
0.547149
0.616345
0.514438
0.470692
0.640262
0.634910
0.550685
0.439425
0.507102
0.630548
0.561045
0.491562
0.720307
0.613030
0.379615
0.465236
0.629072
0.607948
0.759374
0.561311
0.724952
0.791429
0.721368
0.464168
0.541764
0.587207
0.693493
0.574598
0.555996
0.643000
0.611107
0.669615
0.680104
0.444865
0.562174
0.498760
0.500613
0.676516
0.527774
0.213769
0.757347
0.715098
0.652499
0.598566
0.782369
0.669368
0.742087
0.786404
0.680939
0.743618
0.483479
0.461998
0.578873
0.586146
0.589936
0.469252
0.735208
0.628344
0.700860
0.740686
0.677863
0.637066
0.551100
0.621478
0.671202
0.606519
0.612643
0.680053
0.702485
0.658842
0.599368
0.683309
0.760271
0.798404
0.659301
0.850941
0.779749
0.769985
0.608668
0.731629
0.639028
0.776104
0.686774
0.647220
0.670774
0.604625
0.583215
0.529429
0.479193
0.591050
0.590531
0.582861
0.570566
0.772351
0.460184
0.612653
0.501901
0.706241
0.634428
0.801909
0.682485
0.725023
0.782400
0.641231
0.604223
0.497492
0.670502
0.683884
0.607417
0.530906
0.686200
0.713299
0.605993
0.651378
0.624745
0.616172
0.614693
0.611031
0.677156
0.742846
0.552682
0.488215
0.641535
0.627034
0.733418
0.582957
0.624150
0.774758
0.697226
0.722663
0.697703
0.580506
0.677562
0.689058
0.588175
0.633719
0.760651
0.583346
0.708193
0.783532
0.650293
0.661108
0.806913
0.660287
0.788186
0.661372
0.714435
0.606203
0.792513
0.802081
0.853137
0.794675
0.669924
0.692558
0.545769
0.778554
0.662132
0.735560
0.691124
0.575636
0.567780
0.585528
0.671427
0.528451
0.440886
0.797945
0.678819
0.631983
0.646301
0.792936
0.633004
0.833431
0.851572
0.704571
0.708804
0.381969
0.664187
0.572178
0.612943
0.605566
0.616271
0.678560
0.598160
0.523558
0.523347
0.674331
0.492430
0.761613
0.693298
0.547500
0.611209
0.782364
0.660946
0.837903
0.732404
0.678885
0.691455
0.668263
0.706400
0.591415
0.571547
0.695329
0.671971
0.584767
0.479300
0.612358
0.494221
0.445141
0.711224
0.517419
0.604427
0.464376
0.640058
0.614358
0.723851
0.659590
0.738927
0.782688
0.575001
0.382332
0.601284
0.483220
0.643584
0.513601
0.562180
0.613109
0.488875
0.367451
0.742511
0.631281
0.570969
0.375820
0.659167
0.541684
0.798768
0.604985
0.704588
0.667021
0.595909
0.499887
0.657727
0.523508
0.477499
0.491494
0.564129
0.642030
0.561124
0.602046
0.596707
0.565736
0.520483
0.607423
0.657097
0.808201
0.636556
0.625981
0.754882
0.743532
0.697210
0.629600
0.568804
0.702983
0.754570
0.318473
0.453698
0.731567
0.611137
0.578063
0.492302
0.673566
0.469545
0.729040
0.624090
0.710487
0.674043
0.599476
0.473519
0.679781
0.584708
0.506265
0.432863
0.613683
0.722511
0.655542
0.576164
0.456377
0.698531
0.561544
0.759904
0.652813
0.622045
0.721582
0.475436
0.441096
0.554135
0.546705
0.492481
0.486984
0.599670
0.819706
0.695218
0.647311
0.726328
0.831594
0.774190
0.757176
0.753853
0.779196
0.828475
0.731078
0.810396
0.530495
0.840902
0.729434
0.634463
0.780063
0.542441
0.701670
0.677859
0.791134
0.633407
0.868926
0.814485
0.760904
0.653581
0.680718
0.671942
0.740615
0.713048
0.582649
0.494619
0.706008
0.679168
0.755387
0.651319
0.667533
0.593400
0.755197
0.622844
0.653448
0.632650
0.722305
0.661011
0.539726
0.500267
0.570773
0.695304
0.536065
0.693002
0.799962
0.678199
0.545177
0.598645
0.475046
0.577686
0.538498
0.482492
0.675678
0.851973
0.688271
0.718462
0.837218
0.803917
0.574439
0.823407
0.677734
0.693246
0.727211
0.686328
0.826444
0.702102
0.712211
0.791251
0.648675
0.569579
0.732481
0.734503
0.423460
0.633562
0.714543
0.709239
0.843222
0.862071
0.889281
0.760913
0.843859
0.676397
0.873010
0.821026
0.755778
0.806669
0.814887
0.896373
0.715578
0.750513
0.685624
0.696573
0.748956
0.622425
0.806938
0.718268
0.731556
0.761604
0.732695
0.625437
0.719764
0.689485
0.724056
0.804942
0.817467
0.818195
0.772028
0.781877
0.736654
0.681571
0.650894
0.732277
0.605313
0.666234
0.755147
0.750875
0.630302
0.587666
0.452507
0.695448
0.695603
0.723277
0.753814
0.668455
0.706097
0.601732
0.592811
0.604939
0.690617
0.672018
