0.498438
0.572145
0.692660
0.575680
0.556591
0.329646
0.536433
0.466985
0.510012
0.701145
0.669670
0.529299
0.614528
0.408283
0.514393
0.500754
0.380771
0.549971
0.357695
0.603267
0.401705
0.633215
0.449661
0.511182
0.460650
0.513869
0.516326
0.313086
0.462955
0.331699
0.367900
0.526814
0.519215
0.429117
0.613586
0.541794
0.504203
0.624602
0.527861
0.491526
0.414984
0.467759
0.471589
0.555205
0.665820
0.511664
0.445924
0.319911
0.508892
0.811311
0.833716
0.587380
0.807405
0.633559
0.697622
0.641426
0.619142
0.664577
0.782320
0.703835
0.551189
0.693266
0.604404
0.733157
0.613978
0.816167
0.513850
0.708229
0.614116
0.698694
0.588481
0.605063
0.621606
0.675566
0.737282
0.542124
0.661054
0.614171
0.411233
0.582771
0.598632
0.582358
0.729159
0.642605
0.636832
0.689616
0.651636
0.666679
0.641052
0.645644
0.622416
0.667599
0.729836
0.709893
0.664904
0.664225
0.702946
0.776658
0.824852
0.705241
0.535203
0.681119
0.621646
0.766540
0.830555
0.812921
0.692995
0.708924
0.603026
0.723585
0.391172
0.400183
0.762085
0.596732
0.675961
0.643277
0.750521
0.751622
0.699960
0.669450
0.731288
0.667929
0.598996
0.726470
0.518701
0.688145
0.683300
0.497398
0.714388
0.664548
0.688169
0.671468
0.792719
0.736323
0.699826
0.619099
0.704117
0.772186
0.729091
0.740497
0.762819
0.651515
0.578186
0.653287
0.808958
0.838719
0.770979
0.760747
0.721584
0.843359
0.764569
0.784793
0.748881
0.859534
0.725932
0.645440
0.797198
0.707846
0.879086
0.767168
0.734222
0.536621
0.857371
0.799094
0.719440
0.819577
0.873504
0.735796
0.660658
0.769614
0.741657
0.775787
0.816257
0.665547
0.764769
0.737195
0.567301
0.838684
0.703372
0.391747
0.786825
0.694655
0.739827
0.793991
0.758577
0.738913
0.834802
0.852669
0.711435
0.689653
0.842043
0.630092
0.730053
0.606473
0.638326
0.771549
0.749498
0.687698
0.748512
0.680004
0.694010
0.695891
0.646809
0.807858
0.489797
0.765559
0.626552
0.659963
0.570744
0.741608
0.619101
0.649412
0.815975
0.561019
0.733021
0.679136
0.581035
0.749304
0.765444
0.560876
0.760342
0.755597
0.675072
0.805682
0.707876
0.731923
0.652758
0.691694
0.578807
0.682858
0.874494
0.726750
0.673738
0.655324
0.769362
0.598962
0.682858
0.644562
0.637268
0.821673
0.744897
0.723274
0.765814
0.542999
0.721058
0.760991
0.691325
0.759543
0.660871
0.846943
0.727898
0.678225
0.778523
0.689826
0.588666
0.749221
0.785654
0.620002
0.612891
0.593000
0.721550
0.711984
0.651601
0.622441
0.780671
0.775179
0.673025
0.790986
0.790486
0.554506
0.751445
0.682775
0.722526
0.668590
0.699452
0.728637
0.575546
0.631190
0.744061
0.627765
0.496199
0.534385
0.743211
0.700957
0.637855
0.582326
0.421207
0.647128
0.460291
0.511264
0.630708
0.385373
0.733232
0.527189
0.559104
0.425771
0.574705
0.453371
0.544254
0.637605
0.404284
0.528865
0.358904
0.531566
0.558105
0.471034
0.436438
0.612166
0.635661
0.491986
0.677191
0.672186
0.443419
0.479735
0.581467
0.558953
0.594767
0.680402
0.581790
0.465340
0.447811
0.512875
0.682182
0.711908
0.903862
0.818385
0.593284
0.781804
0.568931
0.507997
0.654891
0.462964
0.813350
0.641112
0.577765
0.660227
0.694446
0.688922
0.635066
0.465552
0.635357
0.561654
0.636740
0.600337
0.563588
0.491481
0.549029
0.627760
0.664756
0.717303
0.729569
0.638314
0.696606
0.707564
0.622194
0.652771
0.608938
0.725797
0.352199
0.688805
0.708926
0.610409
0.579321
0.720001
0.516440
0.619351
0.773502
0.495820
0.670123
0.579337
0.544606
0.556687
0.548290
0.742558
0.427161
0.549590
0.528810
0.498132
0.636939
0.561911
0.615241
0.665496
0.676357
0.399359
0.569354
0.597156
0.612880
0.657520
0.541512
0.489765
0.473232
0.276342
0.634435
0.595020
0.591138
0.528210
0.471994
0.592675
0.643325
0.631909
0.598110
0.600125
0.530652
0.448905
0.618702
0.591079
0.795041
0.652575
0.669633
0.570458
0.543828
0.630315
0.657055
0.669431
0.491656
0.623751
0.608137
0.547118
0.554762
0.601302
0.550445
0.667528
0.712199
0.506053
0.651904
0.527430
0.622622
0.618436
0.559194
0.522551
0.593583
0.628604
0.684404
0.576504
0.709997
0.500651
0.612872
0.641701
0.627326
0.701820
0.635711
0.689266
0.491259
0.545445
0.556693
0.518275
0.765498
0.798818
0.752920
0.677008
0.791591
0.816691
0.798209
0.706842
0.652053
0.686240
0.786842
0.759197
0.656288
0.717578
0.822535
0.826608
0.630872
0.576478
0.776123
0.806596
0.785825
0.705647
0.675723
0.668309
0.593583
0.695683
0.709575
0.695961
0.783578
0.621174
0.806941
0.801833
0.845997
0.421680
0.574197
0.719128
0.625283
0.692032
0.801144
0.851640
0.685806
0.766721
0.822922
0.805117
0.774440
0.665447
0.788530
0.583010
0.691942
0.687104
0.704763
0.684658
0.709097
0.892521
0.740304
0.594133
0.614324
0.859156
0.689267
0.698980
0.750021
0.724541
0.724659
0.750227
0.867904
0.730623
0.720689
0.670159
0.687031
0.672050
0.768792
0.551371
0.626111
0.691588
0.604195
0.651071
0.676448
0.624370
0.550589
0.637138
0.526764
0.819728
0.572070
0.508017
0.665346
0.575257
0.754478
0.522935
0.584197
0.622271
0.606438
0.549554
0.677872
0.595955
0.550550
0.624463
0.593413
0.654496
0.565100
0.584342
0.668559
0.663563
0.706460
0.664939
0.581651
0.597678
0.705322
0.645887
0.650727
0.757114
0.582750
0.511905
0.730504
0.654140
0.641888
0.776299
0.692057
0.816471
0.413768
0.746683
0.705543
0.589984
0.671274
0.622403
0.588446
0.598803
0.737065
0.607839
0.709899
0.603901
0.589138
0.545747
0.616719
0.568823
0.686019
0.776866
0.676926
0.735559
0.765297
0.558198
0.629005
0.663149
0.721383
0.689850
0.751981
0.791696
0.587654
0.652107
0.760755
0.650738
0.552215
0.552010
0.656590
0.471937
0.622424
0.516502
0.617260
0.523654
0.635686
0.547758
0.573005
0.575747
0.447987
0.589506
0.446282
0.598860
0.489418
0.591548
0.482046
0.625464
0.612092
0.565513
0.615010
0.610433
0.558059
0.530172
0.625047
0.581096
0.718251
0.772712
0.654813
0.515303
0.407919
0.498403
0.664607
0.478956
0.805465
0.516027
0.561083
0.466433
0.606465
0.603720
0.575662
0.595662
0.631454
0.659851
0.551715
0.628679
0.612457
0.543619
0.620136
0.540232
0.643849
0.655258
0.551664
0.738845
0.637779
0.626869
0.577973
0.564169
0.626534
0.728689
0.506314
0.561976
0.694789
0.644101
0.571294
0.706347
0.351031
0.588704
0.612861
0.636354
0.576313
0.735162
0.582564
0.640733
0.639506
0.709920
0.628085
0.530780
0.672869
0.521186
0.643886
0.666035
0.542937
0.680673
0.672205
0.659978
0.558568
0.698407
0.735808
0.540389
0.668170
0.717219
0.690433
0.726496
0.790318
0.665724
0.595993
0.543053
0.490765
0.746689
0.507571
0.642231
0.518299
0.683452
0.621202
0.576012
0.542084
0.626941
0.568457
0.525423
0.544234
0.496377
0.363977
0.593009
0.463878
0.659920
0.781481
0.635633
0.536611
0.679942
0.633995
0.640091
0.645378
0.542295
0.725370
0.534849
0.707040
0.649454
0.595820
0.605406
0.677196
0.718957
0.814594
0.713396
0.801405
0.682267
0.759573
0.768479
0.746923
0.641915
0.653830
0.746036
0.658085
0.765395
0.752117
0.723536
0.735858
0.742662
0.790763
0.675009
0.802771
0.718393
0.692337
0.729021
0.791381
0.724060
0.872560
0.854772
0.768010
0.723158
0.586522
0.562718
0.599137
0.468973
0.413807
0.461808
0.566270
0.448033
0.457658
0.626484
0.397080
0.477741
0.388133
0.452119
0.530652
0.506599
0.388909
0.588968
0.586751
0.557196
0.663338
0.589109
0.479642
0.381146
0.506296
0.545267
0.577649
0.645414
0.550534
0.422769
0.474829
0.583846
0.646215
0.636369
0.744345
0.645937
0.646596
0.738419
0.620631
0.602771
0.680363
0.645440
0.703865
0.687800
0.650718
0.654558
0.500797
0.553311
0.775163
0.628951
0.719353
0.658534
0.615983
0.641111
0.729510
0.708604
0.617570
0.643046
0.699834
0.504690
0.675234
0.639583
0.509293
0.636780
0.652669
0.630117
0.602150
0.426765
0.647279
0.512884
0.594216
0.560798
0.545186
0.543116
0.653242
0.502857
0.648558
0.663516
0.451032
0.616294
0.512132
0.600534
0.549187
0.699179
0.731257
0.684227
0.632459
0.470936
0.558736
0.639441
0.615304
0.577571
0.571998
0.770905
0.602449
0.629719
0.558981
0.687311
0.613993
0.620516
0.518574
0.626556
0.706562
0.724850
0.775800
0.753845
0.482984
0.593894
0.590516
0.661879
0.632412
0.619046
0.728056
0.495631
0.554183
0.733630
0.690972
0.520234
0.502462
0.696693
0.542394
0.618959
0.400204
0.549426
0.597816
0.579650
0.426553
0.691290
0.716738
0.631340
0.652741
0.659968
0.526376
0.638895
0.659708
0.484760
0.664429
0.738586
0.618105
0.532806
0.530964
0.539503
0.626096
0.688631
0.662307
0.577322
0.628306
0.500146
0.610128
0.635972
0.583442
0.631936
0.642840
0.573797
0.471294
0.640796
0.703658
0.611429
0.649459
0.568426
0.769834
0.594920
0.586768
0.715944
0.528367
0.572957
0.664278
0.541399
0.660017
0.557894
0.555327
0.453947
0.460901
0.516249
0.607117
0.505452
0.716408
0.750088
0.544562
0.708500
0.794844
0.512306
0.601520
0.571006
0.561744
0.396585
0.665943
0.568652
0.453989
0.538858
0.668764
0.725600
0.555200
0.616520
0.460462
0.537500
0.497837
0.638204
0.497203
0.711166
0.798895
0.619654
0.720281
0.735176
0.617162
0.570523
0.591267
0.556108
0.633613
0.701171
0.687250
0.495030
0.548215
0.674198
0.596103
0.675494
0.605028
0.576993
0.681177
0.651245
0.662398
0.660640
0.686925
0.676101
0.674282
0.635760
0.722994
0.672124
0.690966
0.739091
0.739087
0.758891
0.712449
0.669828
0.571494
0.670566
0.517660
0.460108
0.493713
0.533027
0.511093
0.454224
0.562758
0.501234
0.441529
0.630013
0.489289
0.522298
0.449339
0.583925
0.511406
0.665919
0.703474
0.551888
0.480400
0.377074
0.541345
0.489131
0.577383
0.652601
0.585153
0.633046
0.732063
0.659104
0.534301
0.700710
0.682425
0.526765
0.607426
0.633008
0.713961
0.641165
0.416780
0.271381
0.418363
0.583476
0.654655
0.516855
0.481973
0.404388
0.462482
0.530496
0.643946
0.537248
0.674632
0.673906
0.395313
0.575607
0.501367
0.517692
0.590073
0.642398
0.522729
0.356331
0.420500
0.421640
0.613933
0.556367
0.519460
0.773014
0.720689
0.528242
0.689036
0.616300
0.636743
0.631066
0.574318
0.622063
0.527423
0.720351
0.673680
0.586402
0.599400
0.741589
0.602049
0.584759
0.634317
0.662673
0.619272
0.617950
0.657608
0.545023
0.476498
0.486553
0.630305
0.580584
0.699764
0.730086
0.515272
0.488457
0.639105
0.588892
0.564381
0.583809
0.598280
0.598105
0.598700
0.547846
0.531764
0.564820
0.708966
0.641048
0.555881
0.679802
0.554455
0.581665
0.530875
0.584261
0.594021
0.627732
0.629000
0.606671
0.570222
0.490404
0.585603
0.479332
0.601624
0.664858
0.603037
0.520391
0.450345
0.554365
0.479295
0.766834
0.564756
0.630623
0.584108
0.517343
0.614648
0.614095
0.724774
0.474814
0.722980
0.529029
0.422292
0.406503
0.773114
0.594682
0.438918
0.695246
0.505912
0.599233
0.697527
0.699584
0.585727
0.680603
0.691975
0.467993
0.577740
0.823831
0.765536
0.599196
0.650513
0.705393
0.716475
0.652403
0.653321
0.668427
0.536960
0.624914
0.686877
0.629085
0.693341
0.635557
0.661887
0.699588
0.762158
0.643538
0.766959
0.627845
0.585293
0.565476
0.704363
0.553770
0.711802
0.617869
0.786880
0.709682
0.751542
0.745296
0.535652
0.569573
0.608435
0.668829
0.599546
0.632215
0.651209
0.573928
0.392428
0.465017
0.530453
0.537162
0.609085
0.586065
0.595382
0.653894
0.587405
0.390246
0.583960
0.719697
0.424477
0.582593
0.725099
0.548823
0.570130
0.617823
0.715093
0.760706
0.678934
0.612117
0.467062
0.632703
0.607498
0.698980
0.604085
0.661265
0.716675
0.548837
0.540733
0.624882
0.641062
0.576802
0.556192
0.659880
0.457124
0.432453
0.487891
