0.020808
0.051067
0.110156
0.076703
0.059153
0.024921
0.102303
0.103410
0.035221
0.061226
0.087525
0.036396
0.091155
0.073079
0.156342
0.028923
0.093144
0.057082
0.039506
0.034592
0.064481
0.019532
0.084148
0.039653
0.018797
0.058383
0.062539
0.043308
0.038418
0.070484
0.033463
0.230996
0.034480
0.145492
0.025428
0.073141
0.084186
0.048414
0.036381
0.074697
0.031105
0.093150
0.079731
0.067045
0.075042
0.033177
0.032875
0.115232
0.116214
0.038237
0.081182
0.030885
0.059313
0.040299
0.054289
0.067607
0.011788
0.029818
0.058708
0.018054
0.074727
0.105096
0.125254
0.013355
0.078101
0.069721
0.048265
0.035420
0.031658
0.023374
0.039279
0.012785
0.013667
0.025548
0.027194
0.039598
0.039197
0.040309
0.018196
0.214623
0.018934
0.136688
0.018006
0.086409
0.057014
0.015035
0.017402
0.055974
0.011871
0.042899
0.074410
0.089715
0.054609
0.016113
0.013766
0.097345
0.071679
0.035198
0.059472
0.022054
0.038689
0.058116
0.058380
0.032544
0.045828
0.059329
0.039446
0.038295
0.091810
0.064256
0.046223
0.026878
0.043085
0.031578
0.029704
0.045553
0.029159
0.074638
0.053598
0.031480
0.033219
0.048368
0.018706
0.027078
0.018224
0.018964
0.117999
0.031673
0.065581
0.023290
0.045554
0.033316
0.034613
0.024897
0.018687
0.020329
0.085407
0.047923
0.063920
0.025854
0.030099
0.046367
0.052543
0.076643
0.069996
0.029399
0.096481
0.047164
0.101618
0.059017
0.053295
0.062122
0.093715
0.016253
0.157613
0.025802
0.064197
0.008900
0.074680
0.098155
0.065901
0.085166
0.094152
0.089722
0.085067
0.075428
0.044661
0.047645
0.042768
0.041023
0.015417
0.043957
0.051931
0.050602
0.038470
0.066985
0.075407
0.015156
0.055297
0.056738
0.024809
0.052146
0.081520
0.069607
0.134484
0.023215
0.077685
0.073465
0.071687
0.116499
0.075947
0.094848
0.013420
0.048642
0.027654
0.014857
0.042180
0.043755
0.086509
0.159818
0.115964
0.027050
0.075012
0.109209
0.092572
0.070039
0.026349
0.075552
0.015522
0.024757
0.046939
0.020521
0.014317
0.072063
0.070660
0.037469
0.047021
0.199809
0.034427
0.141437
0.039228
0.118309
0.047065
0.014934
0.037351
0.065593
0.023258
0.022314
0.112140
0.141853
0.064567
0.031055
0.033280
0.085545
0.044064
0.049267
0.070458
0.080694
0.051028
0.057694
0.063512
0.065157
0.023182
0.083177
0.062120
0.043969
0.017106
0.031623
0.050862
0.040145
0.068381
0.051273
0.093969
0.077954
0.043997
0.047788
0.053008
0.023829
0.017519
0.024977
0.034719
0.089364
0.036350
0.044791
0.040050
0.031618
0.035246
0.052413
0.041858
0.023908
0.037738
0.098963
0.055662
0.065181
0.031824
0.051971
0.062331
0.046857
0.102592
0.120180
0.102041
0.053043
0.089146
0.122932
0.057843
0.073535
0.059408
0.150331
0.048719
0.074326
0.027185
0.024609
0.023019
0.074214
0.025064
0.123304
0.073730
0.042690
0.076362
0.084943
0.033605
0.031123
0.065945
0.041608
0.195197
0.030953
0.096999
0.043784
0.040925
0.081635
0.067490
0.053347
0.077661
0.048606
0.131631
0.048367
0.051797
0.050563
0.055061
0.041124
0.089364
0.121946
0.059335
0.035333
0.014681
0.032216
0.059249
0.072440
0.189563
0.076228
0.042741
0.058602
0.125043
0.117781
0.085153
0.044478
0.095722
0.018915
0.038431
0.060140
0.020189
0.013840
0.074381
0.079522
0.026660
0.047794
0.155145
0.049510
0.128495
0.049577
0.130290
0.033406
0.018810
0.040925
0.048549
0.030203
0.023973
0.121909
0.159520
0.060575
0.044248
0.053715
0.088823
0.056431
0.053670
0.066010
0.071132
0.045351
0.122985
0.117505
0.142836
0.073607
0.099787
0.101426
0.076542
0.073081
0.020950
0.080533
0.061414
0.068011
0.063158
0.054938
0.071580
0.073472
0.092639
0.069364
0.066473
0.220928
0.066569
0.154395
0.058812
0.097574
0.085288
0.051903
0.060602
0.076570
0.049371
0.082449
0.110963
0.097759
0.086485
0.039451
0.080400
0.040651
0.017893
0.020874
0.041742
0.014660
0.060668
0.116380
0.097475
0.015566
0.063186
0.074577
0.064706
0.034255
0.026804
0.034343
0.029535
0.011277
0.013764
0.016060
0.018234
0.032374
0.038107
0.025813
0.009719
0.182348
0.019014
0.123920
0.020659
0.087744
0.040210
0.008529
0.010541
0.038936
0.009976
0.029958
0.070563
0.098383
0.042215
0.014705
0.018678
0.084421
0.061272
0.022274
0.038396
0.069481
0.157106
0.084373
0.023271
0.055197
0.106911
0.093389
0.068591
0.040509
0.061852
0.017707
0.020838
0.032490
0.016710
0.009697
0.060475
0.058332
0.026957
0.033563
0.175063
0.035101
0.130967
0.025127
0.116934
0.032085
0.012996
0.026257
0.040714
0.014035
0.022102
0.109027
0.140412
0.058931
0.024101
0.033569
0.097176
0.066150
0.054543
0.078724
0.166612
0.086235
0.046005
0.068968
0.124802
0.114149
0.094454
0.048118
0.081702
0.029949
0.048656
0.048902
0.031839
0.027072
0.077565
0.073583
0.042135
0.051285
0.171290
0.065634
0.148255
0.041100
0.128258
0.054406
0.032835
0.040400
0.043316
0.034335
0.038553
0.133778
0.142327
0.084490
0.039883
0.070871
0.095784
0.068974
0.092878
0.115234
0.128065
0.030065
0.093218
0.094005
0.059706
0.048630
0.025255
0.027496
0.037291
0.017743
0.009965
0.035403
0.040309
0.051249
0.059720
0.049194
0.023546
0.229417
0.041000
0.164032
0.024052
0.103566
0.076310
0.020772
0.013720
0.049848
0.016675
0.047708
0.099465
0.093567
0.073168
0.008858
0.038570
0.090711
0.051772
0.137402
0.044392
0.057292
0.017427
0.057073
0.090083
0.056970
0.095044
0.078186
0.105003
0.091381
0.071383
0.056562
0.053292
0.039737
0.028901
0.022378
0.043566
0.061072
0.045373
0.037599
0.066344
0.060809
0.029999
0.061284
0.057494
0.035594
0.057320
0.097485
0.061878
0.115198
0.023838
0.083945
0.067719
0.085137
0.136688
0.216460
0.107722
0.125911
0.036790
0.053444
0.056131
0.114984
0.084293
0.193621
0.146464
0.093389
0.125136
0.158339
0.066875
0.066411
0.139291
0.103732
0.243463
0.083757
0.130771
0.098928
0.036850
0.129881
0.141638
0.125151
0.135890
0.106816
0.201254
0.068075
0.038731
0.110540
0.106843
0.113044
0.075615
0.150216
0.117069
0.037177
0.130475
0.147193
0.119475
0.133205
0.126242
0.120675
0.125025
0.110031
0.082914
0.086252
0.084561
0.086780
0.043705
0.074114
0.050558
0.105580
0.082818
0.095743
0.131743
0.044752
0.089667
0.089494
0.030688
0.084844
0.116846
0.121306
0.179435
0.062839
0.109811
0.130493
0.120098
0.160961
0.062003
0.066122
0.066345
0.039182
0.037684
0.042254
0.035656
0.019838
0.018944
0.023205
0.014114
0.041534
0.029671
0.035470
0.024179
0.187388
0.014378
0.116810
0.026562
0.079226
0.045559
0.016675
0.022622
0.054980
0.016598
0.033428
0.080117
0.101107
0.051473
0.024284
0.016234
0.088396
0.074973
0.054170
0.076964
0.058696
0.088645
0.080653
0.101898
0.090571
0.071597
0.051008
0.055134
0.036187
0.032608
0.019547
0.045606
0.057657
0.045619
0.028971
0.057052
0.054445
0.018073
0.061552
0.059385
0.026001
0.048544
0.099396
0.061180
0.109016
0.022975
0.073157
0.070069
0.061662
0.119984
0.034281
0.025898
0.086067
0.056321
0.149016
0.109920
0.071449
0.078511
0.097122
0.023548
0.022486
0.065333
0.054326
0.140097
0.036939
0.052228
0.064063
0.009193
0.065614
0.088663
0.077368
0.075893
0.067199
0.150184
0.025686
0.037530
0.041439
0.082938
0.065686
0.048897
0.126622
0.026778
0.061512
0.034183
0.121353
0.078544
0.046459
0.072367
0.096526
0.034952
0.040173
0.070668
0.050561
0.194392
0.047450
0.100857
0.040412
0.034026
0.086551
0.073622
0.058570
0.075649
0.047060
0.140398
0.053878
0.033071
0.061645
0.048025
0.059079
0.068679
0.105462
0.049671
0.039859
0.098764
0.053936
0.032675
0.044238
0.063665
0.012423
0.019911
0.044832
0.027120
0.162979
0.018211
0.076274
0.040903
0.030687
0.047151
0.049436
0.042634
0.061744
0.034174
0.099832
0.026815
0.055612
0.029268
0.045881
0.028146
0.061363
0.096824
0.051344
0.036001
0.033516
0.034108
0.027756
0.039410
0.055165
0.063044
0.047145
0.040684
0.215999
0.038495
0.144053
0.033091
0.091836
0.068205
0.025334
0.030350
0.062040
0.024818
0.049469
0.089268
0.095677
0.065619
0.021926
0.041939
0.053508
0.019695
0.079593
0.048982
0.022454
0.057534
0.065057
0.041663
0.042339
0.055810
0.027302
0.206756
0.041169
0.134398
0.019287
0.071502
0.080919
0.041655
0.026389
0.049430
0.028216
0.097584
0.077565
0.060992
0.064076
0.026287
0.046267
0.097128
0.090581
0.022973
0.045348
0.027527
0.016516
0.095750
0.094387
0.051116
0.050508
0.227859
0.062333
0.193965
0.041320
0.160005
0.072057
0.014527
0.032600
0.066291
0.028779
0.014220
0.155376
0.158148
0.098842
0.030003
0.057260
0.120398
0.050029
0.016680
0.022387
0.020790
0.055615
0.062280
0.042619
0.024578
0.227340
0.032208
0.162232
0.030753
0.122467
0.059887
0.011915
0.017230
0.060872
0.014577
0.023893
0.100638
0.129270
0.067190
0.018687
0.019812
0.114444
0.071443
0.030080
0.034685
0.033767
0.034623
0.039818
0.015881
0.199387
0.028515
0.132663
0.017159
0.079527
0.057359
0.021175
0.012608
0.040157
0.010861
0.051731
0.078599
0.081527
0.057208
0.011122
0.027895
0.088241
0.075916
0.013700
0.035579
0.043433
0.020497
0.021848
0.156825
0.026421
0.105403
0.026821
0.086913
0.026873
0.011834
0.018973
0.036910
0.013134
0.028309
0.072539
0.106349
0.041284
0.025887
0.029152
0.067654
0.054772
0.056236
0.049742
0.021092
0.028865
0.162786
0.028306
0.120309
0.033666
0.109395
0.033760
0.008428
0.022420
0.043034
0.017839
0.014641
0.100496
0.135850
0.051680
0.031350
0.028303
0.094326
0.066548
0.016993
0.028380
0.015736
0.125133
0.020212
0.055472
0.039316
0.030117
0.031708
0.044874
0.034115
0.037277
0.030334
0.092599
0.019418
0.056728
0.017753
0.046223
0.035222
0.049507
0.098530
0.031180
0.026959
0.120614
0.019614
0.051902
0.038751
0.027365
0.034806
0.048958
0.040820
0.041846
0.034985
0.087673
0.033288
0.066855
0.025776
0.048980
0.037814
0.064315
0.114221
0.018885
0.096216
0.026793
0.061124
0.034979
0.071048
0.016112
0.020195
0.021745
0.016151
0.020820
0.050825
0.059380
0.109573
0.017333
0.040255
0.038379
0.065617
0.079376
0.146850
0.020309
0.096177
0.021270
0.067910
0.033827
0.016290
0.009694
0.024323
0.012371
0.050391
0.050661
0.078434
0.028867
0.022207
0.026592
0.076114
0.079776
0.159500
0.054293
0.182145
0.135813
0.090361
0.178487
0.171670
0.090894
0.171075
0.216759
0.139499
0.213887
0.090572
0.207080
0.201301
0.144397
0.246864
0.076827
0.031563
0.048341
0.029546
0.025540
0.031463
0.052020
0.019506
0.056429
0.037530
0.084217
0.022882
0.034055
0.009564
0.062865
0.079426
0.126773
0.045688
0.050425
0.128718
0.120981
0.079376
0.112943
0.178375
0.049172
0.133426
0.033713
0.145232
0.110962
0.074849
0.185934
0.075772
0.050598
0.020682
0.018413
0.035076
0.008086
0.061077
0.084945
0.069830
0.057283
0.011495
0.035940
0.079655
0.066032
0.068928
0.101069
0.088974
0.082308
0.076799
0.163795
0.032174
0.038561
0.046291
0.088232
0.081198
0.044625
0.132794
0.039847
0.049094
0.032322
0.034343
0.061883
0.055420
0.125143
0.019099
0.058924
0.045780
0.067726
0.100732
0.009667
0.037017
0.009008
0.022623
0.089492
0.110225
0.048590
0.016511
0.024890
0.086521
0.052182
0.026877
0.010700
0.040290
0.079752
0.091991
0.046077
0.014523
0.031586
0.085027
0.065101
0.028889
0.071375
0.079486
0.105827
0.037739
0.040466
0.070036
0.071353
0.090998
0.037530
0.072343
0.084611
0.041810
0.008477
0.020796
0.071176
0.056138
0.141349
0.184155
0.090570
0.044361
0.049934
0.126793
0.070472
0.079478
0.025713
0.094761
0.057756
0.067351
0.141213
0.104095
0.084393
0.112175
0.073332
0.122632
0.065225
0.038872
0.060889
0.109592
0.035784
0.079250
0.048547
0.095873
0.088541
0.056969
