0.033690
0.128874
0.148245
0.053873
0.139233
0.171721
0.093576
0.014348
0.166923
0.101620
0.079729
0.073660
0.064207
0.033211
0.099896
0.018442
0.034506
0.163518
0.102544
0.036589
0.036773
0.056014
0.045262
0.035210
0.091287
0.073084
0.018444
0.028212
0.208545
0.060559
0.041954
0.143076
0.064436
0.034602
0.017380
0.034660
0.026503
0.067734
0.079098
0.018354
0.090815
0.022655
0.053677
0.028478
0.029976
0.132871
0.041409
0.081758
0.074651
0.128972
0.143897
0.024678
0.134387
0.137856
0.083297
0.029663
0.147391
0.062475
0.098437
0.047559
0.065188
0.011885
0.108234
0.047168
0.031108
0.145795
0.098149
0.031933
0.029096
0.058887
0.030012
0.032608
0.073984
0.059327
0.015600
0.024882
0.203048
0.043316
0.034127
0.128041
0.065376
0.027920
0.018623
0.028445
0.037444
0.058352
0.064534
0.014580
0.083696
0.025579
0.053973
0.028772
0.017736
0.095267
0.038941
0.071686
0.060955
0.018158
0.174983
0.017101
0.059718
0.102519
0.112820
0.055136
0.253216
0.024461
0.143507
0.051029
0.162891
0.268555
0.128486
0.060854
0.036983
0.029472
0.054140
0.077792
0.070079
0.175728
0.064224
0.159675
0.064694
0.109401
0.149765
0.033321
0.133528
0.165107
0.035298
0.033779
0.130471
0.087352
0.090804
0.110626
0.197980
0.056547
0.152270
0.205003
0.111775
0.072375
0.132522
0.112314
0.091282
0.194369
0.063200
0.193783
0.176244
0.017330
0.038337
0.075902
0.121742
0.018755
0.280846
0.051941
0.124058
0.058591
0.177031
0.248366
0.143526
0.085796
0.015077
0.033061
0.064792
0.078318
0.053637
0.205111
0.074726
0.130344
0.054420
0.126635
0.156237
0.015130
0.117140
0.163289
0.014929
0.027655
0.125612
0.097406
0.108851
0.129784
0.200862
0.042212
0.166951
0.179560
0.116423
0.104641
0.134960
0.116634
0.056749
0.200640
0.046948
0.177047
0.167978
0.160812
0.077696
0.036119
0.161272
0.064148
0.151132
0.035773
0.099646
0.015578
0.069719
0.055362
0.068717
0.157994
0.121177
0.051751
0.049282
0.063622
0.044237
0.053779
0.052136
0.078251
0.029395
0.024809
0.236203
0.027259
0.016069
0.149568
0.088432
0.017708
0.036208
0.070844
0.052527
0.045302
0.069882
0.020523
0.041652
0.031732
0.101000
0.029037
0.024140
0.097931
0.019173
0.084991
0.037341
0.046338
0.078810
0.124221
0.037982
0.269738
0.049453
0.126730
0.049595
0.168564
0.258460
0.143497
0.076035
0.024139
0.015560
0.053945
0.078336
0.065070
0.192649
0.079675
0.142948
0.053658
0.120297
0.161003
0.025765
0.121012
0.165049
0.017980
0.033369
0.117664
0.095015
0.118995
0.133002
0.216149
0.043774
0.162780
0.184969
0.120543
0.105481
0.140155
0.119989
0.075085
0.194773
0.057730
0.190256
0.043219
0.145819
0.031639
0.291178
0.090107
0.083748
0.050605
0.165947
0.206651
0.176535
0.114592
0.026733
0.052299
0.079646
0.071769
0.061488
0.230858
0.093226
0.101108
0.036384
0.148314
0.153188
0.039945
0.093678
0.155283
0.017613
0.050380
0.123509
0.104833
0.133428
0.150702
0.217972
0.040440
0.177054
0.148466
0.134775
0.141016
0.145005
0.122942
0.027485
0.211552
0.032342
0.146563
0.075582
0.056368
0.222161
0.105793
0.019577
0.037962
0.093632
0.094342
0.102035
0.087913
0.057271
0.055297
0.050727
0.032083
0.022716
0.165191
0.059442
0.032921
0.014209
0.088181
0.075926
0.101071
0.027749
0.073461
0.043993
0.036431
0.046722
0.050624
0.101174
0.094947
0.142413
0.022312
0.093708
0.054943
0.065748
0.128504
0.068041
0.058873
0.024807
0.113392
0.015348
0.056555
0.130774
0.092297
0.078284
0.057351
0.064063
0.028389
0.084175
0.016678
0.030938
0.131475
0.093151
0.025593
0.028980
0.037294
0.043359
0.021364
0.059941
0.061746
0.012552
0.012147
0.182056
0.034706
0.021715
0.119036
0.048880
0.020782
0.013824
0.027551
0.018516
0.037434
0.052927
0.016084
0.061836
0.009468
0.049471
0.013405
0.014825
0.098504
0.025526
0.061558
0.050219
0.284817
0.095860
0.099992
0.068946
0.175316
0.226726
0.168494
0.108651
0.020597
0.045706
0.074926
0.083395
0.057012
0.219619
0.093421
0.107133
0.051040
0.141691
0.152260
0.032918
0.098503
0.156555
0.015247
0.038311
0.117869
0.110430
0.131356
0.152688
0.203287
0.035509
0.176249
0.155517
0.127998
0.132595
0.141434
0.121838
0.031046
0.200303
0.045740
0.162047
0.208709
0.154884
0.203692
0.044758
0.187002
0.108435
0.111166
0.285629
0.223912
0.126342
0.141663
0.178883
0.018789
0.129569
0.184358
0.202612
0.075386
0.085887
0.347212
0.140143
0.087707
0.274318
0.190555
0.107348
0.109094
0.105712
0.094055
0.071808
0.187853
0.063386
0.167113
0.104286
0.126231
0.108234
0.098563
0.230452
0.069040
0.212994
0.151369
0.134751
0.046639
0.124772
0.217421
0.088008
0.038864
0.080231
0.055723
0.042041
0.057455
0.065465
0.133878
0.046801
0.143284
0.067913
0.077949
0.108424
0.081860
0.117600
0.129404
0.068339
0.038423
0.110840
0.060999
0.058688
0.066991
0.152599
0.065360
0.109231
0.179967
0.080691
0.036372
0.099673
0.087696
0.108162
0.153446
0.064241
0.163294
0.055602
0.049737
0.061745
0.082637
0.081083
0.103271
0.085363
0.052610
0.029671
0.032126
0.115788
0.055181
0.026456
0.028903
0.061791
0.043671
0.165949
0.014106
0.039297
0.088594
0.058219
0.024138
0.037537
0.084071
0.080987
0.099240
0.037928
0.056306
0.033903
0.047150
0.125452
0.042826
0.035027
0.043153
0.068918
0.034581
0.027269
0.086383
0.150689
0.089546
0.041288
0.064954
0.032652
0.028241
0.022755
0.037998
0.131444
0.033218
0.083856
0.013615
0.065206
0.074412
0.088524
0.059578
0.093958
0.044247
0.019134
0.060789
0.033363
0.059889
0.072325
0.149573
0.030359
0.084496
0.115738
0.061089
0.064960
0.069910
0.055869
0.056964
0.124459
0.023287
0.099691
0.089195
0.048793
0.050798
0.174590
0.124385
0.047684
0.041420
0.072376
0.022718
0.045762
0.075622
0.080540
0.021683
0.018553
0.236770
0.043466
0.024641
0.156832
0.086808
0.028963
0.025691
0.046238
0.038785
0.045832
0.083236
0.012134
0.071220
0.030363
0.072516
0.030430
0.024177
0.117265
0.028841
0.091156
0.054012
0.091946
0.164285
0.220277
0.218064
0.127086
0.098798
0.096217
0.160186
0.110819
0.036071
0.119229
0.108275
0.057849
0.307863
0.044710
0.041149
0.209847
0.153224
0.064355
0.090877
0.144840
0.103181
0.082867
0.113572
0.081652
0.018875
0.076293
0.192528
0.056765
0.076137
0.127842
0.063364
0.108871
0.023639
0.047184
0.152094
0.112519
0.043875
0.051298
0.050327
0.056593
0.036365
0.080694
0.084619
0.020684
0.036130
0.204018
0.060081
0.034484
0.145138
0.071092
0.036579
0.025705
0.043459
0.023933
0.050077
0.077541
0.024672
0.076988
0.018895
0.073065
0.022628
0.029171
0.133201
0.032225
0.083937
0.065689
0.109990
0.050877
0.012725
0.030615
0.048292
0.051354
0.021537
0.104851
0.052746
0.018468
0.049138
0.140005
0.070221
0.064539
0.094426
0.031688
0.045311
0.022382
0.021898
0.040930
0.082668
0.052204
0.038755
0.126565
0.032156
0.025831
0.046765
0.032419
0.096355
0.071114
0.061969
0.108529
0.035133
0.072642
0.081836
0.053614
0.219570
0.085249
0.108590
0.047987
0.138223
0.155928
0.017930
0.098678
0.153035
0.008220
0.038962
0.117884
0.103502
0.135028
0.139102
0.207879
0.033946
0.171810
0.150066
0.122861
0.135129
0.135581
0.118799
0.041886
0.194411
0.040196
0.153990
0.035549
0.055053
0.047241
0.150579
0.060665
0.121386
0.034811
0.086325
0.121520
0.050763
0.092086
0.127938
0.028153
0.021725
0.078895
0.064222
0.096285
0.108044
0.185262
0.035709
0.117733
0.151492
0.089191
0.095226
0.106865
0.086024
0.068029
0.151188
0.045966
0.151535
0.018916
0.026083
0.066844
0.013154
0.064166
0.029709
0.020697
0.040919
0.111261
0.038630
0.045981
0.060023
0.016954
0.027111
0.015794
0.033065
0.036928
0.077119
0.021647
0.040332
0.083803
0.025180
0.037234
0.034806
0.024453
0.058505
0.061407
0.035061
0.079480
0.018208
0.083042
0.017206
0.048095
0.017372
0.028955
0.031969
0.123770
0.025965
0.043897
0.062861
0.022498
0.028024
0.009427
0.031773
0.038430
0.084513
0.026100
0.037535
0.067148
0.021571
0.051829
0.028253
0.018882
0.049644
0.067471
0.022806
0.050232
0.116061
0.025539
0.035283
0.017887
0.045607
0.051772
0.093125
0.026001
0.048350
0.045637
0.017314
0.029147
0.024054
0.053078
0.056110
0.090951
0.015344
0.058578
0.054802
0.028054
0.082477
0.034593
0.029078
0.036514
0.074343
0.014043
0.050300
0.070322
0.143128
0.137169
0.027628
0.049201
0.272928
0.098656
0.056396
0.205468
0.119066
0.061822
0.054096
0.053052
0.051035
0.050896
0.129034
0.026609
0.135522
0.052858
0.069368
0.061213
0.052058
0.181157
0.040636
0.149980
0.117974
0.058060
0.034512
0.019171
0.031233
0.130032
0.037632
0.042664
0.075986
0.021046
0.032605
0.009945
0.019717
0.023618
0.064460
0.031693
0.031582
0.078226
0.013588
0.033106
0.019168
0.012760
0.066053
0.057080
0.035278
0.060338
0.048402
0.075316
0.047612
0.179098
0.009938
0.032246
0.100326
0.070307
0.034499
0.054136
0.098880
0.080917
0.075167
0.037723
0.071243
0.011990
0.045673
0.135558
0.036839
0.041728
0.042711
0.063257
0.038749
0.017041
0.064736
0.066307
0.084671
0.033833
0.073160
0.032499
0.016948
0.042078
0.031584
0.067011
0.077758
0.133211
0.014573
0.077813
0.078005
0.050620
0.087092
0.056267
0.044104
0.028355
0.106323
0.007465
0.066818
0.023099
0.191945
0.045864
0.027263
0.125897
0.051429
0.021984
0.011971
0.022164
0.023245
0.041448
0.059644
0.009726
0.079442
0.010164
0.043705
0.016691
0.011181
0.105410
0.025959
0.071339
0.064190
0.220467
0.025739
0.013805
0.140789
0.069057
0.021866
0.021030
0.038868
0.028112
0.032382
0.062055
0.015527
0.046676
0.016286
0.062672
0.012823
0.015590
0.094007
0.022596
0.066669
0.030294
0.165858
0.225726
0.021110
0.065186
0.182450
0.150904
0.170472
0.186975
0.276673
0.075848
0.235909
0.232387
0.181004
0.161685
0.202010
0.180001
0.085234
0.272924
0.075822
0.234503
0.018216
0.088708
0.051197
0.014713
0.029713
0.069830
0.057635
0.060788
0.026964
0.043506
0.016370
0.027428
0.101671
0.022854
0.022388
0.041809
0.042762
0.031960
0.015866
0.145838
0.080088
0.014478
0.031270
0.062937
0.042827
0.021065
0.060098
0.021438
0.023803
0.019973
0.095833
0.014443
0.020139
0.091165
0.010788
0.069658
0.022036
0.028742
0.105895
0.087593
0.117321
0.128785
0.204310
0.026637
0.158018
0.143854
0.112489
0.117852
0.125526
0.107096
0.034919
0.187884
0.031091
0.146775
0.049378
0.030259
0.050442
0.060973
0.118726
0.015717
0.074817
0.102533
0.043351
0.055523
0.055961
0.043536
0.041492
0.105078
0.018118
0.094274
0.019200
0.056609
0.048625
0.052392
0.037945
0.021946
0.032482
0.015743
0.089292
0.015826
0.014499
0.072115
0.021170
0.049292
0.032388
0.021238
0.020956
0.063902
0.037805
0.016322
0.065058
0.008675
0.044725
0.013671
0.007843
0.074816
0.042872
0.039340
0.047834
0.029525
0.068147
0.069595
0.032270
0.122246
0.026871
0.024350
0.035390
0.024154
0.103283
0.070463
0.071185
0.089475
0.053778
0.071674
0.023824
0.086199
0.020932
0.038455
0.026435
0.025670
0.114645
0.046891
0.075084
0.068572
0.107283
0.038876
0.066972
0.039603
0.097958
0.035006
0.043713
0.142174
0.021062
0.122450
0.060014
0.079977
0.064394
0.046198
0.080537
0.051061
0.042667
0.018535
0.091457
0.011304
0.066991
0.067002
0.011812
0.062201
0.013876
0.011766
0.121315
0.017330
0.086435
0.048199
0.050954
0.164841
0.038277
0.049613
0.079776
0.045076
0.070071
0.013586
0.055871
0.004163
0.004597
0.085596
0.024330
0.051856
0.036078
0.069065
0.056580
0.121679
0.104112
0.089315
0.137996
0.004888
0.088216
0.020073
0.056598
0.024401
0.074714
0.027943
0.048714
0.032521
0.137464
0.020580
0.081122
0.108324
0.042419
0.060868
