0.036757
0.011273
0.054059
0.149344
0.048876
0.010575
0.072494
0.131032
0.010693
0.027909
0.037531
0.196887
0.128282
0.118554
0.039325
0.046097
0.075756
0.048962
0.083783
0.029510
0.117448
0.021759
0.130510
0.018919
0.025317
0.067719
0.099082
0.019159
0.018713
0.026585
0.016935
0.045376
0.138705
0.308798
0.178811
0.047868
0.024215
0.119989
0.017504
0.158237
0.093128
0.073299
0.054668
0.145295
0.092335
0.017076
0.062779
0.016290
0.130307
0.045582
0.061580
0.186023
0.034594
0.026961
0.108114
0.139022
0.026396
0.047238
0.092656
0.172851
0.148503
0.119598
0.088346
0.075296
0.106102
0.052662
0.089245
0.073800
0.144905
0.038303
0.144284
0.048658
0.068917
0.042582
0.122107
0.031253
0.025008
0.040571
0.050291
0.081423
0.109985
0.358360
0.157466
0.079929
0.038175
0.140378
0.025302
0.175619
0.118858
0.095645
0.061151
0.160753
0.060713
0.050169
0.078028
0.043686
0.149565
0.045316
0.117002
0.053410
0.012516
0.094295
0.109095
0.014412
0.023868
0.020907
0.173425
0.108260
0.125528
0.019498
0.030087
0.047697
0.040978
0.071342
0.014916
0.120769
0.018746
0.107464
0.024108
0.019030
0.083949
0.083189
0.026075
0.024692
0.029489
0.020656
0.031509
0.121402
0.301903
0.158362
0.032919
0.025428
0.092336
0.018972
0.131752
0.068108
0.054388
0.064786
0.117136
0.116891
0.008856
0.050259
0.014005
0.108376
0.086073
0.067442
0.055034
0.144822
0.055461
0.037455
0.047164
0.070605
0.120077
0.050865
0.057470
0.055301
0.049498
0.056324
0.039839
0.061479
0.047121
0.052116
0.026748
0.057725
0.067801
0.070397
0.064067
0.047674
0.069586
0.062129
0.045006
0.053922
0.031446
0.090675
0.224043
0.099268
0.025132
0.031702
0.055678
0.053675
0.071472
0.041664
0.033231
0.055468
0.061619
0.146670
0.041996
0.031237
0.053636
0.058371
0.130265
0.161510
0.306768
0.034130
0.127102
0.161050
0.147662
0.066195
0.035435
0.140123
0.091498
0.081813
0.096165
0.116747
0.062207
0.121683
0.132447
0.112034
0.029771
0.184992
0.170372
0.197361
0.040390
0.204274
0.169484
0.172204
0.163211
0.080618
0.084221
0.234188
0.059150
0.093302
0.121795
0.010714
0.157101
0.025315
0.025807
0.040236
0.198221
0.023119
0.283089
0.138163
0.093174
0.140523
0.026309
0.057686
0.160603
0.088413
0.029159
0.078804
0.110374
0.100978
0.102489
0.107890
0.074638
0.056550
0.100183
0.040671
0.035343
0.091612
0.130564
0.037469
0.087568
0.077249
0.093341
0.043106
0.068458
0.080109
0.045639
0.076669
0.068786
0.072318
0.055519
0.336354
0.092435
0.091022
0.033413
0.091494
0.038482
0.122624
0.089877
0.055295
0.104689
0.109678
0.062082
0.076876
0.065555
0.048981
0.093633
0.066587
0.145246
0.014129
0.017479
0.037729
0.210130
0.142795
0.139425
0.047420
0.049125
0.067740
0.054634
0.096990
0.025175
0.141148
0.024102
0.147860
0.017766
0.022318
0.079115
0.118023
0.010149
0.015106
0.025915
0.017226
0.052113
0.146858
0.329422
0.190091
0.048328
0.027654
0.128609
0.014549
0.173669
0.098275
0.084561
0.054856
0.154950
0.101375
0.009057
0.065081
0.018556
0.149593
0.279264
0.085110
0.060340
0.090105
0.373505
0.266150
0.200957
0.138753
0.126076
0.139387
0.117098
0.201382
0.085328
0.181432
0.086861
0.277025
0.044134
0.063472
0.127133
0.226162
0.049428
0.068272
0.079308
0.052056
0.133161
0.279164
0.349795
0.338808
0.114797
0.083970
0.257475
0.072961
0.307782
0.222349
0.188712
0.094509
0.285054
0.112816
0.073825
0.141008
0.075802
0.272035
0.099697
0.131794
0.141693
0.039893
0.013152
0.076334
0.091700
0.077651
0.092599
0.078096
0.041115
0.116912
0.071988
0.081862
0.012630
0.162014
0.155532
0.118932
0.015991
0.176343
0.138381
0.130949
0.138288
0.060851
0.050723
0.203462
0.029306
0.077421
0.086783
0.017373
0.132640
0.012340
0.022161
0.024722
0.140499
0.015666
0.214348
0.127458
0.053174
0.121028
0.009545
0.025261
0.046556
0.150451
0.102567
0.102418
0.038329
0.028482
0.055175
0.031742
0.051762
0.033301
0.099328
0.011382
0.100436
0.024348
0.033830
0.047607
0.071446
0.026497
0.014611
0.031501
0.021316
0.039716
0.096095
0.303453
0.131902
0.042670
0.009364
0.090814
0.010171
0.126592
0.068918
0.051457
0.053243
0.113325
0.077859
0.022151
0.044087
0.015392
0.100769
0.022736
0.215733
0.131644
0.113489
0.046646
0.045944
0.053789
0.044542
0.103367
0.014910
0.105461
0.016670
0.139473
0.012572
0.015023
0.079391
0.111805
0.019184
0.018139
0.015081
0.010313
0.032740
0.157099
0.270301
0.192625
0.030027
0.022206
0.125112
0.027171
0.161260
0.088299
0.074798
0.034802
0.137992
0.118611
0.011897
0.035429
0.017577
0.138525
0.233885
0.142078
0.144222
0.022099
0.044900
0.052444
0.056189
0.117569
0.008458
0.121318
0.035802
0.138793
0.024458
0.011737
0.128676
0.115632
0.042991
0.042259
0.032668
0.023335
0.029246
0.179207
0.268180
0.214913
0.027887
0.047367
0.126736
0.046469
0.160917
0.086679
0.075953
0.068067
0.138556
0.172129
0.018341
0.049654
0.023883
0.138974
0.065079
0.131478
0.152141
0.117798
0.152806
0.118792
0.047168
0.207078
0.150999
0.140711
0.036193
0.238977
0.245890
0.155971
0.051362
0.246466
0.189233
0.211640
0.220965
0.140346
0.021505
0.315194
0.005625
0.164957
0.140605
0.047742
0.178009
0.039884
0.070341
0.066547
0.224245
0.050075
0.233031
0.211045
0.121958
0.180724
0.036750
0.070619
0.100229
0.083944
0.094843
0.092089
0.056150
0.112698
0.064800
0.086545
0.026344
0.163726
0.153422
0.129083
0.018822
0.173055
0.147171
0.133607
0.136501
0.065094
0.079807
0.172043
0.049863
0.075820
0.092840
0.023374
0.138719
0.019722
0.025089
0.035155
0.140249
0.027567
0.224456
0.121520
0.064846
0.126940
0.018687
0.127679
0.112377
0.137696
0.068726
0.101227
0.123720
0.028342
0.077952
0.078593
0.128402
0.150820
0.072807
0.074138
0.137612
0.121109
0.088368
0.110611
0.076478
0.118014
0.156793
0.116333
0.078791
0.083896
0.106181
0.123225
0.094420
0.094786
0.071025
0.080525
0.090768
0.158386
0.128623
0.066031
0.112725
0.074479
0.021679
0.039097
0.037959
0.062240
0.024379
0.113675
0.028497
0.082455
0.048816
0.040987
0.111811
0.065706
0.068268
0.051798
0.053210
0.038050
0.027012
0.110829
0.291945
0.138363
0.034552
0.037409
0.074338
0.046479
0.106034
0.051864
0.038952
0.088104
0.088624
0.168975
0.032730
0.039062
0.028175
0.084655
0.018797
0.029323
0.033716
0.036702
0.101275
0.019676
0.068926
0.048172
0.051586
0.094153
0.047471
0.067656
0.038811
0.068100
0.038873
0.033168
0.078260
0.276704
0.102862
0.041990
0.020765
0.054686
0.035043
0.088182
0.041609
0.026482
0.096932
0.069057
0.133494
0.043792
0.035024
0.025261
0.066383
0.057084
0.067517
0.039472
0.119227
0.040394
0.093659
0.068630
0.062620
0.129935
0.071552
0.083534
0.066927
0.087880
0.053216
0.046925
0.114920
0.277423
0.134714
0.045892
0.042740
0.065583
0.059806
0.106380
0.053893
0.046212
0.114060
0.077118
0.183928
0.049960
0.048702
0.048493
0.087193
0.041519
0.049965
0.071066
0.014522
0.066526
0.047539
0.059864
0.046263
0.055049
0.063731
0.035987
0.041286
0.039433
0.032921
0.067092
0.260866
0.104216
0.037088
0.019331
0.077482
0.030804
0.096949
0.065753
0.029383
0.065556
0.081252
0.086837
0.052723
0.024753
0.026736
0.071400
0.099509
0.101130
0.046494
0.034330
0.110015
0.119301
0.072783
0.018932
0.126096
0.081402
0.113234
0.095446
0.064690
0.021222
0.293523
0.036994
0.082879
0.043420
0.031946
0.068790
0.053186
0.043962
0.022243
0.134673
0.051498
0.121219
0.100290
0.056473
0.070862
0.034197
0.107529
0.024858
0.118071
0.022964
0.012218
0.112999
0.096745
0.034538
0.034879
0.027729
0.018229
0.020113
0.158090
0.249837
0.185258
0.015974
0.034532
0.100316
0.036179
0.136326
0.065574
0.059908
0.056550
0.114186
0.160752
0.007637
0.039779
0.021442
0.116842
0.075437
0.072237
0.120728
0.130249
0.090035
0.061061
0.141156
0.124381
0.090092
0.106488
0.063267
0.135002
0.139466
0.126736
0.061752
0.079298
0.098912
0.125714
0.079769
0.078418
0.064009
0.077056
0.084780
0.183873
0.119731
0.056464
0.110476
0.066553
0.080141
0.023429
0.032371
0.047869
0.057472
0.034838
0.016941
0.024654
0.013968
0.020259
0.090457
0.260131
0.121819
0.025936
0.004111
0.076082
0.017678
0.106050
0.057469
0.032278
0.045510
0.087764
0.091218
0.021823
0.019087
0.010993
0.081111
0.158018
0.157653
0.123165
0.015579
0.178790
0.137851
0.135648
0.139220
0.059590
0.042052
0.219135
0.028714
0.076844
0.086988
0.017556
0.126552
0.009668
0.027687
0.016264
0.151763
0.011712
0.213437
0.130804
0.058193
0.114599
0.004889
0.014280
0.080277
0.128490
0.013150
0.013197
0.020304
0.007483
0.044548
0.168312
0.300283
0.216875
0.042715
0.026254
0.148443
0.018922
0.187175
0.113214
0.087928
0.048566
0.164341
0.099642
0.019094
0.056106
0.011891
0.158708
0.110643
0.127925
0.025878
0.026618
0.028196
0.017630
0.039936
0.181899
0.284499
0.223350
0.035641
0.036803
0.141272
0.029202
0.181510
0.101948
0.086831
0.061506
0.158995
0.133831
0.012528
0.058946
0.020379
0.157954
0.094124
0.079650
0.063783
0.062563
0.072765
0.091068
0.094951
0.315256
0.137193
0.097213
0.042423
0.139153
0.055437
0.156545
0.132361
0.088805
0.065149
0.154146
0.043012
0.095572
0.076237
0.070586
0.126724
0.148195
0.109988
0.116441
0.106765
0.050160
0.045877
0.214268
0.037582
0.067597
0.060287
0.019685
0.100924
0.020373
0.022538
0.015520
0.130922
0.028491
0.173676
0.105693
0.047266
0.089990
0.011724
0.016894
0.020710
0.019598
0.066614
0.175373
0.332431
0.225162
0.056949
0.039256
0.164227
0.019942
0.206003
0.128015
0.110708
0.043811
0.187505
0.096853
0.018734
0.079799
0.025519
0.178159
0.025949
0.016493
0.048464
0.124451
0.312869
0.172015
0.051327
0.018265
0.129294
0.010333
0.167240
0.098797
0.075542
0.054145
0.145803
0.075195
0.026553
0.051502
0.010016
0.138581
0.021267
0.036193
0.154189
0.265036
0.191247
0.030025
0.033921
0.136801
0.032570
0.160909
0.098073
0.081167
0.015902
0.146529
0.111424
0.021552
0.043401
0.026806
0.137879
0.033904
0.155742
0.276244
0.198021
0.034996
0.018769
0.127525
0.021614
0.167441
0.097018
0.071562
0.048081
0.141024
0.102882
0.014709
0.041685
0.009076
0.138378
0.108318
0.195291
0.122186
0.012315
0.031969
0.061186
0.051518
0.075786
0.035616
0.023824
0.059769
0.061135
0.160306
0.032192
0.014450
0.029549
0.061446
0.333329
0.019459
0.125378
0.088139
0.049960
0.109778
0.060045
0.069479
0.048179
0.172752
0.061191
0.148900
0.155159
0.090583
0.120560
0.046492
0.292959
0.190799
0.275494
0.232486
0.329561
0.203430
0.204694
0.221784
0.262742
0.200191
0.399029
0.283983
0.205464
0.286233
0.203276
0.142090
0.120157
0.037172
0.159967
0.030605
0.055058
0.054768
0.196897
0.041741
0.218957
0.188742
0.102582
0.166097
0.029108
0.036818
0.070988
0.049099
0.091590
0.043255
0.038829
0.049904
0.075100
0.164688
0.025251
0.025537
0.036862
0.076740
0.081013
0.016689
0.113509
0.064042
0.037556
0.050896
0.094376
0.080590
0.029186
0.025557
0.015923
0.087024
0.115990
0.018304
0.016758
0.019696
0.156781
0.014632
0.219945
0.111110
0.063165
0.107618
0.013485
0.158794
0.095928
0.067677
0.063282
0.139388
0.067644
0.024794
0.058575
0.013321
0.130039
0.023614
0.031985
0.171123
0.015239
0.257245
0.152391
0.075560
0.144674
0.006675
0.020912
0.113461
0.022836
0.217492
0.078772
0.039641
0.082600
0.022356
0.104740
0.020805
0.157948
0.070644
0.025159
0.054053
0.018472
0.164335
0.135106
0.049040
0.056746
0.063183
0.151257
0.247719
0.131906
0.056786
0.120846
0.011923
0.136642
0.148674
0.091599
0.215896
0.049351
0.019928
0.131421
0.039463
0.059708
0.116001
