0.055381
0.044284
0.026137
0.075879
0.117568
0.053673
0.024759
0.061258
0.076026
0.035198
0.025088
0.088640
0.100146
0.036180
0.021553
0.035439
0.063391
0.027428
0.093215
0.087913
0.018788
0.084509
0.111934
0.134637
0.068914
0.089727
0.151838
0.135762
0.099329
0.022402
0.096797
0.041834
0.136981
0.064133
0.084775
0.095569
0.149509
0.048895
0.135245
0.078125
0.103175
0.106089
0.026963
0.040336
0.239649
0.031402
0.030792
0.037316
0.136902
0.015387
0.020541
0.130869
0.198758
0.069499
0.078267
0.120305
0.115928
0.071221
0.032720
0.166029
0.172905
0.024350
0.020010
0.036660
0.065750
0.047917
0.148610
0.043113
0.054369
0.067032
0.154974
0.184356
0.022994
0.080503
0.249308
0.170431
0.130077
0.068810
0.089722
0.100212
0.202393
0.090981
0.069163
0.187332
0.223847
0.042968
0.226813
0.014150
0.170547
0.103139
0.038080
0.033644
0.158313
0.066409
0.017924
0.043020
0.227755
0.022857
0.101810
0.163560
0.050153
0.056818
0.093777
0.086337
0.057443
0.026585
0.147786
0.143993
0.033689
0.016985
0.038456
0.040454
0.030469
0.112961
0.077694
0.039038
0.068247
0.122929
0.150314
0.038785
0.053044
0.214948
0.142803
0.107283
0.075007
0.060613
0.084459
0.165483
0.067550
0.042980
0.151353
0.195086
0.040233
0.187453
0.026324
0.144720
0.074725
0.023717
0.035188
0.142141
0.043438
0.019697
0.036556
0.193649
0.089024
0.144678
0.049986
0.039305
0.074538
0.080481
0.030852
0.010787
0.107836
0.120817
0.015911
0.014261
0.018025
0.051576
0.015418
0.107643
0.045570
0.020937
0.054745
0.114646
0.135402
0.045962
0.070602
0.180237
0.134512
0.097831
0.029778
0.079019
0.058899
0.153030
0.065263
0.061861
0.131899
0.166460
0.021822
0.165862
0.033683
0.119179
0.095298
0.025332
0.009982
0.183057
0.041372
0.014717
0.016598
0.163806
0.028002
0.025088
0.087443
0.006787
0.007236
0.077273
0.106656
0.027933
0.016448
0.119441
0.073538
0.138350
0.034700
0.056047
0.006887
0.128121
0.041685
0.049287
0.027194
0.021412
0.195027
0.036931
0.054421
0.021628
0.015567
0.111876
0.035825
0.014037
0.027877
0.012233
0.044364
0.018802
0.030046
0.104846
0.025598
0.164614
0.012994
0.038908
0.052908
0.103705
0.166269
0.022778
0.127035
0.086073
0.041924
0.063045
0.110913
0.029016
0.025563
0.099791
0.164993
0.015887
0.019391
0.182447
0.130568
0.190032
0.093153
0.096567
0.027953
0.205472
0.080067
0.108876
0.049521
0.032448
0.259298
0.083157
0.015490
0.046830
0.045152
0.152979
0.085423
0.044241
0.014518
0.044333
0.100400
0.017327
0.016272
0.169853
0.016095
0.233500
0.016728
0.094426
0.102379
0.156779
0.252761
0.065493
0.182337
0.133131
0.009627
0.070213
0.023092
0.016357
0.051683
0.072157
0.056952
0.053671
0.081823
0.032487
0.096355
0.018365
0.033614
0.026481
0.088287
0.023648
0.033133
0.055872
0.050621
0.120135
0.017421
0.100662
0.036400
0.025978
0.085121
0.015139
0.024174
0.063080
0.014274
0.017095
0.058862
0.076547
0.078929
0.070428
0.092952
0.044032
0.029677
0.017404
0.066860
0.126533
0.013143
0.073184
0.058891
0.088351
0.073182
0.081349
0.033705
0.036599
0.093944
0.111872
0.057942
0.042465
0.044133
0.077909
0.028636
0.106576
0.128240
0.029244
0.111879
0.120426
0.140346
0.093929
0.100118
0.143524
0.152230
0.117639
0.043649
0.110322
0.063985
0.137308
0.079576
0.099089
0.104909
0.153600
0.064389
0.142041
0.090416
0.113086
0.126298
0.047904
0.044041
0.258546
0.048653
0.042072
0.043651
0.129812
0.007588
0.059211
0.091687
0.023471
0.016379
0.108572
0.063365
0.117336
0.032972
0.044637
0.009716
0.119420
0.032103
0.048125
0.033431
0.020096
0.179705
0.038746
0.048775
0.025408
0.014352
0.090274
0.039068
0.013035
0.030400
0.012018
0.043476
0.022185
0.031343
0.092916
0.028189
0.156343
0.011118
0.045030
0.041906
0.086619
0.179377
0.019979
0.113417
0.069362
0.039518
0.064428
0.100223
0.028898
0.018584
0.117020
0.063294
0.127200
0.027167
0.046217
0.008612
0.124559
0.039613
0.045303
0.025859
0.018244
0.180895
0.024227
0.055366
0.019698
0.010668
0.113815
0.026379
0.021432
0.021706
0.007506
0.032199
0.026317
0.031162
0.100421
0.032081
0.149137
0.015220
0.030893
0.042912
0.092091
0.149476
0.021257
0.117153
0.075288
0.040360
0.040516
0.071981
0.090934
0.064068
0.038230
0.044104
0.065054
0.016352
0.092464
0.099823
0.029973
0.077139
0.100151
0.104692
0.105232
0.070298
0.126595
0.121729
0.083769
0.047154
0.085488
0.055299
0.109578
0.059637
0.073356
0.104278
0.122748
0.065120
0.132282
0.090457
0.091628
0.101613
0.031644
0.031470
0.217361
0.042791
0.048961
0.027437
0.108993
0.130783
0.136178
0.021585
0.021888
0.011471
0.066990
0.021774
0.126089
0.066633
0.031818
0.081869
0.122399
0.159055
0.055635
0.091605
0.199695
0.167532
0.122297
0.039581
0.103771
0.072374
0.172822
0.084697
0.082558
0.139873
0.189541
0.016613
0.184538
0.049512
0.139464
0.114862
0.040927
0.010915
0.216279
0.054594
0.020212
0.014263
0.181992
0.019477
0.142693
0.102752
0.152592
0.088554
0.073224
0.036823
0.151206
0.060879
0.081648
0.052711
0.038761
0.226729
0.083921
0.021932
0.053246
0.042096
0.109042
0.088243
0.027217
0.027089
0.039296
0.098349
0.025259
0.022369
0.135559
0.030656
0.202743
0.015439
0.096864
0.085324
0.117674
0.252369
0.055688
0.150092
0.100942
0.017538
0.159893
0.108862
0.161449
0.064032
0.080564
0.019296
0.163093
0.070760
0.075449
0.023161
0.015514
0.244731
0.064449
0.031882
0.037197
0.020875
0.137909
0.073674
0.029707
0.013053
0.027421
0.080253
0.015362
0.012016
0.129657
0.018975
0.218817
0.009589
0.065678
0.084042
0.129007
0.213173
0.053061
0.171811
0.100681
0.017495
0.030237
0.026245
0.084058
0.037999
0.142651
0.050396
0.038919
0.071016
0.151796
0.185058
0.032948
0.106115
0.223256
0.173808
0.141019
0.032280
0.109005
0.079996
0.198745
0.099069
0.092174
0.164417
0.211019
0.023566
0.205440
0.030236
0.158914
0.131869
0.052053
0.026995
0.210484
0.065199
0.016264
0.037375
0.206484
0.036242
0.036698
0.019910
0.088235
0.053052
0.021389
0.049918
0.101993
0.122918
0.050955
0.051784
0.173987
0.112632
0.079770
0.046064
0.057729
0.049941
0.133966
0.048826
0.045237
0.113679
0.153248
0.040227
0.148862
0.040438
0.104899
0.067190
0.012972
0.026249
0.160841
0.024657
0.019288
0.027440
0.154384
0.088508
0.035798
0.160683
0.072795
0.050042
0.100325
0.150452
0.187956
0.044924
0.113559
0.225481
0.201801
0.147985
0.038220
0.134674
0.099837
0.200060
0.108689
0.107023
0.177501
0.216755
0.024599
0.221814
0.053071
0.169569
0.141510
0.054632
0.016209
0.236897
0.078989
0.027701
0.020519
0.203125
0.037558
0.038827
0.092852
0.035880
0.038635
0.051565
0.054633
0.119544
0.011578
0.136246
0.051033
0.027686
0.103302
0.018600
0.046701
0.078647
0.015764
0.012797
0.081833
0.097672
0.066845
0.095780
0.093537
0.064816
0.012992
0.019804
0.064216
0.092892
0.019282
0.080191
0.054600
0.114243
0.070482
0.076033
0.014865
0.053000
0.074934
0.089915
0.086952
0.047947
0.129060
0.096354
0.066715
0.045883
0.056461
0.039157
0.098926
0.042062
0.045668
0.088900
0.116225
0.032693
0.116807
0.064905
0.081023
0.070980
0.020838
0.018494
0.172699
0.023929
0.034471
0.016419
0.111287
0.151191
0.053367
0.059050
0.029967
0.016263
0.213055
0.037619
0.052948
0.013472
0.015433
0.133728
0.031683
0.024460
0.024634
0.016960
0.042940
0.019684
0.028043
0.125973
0.017890
0.182070
0.012688
0.038948
0.060815
0.124740
0.161941
0.032149
0.147674
0.103606
0.043698
0.078418
0.050906
0.156574
0.173490
0.085191
0.108827
0.240486
0.155955
0.121410
0.079899
0.114912
0.094233
0.202123
0.103298
0.098348
0.188163
0.201404
0.054498
0.215047
0.067003
0.157512
0.121922
0.074773
0.052463
0.183410
0.090158
0.070871
0.064236
0.220357
0.048128
0.082333
0.084420
0.084363
0.051435
0.112468
0.081689
0.060690
0.031884
0.050217
0.022162
0.097484
0.034971
0.047839
0.067836
0.105635
0.043363
0.092517
0.072728
0.064125
0.072163
0.017836
0.034027
0.189999
0.013350
0.036589
0.031958
0.104572
0.071725
0.071526
0.126809
0.035031
0.143206
0.059102
0.042047
0.094932
0.035364
0.043719
0.098058
0.034876
0.031758
0.099690
0.098451
0.064641
0.113368
0.093814
0.068567
0.047597
0.047193
0.063375
0.114806
0.042738
0.089102
0.058320
0.123916
0.029795
0.233852
0.049029
0.074495
0.048034
0.028665
0.162837
0.062053
0.047202
0.024647
0.030381
0.062780
0.038774
0.037527
0.113772
0.050136
0.196600
0.033752
0.043596
0.086264
0.117128
0.155993
0.059512
0.165730
0.091704
0.049398
0.267254
0.047919
0.044432
0.016979
0.010933
0.170809
0.051714
0.049124
0.015103
0.026846
0.061049
0.036334
0.015293
0.148047
0.024650
0.226669
0.013441
0.048151
0.087565
0.141673
0.171134
0.060998
0.192482
0.116072
0.033609
0.142696
0.316103
0.244700
0.206059
0.070205
0.149445
0.152482
0.279935
0.152385
0.125701
0.251691
0.304603
0.072320
0.295159
0.019251
0.243258
0.170520
0.072064
0.067663
0.223232
0.110207
0.026054
0.082811
0.296239
0.126279
0.042909
0.025698
0.133329
0.009253
0.054361
0.064364
0.015649
0.006311
0.084578
0.086131
0.091110
0.094243
0.107341
0.060823
0.010187
0.032105
0.079612
0.078557
0.029298
0.099766
0.068407
0.103455
0.071828
0.070200
0.179657
0.125906
0.066535
0.029318
0.076272
0.141573
0.032023
0.022700
0.202682
0.022780
0.287869
0.026775
0.139766
0.143031
0.187958
0.316474
0.104269
0.226438
0.161143
0.011439
0.015643
0.167694
0.032921
0.048115
0.034043
0.028723
0.048733
0.048527
0.034752
0.156329
0.032817
0.203246
0.023660
0.039999
0.081007
0.152419
0.137873
0.053654
0.182397
0.135433
0.062754
0.136706
0.031504
0.034163
0.026794
0.010836
0.035483
0.043394
0.031459
0.113371
0.042634
0.172115
0.018845
0.023491
0.053062
0.106534
0.132733
0.036340
0.146121
0.087092
0.052704
0.135805
0.064818
0.184335
0.104341
0.124263
0.137688
0.182649
0.053899
0.172696
0.081707
0.133130
0.160985
0.054621
0.044747
0.284704
0.064386
0.037433
0.049971
0.172038
0.051849
0.073130
0.021806
0.005181
0.081960
0.091030
0.104628
0.085289
0.108647
0.060311
0.018155
0.036922
0.095209
0.083197
0.029682
0.103275
0.086906
0.112592
0.054425
0.024100
0.056195
0.025748
0.051337
0.075579
0.044065
0.133627
0.024446
0.065375
0.040680
0.073428
0.202433
0.018255
0.089215
0.060373
0.058892
0.036075
0.084150
0.026274
0.009733
0.169276
0.022120
0.243763
0.016536
0.065527
0.105048
0.158463
0.201118
0.072055
0.203313
0.130240
0.013241
0.022765
0.042424
0.048540
0.086167
0.052260
0.126164
0.026017
0.018958
0.029816
0.078009
0.128458
0.016499
0.099545
0.063544
0.059117
0.095401
0.105145
0.083163
0.104622
0.089130
0.072085
0.016861
0.028061
0.074519
0.078274
0.029501
0.086210
0.066327
0.123282
0.024551
0.146057
0.011687
0.228322
0.014495
0.087802
0.093640
0.145729
0.251317
0.051543
0.169708
0.119332
0.026552
0.181522
0.016474
0.269478
0.009435
0.088455
0.122904
0.172245
0.233135
0.084441
0.224041
0.143737
0.011914
0.183661
0.061580
0.138143
0.111357
0.058132
0.017246
0.199587
0.067402
0.042943
0.017551
0.181193
0.264790
0.014063
0.094461
0.117015
0.182898
0.253225
0.072794
0.213462
0.156073
0.023473
0.213110
0.136353
0.060708
0.049460
0.167085
0.094898
0.020867
0.066329
0.267541
0.065652
0.080811
0.128830
0.210202
0.048272
0.166451
0.105946
0.021564
0.046614
0.107175
0.069280
0.039026
0.130635
0.093678
0.112712
0.043194
0.142813
0.013132
0.037452
0.037487
0.127175
0.195141
0.058915
0.028211
0.007958
0.167946
0.156484
0.217100
0.194696
0.276244
0.058900
0.051000
0.090894
0.038792
0.212426
0.138937
