0.016478
0.055079
0.011822
0.009116
0.013799
0.029953
0.007087
0.071790
0.049604
0.063726
0.016720
0.005816
0.007062
0.012995
0.055808
0.016833
0.018288
0.045099
0.030423
0.029013
0.007268
0.052566
0.014389
0.029100
0.008075
0.009503
0.004300
0.027230
0.009809
0.004679
0.007831
0.011303
0.028797
0.041102
0.025519
0.017317
0.036097
0.013119
0.035444
0.008213
0.012922
0.012508
0.015539
0.015517
0.017102
0.012175
0.018963
0.031913
0.229002
0.051562
0.024272
0.021649
0.016082
0.026969
0.026762
0.066725
0.041383
0.086676
0.018919
0.016187
0.024307
0.030542
0.054287
0.015951
0.025777
0.048634
0.042771
0.028555
0.020439
0.042289
0.006896
0.014999
0.018588
0.012868
0.011305
0.024061
0.011064
0.013643
0.011548
0.023826
0.029315
0.046151
0.038605
0.012010
0.036694
0.013552
0.028137
0.025862
0.011077
0.017328
0.012757
0.013792
0.024801
0.029517
0.026145
0.026152
0.210223
0.069854
0.050964
0.080680
0.019438
0.077422
0.006081
0.017845
0.090296
0.061567
0.066168
0.077763
0.044330
0.004940
0.037787
0.063906
0.013956
0.112310
0.061876
0.055426
0.007635
0.063475
0.035856
0.039793
0.049082
0.055944
0.016251
0.030720
0.049356
0.036539
0.063661
0.019379
0.047411
0.037890
0.069087
0.041283
0.069592
0.069564
0.055812
0.044234
0.065541
0.027927
0.021752
0.076158
0.045496
0.020762
0.063325
0.083181
0.012708
0.014524
0.035853
0.007832
0.089999
0.050418
0.054672
0.015647
0.008375
0.007407
0.020682
0.066135
0.023387
0.007087
0.053577
0.009755
0.020736
0.005452
0.061536
0.018497
0.035347
0.009659
0.018227
0.013845
0.047694
0.016572
0.008898
0.015983
0.007966
0.034598
0.033396
0.021520
0.021835
0.027432
0.008778
0.050042
0.004864
0.013686
0.017485
0.019203
0.028878
0.010529
0.009856
0.023672
0.024316
0.246634
0.020019
0.035497
0.013839
0.072916
0.050976
0.077159
0.025870
0.011346
0.014985
0.007395
0.049081
0.020525
0.023119
0.039276
0.036156
0.035224
0.013370
0.053613
0.021920
0.031334
0.011986
0.009273
0.007378
0.030092
0.010871
0.008822
0.010391
0.010660
0.027240
0.044818
0.029230
0.021174
0.041149
0.022380
0.052631
0.007715
0.018475
0.023669
0.019340
0.016054
0.027229
0.008067
0.021526
0.041140
0.229569
0.045454
0.012158
0.100422
0.060338
0.086167
0.024489
0.008554
0.014522
0.029028
0.081646
0.020963
0.018890
0.071921
0.023363
0.040030
0.014070
0.072031
0.007894
0.031218
0.015175
0.015972
0.012030
0.047922
0.016678
0.011281
0.014488
0.012255
0.040635
0.061942
0.043147
0.011513
0.041362
0.008030
0.042153
0.018317
0.012038
0.021348
0.025539
0.031240
0.023231
0.022927
0.039707
0.024765
0.260986
0.041463
0.023979
0.017031
0.056895
0.021791
0.032958
0.038942
0.036609
0.021164
0.019464
0.029377
0.018438
0.058675
0.028807
0.026154
0.012635
0.029941
0.015328
0.019845
0.032358
0.032452
0.013136
0.016491
0.024694
0.017787
0.033815
0.020435
0.029177
0.020286
0.038117
0.024458
0.031352
0.043964
0.029729
0.021822
0.029768
0.005849
0.014702
0.032469
0.028267
0.011387
0.028434
0.135890
0.096058
0.065327
0.062999
0.017464
0.006929
0.004940
0.019805
0.077845
0.029090
0.016158
0.063089
0.018607
0.031009
0.005708
0.074280
0.017886
0.043688
0.013715
0.018196
0.010691
0.046097
0.019650
0.007938
0.014924
0.009971
0.043855
0.046632
0.029653
0.017876
0.042917
0.011765
0.043025
0.007526
0.019920
0.013729
0.024238
0.032062
0.013529
0.015760
0.029743
0.034795
0.261232
0.023890
0.101532
0.072519
0.082811
0.096010
0.063449
0.012761
0.051871
0.078561
0.023847
0.133780
0.074984
0.070243
0.010436
0.078875
0.050299
0.054462
0.068399
0.073834
0.021816
0.045314
0.065078
0.050668
0.083087
0.029658
0.057622
0.049819
0.087308
0.051922
0.085927
0.078296
0.074605
0.058212
0.078145
0.038983
0.034903
0.090259
0.063587
0.030566
0.074419
0.068337
0.070521
0.052119
0.050172
0.061715
0.046145
0.014544
0.019367
0.035328
0.018466
0.077947
0.040396
0.040215
0.007457
0.049317
0.026790
0.027471
0.047921
0.049095
0.030682
0.026776
0.041570
0.032589
0.050254
0.009842
0.031785
0.025179
0.066377
0.014671
0.047210
0.068190
0.042048
0.026078
0.062438
0.020394
0.022662
0.054793
0.033519
0.018883
0.024718
0.102639
0.057760
0.069294
0.060932
0.074316
0.088691
0.071979
0.049557
0.072068
0.060735
0.042431
0.050669
0.081039
0.084707
0.083214
0.056637
0.082813
0.077248
0.086919
0.069456
0.061888
0.066671
0.065296
0.076839
0.033629
0.036340
0.091518
0.053416
0.059671
0.083500
0.056895
0.065135
0.061280
0.059164
0.075297
0.050947
0.059547
0.050152
0.065934
0.218507
0.016589
0.014259
0.034391
0.065279
0.031975
0.017925
0.054826
0.024982
0.015966
0.011698
0.051547
0.014118
0.030100
0.018578
0.024941
0.017387
0.030254
0.018551
0.011716
0.014548
0.019148
0.044900
0.030621
0.023111
0.016695
0.040621
0.013652
0.027482
0.019424
0.021308
0.004895
0.012572
0.027924
0.008497
0.027610
0.020247
0.032905
0.228064
0.006516
0.019315
0.066093
0.015130
0.014256
0.053784
0.022145
0.029673
0.005865
0.058968
0.009828
0.029144
0.008248
0.013693
0.006435
0.035394
0.011921
0.005418
0.010020
0.007638
0.030367
0.046245
0.029818
0.016074
0.032786
0.009486
0.040412
0.008491
0.010482
0.014550
0.016061
0.020760
0.014694
0.012992
0.024213
0.022672
0.243535
0.021360
0.075835
0.024657
0.013873
0.059138
0.016891
0.023482
0.006040
0.069523
0.017874
0.040929
0.014133
0.018472
0.009252
0.044032
0.018272
0.007545
0.014362
0.009117
0.043419
0.039607
0.024997
0.023091
0.042900
0.011784
0.044286
0.007016
0.020262
0.012424
0.021924
0.029715
0.010958
0.014665
0.026574
0.030886
0.267232
0.043601
0.023317
0.030095
0.029304
0.051117
0.042894
0.017128
0.049824
0.033997
0.041536
0.015891
0.013337
0.011742
0.028597
0.013382
0.013270
0.011556
0.016228
0.024467
0.044882
0.024394
0.035238
0.043738
0.031034
0.061749
0.010688
0.024934
0.031568
0.024653
0.017110
0.036921
0.009448
0.019213
0.044523
0.215822
0.033331
0.057770
0.009421
0.106286
0.058417
0.055297
0.007188
0.067746
0.035625
0.038317
0.049884
0.057336
0.024807
0.031893
0.051058
0.039831
0.060830
0.015960
0.044152
0.035746
0.075989
0.035609
0.069368
0.085134
0.050611
0.043186
0.073467
0.028537
0.022437
0.075750
0.038343
0.021778
0.056035
0.091521
0.018711
0.027044
0.044069
0.032998
0.018407
0.027290
0.019030
0.013183
0.009620
0.018149
0.015509
0.025440
0.009006
0.016369
0.012520
0.018620
0.010830
0.040707
0.026024
0.032328
0.018238
0.019227
0.053484
0.016574
0.007993
0.034796
0.010887
0.009767
0.031917
0.013300
0.018139
0.011729
0.180049
0.049917
0.013381
0.014283
0.007531
0.048981
0.020121
0.030294
0.009762
0.025511
0.020519
0.047056
0.018741
0.013237
0.018579
0.015546
0.026948
0.023023
0.016041
0.030781
0.017230
0.009605
0.047257
0.009496
0.011374
0.023565
0.016260
0.028736
0.010977
0.012336
0.020706
0.014275
0.215204
0.091367
0.051291
0.044681
0.014364
0.063779
0.035452
0.034068
0.041627
0.044665
0.023521
0.027184
0.042500
0.031763
0.047230
0.017886
0.038259
0.025766
0.072143
0.036968
0.059130
0.086415
0.037782
0.041280
0.062159
0.025324
0.018727
0.063813
0.028731
0.017586
0.047630
0.127775
0.028580
0.019576
0.094875
0.029565
0.053575
0.027871
0.041294
0.034785
0.083583
0.040310
0.027410
0.038402
0.020693
0.066048
0.050103
0.040381
0.034690
0.042514
0.015157
0.065146
0.020679
0.029806
0.030462
0.038947
0.060013
0.015386
0.030151
0.049941
0.032000
0.298407
0.018686
0.045844
0.030502
0.037578
0.024426
0.037319
0.029765
0.043696
0.028756
0.023177
0.026736
0.031223
0.041761
0.008727
0.015056
0.039351
0.030150
0.020667
0.037270
0.023389
0.024894
0.021438
0.019914
0.032613
0.011341
0.028469
0.019220
0.029632
0.204164
0.049299
0.014974
0.032592
0.006083
0.017160
0.009691
0.033374
0.011246
0.003722
0.008584
0.008493
0.026376
0.027591
0.014937
0.020263
0.025343
0.009212
0.035869
0.005097
0.011041
0.011780
0.012853
0.021166
0.009973
0.009832
0.014846
0.021855
0.219988
0.054017
0.025557
0.033967
0.047688
0.052663
0.019227
0.027988
0.046542
0.034495
0.057939
0.015672
0.036474
0.030542
0.066075
0.027056
0.056104
0.065584
0.050872
0.033760
0.060527
0.021004
0.019561
0.062913
0.041660
0.017605
0.041844
0.090249
0.018686
0.014631
0.015609
0.012221
0.031217
0.013197
0.010221
0.011152
0.018025
0.035484
0.052352
0.040093
0.006588
0.037675
0.009670
0.025225
0.022361
0.010100
0.012880
0.013468
0.022142
0.019538
0.028323
0.030851
0.025356
0.229382
0.021458
0.024799
0.027408
0.022496
0.016570
0.026698
0.020298
0.034032
0.023663
0.048391
0.038449
0.025872
0.027443
0.025218
0.042962
0.033226
0.015184
0.035322
0.010040
0.013422
0.037367
0.032218
0.025982
0.026053
0.169356
0.012885
0.011172
0.026070
0.005711
0.005823
0.007029
0.009413
0.013467
0.031929
0.016881
0.021668
0.015225
0.012075
0.040960
0.007213
0.004453
0.020064
0.009571
0.012795
0.018464
0.006318
0.011292
0.018331
0.188856
0.007629
0.026375
0.007840
0.010591
0.008041
0.014991
0.027287
0.049034
0.033314
0.016840
0.040048
0.016344
0.043572
0.015544
0.014120
0.021370
0.018336
0.013039
0.030163
0.016333
0.022583
0.036695
0.219678
0.024971
0.008391
0.005054
0.005873
0.010995
0.028536
0.043366
0.028225
0.015751
0.041231
0.014115
0.036111
0.010112
0.013800
0.013365
0.015907
0.013121
0.020048
0.013897
0.020157
0.031873
0.233476
0.016041
0.024477
0.015120
0.041267
0.023258
0.044222
0.031793
0.035963
0.046515
0.042634
0.035536
0.036985
0.029005
0.029216
0.013457
0.008662
0.045334
0.034832
0.014786
0.051299
0.143054
0.006285
0.002915
0.010323
0.014401
0.036014
0.020569
0.017567
0.024538
0.014590
0.039174
0.012666
0.007313
0.018905
0.007731
0.007640
0.026404
0.010844
0.010538
0.022939
0.184957
0.004198
0.008243
0.024053
0.034474
0.020173
0.013902
0.030964
0.010666
0.030669
0.007720
0.009357
0.009476
0.011193
0.014993
0.014109
0.010842
0.014768
0.027313
0.217460
0.010585
0.019930
0.035210
0.019739
0.015859
0.031524
0.014189
0.031576
0.011757
0.010216
0.013794
0.007935
0.009167
0.022005
0.012849
0.012296
0.026289
0.197123
0.032963
0.044574
0.025644
0.020515
0.034794
0.012585
0.057032
0.007287
0.014950
0.020295
0.019850
0.025806
0.021881
0.008788
0.023648
0.024899
0.247197
0.037381
0.025399
0.048510
0.015114
0.037129
0.061182
0.025262
0.014726
0.048531
0.016252
0.011079
0.046103
0.017073
0.014661
0.025862
0.128492
0.010484
0.062150
0.029583
0.037983
0.051422
0.031830
0.036460
0.037073
0.026621
0.035480
0.026692
0.032557
0.015771
0.040688
0.165829
0.048311
0.022918
0.026580
0.051736
0.015466
0.024959
0.029037
0.017104
0.024071
0.021770
0.015565
0.007173
0.029372
0.173146
0.050397
0.013694
0.026437
0.027108
0.017728
0.012785
0.021551
0.029304
0.024210
0.034154
0.037299
0.041674
0.242966
0.026920
0.062768
0.027068
0.013413
0.048947
0.020325
0.027457
0.033848
0.023258
0.019968
0.014010
0.147629
0.035621
0.014500
0.008666
0.013823
0.017110
0.026786
0.011443
0.020041
0.025940
0.016294
0.237964
0.054337
0.036194
0.019297
0.033018
0.040429
0.032395
0.064196
0.041555
0.063791
0.203841
0.014869
0.021524
0.015769
0.020114
0.014906
0.003187
0.016450
0.024731
0.227214
0.022240
0.010315
0.013780
0.020140
0.014255
0.017269
0.012826
0.187180
0.017681
0.027716
0.011870
0.030674
0.023691
0.042481
0.238357
0.008716
0.019224
0.017137
0.009351
0.019905
0.167039
0.033651
0.018004
0.010217
0.031452
0.159202
0.024460
0.024576
0.028079
0.238356
0.014753
0.024330
0.206438
0.030281
0.150306
0.199869
