0.578013
0.632627
0.659930
0.726984
0.584168
0.559743
0.531682
0.593828
0.601747
0.504330
0.801226
0.572891
0.643807
0.506189
0.655420
0.663090
0.613207
0.456646
0.611110
0.639837
0.739222
0.545319
0.611539
0.566428
0.682566
0.646407
0.603826
0.723082
0.612927
0.691359
0.649875
0.619100
0.736935
0.594484
0.568490
0.463292
0.633908
0.623803
0.757594
0.594496
0.777172
0.626750
0.758658
0.653932
0.620795
0.732044
0.593177
0.586560
0.622959
0.566343
0.328320
0.578546
0.448574
0.502332
0.570524
0.382529
0.704425
0.318437
0.813562
0.399482
0.408956
0.489988
0.433190
0.610735
0.575215
0.562107
0.521163
0.487672
0.521277
0.461130
0.509546
0.561468
0.572455
0.604099
0.474559
0.590352
0.490231
0.355509
0.458506
0.488370
0.507326
0.322112
0.480867
0.539416
0.458156
0.338759
0.499284
0.694935
0.628922
0.570000
0.546202
0.412038
0.405430
0.506629
0.463909
0.634822
0.564648
0.545205
0.743136
0.517136
0.415578
0.518033
0.627694
0.683468
0.419485
0.821606
0.592907
0.520904
0.526886
0.585083
0.506615
0.642762
0.606767
0.563255
0.694799
0.704218
0.585664
0.572501
0.659869
0.658759
0.645283
0.669440
0.595524
0.644486
0.672080
0.649165
0.595246
0.737967
0.675752
0.446835
0.587418
0.581135
0.529140
0.752020
0.748869
0.690703
0.543490
0.640250
0.567410
0.619420
0.785793
0.568509
0.610563
0.570133
0.715123
0.474397
0.572483
0.563872
0.489124
0.540092
0.441218
0.846206
0.460436
0.390199
0.534398
0.453067
0.547520
0.609323
0.509898
0.524175
0.605586
0.582676
0.497065
0.560497
0.658420
0.577220
0.630010
0.427761
0.498863
0.569380
0.472878
0.411678
0.536265
0.573973
0.532835
0.522981
0.577919
0.598928
0.449321
0.615184
0.643011
0.668958
0.571420
0.523504
0.527086
0.525823
0.570710
0.412232
0.607711
0.443481
0.702778
0.717184
0.726214
0.507515
0.765660
0.665313
0.815207
0.644760
0.719128
0.675780
0.598394
0.818093
0.769524
0.731852
0.767893
0.703015
0.796477
0.713908
0.678555
0.713741
0.737822
0.753098
0.610528
0.758276
0.608284
0.690697
0.735604
0.749178
0.764562
0.566306
0.701878
0.733175
0.642550
0.723772
0.728768
0.821206
0.809177
0.780978
0.735313
0.577812
0.688124
0.707132
0.735787
0.793442
0.764560
0.340395
0.434925
0.506741
0.595950
0.281227
0.827411
0.465407
0.438135
0.425684
0.556472
0.484260
0.658788
0.599788
0.472141
0.546251
0.513091
0.499264
0.515582
0.536350
0.566220
0.563856
0.476875
0.506126
0.541748
0.618659
0.574674
0.539969
0.643855
0.548401
0.381285
0.522092
0.561384
0.445783
0.668789
0.598525
0.729043
0.612125
0.581486
0.498277
0.494689
0.625707
0.545879
0.596503
0.401279
0.392208
0.552893
0.693503
0.270534
0.809402
0.419632
0.505577
0.378145
0.606269
0.349251
0.626335
0.576146
0.493030
0.602869
0.643523
0.529826
0.521524
0.516128
0.603492
0.423682
0.612410
0.605857
0.533028
0.627614
0.728190
0.541774
0.707318
0.574907
0.326287
0.383542
0.547558
0.469821
0.696898
0.715429
0.724287
0.634433
0.601208
0.530682
0.626093
0.760146
0.631837
0.470414
0.469799
0.544532
0.624674
0.406194
0.761731
0.360897
0.567776
0.349049
0.600560
0.512571
0.653234
0.521762
0.516257
0.599716
0.580374
0.559809
0.576758
0.486996
0.573369
0.616344
0.567918
0.634809
0.470590
0.631514
0.595546
0.521668
0.730776
0.584303
0.416012
0.544315
0.670778
0.505569
0.736200
0.620859
0.772203
0.592127
0.635564
0.608954
0.638176
0.658464
0.526485
0.511200
0.542876
0.549861
0.498494
0.845596
0.475858
0.519404
0.514959
0.430139
0.698456
0.678017
0.542053
0.526363
0.651935
0.648076
0.462061
0.522936
0.541054
0.477256
0.689480
0.582330
0.731193
0.339758
0.526907
0.555910
0.534711
0.685700
0.548202
0.504836
0.573764
0.594234
0.517662
0.682239
0.709408
0.756974
0.628320
0.613914
0.529942
0.491404
0.532780
0.482483
0.581363
0.583448
0.650923
0.819456
0.648421
0.620944
0.546667
0.590801
0.718085
0.660057
0.563112
0.637232
0.679783
0.688875
0.537537
0.633693
0.628046
0.684061
0.764088
0.641816
0.655905
0.657822
0.710830
0.642425
0.580388
0.757124
0.668039
0.569237
0.643465
0.728452
0.686600
0.853315
0.605388
0.804909
0.655487
0.691591
0.718979
0.638555
0.692585
0.417730
0.661828
0.620727
0.744847
0.368332
0.420864
0.372966
0.471486
0.346813
0.583096
0.496997
0.418128
0.549609
0.487271
0.460083
0.445970
0.491166
0.552320
0.488718
0.531174
0.484718
0.515501
0.523464
0.522642
0.462213
0.632857
0.419755
0.330317
0.428669
0.477122
0.358256
0.644958
0.618936
0.644374
0.516267
0.551099
0.420691
0.460526
0.599560
0.471963
0.524638
0.368239
0.760291
0.823099
0.637499
0.729094
0.774550
0.668997
0.715147
0.776624
0.719279
0.755849
0.713754
0.727261
0.869223
0.786491
0.728167
0.708167
0.658210
0.743878
0.802521
0.753537
0.774627
0.823455
0.728493
0.721307
0.708730
0.647173
0.779745
0.823119
0.769685
0.695567
0.679143
0.824133
0.708254
0.812093
0.769886
0.689277
0.786223
0.778564
0.445954
0.442001
0.530932
0.548699
0.572376
0.532788
0.502241
0.503724
0.548182
0.524635
0.519657
0.531264
0.530838
0.558822
0.513482
0.569086
0.449057
0.473929
0.586385
0.413759
0.643937
0.452343
0.426424
0.505568
0.576136
0.452320
0.585348
0.567261
0.741273
0.453387
0.572025
0.556437
0.577145
0.649068
0.434612
0.530796
0.498031
0.544729
0.488543
0.589640
0.615233
0.633889
0.633311
0.588751
0.629005
0.557138
0.577080
0.571122
0.615870
0.638372
0.519213
0.623528
0.589882
0.499072
0.553218
0.551413
0.664764
0.461008
0.470610
0.629015
0.581378
0.495569
0.596403
0.594831
0.591448
0.600143
0.490862
0.572902
0.443687
0.601487
0.514533
0.648545
0.497945
0.484693
0.536316
0.558066
0.457892
0.496575
0.594778
0.557471
0.465794
0.488610
0.522214
0.547739
0.543274
0.465825
0.610860
0.541946
0.620187
0.563042
0.541300
0.696928
0.558718
0.357666
0.387219
0.585867
0.458851
0.742916
0.680568
0.717424
0.547634
0.566694
0.495139
0.588417
0.650816
0.486217
0.573644
0.579419
0.626349
0.569159
0.523613
0.505283
0.646781
0.646340
0.458634
0.492601
0.645634
0.510753
0.668525
0.494393
0.594274
0.547787
0.569770
0.520824
0.491334
0.610487
0.544053
0.584407
0.593315
0.515880
0.492501
0.683484
0.705272
0.699557
0.601772
0.556406
0.506660
0.527146
0.559997
0.437303
0.691341
0.528542
0.616502
0.656555
0.530457
0.657702
0.679347
0.566796
0.543612
0.616702
0.663020
0.518086
0.688299
0.489342
0.686604
0.691818
0.672907
0.573419
0.772226
0.654571
0.457569
0.505596
0.665214
0.579467
0.827096
0.692544
0.691791
0.636202
0.639737
0.595418
0.701210
0.725776
0.624950
0.537333
0.415888
0.668178
0.685556
0.657404
0.642200
0.566159
0.636169
0.671092
0.659260
0.600921
0.668018
0.695511
0.642110
0.579857
0.672714
0.580877
0.638389
0.587714
0.560209
0.595312
0.610393
0.586942
0.670114
0.723710
0.619130
0.559595
0.707764
0.612193
0.654448
0.718228
0.580294
0.705763
0.646826
0.449097
0.670713
0.673748
0.488783
0.625861
0.711675
0.589282
0.696871
0.531641
0.675305
0.535654
0.667204
0.575319
0.529643
0.739348
0.657761
0.580075
0.311623
0.600282
0.572237
0.776504
0.599644
0.774713
0.560451
0.684572
0.610765
0.645811
0.724621
0.456659
0.517321
0.556834
0.609153
0.574643
0.418468
0.503711
0.656632
0.503354
0.627596
0.608622
0.515511
0.534265
0.679931
0.649967
0.457643
0.637413
0.596611
0.558984
0.456649
0.608163
0.504108
0.821295
0.636593
0.728230
0.531039
0.627792
0.507470
0.617906
0.634979
0.511267
0.603131
0.418459
0.624393
0.592382
0.597337
0.718968
0.636527
0.657395
0.477580
0.636917
0.617478
0.555019
0.635808
0.615318
0.688543
0.504665
0.602455
0.696320
0.702607
0.568667
0.634449
0.710068
0.704561
0.572911
0.664314
0.634328
0.665380
0.711649
0.580601
0.762139
0.632087
0.577846
0.662537
0.685205
0.631728
0.638436
0.633079
0.581977
0.596937
0.659002
0.499085
0.639307
0.603698
0.559567
0.599141
0.584192
0.646772
0.564656
0.679212
0.753295
0.678136
0.623744
0.726106
0.570020
0.584889
0.684102
0.634478
0.649165
0.614556
0.481929
0.618005
0.390963
0.626106
0.518842
0.557909
0.501131
0.654688
0.550096
0.453566
0.655645
0.580480
0.415076
0.522187
0.592616
0.499038
0.699441
0.576464
0.560901
0.562484
0.592410
0.466541
0.537350
0.693688
0.454953
0.624057
0.507670
0.637692
0.636795
0.651562
0.516106
0.515869
0.560798
0.570438
0.611724
0.521530
0.659286
0.529550
0.547302
0.587421
0.593355
0.507771
0.728640
0.678440
0.626495
0.625486
0.573026
0.553916
0.523804
0.684400
0.518307
0.669547
0.481033
0.639849
0.755538
0.647733
0.768298
0.500486
0.657226
0.673888
0.518082
0.826178
0.597939
0.474888
0.647385
0.690676
0.555043
0.820609
0.699866
0.808044
0.660794
0.731932
0.624538
0.635254
0.679037
0.590380
0.651357
0.651220
0.667894
0.624720
0.697594
0.387165
0.734872
0.679104
0.522375
0.721104
0.670812
0.500789
0.632466
0.658810
0.644672
0.799176
0.627809
0.705820
0.572362
0.670783
0.644798
0.665640
0.711305
0.545643
0.701001
0.615380
0.684145
0.613308
0.710766
0.690460
0.670176
0.664492
0.665123
0.673160
0.531415
0.522338
0.652152
0.622124
0.663846
0.753131
0.665502
0.653947
0.596400
0.685583
0.666749
0.797133
0.653529
0.614450
0.536723
0.556315
0.610834
0.573988
0.425068
0.568395
0.613698
0.483997
0.575070
0.645948
0.642410
0.480483
0.617867
0.737788
0.714749
0.622390
0.571688
0.550831
0.616210
0.650748
0.476197
0.705988
0.493988
0.688380
0.725162
0.592142
0.559125
0.662400
0.600889
0.568462
0.645826
0.688524
0.541173
0.757143
0.665520
0.571754
0.559494
0.717488
0.584306
0.655614
0.702041
0.505548
0.582677
0.305010
0.589844
0.636839
0.473949
0.761116
0.530424
0.533687
0.567308
0.607598
0.557298
0.693133
0.683954
0.700206
0.588858
0.686158
0.572712
0.594873
0.629927
0.519199
0.613020
0.620500
0.579996
0.622750
0.595285
0.384047
0.587359
0.664054
0.565994
0.466658
0.487841
0.816935
0.683282
0.704114
0.603734
0.572151
0.527015
0.628831
0.583427
0.679502
0.632140
0.631961
0.590905
0.578967
0.639991
0.655230
0.619535
0.563053
0.660676
0.773119
0.681386
0.680693
0.537325
0.566115
0.495290
0.562768
0.490672
0.628076
0.532438
0.719358
0.556962
0.509516
0.612561
0.565358
0.452494
0.771959
0.593090
0.640795
0.310697
0.586152
0.520229
0.555406
0.674192
0.384855
0.611372
0.500124
0.536332
0.729785
0.678443
0.628433
0.621569
0.627711
0.716732
0.747514
0.677187
0.721371
0.659731
0.555696
0.619653
0.649478
0.754985
0.661828
0.591381
0.605959
0.502449
0.395520
0.506763
0.709240
0.628922
0.627775
0.627196
0.511146
0.427850
0.565319
0.514112
0.726371
0.571320
0.488485
0.650097
0.440627
0.721045
0.580893
0.646327
0.602361
0.548589
0.557666
0.568825
0.730479
0.507971
0.524027
0.506453
0.538839
0.539569
0.739653
0.664564
0.772085
0.626003
0.664701
0.562255
0.622473
0.775669
0.592260
0.373269
0.556573
0.518044
0.665307
0.746029
0.639824
0.580086
0.642616
0.437811
0.436581
0.595551
0.582750
0.705507
0.601030
0.635800
0.699976
0.666417
0.556825
0.541818
0.499629
0.434223
0.560979
0.479056
0.633508
0.472787
0.825800
0.694458
0.793745
0.758247
0.730817
0.610887
0.748823
0.756452
0.797503
0.745440
0.806635
0.648002
0.813864
0.733417
0.725051
0.763832
0.569366
0.682537
0.636912
0.665388
0.735335
0.711598
0.601870
0.765824
0.644200
0.794052
0.643321
0.689326
0.585633
0.635608
0.778671
0.400634
0.663109
0.558598
0.630182
0.554474
0.764321
0.555071
0.722087
0.619098
0.473114
0.602081
0.564062
0.718701
0.533682
0.536536
0.546682
0.732620
0.570015
0.616009
0.744587
0.716373
0.595664
0.471582
0.517396
