0.041661
0.064940
0.117472
0.042397
0.056817
0.020971
0.035067
0.054098
0.054527
0.071535
0.033414
0.049469
0.017421
0.073184
0.100662
0.059700
0.094330
0.028659
0.021607
0.076547
0.026420
0.032487
0.029430
0.096908
0.063045
0.065197
0.070213
0.099778
0.112672
0.016861
0.120067
0.070306
0.026985
0.038726
0.013712
0.023627
0.079140
0.027443
0.106661
0.027171
0.053026
0.016648
0.059691
0.014274
0.023092
0.025088
0.027174
0.030491
0.066239
0.151778
0.049875
0.016320
0.135854
0.081406
0.045021
0.032494
0.015090
0.036331
0.066348
0.016202
0.073388
0.024042
0.165646
0.019770
0.059469
0.017310
0.084015
0.151877
0.035140
0.016394
0.017501
0.044592
0.129344
0.026664
0.045216
0.057287
0.041496
0.078512
0.062327
0.040930
0.103808
0.037399
0.033263
0.079994
0.058862
0.021097
0.146535
0.023188
0.028814
0.064076
0.039538
0.063076
0.066365
0.079819
0.055220
0.089834
0.035889
0.270801
0.166480
0.050543
0.033657
0.114501
0.169599
0.182680
0.200833
0.067775
0.162496
0.059218
0.227571
0.136488
0.202854
0.229235
0.139205
0.066533
0.074535
0.100804
0.143508
0.132519
0.262707
0.103419
0.201905
0.212289
0.247678
0.271427
0.051921
0.260829
0.195903
0.030221
0.141744
0.094493
0.073830
0.179570
0.112184
0.180178
0.107984
0.164434
0.050316
0.147324
0.056252
0.064652
0.051825
0.085858
0.048858
0.173716
0.037421
0.224464
0.184769
0.095794
0.038139
0.028311
0.027353
0.153252
0.058074
0.134132
0.019753
0.307036
0.025435
0.014525
0.044143
0.188458
0.289022
0.075427
0.042633
0.045707
0.043314
0.253355
0.042270
0.085319
0.091650
0.016361
0.155799
0.018956
0.018138
0.188532
0.051790
0.102003
0.158417
0.040784
0.059740
0.269810
0.059697
0.033078
0.164802
0.079688
0.142950
0.170977
0.184753
0.163498
0.189149
0.041631
0.121059
0.083648
0.028662
0.016071
0.011648
0.018392
0.068767
0.020651
0.059434
0.015087
0.166626
0.013025
0.039290
0.012994
0.083257
0.154904
0.031891
0.010479
0.009371
0.038298
0.126135
0.014847
0.028073
0.043292
0.029781
0.063050
0.041106
0.024472
0.097933
0.012961
0.025994
0.060297
0.056435
0.020855
0.152604
0.019806
0.035724
0.064963
0.030330
0.055798
0.066189
0.078764
0.062668
0.085820
0.041351
0.029467
0.070131
0.118263
0.144828
0.147449
0.037338
0.138727
0.033515
0.188616
0.091186
0.162763
0.186752
0.109498
0.074962
0.041712
0.104908
0.117560
0.097337
0.225895
0.065015
0.147809
0.155882
0.199761
0.216634
0.029905
0.196567
0.155740
0.026308
0.084323
0.068624
0.037216
0.160244
0.086694
0.155961
0.081631
0.159973
0.045406
0.092440
0.029820
0.043434
0.039659
0.073181
0.019133
0.165094
0.045276
0.097506
0.103100
0.112566
0.025879
0.081569
0.029335
0.135053
0.068371
0.115594
0.155507
0.075415
0.022714
0.034888
0.056179
0.074675
0.061900
0.157875
0.043291
0.109267
0.109967
0.140231
0.173380
0.016581
0.177960
0.126747
0.016234
0.071162
0.028238
0.018439
0.138302
0.053328
0.097450
0.051934
0.106741
0.008677
0.069582
0.012675
0.010786
0.010338
0.023664
0.007135
0.122396
0.043847
0.048258
0.046062
0.043757
0.046383
0.041544
0.061719
0.109184
0.052370
0.079835
0.043032
0.061344
0.090398
0.051269
0.033170
0.025935
0.091705
0.074961
0.050251
0.055965
0.078098
0.081846
0.036198
0.085346
0.058227
0.067466
0.025450
0.025835
0.031707
0.092788
0.033352
0.110501
0.026245
0.069391
0.038281
0.025631
0.029192
0.037814
0.039203
0.038161
0.042668
0.079593
0.018654
0.023935
0.069397
0.045425
0.056215
0.027752
0.202916
0.027793
0.037313
0.017742
0.107102
0.180093
0.046738
0.027221
0.017072
0.063229
0.159198
0.039368
0.057861
0.089242
0.033190
0.072782
0.035437
0.020700
0.096625
0.017760
0.048318
0.080513
0.033580
0.020365
0.202147
0.027799
0.041241
0.087957
0.038311
0.070482
0.091936
0.102640
0.093727
0.100257
0.053873
0.023417
0.078002
0.020833
0.077045
0.011808
0.199181
0.007032
0.034691
0.015521
0.110531
0.183431
0.045218
0.011188
0.017310
0.039825
0.160392
0.026414
0.048183
0.058442
0.029097
0.090070
0.037538
0.019331
0.119747
0.024416
0.043120
0.089564
0.044831
0.018676
0.187243
0.025691
0.027467
0.089143
0.035944
0.078061
0.090147
0.104623
0.081570
0.106415
0.035029
0.082757
0.028847
0.082263
0.021889
0.214774
0.020471
0.022965
0.032228
0.123140
0.196754
0.049414
0.025114
0.014935
0.033227
0.173732
0.022485
0.054919
0.066771
0.016496
0.094366
0.024960
0.019123
0.125200
0.021585
0.050558
0.088571
0.053367
0.027154
0.186109
0.024479
0.034387
0.099286
0.027538
0.081646
0.097080
0.110463
0.098376
0.111277
0.062712
0.068666
0.039769
0.117489
0.098060
0.097671
0.132112
0.067325
0.055228
0.061096
0.070887
0.068987
0.050947
0.143782
0.076795
0.091539
0.103409
0.135846
0.131355
0.039898
0.131309
0.101161
0.042335
0.054396
0.038130
0.042608
0.113747
0.037118
0.140652
0.043232
0.100040
0.036315
0.036981
0.032017
0.030641
0.035666
0.043081
0.024548
0.121927
0.083444
0.027717
0.160259
0.017552
0.062894
0.033026
0.086577
0.148187
0.038907
0.017419
0.019317
0.029303
0.130317
0.020185
0.040043
0.031624
0.045469
0.081974
0.064757
0.051111
0.113888
0.039586
0.026981
0.068493
0.086300
0.025373
0.130325
0.024817
0.037549
0.062785
0.030619
0.061971
0.059141
0.075330
0.050212
0.082259
0.056292
0.099766
0.126279
0.085791
0.099397
0.040266
0.048429
0.086131
0.038836
0.051784
0.039544
0.133666
0.083157
0.088328
0.100118
0.142619
0.132233
0.010386
0.124747
0.075075
0.014649
0.036105
0.031190
0.025868
0.073941
0.037236
0.142236
0.033232
0.075968
0.030814
0.070733
0.015649
0.038746
0.036931
0.058793
0.032893
0.086884
0.226438
0.006914
0.028053
0.024230
0.127232
0.224041
0.048756
0.019288
0.024461
0.023560
0.182337
0.024368
0.042072
0.050583
0.018179
0.112923
0.039171
0.020398
0.150135
0.037624
0.055868
0.108312
0.053317
0.036897
0.187624
0.037371
0.026799
0.110231
0.056258
0.099545
0.113417
0.127035
0.100899
0.139989
0.036290
0.205948
0.289690
0.176789
0.076172
0.022700
0.169917
0.173987
0.162985
0.236911
0.015490
0.183809
0.143524
0.177582
0.273150
0.092317
0.295461
0.253100
0.111773
0.169300
0.098024
0.070870
0.290154
0.159240
0.051557
0.156015
0.230035
0.070304
0.141512
0.076272
0.048775
0.054421
0.047911
0.057821
0.238634
0.030175
0.019188
0.116591
0.195580
0.046163
0.009911
0.018616
0.022844
0.163020
0.019179
0.040355
0.044783
0.025333
0.096869
0.035267
0.021284
0.133289
0.028612
0.045205
0.090204
0.052419
0.029479
0.172580
0.028370
0.025044
0.094218
0.045265
0.081793
0.095635
0.110069
0.085365
0.116588
0.038250
0.037765
0.164527
0.264261
0.058646
0.036640
0.034707
0.050173
0.233182
0.048397
0.094862
0.109925
0.027723
0.123107
0.027597
0.006832
0.149035
0.036426
0.086062
0.129521
0.027695
0.050647
0.253776
0.044352
0.024593
0.139797
0.076630
0.115520
0.150738
0.159744
0.153138
0.159947
0.041973
0.078834
0.155557
0.021248
0.010054
0.010709
0.051054
0.130303
0.028726
0.050864
0.076899
0.047206
0.052434
0.053706
0.021961
0.073632
0.016016
0.028713
0.062983
0.031170
0.017257
0.164270
0.017180
0.022128
0.061422
0.051350
0.048685
0.068329
0.079687
0.069492
0.083220
0.027680
0.064695
0.054702
0.079525
0.072886
0.139383
0.047821
0.110206
0.091797
0.121795
0.172508
0.028870
0.192204
0.137479
0.039054
0.086412
0.033597
0.030359
0.153442
0.071100
0.086077
0.074536
0.108914
0.020035
0.098982
0.032961
0.024953
0.024589
0.027103
0.040459
0.127870
0.144035
0.153248
0.139663
0.243979
0.016272
0.172181
0.153600
0.187999
0.266042
0.060963
0.268646
0.227609
0.067789
0.142087
0.081093
0.049755
0.249101
0.131901
0.074194
0.123868
0.205646
0.044186
0.118372
0.048540
0.031343
0.030046
0.040983
0.024600
0.213711
0.023797
0.020487
0.066330
0.123294
0.044733
0.066732
0.085033
0.077931
0.041000
0.092705
0.047084
0.054099
0.035565
0.022074
0.049496
0.057079
0.028793
0.150413
0.020836
0.029636
0.041290
0.066840
0.039630
0.053057
0.058445
0.060387
0.071075
0.040248
0.009551
0.039525
0.130568
0.022736
0.042465
0.053019
0.045161
0.057842
0.048582
0.022512
0.086725
0.016680
0.023585
0.057052
0.047164
0.017482
0.152448
0.014061
0.022301
0.058704
0.038666
0.048826
0.063365
0.073538
0.060853
0.079186
0.031551
0.042911
0.121897
0.021843
0.046033
0.064029
0.038134
0.047925
0.047876
0.022132
0.070842
0.010967
0.018308
0.048035
0.042918
0.009777
0.147066
0.006769
0.025842
0.049587
0.026042
0.039427
0.053018
0.063550
0.057496
0.064624
0.042284
0.201752
0.030360
0.053744
0.042403
0.029475
0.138759
0.060002
0.052490
0.181320
0.064015
0.070849
0.126027
0.091684
0.062852
0.175079
0.062119
0.043752
0.130176
0.079420
0.121956
0.127977
0.150029
0.113781
0.162643
0.074314
0.142538
0.110913
0.151172
0.229224
0.056383
0.244503
0.200225
0.075518
0.126027
0.067910
0.042784
0.229592
0.125851
0.044461
0.114130
0.179134
0.039820
0.117626
0.044333
0.029016
0.028002
0.029432
0.037609
0.185063
0.029384
0.030844
0.031280
0.089613
0.046581
0.042457
0.129901
0.028428
0.038367
0.079034
0.081489
0.041348
0.151811
0.030620
0.044783
0.083168
0.039476
0.075022
0.080514
0.096384
0.076336
0.105687
0.052266
0.032237
0.063731
0.091665
0.086813
0.078420
0.137468
0.050878
0.044955
0.071391
0.124013
0.064134
0.115040
0.057482
0.083316
0.080332
0.059017
0.079576
0.073182
0.087443
0.063366
0.108061
0.092043
0.074260
0.126618
0.101499
0.100539
0.184274
0.077356
0.058607
0.100073
0.162228
0.082069
0.140743
0.076911
0.095309
0.106412
0.070805
0.111010
0.098280
0.116333
0.081184
0.135257
0.098814
0.149496
0.023288
0.026711
0.187071
0.048546
0.088729
0.145864
0.060251
0.054952
0.231031
0.054954
0.045568
0.149582
0.057774
0.134670
0.150163
0.167877
0.141734
0.175201
0.067749
0.147251
0.098311
0.012860
0.044381
0.023784
0.010796
0.107794
0.048870
0.111781
0.043279
0.091972
0.015763
0.072724
0.010257
0.021995
0.021446
0.039692
0.020671
0.102201
0.025529
0.181627
0.041939
0.105336
0.146699
0.048131
0.062075
0.268605
0.061042
0.055017
0.163613
0.062397
0.133846
0.163992
0.178047
0.163503
0.174851
0.074540
0.122434
0.022228
0.066157
0.106492
0.019722
0.031575
0.232401
0.029963
0.022526
0.114609
0.057055
0.091556
0.123322
0.131379
0.124662
0.131624
0.035711
0.072583
0.045970
0.030421
0.115065
0.062245
0.145094
0.058904
0.107893
0.026705
0.099796
0.019755
0.035764
0.033101
0.061867
0.026570
0.122154
0.029105
0.047419
0.047016
0.019751
0.166251
0.017056
0.043159
0.061510
0.030461
0.043513
0.063849
0.074136
0.074216
0.069270
0.053778
0.017758
0.094573
0.023608
0.095184
0.019374
0.056436
0.015813
0.038051
0.018455
0.016871
0.026055
0.022137
0.030600
0.066772
0.132447
0.054868
0.083869
0.045262
0.102486
0.013311
0.061275
0.009581
0.012426
0.014625
0.027059
0.014617
0.116661
0.046964
0.272706
0.049334
0.029195
0.132618
0.096301
0.105730
0.148276
0.154934
0.155273
0.150208
0.045323
0.162907
0.010529
0.030905
0.051476
0.024180
0.040795
0.052772
0.063054
0.056862
0.058978
0.048573
0.145007
0.191601
0.076629
0.149501
0.090092
0.062097
0.071565
0.053094
0.092962
0.215326
0.028437
0.042709
0.025178
0.031271
0.046381
0.051714
0.053143
0.052663
0.042843
0.093710
0.071749
0.080464
0.103964
0.112600
0.099318
0.120705
0.022610
0.065087
0.011922
0.006023
0.008353
0.015830
0.013767
0.102708
0.056341
0.055246
0.066408
0.057761
0.060468
0.091520
0.012018
0.012233
0.024795
0.011690
0.092180
0.006787
0.009715
0.009799
0.116748
0.013417
0.010434
0.124341
0.025613
0.111981
0.133468
