0.626909
0.491338
0.553909
0.655939
0.541323
0.595701
0.465579
0.597882
0.621722
0.602246
0.646622
0.591882
0.376890
0.529366
0.659545
0.532702
0.448368
0.466377
0.564243
0.515006
0.623841
0.586273
0.626776
0.722993
0.623469
0.645174
0.661824
0.486657
0.604110
0.577154
0.411875
0.645176
0.715077
0.588441
0.561139
0.580865
0.576824
0.574588
0.551910
0.509541
0.406803
0.460105
0.363742
0.519630
0.583415
0.549015
0.566599
0.571187
0.521063
0.437524
0.472074
0.452894
0.592370
0.537349
0.551263
0.448026
0.416329
0.447722
0.626936
0.534347
0.531930
0.446339
0.438170
0.700222
0.444212
0.670569
0.608931
0.537154
0.582391
0.493698
0.465107
0.577342
0.461896
0.628130
0.459052
0.456457
0.629047
0.614439
0.633464
0.641566
0.753256
0.594461
0.440114
0.584994
0.604108
0.493490
0.404951
0.456589
0.377185
0.466165
0.476035
0.545587
0.467237
0.415531
0.459813
0.526874
0.541252
0.556467
0.619627
0.548538
0.522541
0.459243
0.471162
0.454073
0.458907
0.567672
0.454179
0.478723
0.468010
0.511773
0.658000
0.481932
0.537745
0.473120
0.398377
0.608019
0.535944
0.427064
0.673857
0.524146
0.640031
0.582529
0.464303
0.476736
0.531439
0.504058
0.621964
0.690960
0.523405
0.495868
0.572710
0.534591
0.434951
0.509747
0.443103
0.405148
0.486735
0.385907
0.454946
0.476878
0.523529
0.384053
0.545817
0.565914
0.648446
0.632261
0.474569
0.646655
0.540264
0.547450
0.617388
0.704272
0.614165
0.532472
0.491561
0.618077
0.597414
0.353819
0.682021
0.583934
0.656515
0.541004
0.557378
0.586899
0.584754
0.608569
0.654699
0.513930
0.495187
0.558542
0.643612
0.661776
0.624168
0.779975
0.714568
0.449263
0.621914
0.599419
0.626208
0.563814
0.432215
0.409303
0.519355
0.461345
0.583258
0.546706
0.356250
0.620755
0.552026
0.588903
0.725496
0.694898
0.718701
0.667743
0.581181
0.570227
0.766635
0.745310
0.580406
0.576201
0.663457
0.789247
0.582776
0.843482
0.827526
0.680959
0.790674
0.692507
0.685829
0.552033
0.604694
0.775805
0.655632
0.558553
0.804343
0.814924
0.774644
0.803654
0.879152
0.755015
0.539139
0.790933
0.677484
0.707337
0.596473
0.575885
0.493728
0.551813
0.530357
0.683164
0.702639
0.715328
0.584947
0.608385
0.655120
0.610067
0.401989
0.534792
0.602667
0.647233
0.512442
0.547581
0.562334
0.449877
0.736439
0.604657
0.543346
0.536739
0.601572
0.576974
0.638389
0.659487
0.608803
0.721366
0.553679
0.736401
0.742645
0.518620
0.600135
0.609847
0.626837
0.749049
0.623000
0.504701
0.643629
0.581451
0.445718
0.532518
0.577662
0.494007
0.436081
0.476185
0.517578
0.554103
0.663622
0.594591
0.594774
0.519778
0.461148
0.550077
0.479803
0.492237
0.602748
0.689288
0.539477
0.540978
0.499073
0.606383
0.659701
0.442778
0.573022
0.507333
0.594735
0.629740
0.503619
0.634389
0.713123
0.593258
0.612596
0.453206
0.486317
0.484213
0.588667
0.572227
0.650167
0.741789
0.624518
0.482809
0.606772
0.626197
0.627164
0.564396
0.553843
0.403479
0.542123
0.438665
0.555914
0.477955
0.433291
0.483561
0.594346
0.606915
0.572499
0.593343
0.569007
0.564007
0.546658
0.458166
0.357995
0.626026
0.648658
0.397141
0.280270
0.602365
0.394049
0.642098
0.521417
0.520045
0.716267
0.439440
0.663459
0.669968
0.407555
0.533387
0.500487
0.466449
0.640453
0.704514
0.469941
0.638154
0.560860
0.500437
0.503056
0.570060
0.485664
0.405631
0.569631
0.461960
0.524894
0.486980
0.516423
0.500508
0.542060
0.471648
0.564574
0.640775
0.497096
0.553944
0.613715
0.559569
0.663160
0.750450
0.528139
0.658932
0.498470
0.600200
0.587842
0.595336
0.453047
0.693192
0.616618
0.701139
0.458441
0.585760
0.536057
0.672223
0.681003
0.704632
0.584955
0.523118
0.541657
0.515288
0.488418
0.532187
0.540351
0.571920
0.470883
0.578636
0.577232
0.601819
0.526052
0.506767
0.537839
0.614882
0.566494
0.412058
0.631778
0.550855
0.563956
0.517669
0.522075
0.669911
0.499746
0.672110
0.498627
0.530502
0.633227
0.541900
0.554505
0.576524
0.557824
0.606162
0.557358
0.500313
0.609531
0.534947
0.626734
0.600587
0.782866
0.574833
0.517278
0.627184
0.641892
0.586018
0.420973
0.511102
0.414293
0.546500
0.485505
0.535449
0.478944
0.461659
0.429484
0.574791
0.674583
0.611020
0.563490
0.466382
0.519635
0.433896
0.704702
0.425833
0.692996
0.556551
0.459538
0.741528
0.471046
0.536697
0.536449
0.401881
0.577333
0.635824
0.407854
0.651421
0.502478
0.671025
0.691819
0.768902
0.533166
0.516630
0.641295
0.664609
0.513775
0.419934
0.520858
0.461470
0.462933
0.488165
0.460024
0.433546
0.598849
0.383208
0.501041
0.663939
0.609574
0.615501
0.573643
0.713770
0.803154
0.533921
0.684716
0.703825
0.544411
0.697762
0.691215
0.537687
0.767038
0.628170
0.760587
0.679835
0.588376
0.590462
0.596406
0.733141
0.726602
0.563850
0.500714
0.672597
0.498710
0.564708
0.578933
0.578679
0.596915
0.538856
0.659566
0.699466
0.635729
0.586946
0.616970
0.568408
0.689169
0.691733
0.552479
0.463403
0.641008
0.549646
0.551586
0.558766
0.497187
0.514127
0.618504
0.509665
0.535190
0.714014
0.504647
0.676118
0.654136
0.546804
0.591052
0.565593
0.620874
0.632771
0.689330
0.554444
0.547370
0.529863
0.499684
0.415537
0.596342
0.506038
0.424311
0.590975
0.476703
0.434453
0.549675
0.596199
0.489988
0.614524
0.573866
0.405776
0.592617
0.656022
0.250817
0.503460
0.543758
0.417318
0.634557
0.407579
0.585877
0.607440
0.288100
0.669451
0.673002
0.209466
0.604612
0.533874
0.544116
0.571007
0.730129
0.576180
0.520951
0.604663
0.565722
0.542490
0.423976
0.389112
0.305215
0.408747
0.402332
0.340503
0.442867
0.518189
0.501967
0.361742
0.523880
0.540137
0.564858
0.378206
0.492023
0.544740
0.390687
0.495261
0.343071
0.434652
0.610314
0.373358
0.527663
0.632238
0.342113
0.564800
0.566199
0.587809
0.486764
0.807544
0.479432
0.465249
0.461278
0.480423
0.476148
0.570342
0.391038
0.288936
0.431101
0.383227
0.420794
0.500570
0.424726
0.481033
0.297629
0.454189
0.805684
0.525207
0.718046
0.653144
0.556195
0.731949
0.608760
0.553110
0.661114
0.568291
0.519723
0.526087
0.532286
0.775279
0.621050
0.716163
0.689406
0.855702
0.645148
0.533839
0.688932
0.787074
0.580575
0.479878
0.577981
0.559429
0.591541
0.610157
0.613878
0.551536
0.372103
0.451480
0.608176
0.795998
0.641299
0.661909
0.602168
0.723978
0.699436
0.541497
0.693326
0.666795
0.723196
0.803564
0.711856
0.691935
0.696478
0.559451
0.625307
0.597786
0.799921
0.793633
0.561382
0.609394
0.633590
0.675722
0.690161
0.645985
0.594217
0.642252
0.483592
0.547741
0.694280
0.618745
0.717640
0.639636
0.615038
0.492729
0.551182
0.453606
0.542003
0.409813
0.538972
0.632537
0.264820
0.617039
0.549264
0.185881
0.528345
0.487523
0.521285
0.564471
0.626247
0.599249
0.500704
0.479227
0.546954
0.549738
0.359280
0.406874
0.291589
0.462899
0.426848
0.403494
0.356732
0.338605
0.524929
0.394247
0.555090
0.601047
0.546012
0.684177
0.634478
0.608387
0.783472
0.549562
0.742947
0.771877
0.507423
0.556215
0.561705
0.415264
0.681951
0.772278
0.595841
0.696817
0.615306
0.634972
0.684965
0.623700
0.582833
0.500432
0.661821
0.506899
0.559660
0.616662
0.588033
0.606295
0.629787
0.630932
0.547545
0.630751
0.547760
0.567613
0.691433
0.601447
0.774952
0.644906
0.582186
0.581173
0.491951
0.633555
0.606941
0.663454
0.568572
0.630741
0.562836
0.563054
0.606243
0.573917
0.546040
0.480237
0.586152
0.500411
0.494703
0.493594
0.568812
0.498587
0.617867
0.694198
0.603646
0.501567
0.454467
0.749160
0.404958
0.652741
0.696952
0.400040
0.622025
0.542868
0.559535
0.613331
0.751029
0.384684
0.554982
0.573630
0.539711
0.412012
0.530202
0.471730
0.456640
0.517889
0.450606
0.334622
0.491975
0.536433
0.456851
0.496446
0.544343
0.629827
0.613166
0.727405
0.640399
0.789950
0.653037
0.641935
0.656970
0.717625
0.723337
0.699255
0.859202
0.685874
0.519311
0.526097
0.600832
0.664799
0.705349
0.585914
0.477178
0.572067
0.606578
0.605517
0.579117
0.547654
0.692149
0.631392
0.593381
0.548543
0.659892
0.417522
0.578146
0.620503
0.390192
0.631045
0.525987
0.573409
0.450676
0.754576
0.660026
0.514136
0.532016
0.640983
0.534178
0.496276
0.489284
0.423270
0.536086
0.479099
0.390512
0.437493
0.512454
0.549417
0.306391
0.628246
0.753448
0.542908
0.635216
0.577520
0.572862
0.650503
0.602669
0.690160
0.617288
0.696002
0.497313
0.530565
0.469158
0.587201
0.426347
0.551781
0.559512
0.457575
0.546338
0.595495
0.522394
0.433104
0.520733
0.494945
0.581980
0.635037
0.630144
0.848068
0.735326
0.656997
0.711175
0.699412
0.788178
0.704495
0.876263
0.724703
0.565461
0.746858
0.750314
0.757624
0.703110
0.605254
0.585748
0.599416
0.567076
0.659754
0.745429
0.638337
0.613116
0.626298
0.719286
0.684793
0.759812
0.195413
0.686648
0.488190
0.667451
0.666252
0.740308
0.514481
0.586983
0.603166
0.585888
0.487822
0.420907
0.431825
0.373348
0.463873
0.516853
0.365661
0.433708
0.571671
0.521848
0.355194
0.571012
0.657090
0.568160
0.753847
0.742979
0.693594
0.704279
0.919089
0.686607
0.664785
0.730037
0.727989
0.601156
0.730482
0.679957
0.530737
0.587300
0.617332
0.718400
0.655651
0.599768
0.583673
0.618466
0.746236
0.684713
0.673519
0.663095
0.675623
0.656748
0.658509
0.731649
0.482395
0.592191
0.695959
0.588422
0.610129
0.697607
0.543892
0.659546
0.592870
0.740337
0.560834
0.462446
0.590119
0.729369
0.724350
0.613774
0.453312
0.558225
0.632113
0.765732
0.508426
0.514157
0.648056
0.549464
0.510203
0.370835
0.387496
0.309426
0.401309
0.414090
0.339494
0.377710
0.474718
0.440053
0.320583
0.529100
0.643562
0.573982
0.719306
0.765569
0.615185
0.616834
0.626569
0.509841
0.681395
0.654296
0.426241
0.478862
0.636036
0.495569
0.584959
0.527987
0.580070
0.557793
0.674329
0.463519
0.675235
0.508860
0.748492
0.620919
0.579175
0.600443
0.594150
0.588936
0.497560
0.605130
0.571122
0.626611
0.520945
0.454775
0.464009
0.567155
0.441300
0.601286
0.728471
0.682940
0.700940
0.652618
0.664501
0.563471
0.703671
0.588174
0.642957
0.619763
0.515852
0.600565
0.468104
0.583521
0.631594
0.580968
0.578998
0.619800
0.715717
0.820806
0.780668
0.567447
0.554347
0.775579
0.739266
0.667228
0.707647
0.586369
0.725479
0.602636
0.587416
0.617530
0.530598
0.662385
0.580495
0.786096
0.713413
0.804972
0.531260
0.761524
0.657173
0.681298
0.867162
0.718255
0.819209
0.765181
0.727664
0.707596
0.770393
0.778735
0.822467
0.826012
0.621909
0.636970
0.472570
0.523915
0.617738
0.512867
0.503976
0.591911
0.603563
0.523689
0.554269
0.651890
0.434936
0.586891
0.550535
0.622445
0.639839
0.510319
0.560373
0.576497
0.444470
0.465820
0.432323
0.464483
0.469051
0.502255
0.432085
0.520767
0.630610
0.626418
0.580968
0.675459
0.658942
0.492069
0.595964
0.619290
0.567952
0.589652
0.505599
0.656739
0.599600
0.640516
0.560806
0.631503
0.423008
0.442721
0.561750
0.555228
0.546074
0.616921
0.621374
0.597835
0.644201
0.370319
0.597600
0.554222
0.444480
0.426942
0.471802
0.467436
0.557630
0.584668
0.479481
0.538019
0.600162
0.523682
0.449810
0.566407
0.524957
0.466526
0.465994
0.466359
0.469636
0.494331
0.711284
0.328235
0.417612
0.439774
0.456990
0.545702
0.456183
0.565471
0.465979
0.409986
0.312351
0.358975
0.412631
0.448462
0.411223
0.405168
0.402435
0.411049
0.428827
0.443446
0.581738
0.556548
0.498815
0.402517
0.527884
0.391892
0.536602
0.450324
0.426449
0.470003
0.500032
0.437544
0.557152
0.441795
0.387495
0.572197
0.525223
0.367662
0.559092
0.577312
0.576433
0.556080
0.644723
0.575153
0.659193
0.606860
