0.341282
0.259527
0.346994
0.275620
0.286391
0.352596
0.274010
0.310850
0.399460
0.160910
0.326521
0.423167
0.240246
0.392818
0.354346
0.356450
0.359201
0.322314
0.255141
0.280077
0.299825
0.289290
0.381120
0.354009
0.353337
0.395647
0.393320
0.299821
0.404646
0.360556
0.343394
0.315896
0.144098
0.338145
0.306581
0.297067
0.232627
0.309546
0.623738
0.282772
0.296423
0.235072
0.277988
0.388286
0.350311
0.340275
0.341752
0.282774
0.400405
0.071592
0.052803
0.122024
0.024822
0.042971
0.326628
0.023894
0.592077
0.189487
0.025895
0.129023
0.044240
0.022793
0.018587
0.076083
0.013430
0.022294
0.261714
0.048895
0.086042
0.039437
0.018401
0.029237
0.399721
0.056134
0.044582
0.168624
0.067707
0.246183
0.163315
0.020668
0.164094
0.012947
0.031368
0.328051
0.076932
0.031348
0.408701
0.031513
0.026478
0.087036
0.052534
0.283358
0.032106
0.034400
0.010339
0.048714
0.017166
0.103431
0.150519
0.068884
0.077004
0.215308
0.116741
0.538095
0.131117
0.058055
0.072152
0.048471
0.125620
0.066699
0.037616
0.088022
0.074938
0.293976
0.055791
0.117576
0.085665
0.110238
0.062795
0.359251
0.057682
0.052597
0.082908
0.073642
0.257913
0.180233
0.038590
0.140134
0.082493
0.071100
0.379212
0.076607
0.105695
0.311047
0.086573
0.040203
0.149826
0.112427
0.164523
0.128476
0.077221
0.099895
0.110209
0.070600
0.145886
0.037602
0.012792
0.415767
0.049537
0.587003
0.237388
0.037005
0.129733
0.031528
0.050151
0.030088
0.080896
0.047901
0.043137
0.288745
0.028183
0.151439
0.056797
0.044923
0.027789
0.368021
0.045570
0.065803
0.229958
0.043811
0.300494
0.159173
0.037428
0.161137
0.040074
0.045926
0.336587
0.086632
0.023335
0.504681
0.029127
0.040435
0.122202
0.039280
0.340565
0.070841
0.048072
0.046288
0.052676
0.053402
0.150771
0.164964
0.278440
0.093259
0.349172
0.107602
0.104636
0.296625
0.113960
0.105970
0.134702
0.172177
0.163788
0.088703
0.106726
0.127664
0.032082
0.050017
0.175210
0.150466
0.183465
0.206731
0.218740
0.145967
0.184617
0.100321
0.092583
0.133465
0.073570
0.120593
0.143916
0.143113
0.064151
0.111067
0.417817
0.123613
0.133015
0.062372
0.062442
0.284375
0.116088
0.121140
0.103351
0.060497
0.166652
0.031961
0.355901
0.036261
0.593081
0.181773
0.031220
0.119670
0.028341
0.045573
0.021266
0.081558
0.018748
0.043555
0.288065
0.026026
0.136287
0.052077
0.022156
0.032378
0.416248
0.056193
0.049966
0.180118
0.074051
0.313369
0.208208
0.020551
0.155763
0.023915
0.022536
0.345740
0.092810
0.027812
0.468303
0.018310
0.017047
0.103649
0.062576
0.314653
0.055359
0.049960
0.027222
0.057774
0.039666
0.382806
0.057482
0.613236
0.235164
0.027191
0.088823
0.024493
0.058613
0.022721
0.056139
0.044771
0.047528
0.322683
0.022985
0.161160
0.064790
0.043486
0.021938
0.394940
0.024489
0.039599
0.204656
0.028554
0.325382
0.180176
0.022048
0.180413
0.033929
0.038523
0.384079
0.087626
0.030755
0.475672
0.031892
0.024283
0.149038
0.059320
0.311208
0.085389
0.048673
0.046703
0.069057
0.035451
0.345822
0.431915
0.202037
0.338313
0.358979
0.301325
0.382214
0.340548
0.311136
0.366901
0.345973
0.309668
0.317660
0.241210
0.305608
0.401750
0.363571
0.372445
0.366526
0.369010
0.213221
0.380143
0.295754
0.354136
0.317895
0.240346
0.337388
0.338034
0.385868
0.260959
0.371518
0.311576
0.344037
0.299473
0.321451
0.356115
0.274571
0.371741
0.359861
0.356471
0.349710
0.357577
0.545317
0.178021
0.042602
0.203519
0.048683
0.019192
0.039041
0.131299
0.034717
0.033976
0.196191
0.050050
0.085823
0.027829
0.036853
0.062010
0.340238
0.105701
0.104340
0.217929
0.106715
0.229338
0.158421
0.052663
0.121500
0.018786
0.040162
0.246634
0.072432
0.012606
0.494685
0.020261
0.050798
0.054014
0.034673
0.353881
0.033900
0.055592
0.012282
0.025328
0.061636
0.296581
0.583997
0.727181
0.532779
0.579198
0.593066
0.610875
0.631025
0.552255
0.251291
0.553436
0.397722
0.442303
0.647481
0.607173
0.236868
0.666159
0.682814
0.486305
0.624106
0.320111
0.399519
0.595245
0.321106
0.579253
0.607266
0.214620
0.394141
0.559311
0.660186
0.560397
0.583864
0.396965
0.473877
0.560054
0.573760
0.590626
0.573956
0.476902
0.649813
0.170638
0.299547
0.149194
0.211801
0.209390
0.208204
0.229501
0.171653
0.165856
0.168746
0.109923
0.125762
0.254448
0.221652
0.223933
0.259475
0.253528
0.112981
0.249654
0.185040
0.199497
0.184301
0.075554
0.205518
0.183782
0.209615
0.108176
0.198076
0.427642
0.185411
0.172886
0.113413
0.163737
0.271732
0.210449
0.202863
0.187269
0.152389
0.234272
0.103269
0.028522
0.036604
0.024895
0.047426
0.044853
0.025829
0.281149
0.029504
0.102470
0.037185
0.046099
0.027668
0.370101
0.043149
0.047263
0.133444
0.047516
0.262071
0.157793
0.017424
0.148004
0.032261
0.034488
0.346894
0.071210
0.035082
0.425585
0.037699
0.019752
0.108738
0.048970
0.270859
0.060406
0.031605
0.026178
0.051512
0.027284
0.113154
0.181126
0.098687
0.033152
0.126804
0.149904
0.506843
0.111661
0.258950
0.192890
0.141903
0.078279
0.552207
0.038640
0.040397
0.167309
0.060066
0.441525
0.307509
0.072065
0.327489
0.140482
0.108065
0.591355
0.193374
0.178756
0.321297
0.161957
0.085526
0.302893
0.208791
0.197834
0.210923
0.135529
0.169597
0.219151
0.085001
0.069397
0.031925
0.062522
0.053594
0.041476
0.247710
0.013707
0.114034
0.045683
0.061485
0.032847
0.318961
0.051349
0.064091
0.153688
0.057768
0.258628
0.151613
0.023137
0.102370
0.038617
0.040527
0.309834
0.054899
0.028475
0.453889
0.023076
0.018878
0.098639
0.037141
0.272681
0.074843
0.044577
0.047445
0.049347
0.058124
0.033878
0.111414
0.032347
0.033795
0.243021
0.063525
0.093280
0.035117
0.030206
0.052767
0.373224
0.088733
0.086480
0.212084
0.085888
0.236600
0.160912
0.049238
0.168868
0.025815
0.044738
0.290050
0.095963
0.027336
0.452622
0.041204
0.056283
0.081294
0.050561
0.342659
0.033651
0.051324
0.014431
0.040470
0.042036
0.059767
0.014968
0.038012
0.290885
0.027373
0.114002
0.045739
0.020413
0.012362
0.398163
0.035920
0.039976
0.170710
0.050419
0.277259
0.180176
0.014182
0.173609
0.014004
0.031197
0.351694
0.087371
0.030456
0.412295
0.026410
0.014037
0.116608
0.055297
0.282463
0.045341
0.036282
0.027842
0.062435
0.024833
0.089971
0.069826
0.367291
0.068864
0.150437
0.100325
0.103372
0.043626
0.421386
0.021702
0.029508
0.111344
0.029880
0.309718
0.188587
0.033729
0.214640
0.087744
0.072145
0.449114
0.099406
0.112438
0.305888
0.109793
0.047642
0.193218
0.114505
0.164999
0.137135
0.069657
0.100431
0.124756
0.048243
0.040269
0.292693
0.050426
0.124868
0.058503
0.007281
0.027670
0.448930
0.055899
0.046001
0.210790
0.077154
0.293935
0.202812
0.026695
0.194501
0.013066
0.033983
0.354254
0.106269
0.034813
0.427537
0.029919
0.030530
0.107412
0.067997
0.315153
0.033901
0.044914
0.023996
0.064078
0.029413
0.225509
0.055116
0.069749
0.028862
0.046661
0.036939
0.353318
0.059727
0.060084
0.171650
0.060354
0.205492
0.104361
0.031540
0.128179
0.029845
0.041817
0.294270
0.047118
0.033585
0.424944
0.046487
0.040235
0.064829
0.028400
0.284190
0.037883
0.017788
0.021554
0.029387
0.035434
0.260421
0.130818
0.148123
0.312797
0.324712
0.125821
0.387066
0.396219
0.344352
0.358279
0.096923
0.142209
0.294129
0.076783
0.236430
0.276057
0.018630
0.134700
0.214319
0.581011
0.228022
0.293527
0.087464
0.166996
0.443276
0.227947
0.272177
0.244170
0.135115
0.346854
0.135240
0.043559
0.055551
0.041387
0.322556
0.052601
0.067541
0.171826
0.058746
0.286516
0.179000
0.024090
0.116378
0.036510
0.035920
0.317199
0.071908
0.027852
0.455931
0.018437
0.020693
0.114888
0.054144
0.289332
0.086654
0.063992
0.052852
0.051021
0.062393
0.057832
0.145995
0.122713
0.239689
0.177257
0.171539
0.126637
0.165451
0.072777
0.081062
0.110973
0.098870
0.099345
0.124952
0.185130
0.062766
0.113582
0.338095
0.119216
0.115475
0.054021
0.071469
0.245291
0.086261
0.092999
0.085076
0.068588
0.126858
0.064230
0.065754
0.253450
0.102258
0.105655
0.162441
0.094257
0.172756
0.110654
0.048861
0.080624
0.033532
0.058339
0.198616
0.035014
0.030847
0.437450
0.039049
0.052415
0.043650
0.027571
0.284092
0.052098
0.053795
0.030483
0.017273
0.070675
0.032606
0.467426
0.063817
0.055076
0.233222
0.082561
0.322661
0.220309
0.035414
0.212151
0.020300
0.046211
0.369164
0.121118
0.034254
0.466409
0.032656
0.036692
0.120058
0.071999
0.348374
0.036898
0.049345
0.022712
0.070643
0.029923
0.418934
0.023190
0.029432
0.160370
0.038359
0.284082
0.168007
0.016857
0.190045
0.033050
0.044660
0.388238
0.092000
0.047196
0.403136
0.042896
0.018951
0.135832
0.056333
0.265094
0.052276
0.024926
0.040603
0.077832
0.022323
0.461991
0.494218
0.352596
0.399458
0.160743
0.198995
0.394160
0.141088
0.384871
0.405359
0.117732
0.239128
0.328039
0.607382
0.337939
0.398108
0.247152
0.259452
0.426536
0.380298
0.390781
0.380921
0.254856
0.456828
0.013374
0.180404
0.014987
0.343119
0.195536
0.023791
0.232355
0.058837
0.049863
0.463847
0.111419
0.078217
0.378013
0.076852
0.034584
0.192073
0.101725
0.251312
0.109591
0.054045
0.079536
0.111760
0.028998
0.169362
0.028773
0.346432
0.214521
0.023578
0.249151
0.058212
0.049040
0.477089
0.121010
0.087876
0.357384
0.082666
0.039214
0.186803
0.117016
0.228777
0.103845
0.057516
0.071916
0.119616
0.021832
0.183846
0.253344
0.242256
0.140194
0.203864
0.204912
0.182857
0.412362
0.168123
0.229961
0.268659
0.209273
0.136472
0.224787
0.198685
0.132169
0.213615
0.173676
0.183059
0.211960
0.164743
0.310998
0.165715
0.039367
0.216434
0.073952
0.059853
0.426191
0.102087
0.079168
0.383772
0.086681
0.056522
0.180879
0.091072
0.241921
0.118832
0.063573
0.083960
0.101958
0.039279
0.072391
0.276771
0.135394
0.251824
0.285829
0.131402
0.152777
0.250886
0.404739
0.266455
0.288024
0.123594
0.176338
0.334608
0.210068
0.227683
0.245311
0.170288
0.300318
0.169152
0.110107
0.163641
0.177956
0.189106
0.076104
0.148249
0.451561
0.171269
0.185459
0.098669
0.087925
0.323050
0.149788
0.119837
0.161203
0.093347
0.188126
0.162430
0.022256
0.025042
0.365343
0.070182
0.040170
0.383088
0.033598
0.008478
0.119143
0.062091
0.242233
0.068415
0.037575
0.035589
0.059679
0.021707
0.152364
0.154354
0.116670
0.063475
0.116342
0.523979
0.115716
0.152735
0.060337
0.083470
0.332916
0.153413
0.153751
0.152834
0.075938
0.221881
0.028517
0.300094
0.069922
0.017861
0.439392
0.018749
0.024284
0.084941
0.047234
0.317343
0.039158
0.042027
0.018535
0.037069
0.036199
0.341552
0.082469
0.035831
0.438763
0.035234
0.028985
0.100411
0.073622
0.302767
0.072153
0.056674
0.039469
0.054642
0.044298
0.199117
0.263741
0.656555
0.277640
0.363729
0.129015
0.210174
0.519557
0.277964
0.343536
0.300892
0.183232
0.419578
0.070489
0.419084
0.077324
0.076094
0.054527
0.046492
0.263147
0.103561
0.072160
0.080415
0.039325
0.104356
0.520693
0.008336
0.038581
0.071143
0.026442
0.360689
0.042199
0.046282
0.021027
0.022524
0.057764
0.501810
0.408380
0.491336
0.492534
0.167006
0.470693
0.435011
0.459638
0.484530
0.385278
0.027418
0.082422
0.038359
0.343963
0.048725
0.054250
0.027895
0.034212
0.060222
0.120931
0.064419
0.269527
0.067388
0.038075
0.036141
0.065914
0.031326
0.051423
0.346465
0.066198
0.092895
0.074583
0.035089
0.146501
0.321887
0.043356
0.043103
0.039406
0.019837
0.081682
0.342187
0.295849
0.324637
0.336001
0.270058
0.032843
0.027617
0.054989
0.060731
0.035615
0.059622
0.035134
0.037831
0.030554
0.087619
