0.115196
0.031166
0.031540
0.024773
0.100709
0.046549
0.028333
0.441339
0.074537
0.044129
0.037161
0.081928
0.160047
0.217531
0.032991
0.071222
0.020605
0.053042
0.078129
0.136276
0.068290
0.232537
0.044949
0.031128
0.140346
0.237373
0.054816
0.166374
0.063840
0.237679
0.318025
0.028357
0.067099
0.106241
0.031977
0.056803
0.142054
0.055510
0.059301
0.036559
0.064391
0.061052
0.056762
0.049685
0.287200
0.077012
0.048650
0.108497
0.315539
0.069459
0.060116
0.078997
0.168562
0.027403
0.090491
0.497603
0.052630
0.035910
0.107010
0.040163
0.141783
0.229835
0.089384
0.108818
0.082461
0.065660
0.170597
0.129026
0.030017
0.286184
0.064878
0.051347
0.152475
0.215032
0.028970
0.268875
0.020276
0.250162
0.257406
0.086200
0.092662
0.106700
0.054912
0.135924
0.192617
0.043391
0.144991
0.109805
0.156331
0.029432
0.088836
0.053300
0.265248
0.100743
0.066798
0.143602
0.327809
0.029069
0.013797
0.116813
0.032544
0.025957
0.411245
0.055196
0.016276
0.028393
0.081512
0.162490
0.189911
0.016040
0.046782
0.025523
0.029606
0.086852
0.076398
0.051641
0.281808
0.016278
0.029983
0.170958
0.160652
0.034085
0.164322
0.037724
0.245896
0.234008
0.026862
0.039155
0.103756
0.014944
0.077501
0.128576
0.019726
0.055649
0.056369
0.072884
0.035959
0.035139
0.033273
0.280309
0.055424
0.024761
0.097256
0.308167
0.017191
0.091022
0.024933
0.026095
0.432151
0.042441
0.023301
0.049962
0.048831
0.112692
0.195475
0.036475
0.050579
0.032147
0.025910
0.080799
0.104958
0.025176
0.241091
0.023107
0.027538
0.125906
0.222281
0.035882
0.166058
0.034236
0.187817
0.299137
0.045556
0.077641
0.073373
0.036390
0.055102
0.105468
0.041791
0.049398
0.047877
0.101930
0.042429
0.055495
0.047280
0.227605
0.075799
0.020943
0.090532
0.261167
0.073103
0.033295
0.017980
0.383389
0.048416
0.020965
0.041018
0.066285
0.122046
0.161539
0.016016
0.043625
0.031156
0.026920
0.059143
0.089810
0.042029
0.228086
0.023353
0.027212
0.131324
0.201078
0.042741
0.122459
0.047978
0.186803
0.280260
0.043593
0.060917
0.075387
0.030208
0.041519
0.097056
0.031776
0.035427
0.037144
0.098095
0.050408
0.053564
0.051081
0.226129
0.048080
0.022457
0.079900
0.244789
0.103984
0.082666
0.318536
0.104563
0.109752
0.177031
0.085603
0.062270
0.104054
0.084746
0.134235
0.136933
0.110860
0.055410
0.232370
0.097413
0.128839
0.137289
0.086112
0.075077
0.413538
0.149202
0.056617
0.151373
0.093146
0.481459
0.177404
0.206233
0.063852
0.143383
0.021464
0.109564
0.122813
0.076785
0.059839
0.271954
0.145148
0.205952
0.189627
0.115965
0.079987
0.126990
0.089100
0.128190
0.041285
0.440705
0.041729
0.015663
0.063819
0.021088
0.114148
0.187562
0.038370
0.074705
0.045496
0.051590
0.104109
0.130311
0.020617
0.242182
0.040706
0.012830
0.126089
0.232004
0.020048
0.183484
0.010823
0.203597
0.287759
0.043159
0.058009
0.079288
0.023441
0.073058
0.141459
0.020126
0.082972
0.061738
0.112563
0.013421
0.070916
0.035683
0.222726
0.061191
0.041280
0.104398
0.280209
0.394888
0.045715
0.034963
0.050254
0.069779
0.142516
0.203982
0.019314
0.039707
0.034340
0.039812
0.090057
0.102496
0.051987
0.210662
0.033014
0.032460
0.147659
0.218951
0.047602
0.145073
0.062860
0.220103
0.285415
0.044627
0.064766
0.103541
0.043352
0.036991
0.099134
0.049476
0.037018
0.048900
0.104541
0.056216
0.067162
0.065833
0.248093
0.084125
0.035273
0.078488
0.272501
0.475629
0.448359
0.471098
0.444158
0.396240
0.338169
0.333641
0.327733
0.483303
0.422913
0.394347
0.403680
0.443701
0.518034
0.406269
0.451114
0.477339
0.510594
0.499467
0.237667
0.477565
0.378274
0.559065
0.491305
0.469949
0.424850
0.471378
0.350712
0.287645
0.425795
0.287335
0.438225
0.601248
0.491161
0.514684
0.530569
0.315426
0.395693
0.412335
0.342797
0.284046
0.033599
0.100068
0.048765
0.115200
0.203480
0.065441
0.093250
0.064832
0.045879
0.103974
0.143050
0.044466
0.192222
0.067015
0.032468
0.117112
0.260189
0.044287
0.190391
0.051926
0.206588
0.328674
0.077927
0.101160
0.083367
0.058482
0.067893
0.150607
0.058595
0.107984
0.064119
0.151161
0.042198
0.098272
0.074344
0.238962
0.083697
0.062683
0.124670
0.280502
0.055010
0.042885
0.115763
0.173503
0.035746
0.068218
0.029483
0.030904
0.084038
0.095420
0.024533
0.247608
0.028110
0.017426
0.134974
0.190127
0.023617
0.183317
0.018362
0.202488
0.269409
0.039517
0.057121
0.066705
0.016721
0.073176
0.123731
0.019017
0.072948
0.058089
0.094236
0.020525
0.050542
0.033882
0.239922
0.049271
0.026596
0.098994
0.280750
0.126870
0.242915
0.281069
0.044153
0.069385
0.030202
0.054151
0.133196
0.086791
0.088920
0.333009
0.027156
0.063277
0.210009
0.133361
0.042832
0.221110
0.061092
0.334093
0.194449
0.022156
0.033695
0.169826
0.029869
0.125534
0.190691
0.047169
0.084710
0.076226
0.032183
0.065728
0.013062
0.025313
0.379755
0.099599
0.038458
0.131400
0.404141
0.072611
0.191065
0.076433
0.113568
0.086199
0.080695
0.117181
0.196754
0.024721
0.177209
0.090229
0.028092
0.079021
0.325294
0.048209
0.191181
0.038526
0.167159
0.384935
0.095320
0.119832
0.064705
0.067690
0.066659
0.159147
0.059315
0.116122
0.069780
0.185693
0.041461
0.130533
0.083869
0.181381
0.085346
0.079815
0.107904
0.245612
0.106241
0.148417
0.189161
0.174390
0.125336
0.094679
0.270005
0.073365
0.175645
0.170059
0.109417
0.082085
0.446348
0.161981
0.161603
0.150188
0.048419
0.518993
0.223960
0.272124
0.020470
0.176547
0.079821
0.125986
0.160738
0.135317
0.123848
0.330912
0.158390
0.243512
0.213457
0.069972
0.123311
0.153274
0.107281
0.106168
0.178972
0.245291
0.229596
0.192047
0.080381
0.280374
0.179386
0.296726
0.222188
0.181574
0.208121
0.414492
0.250374
0.104718
0.225261
0.062264
0.473175
0.278454
0.305037
0.085143
0.216551
0.143129
0.124405
0.187919
0.159328
0.185585
0.372686
0.227160
0.300478
0.280335
0.096536
0.100683
0.212828
0.183915
0.089936
0.031412
0.047140
0.043793
0.086304
0.096210
0.057656
0.246616
0.028055
0.037404
0.156274
0.198042
0.052232
0.120963
0.056011
0.224178
0.269849
0.046249
0.051311
0.106280
0.036077
0.052346
0.110969
0.029877
0.039694
0.050132
0.112628
0.056389
0.064393
0.061431
0.242392
0.063182
0.034673
0.076978
0.269484
0.073812
0.055450
0.145267
0.071691
0.075936
0.283060
0.027810
0.081883
0.206133
0.170527
0.077275
0.168171
0.083395
0.267430
0.253769
0.075142
0.078016
0.153831
0.078751
0.085148
0.102439
0.074310
0.043545
0.099407
0.140845
0.097472
0.077766
0.090379
0.272962
0.136642
0.041667
0.099366
0.301013
0.034349
0.100621
0.093247
0.057000
0.271075
0.030046
0.034573
0.163338
0.172935
0.034416
0.214143
0.047486
0.265685
0.247591
0.023167
0.059549
0.109906
0.022661
0.085522
0.150768
0.047870
0.070874
0.053356
0.047390
0.048572
0.029822
0.030959
0.322739
0.080691
0.037068
0.114954
0.348789
0.089847
0.075735
0.035610
0.261005
0.021760
0.045524
0.136191
0.183832
0.039659
0.182587
0.056073
0.217921
0.262895
0.059510
0.092610
0.074823
0.048246
0.076413
0.126168
0.051860
0.065730
0.052270
0.115314
0.064706
0.044581
0.052418
0.261662
0.076291
0.026606
0.083167
0.281797
0.199216
0.103598
0.209257
0.115911
0.078115
0.115891
0.331483
0.138141
0.075539
0.136382
0.107597
0.415827
0.134723
0.178369
0.057288
0.105584
0.058821
0.114012
0.105052
0.079782
0.070214
0.193898
0.133407
0.156257
0.148457
0.167163
0.046831
0.103024
0.120620
0.172243
0.128591
0.416794
0.053928
0.147114
0.298989
0.071429
0.110832
0.252435
0.121687
0.342502
0.131276
0.114120
0.104322
0.203008
0.112544
0.177824
0.153632
0.113156
0.091792
0.173588
0.136580
0.139675
0.073213
0.110234
0.371195
0.158486
0.064537
0.168393
0.373865
0.225846
0.044438
0.031595
0.105778
0.247559
0.029538
0.198681
0.031889
0.166006
0.311827
0.076912
0.103493
0.048362
0.052718
0.071687
0.123808
0.047864
0.079408
0.071168
0.148844
0.044281
0.077938
0.056095
0.187027
0.085826
0.041133
0.068871
0.237890
0.304468
0.201983
0.117468
0.589265
0.260085
0.237444
0.288645
0.229164
0.667632
0.307794
0.351147
0.198555
0.287440
0.115037
0.287485
0.280008
0.262018
0.157443
0.396646
0.271848
0.351927
0.318658
0.263949
0.254923
0.285343
0.246294
0.281875
0.048911
0.183226
0.135700
0.034137
0.191972
0.039808
0.259934
0.211908
0.036756
0.051638
0.115093
0.031900
0.092926
0.122519
0.035271
0.050344
0.072263
0.080936
0.051300
0.025626
0.035451
0.291045
0.089049
0.014985
0.093925
0.319014
0.105567
0.257083
0.024921
0.164654
0.027173
0.200771
0.324498
0.037804
0.066983
0.072433
0.022408
0.054401
0.148935
0.029116
0.082819
0.041994
0.105281
0.019726
0.073987
0.041502
0.232252
0.055695
0.052048
0.103350
0.281559
0.465361
0.145405
0.187535
0.155975
0.167029
0.528136
0.205758
0.249129
0.084974
0.166420
0.086712
0.237554
0.158968
0.181254
0.070401
0.283449
0.157131
0.216781
0.187114
0.213652
0.129422
0.170538
0.138306
0.244929
0.185895
0.405271
0.193031
0.519121
0.069016
0.164413
0.136105
0.351875
0.172154
0.341562
0.283266
0.182680
0.223276
0.298774
0.151984
0.215808
0.114498
0.159340
0.556336
0.255051
0.143346
0.310645
0.558528
0.239035
0.019691
0.275483
0.236830
0.034568
0.046005
0.113458
0.023915
0.104107
0.190206
0.029994
0.106819
0.069129
0.080138
0.021035
0.035296
0.013100
0.306981
0.092143
0.041369
0.109222
0.355172
0.233756
0.140207
0.470566
0.235811
0.241124
0.154588
0.208510
0.085182
0.131199
0.173302
0.100458
0.141157
0.330942
0.229047
0.269970
0.265528
0.156890
0.108660
0.180427
0.165424
0.137789
0.250230
0.258347
0.040219
0.051871
0.103797
0.019322
0.113502
0.167227
0.018852
0.113008
0.080044
0.097514
0.010725
0.057746
0.027012
0.276246
0.074614
0.040517
0.140908
0.336534
0.594277
0.320631
0.367602
0.067280
0.269089
0.126466
0.112939
0.246739
0.171827
0.203666
0.425693
0.260319
0.350005
0.322396
0.033251
0.166730
0.228435
0.186697
0.034709
0.240115
0.193297
0.435469
0.244837
0.420092
0.375045
0.248509
0.286835
0.379889
0.221602
0.274051
0.183104
0.219434
0.611424
0.326050
0.236056
0.356941
0.609727
0.028658
0.157886
0.016113
0.116673
0.186353
0.039704
0.099538
0.077907
0.033632
0.037934
0.032840
0.020613
0.359275
0.096412
0.042222
0.156507
0.401626
0.206217
0.035505
0.150312
0.213864
0.039690
0.116427
0.114324
0.055605
0.051871
0.045242
0.033101
0.387362
0.112546
0.056798
0.168816
0.430329
0.112761
0.068047
0.106177
0.105660
0.106586
0.082282
0.240188
0.112483
0.166661
0.146330
0.111308
0.070235
0.100932
0.094103
0.142046
0.100215
0.167525
0.014525
0.093675
0.058160
0.055067
0.017585
0.035441
0.018610
0.310924
0.056832
0.037913
0.131091
0.353481
0.086473
0.094593
0.050218
0.042032
0.200354
0.106385
0.151599
0.139504
0.158002
0.081881
0.083051
0.083872
0.171790
0.157656
0.055019
0.165806
0.267027
0.179827
0.208786
0.218021
0.129869
0.142720
0.104463
0.136477
0.125022
0.092905
0.061975
0.097881
0.020854
0.053838
0.032714
0.274321
0.041924
0.037134
0.122104
0.315929
0.091817
0.157896
0.120381
0.105744
0.122258
0.191365
0.101911
0.054038
0.067145
0.192063
0.136213
0.078005
0.092259
0.083637
0.262678
0.058406
0.071138
0.108463
0.282873
0.097332
0.034952
0.041159
0.485560
0.159549
0.090751
0.219823
0.517089
0.068844
0.031437
0.286066
0.070981
0.055181
0.149935
0.344280
0.017730
0.401142
0.116555
0.037336
0.133958
0.426700
0.362793
0.096968
0.043789
0.142144
0.409387
0.214073
0.269981
0.193639
0.037344
0.077247
0.140983
0.233310
0.103445
0.290379
0.211724
