0.729930
0.520397
0.616110
0.816955
0.812214
0.597807
0.621361
0.622404
0.714859
0.655098
0.725740
0.655362
0.764635
0.614013
0.527452
0.501600
0.465411
0.645727
0.898191
0.574979
0.866873
0.734736
0.695197
0.581046
0.348051
0.593885
0.419980
0.617020
0.814353
0.476031
0.697317
0.517753
0.649777
0.914273
0.704801
0.862559
0.681848
0.686162
0.418563
0.725743
0.651425
0.623618
0.704826
0.751929
0.676513
0.771985
0.645841
0.508703
0.809315
0.803558
0.592210
0.737882
0.766405
0.585504
0.628987
0.514316
0.710985
0.635282
0.678947
0.570140
0.665422
0.749492
0.642994
0.571707
0.587202
0.352821
0.820573
0.625115
0.541392
0.850857
0.516350
0.692197
0.693537
0.528168
0.684291
0.548182
0.486590
0.759413
0.691353
0.466215
0.546130
0.637812
0.557222
0.818552
0.725066
0.524172
0.657066
0.751750
0.607973
0.508461
0.479021
0.612283
0.728698
0.589755
0.663615
0.430407
0.558651
0.548643
0.644523
0.822297
0.680738
0.588528
0.664786
0.781745
0.678310
0.627101
0.720147
0.850030
0.443430
0.454044
0.494288
0.590050
0.726454
0.999849
0.460868
1.023346
0.622648
0.765811
0.497583
0.556251
0.586160
0.572789
0.690064
0.927564
0.475392
0.620384
0.611330
0.642032
0.835265
0.680416
0.846051
0.605511
0.730423
0.618105
0.693231
0.636755
0.678281
0.626403
0.759216
0.651934
0.744004
0.649629
0.545365
0.852899
0.650269
0.797252
0.441910
0.574958
0.387685
0.603565
0.593814
0.522928
0.485249
0.684256
0.595883
0.604927
0.460916
0.545404
0.485483
0.798024
0.504877
0.737867
0.806109
0.513971
0.532570
0.597564
0.621439
0.538781
0.712857
0.629791
0.605487
0.610329
0.508076
0.603831
0.702135
0.658936
0.689163
0.471806
0.537740
0.604132
0.624872
0.593022
0.442437
0.640370
0.685366
0.614869
0.550492
0.509229
0.348662
0.602211
0.752307
0.725938
0.628520
0.699988
0.952620
0.713334
0.595222
0.734563
0.910481
0.679349
0.705691
0.751625
0.720235
0.820205
0.864707
0.560254
0.849634
0.823441
0.908682
0.668814
0.761797
0.618818
0.669131
0.722351
0.857509
0.760450
0.872095
0.745328
0.599525
0.704761
0.767468
0.774695
0.672897
0.839530
0.714759
0.793796
0.853034
0.844547
0.541441
0.942285
0.812806
0.788121
0.640868
0.718189
0.887539
0.743309
0.594050
0.709185
0.951903
0.744988
0.701920
0.675350
0.918027
0.655045
0.788822
0.795740
0.710616
0.898515
0.917403
0.683666
0.957684
0.907774
0.876278
0.674459
0.597276
0.608824
0.764337
0.732618
0.844317
0.858211
0.782785
0.657696
0.454262
0.760678
0.673782
0.894310
0.581865
0.846069
0.684874
0.847062
0.819509
0.825471
0.702352
0.836902
0.819605
0.722043
0.769662
0.811599
0.946456
0.667084
0.537345
0.574325
0.619792
0.610030
0.546348
0.615191
0.654705
0.615307
0.450323
0.465730
0.498963
0.865404
0.499460
0.762048
0.738629
0.573461
0.570753
0.615520
0.641396
0.579304
0.716287
0.762216
0.670386
0.679042
0.482072
0.610472
0.798836
0.686100
0.845039
0.586438
0.612496
0.478763
0.674087
0.597294
0.474729
0.555853
0.722618
0.686679
0.585921
0.481186
0.439543
0.666047
0.630263
0.821977
0.522411
0.523027
0.607739
0.868225
0.536027
0.612940
0.554937
0.617801
0.601557
0.867338
0.533123
0.788122
0.678310
0.766278
0.514752
0.614605
0.426170
0.512940
0.565565
0.701093
0.683187
0.575055
0.564974
0.424947
0.744970
0.478835
0.859950
0.554661
0.661252
0.529148
0.733589
0.739084
0.608917
0.474256
0.624803
0.595235
0.711994
0.614230
0.562029
0.729606
0.752168
0.566925
0.653713
0.420496
0.765272
0.654926
0.624644
0.501617
0.543597
0.572975
0.822550
0.497317
0.745115
0.732419
0.558100
0.537335
0.531583
0.606773
0.547225
0.661961
0.590620
0.632643
0.563575
0.427486
0.556911
0.746207
0.616605
0.751509
0.535813
0.489756
0.605674
0.728747
0.467492
0.498005
0.657897
0.554803
0.713915
0.466563
0.594008
0.437918
0.591188
0.772802
0.766047
0.834915
0.273906
0.732530
0.846096
0.608871
0.709239
0.495854
0.857874
0.814489
0.710557
0.843662
0.591612
0.823539
0.752678
0.812141
0.750504
0.860167
0.649073
0.702129
0.524398
0.704868
0.911560
0.911893
0.843528
0.923546
0.825444
0.773325
0.729461
0.807064
0.792626
0.530874
0.784407
0.787259
0.674635
0.857211
0.668472
0.585634
0.628737
0.649633
0.635484
0.785199
0.608451
0.642345
0.664209
0.652297
0.644650
0.877990
0.554962
0.782079
0.801134
0.778991
0.539935
0.670402
0.594482
0.605558
0.733205
0.684726
0.713255
0.709009
0.584959
0.530659
0.712121
0.543751
0.757120
0.680798
0.756103
0.649534
0.751285
0.695726
0.676190
0.597839
0.852524
0.732099
0.690081
0.620508
0.597057
0.736073
0.648476
0.701417
0.520445
0.637437
0.689487
0.573748
0.609459
0.884066
0.492373
0.821627
0.792095
0.745102
0.490755
0.741866
0.577796
0.577057
0.743717
0.846876
0.782270
0.767870
0.627929
0.510043
0.595958
0.756652
0.630398
0.595739
0.672546
0.640294
0.732360
0.872056
0.625497
0.562177
0.883030
0.620818
0.737883
0.441612
0.649758
0.722013
0.800697
0.743805
0.635882
0.646346
0.353968
0.670495
0.813103
0.606493
0.786590
0.772940
0.686273
0.599329
0.506232
0.555250
0.546230
0.642715
0.696239
0.631256
0.621938
0.420115
0.587016
0.677529
0.647794
0.750532
0.556852
0.513655
0.438448
0.727061
0.561662
0.646122
0.630110
0.671874
0.779171
0.422597
0.528862
0.542489
0.661209
0.765171
0.852890
0.615000
0.699776
0.443069
0.829055
0.807745
0.660120
0.844098
0.629794
0.847666
0.786837
0.787259
0.739940
0.816807
0.696505
0.853819
0.849515
0.723547
0.817580
0.944441
0.849234
0.894708
0.842003
0.733544
0.754960
0.790009
0.823510
0.548599
0.796709
0.892702
0.645427
0.769669
0.667590
0.580963
0.606867
0.514192
0.519124
0.680733
0.692103
0.908386
0.463579
0.895978
0.751297
0.770431
0.379131
0.538907
0.621464
0.648808
0.705730
0.823851
0.530532
0.646993
0.576379
0.463742
0.724230
0.635074
0.860783
0.691379
0.751091
0.637112
0.708990
0.646526
0.714422
0.629449
0.778042
0.446896
0.750774
0.678385
0.556796
0.756144
0.538328
0.548626
0.688015
0.899990
0.460526
0.884381
0.773365
0.698657
0.533338
0.621208
0.596649
0.591548
0.692368
0.844282
0.511348
0.654014
0.500731
0.599089
0.777117
0.655166
0.851157
0.745094
0.673147
0.544387
0.641663
0.663878
0.698476
0.598262
0.730079
0.698476
0.732196
0.615173
0.557915
0.808353
0.528641
0.389773
0.869424
0.492851
0.744847
0.723605
0.490960
0.545312
0.541423
0.586673
0.590336
0.606641
0.708830
0.535638
0.625676
0.473338
0.532895
0.846538
0.582771
0.903037
0.706168
0.605608
0.560965
0.675880
0.551688
0.391549
0.535586
0.642381
0.548159
0.663100
0.593929
0.201560
0.648165
0.648711
0.924224
0.525627
0.841876
0.692320
0.665961
0.532641
0.438490
0.500225
0.470895
0.582676
0.802496
0.501057
0.686688
0.399444
0.570410
0.685558
0.644230
0.793059
0.624230
0.637626
0.436213
0.748979
0.631074
0.547959
0.577667
0.718280
0.710465
0.585062
0.325708
0.501421
0.705023
0.801444
0.604551
0.457651
0.861023
0.377239
0.644940
0.701575
0.660415
0.600973
0.661469
0.542626
0.737944
0.648485
0.554199
0.658499
0.807977
0.664621
0.868194
0.718454
0.525388
0.668325
0.671435
0.665845
0.306479
0.660160
0.641761
0.603709
0.681526
0.553222
0.369612
0.363854
0.875860
0.632330
0.864963
0.917666
0.902336
0.877728
0.843366
0.725796
0.933117
0.659434
0.931399
0.882365
0.846080
0.900714
0.879499
0.866812
0.996963
0.903707
0.819639
0.884233
0.822386
0.858479
0.855911
0.913110
0.850085
0.839110
0.790074
0.917122
0.793443
0.836322
0.853778
0.699908
0.704375
0.391922
0.613204
0.547005
0.480322
0.703388
0.794238
0.394775
0.597076
0.480766
0.511001
0.685175
0.602359
0.773938
0.561821
0.646890
0.539599
0.732373
0.589714
0.632051
0.444466
0.741843
0.602269
0.626863
0.569470
0.523833
0.749566
0.897659
0.683638
0.844813
0.839073
0.752109
0.653172
0.740247
0.289879
0.930840
0.762271
0.727509
0.826515
0.739476
0.778019
0.929118
0.966295
0.686351
0.892076
0.809224
0.779937
0.616746
0.804188
0.758023
0.791017
0.749458
0.733299
0.649400
0.490948
0.884542
0.674727
0.656852
0.600642
0.578589
0.705276
0.855071
0.733254
0.708478
0.707265
0.733102
0.840078
0.750103
0.801005
0.742943
0.839131
0.654551
0.832726
0.722530
0.749049
0.727762
0.712504
0.814246
0.771915
0.758468
0.733159
0.867798
0.762484
0.713570
0.817738
0.712171
0.756381
0.637567
0.742872
0.703878
0.593918
0.751988
0.865679
0.787218
0.876527
0.790457
0.601622
0.692471
0.745961
0.685232
0.165914
0.803164
0.617079
0.659920
0.758228
0.667684
0.441115
0.567061
0.562103
0.484201
0.516461
0.640172
0.822294
0.534861
0.640408
0.450556
0.463675
0.609790
0.627082
0.758329
0.614074
0.668937
0.576356
0.711784
0.638128
0.663563
0.610812
0.734378
0.702992
0.681350
0.518702
0.555434
0.701394
0.556143
0.420305
0.575297
0.728671
0.426529
0.627191
0.531799
0.573208
0.795016
0.564988
0.843028
0.691902
0.624983
0.497485
0.747288
0.555511
0.617886
0.721728
0.627247
0.667646
0.647865
0.674412
0.554197
0.715469
0.456205
0.323133
0.701964
0.613846
0.686120
0.501339
0.458346
0.666042
0.508505
0.761575
0.475836
0.625151
0.557243
0.697714
0.648237
0.712436
0.479112
0.775381
0.697335
0.603052
0.662852
0.530025
0.769840
0.520061
0.615918
0.539675
0.683183
0.506691
0.606954
0.796972
0.686171
0.737114
0.569688
0.616742
0.493645
0.699011
0.645657
0.563723
0.669843
0.725138
0.623941
0.668599
0.540727
0.520402
0.705118
0.721640
0.722150
0.751500
0.598196
0.624757
0.809246
0.567854
0.888687
0.711410
0.665549
0.681029
0.780480
0.651512
0.680367
0.591517
0.775991
0.684574
0.619399
0.738090
0.549801
0.785359
0.853822
0.664992
0.656932
0.749243
0.737044
0.665650
0.827701
0.840412
0.626736
0.819097
0.820910
0.653058
0.554703
0.744818
0.573461
0.696771
0.639568
0.743910
0.588485
0.567075
0.525017
0.599442
0.694418
0.812924
0.609008
0.925936
0.762773
0.696336
0.577343
0.792871
0.588608
0.735246
0.607020
0.716831
0.654402
0.759152
0.755919
0.533340
0.818324
0.577203
0.753076
0.792051
0.659844
0.929627
0.746190
0.665273
0.683097
0.843340
0.585899
0.639020
0.668057
0.505843
0.739290
0.680021
0.734740
0.608990
0.646145
0.549464
0.600191
0.596554
0.829298
0.608698
0.481288
0.512953
0.690524
0.497229
0.540233
0.549154
0.551241
0.624321
0.544765
0.538207
0.409350
0.658152
0.675112
0.531330
0.762493
0.561110
0.683215
0.569355
0.802080
0.686473
0.657849
0.483432
0.773279
0.715039
0.585277
0.564882
0.557018
0.775804
0.692070
0.707690
0.786104
0.856172
0.813397
0.865418
0.883587
0.823455
0.549783
0.885191
0.881554
0.759665
0.659878
0.791963
0.840735
0.913068
0.791709
0.659693
0.690643
0.810195
0.511242
0.703190
0.558991
0.628921
0.656139
0.626526
0.744064
0.555463
0.795135
0.695315
0.800734
0.866929
0.847893
0.929931
0.758296
0.825034
0.973199
0.877218
0.832316
0.671727
0.841249
0.865992
0.726479
0.552712
0.773989
0.724950
0.691579
0.648747
0.821788
0.742400
0.694078
0.619840
0.654396
0.865812
0.683594
0.684539
0.506071
0.598656
0.779915
0.600585
0.712581
0.546116
0.670991
0.501517
0.620821
0.707540
0.731818
0.650918
0.566870
0.700205
0.726113
0.700083
0.535861
0.585180
0.791710
0.800995
0.761081
0.741545
0.891830
0.798500
0.715239
0.745209
0.601791
0.736741
0.668085
0.725131
0.534239
0.680481
0.518568
0.765419
0.544254
0.778816
0.692545
0.543236
0.614576
0.679823
0.495065
0.364250
0.496727
0.797446
0.714364
0.664722
0.581829
0.569527
0.811917
0.807704
0.637125
0.808602
0.583799
0.648406
0.818106
0.726276
0.550746
0.790129
0.650269
0.568338
0.699714
0.602078
0.644535
0.548101
