0.206721
0.261556
0.155696
0.290125
0.350009
0.245053
0.339108
0.313480
0.154145
0.328093
0.254320
0.276845
0.189548
0.222501
0.364872
0.348401
0.330947
0.261237
0.237375
0.233339
0.251171
0.272784
0.232000
0.151374
0.320204
0.272776
0.182504
0.268289
0.140399
0.273289
0.251041
0.275061
0.205440
0.181303
0.309569
0.264056
0.306888
0.258948
0.398905
0.186347
0.264448
0.220323
0.219752
0.259667
0.243873
0.266831
0.318667
0.170834
0.311085
0.053279
0.116066
0.084007
0.106135
0.225140
0.102084
0.135306
0.076191
0.133033
0.045082
0.060342
0.088470
0.118406
0.220078
0.153534
0.130050
0.062157
0.105691
0.133318
0.046057
0.069936
0.149788
0.061055
0.131511
0.054495
0.043965
0.103617
0.111520
0.087616
0.065790
0.190532
0.045214
0.076680
0.080016
0.202998
0.145038
0.075015
0.243012
0.052382
0.203490
0.198977
0.238100
0.064670
0.064764
0.062213
0.137183
0.117417
0.127249
0.206778
0.048674
0.055117
0.370967
0.070257
0.073811
0.140161
0.075303
0.093910
0.035681
0.091368
0.061173
0.352849
0.104254
0.067592
0.085891
0.087709
0.062102
0.041048
0.028263
0.279608
0.070292
0.058191
0.035289
0.076292
0.052545
0.148419
0.067564
0.029733
0.316156
0.045981
0.035856
0.026862
0.299267
0.081853
0.048429
0.380588
0.057659
0.263080
0.336099
0.232082
0.039187
0.054834
0.032739
0.075328
0.115874
0.067832
0.279061
0.332803
0.138103
0.330644
0.338224
0.040502
0.363333
0.152736
0.252272
0.235557
0.250832
0.100745
0.364963
0.355726
0.198736
0.248066
0.298144
0.218804
0.258133
0.050048
0.165518
0.343060
0.245985
0.158934
0.284540
0.098215
0.254474
0.243230
0.064299
0.195396
0.188955
0.286902
0.054766
0.352547
0.265246
0.126195
0.188208
0.080818
0.071899
0.353629
0.249828
0.264823
0.251139
0.361279
0.209229
0.348669
0.025480
0.417924
0.033391
0.025211
0.215672
0.024628
0.160873
0.013803
0.047993
0.042353
0.455781
0.027344
0.022819
0.109588
0.035726
0.048629
0.049860
0.013080
0.364277
0.048759
0.026599
0.017461
0.059396
0.026662
0.229895
0.035801
0.019382
0.413881
0.027428
0.055150
0.027141
0.410406
0.017128
0.017239
0.488580
0.035196
0.377725
0.407237
0.151011
0.023646
0.031882
0.024808
0.031825
0.101492
0.019519
0.484969
0.013837
0.025098
0.266804
0.017181
0.152692
0.023062
0.076732
0.076020
0.485408
0.027137
0.016125
0.095117
0.063886
0.077993
0.049780
0.029433
0.405556
0.087392
0.031122
0.017129
0.090003
0.025283
0.270765
0.026914
0.022387
0.463681
0.055418
0.089718
0.022948
0.444557
0.047396
0.024626
0.510920
0.064103
0.429624
0.472142
0.205613
0.026956
0.041806
0.024598
0.022122
0.124692
0.020704
0.458665
0.501420
0.122573
0.502100
0.242743
0.380071
0.350180
0.428450
0.165451
0.518863
0.494310
0.302839
0.436490
0.447718
0.333388
0.410836
0.079877
0.308371
0.508059
0.392645
0.275881
0.423508
0.186189
0.434082
0.394429
0.101240
0.324502
0.354110
0.429775
0.143807
0.487176
0.400493
0.182861
0.289807
0.157165
0.026788
0.430494
0.415850
0.374776
0.381139
0.497837
0.305460
0.494663
0.035267
0.271310
0.018636
0.125619
0.029556
0.065533
0.085717
0.472624
0.038289
0.018390
0.076508
0.075459
0.079689
0.038762
0.033172
0.397446
0.087865
0.048211
0.022892
0.087254
0.039056
0.262241
0.035243
0.033125
0.450130
0.047100
0.102681
0.029792
0.451822
0.056635
0.018453
0.498452
0.055614
0.437700
0.457865
0.165897
0.024149
0.037024
0.020108
0.019329
0.104142
0.025918
0.267564
0.013101
0.201289
0.031291
0.060116
0.047068
0.532412
0.018978
0.011653
0.138067
0.042431
0.042125
0.076992
0.033729
0.434917
0.066229
0.011200
0.030502
0.089740
0.025230
0.269332
0.029685
0.021641
0.487500
0.054070
0.064104
0.038660
0.468535
0.025933
0.025398
0.562594
0.054168
0.436907
0.487836
0.147593
0.032084
0.058095
0.031671
0.020311
0.106731
0.008209
0.291093
0.130012
0.183734
0.195267
0.194661
0.139893
0.309582
0.281119
0.179156
0.213463
0.218605
0.170745
0.192451
0.061714
0.128153
0.257029
0.187117
0.128221
0.221436
0.065898
0.219356
0.177419
0.076748
0.146481
0.121126
0.213961
0.076421
0.276147
0.207380
0.163066
0.136190
0.059212
0.076063
0.322642
0.196771
0.206462
0.184150
0.290110
0.181970
0.272944
0.182314
0.029908
0.058650
0.061563
0.539737
0.017991
0.003684
0.115365
0.058518
0.048487
0.062354
0.029604
0.443951
0.079348
0.020639
0.027772
0.096172
0.025836
0.277337
0.039162
0.026360
0.501062
0.053969
0.083340
0.031331
0.491234
0.024133
0.019752
0.566055
0.057092
0.462845
0.498736
0.141831
0.027891
0.041222
0.025781
0.008754
0.106667
0.004300
0.114196
0.142469
0.193182
0.223436
0.229197
0.178281
0.038163
0.199063
0.190499
0.056518
0.130838
0.165394
0.134134
0.205702
0.106156
0.103371
0.161617
0.125905
0.141113
0.122703
0.211535
0.096682
0.144742
0.115216
0.220054
0.230683
0.120052
0.237725
0.103843
0.233588
0.229096
0.283446
0.108962
0.109571
0.097908
0.177155
0.131488
0.187688
0.043744
0.056526
0.413613
0.044104
0.026163
0.076489
0.051073
0.055178
0.029125
0.020037
0.314494
0.043614
0.035696
0.006762
0.046321
0.027431
0.205366
0.030775
0.012832
0.375545
0.021413
0.048415
0.017021
0.366323
0.040896
0.012291
0.439511
0.024329
0.339185
0.369596
0.169617
0.015987
0.026917
0.015611
0.037215
0.084069
0.026126
0.069425
0.447168
0.076198
0.060226
0.090982
0.045800
0.067890
0.054919
0.054201
0.315125
0.019259
0.076024
0.042981
0.024788
0.048264
0.205834
0.043000
0.037489
0.389414
0.032591
0.064709
0.074903
0.379910
0.061568
0.028417
0.474998
0.015477
0.369230
0.351237
0.071823
0.047832
0.029893
0.051834
0.063658
0.039379
0.052155
0.467889
0.068295
0.056442
0.153463
0.037080
0.027723
0.092963
0.034755
0.370752
0.055090
0.044312
0.061427
0.097265
0.043375
0.177957
0.072014
0.042579
0.409592
0.042086
0.021955
0.065803
0.383840
0.040970
0.049854
0.510668
0.055170
0.336924
0.395435
0.146664
0.046741
0.069517
0.048084
0.053206
0.098284
0.048869
0.542156
0.531205
0.315910
0.460597
0.511631
0.362514
0.425401
0.061391
0.367177
0.529910
0.404634
0.341026
0.475688
0.223822
0.434073
0.424321
0.033980
0.365287
0.392473
0.438649
0.062955
0.551182
0.438362
0.011558
0.372144
0.114855
0.093648
0.585411
0.411549
0.438634
0.405117
0.544841
0.421644
0.537041
0.021257
0.148264
0.049877
0.081605
0.096184
0.049024
0.460427
0.088571
0.035634
0.040462
0.108357
0.034393
0.321518
0.037544
0.043955
0.512372
0.070376
0.105572
0.057049
0.502773
0.030887
0.038971
0.573529
0.074657
0.481483
0.509155
0.168220
0.048410
0.067807
0.049932
0.030942
0.130564
0.019497
0.113689
0.059989
0.044454
0.060771
0.027407
0.439155
0.078812
0.018151
0.027167
0.096386
0.021521
0.267813
0.040198
0.022352
0.491372
0.052341
0.076511
0.026477
0.481315
0.022572
0.016352
0.559551
0.053650
0.447982
0.488293
0.145308
0.026828
0.042794
0.021227
0.008391
0.102547
0.005568
0.151697
0.146659
0.030066
0.099667
0.237862
0.103901
0.153769
0.068510
0.076953
0.096362
0.161402
0.084489
0.080681
0.297967
0.077742
0.130905
0.071337
0.285874
0.164139
0.073608
0.337007
0.070858
0.303277
0.296674
0.225295
0.071171
0.063918
0.062766
0.111084
0.073462
0.126725
0.071175
0.094421
0.040022
0.358860
0.033827
0.048363
0.043656
0.057204
0.047722
0.236071
0.035852
0.039272
0.420503
0.038580
0.055960
0.084520
0.395221
0.045608
0.044651
0.496881
0.047216
0.383411
0.407150
0.131033
0.045868
0.057593
0.059525
0.064999
0.107335
0.045138
0.078801
0.037925
0.402907
0.064390
0.034709
0.064654
0.106998
0.046804
0.176611
0.086415
0.041597
0.440287
0.052522
0.029719
0.048073
0.419660
0.037107
0.042981
0.548608
0.055305
0.363608
0.430353
0.124196
0.046166
0.063301
0.043033
0.040518
0.089200
0.040048
0.044222
0.271615
0.062277
0.083165
0.027506
0.048971
0.049643
0.156544
0.053017
0.034914
0.329347
0.033504
0.075936
0.024453
0.318646
0.089953
0.026682
0.388725
0.032883
0.318091
0.329420
0.175488
0.029241
0.026514
0.023998
0.057006
0.065349
0.065125
0.340612
0.050488
0.024247
0.018744
0.063184
0.031710
0.190455
0.043659
0.015943
0.384440
0.023843
0.038212
0.025254
0.376531
0.030326
0.019812
0.454458
0.037849
0.343180
0.390509
0.156749
0.018026
0.028444
0.016166
0.030704
0.103208
0.023578
0.249820
0.435058
0.311834
0.220306
0.374435
0.149361
0.343602
0.322998
0.037789
0.268699
0.284654
0.358253
0.041147
0.450087
0.342557
0.063766
0.255910
0.089411
0.038307
0.449593
0.328958
0.329221
0.321623
0.447709
0.290439
0.434163
0.075110
0.041508
0.019855
0.054117
0.160288
0.045660
0.034928
0.311759
0.024621
0.037340
0.078070
0.298643
0.070139
0.038276
0.399258
0.014302
0.285515
0.286280
0.108649
0.046412
0.045271
0.054447
0.086937
0.055345
0.067176
0.035512
0.099949
0.035744
0.256432
0.047361
0.023002
0.481978
0.059250
0.054464
0.037750
0.463016
0.022300
0.034941
0.558253
0.065211
0.422028
0.489525
0.167506
0.034207
0.061179
0.034332
0.028550
0.131046
0.011460
0.041391
0.027632
0.211538
0.017616
0.009910
0.373353
0.023267
0.055039
0.019980
0.364248
0.049186
0.012948
0.427847
0.028082
0.348724
0.377556
0.173544
0.011864
0.023466
0.014136
0.037212
0.086861
0.025273
0.069069
0.171411
0.045666
0.042665
0.291479
0.035648
0.070460
0.083591
0.286229
0.099474
0.047606
0.364899
0.020255
0.292508
0.266062
0.138050
0.058137
0.043022
0.062448
0.105866
0.060838
0.084871
0.214581
0.033035
0.015484
0.432536
0.042392
0.055542
0.029577
0.402133
0.035727
0.020121
0.512582
0.035929
0.383408
0.410249
0.154942
0.035945
0.032632
0.023638
0.021774
0.072610
0.024049
0.247696
0.187315
0.149169
0.157553
0.121551
0.198835
0.126858
0.272401
0.205919
0.257453
0.152001
0.115228
0.147295
0.300385
0.188797
0.200133
0.170907
0.250617
0.169919
0.266910
0.021099
0.407439
0.043297
0.076536
0.049481
0.386013
0.065200
0.027214
0.460239
0.042185
0.389149
0.412998
0.164134
0.029219
0.045184
0.037212
0.049278
0.083693
0.035824
0.377573
0.027201
0.034589
0.021320
0.358904
0.039240
0.013234
0.451487
0.023469
0.337085
0.375266
0.154680
0.017289
0.026806
0.012770
0.030483
0.073954
0.019966
0.326074
0.324781
0.403553
0.040302
0.499064
0.398508
0.041382
0.316102
0.061965
0.042152
0.507492
0.379445
0.397912
0.366129
0.502478
0.356380
0.491647
0.037632
0.045219
0.321079
0.056621
0.020901
0.400268
0.014717
0.300757
0.310648
0.128922
0.022000
0.027200
0.022557
0.053255
0.067796
0.048197
0.060792
0.299101
0.067920
0.054088
0.426808
0.042014
0.249573
0.317669
0.166722
0.048346
0.068033
0.046915
0.079484
0.089440
0.067196
0.388723
0.051323
0.021288
0.467050
0.049888
0.358035
0.416046
0.202184
0.020175
0.036074
0.014149
0.030032
0.098026
0.032556
0.491708
0.393569
0.072719
0.309934
0.047455
0.069534
0.514632
0.369163
0.389799
0.359032
0.482629
0.336672
0.479976
0.032933
0.587520
0.058428
0.444012
0.480456
0.125593
0.047100
0.053920
0.048470
0.031480
0.118863
0.017457
0.468879
0.018969
0.374251
0.390903
0.122804
0.011481
0.020704
0.011965
0.020621
0.061450
0.018700
0.403640
0.130272
0.113138
0.616915
0.439576
0.466577
0.435803
0.576854
0.454720
0.564445
0.292967
0.285922
0.103686
0.033460
0.028879
0.027588
0.058381
0.036114
0.050414
0.089234
0.489385
0.353239
0.374940
0.333907
0.457641
0.330019
0.448159
0.452118
0.391979
0.374943
0.369385
0.494608
0.308927
0.487768
0.160307
0.133891
0.159723
0.142708
0.095067
0.137544
0.031160
0.011693
0.029444
0.084086
0.026491
0.027268
0.040665
0.070604
0.040998
0.022551
0.075225
0.025598
0.097638
0.012184
0.104511
