0.281789
0.116172
0.019348
0.138434
0.030287
0.016714
0.418232
0.030744
0.100924
0.454386
0.054227
0.021435
0.027637
0.010514
0.571172
0.218957
0.019930
0.129693
0.037355
0.010783
0.032215
0.526497
0.043305
0.105559
0.018896
0.066464
0.244898
0.197993
0.038543
0.049378
0.170965
0.018152
0.023940
0.019871
0.061500
0.063028
0.046335
0.438091
0.035091
0.113976
0.446886
0.045210
0.075303
0.079932
0.028863
0.025222
0.151815
0.012964
0.007912
0.356118
0.298826
0.393119
0.294437
0.215976
0.493202
0.371120
0.316976
0.651484
0.284120
0.304862
0.326618
0.318609
0.693491
0.385276
0.302168
0.376748
0.322207
0.311126
0.321965
0.635017
0.277135
0.301655
0.245933
0.233289
0.396329
0.409579
0.329545
0.284102
0.331479
0.350792
0.293372
0.277589
0.250827
0.226528
0.211091
0.457443
0.276127
0.346751
0.469807
0.243480
0.423582
0.338568
0.364949
0.360294
0.277900
0.318096
0.267242
0.077236
0.041283
0.062723
0.108012
0.531560
0.078096
0.019186
0.223776
0.218614
0.149887
0.062200
0.083900
0.340466
0.080296
0.062987
0.031608
0.046435
0.107923
0.042452
0.276540
0.145654
0.048268
0.086035
0.065509
0.082600
0.067381
0.211033
0.233423
0.032966
0.127046
0.083420
0.105439
0.064733
0.051750
0.124848
0.182994
0.109065
0.068348
0.546628
0.078955
0.275122
0.046800
0.161741
0.113005
0.068688
0.117659
0.094680
0.090476
0.035976
0.027067
0.412526
0.014941
0.060934
0.388720
0.093411
0.034191
0.030781
0.009853
0.509958
0.168830
0.010727
0.093326
0.025672
0.023392
0.014064
0.470475
0.074866
0.076689
0.023951
0.066591
0.200243
0.163077
0.069848
0.073872
0.130713
0.038037
0.031498
0.036609
0.050442
0.060531
0.066133
0.385011
0.047011
0.108764
0.453217
0.039819
0.109238
0.061795
0.055720
0.021244
0.123506
0.021303
0.015254
0.092371
0.150910
0.642298
0.078820
0.025319
0.231297
0.283011
0.176337
0.096352
0.100495
0.325175
0.092404
0.082723
0.019623
0.057089
0.143553
0.054834
0.307163
0.200499
0.039160
0.110895
0.078163
0.118983
0.066768
0.262767
0.278445
0.050462
0.147942
0.116541
0.132295
0.111696
0.077872
0.156183
0.236258
0.107055
0.140970
0.669643
0.094270
0.328927
0.041851
0.190218
0.150228
0.074471
0.145293
0.107036
0.032538
0.512673
0.044013
0.065272
0.386698
0.093609
0.057928
0.007174
0.024325
0.506530
0.169346
0.022300
0.077936
0.013732
0.024063
0.019365
0.447731
0.047882
0.073760
0.019255
0.026778
0.188321
0.137916
0.085569
0.112225
0.110804
0.032831
0.020050
0.019803
0.046741
0.030986
0.044330
0.345286
0.027433
0.070438
0.528265
0.033240
0.141619
0.049513
0.060987
0.055726
0.105061
0.034607
0.024084
0.372054
0.056087
0.096397
0.459949
0.050163
0.036475
0.037987
0.026815
0.583895
0.212051
0.026809
0.139207
0.048366
0.020380
0.043552
0.521881
0.041186
0.108552
0.017195
0.054407
0.228135
0.207821
0.049237
0.052578
0.155968
0.046071
0.024261
0.022135
0.045774
0.051602
0.038994
0.398445
0.046591
0.105195
0.393237
0.034971
0.100733
0.091339
0.059430
0.040558
0.132139
0.027106
0.017802
0.470922
0.525769
0.749625
0.320609
0.381666
0.490426
0.439554
0.871832
0.599368
0.423467
0.631652
0.519881
0.415634
0.483213
0.795114
0.420407
0.560326
0.453566
0.550758
0.587354
0.670360
0.341534
0.296833
0.593376
0.465092
0.439436
0.458297
0.424297
0.504990
0.455480
0.731513
0.521836
0.476722
0.055892
0.469323
0.339298
0.576747
0.465680
0.353788
0.561854
0.417339
0.439282
0.063562
0.352867
0.136020
0.047852
0.037611
0.017845
0.475020
0.154938
0.021758
0.079267
0.025563
0.035858
0.017931
0.448885
0.102718
0.079179
0.041670
0.083874
0.193804
0.142677
0.091673
0.108908
0.130703
0.040125
0.044675
0.058410
0.071346
0.080601
0.098897
0.385122
0.061822
0.118354
0.518654
0.058387
0.121687
0.048262
0.056442
0.027072
0.133358
0.029093
0.031137
0.209148
0.217255
0.138981
0.066644
0.073802
0.314627
0.068745
0.049914
0.022918
0.037298
0.103065
0.034341
0.270081
0.147494
0.018108
0.082148
0.061027
0.071432
0.052000
0.208133
0.216921
0.021439
0.122024
0.073772
0.100578
0.055511
0.044324
0.115782
0.197841
0.083462
0.083006
0.540939
0.061993
0.277776
0.028574
0.170204
0.105646
0.045098
0.114788
0.075709
0.598997
0.481728
0.376539
0.402412
0.048174
0.166435
0.361599
0.192768
0.319601
0.445080
0.330306
0.041822
0.482564
0.217599
0.448554
0.391736
0.091591
0.108605
0.570662
0.585833
0.152836
0.456398
0.404252
0.461113
0.327001
0.339984
0.472939
0.172589
0.400925
0.274352
0.731974
0.395878
0.632529
0.251917
0.539835
0.414213
0.228305
0.461825
0.414887
0.067544
0.083567
0.076781
0.721686
0.350272
0.086142
0.264903
0.129119
0.053239
0.120315
0.650758
0.053727
0.218002
0.077621
0.136121
0.364743
0.338019
0.042210
0.041674
0.293329
0.072950
0.071038
0.053364
0.117906
0.129101
0.080489
0.553002
0.100963
0.168357
0.331679
0.116061
0.061622
0.199876
0.070525
0.075419
0.251965
0.068004
0.065888
0.056523
0.027822
0.596541
0.236571
0.037039
0.160119
0.066433
0.024093
0.052379
0.557576
0.040367
0.147733
0.041030
0.103546
0.277509
0.229940
0.026555
0.026675
0.217861
0.020167
0.057126
0.041737
0.089632
0.098607
0.054206
0.483511
0.056461
0.115791
0.428063
0.078666
0.065134
0.121099
0.046460
0.025636
0.178880
0.016605
0.034345
0.019320
0.497844
0.175595
0.017946
0.084087
0.016353
0.020021
0.016926
0.437859
0.053916
0.076564
0.025759
0.043189
0.191242
0.142478
0.079536
0.105953
0.118936
0.029379
0.018040
0.022552
0.052184
0.041245
0.059135
0.351858
0.033597
0.072154
0.508543
0.041167
0.124696
0.055861
0.054220
0.042129
0.119705
0.031534
0.023210
0.524359
0.180387
0.009122
0.093155
0.021555
0.010487
0.015106
0.482602
0.051695
0.084247
0.021144
0.060214
0.207958
0.160570
0.055944
0.069844
0.141346
0.019772
0.023263
0.019510
0.053251
0.057627
0.055224
0.404592
0.032277
0.096481
0.474775
0.044454
0.089694
0.058946
0.040073
0.020164
0.125307
0.014169
0.009526
0.254502
0.484155
0.287889
0.437121
0.570994
0.451181
0.033807
0.595253
0.308974
0.569507
0.488846
0.166020
0.189205
0.688818
0.694964
0.245184
0.570274
0.532650
0.579775
0.459715
0.448169
0.571392
0.216402
0.504422
0.390549
0.841492
0.498831
0.757565
0.370039
0.655173
0.548353
0.324124
0.581738
0.532186
0.152649
0.067397
0.140712
0.211023
0.126508
0.225408
0.233365
0.103423
0.191803
0.159181
0.057141
0.055112
0.335695
0.337352
0.055774
0.222805
0.178212
0.208755
0.136758
0.129793
0.218382
0.136372
0.200049
0.107016
0.606920
0.190830
0.395782
0.091669
0.274302
0.204179
0.064390
0.222306
0.193950
0.074344
0.015716
0.019061
0.008020
0.435631
0.057280
0.062979
0.023566
0.047532
0.173756
0.136201
0.072990
0.079102
0.109853
0.029624
0.020974
0.025188
0.041824
0.041842
0.054501
0.355302
0.031579
0.075569
0.455565
0.035208
0.118346
0.051167
0.065755
0.022722
0.098830
0.027107
0.013790
0.048232
0.129188
0.049224
0.261419
0.163173
0.036155
0.105560
0.073533
0.081692
0.030341
0.242023
0.256770
0.034908
0.127593
0.107697
0.119072
0.091394
0.060894
0.134615
0.211680
0.095510
0.089515
0.652553
0.096074
0.309005
0.034623
0.184465
0.138124
0.057449
0.137648
0.102494
0.035721
0.008979
0.394456
0.079512
0.040701
0.029654
0.038194
0.154775
0.100414
0.109401
0.130931
0.083762
0.043779
0.030598
0.040094
0.042984
0.036238
0.066167
0.331469
0.027854
0.079262
0.543030
0.036067
0.161114
0.027618
0.081418
0.051260
0.089930
0.043835
0.024853
0.030586
0.519252
0.034352
0.116179
0.025990
0.070649
0.234712
0.195418
0.035823
0.053807
0.168807
0.017047
0.015687
0.014568
0.059422
0.070785
0.055019
0.431502
0.038467
0.094424
0.446525
0.051946
0.066619
0.084935
0.037534
0.018188
0.148837
0.012559
0.015180
0.405390
0.073183
0.050297
0.027190
0.043602
0.156183
0.107479
0.102082
0.115014
0.087850
0.036805
0.028132
0.034113
0.041024
0.036743
0.062830
0.323305
0.035140
0.071827
0.513887
0.039470
0.150576
0.033698
0.070108
0.035838
0.087454
0.037820
0.021766
0.526300
0.276625
0.515611
0.434071
0.117549
0.161859
0.635801
0.649529
0.196535
0.529737
0.474327
0.522023
0.384796
0.382402
0.508777
0.136669
0.462957
0.303124
0.746000
0.444878
0.716058
0.331974
0.614905
0.504016
0.269226
0.538857
0.489968
0.162257
0.051775
0.085668
0.253143
0.219403
0.048829
0.059453
0.199703
0.034850
0.052964
0.026357
0.080241
0.076138
0.032298
0.423405
0.055179
0.071371
0.425218
0.089209
0.103685
0.132654
0.071413
0.069089
0.154369
0.047731
0.051590
0.093313
0.064901
0.091704
0.053981
0.214154
0.222477
0.035880
0.134000
0.087624
0.114683
0.060346
0.048426
0.117499
0.248743
0.070090
0.111827
0.570846
0.066545
0.285472
0.028886
0.186391
0.126251
0.055844
0.128678
0.077196
0.034622
0.233621
0.182614
0.074200
0.082819
0.143231
0.038303
0.027147
0.021461
0.050626
0.035920
0.036316
0.386435
0.039808
0.104501
0.478891
0.038177
0.120991
0.067791
0.043818
0.048373
0.124879
0.026173
0.015956
0.181627
0.140761
0.150358
0.161105
0.096063
0.082331
0.048772
0.044050
0.065085
0.016651
0.044691
0.302799
0.044922
0.099040
0.554686
0.030557
0.227046
0.064708
0.111717
0.111559
0.082516
0.081264
0.049234
0.039383
0.348827
0.360401
0.034495
0.261410
0.201743
0.235079
0.144056
0.145240
0.243418
0.103211
0.208664
0.110848
0.569728
0.184042
0.428797
0.111369
0.334196
0.234158
0.068127
0.255594
0.217174
0.317792
0.333714
0.032881
0.197467
0.169569
0.190575
0.121238
0.108039
0.201237
0.166381
0.145706
0.101038
0.670193
0.163586
0.387883
0.060088
0.268335
0.200383
0.065244
0.212857
0.166568
0.018512
0.291223
0.040855
0.075188
0.061263
0.130027
0.147532
0.085486
0.563167
0.089617
0.159878
0.380748
0.105681
0.034071
0.187007
0.058125
0.045381
0.257535
0.029403
0.061296
0.305423
0.059477
0.096262
0.073258
0.136282
0.153612
0.082131
0.576062
0.102906
0.175914
0.337794
0.113122
0.047223
0.207806
0.080135
0.054869
0.257910
0.048547
0.069558
0.195041
0.127642
0.160728
0.088530
0.073052
0.169965
0.124486
0.137207
0.096672
0.587661
0.110106
0.371338
0.052147
0.250469
0.182109
0.044310
0.188762
0.138623
0.040033
0.024857
0.090809
0.081055
0.053433
0.456596
0.038294
0.097191
0.500441
0.071503
0.078960
0.098410
0.031875
0.031049
0.171834
0.018091
0.028435
0.020641
0.047037
0.048377
0.063192
0.369310
0.040257
0.085607
0.458205
0.046685
0.115677
0.065777
0.061632
0.035146
0.114065
0.037263
0.018474
0.059883
0.048893
0.034887
0.405787
0.028623
0.091516
0.473332
0.045787
0.106779
0.086291
0.044853
0.046599
0.127793
0.029831
0.016600
0.042485
0.066224
0.303905
0.060117
0.068387
0.424971
0.062755
0.181831
0.048092
0.119324
0.072872
0.075244
0.083091
0.045189
0.040192
0.268459
0.044845
0.067650
0.500583
0.039836
0.224748
0.047900
0.116539
0.100929
0.061670
0.082457
0.046360
0.399487
0.042883
0.094053
0.456884
0.051112
0.161166
0.108895
0.088019
0.095265
0.126823
0.058701
0.045462
0.403886
0.233513
0.690431
0.342195
0.658918
0.269197
0.506019
0.442338
0.182166
0.446624
0.407200
0.099564
0.532859
0.043737
0.155364
0.064743
0.089551
0.069271
0.108773
0.052378
0.023907
0.466138
0.118388
0.227016
0.092309
0.163120
0.107631
0.081931
0.117658
0.107456
0.485473
0.396340
0.588606
0.495991
0.404495
0.554466
0.457566
0.459960
0.180089
0.072347
0.102274
0.079870
0.108128
0.054538
0.037455
0.235130
0.068522
0.063765
0.334201
0.068155
0.105114
0.131754
0.099620
0.055146
0.096390
0.061244
0.051375
0.235694
0.029410
0.045283
0.167476
0.023739
0.031525
0.169798
0.123833
0.023620
