0.593201
0.447681
0.674453
0.541570
0.803897
0.734466
0.616392
0.386856
0.448395
0.737841
0.584293
0.632591
0.563469
0.692690
0.756059
0.589459
0.467785
0.677171
0.448003
0.558180
0.597397
0.790945
0.769951
0.769045
0.624837
0.643696
0.553161
0.676471
0.613827
0.495551
0.565718
0.548771
0.737250
0.629029
0.664593
0.624292
0.528937
0.469323
0.621606
0.669674
0.638202
0.651702
0.486548
0.503415
0.664966
0.655644
0.748993
0.474759
0.567823
0.830901
0.758493
0.584411
0.501072
0.530853
0.488134
0.609324
0.628007
0.737260
0.635813
0.652043
0.915052
0.594986
0.528088
0.668085
0.490396
0.770957
0.507591
0.645917
0.712410
0.691120
0.693691
0.591200
0.628222
0.615491
0.465521
0.587953
0.685605
0.499929
0.387124
0.562539
0.619117
0.569985
0.565018
0.491177
0.787365
0.683404
0.459683
0.448173
0.466566
0.317918
0.690446
0.479043
0.718199
0.774468
0.715712
0.836467
0.548651
0.439518
0.656203
0.422374
0.500814
0.452342
0.482432
0.646754
0.618764
0.463741
0.640965
0.525036
0.648823
0.720523
0.662802
0.652717
0.568704
0.632755
0.517101
0.713958
0.581653
0.621065
0.871713
0.699156
0.603097
0.639042
0.632577
0.511477
0.861035
0.611056
0.751043
0.650457
0.681036
0.995875
0.448243
0.538842
0.707970
0.495716
0.840418
0.374231
0.570098
0.594143
0.457017
0.688466
0.651030
0.667594
0.695977
0.665539
0.685802
0.514490
0.576788
0.745396
0.696595
0.664816
0.634850
0.807746
0.742691
0.461446
0.517275
0.645381
0.490160
0.725920
0.501769
0.692407
0.771257
0.820372
0.851461
0.696824
0.561401
0.655307
0.509709
0.681717
0.536666
0.674748
0.701020
0.722702
0.566196
0.652649
0.689661
0.737737
0.633582
0.621772
0.832025
0.707717
0.754567
0.642426
0.635932
0.908634
0.706897
0.493382
0.640085
0.607202
0.584379
0.667752
0.555739
0.763437
0.628434
0.767802
1.017808
0.684552
0.648190
0.580979
0.478244
0.869157
0.538149
0.666363
0.735660
0.830981
0.617600
0.659219
0.690706
0.768167
0.640448
0.753607
0.728072
0.833178
0.664305
0.784755
0.824376
0.812944
0.620687
0.635933
0.626047
0.654938
0.900537
0.335434
0.829741
0.788836
0.735857
0.872099
0.686337
0.681644
0.700073
0.534077
0.875298
0.651461
0.666705
0.739221
0.556739
0.685219
0.679426
0.589234
0.481363
0.689583
0.764988
0.704898
0.578381
0.482855
0.812819
0.828500
0.681424
0.617926
0.616036
0.610237
0.626667
0.663439
0.762576
0.640862
0.850895
0.863898
0.638986
0.586129
0.730508
0.548202
0.719536
0.635228
0.598085
0.659846
0.711430
0.718658
0.736284
0.571865
0.526305
0.667347
0.676223
0.567289
0.411178
0.736226
0.811079
0.555488
0.490910
0.592428
0.413252
0.687028
0.552091
0.728617
0.736267
0.810504
0.753193
0.539410
0.431838
0.682936
0.519343
0.669025
0.492556
0.449061
0.705096
0.583329
0.550108
0.603014
0.414952
0.772754
0.630949
0.654862
0.721290
0.831086
0.823757
0.607381
0.615860
0.712462
0.479296
0.750020
0.688532
0.835313
0.807833
0.926616
0.647110
0.640611
0.612712
0.790300
0.677536
0.635526
0.551090
0.653031
0.752587
0.650116
0.798140
0.678735
0.582789
0.682335
0.662223
0.749056
0.948280
0.619726
0.638123
0.653451
0.663479
0.570735
0.887713
0.694298
0.732798
0.686119
0.630829
1.008261
0.476080
0.635385
0.766477
0.667054
0.923802
0.475368
0.668057
0.694509
0.672748
0.713188
0.680586
0.635493
0.735467
0.683646
0.888054
0.793703
0.743036
0.690019
0.716246
0.495813
0.734214
0.712273
0.799529
0.767800
0.825452
0.850783
0.667657
0.640010
0.743214
0.694454
0.527723
0.666660
0.497272
0.777177
0.726786
0.735153
0.824643
0.623824
0.536577
0.773286
0.717113
0.528076
0.496425
0.501251
0.526833
0.548737
0.625910
0.709164
0.588143
0.682521
0.994653
0.532095
0.599096
0.638460
0.467679
0.713529
0.409334
0.643521
0.698247
0.634669
0.631158
0.657208
0.616056
0.831223
0.855105
0.649527
0.540822
0.668770
0.522242
0.614106
0.605477
0.683923
0.713555
0.808226
0.845755
0.574973
0.488209
0.524819
0.539383
0.676294
0.589453
0.520079
0.777666
0.694265
0.527574
0.816346
0.619193
0.867244
0.891121
0.726922
0.781630
0.840674
0.841623
0.809290
0.919829
0.994571
1.002717
0.662699
0.798122
0.911396
0.956574
0.816688
0.549750
0.879267
0.831999
0.971931
0.849829
0.860220
0.818341
0.721308
0.584122
0.662965
0.579901
0.617589
0.841747
0.640978
0.810437
0.737634
0.616506
0.990845
0.614004
0.757867
0.676427
0.650982
0.852730
0.609710
0.771606
0.580867
0.775189
0.658562
0.598302
0.838202
0.413207
0.503808
0.408816
0.721559
0.447218
0.674005
0.599449
0.684735
0.938614
0.588952
0.490643
0.587064
0.410463
0.806683
0.335974
0.628150
0.641724
0.646895
0.513677
0.503827
0.686779
0.480217
0.463805
0.640322
0.488352
0.687889
0.605581
0.663701
0.768139
0.637499
0.511223
0.579449
0.447978
0.692051
0.433344
0.607344
0.769923
0.675168
0.572013
0.601489
0.640262
0.506392
0.675521
0.514606
0.801040
0.681085
0.737652
0.979383
0.546137
0.566556
0.674072
0.501504
0.729831
0.475584
0.700286
0.701645
0.813469
0.583049
0.626667
0.705299
0.729171
0.500384
0.745922
0.713098
0.686168
0.848725
0.476480
0.432556
0.645635
0.410995
0.653499
0.347947
0.448488
0.628673
0.572944
0.571295
0.521014
0.437107
0.777354
0.773175
0.647187
0.858477
0.816345
0.771478
0.748725
0.752223
0.623828
0.652172
0.755812
0.717930
0.822017
0.938947
0.700610
0.792199
0.776884
0.739274
0.709395
0.708381
0.782942
0.626991
0.569691
0.545758
0.416484
0.709197
0.505979
0.614796
0.665661
0.698346
0.415005
0.602327
0.693078
0.754291
0.808755
0.966486
0.704316
0.641339
0.712810
0.639235
0.877273
0.749435
0.737396
0.734955
0.792774
0.707937
0.823510
0.777404
0.755436
1.014071
0.653001
0.724913
0.699169
0.648425
0.929322
0.599084
0.753766
0.680690
0.714158
0.726817
0.776121
0.784071
1.025294
0.735820
0.705129
0.660938
0.531067
0.962429
0.652853
0.756486
0.609135
0.690140
0.712611
0.684745
0.827771
0.925390
0.923421
0.962750
0.908044
0.676237
1.031088
0.812626
1.018547
0.937927
0.891687
0.935831
0.773776
0.546982
0.712806
0.582005
0.753875
0.449985
0.580684
0.650299
0.584135
0.636343
0.672871
0.600456
0.561811
0.489302
0.741756
0.442697
0.543321
0.679414
0.626415
0.483260
0.654259
0.635077
0.558677
0.859079
0.534704
0.652957
0.746544
0.775091
0.519535
0.674085
0.779534
0.727996
0.447561
0.562333
0.545767
0.593099
0.507238
0.587072
0.579304
0.787343
0.686807
0.873134
0.726900
0.739492
0.889098
0.674712
0.595841
0.678084
0.555286
0.525114
0.484275
0.647437
0.714400
0.522567
0.638682
0.730020
0.489901
0.646115
0.756512
0.780208
0.737727
0.753009
0.773229
0.584962
0.672835
0.796502
0.650772
