0.108143
0.087895
0.087699
0.354885
0.125516
0.048749
0.044996
0.053003
0.523703
0.343520
0.028089
0.057539
0.047450
0.089638
0.071513
0.094658
0.034699
0.261475
0.121414
0.161597
0.058180
0.423118
0.018509
0.039194
0.042139
0.070850
0.027918
0.470487
0.027797
0.513302
0.027731
0.063676
0.030157
0.404265
0.025360
0.112269
0.049208
0.272329
0.097078
0.593625
0.046416
0.070436
0.052697
0.036996
0.714734
0.562497
0.106297
0.174903
0.163367
0.201561
0.038239
0.052368
0.151034
0.488727
0.283378
0.370586
0.028501
0.524621
0.082973
0.201896
0.100235
0.075439
0.091660
0.673240
0.108776
0.704236
0.172685
0.042821
0.043820
0.666722
0.108913
0.300892
0.160396
0.197000
0.202240
0.290115
0.129224
0.157181
0.184623
0.429367
0.199400
0.083368
0.089886
0.053616
0.059029
0.221778
0.216896
0.043218
0.125919
0.070573
0.091941
0.187384
0.309716
0.097908
0.053578
0.150878
0.168802
0.088548
0.306446
0.063925
0.433861
0.034347
0.202124
0.142106
0.209262
0.074827
0.041367
0.075682
0.396202
0.090715
0.072486
0.097429
0.081764
0.538070
0.390365
0.072375
0.109884
0.169240
0.153463
0.055615
0.096969
0.115965
0.337694
0.207048
0.309312
0.059459
0.320474
0.061346
0.140356
0.152443
0.092036
0.094388
0.495400
0.106697
0.536397
0.110832
0.038746
0.070513
0.520283
0.086855
0.164759
0.067308
0.570790
0.429507
0.458993
0.500243
0.212953
0.051185
0.360382
0.229494
0.334856
0.335337
0.495727
0.530072
0.304618
0.066536
0.235072
0.218983
0.472163
0.275253
0.392834
0.293773
0.481498
0.460442
0.393524
0.059023
0.367952
0.168469
0.251019
0.481525
0.433431
0.090383
0.362882
0.145391
0.235722
0.074039
0.063153
0.041930
0.651014
0.566824
0.094783
0.177664
0.198277
0.242318
0.016430
0.026543
0.158079
0.503853
0.306641
0.376956
0.030050
0.529575
0.104957
0.193206
0.131956
0.045807
0.115843
0.671807
0.126650
0.682938
0.185225
0.049699
0.058035
0.634087
0.110141
0.320215
0.160212
0.037520
0.044729
0.601825
0.424496
0.036809
0.085105
0.099190
0.118524
0.042793
0.037949
0.047006
0.327292
0.144993
0.205518
0.028709
0.394848
0.030538
0.078745
0.077118
0.025180
0.045274
0.545622
0.030343
0.622261
0.078320
0.054300
0.025492
0.483988
0.027926
0.162974
0.082445
0.015151
0.576955
0.458821
0.042508
0.103842
0.073227
0.127522
0.041756
0.046329
0.065089
0.374545
0.206664
0.255083
0.017742
0.482871
0.039144
0.098067
0.042715
0.044776
0.026865
0.577993
0.042108
0.595962
0.077843
0.038117
0.015825
0.513843
0.045575
0.203907
0.101369
0.601188
0.495614
0.039282
0.129011
0.090401
0.140283
0.025423
0.030257
0.080076
0.413287
0.225714
0.296202
0.017839
0.505022
0.038950
0.121604
0.049869
0.037571
0.031140
0.612241
0.052053
0.621272
0.096652
0.020006
0.015177
0.555437
0.045276
0.229282
0.108413
0.297489
0.512698
0.420355
0.492692
0.552826
0.619982
0.642289
0.485094
0.294812
0.504198
0.444299
0.600023
0.555451
0.561211
0.480729
0.618579
0.588949
0.523446
0.246077
0.552077
0.175525
0.427796
0.593409
0.575666
0.225335
0.533691
0.359569
0.446217
0.364394
0.223049
0.330331
0.319438
0.491567
0.526588
0.312649
0.061289
0.238242
0.209878
0.463530
0.253365
0.387202
0.293844
0.479867
0.467506
0.392049
0.043022
0.360262
0.201329
0.255051
0.471417
0.426803
0.115816
0.365074
0.147491
0.226667
0.080117
0.056790
0.072058
0.054077
0.060508
0.023487
0.285593
0.124362
0.190097
0.047998
0.386713
0.016103
0.045949
0.062113
0.038901
0.023557
0.484970
0.019380
0.551174
0.035755
0.048321
0.029926
0.399949
0.007254
0.118529
0.046754
0.107349
0.157185
0.118637
0.150845
0.071752
0.149535
0.096973
0.118674
0.100215
0.363518
0.082362
0.061158
0.138055
0.109922
0.097653
0.341834
0.075856
0.407399
0.047304
0.127455
0.079329
0.290190
0.074095
0.085746
0.034425
0.062710
0.148254
0.147091
0.040066
0.252712
0.135595
0.159406
0.114553
0.443298
0.059269
0.058507
0.052522
0.128208
0.031241
0.440163
0.039646
0.497297
0.031278
0.125114
0.072885
0.343388
0.052862
0.111678
0.095194
0.186067
0.184696
0.058332
0.260137
0.138229
0.215626
0.153049
0.279477
0.069649
0.087776
0.129762
0.166479
0.062340
0.425770
0.061852
0.546478
0.065545
0.139646
0.123830
0.386307
0.078507
0.098007
0.102806
0.023296
0.108336
0.416604
0.230447
0.308281
0.013284
0.476544
0.057915
0.135884
0.091846
0.026676
0.076964
0.605431
0.079585
0.627763
0.124759
0.028152
0.028353
0.569337
0.062754
0.243947
0.102542
0.098181
0.436848
0.227633
0.298236
0.027208
0.491121
0.069495
0.147370
0.102684
0.018199
0.079583
0.635857
0.070496
0.667099
0.147296
0.055275
0.044188
0.569095
0.060566
0.272762
0.137351
0.220174
0.067938
0.117082
0.086690
0.361252
0.028794
0.032555
0.076154
0.072958
0.034370
0.426635
0.013679
0.508153
0.028290
0.100187
0.054691
0.327415
0.016305
0.086672
0.054346
0.135692
0.139000
0.384584
0.307695
0.301641
0.221571
0.394055
0.367788
0.306631
0.109383
0.263498
0.223172
0.179555
0.411273
0.347054
0.103501
0.270393
0.092299
0.172536
0.072333
0.215011
0.329050
0.125558
0.097503
0.203462
0.182646
0.161916
0.348567
0.099361
0.475708
0.097951
0.237400
0.169560
0.254755
0.100035
0.091749
0.089549
0.287967
0.418111
0.197872
0.099367
0.224848
0.247470
0.214211
0.317695
0.155991
0.460035
0.126971
0.327424
0.225157
0.173088
0.160962
0.125188
0.149296
0.451188
0.044170
0.120402
0.076090
0.028064
0.050609
0.577848
0.058550
0.606674
0.099332
0.024093
0.016755
0.548705
0.054478
0.212202
0.092543
0.384347
0.381179
0.548270
0.465693
0.424611
0.297883
0.398792
0.519462
0.362370
0.434960
0.462097
0.441138
0.402370
0.252471
0.302713
0.052361
0.048523
0.055010
0.019258
0.511912
0.021768
0.579016
0.041362
0.040294
0.023655
0.451563
0.014506
0.122365
0.052633
0.083081
0.110550
0.065767
0.422965
0.045113
0.519563
0.027081
0.134743
0.081887
0.302092
0.043355
0.085861
0.059298
0.094334
0.039885
0.604629
0.057550
0.640294
0.077404
0.085327
0.044436
0.501504
0.057445
0.205976
0.126850
0.066598
0.580757
0.053211
0.630313
0.106161
0.061535
0.036930
0.495793
0.037342
0.211352
0.101564
0.508500
0.021357
0.554361
0.036224
0.046558
0.026448
0.435640
0.024904
0.129946
0.077388
0.484489
0.152595
0.370115
0.588867
0.549740
0.138130
0.487732
0.232842
0.342238
0.560043
0.037246
0.073339
0.033685
0.393151
0.011358
0.118349
0.065406
0.442276
0.612251
0.592798
0.289195
0.561284
0.364548
0.428226
0.103429
0.062944
0.290942
0.036665
0.050197
0.034322
0.025231
0.575010
0.062059
0.210282
0.093559
0.490660
0.029686
0.172192
0.071506
0.394087
0.207748
0.315903
0.116082
0.052074
0.061463
