0.248229
0.072546
0.025659
0.057529
0.254936
0.112841
0.043357
0.034013
0.076197
0.027527
0.064531
0.041803
0.050267
0.096131
0.045785
0.058478
0.046203
0.044562
0.033748
0.048934
0.072138
0.046010
0.137646
0.048482
0.056896
0.062657
0.014763
0.046944
0.053357
0.048325
0.040420
0.041710
0.119092
0.067781
0.114224
0.043439
0.073281
0.037122
0.043817
0.050767
0.038107
0.083788
0.046225
0.069417
0.035941
0.052718
0.059259
0.061475
0.095686
0.302462
0.230966
0.256931
0.140325
0.479797
0.326837
0.305692
0.308280
0.220062
0.384792
0.243941
0.280335
0.228085
0.334064
0.250430
0.227701
0.359847
0.272922
0.268227
0.292012
0.351234
0.061799
0.348651
0.348227
0.394280
0.243551
0.234773
0.257024
0.331659
0.264928
0.324661
0.491614
0.440537
0.378415
0.327103
0.312926
0.267166
0.317031
0.240489
0.346960
0.422697
0.334258
0.381877
0.279353
0.299060
0.228925
0.403410
0.451331
0.052866
0.029866
0.267386
0.201441
0.022363
0.121003
0.034066
0.115912
0.156781
0.066677
0.042299
0.081553
0.104180
0.030211
0.083293
0.100168
0.031972
0.094177
0.092654
0.130717
0.158029
0.096926
0.157370
0.105525
0.053271
0.060252
0.093626
0.039397
0.119257
0.130924
0.136856
0.124613
0.020168
0.074428
0.035736
0.108022
0.066245
0.062516
0.081885
0.181611
0.063723
0.175113
0.107004
0.063816
0.068699
0.124402
0.213737
0.020030
0.261187
0.148720
0.029881
0.043769
0.044641
0.049142
0.070022
0.016644
0.033998
0.110114
0.043869
0.056492
0.023574
0.049896
0.016547
0.029521
0.047420
0.064742
0.126762
0.032442
0.090705
0.068690
0.014810
0.024704
0.025952
0.043497
0.029300
0.052816
0.116148
0.085800
0.094657
0.027317
0.049114
0.034833
0.029785
0.033190
0.036926
0.110736
0.039513
0.092636
0.033014
0.027563
0.024725
0.071534
0.118983
0.242849
0.194953
0.032195
0.086984
0.039370
0.086098
0.121500
0.038451
0.031244
0.084551
0.080832
0.042765
0.039245
0.074313
0.022236
0.056638
0.061074
0.106222
0.133182
0.058715
0.143343
0.101288
0.043277
0.035037
0.052979
0.044972
0.065135
0.105050
0.128635
0.121160
0.068234
0.045216
0.031258
0.063404
0.043128
0.030728
0.064089
0.162523
0.054895
0.150132
0.072917
0.035231
0.035174
0.105736
0.183658
0.559939
0.322909
0.367692
0.310786
0.237942
0.445976
0.289922
0.303807
0.124843
0.392322
0.220724
0.250822
0.386796
0.267823
0.283272
0.331790
0.413205
0.089167
0.376972
0.443154
0.460451
0.280971
0.268172
0.309606
0.323676
0.308057
0.385242
0.491219
0.471811
0.352457
0.367631
0.298312
0.289083
0.354702
0.206069
0.379493
0.505224
0.375594
0.470913
0.325338
0.287690
0.242295
0.454830
0.512998
0.128020
0.062664
0.165512
0.131928
0.052073
0.153708
0.117648
0.297989
0.059639
0.198837
0.163996
0.059101
0.155535
0.168499
0.124663
0.041576
0.375993
0.090729
0.042623
0.035391
0.111877
0.147334
0.135854
0.128680
0.127674
0.062009
0.093644
0.032927
0.199618
0.081039
0.167850
0.159045
0.080046
0.206079
0.066899
0.014849
0.072198
0.032071
0.104994
0.163712
0.206956
0.032084
0.043707
0.062746
0.022172
0.079229
0.077713
0.035174
0.032524
0.109709
0.045495
0.048872
0.052519
0.045112
0.012801
0.049699
0.055865
0.066068
0.183590
0.038845
0.100690
0.050992
0.023125
0.040483
0.050971
0.019875
0.065345
0.067692
0.085963
0.065756
0.041933
0.026972
0.030094
0.066450
0.023634
0.051894
0.029826
0.105651
0.024876
0.103395
0.055606
0.032360
0.047332
0.062171
0.119405
0.089616
0.038818
0.017913
0.051400
0.052422
0.167369
0.013619
0.118964
0.045093
0.015728
0.058284
0.047115
0.036286
0.013685
0.210419
0.025901
0.031859
0.028217
0.033351
0.049644
0.034693
0.061061
0.023778
0.013378
0.087642
0.038372
0.154752
0.021842
0.095101
0.054549
0.027001
0.083855
0.020920
0.030280
0.030234
0.021775
0.014322
0.057670
0.072330
0.022715
0.040829
0.106628
0.106773
0.033960
0.037238
0.124350
0.064586
0.043370
0.049103
0.067739
0.019434
0.063117
0.053011
0.104144
0.163989
0.060935
0.149090
0.086813
0.039271
0.034624
0.050884
0.025905
0.091241
0.099215
0.116623
0.102656
0.040602
0.044821
0.021625
0.103002
0.037210
0.052139
0.053760
0.145386
0.036079
0.141887
0.076939
0.034015
0.036764
0.094542
0.149844
0.078867
0.065611
0.074236
0.098075
0.060648
0.094182
0.047253
0.059159
0.063388
0.060935
0.072584
0.054921
0.124699
0.069863
0.066727
0.091044
0.040260
0.051897
0.059166
0.083153
0.043637
0.043878
0.150659
0.100076
0.171493
0.064092
0.104959
0.062181
0.064411
0.061702
0.065560
0.093672
0.071371
0.078117
0.033657
0.070168
0.076796
0.085193
0.107913
0.075207
0.084732
0.232875
0.014347
0.164216
0.071411
0.021300
0.082122
0.059683
0.057065
0.021423
0.280457
0.020385
0.050863
0.029630
0.057681
0.080304
0.047536
0.084052
0.034871
0.018757
0.070352
0.027649
0.182066
0.028154
0.118249
0.068525
0.037427
0.119158
0.022960
0.027568
0.045608
0.023775
0.030050
0.074374
0.098694
0.016905
0.013843
0.048442
0.132014
0.042183
0.061162
0.028375
0.060901
0.016330
0.029792
0.054742
0.074898
0.134955
0.043999
0.103863
0.076289
0.016594
0.027926
0.030257
0.037712
0.040694
0.061023
0.145670
0.102795
0.094600
0.036324
0.047740
0.058017
0.033397
0.048148
0.042327
0.121520
0.036404
0.104422
0.041872
0.019392
0.013252
0.087678
0.116564
0.118169
0.051204
0.041355
0.038792
0.040354
0.035386
0.065940
0.036254
0.066238
0.162258
0.050091
0.097146
0.060583
0.033319
0.023636
0.039355
0.036569
0.068967
0.069225
0.088537
0.068398
0.066534
0.027449
0.033447
0.087796
0.023667
0.047076
0.034744
0.094779
0.027739
0.095315
0.060040
0.052508
0.057757
0.058668
0.129434
0.179018
0.073912
0.108999
0.158388
0.094320
0.129842
0.143556
0.181534
0.100266
0.168644
0.208986
0.207304
0.113171
0.105038
0.151942
0.104579
0.147676
0.190584
0.240908
0.227023
0.135652
0.149911
0.100988
0.142323
0.140074
0.072754
0.160656
0.261428
0.141244
0.241419
0.141443
0.112290
0.115159
0.212662
0.289761
0.110087
0.048517
0.017282
0.048325
0.042501
0.038275
0.016103
0.228318
0.020135
0.049044
0.020353
0.030071
0.046215
0.032062
0.046430
0.027513
0.015386
0.084083
0.035841
0.127458
0.014749
0.077222
0.070067
0.016908
0.090632
0.012936
0.038156
0.017258
0.034224
0.020162
0.042407
0.062965
0.022052
0.037636
0.069401
0.104897
0.041025
0.095007
0.099045
0.131277
0.108881
0.112179
0.160006
0.130628
0.047247
0.045948
0.089962
0.043163
0.120831
0.132963
0.172870
0.141126
0.049541
0.086389
0.035395
0.123407
0.074470
0.046252
0.087606
0.181966
0.068542
0.177351
0.113309
0.064976
0.065683
0.139839
0.210089
0.046160
0.030015
0.019392
0.030916
0.072203
0.117559
0.039333
0.116800
0.095291
0.032348
0.013320
0.012356
0.052485
0.030587
0.058773
0.121282
0.103864
0.128335
0.031706
0.045606
0.056149
0.035644
0.023942
0.044703
0.118682
0.049392
0.107940
0.030757
0.026702
0.021473
0.083764
0.115113
0.051031
0.053681
0.029457
0.017669
0.233684
0.015732
0.052273
0.027187
0.041516
0.047047
0.039671
0.044901
0.038736
0.029308
0.046164
0.025264
0.122295
0.011684
0.064273
0.063755
0.016325
0.071712
0.012972
0.034088
0.020156
0.034546
0.028124
0.052167
0.078771
0.013590
0.044257
0.032758
0.051202
0.075806
0.138604
0.039924
0.113198
0.072413
0.016215
0.025908
0.035945
0.018820
0.050172
0.066365
0.112926
0.089306
0.058883
0.032043
0.030287
0.051940
0.030183
0.029835
0.039639
0.123462
0.033830
0.114594
0.044084
0.017344
0.019323
0.078186
0.126087
0.050613
0.065553
0.158721
0.035943
0.117006
0.087112
0.034217
0.037075
0.021317
0.056745
0.020267
0.053433
0.133770
0.104418
0.146163
0.036336
0.069510
0.051113
0.043390
0.047584
0.039031
0.118766
0.054461
0.107632
0.029830
0.022225
0.021697
0.084541
0.100769
0.058094
0.181014
0.036472
0.102812
0.062218
0.051749
0.032437
0.026578
0.048012
0.048939
0.060382
0.085015
0.073962
0.116084
0.024211
0.058332
0.082317
0.025181
0.060586
0.037863
0.085886
0.032468
0.077936
0.035542
0.044849
0.054065
0.055034
0.098807
0.254624
0.034626
0.026145
0.019936
0.045900
0.070728
0.060838
0.067218
0.040048
0.021535
0.086621
0.033960
0.161230
0.028779
0.104200
0.076999
0.032108
0.110049
0.020657
0.018595
0.028604
0.020878
0.033501
0.076193
0.103101
0.017815
0.037158
0.224780
0.268955
0.287665
0.134342
0.119367
0.153579
0.184992
0.178309
0.230109
0.343619
0.311214
0.215635
0.207171
0.161876
0.169604
0.195910
0.102470
0.225531
0.328198
0.212135
0.294897
0.178225
0.160805
0.117514
0.290746
0.343789
0.074302
0.039856
0.037344
0.046816
0.025765
0.049290
0.025070
0.032164
0.056942
0.038138
0.126215
0.008932
0.067634
0.046358
0.017966
0.062326
0.014094
0.059870
0.030274
0.052238
0.024972
0.035525
0.057509
0.025038
0.050042
0.032462
0.068234
0.109348
0.104478
0.108307
0.075500
0.039716
0.116112
0.047401
0.184391
0.065356
0.145812
0.092708
0.068749
0.154385
0.056994
0.028021
0.061061
0.017410
0.059316
0.126028
0.151542
0.040429
0.063686
0.049911
0.082686
0.072789
0.061710
0.064015
0.034947
0.068839
0.022561
0.117370
0.027808
0.095889
0.087420
0.028552
0.131507
0.023907
0.024529
0.023232
0.027648
0.050373
0.083555
0.111314
0.015247
0.051561
0.026409
0.029969
0.030354
0.038183
0.037452
0.114982
0.066261
0.085140
0.027672
0.050350
0.047680
0.024564
0.046948
0.024244
0.083312
0.025125
0.074390
0.031964
0.033827
0.032793
0.057925
0.093036
0.019568
0.035844
0.047596
0.060214
0.115897
0.097160
0.091142
0.031010
0.032901
0.079077
0.031321
0.026961
0.044035
0.111708
0.036143
0.104738
0.038704
0.031510
0.029080
0.078844
0.122356
0.054204
0.027549
0.039278
0.105222
0.078742
0.132771
0.021451
0.063747
0.060921
0.027589
0.045475
0.031127
0.094750
0.042949
0.086694
0.022735
0.031567
0.029290
0.061727
0.086679
0.073003
0.073316
0.103819
0.077285
0.046213
0.035792
0.032012
0.093253
0.031611
0.051707
0.036077
0.108126
0.020604
0.106034
0.056771
0.028047
0.047233
0.069248
0.116470
0.031529
0.121651
0.081425
0.172544
0.029710
0.092292
0.036568
0.038438
0.067531
0.035183
0.083845
0.051935
0.065443
0.015528
0.037726
0.044953
0.057206
0.073697
0.092095
0.038620
0.168294
0.033378
0.111398
0.069882
0.041128
0.098882
0.027210
0.034795
0.044032
0.029666
0.016924
0.067026
0.085724
0.029043
0.032161
0.042061
0.143346
0.059977
0.106723
0.120296
0.071038
0.131825
0.065998
0.077383
0.080538
0.088568
0.099506
0.129362
0.165589
0.044519
0.086534
0.134640
0.038227
0.109433
0.096753
0.044092
0.128543
0.025933
0.024389
0.043701
0.027701
0.062097
0.101074
0.137815
0.010402
0.036667
0.099405
0.046408
0.161817
0.087150
0.105774
0.106863
0.196624
0.074892
0.194811
0.148715
0.093950
0.108196
0.140618
0.229696
0.047299
0.052534
0.004921
0.058163
0.009787
0.054114
0.013726
0.051890
0.025737
0.033168
0.051580
0.023968
0.064123
0.102302
0.040254
0.041868
0.058624
0.149381
0.041033
0.146542
0.086142
0.041092
0.052224
0.101502
0.163323
0.058713
0.071160
0.064357
0.116742
0.083614
0.096511
0.047393
0.069910
0.063025
0.081651
0.116273
0.061568
0.012115
0.060589
0.009630
0.059247
0.033347
0.034701
0.049075
0.030656
0.075373
0.072488
0.162016
0.072328
0.149568
0.064481
0.038294
0.039944
0.115612
0.164728
0.044115
0.013201
0.043738
0.030772
0.040086
0.061937
0.019757
0.047516
0.055685
0.012249
0.066331
0.129707
0.163733
0.016925
0.027254
0.055067
0.041223
0.037716
0.059851
0.032433
0.074628
0.051325
0.116783
0.146636
0.020152
0.030302
0.040055
0.050815
0.044704
0.059438
0.018200
0.086611
0.115593
0.116471
0.150510
0.030975
