0.155438
0.153068
0.394308
0.399197
0.478429
0.496527
0.565448
0.225114
0.053994
0.259887
0.404338
0.226097
0.426742
0.127348
0.497399
0.267504
0.453862
0.359675
0.528286
0.196777
0.370598
0.094013
0.463098
0.252067
0.237242
0.372225
0.592637
0.141502
0.150705
0.260624
0.601946
0.039106
0.323933
0.489389
0.457416
0.624667
0.551189
0.064070
0.377113
0.309737
0.071667
0.103016
0.355559
0.419951
0.183329
0.515090
0.193415
0.043508
0.159326
0.169521
0.222854
0.250030
0.591184
0.278548
0.085849
0.335089
0.174696
0.238470
0.237736
0.100441
0.247344
0.104877
0.222886
0.338824
0.283570
0.072508
0.154711
0.097037
0.222707
0.097896
0.063113
0.166003
0.676616
0.025732
0.063036
0.097829
0.368414
0.138172
0.136352
0.258704
0.201499
0.376046
0.316075
0.131726
0.160883
0.105200
0.222862
0.186555
0.168913
0.402736
0.273418
0.261796
0.068597
0.194481
0.204815
0.268718
0.281065
0.632278
0.299373
0.096649
0.322526
0.181850
0.208616
0.259059
0.077234
0.272951
0.098413
0.260507
0.389821
0.302446
0.129500
0.182881
0.120975
0.240707
0.103530
0.107370
0.195609
0.708069
0.042034
0.049499
0.108521
0.386992
0.127617
0.174336
0.272780
0.227612
0.400706
0.324463
0.115203
0.179853
0.150999
0.208247
0.172612
0.139693
0.427210
0.197204
0.301135
0.101929
0.017332
0.035747
0.053687
0.660821
0.564490
0.340625
0.420835
0.032804
0.412167
0.097615
0.319216
0.037089
0.069918
0.057131
0.379717
0.078829
0.090302
0.014381
0.274899
0.027674
0.066359
0.058804
0.024095
0.833095
0.145124
0.176276
0.066626
0.126244
0.380873
0.035303
0.049906
0.029884
0.098625
0.074943
0.379658
0.012835
0.025097
0.507038
0.416555
0.093009
0.546851
0.481018
0.047311
0.080093
0.039144
0.044170
0.631583
0.579016
0.358172
0.384347
0.024700
0.439878
0.061346
0.352361
0.028399
0.067671
0.031772
0.318578
0.057915
0.107921
0.020638
0.304438
0.020973
0.084521
0.069022
0.016103
0.838680
0.170578
0.182441
0.052633
0.104957
0.392834
0.028696
0.055010
0.019204
0.100863
0.069495
0.387202
0.014506
0.034527
0.511912
0.451563
0.084656
0.539970
0.468041
0.038950
0.097908
0.017742
0.664405
0.595962
0.437685
0.482871
0.063848
0.487544
0.097429
0.412908
0.033494
0.140651
0.039339
0.429842
0.041756
0.158334
0.041133
0.372849
0.032732
0.144086
0.105352
0.042508
0.809179
0.223773
0.229661
0.101369
0.063153
0.458993
0.067368
0.044776
0.023236
0.049115
0.046329
0.458821
0.045575
0.057951
0.577993
0.513843
0.116433
0.557847
0.547939
0.015151
0.157181
0.630486
0.606674
0.458388
0.451188
0.048785
0.458705
0.059459
0.448562
0.026799
0.154257
0.025656
0.400524
0.013284
0.199408
0.058511
0.414650
0.031802
0.160431
0.131395
0.047998
0.800090
0.252860
0.225688
0.092543
0.030050
0.472163
0.062648
0.028064
0.027094
0.033827
0.027208
0.463530
0.054478
0.083341
0.577848
0.548705
0.086298
0.522700
0.520113
0.017839
0.187384
0.509681
0.569520
0.472214
0.632129
0.476721
0.523606
0.695404
0.655123
0.639954
0.573143
0.457854
0.653138
0.620575
0.662261
0.659723
0.673647
0.641656
0.585470
0.635658
0.482847
0.623048
0.539675
0.575464
0.668220
0.529334
0.545197
0.682198
0.670641
0.688100
0.701443
0.539674
0.660168
0.624940
0.499531
0.679069
0.594833
0.353133
0.546575
0.660149
0.626260
0.229229
0.519462
0.582124
0.269411
0.536397
0.281891
0.654355
0.493841
0.562564
0.581557
0.627763
0.428862
0.554264
0.310486
0.636715
0.469680
0.385533
0.551174
0.238497
0.316048
0.241297
0.428226
0.682938
0.168469
0.487750
0.630313
0.598955
0.723319
0.667099
0.201329
0.561284
0.486389
0.152595
0.289195
0.491282
0.213246
0.239302
0.621272
0.433861
0.293271
0.350114
0.186451
0.404580
0.059118
0.449975
0.231574
0.415675
0.373010
0.494066
0.154450
0.327487
0.047587
0.415786
0.193797
0.185117
0.337447
0.638460
0.078381
0.112134
0.219744
0.579135
0.054053
0.279924
0.449004
0.406792
0.586950
0.520586
0.038008
0.330933
0.260035
0.077119
0.080961
0.318048
0.412766
0.216723
0.477943
0.141363
0.353468
0.361683
0.320474
0.441661
0.452754
0.279522
0.398974
0.128850
0.476544
0.342871
0.429450
0.376533
0.438542
0.320771
0.375995
0.386713
0.684450
0.340923
0.268026
0.302713
0.529575
0.275253
0.321280
0.465693
0.458894
0.550906
0.491121
0.253365
0.402370
0.392235
0.297883
0.441138
0.325859
0.497434
0.330147
0.505022
0.309716
0.382683
0.052687
0.340735
0.038322
0.072356
0.051004
0.334102
0.058424
0.130026
0.037788
0.307642
0.033130
0.072895
0.086158
0.037336
0.838775
0.159589
0.152147
0.048113
0.105679
0.377374
0.029400
0.051409
0.038923
0.107911
0.071604
0.364356
0.030229
0.048763
0.495888
0.442884
0.038599
0.523112
0.438401
0.069999
0.111288
0.393914
0.232239
0.477141
0.353779
0.449741
0.484298
0.486164
0.331079
0.419659
0.275320
0.465794
0.304266
0.311815
0.418540
0.495100
0.217988
0.158794
0.291957
0.553649
0.161995
0.330768
0.445510
0.477750
0.563971
0.524517
0.176458
0.411712
0.369775
0.190477
0.250008
0.281289
0.245667
0.197039
0.517119
0.312066
0.439229
0.082524
0.142985
0.033997
0.260402
0.055615
0.212382
0.101802
0.391503
0.084209
0.162010
0.137578
0.072375
0.726640
0.250830
0.179657
0.067308
0.090715
0.396202
0.039744
0.092036
0.074039
0.134304
0.096969
0.390365
0.086855
0.113553
0.495400
0.520283
0.067386
0.414101
0.422691
0.081764
0.197000
0.435643
0.235894
0.429399
0.517648
0.475461
0.158886
0.295681
0.053421
0.389703
0.179029
0.174952
0.326337
0.733324
0.066134
0.136530
0.240991
0.556112
0.109204
0.299609
0.420551
0.377265
0.564235
0.485397
0.098666
0.308390
0.239314
0.162183
0.050218
0.308923
0.518004
0.268958
0.454621
0.152415
0.119838
0.034697
0.398950
0.035734
0.174275
0.038918
0.399267
0.012149
0.129530
0.120057
0.039978
0.863727
0.239041
0.242093
0.097732
0.070238
0.481448
0.061530
0.038731
0.021440
0.043024
0.042388
0.473143
0.034246
0.070912
0.590344
0.541765
0.095666
0.584186
0.528530
0.029788
0.154811
0.130313
0.297019
0.173581
0.087475
0.069535
0.213541
0.091183
0.049448
0.077261
0.071339
0.821798
0.106060
0.123023
0.062832
0.242245
0.269900
0.082385
0.140972
0.102955
0.229833
0.169576
0.267483
0.057504
0.074725
0.381563
0.323213
0.097544
0.526066
0.330926
0.154962
0.054447
0.320190
0.028025
0.178646
0.054211
0.378242
0.041695
0.142453
0.109279
0.034284
0.773032
0.237506
0.204978
0.069061
0.059248
0.429937
0.043142
0.057141
0.024578
0.076224
0.057015
0.420634
0.047099
0.075100
0.534148
0.523437
0.088862
0.475153
0.490836
0.023097
0.162724
0.418530
0.342538
0.389994
0.427942
0.393938
0.355252
0.363823
0.340033
0.758138
0.385597
0.351175
0.296776
0.471734
0.408932
0.278004
0.440258
0.387369
0.500888
0.457179
0.360661
0.368040
0.358036
0.421829
0.552672
0.362679
0.516341
0.456917
0.420537
0.325433
0.239038
0.074065
0.445595
0.041011
0.180514
0.151478
0.054077
0.824712
0.287218
0.246092
0.102542
0.016430
0.495727
0.081173
0.026676
0.035763
0.045318
0.023296
0.491567
0.062754
0.112160
0.605431
0.569337
0.090813
0.528551
0.535457
0.025423
0.221778
0.077254
0.092586
0.148010
0.042892
0.041065
0.094087
0.775057
0.049747
0.128166
0.091027
0.301837
0.205854
0.090147
0.189098
0.151726
0.288068
0.240883
0.212970
0.093078
0.040660
0.314902
0.199571
0.172913
0.534795
0.403820
0.195986
0.015071
0.252336
0.026648
0.056759
0.048521
0.013617
0.847262
0.134720
0.171921
0.056948
0.117959
0.360597
0.039031
0.053223
0.026838
0.106588
0.073261
0.361437
0.009464
0.016716
0.486030
0.382550
0.090310
0.560814
0.470639
0.046812
0.070031
0.358981
0.142484
0.141544
0.273542
0.750870
0.059296
0.141517
0.204010
0.518622
0.105913
0.246564
0.384347
0.349257
0.526528
0.451613
0.098692
0.266912
0.192547
0.169947
0.055920
0.313703
0.517812
0.347110
0.411059
0.096930
0.102116
0.102005
0.028578
0.871394
0.212285
0.219416
0.079275
0.073808
0.446935
0.056383
0.033210
0.016150
0.054200
0.039717
0.441004
0.021025
0.057536
0.560003
0.488797
0.086872
0.582653
0.500268
0.030584
0.128639
0.050452
0.066806
0.800256
0.061449
0.098703
0.065427
0.241327
0.227057
0.073624
0.125635
0.118743
0.232461
0.172050
0.232615
0.054076
0.045745
0.346322
0.236086
0.091719
0.527289
0.368434
0.166493
0.026443
0.059613
0.728684
0.056083
0.088809
0.046986
0.216998
0.206923
0.049927
0.132969
0.091112
0.225940
0.178649
0.223646
0.057600
0.028041
0.328794
0.248236
0.109507
0.439260
0.358462
0.130079
0.043088
0.824210
0.159093
0.169793
0.046754
0.094783
0.360382
0.036264
0.038901
0.029054
0.105817
0.060508
0.364394
0.007254
0.032531
0.484970
0.399949
0.085527
0.528177
0.466376
0.039282
0.083368
0.717999
0.564323
0.740983
0.834220
0.506652
0.747185
0.844140
0.859636
0.859023
0.856781
0.597718
0.843376
0.791553
0.476480
0.705765
0.743092
0.261420
0.485399
0.828419
0.793056
0.056705
0.102020
0.366846
0.123873
0.129494
0.241815
0.202484
0.362730
0.301872
0.122176
0.146147
0.087468
0.216362
0.135386
0.155715
0.456903
0.284868
0.266197
0.045683
0.075377
0.315417
0.094916
0.124487
0.226491
0.210268
0.341873
0.275464
0.109421
0.165683
0.133488
0.181552
0.195153
0.095047
0.308198
0.175479
0.261156
0.110184
0.160212
0.235722
0.033133
0.101564
0.073723
0.191079
0.137351
0.226667
0.052074
0.051861
0.342238
0.315903
0.048800
0.401962
0.321395
0.108413
0.075682
0.570790
0.134010
0.045807
0.071755
0.040590
0.026543
0.566824
0.110141
0.163381
0.671807
0.634087
0.137744
0.568277
0.609006
0.041930
0.290115
0.304600
0.460442
0.442676
0.605866
0.530072
0.051185
0.362882
0.297478
0.059023
0.090383
0.301172
0.330528
0.151061
0.500243
0.202240
0.081141
0.050091
0.141382
0.110216
0.299340
0.038287
0.031802
0.413413
0.382533
0.063888
0.437653
0.400203
0.074724
0.084534
0.048426
0.049328
0.018199
0.467506
0.037342
0.091679
0.580757
0.495793
0.091735
0.563696
0.532884
0.037571
0.168802
0.065485
0.047957
0.427876
0.026796
0.049649
0.557665
0.493783
0.090461
0.561458
0.503413
0.017052
0.135460
0.026916
0.593900
0.102956
0.154104
0.694343
0.656983
0.162715
0.633263
0.634651
0.040462
0.267443
0.526588
0.060566
0.120924
0.635857
0.569095
0.116883
0.605277
0.573127
0.030257
0.216896
0.365074
0.297162
0.043022
0.115816
0.307503
0.359278
0.176908
0.495614
0.199400
0.030851
0.487732
0.394087
0.081551
0.547524
0.457936
0.045276
0.074827
0.418053
0.320743
0.095089
0.517784
0.439191
0.080232
0.047941
0.138130
0.419688
0.338950
0.163217
0.612241
0.306446
0.401945
0.534695
0.312144
0.555437
0.209262
0.431871
0.320522
0.127260
0.146861
0.292747
0.557569
0.534574
0.568905
0.366992
0.184623
