0.115353
0.050950
0.056779
0.112353
0.328833
0.059813
0.093936
0.089518
0.442214
0.062589
0.050937
0.033410
0.175415
0.271556
0.147126
0.378615
0.247234
0.078304
0.093601
0.305880
0.090961
0.101202
0.145487
0.128582
0.067711
0.239768
0.569376
0.132584
0.368017
0.060148
0.141606
0.158488
0.093909
0.083139
0.419551
0.050841
0.091798
0.186788
0.039282
0.184623
0.555437
0.033379
0.025423
0.037571
0.543786
0.148566
0.142176
0.108413
0.295484
0.495614
0.041930
0.612241
0.500243
0.081764
0.017839
0.351593
0.132371
0.015151
0.058056
0.197336
0.038950
0.426701
0.689168
0.030257
0.588154
0.045276
0.292102
0.298684
0.111006
0.226410
0.621272
0.073319
0.036613
0.110441
0.076757
0.203175
0.104228
0.193862
0.161852
0.438757
0.045284
0.038852
0.064218
0.151842
0.171191
0.257851
0.260337
0.165224
0.174292
0.170148
0.366185
0.076236
0.155293
0.175972
0.164652
0.126336
0.202585
0.529550
0.219570
0.245533
0.105137
0.100342
0.130006
0.103018
0.035050
0.300436
0.110344
0.150997
0.083368
0.399949
0.014584
0.054077
0.038901
0.442786
0.064877
0.061585
0.046754
0.202274
0.364394
0.094783
0.484970
0.360382
0.072375
0.047998
0.260598
0.057910
0.042508
0.073176
0.121898
0.016103
0.360846
0.685560
0.060508
0.426388
0.007254
0.164831
0.189723
0.045014
0.138462
0.551174
0.039818
0.038871
0.209262
0.084893
0.221778
0.168802
0.351496
0.055322
0.034335
0.075682
0.125414
0.199400
0.290115
0.306446
0.202240
0.197000
0.187384
0.256726
0.024819
0.157181
0.147006
0.139003
0.097908
0.306431
0.679954
0.216896
0.197095
0.074827
0.058334
0.100643
0.044366
0.055183
0.433861
0.108102
0.147099
0.410229
0.569337
0.495793
0.506655
0.217786
0.243907
0.315903
0.307327
0.115816
0.634087
0.138130
0.090383
0.520283
0.548705
0.515201
0.267712
0.513843
0.484769
0.412548
0.451563
0.328955
0.682405
0.569095
0.061628
0.394087
0.176874
0.242502
0.320521
0.193380
0.289195
0.430473
0.497978
0.056679
0.053660
0.460829
0.071912
0.058934
0.052378
0.203053
0.365581
0.099038
0.488060
0.367081
0.077242
0.039621
0.297408
0.049747
0.026106
0.057725
0.148213
0.014157
0.348991
0.683201
0.066892
0.427994
0.015266
0.179052
0.192960
0.040315
0.116785
0.540563
0.033576
0.038909
0.026676
0.538767
0.169871
0.155766
0.102542
0.293906
0.491567
0.016430
0.605431
0.495727
0.055615
0.013284
0.339387
0.175068
0.041756
0.112266
0.192249
0.057915
0.411485
0.669552
0.023296
0.602856
0.062754
0.304718
0.310126
0.148174
0.239951
0.627763
0.068431
0.057840
0.526032
0.122725
0.130639
0.101564
0.278391
0.467506
0.045807
0.580757
0.460442
0.092036
0.028064
0.340547
0.144406
0.044776
0.131796
0.162151
0.055010
0.436003
0.716000
0.018199
0.538536
0.037342
0.262389
0.292752
0.115625
0.206033
0.630313
0.079679
0.078541
0.447501
0.325726
0.349046
0.159161
0.314043
0.589342
0.351979
0.358232
0.374162
0.497084
0.151615
0.411473
0.520360
0.448041
0.403044
0.427637
0.494686
0.592105
0.562928
0.357920
0.460067
0.253380
0.176919
0.452643
0.404892
0.576352
0.357501
0.412061
0.037534
0.078116
0.178367
0.247632
0.219494
0.352867
0.228799
0.169577
0.148988
0.344505
0.058426
0.123023
0.147025
0.195230
0.095289
0.333009
0.671054
0.177020
0.260005
0.068408
0.130526
0.154637
0.066206
0.076764
0.434901
0.100615
0.119159
0.036669
0.085378
0.190641
0.215552
0.288231
0.187096
0.110756
0.127004
0.237394
0.043450
0.116557
0.112685
0.132813
0.071780
0.256429
0.570905
0.176352
0.242484
0.063939
0.068194
0.070142
0.065467
0.046338
0.384558
0.053264
0.085943
0.124811
0.226667
0.160212
0.342238
0.235722
0.067308
0.092543
0.229567
0.060146
0.101369
0.116065
0.094911
0.052633
0.225442
0.566638
0.137351
0.322625
0.052074
0.089292
0.114037
0.076136
0.076620
0.428226
0.035945
0.075801
0.153635
0.358938
0.223339
0.184070
0.175623
0.254721
0.133301
0.171941
0.268304
0.228979
0.204104
0.193533
0.285050
0.521340
0.323950
0.217926
0.207033
0.088527
0.038701
0.205087
0.137172
0.399572
0.134934
0.193119
0.566824
0.043022
0.051185
0.390365
0.463530
0.347535
0.256598
0.458821
0.409944
0.341911
0.387202
0.173498
0.482477
0.526588
0.075315
0.365074
0.109093
0.123463
0.317153
0.152965
0.201329
0.332416
0.401397
0.671807
0.570790
0.090715
0.030050
0.385854
0.240692
0.063153
0.144645
0.259204
0.104957
0.489055
0.701647
0.026543
0.674970
0.110141
0.377115
0.381720
0.208037
0.316906
0.682938
0.120909
0.089900
0.059023
0.495400
0.577848
0.426870
0.373992
0.577993
0.512129
0.442918
0.511912
0.209994
0.424758
0.635857
0.118684
0.487732
0.178534
0.186666
0.447859
0.254850
0.152595
0.445536
0.511906
0.396202
0.472163
0.374561
0.259772
0.458993
0.407434
0.326207
0.392834
0.163385
0.444343
0.530072
0.107930
0.362882
0.105971
0.130317
0.324246
0.154891
0.168469
0.339486
0.406845
0.059459
0.210491
0.164212
0.097429
0.112557
0.149090
0.061346
0.320995
0.561828
0.096969
0.520974
0.086855
0.222895
0.182417
0.154525
0.205387
0.536397
0.034770
0.044983
0.327011
0.147654
0.017742
0.083443
0.183200
0.044170
0.402940
0.656835
0.027208
0.568196
0.054478
0.273787
0.274172
0.132125
0.205474
0.606674
0.053773
0.044345
0.296819
0.354071
0.318547
0.227871
0.250889
0.450181
0.667804
0.346550
0.406726
0.279149
0.200307
0.164904
0.289498
0.346370
0.623385
0.226741
0.258509
0.115306
0.103906
0.131222
0.061459
0.312498
0.692315
0.183851
0.278458
0.052121
0.095097
0.136072
0.025124
0.065897
0.463070
0.081063
0.110286
0.058767
0.197933
0.039144
0.412911
0.687995
0.046329
0.538820
0.045575
0.264953
0.276125
0.100782
0.185062
0.595962
0.067395
0.046890
0.218805
0.071154
0.370708
0.594207
0.133247
0.498562
0.087948
0.228632
0.199788
0.119933
0.199534
0.510578
0.088332
0.038474
0.109165
0.290421
0.628762
0.197008
0.432239
0.103977
0.122759
0.183872
0.146141
0.162600
0.536374
0.118400
0.176600
0.361860
0.690799
0.069495
0.457726
0.014506
0.179764
0.189905
0.049420
0.136812
0.579016
0.024319
0.035808
0.278338
0.467295
0.363275
0.358044
0.205196
0.217055
0.353375
0.191988
0.155558
0.319194
0.364607
0.738316
0.720062
0.706452
0.546904
0.469617
0.753362
0.577140
0.238976
0.611456
0.596198
0.606805
0.060566
0.314634
0.339562
0.141533
0.260465
0.667099
0.106854
0.086197
0.418948
0.157333
0.193487
0.327419
0.199625
0.359625
0.420717
0.504766
0.161656
0.197147
0.037051
0.123192
0.561284
0.044161
0.055170
0.052926
0.141416
0.082057
0.332394
0.158329
0.218438
0.180107
0.110224
0.310625
0.145075
0.187905
0.089304
0.527141
0.087521
0.108472
0.332382
0.121133
0.191238
0.531633
0.534787
0.043396
