0.025596
0.032025
0.109371
0.034857
0.130611
0.064219
0.047280
0.053360
0.137743
0.163857
0.142656
0.047002
0.125444
0.068119
0.043210
0.229676
0.061141
0.057141
0.148289
0.057847
0.159105
0.130806
0.037813
0.101980
0.160313
0.116635
0.056227
0.096939
0.071397
0.175914
0.150334
0.040531
0.193065
0.043440
0.242610
0.027284
0.183385
0.052681
0.106934
0.242884
0.086978
0.067708
0.154407
0.291356
0.072370
0.273160
0.173566
0.123213
0.068167
0.066443
0.165145
0.055651
0.188903
0.070892
0.070274
0.023385
0.191224
0.165089
0.184941
0.048008
0.168743
0.114980
0.069050
0.307217
0.036744
0.086710
0.096349
0.085210
0.219287
0.168228
0.077108
0.134318
0.215028
0.147225
0.080432
0.130090
0.120818
0.241760
0.218101
0.049791
0.124764
0.079537
0.316055
0.040441
0.120643
0.072469
0.149380
0.174107
0.045428
0.123959
0.216846
0.376326
0.094975
0.358514
0.241252
0.175834
0.083266
0.057258
0.055332
0.088312
0.045167
0.029852
0.066562
0.095521
0.137768
0.085203
0.041244
0.080029
0.051495
0.022802
0.150396
0.064310
0.036588
0.183822
0.031246
0.113866
0.073927
0.027987
0.076549
0.103839
0.088348
0.034050
0.043508
0.046229
0.113834
0.097986
0.041929
0.259627
0.024119
0.179752
0.027103
0.243224
0.044374
0.063407
0.311694
0.139352
0.032014
0.097081
0.191987
0.037189
0.175535
0.110864
0.087465
0.035646
0.134655
0.011617
0.113681
0.066687
0.186180
0.021282
0.100407
0.021362
0.079297
0.028866
0.028448
0.065240
0.039535
0.125569
0.047673
0.276393
0.060519
0.025813
0.025222
0.036680
0.036849
0.014296
0.068431
0.065363
0.022677
0.016645
0.019012
0.012081
0.083425
0.395261
0.032468
0.051027
0.067247
0.415102
0.102629
0.040468
0.458848
0.292322
0.018122
0.019915
0.081487
0.103475
0.089946
0.018934
0.017803
0.104616
0.163740
0.118031
0.079533
0.080971
0.147865
0.190269
0.172451
0.061043
0.148830
0.080553
0.082631
0.257941
0.095204
0.083899
0.170182
0.104348
0.177974
0.169611
0.059390
0.129362
0.189164
0.145525
0.094034
0.135048
0.084504
0.194332
0.175811
0.073148
0.211649
0.071572
0.266987
0.047734
0.186029
0.054316
0.139152
0.287980
0.088588
0.087938
0.185774
0.310743
0.056297
0.291396
0.200940
0.153752
0.076910
0.148383
0.101383
0.224604
0.023546
0.100938
0.026049
0.101656
0.043254
0.039022
0.091804
0.040267
0.145315
0.070570
0.295454
0.088380
0.021680
0.032514
0.051057
0.040980
0.009499
0.063421
0.097951
0.042851
0.024667
0.021457
0.012371
0.109942
0.423383
0.054672
0.036915
0.086174
0.451995
0.144439
0.064890
0.484264
0.326397
0.032341
0.029934
0.093791
0.141143
0.115114
0.020196
0.006009
0.149490
0.038500
0.058054
0.154877
0.139967
0.131884
0.072795
0.111895
0.106462
0.031895
0.225633
0.076379
0.041792
0.182465
0.016319
0.172758
0.123263
0.065716
0.105315
0.157114
0.129256
0.024655
0.060996
0.109007
0.183329
0.161430
0.035490
0.270350
0.059131
0.248211
0.052673
0.255970
0.092668
0.076989
0.297038
0.158780
0.084880
0.137268
0.262166
0.099290
0.262395
0.185299
0.149177
0.036484
0.077354
0.090693
0.115816
0.095079
0.057181
0.057356
0.050533
0.038297
0.158962
0.072579
0.029965
0.178056
0.019604
0.118229
0.105788
0.030789
0.068403
0.103695
0.113858
0.015136
0.035515
0.051032
0.118815
0.094045
0.021812
0.260933
0.028851
0.188011
0.040072
0.278038
0.038032
0.045012
0.329589
0.169848
0.046006
0.080872
0.193488
0.092100
0.181221
0.126592
0.108229
0.041518
0.225130
0.180652
0.197030
0.050228
0.187408
0.151150
0.072491
0.328375
0.034773
0.103596
0.083229
0.086773
0.255987
0.176580
0.105276
0.161012
0.244507
0.167293
0.084933
0.132792
0.155561
0.267651
0.249089
0.057336
0.120265
0.094777
0.356441
0.059027
0.100553
0.078660
0.151858
0.148570
0.044960
0.146559
0.236748
0.379230
0.082816
0.356466
0.263865
0.213522
0.068080
0.074706
0.036609
0.101858
0.020092
0.034929
0.103969
0.044370
0.160481
0.071634
0.276498
0.094202
0.025518
0.060021
0.045811
0.045267
0.021101
0.082731
0.087677
0.051101
0.030275
0.022720
0.023252
0.100562
0.420956
0.060705
0.048888
0.094099
0.447662
0.127673
0.049064
0.496268
0.324158
0.039524
0.025591
0.080919
0.133739
0.107699
0.036260
0.030117
0.133087
0.069718
0.094871
0.061492
0.108862
0.131209
0.154356
0.128271
0.102214
0.161134
0.112724
0.102401
0.111017
0.097642
0.053463
0.086836
0.079169
0.104975
0.088445
0.101501
0.120562
0.123598
0.097738
0.350668
0.114015
0.167685
0.118620
0.393300
0.162778
0.076680
0.411725
0.289900
0.119691
0.102831
0.185750
0.158065
0.237670
0.133643
0.097350
0.139206
0.077371
0.043480
0.057965
0.090409
0.053004
0.119517
0.069252
0.237774
0.082129
0.027091
0.019286
0.067815
0.028178
0.015096
0.047890
0.092945
0.030531
0.039911
0.030502
0.033571
0.100931
0.391948
0.055790
0.065241
0.086558
0.428962
0.127944
0.040872
0.451795
0.310269
0.052347
0.034206
0.088913
0.117807
0.107046
0.027227
0.026658
0.125487
0.093512
0.061119
0.047426
0.188210
0.029389
0.052092
0.103481
0.064711
0.118695
0.073078
0.046606
0.064800
0.112036
0.078508
0.063503
0.065320
0.062370
0.128045
0.122594
0.035012
0.190858
0.039877
0.202534
0.024121
0.201547
0.059781
0.075629
0.243792
0.112055
0.071464
0.122817
0.241072
0.050833
0.236482
0.125185
0.091857
0.061386
0.040728
0.081916
0.061603
0.144014
0.051747
0.247794
0.061718
0.053217
0.072358
0.043910
0.045593
0.035239
0.093833
0.056732
0.037568
0.040905
0.038319
0.037226
0.066815
0.385811
0.056025
0.084531
0.085445
0.416829
0.110786
0.032805
0.460633
0.302459
0.047593
0.022538
0.082587
0.130866
0.115578
0.056855
0.055547
0.094700
0.051250
0.088238
0.109807
0.031921
0.233720
0.057427
0.049188
0.065802
0.020033
0.043875
0.049868
0.087195
0.056742
0.041267
0.012540
0.049766
0.035796
0.053568
0.324521
0.026093
0.089471
0.036271
0.348255
0.066047
0.048102
0.393997
0.222690
0.022890
0.043076
0.130788
0.095674
0.133687
0.062849
0.045194
0.080657
0.163966
0.063537
0.020331
0.196565
0.025174
0.119676
0.076847
0.036038
0.074923
0.109067
0.103630
0.028879
0.042592
0.061248
0.119097
0.104666
0.031214
0.258256
0.029280
0.181882
0.022986
0.257943
0.068494
0.063438
0.295154
0.150200
0.046754
0.098487
0.202777
0.068630
0.197344
0.120970
0.093429
0.039016
0.246401
0.133395
0.393628
0.147852
0.037256
0.070981
0.120873
0.100786
0.032581
0.138955
0.158138
0.080927
0.073605
0.025046
0.024863
0.190134
0.531607
0.109631
0.019819
0.170734
0.563858
0.193061
0.086003
0.594029
0.444439
0.080612
0.028612
0.022208
0.198775
0.043561
0.026012
0.053509
0.201873
0.085033
0.082515
0.082266
0.171539
0.108411
0.083055
0.097052
0.158364
0.111565
0.084183
0.086146
0.100226
0.190777
0.172520
0.054426
0.133318
0.062349
0.260941
0.039475
0.163596
0.075181
0.114830
0.178619
0.091686
0.113008
0.173451
0.309203
0.091384
0.291716
0.179916
0.133051
0.095335
0.208325
0.020683
0.079438
0.075728
0.025540
0.054156
0.078057
0.099199
0.024167
0.030915
0.040914
0.091832
0.075570
0.024163
0.291591
0.025281
0.138516
0.023903
0.306861
0.066272
0.039717
0.347720
0.185835
0.039532
0.063917
0.164537
0.087312
0.174425
0.104976
0.075891
0.036907
0.200455
0.306430
0.255530
0.196797
0.196574
0.299692
0.196422
0.198552
0.222456
0.230916
0.335722
0.326620
0.137091
0.108699
0.190157
0.417807
0.144917
0.141345
0.158990
0.214565
0.141530
0.110200
0.255163
0.309047
0.439441
0.179137
0.435569
0.334289
0.278055
0.184132
0.105493
0.084980
0.035780
0.063746
0.094295
0.096543
0.012393
0.026278
0.056538
0.113536
0.091841
0.026981
0.306395
0.028100
0.166502
0.037902
0.307464
0.071725
0.038577
0.352118
0.194776
0.042348
0.074849
0.181493
0.092891
0.182639
0.120998
0.094096
0.037858
0.050475
0.073546
0.048907
0.016483
0.087867
0.112908
0.053338
0.033448
0.028047
0.021804
0.128417
0.447559
0.063346
0.026724
0.101801
0.483622
0.141618
0.050439
0.516808
0.352959
0.051275
0.023857
0.074214
0.151097
0.094764
0.035810
0.025578
0.157234
0.071873
0.051826
0.036264
0.058542
0.098850
0.040143
0.050290
0.046237
0.048885
0.111049
0.376956
0.055066
0.078223
0.079717
0.389625
0.133462
0.070242
0.417371
0.279389
0.050928
0.060805
0.124322
0.103017
0.127694
0.033495
0.028666
0.124648
0.044894
0.064235
0.070970
0.032752
0.039294
0.020938
0.079710
0.060325
0.031987
0.291547
0.022332
0.130152
0.027801
0.293540
0.060792
0.049843
0.353585
0.180757
0.017595
0.062636
0.172767
0.075287
0.178970
0.084522
0.051224
0.059986
0.035652
0.030700
0.070106
0.037779
0.031132
0.064281
0.050164
0.070498
0.343956
0.049614
0.104276
0.063017
0.380107
0.104009
0.043885
0.405931
0.258983
0.045992
0.050991
0.148486
0.113789
0.169829
0.062031
0.036362
0.102963
0.065435
0.101353
0.038291
0.032328
0.016899
0.011648
0.118294
0.445615
0.066080
0.036071
0.104373
0.485599
0.149531
0.052861
0.513248
0.360184
0.044042
0.019730
0.074752
0.153938
0.101749
0.018058
0.015367
0.154702
0.111588
0.074851
0.063360
0.100701
0.094377
0.113465
0.368403
0.084725
0.145039
0.092822
0.374766
0.148437
0.095988
0.417025
0.260383
0.066796
0.106585
0.198688
0.103268
0.220091
0.088446
0.049144
0.131269
0.034227
0.059946
0.114766
0.098071
0.024668
0.292518
0.031540
0.182482
0.042060
0.294987
0.062515
0.037646
0.346159
0.185261
0.043148
0.078328
0.189298
0.089164
0.189984
0.127651
0.104662
0.041103
0.031812
0.054865
0.040102
0.052298
0.345840
0.023340
0.098053
0.050468
0.371107
0.076604
0.020585
0.400874
0.253420
0.028069
0.032623
0.113071
0.099281
0.109568
0.056949
0.052548
0.070684
0.045100
0.025264
0.066070
0.335029
0.020389
0.077844
0.041717
0.361725
0.065522
0.044516
0.410278
0.235161
0.014114
0.035884
0.121984
0.087594
0.122784
0.047065
0.026556
0.093613
0.013131
0.134896
0.472143
0.073983
0.033417
0.121268
0.504629
0.156213
0.061930
0.543832
0.378989
0.051355
0.024344
0.055655
0.157119
0.075538
0.014287
0.034497
0.163629
0.118202
0.450361
0.056928
0.030330
0.102315
0.487700
0.130679
0.053030
0.520754
0.358538
0.033799
0.013376
0.063924
0.156710
0.074314
0.015268
0.024582
0.150934
0.215737
0.034899
0.207594
0.023754
0.239432
0.058996
0.052518
0.273014
0.139132
0.067690
0.101557
0.227833
0.095162
0.234631
0.146719
0.113653
0.040855
0.274296
0.554645
0.202381
0.055770
0.211823
0.357737
0.037002
0.067770
0.366245
0.442869
0.584085
0.268008
0.556164
0.462566
0.403984
0.264773
0.121370
0.019860
0.289886
0.041795
0.033460
0.332440
0.176686
0.022336
0.055601
0.153579
0.065597
0.140575
0.076174
0.057636
0.057895
0.172548
0.585280
0.221474
0.108010
0.614021
0.459046
0.092414
0.043175
0.055196
0.228615
0.082189
0.041793
0.048214
0.229954
0.213190
0.047733
0.066180
0.254786
0.110185
0.049040
0.101785
0.222408
0.060708
0.216759
0.125985
0.082688
0.047184
0.224483
0.388494
0.057105
0.035186
0.361355
0.479500
0.623986
0.220988
0.591421
0.496838
0.428268
0.241073
0.075891
0.285979
0.127370
0.074753
0.124012
0.224374
0.067646
0.186160
0.159756
0.144561
0.060457
0.419386
0.269698
0.045815
0.028182
0.101798
0.109826
0.107915
0.074448
0.075443
0.072662
0.096247
0.425351
0.510164
0.646365
0.317546
0.621865
0.525667
0.462567
0.314063
0.236839
0.355857
0.505698
0.131723
0.473805
0.375230
0.305711
0.142871
0.042087
0.128614
0.077041
0.122148
0.052755
0.037768
0.080287
0.049527
0.154766
0.068045
0.033523
0.045724
0.125258
0.235501
0.030335
0.069586
0.116193
0.219651
0.221183
0.153468
0.127562
0.053251
0.079249
0.140709
0.219952
0.025508
0.174722
0.149696
