0.803467
0.706482
0.556506
0.681485
0.595334
0.700354
0.539155
0.535156
0.742353
0.661261
0.761854
0.586915
0.570795
0.642080
0.554726
0.509345
0.623644
0.785118
0.666281
0.683448
0.520904
0.844745
0.631927
0.692053
0.644648
0.611632
0.534126
0.746750
0.594225
0.525204
0.489660
0.518361
0.785822
0.664512
0.637817
0.469390
0.632869
0.726360
0.723556
0.632426
0.730493
0.743579
0.620144
0.591991
0.522495
0.770573
0.686654
0.653341
0.575495
0.555356
0.541880
0.808834
0.603684
0.772219
0.698790
0.568449
0.781805
0.774054
0.710612
0.656856
0.713967
0.701786
0.695355
0.801734
0.737669
0.724500
0.743609
0.833347
0.687597
0.568723
0.711779
0.720225
0.756482
0.548558
0.733199
0.785749
0.651085
0.840080
0.779955
0.706767
0.718358
0.791942
0.795782
0.725592
0.704973
0.530449
0.705500
0.650133
0.647599
0.901223
0.669375
0.603310
0.712139
0.729706
0.601421
0.687002
0.622220
0.517386
0.833535
0.572754
0.638976
0.597923
0.462995
0.554849
0.745529
0.679394
0.685790
0.562711
0.685489
0.707557
0.747581
0.724915
0.633350
0.629404
0.852556
0.654702
0.527904
0.689009
0.658856
0.733309
0.482803
0.785158
0.733922
0.615046
0.774948
0.705366
0.565391
0.585807
0.770461
0.669837
0.711362
0.680446
0.550693
0.631004
0.686086
0.543444
0.939165
0.534802
0.582490
0.755503
0.826758
0.626649
0.791415
0.588657
0.657406
0.391358
0.532524
0.300596
0.362142
0.711850
0.666809
0.461015
0.475466
0.450018
0.458817
0.362349
0.411835
0.603020
0.686155
0.500232
0.631551
0.352141
0.648248
0.416941
0.509889
0.530876
0.351133
0.535600
0.698145
0.388360
0.469578
0.537080
0.463147
0.617386
0.576415
0.530904
0.401118
0.422031
0.491090
0.626339
0.417408
0.502079
0.838212
0.424968
0.444720
0.470904
0.584437
0.422469
0.486782
0.399035
0.630631
0.797842
0.614083
0.707523
0.936835
0.807556
0.640455
0.774022
0.661873
0.698923
0.663669
0.658172
0.714466
0.939847
0.752336
0.723140
0.697436
0.848752
0.700248
0.818755
0.762291
0.704548
0.444967
0.648824
0.726738
0.601374
0.698830
0.741199
0.855162
0.767577
0.788821
0.687765
0.672770
0.845965
0.880821
0.788731
0.797250
0.803289
0.688270
0.788266
0.561907
0.770663
0.742748
0.564117
0.745336
0.641019
0.470305
0.445312
0.716534
0.618231
0.588140
0.542609
0.528739
0.539093
0.488231
0.510758
0.640130
0.636345
0.589264
0.800632
0.507044
0.646309
0.469276
0.627736
0.634015
0.399219
0.600032
0.721930
0.488739
0.633178
0.565530
0.543008
0.746697
0.600756
0.588822
0.479041
0.520660
0.577769
0.607804
0.588358
0.583723
0.804468
0.454516
0.577044
0.559051
0.732862
0.629604
0.497082
0.471268
0.489658
0.536206
0.701115
0.801968
0.603458
0.672816
0.579136
0.488799
0.609307
0.631078
0.781953
0.770269
0.676215
0.464863
0.611523
0.718380
0.704511
0.699578
0.627197
0.513680
0.691925
0.746652
0.565144
0.559956
0.643595
0.590409
0.705477
0.742751
0.720084
0.631339
0.668248
0.674675
0.573006
0.695886
0.441745
0.899330
0.567809
0.638775
0.675056
0.690149
0.658703
0.703488
0.592098
0.381076
0.692157
0.680675
0.451858
0.478958
0.375678
0.374798
0.339884
0.392810
0.553189
0.697033
0.538132
0.613524
0.415045
0.705310
0.451910
0.551525
0.386176
0.382040
0.463143
0.635171
0.430392
0.379262
0.371733
0.385462
0.662962
0.491042
0.520292
0.450490
0.452742
0.518806
0.596316
0.509032
0.561906
0.794410
0.390845
0.454465
0.399981
0.585036
0.502182
0.481159
0.465722
0.585006
0.655080
0.574480
0.505498
0.425761
0.486816
0.448241
0.461257
0.513695
0.648965
0.567041
0.734703
0.450533
0.601810
0.496811
0.545172
0.517193
0.288525
0.588954
0.628701
0.446864
0.526833
0.500799
0.405200
0.634246
0.527807
0.603502
0.464854
0.399882
0.424191
0.628063
0.493257
0.517846
0.889637
0.428279
0.465641
0.555012
0.628469
0.482027
0.611917
0.480381
0.719571
0.866106
0.679989
0.564012
0.739307
0.757628
0.769438
0.739727
0.612419
0.653893
0.834481
0.703792
0.796647
0.787848
0.602259
0.682219
0.650258
0.847025
0.889186
0.659627
0.823590
0.711278
0.540295
0.534696
0.806142
0.731645
0.774386
0.758655
0.650422
0.694983
0.767681
0.647429
0.991441
0.703817
0.558297
0.883301
0.860944
0.712637
0.914233
0.570587
0.859170
0.745067
0.581271
0.698967
0.701908
0.718934
0.661812
0.679067
0.792464
0.816601
0.663599
0.808444
0.657194
0.798786
0.719792
0.695602
0.733395
0.758917
0.632860
0.721273
0.675037
0.527598
0.824830
0.765126
0.648408
0.687746
0.709281
0.737046
0.552174
0.718202
0.795437
0.598255
0.671388
0.640914
0.763883
0.859864
0.678176
0.828100
0.687268
0.676770
0.691499
0.541668
0.573748
0.621640
0.685555
0.812665
0.751802
0.681016
0.676454
0.684211
0.614332
0.718894
0.691124
0.523421
0.575150
0.619622
0.610614
0.598393
0.667571
0.713093
0.795342
0.761186
0.753486
0.703294
0.611988
0.629697
0.736470
0.611325
0.651223
0.884248
0.556949
0.629802
0.602664
0.636490
0.706841
0.557386
0.650033
0.525883
0.604591
0.456605
0.478962
0.602089
0.686913
0.644120
0.741157
0.383078
0.662878
0.426713
0.513446
0.551503
0.487114
0.604480
0.701247
0.598023
0.587326
0.522669
0.478404
0.667613
0.593832
0.482440
0.466360
0.473275
0.544155
0.690333
0.561287
0.654094
0.788017
0.639143
0.383267
0.635230
0.544378
0.581108
0.663635
0.326010
0.548445
0.493165
0.478148
0.531081
0.572606
0.429524
0.744595
0.452043
0.683294
0.538914
0.605758
0.422995
0.415623
0.600535
0.652111
0.384889
0.501326
0.426528
0.317535
0.492048
0.553849
0.529710
0.467984
0.561760
0.597211
0.541587
0.601358
0.507290
0.685769
0.479594
0.481138
0.550295
0.667255
0.449045
0.644239
0.457876
0.483985
0.525976
0.646603
0.777097
0.699515
0.609555
0.566672
0.748330
0.609861
0.640171
0.609947
0.454613
0.522544
0.729277
0.574550
0.606807
0.536714
0.618397
0.710713
0.649450
0.760601
0.514110
0.600431
0.550410
0.542342
0.639418
0.578292
0.711142
0.550135
0.556966
0.613286
0.676766
0.590409
0.586070
0.537927
0.351002
0.620692
0.755625
0.623499
0.680873
0.402828
0.779863
0.493134
0.572381
0.479473
0.435679
0.488788
0.681323
0.510201
0.451507
0.459334
0.469856
0.699484
0.555911
0.611427
0.406296
0.451569
0.577048
0.630197
0.551622
0.601816
0.775270
0.550360
0.521234
0.447318
0.615652
0.534331
0.531856
0.475370
0.589661
0.780644
0.676465
0.663981
0.380312
0.783722
0.425024
0.624293
0.436089
0.578788
0.466466
0.636710
0.524633
0.347600
0.392395
0.437818
0.731769
0.512493
0.503805
0.316675
0.415336
0.660333
0.690788
0.565790
0.677928
0.761090
0.597605
0.499920
0.506847
0.634006
0.528104
0.577890
0.473955
0.698444
0.757281
0.804840
0.567728
0.757318
0.593758
0.738033
0.640245
0.617300
0.666419
0.683240
0.612772
0.634725
0.578585
0.568262
0.734714
0.662829
0.696114
0.578268
0.611927
0.656950
0.727543
0.679704
0.700798
0.774366
0.656846
0.563462
0.655380
0.739494
0.661380
0.718946
0.628448
0.701884
0.877525
0.693878
0.647028
0.733353
0.756812
0.709314
0.600788
0.900454
0.896377
0.593059
0.825566
0.770866
0.619589
0.617683
0.782011
0.721733
0.695658
0.770673
0.720763
0.606735
0.747375
0.710998
0.776579
0.624989
0.675381
0.845628
0.869941
0.701026
0.845331
0.617594
0.813177
0.613062
0.737079
0.642507
0.669654
0.581010
0.590890
0.720043
0.783532
0.514073
0.679166
0.624954
0.549406
0.598567
0.714037
0.625662
0.620035
0.664390
0.708996
0.674107
0.693580
0.505027
0.918697
0.525225
0.565498
0.610632
0.834090
0.683379
0.671355
0.507473
0.675185
0.915592
0.856829
0.867793
0.744959
0.715573
0.705651
0.810196
0.680032
0.588678
0.690375
0.789824
0.842742
0.751349
0.833077
0.719609
0.707271
0.870694
0.722361
0.718935
0.693746
0.773316
0.761592
0.762383
0.667422
0.683372
0.777996
0.663835
0.732168
0.709603
0.467589
0.565642
0.582191
0.422627
0.612973
0.730916
0.536817
0.531949
0.488589
0.419060
0.722869
0.577771
0.506539
0.290360
0.372094
0.637842
0.675971
0.434076
0.603359
0.646232
0.606423
0.422566
0.600784
0.639571
0.433794
0.622430
0.401023
0.713598
0.700523
0.684686
0.594521
0.856217
0.622802
0.642874
0.767743
0.786654
0.694766
0.854378
0.780271
0.744264
0.719577
0.724510
0.602132
0.715875
0.716708
0.755520
0.923086
0.669421
0.616843
0.795103
0.778681
0.719443
0.754339
0.667290
0.612521
0.573177
0.529548
0.642539
0.564005
0.618255
0.501987
0.531845
0.529821
0.711174
0.533551
0.254245
0.479290
0.474516
0.541760
0.699907
0.555112
0.655248
0.834580
0.527564
0.511080
0.571289
0.648762
0.580199
0.604122
0.487391
0.680172
0.515067
0.712985
0.712420
0.674290
0.692995
0.702690
0.586776
0.692733
0.731561
0.660013
0.664097
0.564513
0.488015
0.709477
0.596950
0.654893
0.894720
0.658367
0.496805
0.747932
0.682433
0.659119
0.757801
0.404339
0.620982
0.573950
0.593882
0.488520
0.426189
0.391952
0.349584
0.677002
0.488267
0.577889
0.585521
0.604371
0.700094
0.701962
0.650903
0.686799
0.838150
0.577193
0.500762
0.433842
0.682851
0.557378
0.478802
0.552219
0.619019
0.659371
0.429452
0.633015
0.585866
0.478610
0.634356
0.620849
0.633661
0.470060
0.508130
0.396432
0.564946
0.485084
0.498204
0.786175
0.438225
0.512208
0.593420
0.694273
0.498968
0.613717
0.484545
0.642545
0.626339
0.415062
0.550186
0.559113
0.825813
0.681598
0.651225
0.555573
0.575608
0.742720
0.821429
0.613887
0.754547
0.857505
0.677681
0.619524
0.427304
0.646756
0.627874
0.533254
0.593291
0.695778
0.514300
0.615290
0.590883
0.820061
0.702577
0.549789
0.744859
0.669039
0.706612
0.787411
0.721779
0.826211
0.845278
0.701952
0.671665
0.513985
0.753075
0.666605
0.566502
0.722113
0.523174
0.537122
0.454574
0.604748
0.552711
0.603072
0.544728
0.593304
0.661739
0.626185
0.506278
0.560540
0.767393
0.448645
0.508986
0.508124
0.596999
0.495129
0.577038
0.511827
0.426390
0.387607
0.808203
0.474935
0.531983
0.538928
0.552263
0.735528
0.799237
0.588051
0.701357
0.809926
0.586494
0.578593
0.398216
0.627805
0.595884
0.537449
0.570235
0.309234
0.712386
0.485421
0.546017
0.533946
0.530029
0.684781
0.655124
0.585994
0.702998
0.734316
0.559136
0.537822
0.475527
0.664542
0.546061
0.565035
0.531782
0.636999
0.519247
0.470017
0.518289
0.509018
0.581565
0.633123
0.520301
0.594301
0.762337
0.523216
0.384617
0.498644
0.689072
0.461146
0.620637
0.479377
0.771063
0.730290
0.724707
0.797908
0.681081
0.611774
0.732201
0.551840
0.935668
0.626407
0.666089
0.793176
0.829618
0.687934
0.807968
0.614917
0.679922
0.492413
0.581821
0.733851
0.800683
0.637380
0.781456
0.838037
0.597169
0.650922
0.492946
0.627646
0.662290
0.570638
0.601975
0.634590
0.593125
0.647800
0.784130
0.619748
0.738035
0.878736
0.629743
0.496788
0.601287
0.676523
0.618282
0.711604
0.512273
0.460257
0.667031
0.644023
0.508079
0.577329
0.643343
0.553972
0.552853
0.576638
0.625874
0.530043
0.609539
0.500982
0.589640
0.699716
0.464625
0.661780
0.805033
0.583283
0.509228
0.593185
0.640835
0.563849
0.644132
0.457362
0.601569
0.625672
0.665530
0.914115
0.590071
0.451324
0.730978
0.726367
0.648461
0.746210
0.494309
0.716720
0.473857
0.534287
0.572145
0.607382
0.840059
0.826546
0.635683
0.844952
0.616714
0.609991
0.806250
0.594093
0.496187
0.605323
0.511879
0.500446
0.668050
0.564385
0.818494
0.447370
0.577047
0.789697
0.739186
0.636283
0.784653
0.553787
0.822918
0.802160
0.835864
0.843294
0.751761
0.852034
0.848264
0.556871
0.518563
0.737798
0.581039
0.555161
0.572625
0.621826
0.628790
0.516977
0.652825
0.390755
0.653093
0.555935
0.235065
0.613856
0.615507
0.690998
0.632473
0.623029
0.563336
0.655033
