0.734736
0.573245
0.597807
0.816955
0.812214
0.663450
0.621361
0.544797
0.574979
0.527452
0.501600
0.655362
0.622404
0.614013
0.646676
0.592272
0.465411
0.645727
0.898191
0.576358
0.866873
0.514074
0.695197
0.581046
0.348051
0.508703
0.419980
0.520397
0.814353
0.476031
0.659334
0.697317
0.649777
0.914273
0.704801
0.862559
0.681848
0.460121
0.418563
0.725743
0.651425
0.623618
0.704826
0.751929
0.676513
0.771985
0.645841
0.689477
0.686162
0.670356
0.738629
0.823441
0.907774
0.820401
0.678310
0.789393
0.699908
0.773365
0.723605
0.772940
0.732419
0.751297
0.760020
0.726091
0.692320
0.861023
0.864963
0.754560
0.897659
0.759230
0.884542
0.674727
0.656852
0.733159
0.578589
0.622648
0.855071
0.733254
0.807707
0.708478
0.733102
0.840078
0.750103
0.801005
0.742943
0.608322
0.654551
0.832726
0.722530
0.749049
0.727762
0.712504
0.814246
0.771915
0.758468
0.692331
0.839131
0.449966
0.704013
0.735685
0.439992
0.581147
0.587671
0.524528
0.533310
0.556136
0.407198
0.424252
0.635810
0.485449
0.558074
0.394300
0.551444
0.861981
0.625670
0.683604
0.488603
0.626344
0.560407
0.510997
0.505953
0.502037
0.651004
0.666361
0.611258
0.630726
0.613244
0.568608
0.662800
0.621053
0.741751
0.627465
0.603004
0.444160
0.762868
0.557657
0.566115
0.609223
0.638990
0.719898
0.579610
0.481888
0.560635
0.514445
0.725938
0.743309
0.436779
0.667084
0.590241
0.499460
0.615307
0.450323
0.546348
0.537345
0.654705
0.649314
0.649433
0.465730
0.498963
0.865404
0.664475
0.762048
0.509140
0.573461
0.570753
0.615520
0.439543
0.579304
0.680738
0.762216
0.670386
0.415982
0.679042
0.610472
0.798836
0.686100
0.845039
0.586438
0.582392
0.478763
0.674087
0.597294
0.474729
0.555853
0.722618
0.686679
0.585921
0.481186
0.623601
0.612496
0.752307
0.743066
0.628520
0.681471
0.560254
0.705691
0.751625
0.734563
0.699988
0.679349
0.630283
0.651267
0.720235
0.820205
0.864707
0.778368
0.849634
0.647089
0.908682
0.668814
0.761797
0.718189
0.669131
0.644523
0.857509
0.760450
0.854992
0.872095
0.599525
0.704761
0.767468
0.774695
0.672897
0.777184
0.714759
0.793796
0.853034
0.844547
0.541441
0.942285
0.812806
0.788121
0.640868
0.809985
0.839530
0.807170
0.594050
0.724367
0.683666
0.788822
0.795740
0.675350
0.709185
0.655045
0.484456
0.826758
0.710616
0.898515
0.917403
0.810417
0.957684
0.711244
0.876278
0.674459
0.597276
0.811599
0.764337
0.822297
0.844317
0.858211
0.739373
0.782785
0.454262
0.760678
0.673782
0.894310
0.581865
0.781985
0.684874
0.847062
0.819509
0.825471
0.702352
0.836902
0.819605
0.722043
0.769662
0.805442
0.846069
0.718126
0.649871
0.507898
0.599056
0.544470
0.559176
0.545309
0.712577
0.674509
0.606820
0.452623
0.513419
0.842562
0.631052
0.778984
0.461587
0.528385
0.638113
0.662993
0.532533
0.567219
0.666312
0.797491
0.681776
0.588283
0.654969
0.651977
0.738406
0.755923
0.754050
0.636719
0.575091
0.586113
0.784525
0.692792
0.459455
0.648064
0.762800
0.730203
0.681364
0.430214
0.673106
0.671718
0.401375
0.533123
0.612940
0.554937
0.607739
0.630263
0.536027
0.490039
0.664355
0.617801
0.601557
0.867338
0.627511
0.788122
0.537471
0.766278
0.514752
0.614605
0.562029
0.512940
0.588528
0.701093
0.683187
0.669631
0.575055
0.424947
0.744970
0.478835
0.859950
0.554661
0.657992
0.529148
0.733589
0.739084
0.608917
0.474256
0.624803
0.595235
0.711994
0.614230
0.688003
0.661252
0.555313
0.545121
0.476456
0.661792
0.588312
0.587113
0.521787
0.534789
0.656587
0.488595
0.836756
0.633721
0.643452
0.510766
0.564271
0.584047
0.615753
0.364150
0.512815
0.583195
0.598574
0.590828
0.653384
0.611965
0.553939
0.759556
0.478503
0.875407
0.696700
0.527173
0.578569
0.625142
0.611344
0.543426
0.523047
0.680754
0.563769
0.645780
0.696449
0.598359
0.584241
0.460526
0.492851
0.606493
0.497317
0.463579
0.547000
0.480022
0.525627
0.604551
0.875860
0.482159
0.853778
0.368506
0.704375
0.391922
0.613204
0.523833
0.480322
0.460868
0.794238
0.394775
0.615643
0.597076
0.511001
0.685175
0.602359
0.773938
0.561821
0.437842
0.539599
0.732373
0.589714
0.632051
0.444466
0.741843
0.602269
0.626863
0.569470
0.520546
0.646890
0.538328
0.635882
0.624644
0.514192
0.551057
0.534607
0.548626
0.688015
0.899990
0.542511
0.884381
0.426486
0.698657
0.533338
0.621208
0.557915
0.591548
0.454044
0.844282
0.511348
0.731822
0.654014
0.599089
0.777117
0.655166
0.851157
0.745094
0.620957
0.544387
0.641663
0.663878
0.698476
0.598262
0.730079
0.698476
0.732196
0.615173
0.690524
0.673147
0.646346
0.501617
0.519124
0.635113
0.620952
0.528641
0.389773
0.869424
0.587175
0.744847
0.499090
0.490960
0.545312
0.541423
0.201560
0.590336
0.494288
0.708830
0.535638
0.536215
0.625676
0.532895
0.846538
0.582771
0.903037
0.706168
0.526845
0.560965
0.675880
0.551688
0.391549
0.535586
0.642381
0.548159
0.663100
0.593929
0.565808
0.605608
0.420496
0.743805
0.551716
0.613082
0.353968
0.670495
0.813103
0.710776
0.786590
0.570007
0.686273
0.599329
0.506232
0.542489
0.546230
0.720147
0.696239
0.631256
0.747761
0.621938
0.587016
0.677529
0.647794
0.750532
0.556852
0.585162
0.438448
0.727061
0.561662
0.646122
0.630110
0.671874
0.779171
0.422597
0.528862
0.570089
0.513655
0.654926
0.574686
0.598570
0.543597
0.572975
0.822550
0.692233
0.745115
0.521169
0.558100
0.537335
0.531583
0.437918
0.547225
0.664786
0.590620
0.632643
0.584339
0.563575
0.556911
0.746207
0.616605
0.751509
0.535813
0.487048
0.605674
0.728747
0.467492
0.498005
0.657897
0.554803
0.713915
0.466563
0.594008
0.472428
0.489756
0.380870
0.585428
0.680733
0.692103
0.908386
0.632518
0.895978
0.492203
0.770431
0.379131
0.538907
0.556796
0.648808
0.443430
0.823851
0.530532
0.697345
0.646993
0.463742
0.724230
0.635074
0.860783
0.691379
0.629574
0.637112
0.708990
0.646526
0.714422
0.629449
0.778042
0.446896
0.750774
0.678385
0.711909
0.751091
0.640089
0.544732
0.695171
0.831563
0.674037
0.769311
0.539018
0.760392
0.455496
0.465298
0.574084
0.548308
0.566728
0.679152
0.601836
0.736496
0.627888
0.416912
0.597910
0.556856
0.774281
0.680208
0.657043
0.617105
0.711553
0.698824
0.665713
0.550215
0.718613
0.675824
0.631729
0.598143
0.700871
0.644816
0.602850
0.693432
0.887427
0.639344
0.843772
0.517404
0.747568
0.597859
0.680518
0.582644
0.562596
0.460389
0.855275
0.588771
0.704975
0.715833
0.680081
0.778102
0.762527
0.744347
0.595985
0.483401
0.602020
0.631639
0.560057
0.734086
0.620321
0.874715
0.658479
0.665454
0.617292
0.543687
0.633646
0.648711
0.924224
0.645969
0.841876
0.489137
0.665961
0.532641
0.438490
0.501421
0.470895
0.590050
0.802496
0.501057
0.656490
0.686688
0.570410
0.685558
0.644230
0.793059
0.624230
0.493861
0.436213
0.748979
0.631074
0.547959
0.577667
0.718280
0.710465
0.585062
0.325708
0.598047
0.637626
0.801444
0.700132
0.457651
0.620433
0.377239
0.644940
0.701575
0.369612
0.600973
0.726454
0.542626
0.737944
0.576244
0.648485
0.658499
0.807977
0.664621
0.868194
0.718454
0.666977
0.668325
0.671435
0.665845
0.306479
0.660160
0.641761
0.603709
0.681526
0.553222
0.600072
0.525388
0.850209
0.632330
0.839918
0.917666
0.902336
0.877728
0.793443
0.725796
0.999849
0.659434
0.931399
0.889024
0.882365
0.900714
0.879499
0.866812
0.996963
0.903707
0.872404
0.884233
0.822386
0.858479
0.855911
0.913110
0.850085
0.839110
0.790074
0.917122
0.824893
0.819639
0.861792
0.274263
0.732544
0.546685
0.688738
0.692695
0.538957
0.621620
0.885039
0.569167
0.751147
0.779304
0.590629
0.828628
0.724473
0.853898
0.663703
0.662469
0.531738
0.722367
0.694216
0.718314
0.638900
0.853495
0.713167
0.743118
0.624645
0.700913
0.733207
0.820159
0.683638
0.844813
0.839073
0.649400
0.653172
1.023346
0.289879
0.930840
0.787943
0.762271
0.826515
0.739476
0.778019
0.929118
0.966295
0.839588
0.892076
0.809224
0.779937
0.616746
0.804188
0.758023
0.791017
0.749458
0.733299
0.727456
0.686351
0.586510
0.436811
0.573886
0.511720
0.456175
0.484779
0.765046
0.448934
0.657739
0.591001
0.493484
0.811021
0.606022
0.790941
0.564658
0.554877
0.482441
0.698499
0.536954
0.549126
0.567642
0.728412
0.609803
0.634153
0.502693
0.573067
0.607192
0.762484
0.713570
0.441115
0.712171
0.765811
0.637567
0.742872
0.666238
0.703878
0.751988
0.865679
0.787218
0.876527
0.790457
0.651521
0.692471
0.745961
0.685232
0.165914
0.803164
0.617079
0.659920
0.758228
0.667684
0.687734
0.601622
0.562103
0.555434
0.516461
0.497583
0.822294
0.534861
0.666672
0.640408
0.463675
0.609790
0.627082
0.758329
0.614074
0.569167
0.576356
0.711784
0.638128
0.663563
0.610812
0.734378
0.702992
0.681350
0.518702
0.633050
0.668937
0.554197
0.420305
0.556251
0.728671
0.426529
0.703206
0.627191
0.573208
0.795016
0.564988
0.843028
0.691902
0.502753
0.497485
0.747288
0.555511
0.617886
0.721728
0.627247
0.667646
0.647865
0.674412
0.673211
0.624983
0.520402
0.545365
0.588485
0.533340
0.571272
0.608990
0.557018
0.791963
0.555463
0.841249
0.654396
0.460591
0.585180
0.601791
0.544254
0.364250
0.569527
0.583799
0.550746
0.568338
0.602078
0.479781
0.501517
0.572789
0.615918
0.539675
0.701927
0.683183
0.606954
0.796972
0.686171
0.737114
0.569688
0.421337
0.493645
0.699011
0.645657
0.563723
0.669843
0.725138
0.623941
0.668599
0.540727
0.649120
0.616742
0.927564
0.475392
0.752411
0.620384
0.642032
0.835265
0.680416
0.846051
0.605511
0.540309
0.618105
0.693231
0.636755
0.678281
0.626403
0.759216
0.651934
0.744004
0.649629
0.610128
0.730423
0.853822
0.762598
0.664992
0.749243
0.737044
0.665650
0.827701
0.840412
0.772699
0.819097
0.820910
0.653058
0.554703
0.744818
0.573461
0.696771
0.639568
0.743910
0.619600
0.626736
0.743469
0.525017
0.694418
0.812924
0.609008
0.925936
0.762773
0.490782
0.577343
0.792871
0.588608
0.735246
0.607020
0.716831
0.654402
0.759152
0.755919
0.678234
0.696336
0.601131
0.650127
0.841666
0.753717
0.827679
0.655623
0.601641
0.668378
0.805036
0.751838
0.569365
0.656407
0.747540
0.731649
0.660940
0.625299
0.654519
0.731679
0.753076
0.792051
0.659844
0.929627
0.746190
0.603289
0.683097
0.843340
0.585899
0.639020
0.668057
0.505843
0.739290
0.680021
0.734740
0.651080
0.665273
0.675112
0.531330
0.762493
0.561110
0.624242
0.569355
0.802080
0.686473
0.657849
0.483432
0.773279
0.715039
0.585277
0.564882
0.597405
0.683215
0.692070
0.707690
0.786104
0.798027
0.813397
0.865418
0.883587
0.823455
0.549783
0.885191
0.881554
0.759665
0.659878
0.783201
0.856172
0.913068
0.791709
0.658866
0.690643
0.810195
0.511242
0.703190
0.558991
0.628921
0.656139
0.626526
0.744064
0.575968
0.659693
0.695315
0.823233
0.866929
0.847893
0.929931
0.758296
0.825034
0.973199
0.877218
0.832316
0.671727
0.802301
0.800734
0.616066
0.552712
0.773989
0.724950
0.691579
0.648747
0.821788
0.742400
0.694078
0.619840
0.672108
0.726479
0.596065
0.733313
0.532155
0.587833
0.639949
0.727403
0.638358
0.544599
0.660889
0.501890
0.606969
0.707540
0.731818
0.650918
0.566870
0.700205
0.726113
0.700083
0.535861
0.666403
0.683594
0.800995
0.761081
0.741545
0.891830
0.798500
0.715239
0.745209
0.720263
0.684539
0.668085
0.725131
0.534239
0.680481
0.518568
0.765419
0.430528
0.506071
0.692545
0.543236
0.614576
0.679823
0.495065
0.628432
0.598656
0.797446
0.714364
0.664722
0.581829
0.694943
0.779915
0.807704
0.637125
0.808602
0.638841
0.600585
0.818106
0.726276
0.762518
0.712581
0.650269
0.438799
0.546116
0.705361
0.670991
0.489405
