0.010902
0.261964
0.024898
0.025988
0.358574
0.049168
0.057482
0.099818
0.030875
0.025982
0.191686
0.472259
0.013341
0.025048
0.055502
0.059320
0.508076
0.047850
0.307987
0.325382
0.225206
0.015012
0.043141
0.027191
0.027043
0.032204
0.017544
0.062421
0.311208
0.120214
0.254397
0.149593
0.024493
0.077004
0.021561
0.050671
0.027856
0.022721
0.055802
0.301981
0.091843
0.014726
0.066758
0.072063
0.040468
0.082402
0.087626
0.065968
0.024461
0.282866
0.017051
0.029108
0.390278
0.045994
0.079929
0.115486
0.043079
0.015207
0.196212
0.482191
0.014372
0.033492
0.059427
0.084356
0.528250
0.040127
0.333350
0.332148
0.243249
0.012007
0.050576
0.027210
0.032920
0.043440
0.022018
0.048793
0.280584
0.145805
0.270005
0.114500
0.039995
0.068377
0.036820
0.028885
0.049794
0.027839
0.052543
0.319045
0.106461
0.005736
0.082214
0.089546
0.039771
0.057497
0.100017
0.076430
0.038393
0.317120
0.222142
0.046995
0.252277
0.142593
0.106143
0.152088
0.350523
0.080636
0.114006
0.212778
0.199287
0.129750
0.125434
0.116977
0.282357
0.046726
0.121440
0.058931
0.302543
0.185922
0.223005
0.224585
0.188984
0.192709
0.262274
0.483908
0.079560
0.164113
0.450029
0.242579
0.324840
0.229305
0.359188
0.174013
0.231108
0.198079
0.060023
0.092891
0.271177
0.188049
0.133400
0.286750
0.394792
0.156197
0.124542
0.202723
0.033625
0.423483
0.027631
0.087328
0.150316
0.066732
0.020990
0.210989
0.524995
0.038138
0.028790
0.076185
0.103680
0.588651
0.046064
0.374980
0.353954
0.267866
0.017905
0.047250
0.034430
0.042320
0.053607
0.047608
0.072034
0.292880
0.161316
0.294831
0.077592
0.056750
0.071515
0.036571
0.029686
0.054746
0.025955
0.076496
0.339596
0.147276
0.024330
0.074953
0.092212
0.031937
0.029318
0.129067
0.082482
0.046145
0.324100
0.038373
0.054750
0.105276
0.041022
0.054068
0.163436
0.433760
0.026751
0.021710
0.059032
0.065727
0.466380
0.076119
0.278920
0.307940
0.207798
0.031583
0.043663
0.033173
0.017293
0.025412
0.037079
0.094638
0.365866
0.105248
0.259666
0.174245
0.056356
0.115413
0.031027
0.074173
0.029464
0.027269
0.077139
0.276723
0.090692
0.028192
0.041049
0.046214
0.060226
0.097268
0.115504
0.067396
0.030922
0.364309
0.200460
0.168588
0.230017
0.456527
0.162199
0.071322
0.307677
0.288538
0.199846
0.183978
0.123849
0.364047
0.045700
0.121798
0.060989
0.395579
0.248985
0.310747
0.333070
0.273158
0.285150
0.334736
0.523565
0.108367
0.132722
0.543605
0.303266
0.376466
0.304556
0.480601
0.248003
0.307497
0.267160
0.074517
0.167049
0.384783
0.279766
0.203841
0.362823
0.493342
0.195709
0.182618
0.288499
0.074772
0.126803
0.072017
0.067445
0.142852
0.461227
0.054577
0.027243
0.060126
0.095672
0.522973
0.057273
0.326790
0.318631
0.219470
0.049666
0.051074
0.051990
0.036536
0.056234
0.057406
0.093218
0.316409
0.139726
0.276939
0.097940
0.085719
0.108902
0.054291
0.044306
0.050802
0.036049
0.086286
0.278640
0.123962
0.042070
0.049498
0.066592
0.053338
0.047780
0.122674
0.073037
0.046031
0.075574
0.019264
0.119836
0.123238
0.304098
0.043095
0.034889
0.023835
0.034673
0.358423
0.098432
0.177566
0.229338
0.105565
0.081472
0.028458
0.042602
0.069533
0.032737
0.042457
0.112168
0.353881
0.026684
0.151229
0.214463
0.048683
0.116741
0.036893
0.148289
0.021438
0.039041
0.048924
0.191143
0.070883
0.088571
0.051138
0.021008
0.084130
0.152742
0.072432
0.021464
0.030855
0.050338
0.151842
0.089874
0.289731
0.087163
0.075139
0.048175
0.036949
0.343290
0.099093
0.118966
0.137899
0.103647
0.126350
0.077799
0.080965
0.088107
0.075400
0.058943
0.076178
0.311612
0.071477
0.161699
0.275659
0.073929
0.120663
0.088231
0.171702
0.067053
0.104146
0.076075
0.099026
0.009737
0.105068
0.122859
0.095642
0.096754
0.214756
0.024652
0.053782
0.080666
0.076278
0.123994
0.333436
0.020545
0.028977
0.016831
0.022821
0.380689
0.066910
0.191711
0.223351
0.124741
0.051874
0.030921
0.022959
0.044374
0.024794
0.014267
0.064643
0.322161
0.047729
0.165378
0.199496
0.027225
0.089574
0.027566
0.108765
0.022165
0.035520
0.028834
0.196123
0.043715
0.047395
0.063835
0.040473
0.061250
0.136577
0.050504
0.021833
0.028822
0.238692
0.557268
0.043279
0.054451
0.096521
0.115425
0.615076
0.046775
0.389630
0.363816
0.300420
0.019177
0.073312
0.047002
0.053984
0.074354
0.047415
0.059421
0.268159
0.198111
0.317438
0.097799
0.053712
0.065894
0.051325
0.030919
0.081439
0.050863
0.079306
0.362224
0.152276
0.018771
0.120620
0.139810
0.041387
0.054504
0.128376
0.107770
0.069612
0.226818
0.156695
0.134755
0.083881
0.114215
0.290108
0.182856
0.144855
0.142131
0.086962
0.214688
0.139485
0.162957
0.151160
0.155870
0.140127
0.172660
0.378919
0.112787
0.196388
0.270663
0.194752
0.234985
0.179932
0.217838
0.141988
0.160734
0.142698
0.095222
0.092047
0.175796
0.144996
0.129129
0.197954
0.241351
0.113853
0.098934
0.168488
0.400833
0.403420
0.284872
0.303349
0.094333
0.438252
0.124656
0.151003
0.112943
0.488245
0.347871
0.408189
0.445300
0.388228
0.388492
0.413561
0.520320
0.203548
0.126655
0.586998
0.415731
0.450694
0.425392
0.561733
0.367208
0.396604
0.339420
0.143427
0.279714
0.481406
0.381148
0.305837
0.466176
0.560159
0.304566
0.276555
0.400749
0.026411
0.032928
0.056888
0.433281
0.058261
0.259333
0.291154
0.181304
0.027731
0.035909
0.028472
0.037133
0.027869
0.011505
0.064499
0.316778
0.088866
0.222069
0.156751
0.035684
0.088117
0.029785
0.064890
0.029706
0.021029
0.041698
0.265757
0.075953
0.020850
0.061602
0.050758
0.057595
0.093513
0.079496
0.048255
0.021999
0.029445
0.042498
0.460707
0.049805
0.247131
0.259369
0.170810
0.031248
0.013854
0.024204
0.031659
0.027472
0.027490
0.070026
0.307552
0.079295
0.220232
0.137270
0.035500
0.075651
0.017407
0.069267
0.012770
0.014817
0.060017
0.227500
0.073634
0.033293
0.049307
0.037168
0.031044
0.078244
0.077860
0.032603
0.013359
0.035638
0.356670
0.061162
0.169448
0.187749
0.090176
0.066394
0.023506
0.036943
0.063784
0.043983
0.028541
0.060404
0.293421
0.042576
0.140979
0.167344
0.048532
0.086161
0.045012
0.106789
0.031522
0.038001
0.033966
0.157740
0.048240
0.060894
0.071678
0.040606
0.062793
0.120009
0.044007
0.012204
0.037766
0.357469
0.082629
0.153335
0.176338
0.104593
0.086417
0.047903
0.048970
0.054059
0.038455
0.038473
0.080725
0.321887
0.042893
0.145468
0.250005
0.037141
0.112427
0.040556
0.147034
0.027634
0.055297
0.052856
0.144980
0.032972
0.078497
0.066186
0.051302
0.074450
0.178479
0.046492
0.028176
0.046008
0.549032
0.145202
0.282839
0.210768
0.561643
0.430997
0.483705
0.481720
0.415971
0.424249
0.522796
0.686575
0.252540
0.288163
0.711730
0.488645
0.588801
0.483517
0.625843
0.413158
0.472379
0.420995
0.234772
0.306903
0.526986
0.405275
0.331805
0.569486
0.665067
0.395895
0.356009
0.434626
0.317913
0.256772
0.208954
0.031011
0.051650
0.044261
0.060867
0.077082
0.051638
0.021207
0.184669
0.152921
0.199962
0.097687
0.043486
0.026135
0.051799
0.045175
0.064943
0.041000
0.052712
0.256605
0.105953
0.040033
0.111936
0.120895
0.018519
0.057198
0.070571
0.068518
0.062215
0.094487
0.086784
0.349956
0.218815
0.266718
0.285264
0.215560
0.225907
0.282898
0.491393
0.095784
0.159260
0.503375
0.254809
0.328803
0.260495
0.425634
0.218184
0.281269
0.226663
0.063365
0.120136
0.326205
0.248241
0.186689
0.316900
0.455069
0.154150
0.156414
0.244572
0.126605
0.329153
0.219639
0.262071
0.298299
0.261439
0.247914
0.220180
0.334608
0.161215
0.112862
0.401887
0.258628
0.257913
0.269312
0.381395
0.255573
0.277259
0.229230
0.034329
0.162735
0.318688
0.288586
0.246146
0.268989
0.385554
0.152777
0.163366
0.287072
0.248494
0.142307
0.172161
0.206939
0.169408
0.169969
0.194300
0.393936
0.058455
0.081830
0.362086
0.180379
0.226193
0.193328
0.313659
0.143669
0.173663
0.127997
0.080242
0.100795
0.241928
0.176751
0.129228
0.219700
0.317241
0.099510
0.083238
0.180779
0.040286
0.030111
0.039940
0.057133
0.039657
0.048869
0.272350
0.150953
0.255124
0.111318
0.034945
0.051843
0.028740
0.037221
0.044710
0.022164
0.070770
0.324688
0.122100
0.015228
0.091806
0.095431
0.026108
0.054438
0.107531
0.078078
0.040844
0.031949
0.062703
0.044321
0.038680
0.065305
0.276438
0.060346
0.164090
0.136016
0.037069
0.058540
0.022958
0.092903
0.020254
0.018941
0.056769
0.201468
0.082368
0.055865
0.072837
0.038316
0.035895
0.088623
0.068546
0.020545
0.023859
0.033942
0.031089
0.027360
0.050232
0.270859
0.094517
0.200577
0.145724
0.028522
0.058055
0.026399
0.075085
0.033894
0.024895
0.028529
0.241828
0.079714
0.034176
0.066377
0.066857
0.028777
0.085144
0.071210
0.038614
0.035507
0.028441
0.034295
0.079013
0.336643
0.122575
0.257743
0.179153
0.054104
0.113625
0.036102
0.064317
0.037503
0.039307
0.067129
0.261196
0.076275
0.023755
0.038221
0.069189
0.054479
0.100722
0.100301
0.073068
0.041532
0.020843
0.088803
0.351400
0.064975
0.212951
0.198321
0.040460
0.108058
0.024556
0.103156
0.026001
0.035644
0.046060
0.232038
0.064181
0.047999
0.027626
0.037165
0.062794
0.124179
0.078678
0.044003
0.024806
0.052219
0.298820
0.080734
0.207969
0.165281
0.027893
0.079202
0.026831
0.071987
0.030883
0.033872
0.032702
0.225537
0.053410
0.024835
0.061890
0.056323
0.050477
0.105618
0.054122
0.038811
0.024987
0.186538
0.150339
0.187424
0.125657
0.048283
0.030872
0.071834
0.064231
0.084783
0.064985
0.050786
0.228106
0.084768
0.046565
0.145498
0.142003
0.034294
0.087664
0.048155
0.071961
0.087702
0.400199
0.300224
0.217248
0.272681
0.164523
0.313184
0.244071
0.337817
0.282463
0.244428
0.377826
0.337641
0.281561
0.397401
0.397374
0.214105
0.232008
0.263147
0.288695
0.322220
0.105187
0.298808
0.093712
0.166916
0.083381
0.231611
0.055662
0.089833
0.083017
0.123965
0.063786
0.152475
0.086625
0.034108
0.138722
0.236658
0.077279
0.031762
0.075134
0.359065
0.187129
0.195463
0.209324
0.336369
0.187060
0.195125
0.151075
0.131562
0.168459
0.276535
0.230547
0.180694
0.221642
0.322779
0.133238
0.123403
0.218326
0.178326
0.103022
0.160305
0.063441
0.194435
0.123728
0.168450
0.418255
0.291012
0.123279
0.210868
0.231050
0.102501
0.022072
0.220412
0.182363
0.175863
0.048471
0.021822
0.097929
0.029249
0.031925
0.042261
0.250972
0.076574
0.047205
0.093351
0.082144
0.034102
0.116427
0.054899
0.046402
0.034898
0.071118
0.088311
0.093025
0.066699
0.071276
0.276879
0.138241
0.078639
0.171819
0.158395
0.022364
0.076808
0.076607
0.085129
0.090681
0.084867
0.017313
0.021383
0.059078
0.251888
0.088598
0.040635
0.051930
0.050429
0.035193
0.096533
0.084900
0.041377
0.017723
0.103826
0.063248
0.102953
0.369951
0.168393
0.024189
0.122265
0.151740
0.058238
0.027492
0.147647
0.131137
0.087493
0.020605
0.059834
0.217064
0.059769
0.051727
0.045679
0.027976
0.050611
0.121623
0.069807
0.030983
0.010259
0.050094
0.257991
0.099759
0.033895
0.049536
0.045285
0.034773
0.064021
0.087371
0.040090
0.021962
0.211918
0.074588
0.063341
0.087414
0.083878
0.063339
0.118663
0.048841
0.037315
0.061008
0.118725
0.301913
0.242464
0.198393
0.262870
0.385068
0.130381
0.138650
0.249285
0.096551
0.105510
0.081090
0.106321
0.220025
0.037368
0.057361
0.074073
0.080082
0.093900
0.042573
0.063998
0.099248
0.080053
0.044414
0.037129
0.104542
0.133510
0.132799
0.069875
0.048532
0.105623
0.157959
0.108685
0.038372
0.031800
0.055043
0.076959
0.062004
0.049810
0.171836
0.134519
0.106174
0.046486
0.085193
0.042004
