0.635104
0.779331
0.579684
0.717959
0.770219
0.617900
0.594540
0.591724
0.663004
0.538587
0.680938
0.647005
0.652274
0.597312
0.956199
0.717504
0.583686
0.661838
0.644049
0.772761
0.764703
0.371475
0.590013
0.671678
0.720853
0.470560
0.629759
0.685387
0.592296
0.691641
0.736028
0.609040
0.640459
0.580373
0.646268
0.604140
0.382536
0.554030
0.519069
0.684934
0.502305
0.590551
0.779834
0.633090
0.783115
0.678246
0.534673
0.567491
0.647069
0.707919
0.687542
0.763968
0.624010
0.654672
0.659018
0.712040
0.696243
0.626369
0.720113
0.552063
0.829975
0.620944
0.957415
0.811692
0.646720
0.732766
0.712990
0.768118
0.474813
0.528600
0.651314
0.714273
0.760056
0.533947
0.738617
0.711537
0.648814
0.813636
0.601860
0.446558
0.622633
0.670183
0.548565
0.544727
0.637543
0.604083
0.729953
0.752834
0.545411
0.677415
0.836355
0.521595
0.794092
0.709238
0.619132
0.665973
0.730828
0.572695
0.715720
0.601750
0.658924
0.586656
0.630448
0.440486
0.556611
0.635137
0.718559
0.737512
0.633440
0.924798
0.733141
0.671242
0.576931
0.747485
0.822408
0.768513
0.689200
0.702850
0.688095
0.777527
0.551367
0.664483
0.643763
0.691429
0.787556
0.667248
0.642152
0.518678
0.701054
0.460660
0.565272
0.672733
0.704217
0.701866
0.532846
0.756086
0.672767
0.777832
0.730909
0.575097
0.738355
0.653041
0.597014
0.686579
0.557727
0.644616
0.536130
0.300371
0.506108
0.562621
0.443154
0.375336
0.618739
0.621667
0.423878
0.802832
0.656931
0.443318
0.656171
0.503589
0.656807
0.588592
0.468683
0.429739
0.434906
0.509248
0.385055
0.418982
0.448819
0.477489
0.514631
0.572349
0.549501
0.491951
0.527174
0.625193
0.503963
0.413114
0.602070
0.495351
0.578998
0.492829
0.389622
0.618106
0.594489
0.790072
0.540353
0.507642
0.381203
0.494494
0.631840
0.739181
0.637696
0.666284
0.730118
0.652500
0.726123
0.828979
0.783894
0.808133
0.969658
0.775679
0.768640
0.788830
0.820451
0.691960
0.700420
0.674075
0.550132
0.865158
0.759274
0.659911
0.721223
0.775147
0.798328
0.738157
0.653357
0.705412
0.642911
0.746565
0.729786
0.752634
0.691984
0.712294
0.825722
0.622900
0.650409
0.807526
0.660225
0.797419
0.817080
0.796404
0.775524
0.675204
0.839655
0.670476
0.615118
0.729498
0.764112
0.594442
0.721229
0.647193
0.789682
0.722123
0.903964
0.660398
0.695311
0.520833
0.738307
0.686324
0.665811
0.680643
0.660060
0.650202
0.640857
0.587690
0.783361
0.658932
0.781560
0.836462
0.743854
0.505780
0.594209
0.715358
0.521243
0.667238
0.713717
0.737263
0.752390
0.844659
0.623733
0.623703
0.795129
0.755392
0.511846
0.840769
0.732356
0.655780
0.786595
0.547081
0.547505
0.594761
0.361287
0.524098
0.663643
0.701569
0.464753
0.939342
0.635225
0.556494
0.666193
0.750668
0.553364
0.696061
0.640189
0.605848
0.661053
0.508738
0.461558
0.645740
0.665034
0.569953
0.715417
0.795911
0.657135
0.619664
0.682986
0.694591
0.610649
0.591498
0.446361
0.631151
0.685966
0.554780
0.569851
0.705953
0.637395
0.834019
0.678690
0.644374
0.548384
0.507701
0.606119
0.508133
0.438641
0.344515
0.583189
0.638831
0.345142
0.840932
0.645178
0.256772
0.572797
0.518243
0.759090
0.613128
0.488593
0.421028
0.444612
0.602204
0.340082
0.475729
0.366263
0.370262
0.543044
0.708340
0.515073
0.476500
0.532397
0.502595
0.330512
0.387578
0.543789
0.473151
0.567719
0.460563
0.406133
0.592764
0.455142
0.796860
0.451239
0.534082
0.368138
0.427106
0.578055
0.416259
0.612347
0.802911
0.681503
0.598341
0.855318
0.729927
0.604880
0.726493
0.696862
0.587424
0.707584
0.608301
0.657742
0.587102
0.430960
0.506357
0.687449
0.711987
0.638894
0.737073
0.707929
0.678249
0.535908
0.560557
0.632430
0.706131
0.539214
0.506498
0.708072
0.574192
0.527027
0.549907
0.679140
0.697603
0.826926
0.689977
0.610368
0.619821
0.672678
0.441408
0.609118
0.688488
0.774561
0.610063
0.979240
0.649237
0.550442
0.690014
0.673311
0.832278
0.599628
0.679861
0.511944
0.703874
0.800261
0.474893
0.669169
0.670093
0.620644
0.701596
0.621866
0.632918
0.558625
0.674161
0.493720
0.409194
0.550450
0.447632
0.682035
0.354035
0.505663
0.628900
0.630013
0.617120
0.878557
0.627127
0.510167
0.580635
0.590691
0.571906
0.685707
0.677841
0.484771
0.951527
0.630760
0.408836
0.615564
0.674095
0.686040
0.623108
0.563761
0.520051
0.574630
0.607655
0.383830
0.567241
0.611081
0.573576
0.644507
0.734119
0.614676
0.456680
0.564672
0.533154
0.525917
0.434854
0.373148
0.590065
0.626803
0.392686
0.481963
0.691278
0.628420
0.789335
0.668368
0.558048
0.487906
0.548936
0.657713
0.569712
0.357864
0.811395
0.725922
0.459694
0.683647
0.601368
0.718252
0.626929
0.619196
0.540446
0.625184
0.581083
0.481125
0.439598
0.541665
0.495271
0.454941
0.682492
0.640147
0.528863
0.592879
0.601956
0.487760
0.520993
0.619452
0.453545
0.687104
0.539636
0.491195
0.658198
0.639343
0.852601
0.579068
0.505094
0.306809
0.336279
0.757862
0.565134
0.880930
0.570465
0.659659
0.704121
0.689511
0.623388
0.681173
0.584211
0.637341
0.644857
0.749755
0.513778
0.781650
0.515556
0.595816
0.848974
0.726141
0.322394
0.661222
0.632460
0.607339
0.497806
0.718034
0.783073
0.604514
0.791435
0.604511
0.616767
0.852333
0.716111
0.727473
0.735691
0.565800
0.600030
0.702098
0.649167
0.867842
0.746180
0.663900
0.783190
0.789187
0.723472
0.837714
0.725663
0.779759
0.774834
0.770962
0.616730
0.567341
0.746091
0.742895
0.613986
0.902181
0.725887
0.718788
0.623281
0.733264
0.636056
0.544202
0.749956
0.553815
0.784347
0.668042
0.654821
0.774278
0.800462
0.884651
0.760319
0.640387
0.466324
0.650355
0.846861
0.663020
0.445328
0.611445
0.639637
0.651644
0.618749
0.537059
0.564092
0.532401
0.589284
0.374486
0.534227
0.499928
0.448451
0.587321
0.759766
0.555188
0.611374
0.586351
0.584329
0.381814
0.446051
0.535565
0.393518
0.764236
0.515570
0.519671
0.490900
0.506285
0.735108
0.507334
0.429503
0.415863
0.229169
0.927755
0.898386
0.903281
0.940104
0.892869
1.011339
0.834213
0.938592
0.835381
0.863476
0.851471
0.912321
0.854087
0.913453
0.976173
0.991863
0.871652
0.887943
0.894914
0.916805
0.923350
0.958779
1.063064
0.764837
0.992621
0.937045
0.811740
0.990066
0.904080
0.813729
0.869990
0.791418
0.820231
0.837709
0.753251
0.787440
0.747008
0.729884
0.756948
0.616379
0.639042
0.681461
0.744575
0.604523
0.737086
0.658967
0.722434
0.894248
0.807622
0.577065
0.715924
0.734067
0.735869
0.632966
0.792592
0.741918
0.634525
0.705505
0.694497
0.642086
0.841700
0.786732
0.764118
0.892208
0.590999
0.619589
0.729929
0.646817
0.583224
0.742793
0.635622
0.586560
0.528647
0.572005
0.638076
0.442737
0.534461
0.533237
0.471632
0.591606
0.785924
0.628934
0.487530
0.571276
0.566472
0.377834
0.413944
0.501547
0.557813
0.623141
0.499102
0.297788
0.645750
0.530124
0.871818
0.508375
0.600437
0.442002
0.478606
0.644076
0.806375
0.767550
0.640095
0.708136
0.633812
0.683750
0.606125
0.773742
0.645981
0.596164
0.820130
0.755407
0.672478
0.599049
0.723787
0.486564
0.641838
0.646307
0.667911
0.682463
0.777579
0.598010
0.627973
0.698239
0.633696
0.510418
0.583582
0.679834
0.635420
0.700302
0.901575
0.777987
0.550236
0.618484
0.558001
0.726064
0.544914
0.691938
0.543017
0.547518
0.717066
0.732605
0.649763
0.612021
0.559601
0.701317
0.584737
0.571305
0.622471
0.738823
0.693260
0.587019
0.531503
0.800755
0.628642
0.864527
0.628811
0.614928
0.637983
0.731714
0.657186
0.723352
0.650503
0.721837
0.422891
0.725057
0.816478
0.771199
0.827325
0.882694
0.775205
0.676294
0.774305
0.776606
0.826954
0.725030
0.781516
0.727180
0.758444
0.835895
0.574254
0.707047
0.756233
0.804372
0.822294
0.880604
0.766630
0.698073
0.687541
0.665576
0.540855
0.745676
0.652457
0.631603
0.695792
0.811545
0.737970
0.742230
0.590650
0.562915
0.686675
0.747656
0.555882
0.545322
0.695676
0.559292
0.761650
0.713457
0.516250
0.709783
0.753738
0.684639
0.865665
0.701146
0.664080
0.581156
0.653053
0.527359
0.479596
0.624797
0.395259
0.639449
0.465745
0.540889
0.752525
0.641897
0.596659
0.526184
0.443520
0.616667
0.569194
0.545064
0.598998
0.530035
0.678485
0.495489
0.469065
0.735407
0.454879
0.559922
0.668581
0.452483
0.550464
0.660062
0.624568
0.670061
0.438826
0.609659
0.545067
0.576845
0.661774
0.596098
0.532562
0.545324
0.578747
0.605838
0.542984
0.513401
0.534432
0.674971
0.542754
0.488566
0.542481
0.680139
0.600374
0.838981
0.652877
0.491997
0.508649
0.603402
0.558262
0.497745
0.780324
0.435465
0.457653
0.809415
0.772661
0.639404
0.643625
0.586409
0.651373
0.538171
0.598189
0.670490
0.619734
0.830320
0.583202
0.479242
0.727102
0.481577
0.645763
0.548604
0.606830
0.668253
0.697362
0.679063
0.709547
0.635008
0.652234
0.804579
0.763084
0.700464
0.620448
0.712067
0.761032
0.725320
0.708008
0.722086
0.668644
0.815121
0.575426
0.550457
0.693917
0.720874
0.764513
0.685394
0.696662
0.642129
0.643500
0.518225
0.450127
0.438996
0.622215
0.666615
0.456255
0.456408
0.444138
0.509716
0.426001
0.380370
0.482354
0.504740
0.539468
0.445240
0.426883
0.673058
0.510567
0.718969
0.563304
0.380085
0.408769
0.475814
0.656575
0.624885
0.470502
0.770504
0.676565
0.601758
0.645947
0.711395
0.617077
0.481878
0.707586
0.524315
0.691606
0.598876
0.560880
0.761472
0.702349
0.964895
0.711550
0.503402
0.449889
0.522905
0.450234
0.721302
0.736935
0.643526
0.535818
0.516639
0.683035
0.526027
0.615238
0.714621
0.602932
0.715299
0.647465
0.462890
0.753325
0.568558
0.659902
0.628910
0.503227
0.512465
0.635994
0.711156
0.686467
0.632434
0.555084
0.568265
0.693618
0.492970
0.551493
0.561520
0.614306
0.651331
0.579018
0.495833
0.650366
0.530593
0.838673
0.241771
0.536537
0.529361
0.605313
0.789487
0.772539
0.660062
0.674889
0.723453
0.645366
0.459470
0.695194
0.657785
0.726911
0.676548
0.648644
0.754927
0.744802
0.981351
0.728085
0.614993
0.457319
0.568621
0.632381
0.648160
0.792779
0.608756
0.676090
0.704935
0.713088
0.809344
0.597704
0.683206
0.705428
0.847086
0.759195
0.903480
0.766178
0.738776
0.684418
0.761378
0.627708
0.631894
0.504083
0.496555
0.607199
0.680005
0.640748
0.722146
0.580786
0.617287
0.801629
0.661410
0.776639
0.715337
0.582757
0.561261
0.666212
0.482434
0.544310
0.615946
0.562698
0.574258
0.648183
0.587029
0.554622
0.473794
0.733808
0.634000
0.771974
0.667618
0.503213
0.434128
0.689405
0.676233
0.632554
0.573189
0.611865
0.633554
0.675665
0.552407
0.451053
0.797065
0.628061
0.750570
0.702922
0.526192
0.505327
0.702957
0.439282
0.582936
0.586090
0.616632
0.652159
0.589269
0.629149
0.712830
0.573403
0.612191
0.634889
0.621735
0.573208
0.616582
0.487273
0.466107
0.420382
0.594841
0.505122
0.558423
0.607626
0.499790
0.783522
0.456304
0.539498
0.506158
0.442183
0.520133
0.510977
0.592361
0.458507
0.492501
0.676412
0.562510
0.928864
0.582524
0.517221
0.455711
0.513949
0.741645
0.604602
0.343188
0.607935
0.613486
0.530969
0.914738
0.576664
0.630461
0.570438
0.595139
0.759354
0.616464
0.563540
0.700433
0.662938
0.740724
0.641330
0.512534
0.451612
0.365770
0.654037
0.684385
0.682803
0.739438
0.931700
0.765204
0.639014
0.596357
0.738640
0.537169
0.588120
0.559543
0.832564
0.617178
0.514511
0.526755
0.537281
0.761310
0.564912
0.771181
0.600675
0.523994
0.485908
0.576348
0.701553
0.848976
0.553038
0.748144
0.689196
0.591731
0.722257
0.528304
0.535262
0.648102
0.607898
0.884908
0.688386
0.774667
0.889041
0.686574
0.642399
0.602999
0.475163
0.567506
0.398322
