0.269926
0.409118
0.285672
0.425521
0.103629
0.414335
0.279466
0.327108
0.359505
0.313994
0.164044
0.389132
0.170830
0.163958
0.389621
0.203782
0.315945
0.362300
0.245762
0.378088
0.230042
0.294018
0.140176
0.391441
0.044246
0.153975
0.034731
0.095167
0.365765
0.353452
0.227186
0.214733
0.197946
0.059580
0.209363
0.123048
0.358404
0.495384
0.320643
0.392185
0.539312
0.376194
0.105008
0.263734
0.178627
0.395326
0.182260
0.144808
0.272051
0.059474
0.007736
0.559064
0.196002
0.076030
0.010143
0.020449
0.042859
0.037315
0.081669
0.070602
0.040143
0.079797
0.082795
0.059187
0.007564
0.023452
0.048795
0.051857
0.037133
0.012126
0.191036
0.037062
0.214454
0.064850
0.366128
0.171720
0.047271
0.142412
0.048780
0.499341
0.027291
0.398659
0.023701
0.094178
0.053947
0.140227
0.399752
0.412579
0.489065
0.060862
0.328591
0.035925
0.040599
0.039874
0.055925
0.097302
0.011776
0.053109
0.660732
0.325356
0.026551
0.065901
0.028538
0.014232
0.061988
0.221952
0.079462
0.146873
0.225312
0.059363
0.175896
0.043645
0.019636
0.160435
0.009697
0.110354
0.058183
0.381564
0.043190
0.316973
0.191112
0.535196
0.311953
0.040781
0.135424
0.085011
0.644311
0.102996
0.572338
0.117774
0.212636
0.057347
0.078633
0.481044
0.478153
0.383160
0.013354
0.522111
0.121461
0.148440
0.015532
0.147509
0.236101
0.060397
0.543763
0.193277
0.067047
0.014824
0.013107
0.035716
0.025632
0.090772
0.055909
0.051495
0.091107
0.065051
0.069959
0.014046
0.018400
0.057487
0.047732
0.042670
0.015036
0.209746
0.041984
0.219441
0.065340
0.386029
0.186393
0.040292
0.130587
0.037544
0.490663
0.030000
0.415283
0.028679
0.096739
0.036591
0.115640
0.393571
0.390404
0.469430
0.052380
0.336723
0.039071
0.046328
0.042041
0.058150
0.103610
0.017430
0.279750
0.701513
0.548449
0.575439
0.596257
0.527040
0.396529
0.478208
0.526712
0.465743
0.537182
0.426614
0.604374
0.594674
0.511293
0.649694
0.430146
0.567501
0.447112
0.598320
0.403224
0.414768
0.375978
0.337806
0.591838
0.451063
0.447622
0.351692
0.491066
0.323317
0.493475
0.401563
0.493641
0.571739
0.212499
0.089599
0.691123
0.663385
0.358511
0.461966
0.472587
0.678611
0.491078
0.506753
0.586684
0.347162
0.200396
0.237246
0.262791
0.210288
0.076575
0.236131
0.142813
0.090402
0.254290
0.114215
0.235136
0.269125
0.167073
0.310093
0.135697
0.209986
0.108195
0.280480
0.070926
0.068884
0.126617
0.059793
0.261451
0.251349
0.134762
0.224131
0.140438
0.119090
0.128282
0.067153
0.225680
0.356595
0.236930
0.222435
0.582992
0.309451
0.117726
0.150518
0.120362
0.324707
0.126306
0.109564
0.199734
0.086999
0.048266
0.037174
0.060628
0.231661
0.133203
0.139814
0.250359
0.097313
0.217188
0.055762
0.042258
0.174309
0.025897
0.147562
0.087096
0.403033
0.080343
0.333954
0.217191
0.543799
0.336638
0.065352
0.151169
0.106717
0.623929
0.108623
0.586815
0.140681
0.227546
0.089642
0.117809
0.539352
0.514302
0.381258
0.019294
0.518716
0.169823
0.151345
0.031853
0.145180
0.243751
0.076342
0.025484
0.054337
0.052461
0.083853
0.070925
0.044229
0.080797
0.096476
0.052864
0.012901
0.025017
0.041386
0.059759
0.032356
0.012153
0.189250
0.031212
0.228410
0.074206
0.376898
0.174024
0.055125
0.131483
0.064891
0.506462
0.025236
0.404308
0.023607
0.106770
0.057690
0.145730
0.395840
0.412520
0.482553
0.071890
0.333275
0.033557
0.044814
0.042915
0.063292
0.104012
0.020025
0.018383
0.034079
0.139354
0.048969
0.084983
0.135154
0.047514
0.100074
0.019090
0.010481
0.085695
0.027024
0.063172
0.018113
0.266766
0.030070
0.245648
0.105883
0.438190
0.236867
0.020955
0.132652
0.047448
0.551022
0.055569
0.468398
0.055101
0.134696
0.032042
0.084570
0.416004
0.408024
0.444818
0.034604
0.407376
0.058549
0.082059
0.022530
0.080978
0.154080
0.024728
0.038191
0.174822
0.064380
0.124677
0.185507
0.044437
0.143826
0.035011
0.018267
0.134495
0.017536
0.086735
0.044354
0.331300
0.040580
0.262304
0.145900
0.473893
0.266552
0.022694
0.114307
0.050038
0.586771
0.079527
0.506288
0.088896
0.160793
0.039978
0.075120
0.440597
0.416882
0.393640
0.018807
0.464573
0.097513
0.117099
0.023977
0.110319
0.199043
0.042745
0.115048
0.072826
0.085901
0.143020
0.060892
0.119887
0.040458
0.037087
0.109402
0.049701
0.067095
0.049723
0.266729
0.067871
0.236854
0.099149
0.402264
0.217045
0.040563
0.105780
0.034294
0.473891
0.055594
0.431363
0.067482
0.111254
0.039564
0.093445
0.388330
0.367692
0.431903
0.059317
0.353906
0.081365
0.072674
0.059509
0.074923
0.146297
0.049396
0.172161
0.049858
0.040826
0.212119
0.054578
0.108311
0.150025
0.054736
0.206504
0.055850
0.109980
0.084192
0.159913
0.149184
0.031985
0.208261
0.063544
0.174700
0.180041
0.098835
0.320449
0.051654
0.218610
0.048157
0.052562
0.148523
0.290915
0.338309
0.321523
0.582605
0.206945
0.152755
0.078970
0.034451
0.199601
0.050577
0.057454
0.095420
0.151729
0.168840
0.034904
0.101070
0.079341
0.048211
0.121897
0.082342
0.068178
0.061730
0.296250
0.063656
0.294797
0.129377
0.475214
0.251907
0.064239
0.118913
0.057712
0.558514
0.098736
0.493941
0.093392
0.168245
0.015949
0.049003
0.311012
0.311300
0.446126
0.105290
0.432010
0.060249
0.121695
0.088967
0.140240
0.213627
0.094172
0.047452
0.173101
0.054156
0.059873
0.095435
0.039765
0.124448
0.061429
0.060486
0.118563
0.119750
0.166715
0.050604
0.253302
0.105374
0.132533
0.182883
0.082948
0.383894
0.019972
0.288908
0.029951
0.073359
0.122970
0.248264
0.375567
0.411109
0.498970
0.136643
0.202402
0.071087
0.020211
0.121632
0.048474
0.047584
0.056407
0.203632
0.029702
0.109767
0.158119
0.050357
0.204947
0.071391
0.083363
0.048298
0.150494
0.143813
0.022440
0.212641
0.090657
0.166543
0.257235
0.120917
0.330671
0.065508
0.224677
0.030547
0.060813
0.166612
0.300035
0.334491
0.391162
0.644137
0.227104
0.145992
0.047473
0.046292
0.194642
0.078234
0.026225
0.089107
0.149440
0.086587
0.057156
0.174771
0.061323
0.096157
0.071742
0.341043
0.071687
0.268387
0.149760
0.488844
0.284817
0.038715
0.140006
0.051357
0.580668
0.126845
0.513364
0.115513
0.168565
0.033778
0.043124
0.350252
0.345701
0.435742
0.078355
0.475317
0.093570
0.151884
0.071366
0.153573
0.240135
0.092630
0.083970
0.113211
0.035206
0.165517
0.034702
0.061043
0.087998
0.104931
0.170134
0.038813
0.262114
0.097445
0.134309
0.176461
0.087737
0.396697
0.046730
0.274714
0.024919
0.073580
0.112495
0.227448
0.279439
0.337574
0.550074
0.187719
0.210387
0.022739
0.036457
0.155771
0.072396
0.068853
0.078089
0.017449
0.065561
0.041345
0.053024
0.015505
0.228771
0.026095
0.248754
0.094402
0.417906
0.213387
0.042821
0.140418
0.064893
0.551362
0.041695
0.450901
0.040982
0.121194
0.060585
0.139382
0.439913
0.449248
0.486494
0.044607
0.384778
0.052352
0.061038
0.024630
0.069413
0.127326
0.013283
0.093070
0.018902
0.062081
0.026059
0.302688
0.026635
0.288604
0.130739
0.476788
0.250012
0.032866
0.116569
0.059892
0.576410
0.056906
0.509781
0.067101
0.165984
0.029659
0.078417
0.435379
0.426351
0.420277
0.028558
0.436652
0.070576
0.090131
0.016362
0.102292
0.175280
0.034137
0.141991
0.056256
0.056595
0.118895
0.099392
0.227062
0.064764
0.322700
0.157497
0.134284
0.182505
0.106494
0.416161
0.039007
0.346927
0.032011
0.113257
0.113422
0.237477
0.393095
0.414041
0.549874
0.161400
0.240940
0.052182
0.028630
0.135855
0.060181
0.071791
0.069507
0.104725
0.047248
0.358817
0.048100
0.300325
0.177385
0.498469
0.302671
0.040086
0.136683
0.078016
0.586518
0.086541
0.540154
0.103080
0.198290
0.056423
0.078828
0.467155
0.478177
0.384912
0.023853
0.475172
0.114218
0.127290
0.017692
0.137333
0.207743
0.059654
0.050224
0.156109
0.066434
0.179181
0.053397
0.306134
0.104850
0.085207
0.104677
0.050130
0.443996
0.035362
0.323451
0.033676
0.079159
0.060734
0.152141
0.282844
0.308937
0.464956
0.116974
0.274788
0.030026
0.042070
0.095471
0.064402
0.111820
0.053332
0.198914
0.029953
0.226425
0.075204
0.388495
0.208125
0.037984
0.162436
0.062233
0.508266
0.043256
0.417408
0.025131
0.106802
0.056814
0.128272
0.401724
0.427783
0.514949
0.072642
0.347631
0.027206
0.059407
0.037979
0.077121
0.103571
0.020768
0.284743
0.143021
0.075598
0.150358
0.104827
0.298830
0.369466
0.222149
0.310819
0.156159
0.157791
0.117350
0.087797
0.303244
0.461280
0.334472
0.419473
0.754608
0.375659
0.117697
0.132523
0.114925
0.338923
0.133396
0.070589
0.193355
0.299514
0.139745
0.489924
0.266673
0.033851
0.141382
0.094014
0.621512
0.087381
0.513505
0.074057
0.175395
0.058869
0.108350
0.427803
0.445727
0.498865
0.062450
0.463303
0.060391
0.115200
0.027839
0.123648
0.196537
0.039121
0.115780
0.083693
0.104871
0.257518
0.293841
0.152464
0.279439
0.173944
0.099077
0.168185
0.070543
0.273785
0.385857
0.287426
0.328702
0.541226
0.291477
0.172790
0.197699
0.161132
0.309899
0.140733
0.146688
0.201266
0.208496
0.079158
0.134381
0.205942
0.067033
0.330283
0.055311
0.221347
0.028071
0.029258
0.120519
0.246799
0.290771
0.315634
0.582467
0.183079
0.165865
0.041331
0.040570
0.172629
0.056262
0.039248
0.074140
0.129963
0.468303
0.437171
0.314369
0.168100
0.284897
0.011897
0.286854
0.159914
0.455105
0.593501
0.301492
0.398485
0.663283
0.507835
0.083182
0.328634
0.249808
0.517429
0.260972
0.196606
0.373532
0.273436
0.240187
0.151690
0.307428
0.113957
0.134141
0.120040
0.078012
0.233569
0.375412
0.252493
0.280934
0.549196
0.296812
0.132792
0.148423
0.104941
0.295703
0.125365
0.111327
0.180936
0.156509
0.065307
0.585724
0.099084
0.493331
0.085654
0.155538
0.048253
0.078033
0.426322
0.417594
0.478616
0.052309
0.452083
0.078646
0.126636
0.030169
0.114353
0.197531
0.038319
0.091631
0.514693
0.108057
0.457904
0.163059
0.200018
0.088693
0.132052
0.334756
0.312891
0.251527
0.133781
0.426280
0.177215
0.137503
0.158334
0.150242
0.278710
0.173524
0.430887
0.047242
0.342617
0.060826
0.070786
0.036562
0.105092
0.292656
0.282003
0.387044
0.078238
0.309899
0.071704
0.060991
0.095725
0.060019
0.134397
0.061451
0.395544
0.162894
0.400493
0.328185
0.534854
0.642618
0.388856
0.436332
0.695681
0.622027
0.096597
0.451333
0.349671
0.651196
0.391018
0.272246
0.527514
0.315324
0.023237
0.073562
0.072778
0.176496
0.348238
0.369679
0.424399
0.098005
0.239432
0.055492
0.013646
0.091540
0.040079
0.068286
0.045630
0.309497
0.174919
0.478603
0.614774
0.284171
0.370906
0.711005
0.550219
0.083840
0.340793
0.278112
0.554780
0.289595
0.219404
0.403076
0.058825
0.084549
0.191713
0.357911
0.382352
0.530472
0.122198
0.233818
0.022039
0.025207
0.096867
0.047666
0.043681
0.036520
0.153147
0.270393
0.288837
0.308832
0.569587
0.200083
0.176996
0.078705
0.061523
0.195362
0.056172
0.066977
0.097138
0.039824
0.338132
0.315157
0.397988
0.070755
0.413884
0.073751
0.101318
0.067903
0.112435
0.197550
0.075014
0.402911
0.379428
0.382929
0.112735
0.560027
0.162502
0.218352
0.101128
0.229132
0.336819
0.163825
0.180131
0.538647
0.498198
0.330497
0.300779
0.340644
0.494662
0.386307
0.388281
0.427211
0.541070
0.471918
0.401419
0.351187
0.368271
0.501642
0.365514
0.444149
0.436794
0.365093
0.703383
0.569390
0.481133
0.446627
0.491161
0.622390
0.520979
0.505610
0.141505
0.139373
0.026460
0.124631
0.228638
0.055817
0.277555
0.192443
0.503944
0.245306
0.123266
0.355013
0.056172
0.100106
0.085198
0.086871
0.049492
0.131885
0.031897
0.052625
0.062690
0.132683
0.214277
0.037707
0.082876
0.057696
0.106837
