0.068072
0.296127
0.014499
0.041825
0.021965
0.105739
0.160355
0.039672
0.094185
0.442392
0.133461
0.010334
0.093920
0.040094
0.022251
0.023116
0.141609
0.067594
0.121710
0.017909
0.392726
0.459967
0.025865
0.070045
0.489187
0.040624
0.104696
0.427633
0.194069
0.071915
0.148791
0.450900
0.149093
0.059936
0.073875
0.119505
0.028623
0.051739
0.141562
0.022047
0.088271
0.050918
0.463366
0.032441
0.049819
0.097927
0.136495
0.029436
0.038437
0.198218
0.056171
0.062405
0.084232
0.097338
0.155304
0.083170
0.086409
0.278794
0.133222
0.075508
0.087264
0.071807
0.043308
0.038705
0.106401
0.043875
0.094160
0.043524
0.289283
0.482385
0.049333
0.082457
0.369017
0.056136
0.059783
0.347159
0.132784
0.062608
0.117168
0.329953
0.156752
0.067895
0.061331
0.082792
0.051997
0.154138
0.174853
0.061734
0.031659
0.054444
0.462547
0.074865
0.058241
0.069887
0.078259
0.076189
0.094234
0.289973
0.217815
0.355226
0.195251
0.203313
0.285022
0.137911
0.183369
0.245289
0.319644
0.116607
0.232137
0.228752
0.219593
0.125685
0.164117
0.081879
0.240869
0.063241
0.563156
0.273554
0.171627
0.193709
0.191854
0.090528
0.209769
0.048525
0.167835
0.111035
0.101591
0.280647
0.172245
0.129856
0.171173
0.280730
0.458736
0.343009
0.248187
0.140578
0.176213
0.429263
0.216348
0.173005
0.200775
0.132468
0.272013
0.280522
0.031857
0.016652
0.084535
0.169560
0.029189
0.084672
0.430697
0.105004
0.018921
0.090335
0.037093
0.022577
0.017667
0.130453
0.065604
0.117207
0.013630
0.376739
0.440854
0.012030
0.063881
0.468690
0.038527
0.095471
0.442251
0.181505
0.061175
0.133158
0.445955
0.135664
0.060234
0.074538
0.119723
0.016252
0.068437
0.130386
0.020359
0.071092
0.053669
0.468786
0.029532
0.052489
0.069406
0.127051
0.019235
0.033517
0.059509
0.090402
0.131335
0.037576
0.077653
0.386547
0.117911
0.055407
0.057864
0.055738
0.035736
0.038903
0.111595
0.082203
0.088344
0.028173
0.302380
0.404542
0.046367
0.067603
0.399627
0.050960
0.084865
0.388330
0.126416
0.061056
0.097560
0.365396
0.118103
0.062989
0.067095
0.137597
0.038940
0.112210
0.125549
0.038341
0.052003
0.067172
0.381060
0.044343
0.050138
0.066126
0.089910
0.048988
0.060946
0.087768
0.208443
0.033830
0.109425
0.494422
0.119386
0.015633
0.121364
0.042723
0.036813
0.037225
0.152726
0.093162
0.154897
0.028481
0.427709
0.421319
0.026882
0.088643
0.511556
0.058717
0.136085
0.494662
0.230926
0.082838
0.159026
0.503210
0.146426
0.088057
0.095471
0.152838
0.019799
0.063234
0.109885
0.029265
0.106353
0.080732
0.497656
0.041033
0.071269
0.082724
0.159970
0.020924
0.028599
0.226902
0.075295
0.034514
0.375813
0.032306
0.106990
0.063976
0.053460
0.077157
0.065332
0.051155
0.082123
0.074935
0.070157
0.200728
0.454749
0.076670
0.055303
0.342494
0.050275
0.059914
0.409366
0.106937
0.037082
0.068404
0.303794
0.179221
0.081415
0.059602
0.114868
0.068203
0.236597
0.151376
0.067938
0.082957
0.075901
0.513409
0.039124
0.072714
0.035993
0.132130
0.042628
0.043273
0.130434
0.179904
0.345596
0.298576
0.149535
0.135878
0.123532
0.155347
0.146113
0.225931
0.142611
0.149291
0.124226
0.325843
0.404607
0.174176
0.143870
0.406161
0.171394
0.138295
0.280619
0.129087
0.166140
0.155188
0.408380
0.139676
0.101623
0.096944
0.196952
0.172522
0.251865
0.193674
0.172540
0.107387
0.164069
0.266915
0.156874
0.084710
0.210132
0.118689
0.179542
0.201274
0.075978
0.462785
0.108697
0.033585
0.070508
0.027956
0.038015
0.039139
0.119716
0.091238
0.107830
0.024697
0.355058
0.385423
0.040569
0.054781
0.453484
0.048141
0.106903
0.446099
0.154564
0.059769
0.097601
0.450294
0.104792
0.060687
0.069459
0.144995
0.027382
0.113512
0.088724
0.039906
0.075100
0.078636
0.413514
0.032057
0.042202
0.068702
0.120500
0.024987
0.029168
0.358078
0.049072
0.106104
0.015881
0.060010
0.052856
0.045826
0.025486
0.054043
0.021242
0.065296
0.165638
0.525176
0.082871
0.018803
0.356943
0.020978
0.026993
0.382416
0.062757
0.017957
0.040365
0.248662
0.200438
0.044147
0.047415
0.067211
0.075790
0.217328
0.187510
0.051518
0.076782
0.034222
0.500865
0.032515
0.040161
0.055106
0.113444
0.058755
0.043908
0.462688
0.455975
0.353543
0.392313
0.405990
0.367990
0.327138
0.275394
0.300139
0.381643
0.241069
0.510165
0.397054
0.385869
0.114911
0.394543
0.244829
0.151947
0.252155
0.357594
0.324206
0.212397
0.328899
0.366338
0.302664
0.358223
0.418544
0.551439
0.426116
0.426875
0.237353
0.360067
0.512395
0.404641
0.346089
0.341558
0.187380
0.438359
0.480032
0.148599
0.088634
0.105987
0.099058
0.087778
0.067457
0.119216
0.100550
0.105308
0.231249
0.590965
0.094731
0.071051
0.438181
0.059043
0.091767
0.513104
0.153439
0.053659
0.121536
0.323584
0.265233
0.110064
0.117263
0.112070
0.094453
0.260806
0.249354
0.083133
0.142642
0.084311
0.612875
0.060574
0.120403
0.075857
0.204910
0.064916
0.059765
0.107643
0.028178
0.031548
0.028486
0.161135
0.070125
0.138344
0.015789
0.417557
0.430337
0.031094
0.072514
0.502134
0.054842
0.113147
0.435488
0.206517
0.081622
0.155339
0.491452
0.136791
0.058268
0.069513
0.132331
0.028313
0.055651
0.122160
0.030653
0.089750
0.062845
0.445127
0.037054
0.045020
0.103783
0.142630
0.028531
0.038350
0.067274
0.049238
0.055092
0.044545
0.070346
0.015799
0.066441
0.171387
0.487646
0.094986
0.025023
0.346851
0.030399
0.037080
0.342060
0.048216
0.033668
0.031633
0.247642
0.178256
0.040386
0.044656
0.081817
0.085339
0.208424
0.172985
0.060995
0.066578
0.042830
0.416207
0.044588
0.032425
0.073258
0.095873
0.076727
0.062324
0.042606
0.033205
0.099827
0.055387
0.091237
0.020733
0.306993
0.393264
0.044934
0.045910
0.399403
0.043931
0.064331
0.385271
0.126119
0.045748
0.088367
0.399097
0.114960
0.043535
0.031602
0.114916
0.036224
0.133025
0.099951
0.042552
0.054042
0.059494
0.429531
0.022532
0.027277
0.058770
0.110675
0.025506
0.032804
0.011845
0.087839
0.045295
0.066572
0.021926
0.318002
0.491854
0.026354
0.040698
0.445368
0.013558
0.068074
0.412298
0.138191
0.036778
0.101428
0.376325
0.160954
0.035549
0.054088
0.069067
0.026567
0.092333
0.152055
0.012902
0.063646
0.023253
0.470787
0.026648
0.031035
0.075308
0.105116
0.033284
0.034049
0.083745
0.024593
0.064819
0.012537
0.296879
0.477534
0.017661
0.032704
0.418910
0.016247
0.048464
0.389966
0.129957
0.029553
0.102264
0.363196
0.145864
0.028745
0.043833
0.066267
0.020794
0.101167
0.146694
0.011132
0.052002
0.019291
0.476124
0.018793
0.025030
0.064109
0.091564
0.024050
0.031587
0.076267
0.035536
0.114374
0.128619
0.539664
0.123546
0.070831
0.296405
0.053248
0.052441
0.389744
0.075029
0.031570
0.060882
0.179887
0.227610
0.099127
0.079716
0.089486
0.101934
0.278950
0.206573
0.082331
0.095731
0.073582
0.577565
0.075401
0.079024
0.057361
0.111328
0.104317
0.086202
0.056071
0.046012
0.241621
0.510395
0.050656
0.049406
0.360537
0.040055
0.027436
0.315990
0.107815
0.040890
0.107574
0.296589
0.172845
0.036190
0.035497
0.047495
0.061859
0.164356
0.189334
0.045176
0.049351
0.024965
0.491390
0.051741
0.034806
0.086280
0.076745
0.066077
0.080235
0.090177
0.135472
0.516021
0.111538
0.035917
0.308785
0.042071
0.027828
0.313994
0.035967
0.040118
0.039795
0.198695
0.191484
0.046353
0.049102
0.060628
0.107648
0.247913
0.203183
0.076246
0.073544
0.043830
0.453961
0.061469
0.046051
0.090849
0.082413
0.099204
0.091930
0.330128
0.417109
0.019207
0.042138
0.426598
0.033379
0.063066
0.388679
0.140949
0.046908
0.104681
0.405513
0.109884
0.035808
0.041116
0.100489
0.019766
0.090530
0.116654
0.022265
0.047576
0.039636
0.414565
0.019164
0.027601
0.063168
0.094079
0.019075
0.033837
0.626467
0.361086
0.232403
0.200739
0.255243
0.153846
0.305974
0.097896
0.201080
0.154847
0.054063
0.385534
0.257962
0.213535
0.239443
0.343291
0.572165
0.399967
0.313607
0.237484
0.260316
0.551662
0.274053
0.252075
0.220932
0.215195
0.330286
0.314206
0.458387
0.504249
0.382468
0.534978
0.506799
0.468794
0.473349
0.513511
0.411050
0.699698
0.181096
0.509712
0.440439
0.664075
0.422641
0.469555
0.164652
0.491857
0.384062
0.565174
0.298059
0.448392
0.443565
0.402940
0.331608
0.434602
0.471326
0.062627
0.446894
0.037113
0.082385
0.414366
0.178092
0.058872
0.137141
0.434627
0.139584
0.058725
0.068874
0.099494
0.022614
0.090399
0.148235
0.025093
0.069450
0.044648
0.482872
0.032414
0.056948
0.080533
0.118769
0.019885
0.045746
0.409536
0.021758
0.034833
0.388401
0.078880
0.032533
0.060611
0.329429
0.176187
0.020316
0.040054
0.062620
0.063672
0.174746
0.175359
0.043649
0.071957
0.024760
0.444833
0.023831
0.029111
0.080121
0.119975
0.045738
0.038774
0.420969
0.294765
0.212012
0.248275
0.367836
0.293940
0.202881
0.300221
0.426420
0.334702
0.445047
0.438739
0.626802
0.362547
0.455349
0.278152
0.426669
0.494498
0.407778
0.382952
0.325149
0.216860
0.445314
0.470011
0.043010
0.405991
0.108586
0.019282
0.077734
0.322693
0.188382
0.030493
0.046544
0.051027
0.042217
0.137343
0.180417
0.019451
0.070222
0.013161
0.503515
0.018065
0.032772
0.063431
0.117056
0.031311
0.027327
0.284230
0.049296
0.036334
0.062021
0.222261
0.177589
0.038888
0.027427
0.055114
0.092760
0.233073
0.206055
0.073514
0.042424
0.031852
0.449296
0.051296
0.040758
0.072850
0.076694
0.081343
0.089738
0.271442
0.405144
0.332264
0.332759
0.327398
0.354277
0.282844
0.401102
0.452087
0.537182
0.426731
0.447002
0.283874
0.372142
0.367559
0.406280
0.334921
0.421554
0.244560
0.436030
0.476654
0.086967
0.039050
0.181650
0.192595
0.089648
0.065168
0.124537
0.168288
0.340694
0.220613
0.151126
0.077109
0.111476
0.387037
0.116262
0.085876
0.112527
0.095220
0.158420
0.157025
0.066863
0.270414
0.181499
0.041371
0.046824
0.060075
0.051822
0.185219
0.170610
0.031976
0.060990
0.035188
0.514918
0.029877
0.034052
0.044619
0.096113
0.047476
0.041257
0.248922
0.159336
0.083773
0.063242
0.141735
0.123336
0.275986
0.143005
0.113365
0.078399
0.099390
0.395285
0.081633
0.064091
0.067888
0.098458
0.107177
0.097915
0.452172
0.344160
0.298854
0.283922
0.412892
0.609700
0.481951
0.374984
0.297526
0.320369
0.637159
0.358175
0.334906
0.286629
0.246063
0.422382
0.406222
0.170538
0.136507
0.278603
0.127831
0.213531
0.061694
0.164480
0.104214
0.204189
0.287575
0.137667
0.134183
0.144859
0.075581
0.131827
0.174532
0.026953
0.053583
0.068377
0.162702
0.185286
0.044108
0.061668
0.024764
0.417673
0.033511
0.020048
0.101606
0.108236
0.053118
0.059674
0.074017
0.069394
0.198489
0.150020
0.062193
0.036434
0.044533
0.393518
0.040934
0.025025
0.074500
0.079737
0.058066
0.070349
0.112465
0.235391
0.300591
0.077948
0.111514
0.033166
0.567020
0.085643
0.081196
0.141585
0.150287
0.112758
0.116293
0.094828
0.107553
0.016594
0.067418
0.059506
0.485127
0.031072
0.048839
0.054427
0.109835
0.023180
0.029452
0.187924
0.088660
0.190900
0.144122
0.492795
0.126065
0.141331
0.204975
0.230263
0.113405
0.118402
0.148123
0.133107
0.217687
0.360736
0.131172
0.130448
0.113264
0.124064
0.123382
0.130702
0.078248
0.030031
0.505106
0.020040
0.036579
0.068190
0.116001
0.025033
0.024633
0.070887
0.383567
0.070049
0.046307
0.057262
0.047221
0.081363
0.102170
0.497428
0.032538
0.035335
0.095283
0.116149
0.051571
0.054878
0.460368
0.403638
0.495010
0.358711
0.473393
0.509971
0.031377
0.058172
0.112122
0.012437
0.015310
0.078361
0.078582
0.048993
0.047379
0.098579
0.060731
0.059287
0.133173
0.157486
0.014874
