0.301286
0.417663
0.461703
0.076216
0.097526
0.264584
0.273774
0.512227
0.240342
0.464383
0.101871
0.315345
0.225277
0.204728
0.033937
0.560339
0.341908
0.049592
0.580795
0.607853
0.487883
0.601326
0.134783
0.611154
0.471022
0.465993
0.331862
0.637037
0.331398
0.524132
0.557875
0.082983
0.380093
0.577721
0.220911
0.455971
0.525112
0.141443
0.403254
0.095502
0.196809
0.066033
0.340480
0.326400
0.464754
0.075795
0.301923
0.261323
0.481133
0.074142
0.040112
0.311047
0.295814
0.018797
0.045509
0.067545
0.025725
0.042928
0.191204
0.007908
0.030147
0.066342
0.221193
0.122818
0.018991
0.287248
0.113914
0.147836
0.058491
0.131694
0.078144
0.113297
0.050628
0.038093
0.043907
0.154969
0.072657
0.073112
0.095171
0.153218
0.024182
0.091877
0.021293
0.052877
0.070870
0.087558
0.025400
0.201902
0.042038
0.323399
0.018881
0.038401
0.043116
0.282269
0.042120
0.011101
0.049549
0.102257
0.347092
0.327757
0.102855
0.115984
0.077931
0.095703
0.099082
0.210546
0.085373
0.072007
0.083508
0.310235
0.180639
0.068674
0.361582
0.101957
0.174684
0.098300
0.176687
0.140776
0.145533
0.077784
0.099128
0.022933
0.143765
0.053708
0.102281
0.105499
0.197009
0.038135
0.134155
0.080370
0.091466
0.098441
0.169993
0.041065
0.248723
0.107504
0.369846
0.078333
0.139201
0.105204
0.314867
0.095368
0.102635
0.078142
0.479747
0.476013
0.067815
0.089609
0.025277
0.087458
0.021915
0.344869
0.046325
0.111891
0.165983
0.389861
0.035834
0.047561
0.452118
0.042614
0.052271
0.012053
0.042083
0.186804
0.033346
0.019081
0.009158
0.094302
0.066170
0.116561
0.019000
0.034692
0.292978
0.043676
0.017296
0.103386
0.030482
0.020085
0.203554
0.028885
0.352309
0.140499
0.501999
0.042101
0.078579
0.007465
0.455824
0.078575
0.070501
0.022169
0.038809
0.299520
0.317295
0.493832
0.243386
0.475864
0.061602
0.331187
0.227786
0.175792
0.073793
0.588794
0.341960
0.019911
0.573011
0.618354
0.496406
0.615067
0.155367
0.615072
0.471495
0.477595
0.281240
0.625816
0.290092
0.528552
0.543667
0.041596
0.357020
0.580752
0.233062
0.446581
0.519659
0.157452
0.382611
0.043808
0.206471
0.050345
0.342597
0.370070
0.478455
0.033367
0.310326
0.276024
0.469239
0.278488
0.302100
0.495075
0.259325
0.456191
0.048812
0.317663
0.204900
0.167911
0.064959
0.611426
0.333499
0.061278
0.565753
0.631064
0.498203
0.631595
0.136912
0.600850
0.468350
0.468776
0.264993
0.632876
0.261770
0.521708
0.550168
0.061136
0.354147
0.580168
0.210304
0.460612
0.517001
0.152428
0.375906
0.054254
0.198321
0.023203
0.347772
0.350351
0.475227
0.017686
0.311253
0.270195
0.462571
0.034364
0.100920
0.038353
0.066238
0.181011
0.027641
0.032884
0.068018
0.192443
0.145440
0.037165
0.271645
0.142761
0.180223
0.086394
0.166223
0.078514
0.147644
0.075447
0.061038
0.065038
0.191748
0.084790
0.100291
0.136043
0.145745
0.055407
0.131885
0.025292
0.095536
0.102579
0.075447
0.056938
0.196076
0.047973
0.295742
0.043162
0.028630
0.070359
0.260107
0.031897
0.021187
0.084484
0.137947
0.060882
0.102963
0.181876
0.055480
0.049888
0.089648
0.208408
0.160175
0.051687
0.289016
0.155117
0.208551
0.122175
0.189390
0.109285
0.170864
0.107622
0.095161
0.092016
0.220980
0.077534
0.133158
0.176492
0.163372
0.088380
0.159026
0.049364
0.141913
0.142188
0.073588
0.092165
0.199937
0.062772
0.314330
0.069018
0.058363
0.090907
0.272954
0.067525
0.053778
0.125083
0.114984
0.031713
0.373484
0.074048
0.132034
0.178620
0.427755
0.057583
0.070075
0.484055
0.034177
0.038874
0.012168
0.048359
0.216235
0.041139
0.014379
0.023620
0.087718
0.033144
0.132452
0.016343
0.008458
0.314213
0.040705
0.024553
0.126438
0.026103
0.006436
0.247058
0.021573
0.388060
0.168679
0.525562
0.067176
0.113680
0.028112
0.480912
0.100060
0.104425
0.008905
0.095502
0.145469
0.034448
0.044347
0.039318
0.180018
0.164977
0.043811
0.209334
0.180112
0.206369
0.109167
0.187012
0.067048
0.185544
0.093682
0.086621
0.052776
0.220996
0.079260
0.130453
0.142800
0.108495
0.044547
0.152726
0.030397
0.083003
0.126480
0.073314
0.058139
0.146587
0.029567
0.286772
0.020106
0.065505
0.088353
0.234299
0.040572
0.017848
0.098427
0.338330
0.042128
0.098598
0.157027
0.374296
0.065931
0.042908
0.456752
0.061027
0.068587
0.027644
0.075066
0.187715
0.047483
0.028887
0.013915
0.097989
0.071771
0.135376
0.029413
0.039066
0.292493
0.039160
0.033715
0.091514
0.048489
0.022608
0.204504
0.028876
0.355236
0.126119
0.485303
0.058065
0.059402
0.024750
0.445099
0.084762
0.072952
0.022135
0.212595
0.115143
0.069208
0.051742
0.466312
0.213311
0.067091
0.431151
0.504548
0.374528
0.494247
0.080540
0.474010
0.346666
0.345159
0.157290
0.506824
0.151107
0.398718
0.424446
0.034843
0.231630
0.446531
0.123434
0.338973
0.398482
0.075905
0.259757
0.023576
0.099242
0.061329
0.220080
0.252685
0.348239
0.039348
0.209351
0.166969
0.348457
0.031898
0.078835
0.231730
0.132054
0.020589
0.308198
0.122404
0.150981
0.062109
0.140243
0.094968
0.117234
0.052914
0.041901
0.061330
0.155326
0.104243
0.078001
0.097641
0.167942
0.030205
0.096325
0.025086
0.058082
0.072737
0.095822
0.029627
0.221155
0.046559
0.349078
0.026176
0.029337
0.048383
0.304710
0.052972
0.016453
0.049314
0.037544
0.136660
0.214580
0.034904
0.221518
0.177536
0.235286
0.128046
0.231757
0.055748
0.204011
0.107465
0.106694
0.045469
0.226034
0.080888
0.146907
0.169671
0.095371
0.056369
0.182454
0.010136
0.124896
0.139165
0.047785
0.064261
0.141186
0.020863
0.222975
0.065857
0.058243
0.116542
0.194177
0.070177
0.036343
0.107468
0.128495
0.264076
0.081950
0.167167
0.232378
0.296875
0.183318
0.277525
0.047421
0.266398
0.158037
0.159170
0.046889
0.291454
0.071707
0.197352
0.215987
0.067695
0.076509
0.240186
0.038132
0.150604
0.196707
0.070726
0.097739
0.091611
0.032996
0.197364
0.073172
0.119201
0.164535
0.151283
0.080065
0.053917
0.161463
0.513474
0.246424
0.061638
0.501534
0.549111
0.416219
0.545231
0.089513
0.535587
0.392827
0.384778
0.235294
0.560268
0.253876
0.446796
0.477379
0.052157
0.286100
0.503944
0.138921
0.384794
0.443280
0.070071
0.312781
0.069644
0.112886
0.046444
0.267290
0.240940
0.393979
0.048646
0.245306
0.187189
0.390036
0.118908
0.556061
0.043509
0.027450
0.037946
0.019879
0.297731
0.037406
0.057982
0.051355
0.184802
0.052099
0.192627
0.039964
0.050562
0.399566
0.115356
0.026047
0.211626
0.076957
0.046504
0.318110
0.094486
0.461868
0.249812
0.629948
0.110961
0.156750
0.041116
0.583032
0.139552
0.161595
0.072757
0.324354
0.104760
0.142829
0.063858
0.135760
0.121020
0.117106
0.056912
0.045007
0.050509
0.141947
0.090746
0.079269
0.093718
0.180587
0.029522
0.093014
0.036845
0.070031
0.069200
0.093468
0.033527
0.228834
0.047115
0.355193
0.034881
0.040773
0.056211
0.314488
0.066176
0.033998
0.051695
0.570618
0.602151
0.479757
0.591807
0.140887
0.600886
0.455375
0.453852
0.278046
0.624307
0.284868
0.514153
0.531695
0.042983
0.345371
0.559931
0.215572
0.427121
0.507590
0.137524
0.374252
0.041888
0.184303
0.068615
0.308376
0.338184
0.452589
0.047194
0.287430
0.245021
0.455639
0.037991
0.030015
0.030361
0.273926
0.022819
0.047402
0.049484
0.133948
0.026724
0.152759
0.023877
0.038836
0.383030
0.086262
0.030218
0.185960
0.067003
0.032573
0.308768
0.063849
0.451868
0.237105
0.590766
0.119628
0.165240
0.045945
0.548009
0.143519
0.163110
0.054149
0.036342
0.032057
0.325702
0.036051
0.057229
0.065654
0.196598
0.017197
0.221912
0.036163
0.023589
0.432721
0.121327
0.026338
0.235677
0.079162
0.032075
0.359883
0.089133
0.507611
0.283593
0.653965
0.144086
0.186190
0.056956
0.612363
0.174632
0.197124
0.057687
0.032635
0.204738
0.026790
0.013706
0.013824
0.101691
0.042915
0.136803
0.009450
0.019448
0.311298
0.047030
0.016682
0.121725
0.023122
0.009773
0.237510
0.027054
0.381513
0.167799
0.522771
0.059733
0.099873
0.015526
0.479842
0.087550
0.091900
0.016995
0.306911
0.021661
0.057700
0.048405
0.183534
0.045983
0.207093
0.024304
0.043760
0.425117
0.113978
0.020853
0.225940
0.055474
0.041740
0.347757
0.089579
0.491378
0.272754
0.653528
0.118189
0.181647
0.040742
0.609796
0.157250
0.168368
0.066921
0.294557
0.183762
0.183650
0.085057
0.334898
0.099332
0.221042
0.254208
0.062096
0.110795
0.272096
0.043675
0.167195
0.227745
0.076723
0.125870
0.105414
0.052807
0.145297
0.100375
0.138059
0.186043
0.122138
0.093912
0.066327
0.194932
0.047606
0.035713
0.165517
0.043233
0.180695
0.017793
0.040540
0.420556
0.097419
0.013920
0.200499
0.062299
0.032745
0.330285
0.072514
0.483012
0.255701
0.633825
0.114763
0.153523
0.030846
0.588039
0.144982
0.157598
0.052274
0.015509
0.077222
0.059897
0.116256
0.016911
0.025582
0.286967
0.038136
0.033018
0.099938
0.026978
0.012965
0.218060
0.020123
0.359778
0.142730
0.501488
0.048464
0.084579
0.022871
0.447749
0.068915
0.080856
0.013597
0.088724
0.074721
0.121388
0.014894
0.036325
0.292680
0.038941
0.024630
0.094902
0.026420
0.017536
0.202831
0.024747
0.355252
0.132541
0.496998
0.041947
0.065561
0.011967
0.450246
0.069413
0.061168
0.020361
0.183130
0.036963
0.109938
0.121012
0.141478
0.032900
0.141030
0.047951
0.080541
0.106544
0.116128
0.037974
0.184598
0.064645
0.299351
0.046755
0.113062
0.097498
0.250508
0.066637
0.056086
0.079114
0.227519
0.042769
0.022810
0.438328
0.111561
0.035239
0.234088
0.083889
0.030261
0.370370
0.083967
0.522420
0.284956
0.658149
0.159158
0.195301
0.069914
0.619371
0.189122
0.212224
0.052965
0.140115
0.170408
0.155431
0.078504
0.171678
0.079668
0.132669
0.152412
0.134690
0.080625
0.180451
0.101063
0.297640
0.077909
0.153019
0.120075
0.242245
0.081265
0.087862
0.134976
0.021612
0.339744
0.054910
0.016652
0.138410
0.027911
0.012530
0.264450
0.033341
0.411313
0.188092
0.550919
0.070996
0.110786
0.017955
0.503362
0.096176
0.105969
0.023847
0.360580
0.057528
0.021431
0.164457
0.033677
0.009821
0.294809
0.037477
0.437005
0.204028
0.582091
0.087205
0.140842
0.039177
0.534868
0.128148
0.135693
0.018478
0.193920
0.388385
0.098297
0.275989
0.333913
0.069511
0.214287
0.025073
0.087392
0.083246
0.181337
0.205110
0.293409
0.045764
0.158812
0.131348
0.288269
0.075849
0.048164
0.032449
0.051157
0.141352
0.008630
0.254575
0.068432
0.385167
0.022630
0.071920
0.044510
0.335331
0.057884
0.041679
0.031742
0.177686
0.041287
0.017381
0.300199
0.053484
0.448906
0.222537
0.609976
0.087352
0.135855
0.018723
0.566404
0.132683
0.133201
0.029826
0.107186
0.133388
0.049759
0.058132
0.146646
0.013983
0.231399
0.047535
0.044915
0.107392
0.196450
0.054712
0.021013
0.100611
0.030338
0.223307
0.021893
0.343361
0.142387
0.490483
0.037303
0.110816
0.030569
0.442883
0.083887
0.070080
0.025787
0.261029
0.029130
0.409872
0.178139
0.546821
0.074987
0.105453
0.026334
0.502234
0.103845
0.109350
0.011254
0.160311
0.088289
0.032760
0.155254
0.119407
0.103195
0.208001
0.133798
0.127537
0.067956
0.214951
0.279971
0.090048
0.409849
0.028495
0.073695
0.031283
0.360332
0.058760
0.048220
0.016129
0.123329
0.080225
0.225314
0.264601
0.350531
0.048767
0.214867
0.171943
0.360406
0.213644
0.061919
0.065465
0.146852
0.178119
0.081143
0.031571
0.139899
0.381434
0.373717
0.505274
0.032354
0.343029
0.297222
0.496678
0.062342
0.041506
0.324337
0.043394
0.019755
0.052740
0.080181
0.329467
0.060181
0.040889
0.084635
0.459643
0.076192
0.068870
0.024919
0.281922
0.252183
0.451007
0.043449
0.093754
0.082177
