0.227189
0.164152
0.301031
0.168599
0.071587
0.113621
0.111584
0.169906
0.076657
0.135133
0.063459
0.099429
0.118218
0.220304
0.157458
0.107669
0.080656
0.165536
0.108945
0.242371
0.140647
0.368656
0.141993
0.150262
0.188448
0.122165
0.110035
0.114314
0.116366
0.140398
0.116066
0.166626
0.062241
0.347053
0.117963
0.090092
0.134920
0.229935
0.102563
0.107457
0.350645
0.107942
0.161479
0.076569
0.151452
0.190563
0.316259
0.136187
0.243271
0.145959
0.215807
0.070248
0.116362
0.186334
0.185371
0.052019
0.084005
0.256751
0.176643
0.103792
0.062511
0.180811
0.060765
0.106840
0.084740
0.132333
0.150533
0.214548
0.061502
0.165565
0.076174
0.111405
0.078798
0.201129
0.089651
0.134678
0.142695
0.064519
0.166249
0.039677
0.207665
0.268733
0.052910
0.127190
0.184447
0.323534
0.110276
0.161762
0.150202
0.078099
0.080949
0.194740
0.284458
0.037653
0.124118
0.083478
0.160737
0.395278
0.082282
0.086573
0.034271
0.036922
0.076652
0.059232
0.075319
0.096115
0.040169
0.090343
0.212474
0.164553
0.060186
0.070884
0.034971
0.037072
0.344322
0.064843
0.388222
0.148664
0.072917
0.197101
0.043707
0.045811
0.037831
0.198889
0.093503
0.031028
0.119286
0.107316
0.470538
0.134761
0.052811
0.266658
0.424576
0.038838
0.105713
0.340610
0.057106
0.040313
0.059843
0.147353
0.136248
0.269614
0.047288
0.308837
0.230215
0.295508
0.385404
0.419220
0.272454
0.236263
0.491009
0.337605
0.306808
0.214859
0.223248
0.177807
0.323261
0.247376
0.368234
0.365525
0.187125
0.267758
0.118372
0.153063
0.247024
0.129070
0.438558
0.283072
0.377365
0.227284
0.235138
0.406429
0.160331
0.340896
0.157174
0.196568
0.321897
0.159995
0.226051
0.290025
0.351254
0.087830
0.275526
0.312296
0.393696
0.451979
0.173927
0.146851
0.283065
0.113064
0.092390
0.101315
0.128036
0.064960
0.054160
0.223360
0.145242
0.062896
0.040026
0.115199
0.075141
0.073084
0.054689
0.085341
0.106489
0.275877
0.038369
0.169220
0.048913
0.024929
0.074337
0.135661
0.043203
0.087274
0.144840
0.041215
0.115955
0.023122
0.188837
0.290712
0.095248
0.080491
0.176469
0.284038
0.062921
0.158407
0.137961
0.060972
0.022075
0.130276
0.224464
0.034747
0.110887
0.036954
0.111798
0.100508
0.085993
0.113351
0.036081
0.104964
0.044065
0.047492
0.074100
0.127865
0.100024
0.073521
0.057358
0.113681
0.045934
0.188062
0.064620
0.327200
0.114618
0.082299
0.098136
0.083995
0.055928
0.073506
0.094179
0.095221
0.054469
0.091167
0.079361
0.278101
0.046855
0.073878
0.149223
0.253880
0.045734
0.055348
0.302267
0.043816
0.061581
0.061130
0.101287
0.114736
0.283978
0.071421
0.222741
0.019917
0.084095
0.059673
0.068645
0.085345
0.037417
0.090447
0.242332
0.177211
0.043956
0.056628
0.032045
0.051193
0.380150
0.085622
0.394590
0.143489
0.089013
0.225414
0.029192
0.049707
0.031263
0.189780
0.089507
0.034966
0.136842
0.079349
0.492816
0.153639
0.027325
0.243754
0.400166
0.039360
0.116259
0.349485
0.062445
0.072781
0.045310
0.144717
0.159602
0.264922
0.052331
0.308368
0.081030
0.069898
0.042040
0.070404
0.031426
0.096180
0.264593
0.165580
0.033346
0.059336
0.028754
0.040645
0.347888
0.076692
0.426008
0.162559
0.117626
0.239899
0.012673
0.048954
0.017936
0.202744
0.100984
0.016315
0.154705
0.066751
0.502954
0.139955
0.025283
0.275936
0.429445
0.040003
0.072147
0.390665
0.051919
0.080551
0.029304
0.138564
0.167381
0.315286
0.060060
0.345736
0.059607
0.168120
0.128039
0.045753
0.028359
0.251721
0.068240
0.031920
0.031188
0.039405
0.108756
0.282103
0.033137
0.231589
0.062865
0.103158
0.155881
0.111548
0.037609
0.048723
0.170879
0.032745
0.099578
0.056864
0.133334
0.408405
0.078577
0.040848
0.217408
0.404796
0.065585
0.119150
0.213358
0.041381
0.064502
0.114470
0.257948
0.048786
0.136999
0.032426
0.216403
0.104575
0.049316
0.033587
0.040729
0.142277
0.090317
0.051407
0.020852
0.075201
0.046951
0.209661
0.054482
0.261760
0.060625
0.045117
0.091416
0.082555
0.035498
0.059115
0.071105
0.057965
0.060206
0.047796
0.058970
0.313303
0.040340
0.046711
0.100846
0.254508
0.024461
0.087397
0.227085
0.036281
0.047813
0.068044
0.130615
0.072545
0.176373
0.040887
0.179492
0.068002
0.089121
0.188643
0.298950
0.257301
0.114551
0.122880
0.105846
0.054905
0.354347
0.163215
0.553787
0.263747
0.181173
0.290271
0.038252
0.130823
0.083438
0.196287
0.209444
0.039260
0.237065
0.050423
0.527343
0.165291
0.099471
0.292074
0.434541
0.074950
0.097827
0.509808
0.105381
0.145704
0.066192
0.078434
0.273128
0.436848
0.150954
0.452906
0.049971
0.100423
0.215148
0.164442
0.081909
0.063228
0.111802
0.055514
0.209414
0.105531
0.397049
0.136161
0.117380
0.176162
0.075461
0.082278
0.067221
0.111564
0.131343
0.058552
0.137611
0.037523
0.385807
0.087907
0.078596
0.155950
0.300707
0.059048
0.048594
0.373439
0.065792
0.105354
0.048536
0.090558
0.167089
0.318301
0.094794
0.291012
0.036592
0.188877
0.091336
0.018602
0.023927
0.030653
0.039422
0.252083
0.027274
0.308262
0.083756
0.069908
0.138531
0.042404
0.018896
0.014600
0.146773
0.047271
0.030706
0.072738
0.077589
0.378956
0.078974
0.019365
0.200702
0.339353
0.024191
0.052794
0.276024
0.018159
0.039396
0.039628
0.143698
0.087054
0.223361
0.024269
0.234043
0.184897
0.044100
0.035827
0.018410
0.061401
0.098365
0.235695
0.023803
0.197316
0.033393
0.074086
0.107380
0.121858
0.025663
0.057979
0.137647
0.015889
0.101363
0.034922
0.126481
0.326231
0.062848
0.042046
0.160914
0.319082
0.058631
0.105332
0.176826
0.034460
0.056739
0.095788
0.233904
0.032892
0.132620
0.023159
0.148423
0.172683
0.234686
0.196780
0.261274
0.158706
0.245188
0.167813
0.245666
0.182914
0.087216
0.055912
0.241867
0.181627
0.246680
0.171646
0.193627
0.200954
0.117488
0.257800
0.134807
0.154216
0.234495
0.191363
0.181800
0.146650
0.229720
0.187993
0.176568
0.134165
0.222306
0.199530
0.159113
0.251343
0.184018
0.141024
0.079871
0.064790
0.127068
0.153740
0.176019
0.039696
0.139270
0.056853
0.116516
0.081984
0.183762
0.066069
0.125080
0.145621
0.052210
0.158324
0.046583
0.184529
0.227468
0.052334
0.097246
0.195108
0.312981
0.095077
0.124608
0.139324
0.061537
0.096551
0.159916
0.279271
0.032507
0.143437
0.082212
0.118245
0.022249
0.025341
0.070571
0.285516
0.027624
0.292319
0.077094
0.094658
0.171280
0.052168
0.016034
0.013335
0.171692
0.034442
0.049303
0.084758
0.095667
0.421780
0.090984
0.009387
0.227426
0.390539
0.041327
0.066915
0.277296
0.026146
0.053393
0.054836
0.192716
0.079252
0.212015
0.023054
0.240383
0.050116
0.076002
0.237791
0.034864
0.246343
0.047717
0.071355
0.122621
0.081585
0.022008
0.038152
0.105053
0.035461
0.071635
0.049335
0.077003
0.352899
0.052889
0.022630
0.143614
0.304370
0.035421
0.085110
0.228337
0.025906
0.052692
0.070987
0.175434
0.061053
0.166127
0.028984
0.188009
0.065029
0.355145
0.043351
0.347846
0.122913
0.101641
0.215287
0.042660
0.029994
0.020519
0.220719
0.058811
0.044303
0.108688
0.118168
0.486549
0.136845
0.022564
0.287734
0.460202
0.045576
0.098608
0.308933
0.038785
0.059278
0.065669
0.199081
0.110899
0.228569
0.033448
0.298738
0.276332
0.075245
0.405082
0.161654
0.077494
0.159939
0.036846
0.061927
0.054016
0.155765
0.105635
0.012911
0.124235
0.062132
0.389651
0.102888
0.061058
0.222261
0.343936
0.027120
0.064939
0.344249
0.049170
0.064111
0.030910
0.090110
0.150906
0.310292
0.067824
0.297727
0.236092
0.274718
0.194314
0.263491
0.142692
0.361031
0.252792
0.314252
0.201950
0.261882
0.311066
0.196718
0.242590
0.210368
0.134624
0.303967
0.202892
0.288004
0.244664
0.175865
0.273839
0.224584
0.276111
0.299809
0.320408
0.202788
0.329613
0.281383
0.230419
0.224128
0.062157
0.068337
0.106643
0.088028
0.017387
0.042322
0.163376
0.026767
0.069548
0.044276
0.138914
0.324205
0.066503
0.040589
0.220649
0.356307
0.042758
0.076014
0.204411
0.020644
0.030688
0.080863
0.206482
0.037034
0.171684
0.023862
0.176357
0.116537
0.218987
0.138336
0.452322
0.256176
0.359409
0.272180
0.190567
0.424924
0.125043
0.431558
0.224223
0.215771
0.318233
0.238451
0.324156
0.299768
0.382077
0.027322
0.276339
0.257798
0.418279
0.525871
0.103296
0.065551
0.247191
0.051176
0.073565
0.087694
0.193103
0.060119
0.112069
0.128581
0.042332
0.171159
0.026534
0.164711
0.292992
0.076593
0.092726
0.116046
0.282727
0.094958
0.150458
0.116473
0.080925
0.084969
0.160981
0.278419
0.022590
0.075904
0.054828
0.083717
0.077523
0.117909
0.060081
0.098953
0.121886
0.080694
0.096778
0.042367
0.148530
0.298370
0.103210
0.097212
0.155499
0.262526
0.042807
0.152809
0.178941
0.075011
0.032035
0.115561
0.158065
0.071441
0.147787
0.054072
0.137050
0.235985
0.130050
0.199965
0.100634
0.123079
0.195578
0.041456
0.216320
0.113021
0.066798
0.183004
0.123621
0.161294
0.115903
0.183563
0.104742
0.114845
0.101316
0.215142
0.225662
0.071835
0.143904
0.134334
0.078534
0.064757
0.031954
0.197461
0.126872
0.012425
0.168861
0.083683
0.480049
0.149261
0.043558
0.290813
0.409541
0.041235
0.077848
0.411704
0.054581
0.079143
0.037217
0.105780
0.191627
0.346831
0.082054
0.360332
0.024963
0.150603
0.027280
0.051815
0.056260
0.108092
0.366968
0.076250
0.018101
0.197471
0.354554
0.031788
0.070796
0.236375
0.023901
0.032444
0.059430
0.184878
0.055972
0.184122
0.013584
0.195940
0.192225
0.062385
0.030577
0.112444
0.090705
0.461722
0.118590
0.014055
0.254812
0.408882
0.043524
0.063116
0.336129
0.035813
0.051993
0.041255
0.166833
0.116403
0.259965
0.030810
0.293108
0.179117
0.181648
0.102308
0.128111
0.242364
0.061264
0.172408
0.070811
0.167727
0.108340
0.186653
0.260659
0.118931
0.146012
0.193161
0.141769
0.154867
0.212583
0.172057
0.179288
0.106187
0.048092
0.151499
0.350703
0.086470
0.042707
0.192414
0.357676
0.071417
0.114097
0.168054
0.046980
0.059325
0.101532
0.265152
0.033088
0.133768
0.021280
0.153423
0.142664
0.070306
0.435538
0.117591
0.042203
0.262322
0.389515
0.028450
0.055527
0.378853
0.043773
0.062763
0.025301
0.097975
0.161386
0.330261
0.063214
0.331363
0.170033
0.236511
0.052628
0.097571
0.128561
0.253408
0.066261
0.149911
0.102632
0.057604
0.049513
0.157858
0.231030
0.017141
0.076553
0.052717
0.086073
0.434402
0.107106
0.081751
0.168049
0.346095
0.063941
0.081218
0.391688
0.090825
0.153080
0.065319
0.107066
0.198699
0.325097
0.120106
0.329497
0.232305
0.425536
0.242931
0.154394
0.349083
0.384192
0.203274
0.336679
0.342656
0.448948
0.394412
0.270610
0.323824
0.392710
0.172279
0.102035
0.114496
0.250117
0.065686
0.091448
0.206087
0.047304
0.087637
0.129178
0.174559
0.066379
0.187678
0.091110
0.169478
0.220775
0.376252
0.039814
0.075521
0.291114
0.031402
0.064667
0.045065
0.184686
0.100190
0.224999
0.028495
0.254477
0.145621
0.180516
0.252898
0.222434
0.194374
0.213155
0.246953
0.245919
0.168488
0.187753
0.198705
0.148470
0.319698
0.389243
0.288574
0.325032
0.327536
0.376727
0.320643
0.321777
0.342397
0.375161
0.197423
0.072469
0.261298
0.022858
0.037821
0.051839
0.099630
0.091907
0.212430
0.040063
0.218861
0.364090
0.055370
0.109516
0.053285
0.143333
0.148869
0.345649
0.093807
0.308231
0.248707
0.230123
0.379579
0.480946
0.096949
0.056178
0.220505
0.046198
0.038866
0.058534
0.145544
0.071045
0.206340
0.035206
0.211816
0.089395
0.161393
0.065611
0.188061
0.032995
0.190896
0.137256
0.167356
0.336591
0.069374
0.313915
0.293316
0.444713
0.205123
0.388406
0.077280
0.050307
0.090738
0.162058
0.086167
0.192683
