0.037782
0.042667
0.142311
0.053210
0.364918
0.096607
0.376946
0.061483
0.041208
0.048100
0.129839
0.036162
0.067545
0.029162
0.056401
0.032162
0.027633
0.040544
0.035834
0.140985
0.052893
0.266128
0.106748
0.055017
0.498895
0.086216
0.072848
0.024541
0.514959
0.036549
0.170385
0.039071
0.176490
0.034271
0.078552
0.065606
0.082601
0.037664
0.092578
0.040113
0.071009
0.094391
0.044779
0.072908
0.111904
0.071913
0.085531
0.053386
0.026978
0.036435
0.129196
0.028348
0.429276
0.057560
0.362996
0.100340
0.021971
0.036345
0.090212
0.014818
0.021013
0.014099
0.013780
0.041386
0.018428
0.017149
0.009187
0.160632
0.032604
0.281074
0.088603
0.044739
0.468959
0.072029
0.037075
0.041413
0.476735
0.037136
0.211077
0.036651
0.168730
0.012610
0.078128
0.019599
0.037088
0.020808
0.061154
0.012964
0.037498
0.090738
0.020112
0.087039
0.104931
0.033868
0.090374
0.044617
0.029007
0.220083
0.020327
0.492507
0.051989
0.468563
0.147256
0.035964
0.089535
0.156674
0.049701
0.081090
0.039944
0.055355
0.086338
0.027206
0.017287
0.041368
0.216679
0.068600
0.366505
0.043659
0.011619
0.568415
0.134125
0.068145
0.035317
0.589767
0.004576
0.239666
0.058142
0.246619
0.029419
0.139045
0.043002
0.047476
0.012585
0.122332
0.058118
0.099783
0.126558
0.019771
0.039733
0.189271
0.077873
0.161370
0.095750
0.053992
0.196834
0.316847
0.194179
0.168152
0.060070
0.124697
0.109536
0.051068
0.103881
0.083251
0.120490
0.129417
0.073949
0.161601
0.165309
0.115421
0.107216
0.127327
0.111519
0.303449
0.250508
0.260685
0.043320
0.097937
0.181539
0.268132
0.226014
0.275541
0.084772
0.067407
0.143755
0.096428
0.186899
0.172632
0.204865
0.059645
0.089376
0.094554
0.093962
0.161246
0.298655
0.046917
0.080141
0.030031
0.084501
0.106595
0.445746
0.052720
0.428734
0.149456
0.048903
0.063352
0.138690
0.035727
0.056693
0.036480
0.039610
0.080080
0.024308
0.012801
0.031745
0.186515
0.037256
0.352035
0.070244
0.028533
0.540415
0.109477
0.062801
0.061887
0.561789
0.024731
0.207573
0.058667
0.221537
0.027443
0.106371
0.030867
0.053842
0.010601
0.109385
0.042472
0.067656
0.114481
0.024131
0.080839
0.155712
0.069460
0.142884
0.074672
0.050299
0.534858
0.341080
0.280519
0.466024
0.341037
0.450903
0.385721
0.403684
0.407152
0.428941
0.303132
0.441895
0.435953
0.423333
0.239127
0.351589
0.286190
0.634619
0.518344
0.426469
0.324237
0.461972
0.471587
0.384484
0.484946
0.183585
0.413300
0.307368
0.456744
0.234063
0.483727
0.561549
0.466013
0.426169
0.397200
0.355430
0.343428
0.491197
0.591767
0.265535
0.432014
0.293862
0.315862
0.395501
0.390988
0.170255
0.074249
0.093404
0.110010
0.046235
0.069236
0.064673
0.052720
0.108156
0.052049
0.033837
0.050593
0.197087
0.075325
0.322699
0.104386
0.067723
0.483263
0.103013
0.063748
0.094697
0.554477
0.059161
0.324712
0.064032
0.188320
0.049433
0.142932
0.060125
0.033781
0.059136
0.081698
0.064205
0.094299
0.098725
0.034789
0.127633
0.180163
0.063629
0.154798
0.087696
0.080698
0.251445
0.381737
0.283061
0.242722
0.298072
0.288134
0.369305
0.345409
0.280395
0.386837
0.397048
0.335089
0.124651
0.308912
0.106791
0.593997
0.519640
0.040728
0.175587
0.312586
0.473482
0.214269
0.476381
0.432815
0.294509
0.075640
0.393701
0.211206
0.411940
0.437876
0.458203
0.254671
0.310599
0.257151
0.171794
0.410411
0.588119
0.143425
0.275162
0.181087
0.260351
0.339023
0.095051
0.079994
0.117047
0.080505
0.090992
0.078056
0.109869
0.030482
0.109969
0.117798
0.094880
0.088542
0.103150
0.116169
0.240224
0.174252
0.360387
0.053494
0.112065
0.104259
0.337767
0.142516
0.170773
0.068868
0.102423
0.113879
0.063199
0.158351
0.153282
0.142706
0.086745
0.081854
0.096191
0.090305
0.126253
0.205432
0.065946
0.097705
0.045889
0.052310
0.073657
0.077110
0.073735
0.039428
0.039872
0.024748
0.044802
0.048969
0.034994
0.033984
0.022675
0.194558
0.066766
0.288971
0.066105
0.041468
0.469685
0.087613
0.024885
0.031488
0.489398
0.041387
0.259074
0.021091
0.181962
0.017475
0.118128
0.051721
0.040448
0.034431
0.065784
0.028027
0.072016
0.105968
0.017738
0.063144
0.127166
0.029767
0.093287
0.072795
0.030307
0.102482
0.023526
0.030662
0.037225
0.021869
0.031812
0.042550
0.045674
0.030074
0.103554
0.026162
0.233843
0.180952
0.098434
0.412568
0.059493
0.068482
0.084273
0.443275
0.086438
0.163996
0.061075
0.118593
0.049107
0.032878
0.046412
0.094002
0.065997
0.061402
0.026476
0.014610
0.075553
0.067503
0.159114
0.049917
0.057798
0.056643
0.021367
0.028715
0.077050
0.048322
0.087047
0.088363
0.085572
0.110365
0.111475
0.066807
0.168754
0.109625
0.220980
0.196354
0.170652
0.328906
0.057393
0.037402
0.142198
0.406794
0.170016
0.354187
0.046521
0.102141
0.081843
0.132944
0.127685
0.092847
0.143933
0.030534
0.056828
0.078405
0.101349
0.087614
0.215846
0.086055
0.032749
0.061053
0.087768
0.077637
0.019580
0.023861
0.015552
0.029813
0.023560
0.018305
0.011819
0.106800
0.022733
0.224240
0.131253
0.066881
0.410833
0.039487
0.038515
0.062692
0.436894
0.051300
0.205179
0.025586
0.111648
0.021553
0.049568
0.034427
0.051423
0.038619
0.040819
0.012250
0.023413
0.049907
0.028486
0.125918
0.071133
0.027526
0.059266
0.024598
0.025795
0.027856
0.014673
0.033082
0.047911
0.037669
0.014860
0.138410
0.030905
0.236745
0.150616
0.088723
0.392824
0.048503
0.025935
0.082985
0.416817
0.087640
0.237261
0.034517
0.112554
0.029348
0.062412
0.041975
0.056542
0.060123
0.030563
0.012223
0.017307
0.078256
0.040308
0.155536
0.062545
0.015225
0.052531
0.029460
0.031188
0.022932
0.029579
0.022924
0.019945
0.015931
0.163353
0.041230
0.270309
0.092077
0.044974
0.479887
0.071755
0.039930
0.034114
0.471380
0.040962
0.190704
0.035804
0.172848
0.020804
0.075127
0.035627
0.039108
0.026727
0.056329
0.018487
0.048037
0.104436
0.023230
0.084376
0.104764
0.041852
0.083823
0.035399
0.024127
0.042438
0.031522
0.018761
0.013748
0.154869
0.026536
0.282344
0.127855
0.058883
0.459782
0.074978
0.041812
0.064571
0.467664
0.056707
0.214565
0.051246
0.152938
0.024228
0.066803
0.018560
0.043957
0.038775
0.049242
0.016843
0.021007
0.090469
0.033022
0.123672
0.088716
0.034314
0.081782
0.034506
0.026336
0.054399
0.052561
0.035010
0.103819
0.044748
0.174577
0.175951
0.098526
0.389271
0.041276
0.053924
0.062590
0.374641
0.085603
0.157250
0.037189
0.103305
0.048907
0.033651
0.081663
0.094238
0.071448
0.049450
0.026319
0.038309
0.070833
0.062941
0.150399
0.051576
0.045076
0.034130
0.015112
0.027981
0.018804
0.017567
0.163988
0.043319
0.307245
0.069042
0.031180
0.507254
0.085254
0.048360
0.035886
0.550862
0.027483
0.207035
0.038833
0.190822
0.019783
0.090441
0.036175
0.039000
0.015801
0.080750
0.024529
0.056933
0.095492
0.019280
0.063259
0.125562
0.058805
0.113029
0.056938
0.027291
0.018544
0.165628
0.032867
0.310927
0.080828
0.025888
0.504436
0.086298
0.046096
0.047293
0.519534
0.020394
0.205283
0.041533
0.184294
0.017541
0.085380
0.024529
0.034896
0.014263
0.075011
0.028197
0.050301
0.092668
0.014369
0.082563
0.128345
0.046985
0.112588
0.048955
0.032447
0.150046
0.029141
0.270210
0.098278
0.046561
0.446232
0.062303
0.021711
0.044664
0.487891
0.045743
0.228153
0.024521
0.142915
0.007930
0.072940
0.027241
0.040272
0.027587
0.043425
0.005759
0.029174
0.080427
0.015519
0.092673
0.087426
0.019889
0.070787
0.036076
0.016538
0.117816
0.090631
0.353812
0.265826
0.232543
0.056023
0.174524
0.235221
0.297320
0.211760
0.196684
0.127845
0.043921
0.187730
0.053294
0.199184
0.238280
0.210727
0.140023
0.137034
0.102717
0.047199
0.200831
0.331294
0.054523
0.143408
0.078360
0.092030
0.143602
0.260694
0.160094
0.078621
0.429036
0.066081
0.062840
0.084364
0.462170
0.067267
0.185582
0.052597
0.135504
0.039301
0.049960
0.037736
0.086264
0.048647
0.078283
0.029415
0.026365
0.067185
0.052692
0.154712
0.078927
0.049567
0.074623
0.039106
0.037979
0.493423
0.422634
0.168085
0.107390
0.265857
0.344628
0.154914
0.367389
0.310756
0.220294
0.075351
0.314319
0.146679
0.360586
0.345650
0.363168
0.194188
0.240559
0.227905
0.137856
0.327046
0.479329
0.128380
0.231744
0.133081
0.174201
0.268211
0.039867
0.678310
0.226397
0.109832
0.063688
0.714150
0.050265
0.345765
0.111751
0.375802
0.072358
0.261939
0.099799
0.064389
0.048977
0.191800
0.119327
0.195274
0.236057
0.056736
0.025262
0.306261
0.142249
0.267188
0.193851
0.118640
0.624235
0.169137
0.073819
0.035716
0.642295
0.014625
0.250032
0.075555
0.288788
0.032231
0.159629
0.043727
0.052201
0.014406
0.138821
0.064640
0.109589
0.166157
0.022179
0.030613
0.211067
0.090958
0.182687
0.111307
0.055779
0.272889
0.398340
0.581508
0.212053
0.581882
0.547135
0.391743
0.153967
0.500017
0.322004
0.524708
0.533882
0.567816
0.352079
0.421252
0.374379
0.261306
0.511447
0.686729
0.254410
0.363589
0.284744
0.371168
0.459222
0.064023
0.134199
0.308531
0.138710
0.224360
0.042753
0.045291
0.086468
0.045538
0.120302
0.111608
0.121552
0.041237
0.046360
0.052841
0.031636
0.093857
0.231788
0.042361
0.050365
0.036609
0.033303
0.071530
0.071940
0.450461
0.081387
0.296242
0.025033
0.133905
0.027316
0.104944
0.060007
0.046846
0.058733
0.036904
0.020103
0.049370
0.083862
0.027216
0.118577
0.096224
0.011453
0.069631
0.061722
0.031236
0.578381
0.032012
0.238915
0.058515
0.254315
0.031294
0.144556
0.064656
0.053686
0.033907
0.105409
0.052043
0.108719
0.152340
0.036037
0.039197
0.178566
0.083936
0.134020
0.089557
0.039722
0.595033
0.453487
0.455835
0.252589
0.534119
0.327833
0.542221
0.551336
0.576959
0.373267
0.444453
0.401904
0.350230
0.548310
0.719145
0.297921
0.414865
0.313530
0.383056
0.485289
0.224865
0.062881
0.252205
0.032526
0.135257
0.041899
0.055850
0.013464
0.132287
0.062387
0.101026
0.126910
0.026056
0.039066
0.189812
0.087843
0.164869
0.096030
0.055472
0.260149
0.300651
0.248438
0.121324
0.244548
0.320857
0.211326
0.293464
0.216908
0.199773
0.253435
0.268376
0.308143
0.200232
0.289998
0.232108
0.164796
0.207701
0.111054
0.026405
0.085740
0.071036
0.059225
0.056458
0.044586
0.024694
0.054492
0.054326
0.028423
0.111050
0.084383
0.021312
0.055272
0.050607
0.029753
0.182158
0.076064
0.212556
0.231712
0.241849
0.094061
0.126887
0.094432
0.046348
0.196164
0.364395
0.039457
0.099855
0.048645
0.091668
0.145941
0.102594
0.026644
0.036077
0.018957
0.061191
0.015480
0.049359
0.099216
0.008960
0.069603
0.123798
0.028918
0.095652
0.057001
0.022666
0.109586
0.161235
0.116240
0.091294
0.059982
0.037673
0.057931
0.120233
0.237043
0.032223
0.085990
0.050700
0.025435
0.071477
0.050519
0.028315
0.091209
0.036346
0.044837
0.119405
0.031078
0.094666
0.138384
0.056818
0.128471
0.074929
0.044758
0.043962
0.065306
0.047293
0.098291
0.140897
0.024193
0.086630
0.185758
0.059305
0.150749
0.091125
0.059610
0.109873
0.038438
0.075542
0.127267
0.017170
0.049289
0.167725
0.070487
0.147881
0.077287
0.042967
0.033950
0.050718
0.082872
0.067678
0.194589
0.072624
0.028391
0.044203
0.044143
0.050616
0.023266
0.072189
0.025097
0.114401
0.069871
0.020382
0.054887
0.027247
0.016774
0.062072
0.065984
0.183541
0.037457
0.035552
0.044095
0.030227
0.032563
0.104804
0.230837
0.059678
0.064412
0.058956
0.065183
0.084302
0.060250
0.145951
0.036116
0.115304
0.068096
0.033002
0.279714
0.146168
0.238170
0.178730
0.094761
0.072969
0.020164
0.049462
0.075899
0.049739
0.051179
0.034283
0.044841
0.055769
0.041505
