0.455651
0.514631
0.621667
0.485088
0.483426
0.761972
0.571894
0.590010
0.557727
0.527200
0.543842
0.570305
0.524317
0.619917
0.454954
0.644616
0.549501
0.411111
0.474776
0.642833
0.513479
0.564490
0.618739
0.423016
0.701639
0.551913
0.618106
0.511028
0.500280
0.578998
0.572349
0.624854
0.680090
0.443318
0.496501
0.686697
0.530095
0.419250
0.358339
0.398405
0.367593
0.612269
0.580194
0.374882
0.547406
0.739272
0.558543
0.561819
0.619206
0.535913
0.528273
0.437881
0.460205
0.858441
0.510760
0.622297
0.628306
0.629998
0.583858
0.543558
0.727882
0.647400
0.638287
0.647601
0.574061
0.555813
0.351511
0.764671
0.521635
0.478386
0.641741
0.456797
0.598791
0.566887
0.713361
0.544980
0.512433
0.568154
0.722928
0.656228
0.594374
0.459763
0.445364
0.756059
0.547886
0.457899
0.431066
0.509500
0.465950
0.667755
0.601482
0.355396
0.532326
0.690329
0.688356
0.507524
0.593999
0.613986
0.484744
0.495600
0.900093
0.633455
0.541294
0.738157
0.769788
0.598698
0.553075
0.790561
0.732475
0.634846
0.836462
0.772539
0.726303
0.546354
0.808420
0.695421
0.580380
0.848974
0.658439
0.750541
0.551740
0.754927
0.719340
0.678744
0.726911
0.789487
0.764444
0.742605
0.591606
0.549751
0.819720
0.683823
0.529641
0.581444
0.641518
0.493585
0.768615
0.725672
0.450847
0.635981
0.729384
0.755933
0.714460
0.713354
0.576690
0.639680
0.677770
0.630378
0.686653
0.783894
0.618896
0.650160
0.590608
0.810132
0.801741
0.755366
0.789682
0.725887
0.846883
0.539130
0.763363
0.668585
0.536458
0.757862
0.659258
0.653744
0.669331
0.774278
0.839529
0.739252
0.784347
0.902181
0.873241
0.770661
0.663900
0.648740
0.753851
0.853425
0.637334
0.613592
0.563134
0.616734
0.809788
0.842236
0.462942
0.720200
0.888973
0.728293
0.683977
0.876720
0.322063
0.878519
0.337005
0.642396
0.644856
0.608050
0.495705
0.615692
0.615332
0.413300
0.524876
0.687619
0.501366
0.623301
0.499117
0.703143
0.375914
0.451845
0.575690
0.373241
0.675480
0.349990
0.703718
0.563935
0.563652
0.591826
0.595949
0.642713
0.680879
0.549066
0.560778
0.814255
0.598762
0.397241
0.510702
0.580160
0.440763
0.698072
0.671139
0.388606
0.460813
0.596093
0.538602
0.611850
0.708957
0.907624
0.363288
0.660297
0.586058
0.683338
0.555733
0.651165
0.632674
0.510899
0.505804
0.672624
0.535203
0.669960
0.517164
0.815865
0.431649
0.508482
0.656280
0.516914
0.607102
0.523749
0.795341
0.627094
0.640456
0.545291
0.621404
0.677335
0.659964
0.529257
0.478471
0.810984
0.629000
0.498448
0.527294
0.621517
0.497479
0.739633
0.624594
0.407702
0.438975
0.699482
0.600491
0.635761
0.677604
0.898450
0.786105
0.983282
0.502374
0.896938
0.855321
0.823959
0.933354
0.888774
0.832325
0.658214
0.800012
0.835694
0.780913
0.896997
0.845250
0.627216
0.778625
0.875116
0.865674
0.794648
0.872401
0.840725
0.951686
0.915423
1.029795
0.943038
0.793842
0.844826
0.858404
0.881777
0.720062
0.793234
0.744372
0.707531
0.877067
0.874135
0.726012
0.922599
0.952568
0.760928
0.844137
0.912090
0.743264
0.620118
0.669905
0.547463
0.658171
0.640528
0.445809
0.618535
0.666501
0.466786
0.711182
0.531542
0.851139
0.141684
0.555082
0.614332
0.451739
0.682795
0.411994
0.744161
0.613527
0.616073
0.545946
0.683174
0.530206
0.641548
0.470500
0.478338
0.719783
0.628346
0.572278
0.529706
0.635927
0.572198
0.698745
0.724920
0.412050
0.511145
0.619939
0.601279
0.639921
0.692617
0.848835
0.755694
0.781975
0.511651
0.762313
0.715245
0.808354
0.847869
0.826435
0.766526
0.522753
0.675549
0.690347
0.655511
0.809916
0.610142
0.701484
0.576923
0.643589
0.725773
0.602550
0.726692
0.792082
0.723311
0.715876
0.602580
0.592231
0.660327
0.725959
0.588910
0.658675
0.791801
0.590865
0.588872
0.655249
0.567797
0.791119
0.703099
0.818194
0.623075
0.667172
0.817295
0.676109
0.688681
0.672221
0.750041
0.627487
0.631840
0.705412
0.626490
0.669253
0.847387
0.685252
0.767431
0.828979
0.696093
0.719304
0.688192
0.660225
0.607533
0.724921
0.622900
0.653357
0.749388
0.628280
0.768640
0.742350
0.800461
0.617360
0.679100
0.635727
0.741861
0.596490
0.742391
0.798793
0.685279
0.679224
0.781787
0.663147
0.743551
0.686875
0.749977
0.704693
0.630628
0.739891
0.685787
0.646939
0.402699
0.557355
0.610019
0.802729
0.637359
0.532350
0.305028
0.524853
0.697021
0.657126
0.807711
0.738262
0.593704
0.736373
0.813574
0.788352
0.792913
0.588775
0.673244
0.809188
0.728159
0.547770
0.550443
0.524244
0.532812
0.769316
0.708435
0.461719
0.768191
0.794741
0.579165
0.638007
0.753688
0.754866
0.684710
0.620920
0.567965
0.875105
0.733707
0.671288
0.665718
0.874385
0.601047
0.639781
0.829235
0.687719
0.827266
0.635013
0.779354
0.652708
0.668595
0.568112
0.747207
0.694501
0.592891
0.641800
0.629599
0.751789
0.689727
0.487767
0.528066
0.634315
0.630668
0.773215
0.824112
0.509493
0.667354
0.770037
0.705816
0.746078
0.796511
0.745739
0.765327
0.686741
0.737772
0.728577
0.661248
0.498368
0.712356
0.630470
0.642315
0.760592
0.597498
0.674686
0.482956
0.665343
0.694586
0.711851
0.763581
0.828098
0.765350
0.791716
0.517707
0.562363
0.701253
0.662465
0.589212
0.581643
0.618963
0.613586
0.695986
0.714992
0.503335
0.682603
0.796167
0.723519
0.525915
0.702701
0.621174
0.630431
0.550582
0.607690
0.619391
0.770790
0.730953
0.660825
0.666389
0.674587
0.671019
0.869915
0.684037
0.753065
0.735266
0.681300
0.714305
0.647074
0.737071
0.841275
0.751941
0.696570
0.673128
0.759949
0.544491
0.578307
0.715978
0.512352
0.741370
0.776798
0.673403
0.719426
0.802718
0.670689
0.803188
0.655388
0.693233
0.677477
0.522629
0.715916
0.668559
0.747799
0.455595
0.605551
0.676854
0.478646
0.795949
0.496647
0.741144
0.636401
0.693089
0.574654
0.602534
0.678646
0.712968
0.652139
0.689064
0.750539
0.699424
0.642630
0.606681
0.792748
0.636305
0.656239
0.627589
0.618805
0.570176
0.571866
0.707727
0.745440
0.699139
0.734865
0.684912
0.549838
0.690456
0.795957
0.678717
0.530941
0.839154
0.702196
0.751273
0.683109
0.775875
0.555567
0.749057
0.745924
0.644368
0.815749
0.738408
0.660130
0.682531
0.785287
0.634082
0.525641
0.501182
0.542382
0.539751
0.676371
0.725409
0.503806
0.601389
0.865884
0.541883
0.811827
0.903532
0.505780
0.608543
0.692345
0.771794
0.645012
0.660875
0.647193
0.548489
0.736101
0.736765
0.795129
0.776072
0.700058
0.844659
0.743854
0.769870
0.827028
0.695311
0.762844
0.768024
0.770855
0.685419
0.620918
0.653530
0.603700
0.690094
0.664097
0.694931
0.723652
0.786515
0.651539
0.657827
0.723563
0.491309
0.613070
0.739761
0.484179
0.615104
0.322394
0.346865
0.744566
0.518249
0.801629
0.617224
0.582763
0.722146
0.632381
0.733412
0.780753
0.628934
0.652973
0.808952
0.646428
0.607160
0.582583
0.611772
0.535641
0.673608
0.546929
0.542076
0.499436
0.611056
0.501618
0.625483
0.570815
0.580123
0.806197
0.672361
0.592521
0.574007
0.458666
0.818224
0.590716
0.649506
0.286154
0.543270
0.704852
0.663744
0.733580
0.656763
0.582749
0.649850
0.801787
0.359440
0.496023
0.561642
0.560335
0.520490
0.572630
0.549329
0.560184
0.606057
0.725002
0.581318
0.635623
0.543059
0.796349
0.497911
0.504608
0.656411
0.383503
0.555977
0.471728
0.604274
0.557104
0.480960
0.633454
0.743718
0.621338
0.622919
0.441629
0.456103
0.658423
0.500282
0.501710
0.564154
0.587708
0.493056
0.560849
0.609400
0.381638
0.561106
0.645327
0.691323
0.470492
0.586478
0.808691
0.821831
0.843908
0.735086
0.896464
0.662338
0.808568
0.865970
0.858937
0.933250
0.822061
0.898663
0.928830
0.718346
0.776904
0.768327
0.843806
0.732746
0.752633
0.762038
0.689650
0.838635
0.844350
0.824792
0.738462
0.875258
0.662601
0.846762
0.935852
0.568553
0.583622
0.368026
0.664418
0.402086
0.690360
0.589565
0.562121
0.546069
0.713355
0.482109
0.652854
0.453385
0.465163
0.735676
0.612359
0.550174
0.528136
0.643769
0.622134
0.647051
0.676452
0.461201
0.550233
0.633100
0.581658
0.548498
0.650489
0.643023
0.524392
0.757336
0.573809
0.772046
0.647457
0.649147
0.734655
0.787731
0.697272
0.649144
0.570775
0.582213
0.808767
0.619692
0.514857
0.545635
0.587401
0.563955
0.681775
0.662107
0.386362
0.641576
0.750976
0.657389
0.652487
0.730527
0.407395
0.809780
0.590053
0.852333
0.719647
0.555804
0.791435
0.726141
0.777702
0.847012
0.659659
0.705677
0.807846
0.757175
0.616580
0.659358
0.635465
0.585290
0.769515
0.675280
0.602657
0.686910
0.668092
0.629316
0.649976
0.618865
0.683236
0.372687
0.646265
0.500907
0.330536
0.659224
0.562154
0.572027
0.646177
0.453800
0.516147
0.715533
0.551762
0.478577
0.561085
0.582912
0.493988
0.548372
0.488133
0.472526
0.533747
0.490594
0.540084
0.522926
0.522322
0.756431
0.715466
0.784802
0.627841
0.753875
0.905097
0.774579
0.638806
0.700528
0.626270
0.757778
0.747037
0.710445
0.603718
0.729777
0.723026
0.719081
0.644740
0.596451
0.733768
0.707969
0.793878
0.589856
0.794615
0.639799
0.550659
0.537376
0.692755
0.646193
0.564646
0.684194
0.413317
0.561749
0.700066
0.572828
0.459101
0.628794
0.652571
0.568328
0.692441
0.676322
0.505847
0.532691
0.632317
0.635752
0.560971
0.639203
0.558768
0.747690
0.682803
0.847086
0.794189
0.716527
0.645750
0.741114
0.693478
0.644703
0.696553
0.696450
0.851054
0.638517
0.671445
0.809579
0.677161
0.813719
0.864764
0.750256
0.576197
0.695721
0.634914
0.550061
0.680154
0.659321
0.578826
0.559869
0.589380
0.768780
0.328887
0.564483
0.624229
0.656100
0.592958
0.521303
0.561597
0.574331
0.570577
0.640774
0.691374
0.652177
0.509214
0.680353
0.647645
0.530994
0.578388
0.568177
0.572035
0.644694
0.589827
0.471100
0.547593
0.633564
0.527878
0.557687
0.555281
0.530539
0.619947
0.582222
0.689517
0.620149
0.539036
0.597704
0.623971
0.465700
0.623141
0.588421
0.681720
0.589590
0.625226
0.615562
0.838290
0.617402
0.616097
0.630983
0.608463
0.603982
0.646479
0.834111
0.671542
0.485154
0.723018
0.706947
0.785924
0.703630
0.737718
0.698687
0.677606
0.689491
0.811203
0.519935
0.634510
0.581368
0.747770
0.619181
0.647986
0.660837
0.858335
0.696480
0.701733
0.554164
0.596059
0.702622
0.633841
0.559028
0.651118
0.729889
0.680657
0.700405
0.735518
0.643821
0.707848
0.714043
0.797861
0.717199
0.697224
0.695412
0.635923
0.771799
0.592930
0.669465
0.662789
0.805650
0.642384
0.580921
0.738580
0.604002
0.762770
0.601424
0.809424
0.721616
0.629675
0.308063
0.724010
0.584352
0.472881
0.510209
0.560417
0.516270
0.646507
0.672905
0.437655
0.654031
0.703594
0.688897
0.531451
0.663503
0.621404
0.553260
0.481676
0.523709
0.648634
0.447719
0.650994
0.624355
0.445142
0.583114
0.693418
0.710061
0.599481
0.663563
0.766614
0.690695
0.654275
0.845701
0.708169
0.594693
0.703506
0.712880
0.782583
0.801494
0.802631
0.765316
0.694415
0.497738
0.618880
0.667263
0.525385
0.576065
0.569128
0.512256
0.529760
0.730527
0.735812
0.617907
0.590647
0.464448
0.500225
0.419627
0.673845
0.678692
0.399939
0.546615
0.688041
0.627141
0.553326
0.621795
0.459242
0.448009
0.666754
0.600454
0.380784
0.624986
0.775517
0.649713
0.583893
0.698641
0.558143
0.818354
0.713453
0.403073
0.621443
0.905883
0.551181
0.660413
0.789475
0.654104
0.642222
0.391265
0.589108
0.714230
0.578551
0.641021
0.675546
0.495762
0.681575
0.673195
0.578031
0.766899
0.661340
0.494545
0.673021
0.506355
0.560713
0.730609
0.633266
0.484977
0.548561
0.736485
0.601887
0.478360
0.707893
0.687204
0.540975
0.719486
0.682448
0.836790
0.680982
0.558882
0.779416
0.831541
0.607978
