0.761867
0.851775
0.620205
0.621078
0.929563
0.887336
0.786104
0.975777
0.885272
0.973125
0.620023
0.798827
0.853575
0.557703
0.810989
0.498328
0.623403
0.852091
0.707690
0.841377
0.818082
0.612837
0.770460
0.778674
0.920339
0.748951
0.825575
0.742796
0.635349
0.624171
0.683373
0.811965
0.737044
0.802589
0.911635
0.792957
0.685558
0.734737
0.605356
0.807977
0.547737
0.647116
0.712121
0.879499
0.829380
0.563586
0.705737
0.678216
0.813397
0.638054
0.777473
0.726539
0.629583
0.669837
0.855228
0.645214
0.724657
0.564015
0.676321
0.779590
0.761507
0.657243
0.841118
0.729116
0.733031
0.672934
0.804348
0.495071
0.756696
0.828295
0.841340
0.607642
0.799422
0.663583
0.910626
0.666996
0.727269
0.724894
0.731372
0.743584
0.543896
0.694448
0.633345
0.803527
0.671854
0.829959
0.856823
0.445965
0.680256
0.709943
0.714716
0.809131
0.762667
0.673631
0.760211
0.581639
0.756954
0.633121
0.639551
0.544776
0.186130
0.775313
0.309286
0.720201
0.598461
0.501329
0.584513
0.740542
0.632169
0.861595
0.640086
0.662107
0.663023
0.847915
0.299409
0.702579
0.569677
0.686257
0.492494
0.637678
0.722992
0.760561
0.421226
0.738886
0.638710
0.699769
0.601597
0.478589
0.664467
0.504593
0.730685
0.674362
0.762712
0.711592
0.253841
0.620521
0.635975
0.751143
0.779763
0.359877
0.649512
0.551254
0.468162
0.730285
0.308768
0.795568
0.645315
0.502567
0.701857
0.527649
0.856352
0.281645
0.477449
0.609573
0.450641
0.742939
0.600757
0.351970
0.452873
0.776875
0.596434
0.547983
0.274270
0.464617
0.446513
0.697633
0.721965
0.671090
0.495872
0.350339
0.579595
0.396341
0.469927
0.724351
0.504997
0.742204
0.640619
0.408888
0.456546
0.509007
0.645849
0.436710
0.469010
0.580808
0.916784
0.568694
0.501244
0.384660
0.596061
0.411412
0.737732
0.648244
0.471996
0.733428
0.482726
0.813253
0.299972
0.384235
0.608165
0.375649
0.752257
0.590548
0.319721
0.411382
0.684833
0.573512
0.515139
0.386862
0.480967
0.458434
0.714659
0.731845
0.700698
0.508797
0.430964
0.556657
0.310654
0.563616
0.701427
0.449802
0.747891
0.621347
0.400078
0.432127
0.571685
0.596979
0.376926
0.443513
0.559638
0.862350
0.623747
0.547197
0.333940
0.668701
0.540810
0.541937
0.894368
0.623715
0.719419
0.779696
0.678185
0.781880
0.834564
0.807364
0.798066
0.779677
0.787818
0.703949
0.849108
0.515328
0.786891
0.808085
0.793749
0.680483
0.766087
0.819405
0.797046
0.724094
0.744543
0.765212
0.793056
0.684989
0.635176
0.697647
0.515440
0.827397
0.758050
0.875076
0.786483
0.446455
0.727819
0.750939
0.726337
0.921541
0.529044
0.703784
0.671332
0.709029
0.797845
0.790143
0.354494
0.702896
0.644858
0.508393
0.565112
0.670139
0.662260
0.894968
0.593925
0.675693
0.598224
0.909589
0.317749
0.672478
0.600213
0.569308
0.525717
0.608443
0.673739
0.792273
0.403926
0.754834
0.606776
0.723586
0.632804
0.501631
0.667578
0.527256
0.678399
0.719356
0.787652
0.693183
0.278009
0.657564
0.587254
0.715153
0.781074
0.425048
0.715044
0.546369
0.467484
0.712345
0.791910
0.625818
0.879795
0.444585
0.605021
0.670505
0.606363
0.803248
0.716724
0.497278
0.571201
0.695315
0.696669
0.566432
0.626650
0.624946
0.611544
0.824665
0.770485
0.701593
0.616053
0.592426
0.706097
0.593124
0.578884
0.840412
0.561025
0.835454
0.630557
0.624230
0.527823
0.649344
0.718454
0.551044
0.600536
0.680798
0.903707
0.725052
0.682235
0.558035
0.755575
0.552712
0.728919
0.602488
0.598337
0.644465
0.815969
0.723543
0.942201
0.757637
0.720826
0.691290
0.942019
0.356644
0.722252
0.703994
0.768923
0.581215
0.692946
0.819973
0.809860
0.499230
0.824075
0.747625
0.777317
0.620857
0.543588
0.730091
0.582743
0.747734
0.743707
0.815839
0.816961
0.393071
0.682573
0.694101
0.755195
0.812124
0.479272
0.689164
0.630366
0.535231
0.788491
0.816049
0.441786
0.559622
0.696270
0.569131
0.781211
0.770315
0.515223
0.229352
0.866576
0.590630
0.672109
0.558930
0.515542
0.541498
0.771751
0.785492
0.862413
0.635666
0.582222
0.703095
0.464536
0.548320
0.828734
0.377615
0.836553
0.643223
0.306090
0.617523
0.632636
0.623509
0.541188
0.604583
0.652421
0.892497
0.710929
0.711975
0.563762
0.762769
0.432009
0.776883
0.784475
0.798998
0.846117
1.028381
0.864743
0.835527
0.760316
0.884019
0.583835
0.775020
0.872113
0.884399
0.733948
0.834742
0.844955
1.017031
0.706437
0.886205
0.767025
0.792767
0.853284
0.709757
0.849064
0.725269
0.838304
0.826053
0.875819
0.967039
0.552472
0.832959
0.846215
0.834059
0.877848
0.752619
0.806732
0.741800
0.795691
0.853781
0.376151
0.501428
0.293296
0.677204
0.490029
0.244846
0.348527
0.644085
0.471229
0.434005
0.322709
0.344022
0.396284
0.604124
0.635919
0.640637
0.363662
0.371561
0.412218
0.408611
0.399095
0.641367
0.415324
0.682994
0.511760
0.358717
0.337633
0.409407
0.477885
0.310977
0.326315
0.478932
0.830412
0.495160
0.470382
0.277400
0.458166
0.370986
0.628566
0.569098
0.845173
0.573858
0.550717
0.522348
0.826679
0.581779
0.529134
0.505148
0.551256
0.485875
0.485675
0.728370
0.731403
0.514430
0.520373
0.485334
0.549729
0.442952
0.727231
0.527109
0.788446
0.517120
0.575466
0.574282
0.630871
0.613650
0.510846
0.575138
0.638439
0.867823
0.577316
0.612212
0.449901
0.532515
0.518278
0.628088
0.859025
0.582957
0.604360
0.535825
0.781579
0.573640
0.676149
0.626344
0.516663
0.661649
0.729638
0.555307
0.775439
0.490237
0.548769
0.460539
0.643888
0.573711
0.737921
0.650297
0.843251
0.551434
0.745509
0.670547
0.535678
0.658598
0.593213
0.470777
0.509924
0.904835
0.769950
0.644346
0.626345
0.588790
0.632797
0.654880
0.438705
0.406640
0.519600
0.671325
0.559302
0.601861
0.416331
0.513811
0.508874
0.719075
0.612900
0.696310
0.506370
0.506317
0.519460
0.398328
0.616289
0.617618
0.536324
0.775166
0.500814
0.432147
0.469710
0.533717
0.606698
0.225724
0.419627
0.535955
0.812055
0.646469
0.444756
0.459641
0.450707
0.560946
0.811308
0.711198
0.773524
0.885773
0.879795
0.802954
0.789219
0.776074
0.785397
0.845614
0.711840
0.688632
0.859765
0.750931
0.843386
0.726197
0.706934
0.908126
0.764394
0.852917
0.920615
0.692452
0.677769
0.773075
0.853515
0.718240
0.772824
0.768645
0.934750
0.894390
0.746952
0.737236
0.781663
0.766760
0.601283
0.654280
0.797754
0.634632
0.705986
0.526685
0.681158
0.631962
0.630550
0.606016
0.722735
0.492957
0.634491
0.471388
0.688949
0.622719
0.589241
0.588670
0.787561
0.474419
0.702567
0.669635
0.643239
0.543080
0.375287
0.507977
0.452773
0.826726
0.729815
0.530855
0.567580
0.422501
0.687144
0.423830
0.627504
0.594160
0.520949
0.437952
0.503121
0.566672
0.790572
0.752222
0.737424
0.513065
0.389879
0.578032
0.417483
0.556323
0.753711
0.507225
0.773166
0.619174
0.426034
0.333894
0.550284
0.596349
0.424706
0.352099
0.568084
0.812719
0.649325
0.594848
0.318486
0.673949
0.442351
0.834696
0.561223
0.598057
0.457444
0.475803
0.483921
0.719948
0.736870
0.801573
0.503691
0.554198
0.612990
0.432688
0.500898
0.771646
0.304436
0.791077
0.658422
0.409228
0.533217
0.615240
0.528700
0.538319
0.528609
0.562601
0.832880
0.670716
0.659964
0.450157
0.684060
0.345729
0.793095
0.843151
0.799552
0.795721
0.899014
0.973166
0.923571
0.911147
0.823028
0.712925
0.807151
0.733701
0.885479
0.827701
0.888062
0.861222
0.823335
0.793059
0.694713
0.790937
0.868194
0.716789
0.784695
0.757120
0.996963
0.843078
0.707526
0.690157
0.873885
0.866929
0.619010
0.636287
0.660707
0.554787
0.707345
0.625786
0.796927
0.419569
0.573803
0.549884
0.667497
0.561549
0.504211
0.637243
0.574940
0.578835
0.665926
0.711852
0.711331
0.236488
0.523935
0.591983
0.640745
0.784289
0.416785
0.599799
0.557913
0.426404
0.670812
0.623281
0.652216
0.560327
0.716385
0.665793
0.615013
0.555352
0.584020
0.622933
0.607659
0.586793
0.819020
0.625611
0.841643
0.696425
0.634100
0.524134
0.677140
0.637449
0.602748
0.605414
0.631476
0.819894
0.634657
0.673334
0.545117
0.657155
0.577939
0.521439
0.486529
0.706257
0.729477
0.727413
0.398145
0.538999
0.614228
0.516768
0.588305
0.691861
0.523438
0.784573
0.614075
0.499095
0.538304
0.536008
0.638582
0.423120
0.435728
0.599272
0.889380
0.617342
0.588181
0.466427
0.540098
0.544269
0.546183
0.739510
0.729225
0.718204
0.554546
0.538188
0.441383
0.512310
0.529100
0.786796
0.546766
0.813729
0.614374
0.506742
0.556411
0.325064
0.697752
0.510797
0.443997
0.560792
0.853183
0.663016
0.571708
0.553436
0.671799
0.524136
0.654831
0.660100
0.763377
0.477718
0.619062
0.590816
0.522288
0.548386
0.675872
0.451560
0.575182
0.691277
0.515457
0.625808
0.579113
0.482336
0.510089
0.587270
0.648344
0.817371
0.594937
0.596242
0.467792
0.488120
0.517831
0.636574
0.888805
0.652474
0.768902
0.636078
0.724716
0.500676
0.680985
0.631843
0.792612
0.758319
0.713777
0.814049
0.716883
0.667924
0.667505
0.710902
0.691941
0.931560
0.670140
0.692848
0.636135
0.540438
0.722294
0.835378
0.522823
0.722703
0.587792
0.761629
0.612508
0.658290
0.755475
0.842560
0.677090
0.759473
0.808253
0.696072
0.706843
0.680075
0.598597
0.629879
0.855826
0.780446
0.654464
0.701419
0.424328
0.723919
0.719345
0.691806
0.669615
0.729244
0.672367
0.846999
0.772120
0.841300
0.784708
0.769549
0.664955
0.744010
0.774069
0.662954
0.707220
0.757368
0.964613
0.753185
0.711717
0.732349
0.767329
0.703639
0.643806
0.510455
0.554157
0.563049
0.486220
0.586586
0.692666
0.491148
0.644285
0.673434
0.629549
0.448976
0.529735
0.389512
0.634534
0.709373
0.589239
0.550266
0.478868
0.342142
0.615420
0.499967
0.510080
0.563809
0.803905
0.594647
0.816521
0.629746
0.518176
0.477123
0.563893
0.660459
0.457291
0.565218
0.614645
0.906786
0.604978
0.536692
0.479360
0.659439
0.502944
0.629907
0.508993
0.556483
0.681958
0.762125
0.509390
0.665810
0.519785
0.495906
0.615632
0.429820
0.512091
0.514455
0.848750
0.626453
0.517124
0.516202
0.449936
0.588828
0.551093
0.744777
0.462762
0.797345
0.689980
0.333494
0.535375
0.569546
0.674262
0.477232
0.496332
0.607437
0.828335
0.633287
0.551548
0.451686
0.721493
0.448771
0.748513
0.470042
0.738164
0.712728
0.471458
0.574549
0.570255
0.590802
0.595061
0.599062
0.547417
0.910397
0.564906
0.527836
0.557584
0.572866
0.386084
0.775032
0.670597
0.716624
0.802496
0.804186
0.850921
0.542626
0.602134
0.609255
0.684726
0.659434
0.651175
0.567796
0.695160
0.399619
0.819097
0.789319
0.654088
0.454017
0.603656
0.572286
0.507821
0.482354
0.520957
0.608142
0.852906
0.671233
0.688115
0.530374
0.649134
0.456583
0.830044
0.781554
0.884391
0.809059
0.481413
0.766264
0.784426
0.823558
0.932348
0.642677
0.772419
0.696503
0.700245
0.861545
0.723179
0.676832
0.637602
0.609236
0.364520
0.464931
0.606796
0.852928
0.756196
0.659420
0.648046
0.568215
0.660079
0.549293
0.496079
0.648711
0.457942
0.557779
0.652297
0.924224
0.615315
0.577007
0.486254
0.717295
0.436213
0.627474
0.772196
0.500407
0.535287
0.602854
0.876186
0.741214
0.646426
0.426315
0.746647
0.477574
0.701061
0.488651
0.408041
0.573610
0.940952
0.629426
0.625791
0.581960
0.695869
0.585584
0.536634
0.542656
0.644650
0.801444
0.420620
0.666460
0.526415
0.512955
0.668325
0.404531
0.456362
0.842104
0.605678
0.441167
0.465448
0.482422
0.592743
0.503710
0.798492
0.649615
0.627968
0.447244
0.561279
0.535421
0.877990
0.767340
0.520395
0.578357
0.610427
0.649534
0.917034
0.800645
0.898841
0.818300
0.884233
0.608263
0.564026
0.615077
0.613600
0.575125
0.487734
0.649255
0.599001
0.496180
0.677469
