0.532820
0.325142
0.658003
0.486952
0.290832
0.625579
0.362314
0.425330
0.497143
0.481897
0.374835
0.733832
0.363864
0.645439
0.293517
0.450373
0.470331
0.423337
0.590696
0.620980
0.437430
0.350170
0.534820
0.497971
0.522937
0.633949
0.412698
0.423147
0.401615
0.361957
0.403001
0.349890
0.377968
0.513291
0.429476
0.602779
0.693494
0.357396
0.594303
0.441283
0.403301
0.501366
0.412400
0.457674
0.717348
0.500427
0.448497
0.658450
0.624670
0.583659
0.676362
0.648403
0.577140
0.629659
0.587608
0.689041
0.598863
0.649399
0.604876
0.795845
0.541391
0.674694
0.552872
0.517862
0.586528
0.505764
0.696387
0.693700
0.509851
0.583734
0.733699
0.558407
0.663605
0.663350
0.547371
0.531978
0.522319
0.604313
0.522075
0.530900
0.466843
0.655370
0.613053
0.818289
0.716303
0.560562
0.654103
0.387440
0.523171
0.531493
0.565788
0.589554
0.799433
0.567451
0.618099
0.764735
0.730229
0.742086
0.496108
0.340498
0.567698
0.358061
0.469968
0.631811
0.533592
0.383735
0.651970
0.284124
0.627583
0.221675
0.450580
0.559996
0.410415
0.513266
0.568481
0.432181
0.304254
0.492203
0.553235
0.652140
0.690552
0.399981
0.396482
0.428500
0.284178
0.368163
0.243129
0.473807
0.512221
0.506458
0.622878
0.588693
0.407797
0.638634
0.458079
0.503584
0.442092
0.451304
0.272972
0.612481
0.480876
0.512675
0.541232
0.647605
0.840994
0.734772
0.742887
0.753047
0.710532
0.763911
0.772467
0.784146
0.682990
0.805205
0.788321
0.712856
0.667102
0.650586
0.532386
0.898410
0.833505
0.585541
0.756601
0.823828
0.761907
0.692192
0.938327
0.724831
0.758195
0.729210
0.819517
0.705822
0.713776
0.780475
0.825248
0.744183
0.968529
0.766444
0.709040
0.788476
0.639734
0.643062
0.720827
0.724882
0.756901
0.874920
0.517258
0.863981
0.817682
0.930256
0.607923
0.789643
0.484154
0.610465
0.667986
0.549989
0.520102
0.817213
0.356450
0.605246
0.514057
0.666797
0.590306
0.567865
0.519895
0.780437
0.632416
0.481289
0.572883
0.550312
0.607732
0.790583
0.534487
0.632420
0.518207
0.462949
0.545216
0.536377
0.592811
0.561722
0.511320
0.574709
0.708911
0.639542
0.654306
0.652204
0.479080
0.611754
0.710202
0.565765
0.791755
0.694229
0.711739
0.707113
0.560739
0.560924
0.442184
0.435536
0.608129
0.584000
0.534628
0.789602
0.354975
0.608697
0.373960
0.520056
0.589758
0.483859
0.662867
0.674197
0.384730
0.427162
0.649647
0.561920
0.673932
0.600609
0.407084
0.411171
0.461597
0.422385
0.425462
0.436823
0.485319
0.586021
0.558909
0.681263
0.604641
0.392742
0.608516
0.470036
0.568412
0.355252
0.460141
0.406168
0.724899
0.508461
0.511380
0.655465
0.712175
0.627035
0.730159
0.747112
0.771850
0.658351
0.648397
0.531535
0.686177
0.550086
0.534703
0.577981
0.529203
0.651633
0.743726
0.438464
0.603933
0.687759
0.741855
0.768023
0.673068
0.622553
0.536671
0.602775
0.571885
0.545437
0.622215
0.671663
0.709812
0.673511
0.871113
0.702085
0.584344
0.742684
0.594518
0.653921
0.564979
0.587295
0.568816
0.582311
0.534033
0.734246
0.743508
0.798893
0.578504
0.573744
0.582119
0.356964
0.702255
0.299904
0.493225
0.315254
0.421362
0.495747
0.532127
0.609490
0.659329
0.504811
0.442142
0.511353
0.399449
0.501904
0.686801
0.396678
0.494474
0.344310
0.382717
0.421987
0.317980
0.494041
0.481080
0.419681
0.520894
0.644473
0.487735
0.506112
0.527004
0.513709
0.498875
0.428998
0.441614
0.684242
0.434679
0.525445
0.582482
0.680552
0.697684
0.601340
0.591132
0.850352
0.510043
0.587659
0.492430
0.597026
0.651505
0.483383
0.744891
0.717959
0.602581
0.517118
0.675224
0.671149
0.723288
0.746745
0.557314
0.520901
0.553261
0.477488
0.537802
0.526800
0.608316
0.681116
0.617836
0.791950
0.600272
0.445390
0.709951
0.566456
0.573691
0.507264
0.553242
0.521957
0.798754
0.617304
0.632912
0.664495
0.691078
0.587449
0.616618
0.945722
0.531980
0.628424
0.646569
0.652197
0.727718
0.648653
0.786502
0.787932
0.530906
0.668819
0.725944
0.627047
0.763037
0.649477
0.712811
0.566140
0.324336
0.665549
0.658709
0.677600
0.552723
0.699543
0.512164
0.717166
0.641933
0.619383
0.631140
0.572594
0.662368
0.624753
0.663781
0.706652
0.847265
0.712578
0.708605
0.746501
0.751223
0.613859
0.799921
0.470797
0.713408
0.564029
0.630564
0.580821
0.562081
0.576338
0.798971
0.519539
0.571946
0.577757
0.548469
0.731308
0.731043
0.623583
0.618918
0.556276
0.561416
0.628168
0.589354
0.604769
0.585001
0.692078
0.687864
0.539892
0.585825
0.677195
0.455169
0.501477
0.561671
0.715790
0.547837
0.816118
0.675851
0.751483
0.688223
0.657597
0.817658
0.375326
0.619541
0.376249
0.504249
0.547824
0.564111
0.631372
0.663931
0.600157
0.463831
0.610007
0.581513
0.652336
0.658732
0.465919
0.575741
0.442736
0.405465
0.463521
0.371099
0.575752
0.522463
0.514392
0.601177
0.703542
0.519174
0.684375
0.547039
0.546450
0.513016
0.563556
0.489515
0.764262
0.591944
0.527954
0.550487
0.556463
0.715769
0.955113
0.697382
0.646500
0.612373
0.695284
0.773175
0.826297
0.638771
0.721720
0.785769
0.727971
0.648261
0.975110
0.748891
0.702885
0.801343
0.773605
0.722332
0.707065
0.771710
0.736370
0.839961
0.795662
0.781229
0.748570
0.838180
0.757047
0.785882
0.797289
0.741406
0.746101
0.682400
0.541092
0.890494
0.834709
0.950746
0.545733
0.328527
0.444266
0.488292
0.421774
0.448209
0.673642
0.394274
0.378281
0.467559
0.430925
0.606221
0.596167
0.375773
0.424832
0.321360
0.293835
0.385773
0.385814
0.448569
0.445486
0.492660
0.562734
0.513288
0.473390
0.550606
0.452714
0.472677
0.327908
0.527384
0.333774
0.615190
0.516017
0.557014
0.538452
0.573591
0.649163
0.652383
0.711675
0.504924
0.778640
0.794316
0.630390
0.655393
0.778180
0.688052
0.742141
0.696671
0.612420
0.570292
0.468487
0.575708
0.503735
0.690026
0.664458
0.705264
0.578957
0.712557
0.624566
0.582334
0.596339
0.610956
0.623859
0.584936
0.615847
0.613592
0.722230
0.728258
0.682497
0.703417
0.667746
0.437240
0.478746
0.408567
0.520558
0.537585
0.465575
0.229870
0.416411
0.515144
0.617911
0.638456
0.361318
0.465505
0.436951
0.266151
0.338977
0.192277
0.474149
0.486235
0.400798
0.653680
0.683126
0.369662
0.609423
0.497727
0.477428
0.442352
0.388933
0.362757
0.659898
0.489906
0.477051
0.588244
0.633950
0.370945
0.476440
0.699858
0.626767
0.518661
0.501652
0.662194
0.555091
0.514367
0.593317
0.407405
0.438156
0.439628
0.421390
0.370776
0.425364
0.555689
0.551657
0.460926
0.711928
0.535926
0.415003
0.611815
0.460006
0.533597
0.429467
0.385820
0.514001
0.620754
0.363527
0.552583
0.617733
0.641482
0.475488
0.634576
0.640744
0.508041
0.535784
0.577302
0.486555
0.505273
0.767752
0.466218
0.658295
0.545934
0.529956
0.505679
0.458896
0.533791
0.549745
0.546826
0.680471
0.673924
0.532514
0.695129
0.477638
0.454356
0.503670
0.613023
0.626904
0.773928
0.400018
0.673341
0.614878
0.722750
0.638233
0.685391
0.387376
0.432267
0.572671
0.582914
0.640079
0.655952
0.454715
0.467596
0.482952
0.440692
0.316502
0.458444
0.515875
0.526376
0.581464
0.796193
0.545493
0.386589
0.621609
0.337888
0.393469
0.446267
0.437020
0.453294
0.609591
0.443441
0.622372
0.564108
0.661547
0.824018
0.588127
0.500161
0.625244
0.570362
0.717309
0.848219
0.618125
0.639888
0.634335
0.559690
0.679202
0.580056
0.577825
0.627620
0.657920
0.712221
0.761716
0.677380
0.737313
0.674297
0.539112
0.642086
0.746322
0.585881
0.778945
0.690188
0.705183
0.805306
0.657170
0.750996
0.588242
0.695304
0.747488
0.749154
0.770179
0.636999
0.676464
0.662142
0.637492
0.586091
0.600744
0.679656
0.786456
0.647098
0.826575
0.806088
0.617483
0.861539
0.661329
0.750097
0.648945
0.627350
0.648340
0.909289
0.708259
0.695179
0.694927
0.712228
0.454436
0.594787
0.503126
0.678087
0.740635
0.534351
0.451692
0.503626
0.476947
0.448445
0.510185
0.462401
0.541173
0.595797
0.734797
0.533281
0.477561
0.580912
0.357808
0.519566
0.384121
0.555315
0.400475
0.664590
0.383073
0.661355
0.692686
0.775487
0.428433
0.591541
0.646827
0.650954
0.385431
0.429803
0.466621
0.293933
0.416037
0.291006
0.510847
0.493449
0.490724
0.675821
0.618452
0.366437
0.682135
0.487965
0.490086
0.452017
0.453130
0.432871
0.658109
0.559112
0.547507
0.618608
0.576237
0.612464
0.739862
0.830563
0.576630
0.632197
0.600109
0.474127
0.595681
0.443499
0.598017
0.635081
0.596483
0.621429
0.737199
0.555430
0.834622
0.623378
0.555888
0.653631
0.659860
0.580746
0.725463
0.640496
0.649705
0.686570
0.712164
0.569035
0.729455
0.552215
0.587508
0.478046
0.558667
0.566967
0.528822
0.493462
0.502547
0.511764
0.591175
0.651108
0.584411
0.561872
0.517300
0.538146
0.555525
0.616444
0.580946
0.796281
0.556157
0.714413
0.652890
0.753397
0.900598
0.560586
0.618453
0.603437
0.678731
0.614472
0.539819
0.536775
0.668061
0.613177
0.682369
0.743857
0.594779
0.626130
0.650010
0.420098
0.660244
0.650998
0.676660
0.744895
0.456654
0.654428
0.754569
0.872531
0.648373
0.556650
0.652336
0.600719
0.627583
0.687786
0.752061
0.797675
0.681557
0.857148
0.639483
0.611511
0.717191
0.641550
0.750617
0.649495
0.506822
0.731641
0.867132
0.771250
0.713161
0.739504
0.598776
0.510534
0.454716
0.321418
0.448857
0.374554
0.483297
0.525700
0.515721
0.727201
0.696480
0.449642
0.683486
0.489528
0.455863
0.378449
0.504224
0.452368
0.631127
0.532304
0.560983
0.548140
0.587975
0.466581
0.453297
0.419297
0.520200
0.521121
0.569889
0.527694
0.709496
0.508515
0.391083
0.607128
0.485790
0.521887
0.453890
0.395938
0.430229
0.635076
0.515421
0.627701
0.675079
0.613993
0.424806
0.417872
0.451435
0.518258
0.467477
0.325615
0.650509
0.588644
0.421521
0.558923
0.459317
0.527052
0.426222
0.473663
0.503136
0.643618
0.519109
0.595285
0.548099
0.631582
0.408253
0.361979
0.502908
0.479634
0.419011
0.651564
0.600490
0.382626
0.573001
0.522415
0.572274
0.409745
0.464098
0.350570
0.577648
0.611113
0.529471
0.585182
0.557871
0.395441
0.618517
0.524218
0.499565
0.718607
0.540411
0.335302
0.620640
0.356439
0.476995
0.399424
0.368106
0.389186
0.637323
0.395325
0.564821
0.517033
0.606401
0.506295
0.494104
0.444349
0.629962
0.702055
0.389252
0.635293
0.493124
0.496062
0.464207
0.418689
0.394413
0.709137
0.409816
0.523299
0.514280
0.665074
0.600846
0.526330
0.637401
0.752499
0.558943
0.660258
0.521935
0.465956
0.561673
0.614008
0.546865
0.730695
0.586757
0.510785
0.748517
0.803314
0.593778
0.698791
0.709685
0.578546
0.639789
0.630881
0.585956
0.561276
0.627237
0.549458
0.581234
0.600073
0.688835
0.692239
0.709528
0.679798
0.745734
0.474490
0.613643
0.598745
0.574096
0.572936
0.476426
0.596899
0.782055
0.577303
0.601621
0.675368
0.671017
0.769857
0.785067
0.719516
0.767571
0.773282
0.753043
0.801164
0.667745
0.906551
0.747312
0.578759
0.728148
0.736125
0.569865
0.677340
0.532689
0.693798
0.417420
0.643300
0.590040
0.704832
0.573586
0.844415
0.672744
0.730721
0.681671
0.409762
0.479410
0.457757
0.365734
0.437547
0.667469
0.461127
0.559420
0.562915
0.625938
0.663576
0.670617
0.600523
0.638650
0.623928
0.800557
0.668120
0.743720
0.697474
0.802019
0.458961
0.393407
0.484173
0.476430
0.737867
0.445774
0.628085
0.570503
0.675517
0.548341
0.543149
0.553405
0.738030
0.494707
0.662768
0.725082
0.616421
0.544243
0.395944
0.690830
0.413448
0.656548
0.562969
0.656581
0.557477
0.703158
0.446388
0.589081
0.660268
0.587052
0.664635
0.502317
0.568270
0.622327
0.668092
0.701051
0.815628
0.806484
0.827472
0.680615
0.651900
0.823987
0.742606
0.781941
0.709284
