0.080402
0.127314
0.168809
0.094382
0.071705
0.191519
0.098826
0.156833
0.120042
0.083995
0.098284
0.220755
0.048949
0.213193
0.171360
0.090875
0.285969
0.139550
0.034140
0.059375
0.119644
0.102075
0.289384
0.191209
0.083527
0.077637
0.088502
0.068202
0.236792
0.229839
0.086624
0.088261
0.131849
0.072042
0.067007
0.152826
0.088981
0.345715
0.113032
0.152507
0.109145
0.038975
0.103902
0.162989
0.161497
0.060165
0.116779
0.071877
0.096209
0.149118
0.163178
0.076009
0.038917
0.184571
0.089594
0.083203
0.050935
0.025775
0.049452
0.077704
0.035468
0.203097
0.164016
0.056258
0.212635
0.072114
0.075358
0.035354
0.141766
0.018380
0.207485
0.170355
0.083633
0.165546
0.046971
0.054328
0.190396
0.168505
0.038810
0.052792
0.075543
0.027836
0.046893
0.096694
0.084836
0.324768
0.021238
0.077467
0.036277
0.095148
0.023969
0.139490
0.151340
0.116929
0.111395
0.041199
0.089542
0.012631
0.030053
0.078394
0.031148
0.030975
0.098581
0.251626
0.090112
0.144408
0.149670
0.089622
0.027247
0.013088
0.164899
0.500941
0.079932
0.059883
0.075360
0.043280
0.118475
0.141414
0.026535
0.166119
0.065553
0.054215
0.089272
0.068087
0.437434
0.074619
0.054754
0.042094
0.072521
0.058383
0.047819
0.031848
0.152846
0.123485
0.117900
0.147521
0.053213
0.154521
0.041943
0.010535
0.024553
0.009484
0.061360
0.024394
0.032413
0.096260
0.026615
0.044325
0.091717
0.279889
0.093393
0.157750
0.127402
0.108551
0.014363
0.005176
0.182490
0.516948
0.068794
0.088259
0.100168
0.047296
0.123850
0.100591
0.009927
0.188699
0.099432
0.052108
0.105363
0.036906
0.475655
0.076295
0.057866
0.036348
0.092394
0.068119
0.033272
0.037013
0.135314
0.126012
0.106315
0.159842
0.087862
0.179554
0.026082
0.010691
0.046771
0.012443
0.071584
0.029428
0.032687
0.056085
0.024233
0.067015
0.171158
0.036580
0.089149
0.092139
0.034040
0.061625
0.035304
0.098836
0.395794
0.052018
0.035082
0.035440
0.046008
0.052851
0.129954
0.044531
0.118855
0.069150
0.023480
0.051961
0.066828
0.341950
0.026585
0.017329
0.017027
0.032500
0.030450
0.027856
0.012830
0.192352
0.051896
0.063208
0.091926
0.040633
0.091427
0.030287
0.033737
0.029220
0.017347
0.026121
0.009447
0.097648
0.035265
0.103096
0.083750
0.025925
0.031669
0.103001
0.017507
0.125522
0.093705
0.040641
0.314821
0.076783
0.038166
0.020851
0.073863
0.032692
0.170552
0.106842
0.061831
0.086852
0.035789
0.023185
0.140345
0.229590
0.027899
0.025516
0.046501
0.014128
0.026679
0.065698
0.044519
0.232542
0.031298
0.079965
0.073070
0.044999
0.049451
0.072852
0.081499
0.054245
0.056518
0.014777
0.042909
0.035626
0.125447
0.278315
0.110743
0.158788
0.143025
0.124498
0.019699
0.032485
0.197119
0.517675
0.115987
0.110927
0.115997
0.046333
0.136513
0.085116
0.017651
0.165063
0.092678
0.075802
0.106148
0.060394
0.470491
0.110611
0.075257
0.062191
0.108680
0.083693
0.069953
0.049734
0.065230
0.151862
0.108969
0.203261
0.094911
0.193238
0.039698
0.018361
0.066385
0.030344
0.077813
0.046000
0.078071
0.170443
0.046716
0.092645
0.118725
0.049716
0.058405
0.047173
0.117445
0.411750
0.073174
0.041158
0.042326
0.035521
0.068056
0.126230
0.042445
0.104982
0.052731
0.036055
0.057066
0.082869
0.342410
0.055946
0.027555
0.031247
0.040938
0.028935
0.056754
0.023014
0.137254
0.075628
0.066622
0.114330
0.035688
0.097871
0.046217
0.026011
0.030034
0.018386
0.030425
0.018791
0.206870
0.058749
0.163660
0.077884
0.102305
0.120519
0.097924
0.182836
0.377927
0.049647
0.102663
0.073040
0.094238
0.080618
0.150080
0.089757
0.192214
0.155389
0.048698
0.136552
0.085823
0.368960
0.074089
0.054345
0.046299
0.082444
0.070390
0.077713
0.071949
0.234233
0.072687
0.043363
0.063780
0.124008
0.101412
0.094719
0.091651
0.108566
0.075218
0.089650
0.066025
0.092536
0.053824
0.175376
0.083983
0.312820
0.278862
0.042958
0.158545
0.162874
0.144456
0.093858
0.217424
0.071437
0.304754
0.292998
0.076096
0.226957
0.135631
0.084480
0.326327
0.053031
0.111935
0.142011
0.174601
0.083482
0.113633
0.200324
0.178913
0.403743
0.087136
0.174290
0.105550
0.161865
0.059166
0.249028
0.256450
0.199159
0.210222
0.096185
0.189248
0.047812
0.062407
0.029189
0.123597
0.095224
0.067903
0.298932
0.044280
0.051902
0.030193
0.077833
0.019532
0.132236
0.102264
0.073922
0.116821
0.018598
0.038918
0.114340
0.245807
0.018090
0.022611
0.036063
0.023261
0.018906
0.054080
0.048946
0.228625
0.020522
0.043307
0.050403
0.073014
0.048424
0.071860
0.090540
0.073674
0.058985
0.019896
0.045713
0.114129
0.053389
0.184561
0.152573
0.019220
0.263753
0.093257
0.093357
0.068457
0.136968
0.041694
0.183603
0.168802
0.056373
0.167036
0.061833
0.026104
0.198082
0.184632
0.047118
0.078992
0.095641
0.042405
0.055614
0.099905
0.102765
0.286296
0.051954
0.133692
0.096729
0.109833
0.076927
0.127197
0.147296
0.110320
0.111945
0.032365
0.104537
0.120182
0.139075
0.131405
0.150715
0.359914
0.076642
0.171133
0.115215
0.176127
0.047357
0.093633
0.119866
0.165074
0.255400
0.060039
0.118639
0.121920
0.340697
0.063390
0.091407
0.071633
0.085730
0.104091
0.061274
0.103446
0.231761
0.054659
0.077656
0.091393
0.189845
0.111394
0.105887
0.127934
0.178502
0.117033
0.081217
0.102780
0.147060
0.112365
0.047064
0.279995
0.087196
0.026953
0.021512
0.082909
0.034525
0.197658
0.121848
0.059112
0.077675
0.042153
0.027105
0.159096
0.211542
0.030324
0.030144
0.056298
0.019014
0.031097
0.077741
0.036897
0.270271
0.037924
0.075468
0.075150
0.032092
0.052128
0.092773
0.100588
0.054949
0.065780
0.020905
0.040375
0.017706
0.217882
0.562863
0.099256
0.132478
0.137456
0.063476
0.150498
0.075249
0.013772
0.208055
0.122332
0.081781
0.127733
0.050367
0.512279
0.107926
0.092302
0.065858
0.121956
0.093660
0.047197
0.062397
0.085255
0.166538
0.125520
0.203108
0.121767
0.221172
0.039108
0.013471
0.078670
0.034094
0.092523
0.049759
0.178354
0.533259
0.067915
0.089757
0.097510
0.053230
0.126313
0.113639
0.017060
0.199761
0.106834
0.055134
0.105302
0.043127
0.477181
0.076424
0.059910
0.034445
0.086113
0.069276
0.032973
0.048903
0.151456
0.123437
0.119233
0.157154
0.094243
0.173697
0.029677
0.011418
0.047113
0.014508
0.075317
0.034456
0.253001
0.113577
0.094654
0.072282
0.153093
0.053760
0.241882
0.202979
0.071798
0.167710
0.088025
0.038305
0.235579
0.143636
0.055124
0.094454
0.115904
0.050814
0.074698
0.118161
0.116296
0.346906
0.060620
0.156455
0.100132
0.108833
0.081999
0.152571
0.172176
0.117785
0.135840
0.049394
0.118072
0.365294
0.347569
0.298034
0.432721
0.263050
0.506175
0.512319
0.252580
0.426503
0.335726
0.269154
0.528432
0.126652
0.341706
0.341891
0.411634
0.316206
0.305407
0.452276
0.370605
0.616563
0.305681
0.336783
0.284949
0.365253
0.249274
0.480583
0.511451
0.428391
0.441585
0.302365
0.412404
0.092442
0.071442
0.089962
0.063851
0.132770
0.084631
0.168273
0.168633
0.030375
0.091239
0.070815
0.335713
0.036539
0.051732
0.034456
0.060568
0.043620
0.039633
0.071365
0.247378
0.057698
0.086359
0.069376
0.122719
0.099384
0.079283
0.076347
0.086514
0.054259
0.053855
0.066601
0.023953
0.060431
0.079843
0.223382
0.108432
0.095733
0.037289
0.048551
0.052867
0.143814
0.287479
0.055138
0.032740
0.058272
0.040225
0.034998
0.094239
0.037796
0.265300
0.076191
0.100092
0.097394
0.014278
0.078995
0.090397
0.084855
0.022407
0.047973
0.043456
0.039424
0.073076
0.044254
0.203302
0.115260
0.087630
0.076380
0.037686
0.044951
0.146954
0.226963
0.039187
0.022094
0.042921
0.016315
0.029688
0.078776
0.043842
0.265908
0.038925
0.076954
0.058316
0.037620
0.028577
0.095025
0.087235
0.052602
0.055738
0.032569
0.044628
0.120551
0.141779
0.054294
0.142059
0.044579
0.065016
0.081672
0.079645
0.385580
0.089255
0.048030
0.059805
0.088009
0.047045
0.086780
0.049572
0.140834
0.129780
0.083696
0.149804
0.060245
0.152378
0.051133
0.044471
0.038835
0.036183
0.066552
0.042172
0.147207
0.126775
0.078534
0.154902
0.033769
0.041225
0.150017
0.207003
0.023822
0.048725
0.054010
0.022544
0.043639
0.063161
0.063189
0.258166
0.019232
0.065427
0.052710
0.093728
0.047546
0.097359
0.114077
0.103472
0.086664
0.025344
0.065007
0.076009
0.196600
0.235903
0.107371
0.161238
0.092232
0.502210
0.136427
0.141362
0.120485
0.174414
0.140081
0.089891
0.124678
0.081306
0.175848
0.113092
0.233638
0.225270
0.253307
0.089992
0.106386
0.187598
0.121820
0.124784
0.120531
0.191809
0.110025
0.057379
0.115099
0.035312
0.492130
0.094809
0.065602
0.043220
0.104639
0.076259
0.045325
0.040879
0.099657
0.136319
0.094305
0.177441
0.101440
0.192062
0.028853
0.012597
0.064126
0.020239
0.078805
0.034296
0.129492
0.094328
0.047539
0.249693
0.178970
0.094829
0.101009
0.142881
0.081018
0.081104
0.156453
0.102275
0.249245
0.102540
0.129198
0.149257
0.090775
0.106356
0.162235
0.176101
0.127792
0.140338
0.057088
0.116217
0.107313
0.095140
0.165331
0.365224
0.128398
0.076374
0.110775
0.105499
0.076166
0.147076
0.058310
0.204736
0.166435
0.130389
0.187957
0.024337
0.166471
0.102218
0.086712
0.034174
0.069865
0.089252
0.057986
0.046503
0.077852
0.305230
0.020027
0.022180
0.019001
0.028957
0.022622
0.032993
0.028324
0.200973
0.037069
0.056106
0.065218
0.066569
0.071436
0.050537
0.056144
0.051200
0.030228
0.019909
0.030245
0.159835
0.219146
0.039762
0.045923
0.075208
0.031325
0.026606
0.077603
0.053931
0.230190
0.062585
0.102265
0.099612
0.055509
0.082311
0.083664
0.096689
0.062363
0.068784
0.013840
0.055641
0.534553
0.106650
0.083524
0.057721
0.141900
0.100840
0.062088
0.079574
0.145131
0.143154
0.103816
0.183838
0.157258
0.218988
0.043133
0.053504
0.105720
0.053440
0.112801
0.070878
0.269837
0.302201
0.350914
0.226707
0.269463
0.384436
0.342613
0.590930
0.229278
0.327570
0.231975
0.300290
0.161103
0.443047
0.446913
0.366267
0.392775
0.249444
0.361780
0.030425
0.034413
0.021226
0.032339
0.028566
0.043385
0.251097
0.023559
0.074070
0.059548
0.073245
0.067236
0.063276
0.079393
0.065393
0.054116
0.018137
0.039425
0.021581
0.030125
0.018201
0.050824
0.025134
0.207159
0.038133
0.044394
0.071897
0.046342
0.062446
0.048305
0.055902
0.044789
0.031245
0.026329
0.022157
0.036047
0.038039
0.028257
0.032957
0.196373
0.043300
0.062593
0.084524
0.077457
0.078112
0.042603
0.036482
0.054730
0.019475
0.040103
0.027081
0.028290
0.053573
0.045388
0.254042
0.025462
0.079985
0.052262
0.051654
0.032499
0.085859
0.077602
0.057526
0.052203
0.018822
0.040050
0.054494
0.037478
0.202560
0.051049
0.060958
0.071879
0.046481
0.069414
0.059163
0.059883
0.040937
0.034691
0.015468
0.032227
0.046609
0.189522
0.063252
0.091933
0.103729
0.102687
0.125007
0.033278
0.038046
0.072491
0.035561
0.043941
0.035051
0.170106
0.072066
0.060375
0.109034
0.031009
0.105131
0.045068
0.037177
0.031647
0.021096
0.027592
0.008436
0.298187
0.180270
0.352118
0.235320
0.344623
0.137528
0.116840
0.210996
0.152813
0.195289
0.163912
0.067910
0.041027
0.101141
0.037288
0.097386
0.121282
0.106480
0.087307
0.039387
0.069087
0.087023
0.110646
0.103209
0.085776
0.103975
0.115162
0.085083
0.069566
0.056498
0.123570
0.053962
0.146188
0.155740
0.123204
0.121283
0.079383
0.103188
0.103248
0.091065
0.075176
0.020404
0.050085
0.047031
0.034951
0.170454
0.159503
0.129642
0.119425
0.067778
0.108979
0.034023
0.058475
0.031853
0.060147
0.032018
0.043727
0.011745
0.062557
0.026266
0.024905
0.049255
0.026747
0.040688
0.016190
0.031069
