0.246687
0.095764
0.074081
0.031527
0.062968
0.015606
0.070420
0.049103
0.238357
0.059692
0.112319
0.057073
0.077333
0.051300
0.101247
0.051236
0.021306
0.056013
0.187886
0.231279
0.371943
0.163600
0.194365
0.048828
0.097163
0.043827
0.424096
0.038542
0.065725
0.262831
0.026474
0.056520
0.040519
0.030478
0.026081
0.173997
0.078539
0.072201
0.038957
0.082891
0.031719
0.068489
0.129611
0.066762
0.063055
0.207136
0.083431
0.055401
0.048168
0.102283
0.105039
0.289816
0.155551
0.225738
0.124441
0.156448
0.062527
0.155461
0.096006
0.166086
0.167746
0.214995
0.297034
0.210483
0.237289
0.204197
0.372239
0.291176
0.593845
0.081439
0.392055
0.317940
0.343784
0.139707
0.632849
0.169990
0.366322
0.589747
0.236060
0.292139
0.220503
0.260476
0.297776
0.437819
0.181670
0.221032
0.179310
0.122193
0.189212
0.117507
0.113780
0.180606
0.319528
0.452982
0.255966
0.159372
0.120308
0.021144
0.131728
0.052343
0.091733
0.045295
0.048395
0.140980
0.061328
0.053184
0.041905
0.033757
0.066004
0.156486
0.069241
0.074630
0.091643
0.220774
0.185892
0.438661
0.046553
0.224746
0.112520
0.221023
0.055177
0.520602
0.039322
0.153460
0.424234
0.079505
0.102898
0.069509
0.131439
0.119109
0.257278
0.076402
0.054284
0.038856
0.026580
0.049720
0.035208
0.035393
0.057200
0.125396
0.303471
0.145315
0.032864
0.040978
0.113748
0.042112
0.071840
0.027839
0.019154
0.112883
0.041957
0.044194
0.028368
0.020043
0.067804
0.170480
0.042800
0.061282
0.081556
0.209818
0.170408
0.509795
0.036984
0.279772
0.113930
0.206430
0.031948
0.569380
0.034044
0.143290
0.449340
0.055945
0.103171
0.058189
0.104223
0.110950
0.292261
0.060859
0.051984
0.028290
0.009411
0.043222
0.012768
0.020608
0.048585
0.128709
0.326231
0.129258
0.019801
0.017558
0.059420
0.030169
0.071389
0.065411
0.286485
0.072729
0.137503
0.073151
0.112324
0.038797
0.066019
0.064844
0.022756
0.051111
0.159140
0.226432
0.321860
0.191209
0.149487
0.049312
0.109275
0.056988
0.398190
0.057164
0.038397
0.214746
0.062107
0.038544
0.067492
0.021082
0.016574
0.152610
0.066311
0.102345
0.058277
0.120809
0.045372
0.124931
0.182006
0.067354
0.056867
0.170034
0.056098
0.079613
0.062421
0.051861
0.018938
0.028626
0.149986
0.034446
0.051556
0.029654
0.053929
0.021392
0.077330
0.046664
0.039965
0.040741
0.160069
0.177124
0.395334
0.080051
0.180919
0.079304
0.167926
0.021398
0.476446
0.027509
0.106317
0.328251
0.060938
0.057949
0.053701
0.057901
0.060478
0.192919
0.024945
0.062920
0.035934
0.046011
0.041446
0.063470
0.085458
0.039379
0.090103
0.240966
0.068867
0.037020
0.025686
0.058310
0.045976
0.233089
0.063863
0.091442
0.050652
0.073606
0.034680
0.078519
0.058243
0.018929
0.063184
0.188154
0.210832
0.353534
0.141963
0.177311
0.046523
0.104532
0.043968
0.389447
0.031939
0.073828
0.249446
0.033122
0.053341
0.038015
0.029349
0.036139
0.166022
0.068604
0.063126
0.036768
0.085013
0.019155
0.067890
0.119579
0.046197
0.061230
0.178310
0.070355
0.045747
0.041499
0.016842
0.124553
0.034440
0.045316
0.025080
0.042241
0.038794
0.118971
0.045835
0.042857
0.052128
0.177779
0.166233
0.444195
0.060174
0.217499
0.107674
0.201757
0.018896
0.537635
0.028057
0.119009
0.388818
0.068920
0.070665
0.063206
0.072640
0.080435
0.257383
0.033624
0.069246
0.026246
0.033418
0.041224
0.043951
0.066164
0.029890
0.100596
0.271536
0.088175
0.023842
0.014927
0.154814
0.040378
0.050312
0.022211
0.028294
0.042774
0.134830
0.029065
0.032970
0.066556
0.185053
0.178699
0.476830
0.063765
0.239497
0.082933
0.183986
0.024414
0.551623
0.029482
0.097366
0.386545
0.037189
0.065637
0.043227
0.058897
0.069731
0.259747
0.039917
0.048045
0.021484
0.026521
0.027169
0.030453
0.055651
0.040228
0.089317
0.263423
0.101855
0.020494
0.013644
0.148353
0.121132
0.175220
0.180375
0.229301
0.320034
0.201989
0.242726
0.190583
0.342379
0.267494
0.651633
0.110242
0.451739
0.336082
0.352511
0.128163
0.698935
0.185120
0.364941
0.634976
0.252566
0.295998
0.250672
0.255194
0.288995
0.469397
0.178562
0.253919
0.183897
0.126016
0.219246
0.133682
0.129896
0.197475
0.338830
0.514063
0.259388
0.172937
0.130491
0.102131
0.032302
0.053924
0.039892
0.101795
0.024109
0.049926
0.014473
0.107977
0.129792
0.421563
0.093960
0.232789
0.081110
0.172113
0.015263
0.492545
0.026442
0.092191
0.375163
0.065773
0.061322
0.052464
0.087289
0.073840
0.195765
0.026818
0.077343
0.046475
0.030595
0.064329
0.052373
0.085969
0.043634
0.105678
0.335769
0.053393
0.035748
0.029705
0.064623
0.070828
0.089276
0.170824
0.110276
0.093278
0.135322
0.292614
0.249844
0.477146
0.062460
0.239639
0.152514
0.230212
0.070204
0.536414
0.069331
0.209707
0.412396
0.095788
0.143013
0.093186
0.110688
0.137435
0.307394
0.092587
0.082553
0.064167
0.066152
0.058803
0.060783
0.066758
0.073004
0.145721
0.238279
0.162292
0.063832
0.046843
0.014733
0.033844
0.118010
0.027540
0.030064
0.054119
0.142367
0.142477
0.420458
0.065188
0.210540
0.060200
0.209221
0.033418
0.519493
0.009126
0.094530
0.385826
0.043262
0.043775
0.028247
0.087773
0.067703
0.216023
0.032418
0.028756
0.020494
0.021872
0.034891
0.031120
0.052574
0.014244
0.061856
0.276898
0.082057
0.012074
0.027364
0.060990
0.173560
0.036969
0.050546
0.091524
0.183157
0.159261
0.484694
0.057826
0.261124
0.082113
0.240524
0.054015
0.577121
0.026076
0.119300
0.452377
0.052349
0.070994
0.042587
0.121315
0.104928
0.273043
0.064708
0.027197
0.024255
0.014806
0.041974
0.019339
0.024449
0.033291
0.092843
0.319431
0.133160
0.011213
0.040015
0.044363
0.044391
0.023897
0.036492
0.132941
0.163975
0.319217
0.115658
0.131831
0.038931
0.148980
0.036109
0.402862
0.021626
0.061416
0.263023
0.052745
0.027750
0.038630
0.055106
0.041901
0.132221
0.031753
0.049863
0.035935
0.064202
0.030588
0.083605
0.110486
0.030400
0.052873
0.203509
0.052799
0.035144
0.044602
0.126258
0.090961
0.072489
0.164114
0.219269
0.255641
0.220181
0.113632
0.078537
0.117781
0.099539
0.275844
0.086122
0.102352
0.144387
0.109797
0.089689
0.091628
0.087302
0.078244
0.071878
0.079135
0.124085
0.124405
0.169500
0.099694
0.187839
0.234428
0.104532
0.110126
0.183998
0.048539
0.129159
0.114395
0.033620
0.042322
0.104468
0.128016
0.454717
0.101832
0.256668
0.056006
0.179603
0.031541
0.539163
0.028787
0.058250
0.390600
0.044220
0.046106
0.039908
0.077288
0.066792
0.221775
0.029691
0.057519
0.037442
0.033197
0.050479
0.048952
0.081486
0.042138
0.073548
0.331359
0.070538
0.028318
0.034422
0.048137
0.152364
0.192564
0.350369
0.130820
0.159648
0.033625
0.139875
0.038647
0.443427
0.021739
0.045717
0.287147
0.034729
0.021450
0.034812
0.035429
0.021930
0.174039
0.051675
0.051015
0.019480
0.064709
0.017167
0.065897
0.108802
0.029961
0.033578
0.197233
0.072754
0.030447
0.038541
0.099964
0.156310
0.344705
0.146519
0.184512
0.074361
0.144353
0.024964
0.436136
0.038457
0.074657
0.307993
0.080292
0.050816
0.067242
0.073328
0.050961
0.148068
0.034761
0.106140
0.060710
0.069448
0.076545
0.094675
0.141892
0.058785
0.093343
0.299836
0.038897
0.063168
0.050908
0.074690
0.408856
0.238334
0.317152
0.123213
0.314595
0.151694
0.528944
0.136898
0.105309
0.436216
0.191312
0.103610
0.155369
0.217484
0.166997
0.209635
0.090631
0.187678
0.186392
0.169453
0.208069
0.226131
0.256722
0.140267
0.145059
0.476095
0.102890
0.162956
0.182467
0.525914
0.161708
0.404377
0.183151
0.374955
0.157821
0.618874
0.145783
0.176495
0.539832
0.212177
0.169250
0.179711
0.274650
0.245216
0.321728
0.111247
0.181246
0.184461
0.140743
0.208225
0.190089
0.185708
0.137289
0.205425
0.542071
0.161742
0.145218
0.168732
0.563079
0.098034
0.297872
0.375332
0.428684
0.163127
0.374659
0.345481
0.217354
0.420169
0.306598
0.378521
0.363243
0.288092
0.150696
0.416080
0.415907
0.406937
0.499889
0.378491
0.514801
0.570905
0.383873
0.285023
0.240825
0.348749
0.438092
0.455555
0.333165
0.182188
0.318163
0.082492
0.636931
0.081831
0.221632
0.537341
0.128741
0.162894
0.115937
0.184918
0.197474
0.362108
0.088042
0.094575
0.083926
0.046526
0.098826
0.055684
0.038702
0.083392
0.192556
0.392577
0.190580
0.062919
0.058870
0.147849
0.231736
0.227941
0.224935
0.184045
0.194695
0.160049
0.215247
0.141726
0.187347
0.175904
0.124259
0.096430
0.218814
0.203236
0.196720
0.281567
0.172873
0.295986
0.341317
0.193636
0.135527
0.100213
0.199148
0.228228
0.236125
0.155586
0.091615
0.379876
0.047425
0.039869
0.252673
0.048694
0.024289
0.034333
0.076938
0.039675
0.108412
0.071741
0.050745
0.067973
0.105277
0.049917
0.116379
0.157399
0.062077
0.029926
0.207487
0.074363
0.070238
0.092201
0.144720
0.296934
0.163172
0.157861
0.159677
0.127980
0.191755
0.154576
0.096920
0.123640
0.161071
0.191524
0.206002
0.175987
0.232975
0.141445
0.210458
0.282226
0.207793
0.201624
0.222605
0.127465
0.199475
0.155213
0.501753
0.024773
0.095615
0.353251
0.055795
0.069608
0.058184
0.056736
0.066023
0.220554
0.030210
0.081065
0.030826
0.034110
0.042788
0.043971
0.077833
0.042695
0.105162
0.289833
0.068309
0.031089
0.013130
0.457033
0.444735
0.165916
0.454621
0.444706
0.425112
0.410777
0.386300
0.175001
0.502205
0.471839
0.503267
0.585815
0.445240
0.568667
0.633955
0.479121
0.431948
0.266967
0.369263
0.522624
0.513669
0.079914
0.330781
0.034160
0.039476
0.021359
0.071474
0.053392
0.174948
0.032789
0.030749
0.018849
0.030199
0.024915
0.035374
0.066507
0.014739
0.056428
0.251927
0.064670
0.012069
0.024604
0.273395
0.078298
0.037633
0.077784
0.082604
0.051148
0.160661
0.082130
0.103962
0.084491
0.131766
0.079491
0.155328
0.200339
0.092388
0.054760
0.263020
0.082380
0.095508
0.106151
0.293293
0.297718
0.295836
0.220936
0.222814
0.136124
0.347597
0.355820
0.359013
0.467528
0.297591
0.454386
0.535428
0.364385
0.278150
0.136250
0.252232
0.397690
0.364027
0.067921
0.012015
0.056387
0.054362
0.186511
0.069265
0.029708
0.040841
0.063993
0.033941
0.051929
0.102824
0.063057
0.066994
0.225004
0.093156
0.044388
0.044690
0.049992
0.075829
0.032770
0.141348
0.053383
0.064803
0.051140
0.090210
0.051601
0.110563
0.149662
0.042664
0.024292
0.229900
0.070825
0.054847
0.078582
0.075483
0.058438
0.153581
0.052380
0.016831
0.042260
0.056385
0.037129
0.051793
0.096459
0.041081
0.052312
0.230840
0.071187
0.035646
0.048133
0.028172
0.191882
0.080629
0.115338
0.062683
0.123621
0.046093
0.112520
0.175204
0.089126
0.085152
0.153316
0.083434
0.089993
0.057393
0.134553
0.076609
0.090156
0.053163
0.114412
0.049640
0.118389
0.179686
0.072469
0.041683
0.164801
0.074032
0.080460
0.073514
0.191600
0.194744
0.233038
0.280958
0.202455
0.300431
0.359726
0.209607
0.151816
0.216294
0.124251
0.239489
0.245770
0.074045
0.058346
0.051976
0.066166
0.080370
0.107261
0.041582
0.085511
0.303648
0.045438
0.048074
0.036353
0.042205
0.050263
0.040394
0.052836
0.067798
0.042359
0.067353
0.246514
0.115138
0.030568
0.062903
0.031880
0.018858
0.032927
0.057419
0.025449
0.068123
0.239845
0.106332
0.012640
0.025611
0.055712
0.017768
0.023600
0.045344
0.121179
0.359345
0.122638
0.017894
0.029087
0.047183
0.076948
0.035832
0.061093
0.184226
0.098337
0.024665
0.028051
0.025794
0.053376
0.129522
0.329743
0.141278
0.021877
0.027573
0.071202
0.175173
0.386857
0.192789
0.037143
0.058853
0.057880
0.258594
0.071385
0.016236
0.037878
0.197020
0.097494
0.077345
0.104407
0.280379
0.287369
0.269375
0.098655
0.080763
0.024006
