0.717563
0.399943
0.484600
0.553602
0.552171
0.505887
0.618640
0.800450
0.801708
0.811184
0.634838
0.518221
0.692692
0.766193
0.728731
0.610084
0.478254
0.658686
0.560950
0.564265
0.614062
0.624223
0.460134
0.536291
0.523685
0.613982
0.480074
0.676675
0.724508
0.594297
0.836113
0.479464
0.710180
0.688659
0.840627
0.712122
0.605634
0.682601
0.587833
0.632608
0.578321
0.553585
0.768636
0.766555
0.684268
0.674824
0.956888
0.633221
0.661174
0.868468
0.490345
0.600218
0.534788
0.642983
0.656371
0.622836
0.620093
0.833661
0.764899
0.590763
0.556420
0.534531
0.649777
0.711414
0.588774
0.780477
0.653041
0.566985
0.712688
0.751596
0.652610
0.573545
0.825192
0.815887
0.648176
0.709760
0.784733
0.696063
0.827606
0.579465
0.849948
0.709373
0.690638
0.700026
0.553178
0.732882
0.458839
0.754582
0.776319
0.636930
0.777086
0.767439
0.754360
0.825558
0.898888
0.577061
0.692796
0.715753
0.700432
0.704030
0.616677
0.666602
0.871570
0.935669
0.861642
0.681200
0.740475
0.835426
0.850505
0.730102
0.629920
0.586413
0.727967
0.600696
0.652416
0.725855
0.679001
0.538872
0.699121
0.631123
0.706427
0.561769
0.704811
0.799337
0.673303
0.797194
0.605376
0.669886
0.804715
0.890642
0.736981
0.661149
0.678754
0.709424
0.619812
0.599877
0.723317
0.726057
0.772781
0.673879
0.579806
0.965811
0.765402
0.745202
0.455807
0.351298
0.464300
0.619281
0.642322
0.629250
0.769938
0.671223
0.327453
0.444112
0.641456
0.690192
0.511454
0.326182
0.616436
0.536912
0.521157
0.566862
0.496079
0.406596
0.338647
0.631518
0.508137
0.430208
0.582132
0.589266
0.399806
0.760334
0.327653
0.682815
0.687639
0.627931
0.629843
0.496318
0.576981
0.402049
0.639943
0.570558
0.417977
0.662637
0.741118
0.625279
0.665615
0.814850
0.285840
0.504165
0.463015
0.601349
0.645818
0.693810
0.765868
0.713469
0.687618
0.525832
0.713447
0.646377
0.711483
0.620206
0.423708
0.684237
0.617541
0.556922
0.650131
0.578872
0.547338
0.589192
0.703705
0.692553
0.562476
0.657398
0.629017
0.575544
0.829816
0.528501
0.679508
0.822011
0.797275
0.725113
0.550460
0.598186
0.560384
0.477275
0.699176
0.488896
0.650631
0.726037
0.716529
0.681946
0.968264
0.511957
0.652410
0.410893
0.637152
0.757737
0.695542
0.604407
0.609145
0.462692
0.535140
0.678118
0.673494
0.511237
0.424457
0.598747
0.495920
0.372229
0.535838
0.650006
0.346437
0.387324
0.605816
0.647074
0.402477
0.635676
0.502744
0.521036
0.658187
0.356561
0.773360
0.563350
0.648024
0.618094
0.558150
0.535506
0.504276
0.650820
0.558946
0.231647
0.600213
0.664769
0.498851
0.564397
0.923860
0.400059
0.551893
0.682447
0.925289
0.826426
0.798172
0.650659
0.512098
0.561068
0.801058
0.757765
0.566210
0.473620
0.665395
0.527836
0.456834
0.666882
0.698813
0.334189
0.461129
0.646450
0.681422
0.394870
0.649639
0.569899
0.604957
0.675405
0.409868
0.763610
0.637436
0.701899
0.660463
0.640554
0.623288
0.543775
0.769224
0.566784
0.414292
0.637834
0.629577
0.595872
0.536076
0.946293
0.498585
0.647229
0.588236
0.807857
0.922387
0.746799
0.581588
0.768868
0.612813
0.639465
0.686873
0.605445
0.872794
0.741674
0.692745
0.707740
0.645506
0.621474
0.673829
0.864019
0.791790
0.602421
0.664122
0.732416
0.664452
0.849165
0.628265
0.729143
0.874067
0.752219
0.837594
0.700845
0.739561
0.662802
0.555757
0.744291
0.679640
0.778674
0.819775
0.851785
0.565035
0.967876
0.688716
0.744264
0.785453
0.896021
0.863340
0.688011
0.689234
0.424569
0.840129
0.866356
0.676268
1.000580
0.822872
0.815725
0.887737
0.863281
0.801289
0.774226
1.007788
0.874008
0.839457
0.719815
0.832520
0.884025
0.946434
0.775468
0.858059
0.946468
0.726356
0.829161
0.776211
0.841818
0.774688
0.592802
0.800551
0.832726
0.793628
0.941253
0.895903
0.893040
0.945480
0.743733
0.883929
0.763219
0.764860
0.687309
0.737319
0.874142
0.751454
0.702576
0.799116
0.829769
0.734191
0.794696
0.735042
0.788249
0.760580
0.643514
0.809642
0.846414
0.824893
0.848928
0.772467
0.688244
0.918937
0.704063
0.815101
0.695666
0.836788
0.750004
0.653223
0.780684
0.564093
0.902605
0.805661
0.696070
0.866559
0.750903
0.771685
0.843149
0.808199
0.696785
0.792967
0.629483
0.785304
0.778968
0.952017
0.776132
0.641465
0.743305
0.710144
0.560581
0.749170
0.771885
0.782044
0.661465
0.675725
0.636124
0.922457
0.733992
0.856577
0.584630
0.808138
0.692608
0.692930
0.957543
0.644263
0.885848
0.611295
0.778866
0.640929
0.785616
0.893330
0.756464
0.606276
0.668344
0.867083
0.773789
0.743470
1.026590
0.699784
0.828854
0.633751
0.726748
0.904139
0.678581
0.577284
0.581898
0.792386
0.502954
0.674292
0.671343
0.674758
0.467243
0.593770
0.658728
0.746093
0.616613
0.667470
0.704970
0.661113
0.729534
0.612581
0.739428
0.653631
0.790031
0.610631
0.701963
0.712740
0.650024
0.728420
0.602372
0.558172
0.743995
0.677113
0.687818
0.644826
0.929143
0.602156
0.779160
0.558740
0.681506
0.708334
0.560636
0.369450
0.720648
0.544032
0.555637
0.608592
0.585639
0.479322
0.421332
0.782637
0.621851
0.431358
0.573778
0.697234
0.560364
0.779826
0.381050
0.700485
0.772281
0.711741
0.639229
0.590186
0.530022
0.543569
0.662619
0.483902
0.425070
0.650635
0.749065
0.729423
0.687881
0.987542
0.465853
0.607167
0.726908
0.786882
0.642656
0.589227
0.753737
0.680203
0.621117
0.669288
0.762593
0.572481
0.565025
0.774968
0.729627
0.651420
0.700279
0.704229
0.663565
0.758995
0.539427
0.806142
0.690726
0.474079
0.696682
0.683519
0.695309
0.580605
0.766670
0.657414
0.597629
0.797618
0.778955
0.734425
0.697059
0.880919
0.438945
0.671358
0.888080
0.784317
0.613281
0.904793
0.799885
0.709909
0.881919
0.869786
0.767806
0.678208
0.980274
0.850704
0.747792
0.760894
0.844595
0.809788
1.053641
0.680230
0.850960
0.902898
0.878371
0.892068
0.759321
0.819719
0.680890
0.721867
0.909869
0.738612
0.787241
0.881407
0.833591
0.895834
0.969905
0.791279
0.833336
0.661560
0.639645
0.696137
0.578759
0.622577
0.736777
0.667175
0.607613
0.623097
0.762518
0.826454
0.603203
0.716802
0.695685
0.695931
0.750527
0.610306
0.799425
0.731396
0.918464
0.761650
0.625706
0.746506
0.550789
0.751416
0.758651
0.722895
0.815717
0.654994
0.718707
0.657590
0.844055
0.699748
0.600010
0.503186
0.568281
0.536631
0.637155
0.635557
0.632572
0.456660
0.373695
0.572741
0.663979
0.497669
0.748932
0.590981
0.542363
0.765382
0.436209
0.756159
0.689872
0.746190
0.676757
0.573991
0.598623
0.550207
0.713922
0.570489
0.416769
0.692878
0.660055
0.623983
0.584872
0.818683
0.518452
0.577012
0.617861
0.454718
0.494125
0.597266
0.521302
0.375548
0.362094
0.682503
0.553213
0.369361
0.574229
0.577515
0.517654
0.708918
0.315307
0.635760
0.687152
0.773692
0.605591
0.459031
0.536218
0.482461
0.610863
0.579295
0.419515
0.594501
0.723790
0.579292
0.679523
0.920360
0.459439
0.570431
0.638621
0.636683
0.737404
0.636181
0.585124
0.559868
0.473868
0.739284
0.689583
0.870147
0.670721
0.609275
0.833841
0.578412
0.846065
0.712333
0.879420
0.752324
0.753995
0.645219
0.651921
0.770165
0.690366
0.654179
0.746312
0.814397
0.628612
0.672925
0.884942
0.689186
0.587251
0.468469
0.703223
0.590879
0.414707
0.467312
0.614463
0.646091
0.470889
0.698414
0.567916
0.589544
0.639230
0.459686
0.791203
0.563943
0.808496
0.388735
0.553320
0.526418
0.558022
0.711967
0.566414
0.473758
0.522507
0.665916
0.631487
0.631662
0.885451
0.550891
0.627456
0.608758
0.730505
0.451277
0.453710
0.698459
0.663373
0.470461
0.698011
0.640280
0.705027
0.606442
0.432633
0.817744
0.597088
0.789782
0.591456
0.635924
0.641719
0.588557
0.790138
0.708268
0.428122
0.713514
0.687424
0.585131
0.666498
0.944533
0.592711
0.630898
0.645380
0.518415
0.547640
0.745519
0.547554
0.583837
0.724021
0.774350
0.558792
0.769600
0.492697
0.694614
0.709147
0.791971
0.787615
0.638533
0.829816
0.720327
0.738505
0.718800
0.620081
0.844109
0.798494
0.571864
0.652902
0.759381
0.621498
0.659162
0.583607
0.605043
0.730840
0.592341
0.592630
0.689376
0.706943
0.460944
0.879818
0.566016
0.633332
0.759838
0.847625
0.671208
0.551793
0.609172
0.565059
0.677980
0.575942
0.640158
0.701139
0.749791
0.806500
0.673520
0.898209
0.606617
0.546846
0.320993
0.469494
0.580399
0.337774
0.588633
0.484873
0.483775
0.579494
0.364313
0.730110
0.510654
0.674766
0.582792
0.558024
0.619653
0.520183
0.657164
0.450327
0.380073
0.553060
0.617593
0.335875
0.436206
0.836331
0.470252
0.610730
0.614970
0.624325
0.354569
0.684157
0.624856
0.472196
0.704146
0.298315
0.790606
0.583709
0.707026
0.611477
0.542229
0.602101
0.507875
0.729352
0.563262
0.392036
0.652472
0.792577
0.461095
0.641070
0.764019
0.501014
0.598753
0.707418
0.707814
0.825014
0.634136
0.611357
0.747041
0.576437
0.819136
0.604917
0.800701
0.683534
0.738599
0.711822
0.698911
0.715394
0.597062
0.658401
0.653492
0.804625
0.580451
0.624926
0.807268
0.678708
0.749430
0.668654
0.754334
0.801209
0.480505
0.882881
0.499277
0.608514
0.837492
0.883340
0.843649
0.635851
0.835705
0.647857
0.731360
0.734169
0.639512
0.911410
0.787105
0.600026
0.818557
0.554973
0.629009
0.626192
0.718161
0.606066
0.595619
0.619566
0.303345
0.772408
0.696174
0.693477
0.679978
0.573006
0.590184
0.538138
0.772108
0.570320
0.468733
0.637038
0.728046
0.575737
0.544042
0.937716
0.494777
0.589741
0.686101
0.695926
0.814730
0.651361
0.671695
0.806252
0.812720
0.801420
0.708838
0.724856
0.625613
0.639532
0.700524
0.638017
0.813103
0.683181
0.770403
0.699789
0.969881
0.651924
0.693769
0.691424
0.667732
0.620494
0.878462
0.672116
0.829549
0.711371
0.716930
0.603952
0.628745
0.788197
0.725865
0.485122
0.635213
0.590410
0.656669
0.509532
0.986878
0.655402
0.677041
0.824261
0.475401
0.624115
0.718772
0.775379
0.747295
0.599138
0.685026
0.546038
0.625023
0.654577
0.587128
0.657099
0.773242
0.634615
0.642841
0.582859
0.553716
0.532303
0.721777
1.013103
0.604227
0.694950
0.587803
0.818786
0.748525
0.840844
0.928376
0.766729
0.755016
0.719527
0.866972
0.730005
0.688126
0.936402
0.675785
0.827046
0.638053
0.656518
0.692237
0.632841
0.486566
0.514876
0.521641
0.702716
0.535989
0.405064
0.658988
0.692400
0.542055
0.612578
0.830796
0.408314
0.543657
0.864611
0.848618
0.855315
0.679802
0.837527
0.733199
0.572623
0.848846
0.737659
0.863706
0.741106
0.771236
0.791400
0.756469
0.746538
0.783779
0.782591
0.519563
0.671030
0.804356
0.683003
0.910797
0.733126
0.664712
0.665556
0.751449
0.651674
0.706886
0.893328
0.717654
0.791092
0.729807
0.813805
0.733481
0.754290
0.725676
0.636602
0.721095
0.767159
0.839574
0.843356
0.677137
0.976539
0.536364
0.804857
0.679701
0.627276
0.673664
0.770267
0.586176
0.600659
0.543633
0.757672
0.761758
0.659626
0.979991
0.603043
0.795264
0.673130
0.489097
0.682724
0.687659
0.587930
0.738041
0.640470
0.700678
0.747369
0.836297
0.534178
0.655207
0.658385
0.707950
0.549937
0.523435
0.555880
0.801590
0.785078
0.713462
1.074850
0.552326
0.651244
0.730369
0.645178
0.513963
0.735166
0.528490
0.696521
0.603035
0.846810
0.470493
0.527433
0.632073
0.721471
0.687634
0.852143
0.826978
0.699482
0.892940
0.659133
0.781119
0.594613
0.631038
0.730330
0.718877
0.542612
0.970248
0.502094
0.629059
0.607974
0.602499
0.581060
0.640925
0.968789
0.455436
0.643397
0.840502
0.764453
0.666225
1.079213
0.676924
0.850319
0.779807
0.668495
0.971479
0.752108
0.758511
0.674061
0.712950
0.675719
0.644486
0.920402
0.628367
0.683750
0.846854
0.795023
0.531553
