0.099770
0.054740
0.044687
0.064609
0.157805
0.112187
0.034630
0.052386
0.052729
0.061872
0.138402
0.033050
0.125332
0.031329
0.181505
0.026218
0.041749
0.088896
0.024555
0.425955
0.066581
0.058219
0.045352
0.136287
0.162881
0.062763
0.148097
0.043782
0.039591
0.044665
0.037090
0.056465
0.038260
0.176696
0.051165
0.037026
0.081617
0.091734
0.045700
0.067043
0.036084
0.261661
0.053040
0.059281
0.067278
0.034501
0.051018
0.047987
0.039763
0.049620
0.086410
0.061598
0.195887
0.176371
0.094778
0.048096
0.054823
0.038825
0.143345
0.061738
0.203119
0.071551
0.225563
0.093076
0.088168
0.081250
0.072671
0.536191
0.137357
0.091745
0.062278
0.197806
0.178582
0.085543
0.193456
0.042354
0.063811
0.058972
0.084624
0.063071
0.061185
0.246101
0.069247
0.087767
0.066275
0.127853
0.058789
0.058164
0.113114
0.350615
0.084194
0.047057
0.093475
0.072438
0.114794
0.062779
0.101680
0.056742
0.033136
0.122411
0.086265
0.033093
0.039344
0.015306
0.016409
0.065763
0.041075
0.114094
0.041006
0.109662
0.040954
0.024802
0.097026
0.018984
0.395721
0.052973
0.023837
0.059089
0.112436
0.100731
0.078651
0.105264
0.026500
0.014049
0.049226
0.057090
0.023657
0.038412
0.143433
0.010890
0.045052
0.066259
0.061253
0.019524
0.020149
0.046043
0.240103
0.029845
0.016915
0.022146
0.031747
0.035488
0.040013
0.037020
0.059447
0.163645
0.156721
0.064132
0.040168
0.040719
0.076418
0.182629
0.012037
0.189473
0.020059
0.231855
0.045268
0.051012
0.047727
0.037009
0.510969
0.112575
0.079513
0.021514
0.159168
0.193337
0.045568
0.130485
0.020312
0.039392
0.011641
0.022733
0.029111
0.029604
0.223624
0.055128
0.049095
0.021241
0.115097
0.032965
0.051036
0.081368
0.313453
0.097007
0.077687
0.107690
0.016995
0.098471
0.009728
0.063422
0.100060
0.070933
0.046394
0.059353
0.030837
0.042438
0.092090
0.051264
0.112935
0.062041
0.133064
0.039773
0.041598
0.087650
0.036285
0.392942
0.066893
0.027013
0.067969
0.068467
0.085081
0.103689
0.107136
0.027200
0.034836
0.057849
0.083722
0.041631
0.059571
0.137034
0.032409
0.026127
0.069751
0.047184
0.023119
0.046042
0.077988
0.227143
0.051710
0.042570
0.073007
0.051758
0.065473
0.040363
0.044085
0.054761
0.104816
0.208040
0.140128
0.136441
0.087160
0.176319
0.111231
0.173024
0.105474
0.085112
0.111356
0.221057
0.110932
0.254574
0.087995
0.061314
0.208904
0.045760
0.031803
0.263027
0.068753
0.133854
0.135283
0.185634
0.182156
0.155911
0.205628
0.041544
0.111337
0.087606
0.203756
0.038376
0.107460
0.132911
0.174610
0.146408
0.117678
0.150371
0.134195
0.160155
0.103628
0.163804
0.093104
0.078521
0.170980
0.110482
0.099887
0.057374
0.149691
0.025689
0.141799
0.064548
0.057343
0.070376
0.191334
0.073823
0.206803
0.034163
0.039638
0.183180
0.023313
0.040494
0.207455
0.103953
0.116297
0.098174
0.172051
0.162146
0.117004
0.151430
0.029997
0.081775
0.062587
0.198045
0.042492
0.096078
0.120951
0.098217
0.083289
0.072302
0.110861
0.084832
0.137344
0.054008
0.138542
0.051952
0.065395
0.032957
0.051625
0.078771
0.056997
0.109623
0.061307
0.104288
0.024840
0.036340
0.131244
0.017900
0.350951
0.050078
0.023605
0.077395
0.093981
0.092184
0.113687
0.113305
0.049423
0.031079
0.064216
0.057139
0.059372
0.067537
0.126492
0.027455
0.029154
0.101489
0.040102
0.023793
0.047946
0.035956
0.225021
0.049691
0.048626
0.038112
0.044411
0.030549
0.064740
0.038231
0.025571
0.039679
0.160345
0.021114
0.193702
0.030582
0.207772
0.070317
0.053286
0.064025
0.040518
0.497427
0.120131
0.076528
0.017102
0.181919
0.190593
0.028961
0.194652
0.023834
0.022804
0.020620
0.040341
0.025818
0.019738
0.243158
0.040125
0.064956
0.031830
0.124053
0.036187
0.051957
0.073064
0.318800
0.067219
0.030917
0.076936
0.021750
0.094554
0.024954
0.074494
0.031086
0.091692
0.031434
0.144524
0.037556
0.125299
0.041290
0.026835
0.094458
0.021753
0.410528
0.070405
0.032579
0.040383
0.114935
0.119465
0.067816
0.127862
0.023407
0.010329
0.031252
0.041886
0.018078
0.037945
0.167697
0.010031
0.040013
0.048146
0.062036
0.011497
0.021858
0.057964
0.250926
0.044214
0.022957
0.042944
0.017752
0.051438
0.027348
0.044687
0.074025
0.048771
0.114368
0.047126
0.126222
0.052097
0.036011
0.087492
0.030080
0.401355
0.062363
0.038426
0.063789
0.126837
0.105119
0.076682
0.140166
0.033235
0.025444
0.058234
0.068821
0.033534
0.038979
0.156197
0.028952
0.051126
0.070577
0.073772
0.036537
0.040861
0.055697
0.237611
0.024659
0.019945
0.033443
0.043553
0.046623
0.050543
0.043084
0.167411
0.081682
0.155393
0.034371
0.089601
0.083343
0.238192
0.086768
0.253079
0.052035
0.041646
0.198210
0.085703
0.040439
0.228539
0.105772
0.129515
0.090125
0.180739
0.169803
0.125031
0.164714
0.064030
0.062699
0.099746
0.208922
0.048481
0.094101
0.087009
0.104949
0.161337
0.054225
0.076460
0.044778
0.135997
0.040724
0.161724
0.073920
0.171214
0.009252
0.219309
0.044162
0.039293
0.036397
0.028303
0.504125
0.103616
0.072048
0.011082
0.161241
0.186724
0.024785
0.148997
0.012998
0.023607
0.008316
0.020527
0.019835
0.012372
0.221634
0.042855
0.049254
0.017384
0.113880
0.031727
0.048170
0.066960
0.305839
0.073421
0.053707
0.084561
0.009637
0.087517
0.007570
0.053639
0.151138
0.082563
0.081532
0.081269
0.205041
0.089772
0.207700
0.033596
0.077933
0.212143
0.067258
0.085539
0.208684
0.149902
0.151765
0.120012
0.200551
0.173358
0.134158
0.158871
0.060564
0.110445
0.093938
0.228330
0.088875
0.137897
0.150404
0.089943
0.077050
0.083425
0.134584
0.089338
0.160781
0.060583
0.166111
0.056593
0.204884
0.040254
0.029429
0.046119
0.025595
0.482650
0.082987
0.070500
0.021478
0.161035
0.184069
0.027795
0.145055
0.020893
0.025728
0.016693
0.019144
0.018613
0.014570
0.208953
0.043084
0.047262
0.032041
0.113335
0.038796
0.045370
0.054565
0.289279
0.064200
0.054443
0.071911
0.013416
0.072527
0.016237
0.038854
0.122157
0.104948
0.313072
0.120094
0.160716
0.060442
0.068770
0.255829
0.077955
0.048514
0.279875
0.146293
0.187655
0.121782
0.231585
0.204269
0.160676
0.218992
0.063577
0.093427
0.130825
0.268896
0.058094
0.130967
0.131227
0.130029
0.113457
0.089168
0.122996
0.068364
0.177024
0.062447
0.212777
0.099246
0.022629
0.093927
0.015364
0.352487
0.032857
0.025339
0.065049
0.072717
0.094801
0.091261
0.100981
0.036885
0.033638
0.052855
0.043903
0.046926
0.055550
0.106402
0.034681
0.014662
0.085113
0.040419
0.028594
0.049669
0.044353
0.189580
0.045407
0.059400
0.055485
0.038566
0.030691
0.045741
0.017586
0.099389
0.012384
0.355588
0.030537
0.026099
0.063338
0.089521
0.100384
0.072280
0.109630
0.034700
0.013407
0.049393
0.041970
0.024030
0.039515
0.122841
0.017814
0.031004
0.074563
0.053800
0.027403
0.036141
0.040474
0.191320
0.029747
0.041824
0.030571
0.025448
0.029167
0.039680
0.010231
0.080193
0.572219
0.169837
0.133304
0.040737
0.200458
0.245194
0.037783
0.206611
0.040782
0.084860
0.047064
0.072907
0.055254
0.039120
0.272347
0.113808
0.091987
0.028401
0.187341
0.089134
0.117707
0.131963
0.333907
0.133554
0.110176
0.166483
0.066109
0.164377
0.032082
0.102786
0.373874
0.036063
0.023304
0.049187
0.095155
0.106108
0.065960
0.107124
0.024752
0.013367
0.038836
0.031965
0.023157
0.029127
0.129876
0.018527
0.019710
0.061060
0.055503
0.017640
0.033067
0.024951
0.208621
0.033276
0.035743
0.033277
0.020602
0.025701
0.029771
0.015892
0.263031
0.308588
0.533376
0.209732
0.215213
0.551922
0.366214
0.469602
0.394036
0.523301
0.485034
0.436903
0.503124
0.148599
0.364397
0.361867
0.556787
0.265723
0.413569
0.446173
0.376263
0.084005
0.341244
0.412384
0.330798
0.456078
0.292929
0.491971
0.333857
0.030638
0.137945
0.065012
0.068599
0.151883
0.104687
0.089265
0.058081
0.118606
0.092951
0.074586
0.099950
0.075225
0.047649
0.041715
0.157625
0.041061
0.065374
0.063808
0.040997
0.134423
0.036750
0.072065
0.034597
0.084840
0.013201
0.102324
0.018028
0.094792
0.048842
0.043811
0.129824
0.084201
0.045344
0.030019
0.080362
0.084304
0.053274
0.077389
0.077920
0.018782
0.024798
0.107891
0.018027
0.022727
0.041765
0.057545
0.173196
0.028870
0.036685
0.033870
0.055656
0.024887
0.067236
0.023876
0.188439
0.220655
0.020251
0.191775
0.020743
0.037600
0.010913
0.033681
0.030220
0.020438
0.254541
0.060540
0.063349
0.018830
0.140341
0.046655
0.069423
0.090491
0.336403
0.096279
0.061322
0.109385
0.020715
0.117905
0.015867
0.082878
0.039900
0.228548
0.116790
0.125069
0.113046
0.174418
0.177971
0.128447
0.177351
0.041951
0.095402
0.063203
0.194872
0.037624
0.096959
0.138983
0.139160
0.090040
0.101442
0.127723
0.123301
0.147247
0.089833
0.143127
0.073186
0.265752
0.105873
0.140391
0.116015
0.200302
0.199084
0.149133
0.201093
0.041341
0.088163
0.092596
0.220608
0.024467
0.102713
0.123625
0.153826
0.129319
0.082788
0.112826
0.094673
0.162270
0.078843
0.175726
0.085335
0.238663
0.046211
0.052812
0.033839
0.040951
0.036736
0.018615
0.290662
0.085282
0.099869
0.034246
0.190482
0.082256
0.097493
0.098121
0.337409
0.105640
0.078683
0.119681
0.038598
0.136165
0.031046
0.092071
0.121742
0.123462
0.159592
0.161189
0.134041
0.171644
0.105245
0.102681
0.113564
0.172269
0.087660
0.104304
0.098473
0.152499
0.239059
0.121634
0.152650
0.128047
0.130419
0.104091
0.137015
0.103626
0.020731
0.014180
0.038971
0.018311
0.020616
0.181370
0.030926
0.032709
0.023294
0.082900
0.016796
0.035136
0.071421
0.279021
0.060770
0.038919
0.074678
0.017941
0.075637
0.009906
0.045743
0.031713
0.036901
0.014472
0.026032
0.153320
0.007785
0.039044
0.048043
0.065249
0.018252
0.028951
0.046126
0.235056
0.032925
0.023056
0.032240
0.011428
0.040771
0.025538
0.030150
0.021433
0.025347
0.022053
0.241428
0.048862
0.051604
0.017177
0.117698
0.028199
0.045142
0.080402
0.330479
0.089282
0.060564
0.096150
0.014062
0.100544
0.011253
0.068098
0.035680
0.034650
0.223408
0.052060
0.059259
0.045748
0.115564
0.043450
0.045957
0.061413
0.297459
0.079684
0.070570
0.078428
0.020450
0.077371
0.030972
0.052504
0.019009
0.182949
0.026434
0.045135
0.027634
0.094009
0.027439
0.035831
0.059244
0.249298
0.055199
0.038512
0.058072
0.016111
0.067684
0.012756
0.040453
0.234356
0.049235
0.056386
0.030083
0.135530
0.042591
0.056766
0.052115
0.301779
0.063634
0.048145
0.075040
0.019155
0.083050
0.015219
0.054482
0.127837
0.117865
0.264627
0.061698
0.152619
0.175421
0.166375
0.065276
0.120037
0.169055
0.126549
0.195184
0.091629
0.210778
0.102165
0.040264
0.070792
0.045235
0.016352
0.019696
0.051633
0.219802
0.030666
0.019530
0.024601
0.025178
0.032180
0.041279
0.031058
0.081975
0.040557
0.022665
0.052637
0.046171
0.200782
0.055951
0.057009
0.066712
0.046523
0.044740
0.044170
0.025537
0.152123
0.051786
0.071317
0.121536
0.345439
0.113204
0.080666
0.132208
0.026841
0.140059
0.011419
0.096032
0.046407
0.067658
0.096812
0.158996
0.057000
0.074363
0.062444
0.092608
0.044335
0.109974
0.046968
0.021054
0.058382
0.252637
0.049229
0.032457
0.050215
0.023931
0.050911
0.027545
0.037225
0.062984
0.288110
0.051901
0.034506
0.040677
0.035927
0.049379
0.046312
0.045998
0.234064
0.053892
0.061091
0.037430
0.058840
0.027022
0.075560
0.039886
0.193920
0.258790
0.211764
0.279620
0.172114
0.286810
0.168166
0.027603
0.026141
0.057257
0.026804
0.077677
0.028191
0.032033
0.045862
0.052310
0.055893
0.051069
0.062980
0.018130
0.093056
0.037091
0.064551
0.013397
0.044115
0.091671
0.023501
0.055139
