0.067860
0.063877
0.068026
0.422959
0.378898
0.132142
0.086519
0.085984
0.046662
0.034110
0.016806
0.111867
0.077766
0.034709
0.169523
0.029805
0.039211
0.083913
0.327303
0.132912
0.024667
0.101282
0.049582
0.024909
0.032859
0.059477
0.072223
0.040314
0.078987
0.028842
0.025496
0.086232
0.025654
0.054561
0.019362
0.069861
0.048064
0.021063
0.040410
0.021504
0.159297
0.017418
0.029382
0.074882
0.049668
0.020966
0.035067
0.018489
0.014864
0.142708
0.101745
0.403022
0.328019
0.216229
0.088868
0.184440
0.136399
0.126819
0.065315
0.201237
0.062340
0.059968
0.206697
0.112412
0.073748
0.150991
0.320889
0.252630
0.103700
0.175499
0.155261
0.061924
0.126158
0.157635
0.173737
0.103582
0.111020
0.081526
0.105514
0.092893
0.100039
0.178800
0.087299
0.163438
0.101022
0.088140
0.087605
0.047916
0.232235
0.085369
0.077396
0.174455
0.153332
0.105205
0.055314
0.062212
0.091174
0.162914
0.271068
0.277274
0.161040
0.145336
0.035542
0.040155
0.040296
0.059092
0.029407
0.201558
0.090075
0.293630
0.071059
0.095506
0.021983
0.426453
0.051610
0.027301
0.190519
0.103475
0.084526
0.050559
0.050065
0.016807
0.088959
0.049887
0.070183
0.027179
0.240021
0.042149
0.043944
0.035058
0.015049
0.119064
0.050346
0.025330
0.087027
0.050659
0.047910
0.109521
0.029202
0.026949
0.026835
0.121839
0.060645
0.059371
0.492545
0.441489
0.248442
0.088708
0.177003
0.092747
0.087853
0.063096
0.249065
0.067446
0.065332
0.067326
0.076216
0.043610
0.207165
0.209909
0.219578
0.104870
0.059597
0.086221
0.052894
0.084635
0.113731
0.169513
0.050102
0.103959
0.084677
0.112125
0.080152
0.115350
0.146882
0.099410
0.205549
0.028877
0.084390
0.110271
0.095275
0.241576
0.097292
0.080246
0.173193
0.163433
0.093177
0.058018
0.095731
0.092369
0.090801
0.562754
0.404770
0.283513
0.356881
0.387646
0.404457
0.261218
0.536436
0.450785
0.598810
0.438805
0.433974
0.290235
0.582848
0.337778
0.341859
0.594053
0.502915
0.413524
0.427870
0.314174
0.323145
0.375261
0.235266
0.423295
0.348289
0.589460
0.409766
0.393388
0.364174
0.274213
0.462450
0.371868
0.286370
0.432889
0.144130
0.409195
0.486308
0.262699
0.369326
0.355828
0.480382
0.376469
0.408470
0.554177
0.326314
0.339624
0.366791
0.367196
0.374014
0.265166
0.465004
0.386281
0.531600
0.415581
0.390559
0.297662
0.541247
0.391627
0.336437
0.564738
0.493789
0.368296
0.424719
0.338094
0.338945
0.362526
0.253885
0.407983
0.348630
0.486644
0.386052
0.399728
0.360562
0.291921
0.420621
0.364526
0.281293
0.379199
0.188510
0.377473
0.441211
0.308203
0.377536
0.352942
0.410629
0.317130
0.395627
0.260324
0.175438
0.156152
0.157703
0.122527
0.169058
0.214444
0.147009
0.405862
0.116872
0.173364
0.131730
0.588427
0.200000
0.126317
0.206787
0.148501
0.135724
0.120263
0.210100
0.143765
0.212979
0.206699
0.100988
0.119975
0.204981
0.095173
0.135180
0.133971
0.156782
0.182423
0.143070
0.132437
0.115335
0.284980
0.117396
0.132176
0.194700
0.096098
0.133991
0.138773
0.137795
0.114573
0.199539
0.137915
0.113319
0.103503
0.188611
0.130931
0.067654
0.157908
0.142747
0.052834
0.175307
0.220678
0.256216
0.103985
0.163672
0.137111
0.066898
0.137939
0.145595
0.195581
0.080539
0.100537
0.136558
0.123663
0.124969
0.128356
0.158477
0.119982
0.175465
0.083590
0.095951
0.097818
0.088799
0.223806
0.104704
0.123817
0.182357
0.172695
0.116090
0.082315
0.077870
0.133494
0.038185
0.057272
0.090959
0.067682
0.242051
0.145378
0.288875
0.082368
0.125336
0.056803
0.416191
0.050783
0.043278
0.183778
0.087325
0.105889
0.059855
0.026526
0.038179
0.079674
0.069912
0.091954
0.042190
0.269478
0.073948
0.040499
0.051460
0.030322
0.136831
0.062391
0.051844
0.130574
0.069220
0.084991
0.126222
0.014915
0.037611
0.043693
0.170078
0.099346
0.066187
0.017707
0.051881
0.091391
0.161878
0.070569
0.184404
0.040290
0.052098
0.061691
0.352665
0.051563
0.030939
0.093478
0.039431
0.061723
0.015884
0.027520
0.033049
0.037568
0.046637
0.057265
0.035478
0.184154
0.040606
0.028847
0.038547
0.055197
0.066309
0.046418
0.032908
0.085435
0.106250
0.047160
0.084479
0.044986
0.032589
0.027194
0.092281
0.062184
0.041417
0.044661
0.086567
0.156040
0.059233
0.160103
0.047990
0.041586
0.060275
0.340442
0.064640
0.032134
0.088933
0.040037
0.054779
0.022620
0.038025
0.042208
0.041899
0.057458
0.058595
0.038541
0.164458
0.035875
0.028990
0.043092
0.057518
0.055809
0.049703
0.036776
0.072591
0.120377
0.042156
0.085326
0.058405
0.038645
0.031572
0.080329
0.043650
0.042820
0.118985
0.060875
0.028527
0.194433
0.026608
0.042930
0.081286
0.355208
0.129329
0.028113
0.099237
0.067801
0.024116
0.031642
0.074279
0.063758
0.059371
0.065795
0.010873
0.023076
0.092695
0.025722
0.073430
0.019511
0.082060
0.047392
0.019168
0.033457
0.019927
0.144030
0.018171
0.027503
0.081311
0.054018
0.022683
0.028707
0.032460
0.018986
0.287987
0.153439
0.384907
0.119583
0.163033
0.022285
0.505157
0.088544
0.060159
0.276069
0.162166
0.136177
0.109236
0.103926
0.051093
0.152342
0.091052
0.131312
0.065347
0.289512
0.078960
0.070908
0.086771
0.024126
0.174386
0.104523
0.057785
0.133101
0.073635
0.096521
0.167513
0.068534
0.051302
0.073983
0.186024
0.089429
0.108016
0.059708
0.185115
0.096925
0.090278
0.225576
0.314202
0.291520
0.138243
0.128624
0.150029
0.071565
0.122967
0.197344
0.204501
0.125788
0.167353
0.068287
0.126579
0.050965
0.115345
0.211138
0.103531
0.236423
0.095388
0.094306
0.138131
0.053422
0.301310
0.085931
0.054699
0.223173
0.186083
0.121069
0.034383
0.104528
0.090235
0.176197
0.047864
0.023127
0.109711
0.321885
0.164680
0.057276
0.088825
0.070332
0.027749
0.047119
0.112172
0.101126
0.068770
0.083062
0.037910
0.059806
0.087245
0.038439
0.094389
0.050728
0.122761
0.055235
0.049160
0.053988
0.025553
0.195289
0.026197
0.047027
0.133885
0.083687
0.054749
0.015913
0.036486
0.050448
0.203078
0.111973
0.343120
0.166221
0.315829
0.226026
0.087250
0.150240
0.164166
0.196740
0.190509
0.299608
0.113580
0.212585
0.229889
0.250206
0.171777
0.242745
0.234087
0.228809
0.329237
0.115921
0.214341
0.239275
0.224690
0.374484
0.225348
0.212758
0.283439
0.295620
0.221447
0.175346
0.195892
0.213838
0.064874
0.093012
0.376648
0.115438
0.035842
0.087908
0.043164
0.034397
0.025022
0.073392
0.058757
0.064307
0.084990
0.024290
0.033074
0.102130
0.028893
0.054246
0.029172
0.086069
0.052785
0.036937
0.050895
0.050592
0.155255
0.026257
0.033543
0.086852
0.043832
0.026147
0.054361
0.045805
0.023755
0.116786
0.263352
0.148199
0.058296
0.062464
0.055337
0.031029
0.046343
0.080839
0.110124
0.032888
0.060376
0.062554
0.070554
0.106437
0.055450
0.085297
0.062679
0.126985
0.033601
0.055596
0.052440
0.052868
0.190622
0.052502
0.073628
0.120023
0.094531
0.058851
0.034164
0.048730
0.063899
0.490982
0.060822
0.047251
0.218365
0.131861
0.101743
0.070282
0.092202
0.032140
0.124492
0.069772
0.087280
0.047093
0.248266
0.044783
0.064366
0.061578
0.025699
0.143757
0.081444
0.033598
0.094213
0.084757
0.068908
0.130247
0.061119
0.032032
0.056425
0.135552
0.069662
0.076246
0.495470
0.367772
0.303138
0.325361
0.312158
0.376944
0.326659
0.467437
0.241477
0.329911
0.389832
0.382499
0.310216
0.420226
0.403745
0.364830
0.456779
0.275013
0.338486
0.363777
0.369528
0.458467
0.380099
0.354794
0.403195
0.458620
0.357562
0.334475
0.340415
0.371883
0.088967
0.177457
0.111159
0.153454
0.065722
0.080762
0.028847
0.132666
0.106694
0.123622
0.089354
0.341430
0.084127
0.059416
0.095139
0.063290
0.178574
0.124121
0.088881
0.180101
0.097580
0.112234
0.184666
0.062811
0.052298
0.083140
0.205105
0.145564
0.112528
0.130407
0.055769
0.039526
0.033037
0.037908
0.040939
0.048344
0.049794
0.039662
0.006337
0.149357
0.027552
0.031254
0.017943
0.034047
0.068959
0.014101
0.018148
0.043753
0.099835
0.023226
0.053422
0.036453
0.027148
0.012485
0.076444
0.034013
0.022089
0.051730
0.081985
0.078301
0.136501
0.165893
0.089417
0.159269
0.102059
0.143008
0.139136
0.112930
0.124391
0.128757
0.224616
0.075821
0.124379
0.144891
0.132419
0.299570
0.114920
0.113269
0.195298
0.154142
0.127916
0.098549
0.131086
0.110284
0.056343
0.028781
0.061774
0.088559
0.047709
0.113223
0.066700
0.062706
0.147674
0.059015
0.034234
0.060560
0.111108
0.069232
0.060217
0.084545
0.087697
0.206589
0.053687
0.072746
0.098658
0.061015
0.055889
0.091042
0.072506
0.048542
0.047097
0.082651
0.095035
0.044443
0.068546
0.031565
0.045615
0.074580
0.040947
0.080374
0.039809
0.105912
0.039161
0.032893
0.045366
0.032529
0.169803
0.033726
0.039045
0.105444
0.073887
0.041917
0.031465
0.031005
0.037182
0.050299
0.036000
0.048928
0.073149
0.031208
0.028918
0.154517
0.021651
0.031897
0.027558
0.068208
0.059279
0.036466
0.042492
0.058392
0.142301
0.025575
0.055742
0.064413
0.024852
0.022264
0.060418
0.057493
0.026658
0.059506
0.032198
0.060488
0.089226
0.044791
0.217048
0.079321
0.041624
0.048349
0.053670
0.092168
0.044956
0.052246
0.113606
0.086878
0.073618
0.110153
0.018537
0.057981
0.035415
0.130355
0.082290
0.058160
0.104294
0.074695
0.063317
0.036341
0.246618
0.039884
0.040510
0.040074
0.029061
0.128364
0.063840
0.043452
0.100523
0.073389
0.049727
0.110383
0.039644
0.017338
0.034553
0.128717
0.078825
0.054090
0.055457
0.077388
0.059268
0.132457
0.076886
0.069225
0.057126
0.105398
0.039243
0.043256
0.055299
0.082541
0.148223
0.067638
0.082991
0.074334
0.090055
0.044013
0.074645
0.065071
0.058921
0.084595
0.059550
0.189582
0.079083
0.088816
0.067770
0.078591
0.070919
0.063250
0.026514
0.094396
0.070144
0.081362
0.120217
0.069394
0.084275
0.053604
0.100229
0.071366
0.083902
0.029202
0.104712
0.025497
0.076730
0.025097
0.090392
0.067067
0.030388
0.042957
0.028762
0.156624
0.022151
0.031248
0.089841
0.049325
0.031021
0.039397
0.046550
0.019795
0.151201
0.022726
0.035977
0.011255
0.033113
0.078803
0.011591
0.021921
0.038561
0.097758
0.017978
0.044598
0.034725
0.021666
0.009672
0.074175
0.038771
0.014027
0.140245
0.213086
0.145261
0.259248
0.074715
0.122391
0.156294
0.073331
0.348238
0.118277
0.068532
0.261936
0.206551
0.150454
0.056108
0.098672
0.111197
0.041456
0.020950
0.050730
0.079909
0.037232
0.033953
0.032888
0.138330
0.013814
0.046586
0.071550
0.021994
0.025849
0.053670
0.030486
0.021380
0.046359
0.039331
0.106859
0.057654
0.056668
0.093221
0.126778
0.047260
0.094823
0.045816
0.021159
0.038067
0.124878
0.062042
0.044766
0.040923
0.082452
0.013794
0.033166
0.036080
0.109293
0.012879
0.037998
0.041227
0.028970
0.007912
0.063509
0.034311
0.013677
0.153980
0.062440
0.042990
0.098847
0.062665
0.060025
0.118593
0.023036
0.023009
0.037895
0.152884
0.063817
0.060226
0.063455
0.067438
0.072611
0.203636
0.077599
0.071201
0.142399
0.114056
0.064674
0.046518
0.068888
0.073475
0.032177
0.032854
0.120700
0.020294
0.034581
0.048380
0.048136
0.013731
0.056242
0.044219
0.019366
0.049992
0.082431
0.039129
0.075138
0.049228
0.038649
0.025568
0.069938
0.037519
0.042264
0.192137
0.019163
0.026329
0.114981
0.070418
0.047665
0.021935
0.027002
0.026144
0.141821
0.215085
0.053204
0.105583
0.094251
0.227252
0.145698
0.145792
0.031826
0.071244
0.032598
0.019789
0.040502
0.027319
0.014138
0.119977
0.079091
0.047205
0.042440
0.050900
0.027708
0.041336
0.035968
0.157437
0.090689
0.058280
0.026263
0.105194
0.055535
0.032516
0.067276
0.039369
0.021360
0.048825
0.054414
0.032131
