0.671657
0.729070
0.919829
0.670312
0.706704
0.799529
0.658129
0.672499
0.719855
0.673978
0.699414
0.688408
0.710818
0.693283
0.712859
0.864914
0.734807
0.769141
0.754558
0.665119
0.761608
0.739693
0.632818
0.775296
0.778295
0.793292
0.825287
0.787774
0.794383
0.792089
0.715793
0.773175
0.763437
0.750868
0.676916
0.829741
0.777404
0.781289
0.756011
0.711111
0.647415
0.689850
0.692407
0.801040
0.575264
0.732285
0.641339
0.966486
0.769625
0.645728
0.798637
0.440007
0.548230
0.595524
0.720944
0.563326
0.562541
0.509380
0.557269
0.453520
0.722305
0.105539
0.587402
0.771993
0.533064
0.351385
0.388340
0.712323
0.743796
0.737832
0.715145
0.744669
0.473594
0.656371
0.749286
0.589673
0.692830
0.655772
0.652981
0.446102
0.691853
0.402423
0.555223
0.698434
0.613261
0.507190
0.376896
0.528118
0.582184
0.684193
0.522666
0.653814
0.561986
0.561955
0.511874
0.772651
0.628966
0.899741
0.650234
0.577159
0.719381
0.881105
0.578223
0.680073
0.498631
0.364008
0.653120
0.533463
0.637715
0.441943
0.729493
0.549632
0.653203
0.602421
0.487415
0.668388
0.632811
0.718286
0.691278
0.584579
0.516242
0.532818
0.581088
0.536350
0.514785
0.558555
0.755738
0.642947
0.585669
0.606481
0.721719
0.647314
0.584458
0.725427
0.666590
0.453279
0.555523
0.694022
0.629587
0.591066
0.531003
0.559772
0.905468
0.625961
0.812665
0.841127
0.888054
0.815664
0.831717
0.843545
0.864570
0.847766
0.872810
0.943396
0.837582
0.842268
0.833733
0.841677
0.813893
0.821717
0.920303
0.796271
0.840462
0.891917
0.940853
0.774749
0.809606
0.926344
0.843422
0.898366
0.900408
0.863809
0.841623
0.908634
0.832660
0.908537
0.824376
0.721308
0.854865
0.687603
0.870634
0.865565
0.890743
0.807746
0.781630
0.865573
0.867539
0.911396
0.662698
0.737576
0.603861
0.628774
0.752268
0.513153
0.531693
0.433848
0.524077
0.646333
0.618512
0.459984
0.376015
0.597096
0.381824
0.484431
0.411825
0.540926
0.636248
0.683810
0.615167
0.771467
0.364405
0.654357
0.717125
0.481600
0.547797
0.662072
0.539629
0.679314
0.638421
0.400999
0.583830
0.629449
0.525086
0.583882
0.490384
0.469300
0.406350
0.463100
0.551788
0.511782
0.402990
0.417891
0.381703
0.862800
0.613929
0.730273
0.778245
0.590663
0.695084
0.582440
0.575150
0.572651
0.602489
0.571482
0.603151
0.871924
0.449654
0.567275
0.582438
0.662311
0.640858
0.647488
0.695909
0.676876
0.521520
0.631684
0.808493
0.646289
0.692947
0.752211
0.613901
0.644285
0.684804
0.549360
0.675128
0.694329
0.726785
0.471914
0.530779
0.700141
0.552453
0.653943
0.681429
0.618536
0.580800
0.604787
0.525188
0.771565
0.574849
0.821764
0.685714
0.686906
0.634329
0.471382
0.695096
0.815666
0.601131
0.664773
0.800552
0.714815
0.652208
0.400293
0.688162
0.777596
0.813605
0.737309
0.704922
0.591625
0.690977
0.591276
0.651607
0.772990
0.723453
0.561752
0.734214
0.754567
0.649794
0.687787
0.833178
0.623824
0.538717
0.596618
0.578181
0.648180
0.672475
0.696595
0.716246
0.630544
0.694453
0.640010
0.850783
0.657082
0.732196
0.936504
0.716288
0.799438
0.749479
0.862250
0.708896
0.867666
0.912120
0.804861
0.713704
0.682755
0.860980
0.946363
0.866208
0.738053
0.886661
0.818652
0.863105
0.919670
0.847808
0.884587
0.848424
0.877092
0.879880
0.766537
0.676905
0.744158
0.897420
0.766616
0.853259
0.742302
0.816687
0.695561
0.874242
0.785235
0.871822
0.682935
0.818485
0.645299
0.833060
0.703105
0.686002
0.401080
0.530645
0.568133
0.552350
0.561665
0.573979
0.770231
0.559664
0.457142
0.500064
0.583492
0.742576
0.798799
0.472531
0.821133
0.434914
0.647687
0.715982
0.645322
0.612124
0.637529
0.712621
0.702800
0.578360
0.452773
0.631990
0.706623
0.536311
0.556831
0.574249
0.551314
0.531437
0.597722
0.636842
0.638394
0.471645
0.517967
0.561716
0.857449
0.631665
0.612662
0.646955
0.677785
0.742053
0.591045
0.558895
0.791657
0.637539
0.698239
0.583354
0.600623
0.792908
0.775980
0.754343
0.758780
0.629836
0.651938
0.760846
0.653311
0.601703
0.773977
0.672363
0.584703
0.666986
0.647293
0.705898
0.867147
0.766337
0.594266
0.687168
0.617298
0.648622
0.651772
0.646024
0.651140
0.640296
0.633161
0.629250
0.955855
0.732371
0.388003
0.609077
0.511859
0.516928
0.406993
0.630331
0.503749
0.521027
0.419448
0.559669
0.683739
0.759015
0.516950
0.708398
0.369739
0.567478
0.660291
0.445841
0.489701
0.528201
0.594136
0.786463
0.650440
0.458493
0.595841
0.757543
0.580402
0.525064
0.545667
0.505959
0.447347
0.423740
0.552623
0.520395
0.427328
0.370401
0.408656
0.936951
0.525440
0.631122
0.575882
0.567757
0.511413
0.708408
0.516643
0.599895
0.484071
0.597790
0.687189
0.668741
0.644752
0.448003
0.487715
0.545820
0.495609
0.513557
0.636822
0.538570
0.456421
0.771989
0.664594
0.575620
0.655135
0.725380
0.589781
0.478973
0.607023
0.589304
0.532485
0.517744
0.640042
0.630350
0.523307
0.523160
0.524467
0.816549
0.559889
0.670232
0.519155
0.683950
0.866273
0.600053
0.561348
0.556673
0.707732
0.671020
0.765652
0.728163
0.724757
0.565931
0.703559
0.788341
0.692027
0.745275
0.697592
0.681325
0.594241
0.647572
0.531777
0.517133
0.757966
0.669025
0.525089
0.526353
0.648615
0.608090
0.709805
0.621754
0.771085
0.592838
0.624945
0.636845
0.933374
0.705891
0.734072
0.583370
0.827798
0.606555
0.714473
0.723228
0.607881
0.687316
0.690969
0.467432
0.786786
0.679148
0.624843
0.692827
0.718442
0.693792
0.645678
0.610009
0.787618
0.721284
0.677574
0.650829
0.730687
0.642227
0.683769
0.709526
0.782608
0.534489
0.630365
0.763297
0.615913
0.488216
0.631829
0.611747
0.941029
0.615306
0.546153
0.712367
0.531012
0.338902
0.370591
0.665100
0.732969
0.736067
0.675087
0.777949
0.467126
0.683606
0.735325
0.573795
0.608667
0.685073
0.682700
0.552961
0.641383
0.358057
0.571926
0.716709
0.645653
0.511717
0.433434
0.451062
0.539020
0.597311
0.484618
0.635721
0.545467
0.531158
0.460668
0.820915
0.628304
0.518166
0.356938
0.557738
0.379486
0.279946
0.541890
0.602874
0.660908
0.733716
0.398684
0.508563
0.609351
0.314441
0.303133
0.599514
0.521498
0.748969
0.619436
0.403018
0.640531
0.584876
0.582252
0.562459
0.577129
0.446580
0.362785
0.288378
0.591305
0.477943
0.373490
0.305329
0.424681
0.995979
0.613299
0.630507
0.725653
0.621119
0.728222
0.728317
0.717668
0.748313
0.905726
0.601450
0.581045
0.739793
0.498578
0.607914
0.707692
0.777754
0.937955
0.789321
0.706943
0.864475
0.796598
0.637757
0.806586
0.779365
0.645035
0.673194
0.603872
0.699934
0.581292
0.660972
0.617515
0.626865
0.957205
0.751869
0.529374
0.513476
0.443554
0.493324
0.664880
0.674412
0.706566
0.393096
0.620375
0.716547
0.490562
0.475044
0.645417
0.412583
0.639901
0.672475
0.440922
0.541609
0.629179
0.673288
0.504008
0.459726
0.546287
0.424374
0.440256
0.653102
0.469584
0.385219
0.427591
0.425608
0.934842
0.527374
0.382811
0.634775
0.763457
0.802520
0.564424
0.775786
0.459827
0.699411
0.795503
0.620976
0.593441
0.681249
0.715663
0.582015
0.704202
0.327865
0.693701
0.657314
0.607599
0.470647
0.460644
0.507071
0.562242
0.590076
0.563014
0.679062
0.503094
0.505007
0.528473
0.752019
0.651757
0.522637
0.709603
0.715628
0.623433
0.646280
0.382889
0.505149
0.592077
0.384141
0.507804
0.541349
0.547324
0.637618
0.588840
0.262588
0.583192
0.635067
0.517753
0.522655
0.463042
0.392103
0.460896
0.508227
0.462946
0.572378
0.481150
0.402783
0.395640
0.828774
0.547169
0.546277
0.687692
0.645256
0.725765
0.527762
0.626433
0.635318
0.510592
0.335151
0.738474
0.537765
0.782632
0.615885
0.512469
0.646251
0.673772
0.676178
0.643233
0.643705
0.486375
0.400561
0.369460
0.718965
0.568461
0.466132
0.333866
0.536011
1.046155
0.641263
0.706626
0.726384
0.717771
0.563174
0.682440
0.692828
0.580359
0.660057
0.680398
0.411487
0.828769
0.730400
0.662949
0.693116
0.615193
0.601398
0.689469
0.628321
0.615498
0.551389
0.537914
0.761855
0.631983
0.550504
0.583370
0.699451
1.076431
0.666736
0.878327
0.753292
0.734467
0.741508
0.815024
0.708012
0.734147
0.807835
0.620352
0.829956
0.800491
0.739931
0.763632
0.745565
0.722217
0.780434
0.716109
0.732715
0.571831
0.668612
0.756779
0.734373
0.710988
0.729169
0.588503
0.763223
0.844746
0.891400
0.669166
0.650864
0.679873
0.692235
0.625906
0.615760
0.712540
0.800999
0.625270
0.607931
0.703512
0.761696
0.694768
0.713338
0.751174
0.649596
0.574071
0.629179
0.667026
0.658327
0.398630
0.575743
0.631481
0.945890
0.661749
0.709179
0.773668
0.629046
0.669007
0.793350
0.722171
0.500965
0.817950
0.789084
0.710659
0.805862
0.768031
0.719190
0.681057
0.736963
0.762311
0.756643
0.740153
0.796129
0.887612
0.756095
0.764119
0.759679
0.879798
0.744030
0.607594
0.760777
0.434557
0.512174
0.666583
0.573326
0.716335
0.727662
0.396446
0.575219
0.677790
0.500339
0.500905
0.422813
0.499488
0.452018
0.434169
0.614430
0.582991
0.354035
0.397886
0.520537
0.916929
0.543683
0.601729
0.410854
0.609001
0.528834
0.707541
0.685120
0.620205
0.634032
0.702588
0.709969
0.544285
0.702773
0.769606
0.651075
0.596496
0.552511
0.570271
0.603735
0.619719
0.590989
0.615356
0.902464
0.581453
0.627400
0.644904
0.499205
0.536241
0.820362
0.584548
0.614066
0.649171
0.747839
0.656470
0.732750
0.819389
0.637686
0.583337
0.650790
0.701992
0.681053
0.758145
0.645625
0.714101
0.951414
0.685860
0.435528
0.558839
0.613455
0.734492
0.592088
0.424054
0.645137
0.569626
0.526537
0.633091
0.660974
0.432886
0.475875
0.381345
0.553855
0.477157
0.513792
0.379405
0.493219
0.983118
0.603390
0.713017
0.645596
0.814904
0.643745
0.450265
0.660866
0.745312
0.658765
0.683632
0.688705
0.486730
0.433242
0.349643
0.624239
0.556310
0.570182
0.415225
0.523561
0.988115
0.671150
0.683934
0.826353
0.610901
0.625183
0.689697
0.647042
0.579743
0.724156
0.743225
0.638383
0.648014
0.644651
0.572461
0.653100
0.662954
0.639241
0.584753
0.915824
0.666087
0.726768
0.716594
0.621411
0.669166
0.612328
0.665811
0.631294
0.533936
0.621546
0.445220
0.567651
0.747205
0.588095
0.549798
0.631634
0.605169
0.953195
0.573645
0.667752
0.591289
0.700902
0.900537
0.776884
0.670811
0.558712
0.713196
0.739903
0.807608
0.725920
0.675521
0.770502
0.786320
0.748725
0.816345
0.691316
0.566918
0.662273
0.737737
0.690706
0.668210
0.791654
0.640012
0.505252
0.688227
0.695977
0.607202
0.667810
0.573634
0.648190
1.017808
0.733122
0.556660
0.615501
0.553544
0.522856
0.469332
0.385129
0.366580
0.482556
0.525164
0.584976
0.464145
0.429740
0.435774
0.837841
0.561508
0.825224
0.665851
0.651529
0.635155
0.696911
0.507055
0.722739
0.745566
0.715524
0.584630
0.607265
0.526250
1.025521
0.563388
0.589234
0.821850
0.745577
0.627840
0.625860
0.634988
0.665539
0.626047
0.723671
0.664650
0.681644
0.872099
0.756900
0.724311
0.633390
0.562787
0.496782
0.581495
0.689661
0.705299
0.595863
0.616588
0.635077
0.773776
0.552149
0.534531
0.649223
0.585596
0.602483
0.666697
0.642313
0.570954
0.566979
0.582159
0.893304
0.617700
0.639178
0.575220
0.648363
0.654659
0.711740
0.541622
0.605818
0.596117
0.761549
0.572142
0.453973
0.403633
0.514088
0.569563
0.551550
0.483232
0.430049
0.903596
0.700716
0.440498
0.675160
0.522982
0.400105
0.437703
0.409947
0.920233
0.523291
0.565088
0.579289
0.438326
0.389913
0.479353
0.940967
0.651446
0.645381
0.634968
0.639566
0.561401
0.851461
0.697188
0.671851
0.502462
0.566556
0.979383
0.525119
0.444825
0.454135
1.018205
0.650754
0.476119
1.010406
0.597825
0.923421
0.599421
0.798034
