0.111318
0.102501
0.362086
0.053503
0.276670
0.653488
0.068602
0.668473
0.308774
0.660296
0.143549
0.578719
0.117715
0.111681
0.198321
0.456311
0.174245
0.112077
0.075526
0.097688
0.165281
0.110986
0.194733
0.174298
0.227034
0.298808
0.229956
0.415317
0.270663
0.059711
0.110157
0.711730
0.125657
0.707764
0.119426
0.067603
0.168450
0.145385
0.539070
0.110415
0.237881
0.182829
0.077592
0.242907
0.055458
0.543605
0.503375
0.164880
0.097799
0.026108
0.248494
0.045912
0.137472
0.545803
0.023702
0.555182
0.100172
0.537822
0.027791
0.457539
0.022764
0.015569
0.057133
0.319620
0.031583
0.037892
0.175002
0.018656
0.039657
0.021250
0.108683
0.037853
0.103364
0.150953
0.067486
0.322943
0.214688
0.021096
0.023157
0.561643
0.048869
0.590887
0.026878
0.034399
0.070770
0.041403
0.393753
0.010086
0.108064
0.081235
0.017905
0.109721
0.020555
0.395579
0.349956
0.046926
0.019177
0.219700
0.042557
0.112794
0.544150
0.038950
0.549483
0.128192
0.533550
0.055226
0.454954
0.059251
0.026971
0.062794
0.273794
0.060226
0.058693
0.137483
0.027939
0.050477
0.042987
0.120206
0.066339
0.077784
0.138722
0.055344
0.315662
0.197954
0.040612
0.051571
0.569486
0.034294
0.587156
0.073132
0.016138
0.063339
0.051025
0.358619
0.039193
0.082679
0.063379
0.031937
0.103232
0.027549
0.362823
0.316900
0.054777
0.041387
0.346431
0.050202
0.167639
0.292654
0.197500
0.179581
0.168880
0.173016
0.114420
0.234101
0.225991
0.169408
0.049719
0.207798
0.211839
0.313658
0.260563
0.169969
0.198717
0.224649
0.209641
0.101199
0.058455
0.117191
0.062918
0.086962
0.273593
0.301117
0.210768
0.194300
0.197188
0.278229
0.265325
0.127997
0.228274
0.050394
0.249384
0.176173
0.115803
0.267866
0.099115
0.273793
0.060989
0.086784
0.163045
0.300420
0.213501
0.644075
0.020364
0.648844
0.193789
0.642062
0.086704
0.563564
0.062285
0.046263
0.116481
0.407575
0.099494
0.073825
0.115219
0.028422
0.085270
0.053902
0.159437
0.093227
0.161447
0.246618
0.141266
0.399016
0.267612
0.026014
0.034315
0.676971
0.075245
0.696339
0.058802
0.017420
0.116506
0.074308
0.506705
0.039928
0.145196
0.137218
0.032996
0.177915
0.023725
0.513824
0.448575
0.091362
0.030552
0.252931
0.176862
0.269768
0.083357
0.249273
0.080830
0.184145
0.125583
0.118773
0.064205
0.076079
0.103796
0.116415
0.232942
0.134172
0.060901
0.103152
0.141641
0.101033
0.038242
0.029816
0.036366
0.104068
0.077947
0.168235
0.168691
0.279604
0.101721
0.293495
0.159740
0.146062
0.050532
0.114191
0.122996
0.131239
0.077048
0.058259
0.147774
0.033225
0.168118
0.124408
0.102389
0.065584
0.167559
0.599515
0.041739
0.397128
0.017052
0.401699
0.023534
0.467664
0.495758
0.390051
0.146626
0.445247
0.462719
0.567343
0.548411
0.407519
0.447433
0.411112
0.439141
0.331229
0.221204
0.370136
0.119315
0.247518
0.560648
0.579886
0.034177
0.510330
0.031513
0.519823
0.572687
0.383756
0.463370
0.109534
0.515983
0.442409
0.383284
0.553235
0.272900
0.574807
0.099544
0.148759
0.392273
0.601122
0.609043
0.141074
0.598291
0.055812
0.513042
0.040366
0.031990
0.092235
0.377173
0.068937
0.043987
0.136797
0.017038
0.064397
0.029363
0.145254
0.065902
0.145142
0.210018
0.111345
0.351346
0.234010
0.009088
0.021799
0.629733
0.054607
0.651409
0.035986
0.029241
0.082794
0.063929
0.455950
0.021390
0.132071
0.111901
0.024078
0.153067
0.018503
0.467568
0.412434
0.078034
0.024696
0.400211
0.026294
0.420826
0.033530
0.495152
0.517041
0.414520
0.135736
0.462816
0.475818
0.564299
0.549813
0.415968
0.472207
0.457993
0.462296
0.345715
0.248653
0.379231
0.156533
0.242709
0.576925
0.579137
0.031169
0.500750
0.031703
0.537609
0.579977
0.418132
0.480253
0.115119
0.525198
0.415775
0.379712
0.576985
0.301403
0.586490
0.105294
0.125383
0.399595
0.607168
0.383988
0.072895
0.322574
0.097687
0.102782
0.061880
0.224439
0.074334
0.093520
0.303778
0.113319
0.053435
0.089408
0.162980
0.069536
0.095069
0.109841
0.067329
0.205240
0.179441
0.142910
0.115555
0.391326
0.125484
0.428145
0.113728
0.159603
0.086995
0.101083
0.279436
0.092288
0.114331
0.106172
0.129032
0.086858
0.156292
0.287839
0.226472
0.076926
0.127432
0.398795
0.018822
0.468172
0.492319
0.389186
0.122143
0.437847
0.456648
0.553512
0.544040
0.401922
0.449861
0.424847
0.435663
0.316738
0.216281
0.358947
0.130358
0.241726
0.559303
0.572176
0.020639
0.501928
0.017193
0.521183
0.566339
0.394275
0.455993
0.093986
0.510768
0.426666
0.372678
0.552970
0.273301
0.574412
0.088528
0.118855
0.383614
0.593436
0.324125
0.014334
0.027963
0.030571
0.238362
0.026420
0.021427
0.172013
0.041743
0.015668
0.015901
0.092466
0.024872
0.071238
0.082186
0.046418
0.218392
0.151922
0.042215
0.045764
0.424287
0.065013
0.459582
0.027959
0.066812
0.038256
0.038870
0.296978
0.022332
0.106364
0.066285
0.036897
0.059982
0.055851
0.296857
0.253742
0.022803
0.046197
0.397795
0.426314
0.324997
0.091894
0.375275
0.381359
0.492230
0.458464
0.326465
0.378315
0.375137
0.372666
0.267342
0.166763
0.291391
0.098488
0.189169
0.476432
0.489683
0.030563
0.405912
0.039252
0.440501
0.489396
0.308293
0.401209
0.064991
0.434801
0.343551
0.307872
0.477319
0.224730
0.494208
0.064768
0.091240
0.320100
0.510839
0.017882
0.039966
0.305985
0.019652
0.025946
0.157671
0.035387
0.031151
0.010592
0.076023
0.016878
0.095363
0.128081
0.080952
0.260397
0.181004
0.029405
0.033572
0.498540
0.087279
0.524163
0.012891
0.054735
0.066290
0.025552
0.376371
0.013117
0.135452
0.089651
0.016641
0.076561
0.038620
0.371683
0.325488
0.034132
0.031533
0.039854
0.289023
0.022269
0.035304
0.147700
0.030072
0.038489
0.010794
0.070726
0.025623
0.070586
0.123606
0.060064
0.279462
0.187025
0.030348
0.041499
0.531794
0.072691
0.545359
0.039320
0.030568
0.068973
0.014633
0.367589
0.013638
0.119947
0.070846
0.012709
0.073924
0.023271
0.364463
0.325350
0.036617
0.036668
0.208656
0.025412
0.055379
0.197970
0.065389
0.020843
0.040533
0.054673
0.024835
0.050048
0.064975
0.032150
0.208918
0.155870
0.087556
0.077647
0.415971
0.088803
0.445164
0.065477
0.083131
0.046060
0.032143
0.276833
0.050497
0.093116
0.064381
0.053607
0.036035
0.084289
0.273158
0.215560
0.026488
0.074354
0.261875
0.290976
0.357974
0.318897
0.213517
0.274262
0.277263
0.267597
0.118782
0.080914
0.145863
0.107819
0.114115
0.360211
0.362587
0.159150
0.246818
0.153920
0.351503
0.317511
0.203233
0.270918
0.026093
0.311788
0.179807
0.148969
0.343554
0.126225
0.351397
0.031219
0.028082
0.193574
0.366305
0.048310
0.188800
0.052611
0.037079
0.027117
0.059315
0.009186
0.070195
0.105248
0.061934
0.243993
0.163436
0.061555
0.057746
0.466380
0.094638
0.487391
0.038168
0.071683
0.077139
0.014811
0.335112
0.029454
0.114859
0.064940
0.033625
0.052332
0.057607
0.324100
0.278920
0.031341
0.054068
0.145032
0.043041
0.035973
0.020751
0.112579
0.045298
0.094767
0.121983
0.080482
0.254289
0.178100
0.032171
0.049469
0.491095
0.073422
0.518057
0.039054
0.063166
0.053302
0.050270
0.353698
0.031041
0.137232
0.096647
0.035770
0.094595
0.050554
0.363494
0.310337
0.052707
0.051314
0.148444
0.176087
0.152564
0.198806
0.183160
0.186897
0.268357
0.226372
0.330060
0.184160
0.121661
0.166352
0.621584
0.166097
0.603113
0.174690
0.107492
0.183097
0.147618
0.459417
0.160279
0.216913
0.155175
0.130000
0.204409
0.124834
0.460332
0.394135
0.153181
0.151819
0.036005
0.026995
0.127512
0.052476
0.116590
0.174055
0.081036
0.321543
0.199378
0.018572
0.012234
0.565251
0.030837
0.595132
0.028695
0.019241
0.060590
0.051984
0.407141
0.018481
0.073961
0.084951
0.025228
0.114254
0.021157
0.410433
0.352854
0.049437
0.017217
0.027745
0.100762
0.031549
0.059538
0.080734
0.031841
0.212791
0.140127
0.058687
0.042921
0.424249
0.052219
0.458037
0.043884
0.061168
0.032702
0.043994
0.283640
0.029962
0.065062
0.056938
0.047608
0.051614
0.065194
0.285150
0.225907
0.015932
0.047415
0.082042
0.023471
0.074418
0.111644
0.062995
0.236089
0.159699
0.024415
0.036533
0.483187
0.068076
0.502921
0.026030
0.041402
0.050530
0.026779
0.342155
0.012805
0.115092
0.074419
0.019352
0.067376
0.030695
0.343717
0.306228
0.033670
0.038253
0.069719
0.099029
0.123903
0.118090
0.241844
0.175347
0.132759
0.145307
0.466508
0.177330
0.463125
0.110812
0.122921
0.124064
0.053039
0.348872
0.104577
0.185759
0.112299
0.082219
0.067670
0.105761
0.330434
0.303406
0.081268
0.136181
0.072542
0.108431
0.063159
0.228312
0.165099
0.059350
0.054988
0.461972
0.100308
0.487136
0.034948
0.072797
0.069536
0.017109
0.340383
0.027781
0.117107
0.075222
0.034764
0.052468
0.062921
0.332502
0.278180
0.029094
0.050909
0.037861
0.033597
0.151682
0.098377
0.140090
0.146572
0.368561
0.110799
0.367655
0.141932
0.100839
0.079114
0.062784
0.189055
0.097166
0.098680
0.048030
0.104967
0.026489
0.122785
0.180567
0.147233
0.046088
0.140118
0.043924
0.116001
0.112787
0.193258
0.204114
0.252540
0.150339
0.270178
0.177480
0.182375
0.083017
0.118584
0.110229
0.145857
0.142484
0.078175
0.161316
0.036420
0.189535
0.108367
0.095784
0.077062
0.198111
0.198431
0.145602
0.111620
0.105129
0.386571
0.064048
0.415291
0.110699
0.093622
0.042282
0.071831
0.201957
0.071804
0.067477
0.047484
0.091447
0.048347
0.105986
0.205682
0.164493
0.037786
0.101505
0.074017
0.327462
0.349020
0.170445
0.294766
0.145577
0.310352
0.332116
0.192886
0.255740
0.119232
0.295157
0.247968
0.180959
0.316533
0.116363
0.338913
0.115805
0.120767
0.198851
0.359020
0.218717
0.228399
0.290108
0.172660
0.262234
0.211854
0.200491
0.142698
0.166058
0.172981
0.197226
0.132646
0.075395
0.210989
0.078092
0.210518
0.162199
0.144855
0.111526
0.238692
0.022981
0.589446
0.057223
0.614105
0.026905
0.030137
0.074994
0.060040
0.436554
0.021847
0.136710
0.107239
0.019487
0.140200
0.017486
0.444731
0.394417
0.068645
0.021454
0.589820
0.056349
0.623380
0.018478
0.040266
0.082923
0.062963
0.447708
0.020731
0.104019
0.108375
0.033183
0.141124
0.035614
0.452165
0.385920
0.055442
0.011332
0.522796
0.028822
0.539418
0.606748
0.420995
0.498067
0.127450
0.538080
0.436073
0.414495
0.588651
0.312002
0.610142
0.123849
0.145202
0.418333
0.615076
0.554786
0.082581
0.045052
0.050786
0.103272
0.321457
0.060351
0.044749
0.063756
0.072034
0.126618
0.054465
0.334736
0.282898
0.068058
0.059421
0.576304
0.616996
0.452976
0.508038
0.121925
0.564763
0.467181
0.413272
0.605701
0.316790
0.621316
0.110145
0.157682
0.439245
0.647683
0.061814
0.076834
0.050087
0.424274
0.019405
0.133327
0.112297
0.029264
0.118199
0.043845
0.425682
0.368478
0.049933
0.022445
0.081697
0.051872
0.417793
0.035917
0.093166
0.084528
0.025288
0.119016
0.017014
0.416941
0.364144
0.060984
0.032757
0.087771
0.253827
0.073414
0.077671
0.070669
0.076496
0.071576
0.092196
0.267160
0.226663
0.048974
0.079306
0.358242
0.030381
0.123232
0.071946
0.027676
0.053931
0.047295
0.347839
0.295776
0.033445
0.059042
0.389863
0.268688
0.221198
0.425826
0.190870
0.435657
0.016769
0.047088
0.272135
0.452178
0.112394
0.082821
0.015841
0.095775
0.024207
0.390742
0.337739
0.038147
0.021606
0.066385
0.134269
0.100836
0.124608
0.271158
0.207629
0.071462
0.114075
0.093474
0.050270
0.091498
0.216293
0.183651
0.032895
0.104080
0.103068
0.016034
0.423483
0.374980
0.052753
0.020990
0.127692
0.173299
0.149767
0.038584
0.141082
0.435768
0.394076
0.068940
0.032264
0.045700
0.265617
0.456527
0.210226
0.389630
0.054442
