0.611649
0.603629
0.567763
0.640262
0.690019
0.537219
0.522194
0.663701
0.488352
0.639041
0.480217
0.621999
0.498630
0.533792
0.692051
0.430695
0.521392
0.769923
0.768140
0.635933
0.488468
0.661699
0.362600
0.679542
0.511222
0.687889
0.640322
0.572013
0.494540
0.672031
0.476483
0.605491
0.726922
0.447978
0.448173
0.517275
0.665981
0.774178
0.744306
0.703935
0.872608
0.777412
0.707648
0.652283
0.761857
0.682612
0.676281
0.714701
0.722921
0.625024
0.922374
0.711029
0.724159
0.789193
0.987161
0.776541
0.581362
0.725150
0.627617
0.842563
0.742303
0.864590
0.852155
0.777468
0.689987
0.620393
0.730616
0.611122
0.893629
0.635170
0.673314
0.789094
0.775773
0.702393
0.538796
0.600747
0.437424
0.568839
0.710652
0.561597
0.388194
0.538579
0.539340
0.482277
0.625264
0.700649
0.603930
0.618102
0.566507
0.879029
0.683439
0.606054
0.494396
0.460012
0.755587
0.424973
0.678893
0.705087
0.608225
0.612084
0.670528
0.574361
0.398382
0.837420
0.395861
0.506885
0.674446
0.617134
0.754248
0.711143
0.630706
0.555125
0.778837
0.710001
0.698963
0.670044
0.674834
0.598281
0.608547
0.790685
0.637617
0.574056
0.836416
0.951492
0.817518
0.684896
0.731336
0.688319
0.728205
0.644770
0.798210
0.624440
0.712862
0.600363
0.842528
0.667758
0.730312
0.883301
0.674942
0.704698
0.739250
0.665331
0.623824
0.507786
0.558856
0.827771
0.693078
0.667594
0.705299
0.399479
0.476804
0.731303
0.674712
0.773651
0.694460
0.737727
0.773776
0.589234
0.786011
0.608162
0.544315
0.819721
0.635077
0.777404
0.776884
0.796502
0.657291
0.654368
0.664675
0.654930
0.721308
0.579304
0.525036
0.689661
0.746538
0.350257
0.690984
0.825452
0.712273
0.713958
0.716246
0.645355
0.569136
0.771076
0.527723
0.694293
0.712312
0.777177
0.850783
0.833178
0.727272
0.756171
0.609255
0.766136
0.640010
0.799529
0.734214
0.735153
0.687537
0.863712
0.687091
0.671729
0.888054
0.694454
0.569985
0.696595
0.796525
0.481916
0.766148
0.560777
0.583496
0.569588
0.470544
0.432978
0.637556
0.524795
0.619815
0.587382
0.640509
0.776162
0.638776
0.629820
0.635334
0.494216
0.729533
0.507880
0.765345
0.646215
0.663588
0.612277
0.713125
0.555924
0.584711
0.773710
0.538992
0.438417
0.613888
0.649805
0.823867
0.582639
0.620719
0.656881
0.554787
0.560442
0.594727
0.707120
0.598786
0.480304
0.740821
0.788339
0.622208
0.697363
0.608981
0.600039
0.644315
0.624282
0.745723
0.535890
0.628056
0.642103
0.666810
0.613359
0.682675
0.816247
0.569715
0.582274
0.638643
0.599681
0.708381
0.681036
0.737652
0.862596
0.705485
0.652198
0.962429
0.634789
0.681600
0.609135
1.025294
0.735857
0.648864
0.747656
0.656373
0.795458
0.705129
0.808755
0.858477
0.712611
0.656196
0.791656
0.715437
0.567098
1.002717
0.531067
0.715712
0.820372
0.713667
0.611056
0.514606
0.692718
0.607463
0.561581
0.709197
0.516243
0.567327
0.665661
0.782942
0.335434
0.535610
0.715574
0.481407
0.631791
0.569691
0.739274
0.777354
0.415005
0.514242
0.686120
0.582146
0.600256
0.809290
0.416484
0.479043
0.501769
0.533562
0.632577
0.641616
0.417772
0.709828
0.840418
0.607979
0.620792
0.594143
0.995875
0.662802
0.468714
0.497953
0.539738
0.677276
0.538842
0.751043
0.861035
0.688466
0.623129
0.735372
0.688592
0.359478
0.871713
0.495716
0.615491
0.648823
0.551404
0.699508
0.618734
0.672257
0.729831
0.566223
0.529875
0.701645
0.979383
0.626047
0.542640
0.640786
0.445756
0.713923
0.566556
0.801040
0.675521
0.583049
0.636940
0.675745
0.623865
0.511197
0.781630
0.501504
0.466566
0.645381
0.588127
0.479505
0.735685
0.708386
0.745528
0.639703
0.744250
0.845199
0.694478
0.711007
0.669898
0.530474
0.841161
0.613708
0.800490
0.787961
0.736518
0.586457
0.674661
0.593910
0.656492
0.814201
0.604666
0.554056
0.649169
0.772674
0.690381
0.667314
0.559124
0.500449
0.684904
0.878672
0.620534
0.528665
0.523670
0.366145
0.644496
0.420542
0.700254
0.731732
0.616108
0.627682
0.836387
0.469680
0.437324
0.792144
0.487182
0.425465
0.569821
0.625055
0.799989
0.488832
0.578132
0.687077
0.919557
0.781132
0.600737
0.694097
0.588763
0.710226
0.645789
0.695197
0.616249
0.611646
0.537249
0.595188
0.547046
0.733767
0.894889
0.581285
0.547900
0.680399
0.592647
0.648587
0.780221
0.873134
0.676237
0.875298
0.873705
0.816355
0.642366
0.922221
0.741756
0.877273
0.652172
0.739492
0.706161
0.902740
0.602640
0.844655
0.549750
0.727996
0.500814
0.681717
0.885009
0.577450
0.673214
0.872157
0.679119
0.578300
0.694968
0.443745
0.677211
0.543704
0.656262
0.656349
0.486706
0.565597
0.748804
0.505465
0.576537
0.808327
0.352525
0.398165
0.539060
0.696162
0.534243
0.953221
0.649187
0.567163
0.660091
0.457951
0.642614
0.604714
0.669037
0.581707
0.617627
0.557650
0.747596
0.600588
0.542794
0.880128
0.490370
0.578682
0.622153
0.570010
1.018547
0.739221
0.715324
0.697708
0.663265
0.801956
0.679414
0.734955
0.822017
0.756512
0.678166
0.771360
0.707945
0.536936
0.971931
0.545767
0.646754
0.701020
0.520729
0.872099
1.012604
1.008368
0.890987
0.921153
0.923421
0.966486
0.816345
0.891687
0.873273
0.954209
0.856280
0.993694
0.662699
0.908044
0.836467
0.851461
0.931954
0.720517
0.695792
0.591162
0.761756
0.681644
0.829741
0.900537
0.685219
0.735193
0.754201
0.760347
0.672722
0.824376
0.534077
0.685606
0.665539
0.675735
0.627577
0.518156
0.658590
0.559381
0.780369
0.796134
0.574533
0.542859
0.716534
0.631152
0.496847
0.902575
0.529964
0.576420
0.675866
0.495494
0.625289
0.709900
0.558395
0.786071
0.762496
0.729661
0.692505
0.824147
0.730934
0.533679
0.904489
0.589632
0.648360
0.768503
0.646429
0.734946
0.424566
0.708454
0.722811
0.530050
0.577457
0.709956
0.431319
0.428988
0.783309
0.340585
0.282289
0.479173
0.699346
0.661740
0.761923
0.805722
0.670736
0.630057
0.865173
0.719743
0.728763
0.979162
0.712832
0.729989
0.734961
0.594815
0.641339
0.748725
0.483260
0.617063
0.691140
0.484968
0.511180
0.911396
0.489302
0.439518
0.561401
0.658877
0.773175
0.707937
0.723803
0.821088
0.617610
0.708791
0.919829
0.639235
0.718199
0.692407
0.737903
0.700610
0.662323
0.808886
0.660149
0.811789
0.841623
0.623828
0.690446
0.725920
0.778676
0.556229
0.686359
0.533851
0.684378
0.860220
0.507238
0.463741
0.566196
0.597400
0.603799
0.582489
0.657746
0.795643
0.488518
0.581818
0.550869
0.536032
0.692190
0.771062
0.861485
0.680962
0.633610
0.717108
0.696147
0.664039
0.827168
0.507701
0.295637
0.519917
0.735803
0.883623
0.387326
0.572515
0.587044
0.633844
0.816688
0.787365
0.807746
0.861355
0.422374
0.509709
0.670156
0.465521
0.696537
0.730131
