0.492447
0.637748
0.559339
0.739742
0.561925
0.575365
0.453470
0.576649
0.674999
0.463498
0.848958
0.553651
0.700066
0.482134
0.467661
0.552067
0.463409
0.470679
0.793398
0.738924
0.647410
0.589844
0.617494
0.490749
0.763713
0.642215
0.617453
0.739000
0.457790
0.599966
0.583045
0.459004
0.834491
0.632659
0.766722
0.645229
0.669934
0.857528
0.639804
0.756044
0.603162
0.744408
0.640835
0.645476
0.584614
0.617382
0.524924
0.736359
0.686451
0.766729
0.580972
0.586674
0.651600
0.718545
0.594058
0.303173
0.805482
0.762592
0.717446
0.700724
0.557744
0.658321
0.438600
0.657811
0.768799
0.699534
0.729876
0.698001
0.517309
0.425334
0.851374
0.618187
0.648777
0.762037
0.545971
0.692946
0.595803
0.568403
0.786732
0.660264
0.745835
0.644915
0.676954
0.919522
0.719809
0.590103
0.592430
0.708878
0.664166
0.698267
0.576812
0.718229
0.637325
0.584411
0.593368
0.474759
0.528088
0.469322
0.770957
0.655644
0.594986
0.652043
0.669674
0.651702
0.593201
0.503415
0.625393
0.489747
0.664966
0.609324
0.758493
0.670066
0.748993
0.621606
0.569328
0.830901
0.654093
0.567823
0.638202
0.507591
0.501072
0.530853
0.488134
0.635813
0.628007
0.737260
0.490396
0.486548
0.915052
0.668085
0.874976
0.645917
0.712410
0.691120
0.693691
0.408045
0.591200
0.628222
0.481854
0.528076
0.490644
0.459683
0.806683
0.638123
0.588952
0.684735
0.461446
0.620687
0.589459
0.555488
0.635612
0.542533
0.607381
0.721559
0.584122
0.581375
0.743036
0.603097
0.578204
0.891122
0.616826
0.649527
0.493382
0.335975
0.413207
0.503808
0.408816
0.599449
0.447218
0.674005
0.410463
0.681424
0.938614
0.587064
0.804890
0.628150
0.641724
0.646895
0.513677
0.473819
0.503827
0.686779
0.539872
0.653031
0.662537
0.869090
0.668148
0.665343
0.725840
0.738425
0.715052
0.691976
0.683862
0.655814
0.599297
0.750038
0.670557
0.677672
0.700993
0.772078
0.710449
0.646810
0.931301
0.681692
0.770172
0.653206
0.532022
0.512636
0.624090
0.617553
0.359441
0.682705
0.742472
0.575333
0.708658
0.990418
0.699855
0.853781
0.744886
0.642716
0.682647
0.714651
0.617263
0.733133
0.773121
0.599096
0.565018
0.713528
0.662223
0.532095
0.682521
0.664816
0.664305
0.632591
0.567289
0.490892
0.462910
0.654862
0.548737
0.717113
0.687677
0.735467
0.581653
0.487748
0.773286
0.603986
0.536577
0.642426
0.409334
0.496425
0.501252
0.526833
0.588143
0.625910
0.709164
0.467679
0.578381
0.994653
0.638460
0.812719
0.643521
0.698247
0.634669
0.631158
0.490231
0.657208
0.616056
0.439518
0.741756
0.635384
0.546982
0.705129
0.561401
0.681644
0.553160
0.431838
0.558120
0.465395
0.612712
0.748725
0.757867
0.580117
0.640010
0.538842
0.545175
0.911396
0.660480
0.488209
0.648190
0.442697
0.511222
0.566556
0.432556
0.724913
0.569691
0.641340
0.489302
0.586129
0.923421
0.561811
0.789089
0.543321
0.679414
0.626415
0.483260
0.519743
0.654259
0.635077
0.500814
0.619117
0.548651
0.715712
0.465521
0.685605
0.447681
0.387124
0.566094
0.365502
0.562539
0.690446
0.683404
0.548868
0.569985
0.615491
0.577101
0.787365
0.642873
0.491177
0.587953
0.452342
0.448173
0.466566
0.317918
0.774468
0.479043
0.718199
0.422374
0.499929
0.836467
0.656203
0.844827
0.482432
0.646754
0.618764
0.463741
0.426767
0.640965
0.525036
0.923802
0.753875
0.962429
0.681717
0.875298
0.495551
0.669025
0.650777
0.579195
0.635526
0.652172
0.852730
0.646154
0.527723
0.840418
0.771321
0.549750
0.905604
0.676294
0.869157
0.787343
0.692051
0.729831
0.653499
0.929322
0.709197
0.877273
0.727996
0.719536
0.676237
0.859079
0.787362
0.686807
0.873134
0.726900
0.739492
0.672914
0.889098
0.674712
0.476080
0.630829
0.745396
0.728072
0.737841
0.667347
0.705009
0.450219
0.772754
0.887713
0.619726
0.787538
0.682335
0.517101
0.546463
0.948280
0.561101
0.749055
0.707717
0.475368
0.653451
0.663479
0.570735
0.686119
0.694298
0.732798
0.667054
0.764988
1.008261
0.766477
0.759278
0.668057
0.694509
0.672748
0.713188
0.650660
0.680585
0.635493
0.735820
0.696824
0.686337
0.643696
0.539410
0.564350
0.407007
0.640611
0.771478
0.614004
0.706496
0.667657
0.448243
0.347754
0.798122
0.514585
0.574973
0.684552
0.449985
0.637499
0.546137
0.476480
0.653001
0.626991
0.704316
0.582005
0.638986
0.925390
0.712806
0.631844
0.580684
0.650299
0.584135
0.636343
0.516045
0.672871
0.600456
0.820372
0.735857
0.769045
0.810504
0.840065
0.654588
0.926616
0.858477
0.616506
0.810565
0.825452
0.681036
0.657659
1.002717
0.418978
0.808225
0.767802
0.652853
0.663700
0.737652
0.686168
0.755436
0.708381
0.808755
0.531067
0.850895
1.025294
0.660938
0.802739
0.756486
0.609135
0.690139
0.712611
0.583398
0.684745
0.827771
0.665539
0.541570
0.514490
0.616983
0.595688
0.576788
0.725920
0.742691
0.638198
0.696595
0.648823
0.718104
0.807746
0.794251
0.634850
0.695977
0.536666
0.517275
0.645381
0.490160
0.771257
0.501769
0.692407
0.509709
0.685802
0.851461
0.655307
0.846664
0.674748
0.701020
0.722702
0.566196
0.622895
0.652649
0.689661
0.734466
0.640448
0.674541
0.654811
0.753607
0.900537
0.812944
0.749252
0.833178
0.662802
0.622932
0.824376
0.763330
0.784755
0.737737
0.651461
0.635933
0.626047
0.654938
0.788836
0.335434
0.829741
0.534077
0.768167
0.872099
0.700073
0.723923
0.666705
0.739221
0.556739
0.685219
0.690738
0.679426
0.589234
0.386856
0.509649
0.424927
0.448395
0.558180
0.756059
0.559831
0.584293
0.674453
0.612584
0.692690
0.736485
0.563469
0.803897
0.565718
0.467785
0.677171
0.448003
0.769951
0.597397
0.790945
0.613827
0.616392
0.624837
0.676471
0.769964
0.548771
0.737250
0.629029
0.664592
0.568846
0.624292
0.528937
0.554962
0.410505
0.526305
0.687028
0.811079
0.548808
0.676223
0.568704
0.533371
0.736226
0.691434
0.411178
0.621772
0.492556
0.490910
0.592428
0.413252
0.736267
0.552092
0.728617
0.519343
0.481363
0.753193
0.682936
0.780930
0.449061
0.705096
0.583329
0.550108
0.498992
0.603014
0.414952
0.462222
0.634406
0.648626
0.838495
0.577165
0.568075
0.698925
0.568055
0.775549
0.811578
0.539580
0.723186
0.553454
0.560320
0.682745
0.543224
0.676748
0.653523
0.844387
0.607045
0.670236
0.871403
0.733449
0.769109
0.585794
0.839588
0.555970
0.675199
0.620846
0.720807
0.581099
0.480962
0.699506
0.681747
0.576099
0.517695
0.476586
0.403139
0.741268
0.633936
0.508592
0.616908
0.376378
0.479136
0.584458
0.296818
0.665765
0.627197
0.694968
0.497012
0.553490
0.849243
0.659549
0.654876
0.433668
0.630718
0.458803
0.667564
0.428615
0.617423
0.371171
0.750020
0.823757
0.679020
0.630949
0.632755
0.558591
0.831086
0.824932
0.721290
0.832025
0.551090
0.615860
0.712462
0.479296
0.807833
0.688532
0.835313
0.677536
0.689583
0.647110
0.790300
0.834539
0.653031
0.752587
0.650116
0.798140
0.668342
0.678735
0.582789
0.841747
0.617581
0.734214
0.861035
0.786618
0.841623
0.807700
0.614106
0.667752
0.755812
0.640322
0.675521
0.729171
0.647187
0.777354
0.773175
0.623828
0.626667
0.816345
0.752223
0.909634
0.717930
0.822017
0.938947
0.700610
0.556800
0.792198
0.776884
0.775751
0.793703
0.699156
0.662832
0.867244
0.526461
0.855105
0.706897
0.609710
0.662965
0.579901
0.617588
0.737634
0.640978
0.810437
0.650982
0.828500
0.990845
0.676427
0.719809
0.771606
0.580868
0.775189
0.658562
0.635232
0.598302
0.838202
0.546911
0.661280
0.654847
0.865700
0.827553
0.551727
0.636051
0.615303
0.592452
0.703820
0.598285
0.605701
0.646007
0.726396
0.598122
0.561575
0.840403
0.607943
0.679712
0.518364
0.709311
0.566044
0.595824
0.557251
0.734363
0.614825
0.713958
0.591069
0.888054
0.772876
0.683646
0.754567
0.666660
0.690019
0.716246
0.495813
0.767800
0.712273
0.799529
0.694454
0.704898
0.850783
0.743214
0.655343
0.497272
0.777177
0.726786
0.735153
0.564691
0.824643
0.623824
0.420056
0.871713
0.573044
0.621065
0.720523
0.374231
0.639041
0.632577
0.511477
0.650457
0.611056
0.751043
0.495716
0.652717
0.995875
0.707970
0.689702
0.570098
0.594143
0.457017
0.688466
0.557467
0.651030
0.667594
0.840116
0.553905
0.685515
0.691702
0.426015
0.656165
0.588066
0.426627
0.685395
0.683383
0.713151
0.544300
0.622578
1.006980
0.721340
0.537694
0.518744
0.626743
0.434773
0.727971
0.496984
0.645419
0.472010
0.927320
0.831223
0.908634
0.879267
0.726922
0.781630
0.840674
0.994571
0.809290
0.919829
0.816688
0.812819
0.662698
0.956574
0.906075
0.831999
0.971931
0.849829
0.860220
0.867248
0.818341
0.721308
0.800649
0.694059
0.538313
0.696909
0.591437
0.547423
0.773203
0.645820
0.826192
0.557136
0.737730
1.029499
0.723164
0.772870
0.703900
0.626898
0.747252
0.703080
0.562976
0.552040
0.695546
0.635932
0.589453
0.540822
0.668770
0.522242
0.713555
0.605478
0.683923
0.539383
0.482855
0.845755
0.524819
0.843253
0.520079
0.777666
0.694265
0.527574
0.495093
0.816346
0.619193
0.538149
0.640085
0.607202
0.584379
0.628434
0.555739
0.763437
0.478244
0.633582
1.017808
0.580979
0.877740
0.666363
0.735660
0.830981
0.617600
0.583171
0.659219
0.690706
0.433344
0.475584
0.347947
0.599084
0.505979
0.749435
0.447561
0.635228
1.031088
0.534704
0.745918
0.595841
0.678084
0.555286
0.525114
0.466252
0.484275
0.647437
0.480217
0.463805
0.605581
0.488352
0.687889
0.447978
0.617926
0.768140
0.579450
0.868707
0.607344
0.769923
0.675167
0.572013
0.495805
0.601489
0.640262
0.506392
0.681085
0.514606
0.801040
0.501504
0.616036
0.979383
0.674072
0.932599
0.700286
0.701645
0.813469
0.583049
0.526936
0.626667
0.705299
0.713098
0.500384
0.745922
0.410995
0.610237
0.848725
0.645635
0.750247
0.448488
0.628673
0.572944
0.571295
0.399285
0.521014
0.437107
0.709395
0.754291
0.648425
0.640862
1.014071
0.699169
0.858509
0.753766
0.680690
0.714159
0.726817
0.690403
0.776121
0.784071
0.739274
0.416484
0.663439
0.782942
0.545758
0.792961
0.614796
0.665661
0.698346
0.415005
0.609299
0.602327
0.693078
0.639235
0.762576
0.966486
0.712810
0.852383
0.737396
0.734955
0.792774
0.707937
0.648820
0.823510
0.777404
0.548202
0.908044
0.558677
0.795753
0.562333
0.545767
0.593099
0.507238
0.423991
0.587072
0.579304
0.863898
0.730508
0.902326
0.598085
0.659846
0.711430
0.718658
0.571894
0.736284
0.571865
0.962750
0.907069
0.812626
1.018547
0.937927
0.891687
0.948037
0.935831
0.773776
0.774733
0.652957
0.746544
0.775091
0.519535
0.553430
0.674085
0.779534
0.494848
0.828857
0.560622
0.789210
0.643678
0.892844
0.781006
0.714400
0.522567
0.638682
0.388146
0.730020
0.489901
0.646115
0.756512
0.640722
0.780208
0.737727
0.753009
0.605528
0.773229
0.584962
0.566125
0.672835
0.796502
0.621583
0.639199
0.650772
