0.548440
0.575321
0.716162
0.392196
0.644835
0.676904
0.785028
0.548673
0.503743
0.595731
0.517120
0.632330
0.537684
0.822545
0.569450
0.682918
0.674239
0.480528
0.554533
0.613036
0.535156
0.681270
0.451050
0.493656
0.703565
0.547187
0.749777
0.620999
0.720783
0.448208
0.504390
0.687597
0.741250
0.708388
0.677196
0.607931
0.602978
0.468052
0.699961
0.689497
0.537276
0.697178
0.506332
0.537135
0.697945
0.572957
0.559366
0.694253
0.733873
0.458734
0.637739
0.467590
0.717104
0.387873
0.840721
0.491057
0.329913
0.508727
0.567463
0.632924
0.527805
0.541745
0.613069
0.511662
0.613623
0.309832
0.579453
0.544969
0.457524
0.446827
0.533803
0.351981
0.672849
0.413560
0.559346
0.387843
0.586498
0.495388
0.618422
0.623615
0.594954
0.628144
0.535496
0.597722
0.430725
0.592626
0.655662
0.707146
0.489817
0.703324
0.540999
0.408992
0.595044
0.471580
0.472833
0.570249
0.656934
0.659285
0.637591
0.686040
0.533113
0.837100
0.479997
0.464957
0.657995
0.570452
0.700993
0.624017
0.761950
0.599710
0.653408
0.668465
0.341535
0.619277
0.597057
0.591805
0.593624
0.533107
0.475672
0.735526
0.535995
0.691874
0.590666
0.728785
0.566216
0.627478
0.571223
0.696674
0.792226
0.652842
0.635500
0.571887
0.496459
0.719921
0.767446
0.653380
0.705392
0.617058
0.601150
0.730820
0.563623
0.571290
0.676529
0.712210
0.600765
0.798140
0.651003
0.829669
0.578177
0.540969
0.671917
0.639033
0.685127
0.531925
0.685425
0.723524
0.572179
0.221943
0.559147
0.820976
0.617908
0.522899
0.570698
0.798404
0.653478
0.700992
0.592539
0.685167
0.545358
0.583663
0.671222
0.731022
0.534645
0.559377
0.861917
0.451029
0.495919
0.515041
0.651543
0.600137
0.774569
0.501457
0.464377
0.571741
0.628140
0.498852
0.576124
0.499324
0.758843
0.696928
0.600018
0.681522
0.681476
0.606544
0.498245
0.572874
0.522529
0.619402
0.531177
0.653216
0.692537
0.477930
0.576480
0.491476
0.486055
0.638089
0.339849
0.661327
0.552569
0.528460
0.657595
0.428302
0.587581
0.507548
0.505446
0.543610
0.405738
0.728210
0.685233
0.612829
0.631499
0.614429
0.478171
0.586656
0.634000
0.513455
0.408173
0.611159
0.556434
0.449871
0.644318
0.530863
0.467295
0.742311
0.859724
0.795246
0.851654
0.634587
0.715940
0.715616
0.748914
0.806100
0.751183
0.738968
0.647909
0.712986
0.770122
0.670437
0.635194
0.877964
0.693054
0.823692
0.621469
0.597866
0.630387
0.649630
0.832821
0.637809
0.825218
0.608410
0.613182
0.784865
0.866112
0.653178
0.864177
0.743440
0.743732
0.702274
0.868354
0.729265
0.694967
0.784434
0.727355
0.563629
0.695868
0.677141
0.755746
0.827870
0.760506
0.884846
0.529104
0.381579
0.687498
0.633267
0.556648
0.503897
0.629558
0.688023
0.664249
0.677275
0.359637
0.736324
0.435086
0.593104
0.530818
0.642841
0.409025
0.696342
0.568491
0.599851
0.564997
0.673915
0.527555
0.708803
0.600109
0.579504
0.906640
0.521007
0.573691
0.563748
0.613595
0.687975
0.828647
0.651699
0.713241
0.590427
0.507757
0.662254
0.536386
0.528602
0.627503
0.656563
0.853620
0.838080
0.901976
0.869665
0.807801
0.775399
0.868236
0.901115
0.725319
0.857175
0.886622
0.691555
0.896552
0.665887
0.901765
0.689382
0.876244
0.912678
0.739288
0.809730
0.885632
0.913030
0.800318
0.667732
0.905541
0.696847
0.811082
0.910707
0.764145
0.840150
0.848493
0.905030
0.618455
0.763378
0.897212
0.871931
0.823287
0.812224
0.760123
0.832255
0.883721
0.969074
0.388416
0.589738
0.657192
0.619115
0.513272
0.702475
0.496371
0.579347
0.587726
0.409575
0.681296
0.570327
0.506971
0.555010
0.573992
0.392909
0.605170
0.483146
0.606389
0.606772
0.663967
0.503938
0.616359
0.644415
0.594312
0.861472
0.524962
0.578524
0.562177
0.627849
0.653903
0.726084
0.539255
0.646155
0.539814
0.500268
0.629204
0.637597
0.487097
0.661320
0.526185
0.462808
0.548955
0.641475
0.436995
0.630902
0.568739
0.542960
0.483410
0.258871
0.587613
0.509381
0.344220
0.463019
0.487642
0.283165
0.606843
0.348487
0.596233
0.464484
0.510747
0.388834
0.559351
0.570825
0.590254
0.777802
0.380396
0.520530
0.382105
0.540068
0.539897
0.670205
0.416473
0.560931
0.477832
0.437500
0.559405
0.464873
0.363750
0.596675
0.662989
0.646289
0.799071
0.665144
0.822324
0.679384
0.637988
0.627529
0.558525
0.760458
0.826667
0.504278
0.775705
0.559526
0.491228
0.733550
0.545382
0.834249
0.620594
0.719736
0.536316
0.640471
0.709122
0.781656
0.849061
0.626760
0.749210
0.596703
0.663248
0.787044
0.764406
0.564416
0.727353
0.698294
0.534533
0.643622
0.726614
0.583727
0.792014
0.647493
0.708672
0.671052
0.830049
0.686589
0.698327
0.639434
0.537746
0.706772
0.661356
0.569645
0.723558
0.598041
0.616257
0.727503
0.650834
0.817007
0.622210
0.670151
0.605637
0.611042
0.772939
0.755398
0.823152
0.737087
0.655437
0.592266
0.561214
0.720957
0.788652
0.604782
0.704697
0.643099
0.621238
0.687838
0.626959
0.565241
0.835131
0.807371
0.535047
0.783896
0.681723
0.626199
0.759188
0.626379
0.742450
0.535936
0.655485
0.779356
0.815038
0.667532
0.747503
0.665101
0.702391
0.620720
0.690069
0.650961
0.794071
0.770780
0.532972
0.780433
0.666234
0.575456
0.730790
0.622147
0.743433
0.786361
0.554729
0.722904
0.525931
0.547327
0.856437
0.672863
0.597734
0.577832
0.890581
0.682698
0.722933
0.524403
0.479608
0.475754
0.580592
0.511213
0.467121
0.498164
0.613764
0.449541
0.595699
0.443300
0.576505
0.498919
0.570288
0.533943
0.621819
0.615824
0.563799
0.830938
0.476096
0.479117
0.520344
0.592504
0.560604
0.652269
0.475886
0.605028
0.431086
0.554686
0.672088
0.511939
0.382533
0.482825
0.701522
0.898797
0.586875
0.684285
0.575608
0.717351
0.807250
0.606884
0.629921
0.787968
0.730775
0.766090
0.452835
0.395503
0.549377
0.756735
0.755995
0.611216
0.737493
0.604424
0.741939
0.623287
0.519662
0.640535
0.889160
0.720586
0.778667
0.539543
0.678503
0.610751
0.566391
0.759462
0.581069
0.753673
0.783896
0.794732
0.729123
0.756119
0.593636
0.796730
0.712158
0.641104
0.728379
0.643809
0.536354
0.752453
0.693076
0.837596
0.720345
0.829209
0.583678
0.719416
0.701839
0.797862
0.847111
0.761006
0.729260
0.744091
0.541180
0.881830
0.792483
0.690373
0.777242
0.685492
0.618675
0.605593
0.760688
0.662497
0.736054
0.694437
0.555249
0.491006
0.647477
0.689498
0.438667
0.646928
0.711726
0.630139
0.699102
0.485397
0.453616
0.585018
0.587091
0.610796
0.595136
0.766039
0.545171
0.786496
0.587779
0.615299
0.566495
0.679747
0.619353
0.601563
0.509940
0.649704
0.576092
0.530511
0.675716
0.499050
0.554300
0.709176
0.847590
0.542654
0.740166
0.691611
0.489463
0.561316
0.715740
0.641088
0.631848
0.543769
0.660294
0.572742
0.553126
0.647613
0.727845
0.631610
0.560765
0.895149
0.397666
0.478552
0.512295
0.641790
0.607804
0.762832
0.441007
0.393629
0.543722
0.610248
0.523980
0.555365
0.440511
0.713863
0.692171
0.602440
0.500862
0.449847
0.447898
0.542451
0.364305
0.613609
0.387934
0.523871
0.471441
0.520031
0.393869
0.551997
0.524296
0.552499
0.781892
0.472810
0.538551
0.426892
0.605751
0.576897
0.671771
0.486380
0.552172
0.482176
0.401691
0.584577
0.396485
0.406442
0.633619
0.639906
0.658540
0.586993
0.710054
0.542749
0.592726
0.676995
0.517684
0.637106
0.531474
0.697256
0.610110
0.508985
0.732328
0.752979
0.719407
0.766278
0.617752
0.570265
0.613703
0.734649
0.716797
0.626213
0.776970
0.616928
0.601513
0.759628
0.485578
0.675365
0.687336
0.815196
0.670452
0.553398
0.744320
0.582178
0.743916
0.708649
0.700291
0.582908
0.610550
0.609713
0.759430
0.632869
0.680418
0.902578
0.623395
0.626007
0.591618
0.561484
0.619967
0.870598
0.695561
0.781792
0.563154
0.652448
0.722990
0.533935
0.514985
0.626219
0.753262
0.597094
0.455333
0.444072
0.638761
0.391210
0.515914
0.537813
0.505042
0.432735
0.450280
0.678275
0.569717
0.718510
0.502857
0.582701
0.434317
0.622255
0.642388
0.508673
0.395693
0.522249
0.593219
0.434852
0.586774
0.462685
0.268782
0.667410
0.759401
0.667321
0.530962
0.633060
0.547854
0.552487
0.440845
0.592529
0.621946
0.738239
0.681023
0.575076
0.668938
0.556306
0.621735
0.512938
0.674387
0.704123
0.845260
0.601199
0.690374
0.631537
0.637607
0.597092
0.415981
0.579272
0.663404
0.710005
0.455440
0.657015
0.539002
0.716752
0.672963
0.705418
0.444055
0.481209
0.759667
0.775082
0.723956
0.713476
0.674015
0.566667
0.582735
0.771222
0.679819
0.622758
0.733938
0.698035
0.572978
0.676215
0.535193
0.606507
0.731813
0.730767
0.613143
0.429951
0.601559
0.507224
0.638167
0.399714
0.583972
0.578668
0.632677
0.781862
0.567575
0.606221
0.496300
0.546360
0.634146
0.708491
0.547673
0.692868
0.508685
0.467835
0.631038
0.545644
0.456081
0.564643
0.563942
0.580717
0.688397
0.611340
0.532314
0.725532
0.707596
0.816343
0.659834
0.861825
0.704952
0.679210
0.593205
0.713669
0.699593
0.813406
0.621913
0.679626
0.672290
0.635718
0.738574
0.547606
0.639006
0.716447
0.801057
0.410085
0.505266
0.521641
0.508210
0.394862
0.598622
0.506363
0.727753
0.416080
0.439355
0.357559
0.669418
0.528742
0.596888
0.373504
0.564091
0.449484
0.482289
0.599118
0.498820
0.489309
0.634185
0.667445
0.600884
0.669888
0.659484
0.534183
0.774712
0.452430
0.814361
0.597796
0.541595
0.637107
0.834275
0.682306
0.678462
0.512042
0.639916
0.602275
0.567060
0.779981
0.441019
0.624374
0.727718
0.846859
0.608057
0.646185
0.599440
0.619358
0.655543
0.538528
0.624360
0.628478
0.537642
0.561952
0.717937
0.802523
0.508852
0.744668
0.568292
0.439032
0.663342
0.430706
0.500249
0.636631
0.737135
0.633562
0.713373
0.731694
0.561073
0.856602
0.590483
0.629021
0.448626
0.711651
0.601569
0.810671
0.594773
0.552402
0.644262
0.630852
0.667434
0.461164
0.496670
0.763463
0.865189
0.536066
0.613949
0.671212
0.744761
0.645896
0.599726
0.553722
0.553383
0.750195
0.647449
0.590891
0.664579
0.551112
0.428310
0.605249
0.512905
0.412215
0.613446
0.771236
0.633387
0.719791
0.660752
0.707874
0.584858
0.555759
0.716303
0.752922
0.554270
0.567028
0.702646
0.663057
0.544932
0.723669
0.529200
0.598083
0.791374
0.814496
0.786728
0.905197
0.610566
0.652070
0.590585
0.626816
0.723581
0.839435
0.728317
0.722412
0.631610
0.686712
0.727846
0.696896
0.590285
0.706722
0.627020
0.849489
0.504314
0.474118
0.585806
0.804066
0.734063
0.786120
0.445663
0.530009
0.509601
0.622706
0.702224
0.508658
0.569823
0.685130
0.846508
0.909564
0.886220
0.794520
0.835253
0.968389
0.712240
0.748617
0.935286
0.851574
0.691944
0.801495
0.665751
0.807678
0.854398
0.939276
0.516150
0.348063
0.709792
0.554607
0.724303
0.429020
0.519120
0.471521
0.645510
0.646016
0.589426
0.455376
0.678501
0.723650
0.502608
0.680476
0.622343
0.774573
0.395777
0.407986
0.384718
0.596073
0.642405
0.525855
0.596948
0.650896
0.700863
0.635681
0.529585
0.714522
0.488898
0.577516
0.547758
0.599632
0.597961
0.435112
0.446884
0.701239
0.714559
0.714199
0.779028
0.616143
0.807917
0.507797
0.616881
0.742121
0.630793
0.556360
0.634844
0.812876
0.853192
0.628422
0.673439
0.562293
0.742588
0.768348
0.666770
0.616417
0.807392
0.692400
0.625113
0.760040
0.799966
0.608775
0.783280
0.673818
0.673987
0.809118
0.937408
0.445210
0.325003
0.487703
0.654804
0.481775
0.492046
0.651597
0.767770
0.565717
0.647923
0.664602
0.570698
0.614056
0.801729
0.783474
0.562062
0.733678
0.549515
0.516120
0.565890
0.736893
0.606543
0.482912
0.462458
0.691272
0.695073
0.581178
0.636127
0.783995
0.606776
0.521414
0.669644
0.817042
0.574959
0.747671
0.777848
