0.067532
0.017454
0.025120
0.367982
0.052550
0.028019
0.065106
0.534278
0.030405
0.055728
0.035856
0.034151
0.039678
0.097497
0.032780
0.044643
0.046090
0.027980
0.139149
0.039445
0.017646
0.022134
0.028349
0.260765
0.134678
0.095245
0.654488
0.021832
0.094406
0.085541
0.064793
0.033571
0.037648
0.163728
0.183175
0.042072
0.258876
0.060725
0.047455
0.387498
0.273899
0.047618
0.175528
0.458138
0.056761
0.171502
0.071906
0.019042
0.056410
0.073899
0.063502
0.182477
0.085768
0.107599
0.054241
0.352406
0.041705
0.033328
0.049732
0.066363
0.052715
0.041990
0.049863
0.087194
0.070457
0.107859
0.079236
0.051636
0.074607
0.068007
0.034868
0.141541
0.155523
0.078446
0.531651
0.072786
0.080222
0.016544
0.030229
0.098207
0.084901
0.188064
0.090807
0.039584
0.127673
0.061614
0.135125
0.241510
0.126965
0.024408
0.049657
0.259388
0.064486
0.246268
0.088779
0.061196
0.117951
0.011232
0.334712
0.065831
0.012841
0.037392
0.502325
0.052389
0.060841
0.021802
0.028632
0.028016
0.090508
0.042604
0.023230
0.070945
0.025285
0.188677
0.033467
0.013603
0.010791
0.039583
0.226720
0.117174
0.099695
0.600102
0.045161
0.055784
0.075974
0.061668
0.014241
0.019085
0.112887
0.190485
0.031699
0.211874
0.043371
0.024394
0.324671
0.244504
0.042706
0.179478
0.455570
0.024837
0.140551
0.048849
0.015309
0.025041
0.284770
0.049358
0.022504
0.041869
0.455160
0.044776
0.041953
0.015072
0.015093
0.027590
0.062064
0.034133
0.023055
0.067864
0.037527
0.163742
0.019040
0.012586
0.015421
0.036845
0.188773
0.091473
0.081915
0.551260
0.048076
0.036940
0.056243
0.045079
0.027031
0.012644
0.121328
0.151443
0.029241
0.181661
0.046735
0.027402
0.279329
0.193643
0.030695
0.144574
0.406572
0.017038
0.124073
0.032110
0.014523
0.025083
0.299711
0.378270
0.240677
0.117256
0.301191
0.229467
0.270910
0.283576
0.273637
0.156243
0.283001
0.299135
0.351150
0.406424
0.278648
0.253690
0.338409
0.315385
0.296868
0.097571
0.292006
0.282589
0.295578
0.381636
0.204011
0.156680
0.214394
0.354701
0.306551
0.354111
0.156484
0.261926
0.055041
0.275021
0.378836
0.045747
0.029096
0.203744
0.105870
0.099806
0.245406
0.378374
0.269193
0.322035
0.321021
0.091828
0.112239
0.486733
0.053413
0.044508
0.075031
0.044437
0.064323
0.084608
0.043506
0.088753
0.084480
0.102158
0.127539
0.042972
0.068555
0.075315
0.064480
0.207633
0.148852
0.088764
0.571824
0.068937
0.097011
0.085411
0.067718
0.098011
0.064191
0.239478
0.112415
0.084122
0.232863
0.078799
0.101684
0.327275
0.197156
0.048146
0.130660
0.369744
0.077572
0.150765
0.065558
0.054954
0.098148
0.055669
0.525169
0.068217
0.093216
0.034929
0.046260
0.049562
0.124023
0.067770
0.023837
0.099466
0.012648
0.230905
0.067268
0.016854
0.016421
0.058823
0.263343
0.118469
0.144436
0.626875
0.065918
0.086040
0.113610
0.098749
0.011683
0.020640
0.119971
0.247723
0.045850
0.242299
0.066382
0.011673
0.359426
0.289169
0.078675
0.233392
0.521579
0.040807
0.146495
0.070750
0.030934
0.028352
0.386603
0.076722
0.065921
0.025452
0.059437
0.050985
0.097955
0.064476
0.038914
0.093521
0.073420
0.181035
0.059009
0.045648
0.038636
0.046816
0.182406
0.140770
0.113470
0.564910
0.085367
0.052699
0.048637
0.051113
0.047422
0.058120
0.080696
0.178482
0.029809
0.128114
0.047992
0.068448
0.232054
0.182771
0.053127
0.143234
0.366117
0.028709
0.206835
0.078519
0.047772
0.050279
0.449980
0.404345
0.436198
0.476227
0.439840
0.328104
0.464683
0.459190
0.541517
0.542563
0.443364
0.450597
0.506172
0.473773
0.463069
0.182200
0.444835
0.485378
0.312801
0.565698
0.384847
0.331379
0.404693
0.508289
0.467944
0.478347
0.334070
0.427317
0.149266
0.455209
0.534747
0.131694
0.159248
0.382319
0.309238
0.213188
0.414815
0.574401
0.470575
0.507384
0.494314
0.030725
0.045822
0.050708
0.052645
0.075389
0.026198
0.086239
0.049273
0.056247
0.077570
0.052911
0.046041
0.057890
0.016148
0.201075
0.165943
0.074152
0.609831
0.036097
0.110743
0.057169
0.049742
0.083450
0.060263
0.189407
0.129846
0.041200
0.210840
0.065022
0.101274
0.351181
0.215215
0.041888
0.125643
0.369115
0.071776
0.229490
0.074786
0.033636
0.112210
0.037107
0.033403
0.057608
0.049321
0.030444
0.092487
0.055897
0.096909
0.076259
0.024588
0.053170
0.069656
0.023776
0.161614
0.124470
0.032069
0.542374
0.049150
0.064867
0.027584
0.014410
0.095742
0.057211
0.196484
0.070717
0.047829
0.166836
0.061269
0.108998
0.277898
0.146000
0.026966
0.069120
0.289345
0.045973
0.209619
0.043903
0.036069
0.102843
0.026798
0.043324
0.070733
0.035482
0.031952
0.051803
0.043116
0.139315
0.026520
0.013861
0.023238
0.025619
0.202602
0.111933
0.072090
0.568618
0.044886
0.044942
0.042670
0.025989
0.040125
0.033842
0.104663
0.158973
0.020917
0.173139
0.046797
0.047280
0.276836
0.192905
0.038862
0.129971
0.380197
0.017377
0.177190
0.050158
0.016415
0.036692
0.050589
0.062394
0.029234
0.040176
0.052073
0.063271
0.147990
0.015212
0.028841
0.032987
0.036463
0.206800
0.077757
0.057359
0.558470
0.050797
0.048545
0.060640
0.037037
0.047198
0.023133
0.156018
0.144137
0.035917
0.204847
0.050724
0.044978
0.293922
0.198009
0.031536
0.131621
0.398832
0.025662
0.143108
0.027909
0.023525
0.039627
0.062408
0.050095
0.041271
0.095892
0.055782
0.161111
0.048510
0.043569
0.028924
0.050605
0.172328
0.120616
0.105826
0.553239
0.066966
0.052140
0.045741
0.066513
0.043517
0.036848
0.138367
0.149884
0.039121
0.160908
0.044838
0.069940
0.287711
0.185605
0.028788
0.130477
0.399890
0.037111
0.119631
0.046977
0.034289
0.060355
0.072968
0.093130
0.110688
0.125219
0.114952
0.052977
0.096918
0.087874
0.073434
0.093998
0.112294
0.084819
0.424484
0.115482
0.057954
0.030894
0.050549
0.119816
0.076576
0.206434
0.081500
0.058068
0.116059
0.078709
0.136220
0.191049
0.090805
0.028716
0.064986
0.263375
0.063831
0.179961
0.064751
0.081071
0.115689
0.069964
0.033551
0.069573
0.094289
0.029909
0.038888
0.046324
0.024032
0.209988
0.146540
0.056558
0.601777
0.038295
0.085913
0.053834
0.036175
0.077566
0.055089
0.159095
0.129388
0.042245
0.211463
0.060494
0.088498
0.318732
0.202006
0.027561
0.113985
0.353242
0.057893
0.190599
0.055043
0.028634
0.078751
0.100449
0.046102
0.225620
0.056078
0.031289
0.014802
0.070431
0.218924
0.099548
0.148826
0.563544
0.089902
0.055180
0.083573
0.083456
0.018166
0.029286
0.105812
0.222790
0.037475
0.185875
0.058977
0.025761
0.271930
0.221189
0.057972
0.188242
0.461699
0.030419
0.121710
0.072362
0.044705
0.014228
0.093838
0.083503
0.050809
0.054437
0.073972
0.032593
0.297241
0.173059
0.056068
0.684650
0.026928
0.127375
0.083267
0.048276
0.104324
0.101348
0.189420
0.168907
0.060259
0.286618
0.090106
0.121965
0.399647
0.275119
0.064450
0.143953
0.397861
0.096119
0.256340
0.103242
0.043545
0.108689
0.203366
0.085996
0.025833
0.031698
0.050231
0.276780
0.147566
0.145480
0.660384
0.059640
0.115488
0.118291
0.101744
0.033164
0.037468
0.135160
0.262008
0.044103
0.266729
0.070768
0.037058
0.404588
0.315988
0.087598
0.242531
0.536109
0.060541
0.178185
0.087291
0.034741
0.060474
0.125502
0.159451
0.187000
0.083762
0.248085
0.259784
0.086404
0.613893
0.098674
0.205888
0.090974
0.083244
0.238530
0.204842
0.332357
0.105572
0.131041
0.266512
0.171418
0.270281
0.383904
0.217454
0.108032
0.093630
0.256313
0.188639
0.375184
0.177698
0.134463
0.258873
0.032577
0.040609
0.041043
0.190197
0.103112
0.044986
0.538815
0.043525
0.037641
0.044726
0.023070
0.062521
0.040671
0.161473
0.100905
0.048042
0.187018
0.061241
0.068607
0.269621
0.167928
0.021743
0.096998
0.332793
0.032473
0.154278
0.038504
0.025285
0.051242
0.015809
0.033234
0.253472
0.111997
0.089235
0.620248
0.028397
0.065768
0.075269
0.052376
0.024972
0.027644
0.125470
0.185619
0.036699
0.227836
0.062784
0.027929
0.344048
0.250223
0.053335
0.168823
0.442084
0.034526
0.150632
0.056512
0.010089
0.031838
0.049100
0.230347
0.101091
0.116964
0.594113
0.055493
0.060202
0.073497
0.068842
0.010986
0.023205
0.117199
0.199424
0.035212
0.205538
0.059852
0.025866
0.313577
0.233111
0.045625
0.170406
0.442665
0.030466
0.138190
0.063126
0.026993
0.020848
0.211182
0.148926
0.053719
0.621744
0.026514
0.088908
0.043647
0.026196
0.069761
0.055400
0.158256
0.137659
0.020637
0.203027
0.046650
0.086872
0.336615
0.218965
0.036665
0.120891
0.377264
0.049709
0.231139
0.062923
0.020897
0.090471
0.212496
0.227948
0.320907
0.302260
0.137068
0.119251
0.174291
0.254525
0.193621
0.269211
0.122932
0.181487
0.055591
0.173211
0.269771
0.100976
0.050360
0.135853
0.138494
0.220152
0.164165
0.302681
0.172967
0.234164
0.247525
0.144827
0.484275
0.167444
0.085346
0.134928
0.135043
0.098358
0.075814
0.216037
0.218772
0.125065
0.216120
0.136317
0.093151
0.290557
0.219753
0.121130
0.204539
0.452161
0.082807
0.153251
0.081542
0.121615
0.092421
0.580091
0.060947
0.089465
0.064264
0.034721
0.143605
0.104706
0.230712
0.094513
0.085949
0.228125
0.097392
0.154504
0.341049
0.206288
0.065890
0.099699
0.320379
0.085308
0.251328
0.059899
0.058609
0.140746
0.689817
0.463355
0.477481
0.542443
0.615861
0.550239
0.620248
0.464020
0.564492
0.329712
0.582105
0.605551
0.260911
0.298120
0.502937
0.458731
0.430417
0.511517
0.515018
0.500097
0.612986
0.561349
0.114897
0.084111
0.053083
0.074110
0.075128
0.195811
0.167356
0.059323
0.287243
0.082667
0.091607
0.425923
0.293662
0.062713
0.156510
0.431520
0.082374
0.213824
0.085401
0.019786
0.096271
0.049406
0.056590
0.070321
0.050888
0.124144
0.121988
0.061748
0.115184
0.067031
0.073503
0.187679
0.127792
0.051686
0.119067
0.335532
0.021729
0.132846
0.037455
0.059757
0.046131
0.023209
0.105054
0.079402
0.166483
0.080738
0.037988
0.097071
0.059979
0.133818
0.200407
0.096166
0.022293
0.043183
0.249835
0.045796
0.202218
0.061005
0.057332
0.105868
0.097819
0.071439
0.170383
0.091796
0.039794
0.157643
0.058619
0.113021
0.255007
0.145790
0.028942
0.065859
0.284399
0.041167
0.221354
0.057185
0.037147
0.091509
0.023401
0.126911
0.239040
0.049974
0.224626
0.064548
0.014514
0.338880
0.272344
0.073420
0.215136
0.502750
0.036277
0.136792
0.072746
0.038383
0.020658
0.138731
0.180812
0.042354
0.195165
0.050754
0.020779
0.297290
0.212720
0.049659
0.175250
0.447987
0.020599
0.119864
0.030210
0.030965
0.031077
0.323166
0.119796
0.215390
0.122722
0.126523
0.288821
0.296016
0.165256
0.299894
0.482956
0.113597
0.254191
0.159154
0.136376
0.103079
0.168687
0.153020
0.167339
0.255362
0.224071
0.088069
0.094263
0.051330
0.152892
0.157040
0.293904
0.132020
0.157155
0.231915
0.159584
0.036180
0.066698
0.272175
0.193471
0.033735
0.132014
0.394089
0.028890
0.194523
0.058961
0.030029
0.060002
0.164115
0.249936
0.057915
0.048712
0.139424
0.122976
0.211077
0.140180
0.280715
0.174512
0.214228
0.209843
0.082574
0.280847
0.198235
0.046567
0.142499
0.403742
0.040759
0.180697
0.053556
0.044531
0.077747
0.344511
0.287958
0.096622
0.250211
0.529643
0.041467
0.131558
0.067970
0.047562
0.015901
0.059827
0.232456
0.197915
0.189232
0.234715
0.353344
0.280133
0.340535
0.282869
0.128599
0.068904
0.118164
0.166097
0.288770
0.177717
0.233147
0.240159
0.070735
0.301440
0.040824
0.163236
0.048467
0.038900
0.076329
0.139402
0.135855
0.274146
0.134160
0.143012
0.210602
0.390450
0.557928
0.394007
0.419212
0.473760
0.140766
0.028919
0.031965
0.029587
0.114866
0.150144
0.111642
0.038108
0.063325
0.047036
