0.854360
0.420383
0.614135
0.677562
0.577695
0.669703
0.590710
0.636451
0.572615
0.553395
0.521132
0.603185
0.620512
0.575148
0.716089
0.675567
0.566302
0.521336
0.596411
0.606737
0.479598
0.601874
0.712129
0.522290
0.673435
0.631966
0.552210
0.651190
0.664360
0.642970
0.586437
0.486150
0.643136
0.540769
0.692691
0.530379
0.494684
0.612588
0.560006
0.552449
0.893006
0.796734
0.679615
0.591009
0.627513
0.627715
0.630681
0.577078
0.760841
0.764094
0.910491
0.728201
0.851551
0.839497
0.838407
0.750784
0.713602
0.789940
0.821974
0.932093
0.855871
0.754406
0.829929
0.810806
0.904715
0.835280
0.871150
0.697173
0.845441
0.820609
0.930062
0.815199
0.799393
0.904724
0.933656
0.740570
0.964074
0.814111
0.820537
0.817506
0.992007
0.799061
0.812461
0.828216
0.862873
0.774908
0.787710
0.736310
0.905254
0.816145
0.824430
0.772566
0.798453
0.793240
0.847822
0.753989
0.711922
0.532442
0.500910
0.530630
0.609870
0.477063
0.581397
0.581665
0.546026
0.424312
0.586846
0.518373
0.467547
0.698421
0.616189
0.506016
0.436063
0.567351
0.587517
0.422880
0.546722
0.621352
0.393270
0.652568
0.523824
0.524059
0.529594
0.499042
0.566494
0.473643
0.428202
0.684922
0.542473
0.704269
0.451767
0.513766
0.586827
0.461443
0.434681
0.807669
0.729506
0.602641
0.504268
0.612472
0.464937
0.683659
0.587016
0.662615
0.676366
0.591648
0.835562
0.454654
0.615166
0.791399
0.529011
0.582656
0.546327
0.658798
0.698821
0.451919
0.401085
0.453852
0.483283
0.665172
0.653609
0.537874
0.534962
0.618763
0.569884
0.474806
0.506897
0.610381
0.627098
0.475223
0.552529
0.500411
0.464820
0.715414
0.579468
0.584580
0.574160
0.705299
0.571690
0.510913
0.562171
0.785646
0.840263
0.645981
0.724564
0.660962
0.612707
0.535249
0.472635
0.730087
0.612708
0.697357
0.618673
0.570486
0.673684
0.707099
0.642262
0.529014
0.629413
0.683384
0.674402
0.598124
0.637297
0.554783
0.640091
0.648659
0.622053
0.583933
0.698306
0.677736
0.662605
0.789029
0.626534
0.560837
0.589799
0.764940
0.570196
0.648513
0.858498
0.651920
0.714478
0.652125
0.630571
0.561061
0.486619
0.540298
0.849919
0.816121
0.718802
0.650914
0.699820
0.518770
0.778126
0.638949
0.647147
0.765322
0.442243
0.441987
0.539239
0.604813
0.458838
0.431556
0.463710
0.562891
0.548102
0.534958
0.421287
0.427189
0.470345
0.742367
0.415269
0.360184
0.599558
0.448841
0.457793
0.704150
0.516878
0.324859
0.460525
0.676034
0.413521
0.346717
0.669113
0.441558
0.783205
0.465796
0.510345
0.355627
0.356430
0.497972
0.808497
0.744241
0.508062
0.469058
0.438942
0.525967
0.648121
0.515122
0.719455
0.780210
0.783114
0.710309
0.704919
0.682922
0.784547
0.707857
0.679061
0.805813
0.873101
0.758330
0.700741
0.734274
0.706249
0.714793
0.799183
0.788557
0.568207
0.821870
0.770129
0.796847
0.724406
0.836636
0.662169
0.783755
0.654110
0.759786
0.640957
0.883457
0.660224
0.823226
0.679835
0.681399
0.620337
0.958554
0.793753
0.636965
0.512341
0.706056
0.742877
0.831678
0.747112
0.799281
0.389205
0.668054
0.572206
0.467972
0.425265
0.546630
0.586280
0.580969
0.500541
0.456468
0.347182
0.532499
0.621076
0.481981
0.484952
0.641315
0.482388
0.401207
0.616923
0.574541
0.414402
0.448416
0.585103
0.480555
0.396092
0.673400
0.459715
0.583940
0.461403
0.568893
0.465466
0.396699
0.472470
0.718484
0.822558
0.555553
0.627389
0.538388
0.533344
0.516032
0.418188
0.602645
0.653729
0.714273
0.571063
0.506255
0.574514
0.615513
0.631912
0.479849
0.608061
0.459402
0.608102
0.647022
0.529314
0.541382
0.631580
0.536300
0.413563
0.738059
0.636010
0.376385
0.524032
0.762121
0.520639
0.532710
0.719721
0.507100
0.701478
0.585249
0.563436
0.379978
0.388518
0.492388
0.692016
0.822346
0.573366
0.628660
0.543527
0.464382
0.645216
0.547455
0.626862
0.638225
0.623596
0.696680
0.598141
0.580304
0.743660
0.714580
0.736849
0.609228
0.610559
0.695987
0.501438
0.535508
0.754716
0.617472
0.587574
0.691420
0.746573
0.542477
0.778438
0.707720
0.634376
0.590394
0.723798
0.532996
0.785619
0.649336
0.496562
0.717026
0.540298
0.570267
0.924402
0.784168
0.659200
0.592282
0.606899
0.675839
0.784592
0.625455
0.758264
0.547013
0.662635
0.738665
0.685162
0.655701
0.656376
0.561423
0.485797
0.601521
0.484507
0.467045
0.522215
0.815784
0.580708
0.564142
0.589294
0.608955
0.611508
0.626361
0.482455
0.497364
0.499375
0.721751
0.560876
0.612211
0.527159
0.706649
0.592057
0.548197
0.612727
0.958373
0.836189
0.634463
0.605158
0.633552
0.683595
0.691554
0.577646
0.725688
0.487935
0.552460
0.526091
0.679945
0.637998
0.488229
0.279445
0.519415
0.580015
0.391429
0.474699
0.741889
0.412725
0.586030
0.536750
0.597916
0.494636
0.505129
0.527011
0.482868
0.354285
0.680246
0.479413
0.688465
0.314778
0.509252
0.507384
0.466607
0.436580
0.956094
0.888422
0.538705
0.528515
0.570386
0.590345
0.702870
0.519846
0.624804
0.490376
0.628980
0.555699
0.541676
0.428716
0.436027
0.560153
0.725435
0.496575
0.445396
0.673279
0.549569
0.482097
0.670547
0.509446
0.531998
0.387874
0.676047
0.494507
0.407620
0.788494
0.487260
0.663105
0.526955
0.573795
0.463011
0.388579
0.522389
0.817951
0.829461
0.651074
0.628331
0.712912
0.551573
0.593306
0.479813
0.760152
0.583654
0.613505
0.553488
0.543076
0.471647
0.556896
0.825354
0.542675
0.459208
0.448490
0.541132
0.552987
0.713693
0.564924
0.651179
0.578803
0.663093
0.608806
0.486480
0.729550
0.588458
0.786219
0.543049
0.600709
0.598626
0.472344
0.548035
0.788037
0.575602
0.656373
0.571031
0.647733
0.441234
0.651657
0.530517
0.792849
0.754711
0.734355
0.611786
0.619297
0.611351
0.635467
0.483897
0.592250
0.741569
0.350434
0.683701
0.579520
0.594025
0.554485
0.612719
0.555336
0.651330
0.515186
0.781332
0.641196
0.822348
0.525123
0.602408
0.628825
0.558969
0.522482
0.814315
0.690336
0.590965
0.502952
0.635026
0.539280
0.655288
0.596426
0.755578
0.336826
0.626438
0.569407
0.630032
0.808597
0.635473
0.554905
0.592546
0.674025
0.583673
0.759140
0.617907
0.645180
0.651865
0.724876
0.611260
0.553644
0.864984
0.681070
0.756492
0.676649
0.679197
0.468266
0.545663
0.634678
0.800075
0.791437
0.751774
0.696781
0.745621
0.611338
0.599846
0.641639
0.717766
0.647400
0.485917
0.593503
0.730748
0.586053
0.526669
0.542994
0.689832
0.489839
0.748530
0.693117
0.565086
0.673299
0.689312
0.525463
0.607063
0.807448
0.582360
0.706885
0.649541
0.665945
0.486408
0.488122
0.558488
0.804372
0.829065
0.683726
0.699935
0.695453
0.518189
0.666357
0.530687
0.592511
0.381909
0.560365
0.621981
0.429301
0.405858
0.673644
0.525965
0.469995
0.552238
0.550576
0.599917
0.447301
0.603011
0.458279
0.370969
0.718444
0.599780
0.623462
0.411266
0.605314
0.489068
0.475558
0.604250
0.835842
0.848786
0.639744
0.596802
0.653713
0.602919
0.524660
0.444314
0.728931
0.513293
0.580542
0.368208
0.394941
0.632131
0.464073
0.422845
0.550774
0.563562
0.406999
0.497256
0.552453
0.396488
0.318741
0.624759
0.458599
0.559845
0.228054
0.475185
0.476435
0.331172
0.344666
0.855878
0.914770
0.492619
0.543729
0.530241
0.491781
0.542096
0.435605
0.533578
0.723129
0.534589
0.524434
0.663029
0.602226
0.561035
0.720081
0.643899
0.580429
0.680185
0.651194
0.562159
0.537654
0.774995
0.622144
0.699115
0.545394
0.517350
0.509868
0.559988
0.607376
0.926752
0.839700
0.690092
0.551698
0.675983
0.584180
0.708047
0.568881
0.671033
0.561226
0.704527
0.890561
0.667422
0.600445
0.565098
0.744282
0.617692
0.740352
0.607173
0.615352
0.588902
0.744653
0.573949
0.592286
0.573249
0.723782
0.680502
0.626173
0.647140
0.945094
0.877776
0.622859
0.650087
0.685968
0.760324
0.721281
0.645905
0.597837
0.321655
0.650489
0.406917
0.486044
0.369129
0.535194
0.511434
0.499210
0.489398
0.448548
0.359987
0.630286
0.476334
0.599437
0.418993
0.501651
0.525971
0.372370
0.450486
0.918985
0.833819
0.587784
0.525797
0.569363
0.584706
0.651570
0.516695
0.701270
0.606216
0.538151
0.386173
0.591492
0.452541
0.515647
0.460976
0.609078
0.360821
0.386241
0.754364
0.537308
0.656183
0.457992
0.495255
0.462218
0.424042
0.520838
0.850376
0.801703
0.673166
0.584997
0.642000
0.555979
0.644673
0.472955
0.699429
0.715602
0.695726
0.818723
0.634103
0.771868
0.667364
0.778689
0.697778
0.622478
0.820673
0.711220
0.881768
0.688423
0.747654
0.664268
0.571888
0.663466
0.703314
0.687576
0.689160
0.680168
0.749327
0.429856
0.752280
0.743255
0.886132
0.614972
0.511055
0.498167
0.465352
0.487652
0.444922
0.576545
0.373024
0.695653
0.509181
0.765784
0.438271
0.549093
0.549347
0.454077
0.416333
0.844548
0.679268
0.523571
0.467367
0.554452
0.548888
0.676834
0.560840
0.761174
0.660192
0.653603
0.524448
0.614059
0.639693
0.523345
0.455568
0.699990
0.601514
0.540828
0.510205
0.520903
0.456225
0.477676
0.547818
0.820097
0.854734
0.636328
0.690118
0.606560
0.622687
0.426492
0.366871
0.662813
0.704036
0.690431
0.669749
0.512798
0.658908
0.494424
0.720320
0.628669
0.569608
0.525626
0.674369
0.787353
0.567235
0.663727
0.952470
0.815373
0.650036
0.694407
0.734499
0.749686
0.721684
0.622522
0.753256
0.702362
0.323712
0.655106
0.524135
0.478130
0.764448
0.652356
0.782370
0.606077
0.695117
0.573729
0.497073
0.563955
0.738255
0.790671
0.663773
0.686787
0.692046
0.537633
0.768904
0.648232
0.863153
0.582999
0.702959
0.465225
0.442575
0.604222
0.414865
0.686131
0.494845
0.573590
0.452961
0.319726
0.415754
0.795747
0.852270
0.499457
0.550279
0.348989
0.566075
0.697690
0.584122
0.536963
0.656993
0.432495
0.444164
0.733209
0.523704
0.805942
0.572277
0.691161
0.483681
0.492677
0.530498
0.725248
0.820912
0.622410
0.695871
0.628656
0.538527
0.759950
0.568585
0.774180
0.560308
0.487187
0.775236
0.625283
0.627309
0.575583
0.724463
0.661058
0.592331
0.547159
0.926900
0.730973
0.525989
0.606477
0.677186
0.665557
0.604584
0.533714
0.767757
0.419413
0.706042
0.496342
0.680037
0.502268
0.624230
0.396443
0.440536
0.453893
0.796857
0.861925
0.562553
0.554431
0.556149
0.561510
0.685325
0.499187
0.647660
0.565084
0.453791
0.588438
0.302284
0.551962
0.479133
0.345940
0.415739
0.820594
0.753738
0.475797
0.441208
0.503332
0.543417
0.541373
0.424422
0.655936
0.634019
0.660459
0.613247
0.838342
0.759748
0.537080
0.632860
0.958341
0.949454
0.575693
0.686952
0.503350
0.844045
0.808249
0.715319
0.763324
0.734856
0.540804
0.609606
0.542160
0.426962
0.468894
0.894396
0.826392
0.465700
0.569007
0.490187
0.610518
0.769042
0.563783
0.642131
0.614300
0.725391
0.709215
0.507821
0.645431
0.903242
0.914483
0.750213
0.850568
0.663251
0.826166
0.573267
0.471761
0.583158
0.593678
0.553163
0.442230
0.495480
0.904680
0.885294
0.520891
0.479142
0.523390
0.630106
0.585050
0.500865
0.641887
0.595776
0.558913
0.526864
0.950749
0.830696
0.765892
0.661687
0.728258
0.563012
0.686860
0.556722
0.718623
0.475745
0.543435
0.805372
0.822545
0.581312
0.578290
0.555776
0.530702
0.627669
0.501267
0.660164
0.329867
0.808192
0.821313
0.515994
0.489041
0.446629
0.489378
0.613284
0.477678
0.620104
0.793024
0.853863
0.508731
0.569507
0.509110
0.489300
0.636639
0.480456
0.584077
0.823565
0.845636
0.870880
0.837401
0.688540
0.837119
0.810796
0.887802
0.839349
0.762682
0.809739
0.734105
0.819860
0.812444
0.953194
0.557503
0.429982
0.603236
0.754809
0.630884
0.691066
0.560346
0.619545
0.761342
0.665267
0.703882
0.662283
0.775667
0.630548
0.628188
0.654280
0.603903
0.703623
0.461504
0.797744
0.588266
