0.641174
0.349358
0.613096
0.515866
0.512370
0.415557
0.368618
0.670238
0.478969
0.608705
0.718432
0.288408
0.430343
0.343860
0.735150
0.442762
0.487981
0.655270
0.397223
0.511346
0.572883
0.385392
0.507592
0.526249
0.465235
0.455867
0.489049
0.358252
0.732328
0.955810
0.556848
0.285037
0.449040
0.533400
0.851192
0.440919
0.742984
0.559352
0.309535
0.331194
0.452968
0.431674
0.425893
0.432469
0.635710
0.430188
0.562827
0.646353
0.639104
0.643542
0.757615
0.747494
0.611644
0.719535
0.707431
0.641222
0.828364
0.676759
0.631546
0.602952
0.755108
0.732332
0.657250
0.611611
0.770419
0.762067
0.567419
0.536843
0.638781
0.761632
0.630620
0.781599
0.565152
0.638896
0.672816
0.867533
0.752742
0.621961
0.693715
0.872177
0.731410
0.659858
0.690756
0.652220
0.733513
0.523794
0.650869
0.761719
0.682180
0.731267
0.854794
0.707653
0.689061
0.570569
0.579863
0.581619
0.550586
0.450478
0.657153
0.560200
0.629206
0.731857
0.457825
0.476829
0.435294
0.836247
0.501421
0.629545
0.602205
0.536885
0.621205
0.618534
0.462416
0.573702
0.610924
0.500484
0.609011
0.590214
0.446030
0.729650
0.953229
0.687179
0.446087
0.480192
0.735209
0.841836
0.466633
0.683460
0.600459
0.500937
0.413414
0.488481
0.482546
0.510679
0.492875
0.771848
0.536824
0.638289
0.589581
0.794110
0.725699
0.540369
0.580599
0.729381
0.823631
0.826825
0.713846
0.756066
0.524913
0.692824
0.683703
0.797492
0.590923
0.766224
0.700699
0.732402
0.621856
0.695711
0.685132
0.572073
0.800880
0.719724
0.536234
0.609225
0.881996
0.774978
0.640501
0.673253
0.858325
0.757949
0.641723
0.763940
0.627171
0.735701
0.441185
0.693109
0.789014
0.824520
0.636866
0.726208
0.618036
0.640832
0.622224
0.574507
0.417612
0.408742
0.655647
0.637654
0.784184
0.559708
0.706292
0.533676
0.651136
0.623474
0.632415
0.597281
0.702597
0.578013
0.556735
0.504741
0.441160
0.353837
0.607681
0.687890
0.610783
0.549893
0.641738
0.813185
0.654390
0.414978
0.631343
0.782886
0.813770
0.475397
0.828958
0.564880
0.555412
0.530289
0.531503
0.599757
0.686671
0.444784
0.646280
0.512822
0.611642
0.580975
0.645714
0.758925
0.634780
0.617968
0.803252
0.550609
0.651693
0.726072
0.861889
0.494341
0.713751
0.774876
0.704200
0.596360
0.761433
0.578823
0.668434
0.480501
0.644870
0.652709
0.679723
0.605212
0.931100
1.065259
0.741360
0.462695
0.477322
0.647491
0.951603
0.643868
0.870445
0.767903
0.601065
0.666659
0.738073
0.583901
0.700932
0.638861
0.671805
0.606355
0.698845
0.512190
0.712273
0.514606
0.630412
0.777354
0.347241
0.521053
0.479043
0.909690
0.557798
0.548559
0.761205
0.657713
0.415005
0.693078
0.379425
0.573714
0.574161
0.488352
0.665661
0.475504
0.557041
0.709197
0.782942
0.335434
0.518126
0.623236
0.708381
0.809290
0.561140
0.853673
0.655873
0.416484
0.621143
0.625019
0.577825
0.584164
0.569691
0.739274
0.626014
0.501769
0.400293
0.572378
0.660316
0.637618
0.380023
0.479339
0.367746
0.643058
0.560827
0.498378
0.591798
0.577430
0.576455
0.517753
0.341344
0.429784
0.659910
0.425516
0.693709
0.440746
0.496876
0.567924
0.828774
0.635067
0.434478
0.569620
0.723300
0.821717
0.530688
0.788989
0.318682
0.408569
0.382889
0.451013
0.602503
0.520238
0.395640
0.754558
0.518939
0.462946
0.716246
0.753123
0.734214
0.628428
0.758870
0.569985
0.688762
0.750954
0.696112
0.574125
0.749215
0.735153
0.623824
0.602659
0.399298
0.739852
0.690019
0.777177
0.715435
0.659422
0.527723
0.850783
0.833178
0.634038
0.673683
0.825452
0.888054
0.623939
0.759364
0.506686
0.694454
0.591625
0.702097
0.797193
0.791609
0.640010
0.799529
0.718116
0.696595
0.652317
0.675521
0.455450
0.513238
0.466566
0.899430
0.615732
0.491924
0.663502
0.617917
0.583049
0.705299
0.465903
0.610400
0.662737
0.480217
0.701645
0.589586
0.554581
0.729831
0.979383
0.626047
0.545814
0.616951
0.737652
0.781630
0.585083
0.810826
0.734136
0.501504
0.582991
0.672291
0.581494
0.608038
0.566556
0.801040
0.716892
0.645381
0.761947
0.563999
0.500918
0.628285
0.873949
0.683220
0.638730
0.706727
0.729221
0.696027
0.448143
0.450994
0.518369
0.593755
0.656303
0.631304
0.620233
0.669985
0.768928
0.875425
0.706506
0.589833
0.711491
0.854785
0.772983
0.581391
0.800849
0.663147
0.595249
0.650706
0.569473
0.472947
0.621997
0.658083
0.722538
0.700050
0.688999
0.701180
0.764619
0.690446
0.989072
0.748305
0.738615
0.750274
0.811966
0.700610
0.776884
0.634865
0.687984
0.788508
0.640322
0.822017
0.763479
0.744681
0.652172
0.816345
0.900537
0.700596
0.724700
0.858477
0.841623
0.772115
0.838049
0.628436
0.623828
0.716335
0.759240
0.721562
0.676676
0.748725
0.773175
0.734404
0.725920
0.358856
0.275154
0.818738
0.518014
0.420271
0.697607
0.460288
0.432521
0.555691
0.305650
0.459137
0.587406
0.433420
0.610942
0.399220
0.525910
0.678880
0.855646
0.597411
0.426876
0.552877
0.608627
0.835187
0.548896
0.833860
0.504308
0.360779
0.500884
0.560780
0.499714
0.438045
0.468153
0.719803
0.580153
0.462831
0.425898
0.818564
0.589222
0.425391
0.708723
0.557029
0.580282
0.561590
0.351993
0.534648
0.711148
0.409068
0.706152
0.424787
0.534051
0.791085
0.910719
0.638034
0.503318
0.584899
0.705263
0.756557
0.573868
0.871914
0.623360
0.432259
0.536795
0.598180
0.488224
0.439233
0.587856
0.759305
0.627612
0.609664
0.787220
0.538871
0.511467
0.543062
0.545370
0.463741
0.525036
0.319110
0.479705
0.623674
0.448173
0.646754
0.481912
0.519322
0.500814
0.836467
0.685606
0.483378
0.616065
0.715712
0.787365
0.550799
0.747857
0.492365
0.422374
0.459002
0.538020
0.523976
0.454320
0.439518
0.718199
0.572026
0.465521
0.821225
0.814090
0.793084
0.847284
0.905443
0.702410
0.759244
0.798268
0.844542
0.791920
0.894120
0.808741
0.756895
0.819179
0.954307
0.791781
0.728420
0.788913
0.826893
0.930416
0.757003
0.886315
0.686935
0.838947
0.602026
0.781526
0.913419
0.841863
0.777167
0.899989
0.773108
0.822326
0.694614
0.704150
0.600276
0.617891
0.640828
0.541064
0.681807
0.594790
0.576569
0.632977
0.626664
0.541913
0.762956
0.949526
0.676228
0.465313
0.483054
0.616688
0.888089
0.557607
0.772864
0.663873
0.511153
0.530445
0.620585
0.585244
0.579908
0.575895
0.784903
0.603273
0.681174
0.853945
0.502027
0.618284
0.677175
0.403166
0.565845
0.660195
0.562370
0.683572
0.397730
0.500593
0.778456
0.993726
0.710803
0.538745
0.603772
0.802038
0.856294
0.603477
0.909723
0.619998
0.514195
0.555950
0.703287
0.657352
0.600332
0.600339
0.801129
0.661634
0.595430
0.788055
0.756591
0.670474
0.587771
0.647170
0.777706
0.732995
0.799868
0.860178
0.689940
0.607872
0.944344
0.795203
0.681600
0.743710
0.861263
0.811399
0.635371
0.469609
0.665508
0.719396
0.603787
0.627089
0.758363
0.792167
0.674289
0.866042
0.783103
0.800034
0.702351
0.678156
0.543732
0.658238
0.683271
0.631352
0.596946
0.606039
0.541078
0.857116
1.016794
0.762372
0.490851
0.564906
0.519618
0.952956
0.604995
0.847504
0.655265
0.535379
0.548316
0.698966
0.619896
0.568520
0.537338
0.819893
0.646550
0.690014
0.796502
0.440938
0.620157
0.604150
0.572013
0.756512
0.574529
0.593772
0.739492
0.891687
0.685219
0.555423
0.649657
0.712611
0.860220
0.657117
0.950451
0.696170
0.507238
0.647035
0.677783
0.650401
0.602005
0.483260
0.707937
0.593609
0.566196
0.475634
0.535280
0.649735
0.640262
0.737727
0.599626
0.641045
0.674712
0.773776
0.589234
0.599169
0.643080
0.827771
0.721308
0.482663
0.756443
0.518410
0.579304
0.500339
0.632966
0.553127
0.570415
0.635077
0.777404
0.680819
0.689661
0.480873
0.562342
0.425132
0.608453
0.392438
0.474596
0.577667
0.793731
0.567228
0.474603
0.532846
0.739408
0.717775
0.511728
0.792661
0.468266
0.424821
0.432132
0.511275
0.491090
0.494902
0.428059
0.696741
0.568990
0.437192
0.651098
0.533737
0.674262
0.559408
0.643296
0.652739
0.817716
0.713025
0.486806
0.688981
0.718144
0.870540
0.630737
0.827689
0.562054
0.515660
0.601488
0.598693
0.582782
0.556038
0.549316
0.768339
0.618117
0.620553
0.701522
0.589687
0.657934
0.578299
0.835228
0.912825
0.626531
0.349767
0.566726
0.717420
0.891963
0.477355
0.926033
0.704988
0.498495
0.611921
0.673751
0.548647
0.686394
0.549548
0.630282
0.558020
0.658060
0.769923
0.501662
0.546107
0.692051
0.768140
0.635933
0.485234
0.542571
0.663701
0.726922
0.654646
0.882410
0.593788
0.447978
0.541298
0.584609
0.617160
0.461760
0.511222
0.687889
0.540263
0.517275
0.747173
0.669197
0.873134
1.018547
0.739221
0.478129
0.698971
0.609135
0.971931
0.639258
0.811289
0.754706
0.545767
0.700830
0.593369
0.625030
0.744965
0.679414
0.734955
0.692922
0.701020
0.550167
0.714026
0.878969
0.572732
0.524673
0.554136
0.732454
0.815766
0.612133
0.936110
0.581954
0.478372
0.548359
0.692605
0.594022
0.571507
0.564712
0.749493
0.616802
0.498197
0.729802
0.917326
0.633275
0.464155
0.409427
0.750889
0.742788
0.508251
0.780463
0.599800
0.537167
0.293819
0.591958
0.596911
0.577107
0.537843
0.698848
0.511579
0.597738
0.676237
0.875298
0.775392
0.846105
0.962429
0.549750
0.709709
0.740299
0.616159
0.727996
0.647503
0.756120
0.802613
0.810306
0.741756
0.877273
0.807429
0.681717
0.872099
0.969576
0.988599
1.025294
0.662699
0.892079
0.947314
0.744084
0.908044
0.916929
0.896029
0.958867
0.861685
0.923421
0.966486
0.936700
0.851461
0.585063
0.704981
0.735857
0.824376
0.570583
0.909999
0.716681
0.534077
0.677790
0.662843
0.596089
0.653551
0.681644
0.829741
0.703069
0.665539
0.444808
0.584910
0.873297
0.440031
0.830962
0.575935
0.393380
0.464443
0.471472
0.483971
0.476652
0.410518
0.624681
0.390208
0.605792
0.670737
0.879102
0.577477
0.824756
0.638970
0.598820
0.451442
0.730687
0.616198
0.572853
0.583326
0.721774
0.536695
0.662636
1.002717
0.745135
0.997711
0.792539
0.531067
0.734866
0.812316
0.768730
0.715257
0.705129
0.808755
0.745483
0.820372
0.851318
0.872456
0.812010
0.816688
0.774749
0.779625
0.807091
0.805084
0.911396
0.919829
0.903788
0.807746
0.741309
0.638816
0.549169
0.350198
0.599358
0.554833
0.622515
0.521925
0.711640
0.550065
0.693270
0.789944
0.844411
0.667624
0.692212
0.843310
0.826783
0.842579
0.848365
0.847619
0.914740
0.605030
0.468429
0.559508
0.674191
0.604667
0.558117
0.833135
0.630008
0.568297
0.561777
0.596113
0.494784
0.475627
0.489302
0.639235
0.569643
0.509709
0.557233
0.623292
0.575889
0.520537
0.778295
0.524127
0.614430
0.591639
0.454228
0.481710
0.687923
0.502710
0.647913
0.528992
0.548660
0.718543
0.567437
0.645236
0.573441
0.716070
0.527462
0.594595
0.641339
0.438198
0.561401
0.321214
0.692407
0.646659
