0.209524
0.235359
0.635939
0.061269
0.093702
0.377553
0.171564
0.097781
0.677704
0.142668
0.064548
0.061867
0.794117
0.240210
0.132381
0.413039
0.388560
0.070575
0.508078
0.028256
0.162749
0.312151
0.240532
0.090788
0.181138
0.128648
0.486884
0.221449
0.102924
0.081286
0.601889
0.421110
0.331803
0.120782
0.477464
0.143524
0.151196
0.187557
0.265716
0.098368
0.324789
0.083072
0.114484
0.069798
0.095870
0.027513
0.323299
0.150735
0.074319
0.123544
0.093428
0.048934
0.314187
0.028103
0.110968
0.086239
0.419168
0.030040
0.107993
0.071707
0.218196
0.057035
0.154478
0.125668
0.054535
0.049584
0.120139
0.100110
0.032607
0.040271
0.168298
0.024834
0.064802
0.076309
0.194233
0.102270
0.050622
0.039847
0.113212
0.034429
0.047243
0.014279
0.031334
0.060587
0.107129
0.046329
0.055774
0.233734
0.088565
0.306054
0.162320
0.069650
0.134870
0.067189
0.056018
0.309126
0.031388
0.109893
0.092280
0.473358
0.056708
0.157595
0.076969
0.202395
0.069756
0.150088
0.143094
0.052401
0.052116
0.100238
0.082764
0.022708
0.037152
0.146576
0.016600
0.062533
0.076838
0.204633
0.078707
0.028596
0.045363
0.087965
0.040710
0.042851
0.040082
0.016876
0.071974
0.088875
0.065302
0.062275
0.259628
0.096387
0.563738
0.480083
0.138028
0.382110
0.376695
0.111346
0.413999
0.472474
0.450763
0.308339
0.318201
0.377498
0.183594
0.249417
0.419885
0.084432
0.553339
0.350271
0.199017
0.331990
0.485804
0.340835
0.396238
0.094827
0.364477
0.417174
0.442727
0.150333
0.163762
0.211061
0.375220
0.285574
0.435436
0.431438
0.341049
0.298834
0.402355
0.266462
0.449214
0.422479
0.674643
0.455823
0.043113
0.283892
0.087882
0.083001
0.576417
0.079827
0.019784
0.029749
0.674890
0.148829
0.169732
0.314365
0.404817
0.058366
0.409006
0.026548
0.102381
0.230428
0.217491
0.030389
0.123293
0.062016
0.398290
0.135889
0.063737
0.027448
0.480360
0.315141
0.230163
0.091002
0.349686
0.090340
0.092883
0.138334
0.160153
0.077884
0.234730
0.069813
0.098277
0.075049
0.022706
0.217527
0.060951
0.047673
0.481524
0.021947
0.034469
0.021503
0.590934
0.088149
0.157526
0.203834
0.348247
0.037535
0.311723
0.037586
0.060557
0.149676
0.179721
0.009352
0.064092
0.016727
0.307226
0.050968
0.031021
0.014388
0.366886
0.194694
0.125319
0.039627
0.232534
0.032255
0.017424
0.072701
0.075564
0.043964
0.142559
0.037455
0.035802
0.092421
0.030519
0.165395
0.171906
0.124369
0.176489
0.224674
0.202743
0.236005
0.084199
0.197017
0.059113
0.251056
0.194654
0.056717
0.279278
0.136726
0.062456
0.207891
0.222870
0.141886
0.156158
0.072584
0.146545
0.184816
0.193835
0.098346
0.061440
0.072143
0.150123
0.178734
0.197777
0.182486
0.149222
0.106556
0.187801
0.096709
0.220541
0.193148
0.399231
0.190133
0.062045
0.353888
0.066892
0.055652
0.068406
0.552308
0.078113
0.157839
0.171362
0.241318
0.075353
0.218209
0.091700
0.036774
0.105464
0.113984
0.044437
0.039486
0.043258
0.186234
0.071555
0.046510
0.041800
0.325721
0.172364
0.104731
0.038988
0.191344
0.074590
0.067403
0.094352
0.070105
0.110065
0.157615
0.084025
0.098036
0.232187
0.044873
0.409685
0.038341
0.042453
0.029572
0.578574
0.084096
0.057806
0.167216
0.196972
0.011865
0.241521
0.055334
0.036139
0.092008
0.077283
0.054185
0.031031
0.026934
0.225366
0.069897
0.020659
0.037345
0.327233
0.178386
0.106845
0.016099
0.222606
0.049820
0.053980
0.045892
0.080796
0.032593
0.138976
0.019475
0.032459
0.159911
0.052728
0.417072
0.505770
0.476694
0.162287
0.250716
0.422330
0.130459
0.302826
0.454174
0.052922
0.565542
0.339465
0.194181
0.382102
0.485710
0.338755
0.401022
0.069422
0.342977
0.436847
0.455900
0.093561
0.152864
0.217308
0.365343
0.244290
0.418271
0.415336
0.343496
0.283438
0.461763
0.264845
0.469330
0.439254
0.724397
0.455174
0.058443
0.041761
0.517395
0.055786
0.130902
0.137506
0.286399
0.033688
0.242421
0.069812
0.051544
0.095406
0.143985
0.037042
0.036805
0.013966
0.249655
0.017203
0.033543
0.032025
0.286839
0.141613
0.076632
0.033996
0.152919
0.014332
0.017088
0.028380
0.036387
0.036917
0.112270
0.025069
0.032360
0.144266
0.045648
0.017519
0.648138
0.123063
0.125081
0.256246
0.304439
0.032489
0.333807
0.025758
0.070219
0.172786
0.140989
0.024869
0.072572
0.036741
0.311833
0.105522
0.035614
0.013667
0.426464
0.255020
0.169294
0.053406
0.296751
0.073594
0.070243
0.105564
0.120213
0.045614
0.195135
0.045250
0.072357
0.105722
0.012153
0.604533
0.099991
0.108148
0.217965
0.315554
0.019335
0.311927
0.027087
0.052337
0.144134
0.156056
0.022183
0.072435
0.023465
0.303263
0.084779
0.023086
0.012272
0.375571
0.215108
0.146785
0.038837
0.283684
0.056031
0.050453
0.082188
0.104382
0.028534
0.144444
0.033586
0.034556
0.080181
0.024868
0.335273
0.562160
0.249388
0.575971
0.591387
0.221838
0.686738
0.506810
0.348455
0.628009
0.617163
0.519441
0.530409
0.311333
0.451173
0.588627
0.591987
0.157482
0.282564
0.364235
0.530194
0.349066
0.528732
0.522758
0.448811
0.401174
0.579289
0.359933
0.594807
0.555886
0.743821
0.574649
0.141609
0.061051
0.274533
0.090322
0.129460
0.142117
0.048168
0.055049
0.162290
0.102577
0.057139
0.053612
0.147950
0.042282
0.085414
0.084237
0.161405
0.095112
0.057407
0.054385
0.133955
0.061077
0.065629
0.046803
0.036914
0.103182
0.092621
0.090831
0.094518
0.263951
0.085176
0.225905
0.175721
0.067482
0.271663
0.117746
0.103350
0.141046
0.122677
0.167397
0.109805
0.121363
0.265325
0.171970
0.097165
0.128742
0.367106
0.261365
0.199452
0.080878
0.324935
0.144010
0.163332
0.091859
0.181886
0.103534
0.216876
0.084001
0.106767
0.240554
0.139030
0.243578
0.195582
0.042435
0.303883
0.129502
0.037347
0.208071
0.225854
0.115081
0.140839
0.068100
0.091620
0.178809
0.207127
0.046771
0.027431
0.033481
0.139230
0.085438
0.146644
0.144855
0.103236
0.061973
0.186815
0.079448
0.194585
0.164481
0.427949
0.214720
0.236767
0.197377
0.336167
0.238564
0.180799
0.096548
0.344574
0.169375
0.282396
0.155369
0.272801
0.270052
0.305919
0.354714
0.268507
0.234695
0.211608
0.259593
0.282389
0.318670
0.217418
0.259328
0.280759
0.344380
0.242399
0.280759
0.545251
0.320129
0.279310
0.032125
0.048968
0.120793
0.105527
0.043840
0.045577
0.028254
0.269578
0.073352
0.028877
0.026324
0.359159
0.208410
0.134016
0.028258
0.246504
0.041693
0.056365
0.050417
0.093085
0.020869
0.158662
0.010277
0.035333
0.120057
0.040124
0.395756
0.196944
0.077352
0.225565
0.321839
0.176075
0.235532
0.019648
0.185549
0.271032
0.290264
0.057376
0.062030
0.086138
0.215487
0.130795
0.250641
0.254969
0.179415
0.135251
0.280924
0.153799
0.288905
0.276899
0.555758
0.295681
0.096238
0.224303
0.176793
0.034731
0.099413
0.060345
0.378505
0.123551
0.056344
0.026095
0.487573
0.313561
0.227872
0.063061
0.347286
0.070743
0.078986
0.111834
0.160735
0.058529
0.246517
0.037992
0.074074
0.075541
0.034918
0.064359
0.104541
0.063344
0.040318
0.026415
0.181518
0.060384
0.027833
0.048848
0.264694
0.141690
0.079929
0.020838
0.192446
0.062699
0.060361
0.064697
0.060959
0.075369
0.094698
0.063918
0.057135
0.211236
0.062992
0.128908
0.162167
0.065423
0.085713
0.084791
0.071642
0.102218
0.137604
0.116467
0.051037
0.030557
0.076364
0.109186
0.114184
0.112053
0.072479
0.053376
0.130288
0.073793
0.133746
0.104871
0.347844
0.148313
0.173606
0.061163
0.124624
0.176313
0.149953
0.119983
0.146237
0.352955
0.228229
0.147511
0.094005
0.215213
0.153762
0.176444
0.131067
0.144388
0.133753
0.240093
0.116462
0.157944
0.359003
0.157592
0.066810
0.024907
0.307872
0.066393
0.033983
0.012717
0.392362
0.212076
0.140924
0.047117
0.248235
0.047161
0.034527
0.093849
0.086512
0.060998
0.160154
0.050812
0.055298
0.104741
0.023401
0.033375
0.156714
0.036096
0.046801
0.055543
0.266739
0.132860
0.062283
0.025601
0.133916
0.041689
0.050911
0.040852
0.037890
0.069962
0.139688
0.044023
0.066300
0.247680
0.065766
0.230023
0.031289
0.014440
0.018188
0.287763
0.141845
0.074523
0.021964
0.182549
0.031614
0.021380
0.047600
0.043731
0.033693
0.099386
0.034258
0.029412
0.139487
0.029327
0.196430
0.254878
0.278226
0.109300
0.085486
0.094757
0.198130
0.147725
0.253936
0.256758
0.198097
0.144665
0.279681
0.178343
0.282641
0.276792
0.565477
0.282889
0.062395
0.064483
0.219111
0.095467
0.045594
0.047603
0.096108
0.024812
0.025128
0.034670
0.016860
0.076014
0.099550
0.062476
0.056645
0.219518
0.078940
0.028371
0.338728
0.180502
0.108009
0.021377
0.229405
0.053058
0.039201
0.066043
0.077638
0.043857
0.120880
0.038632
0.028626
0.136644
0.040970
0.367891
0.203573
0.130450
0.033521
0.246351
0.044555
0.040250
0.073796
0.083353
0.037329
0.156456
0.034999
0.050049
0.101146
0.011051
0.067458
0.115168
0.297298
0.153800
0.304194
0.299851
0.233862
0.172566
0.333941
0.139288
0.365442
0.315328
0.585201
0.375612
0.026565
0.152653
0.089275
0.165722
0.142665
0.126519
0.064534
0.186940
0.053713
0.216763
0.161893
0.404687
0.222734
0.088336
0.077790
0.098750
0.082593
0.075270
0.021853
0.118266
0.053066
0.138741
0.108987
0.337371
0.144846
0.191629
0.036727
0.034087
0.044463
0.060236
0.052104
0.124754
0.032879
0.031077
0.178033
0.048796
0.156462
0.169625
0.130132
0.076797
0.243530
0.172027
0.224576
0.217651
0.477162
0.253490
0.020845
0.033530
0.048483
0.055940
0.147679
0.025368
0.043112
0.164172
0.054523
0.050792
0.043166
0.057561
0.115980
0.046897
0.033301
0.145773
0.054929
0.042344
0.064065
0.126727
0.038599
0.060075
0.218596
0.088101
0.091179
0.076099
0.088286
0.083038
0.266058
0.092987
0.132791
0.030025
0.039126
0.108345
0.052653
0.178428
0.109305
0.289796
0.177595
0.037995
0.126628
0.047898
0.120158
0.074513
0.121472
