0.291733
0.070313
0.099998
0.074288
0.100524
0.065868
0.436910
0.045994
0.058436
0.187187
0.040470
0.042363
0.551561
0.521626
0.029181
0.504609
0.381031
0.371974
0.200867
0.133439
0.353328
0.242452
0.065601
0.096431
0.259071
0.097181
0.042680
0.044989
0.100977
0.025709
0.057138
0.116919
0.587615
0.285417
0.216963
0.026246
0.034500
0.157131
0.038451
0.087375
0.540644
0.264640
0.101149
0.110630
0.093079
0.087460
0.056299
0.503455
0.663340
0.350527
0.289751
0.340964
0.340525
0.391041
0.576006
0.358648
0.318603
0.409003
0.348594
0.338913
0.580383
0.532628
0.317092
0.269324
0.432900
0.467981
0.439073
0.428561
0.489924
0.543361
0.383609
0.343767
0.410158
0.412950
0.313502
0.292436
0.382717
0.246889
0.353857
0.364013
0.647666
0.428939
0.478021
0.338412
0.290610
0.416755
0.321135
0.383037
0.644734
0.387925
0.398699
0.386854
0.395365
0.395946
0.305105
0.610396
0.713133
0.072068
0.066119
0.051828
0.027220
0.378104
0.031313
0.044261
0.166990
0.032121
0.035213
0.451683
0.496586
0.042445
0.539482
0.372913
0.336299
0.155416
0.115517
0.296314
0.151588
0.036715
0.078951
0.188505
0.055124
0.055757
0.029910
0.035558
0.059605
0.028970
0.091053
0.504099
0.289685
0.086909
0.053064
0.029903
0.077291
0.047604
0.053189
0.435587
0.252763
0.033073
0.045962
0.034513
0.020514
0.040999
0.435248
0.547429
0.035948
0.020955
0.055191
0.240938
0.053065
0.043957
0.070356
0.049423
0.059467
0.318295
0.341556
0.058252
0.459855
0.217924
0.194113
0.090628
0.092516
0.170168
0.123673
0.052447
0.042485
0.107301
0.052675
0.123429
0.052940
0.061152
0.067841
0.043188
0.045087
0.372133
0.179742
0.086133
0.075756
0.043205
0.062760
0.104562
0.054449
0.311947
0.131698
0.048251
0.042661
0.066226
0.074230
0.037567
0.296406
0.442021
0.028679
0.032493
0.262182
0.047959
0.019930
0.078353
0.019388
0.031651
0.375819
0.384761
0.030888
0.553286
0.241926
0.243615
0.087856
0.067033
0.194428
0.104726
0.027262
0.029939
0.140624
0.042012
0.090856
0.036269
0.049935
0.067248
0.021449
0.038297
0.421674
0.177278
0.096246
0.038279
0.028118
0.090986
0.074899
0.028557
0.346292
0.148945
0.037857
0.042270
0.057063
0.052129
0.023869
0.322853
0.489562
0.033637
0.235475
0.043093
0.032565
0.069467
0.039100
0.045682
0.303378
0.352264
0.049987
0.536717
0.233636
0.202660
0.072196
0.070334
0.151418
0.083436
0.039528
0.040802
0.081714
0.033053
0.108319
0.045103
0.032622
0.065701
0.026131
0.025011
0.348998
0.199767
0.045748
0.070992
0.030878
0.057712
0.094076
0.024132
0.289232
0.156369
0.022127
0.020300
0.039451
0.044289
0.024985
0.276763
0.407982
0.292415
0.016748
0.025460
0.104076
0.013859
0.016537
0.382858
0.439575
0.023508
0.593988
0.305328
0.274063
0.090175
0.070725
0.219664
0.096173
0.009272
0.043030
0.145867
0.024182
0.067863
0.037808
0.027156
0.067406
0.014625
0.047121
0.430690
0.237791
0.073387
0.032720
0.023841
0.075533
0.055094
0.016427
0.352697
0.203311
0.018567
0.028288
0.031174
0.020726
0.030687
0.348014
0.476503
0.320331
0.261247
0.090759
0.307182
0.335459
0.131440
0.144082
0.324580
0.713844
0.092414
0.072903
0.095745
0.248089
0.036456
0.198127
0.273804
0.204609
0.147069
0.240391
0.498942
0.390855
0.269407
0.399791
0.280698
0.164703
0.079795
0.170709
0.217180
0.372597
0.331306
0.293823
0.460933
0.231042
0.046037
0.133640
0.247539
0.247440
0.281969
0.333594
0.322331
0.039032
0.183537
0.033868
0.115914
0.020710
0.021807
0.403179
0.458565
0.019853
0.549695
0.311449
0.282401
0.106480
0.094414
0.247658
0.132801
0.021306
0.053840
0.161813
0.037872
0.063977
0.042150
0.035657
0.045367
0.019614
0.061768
0.456623
0.244820
0.102656
0.040463
0.025171
0.091241
0.052435
0.037804
0.384639
0.210030
0.034014
0.040674
0.040866
0.031050
0.037059
0.385299
0.504921
0.077226
0.011944
0.029810
0.380275
0.381419
0.021368
0.533375
0.237473
0.238713
0.079419
0.065543
0.201064
0.114165
0.023238
0.022574
0.145862
0.036000
0.083423
0.037997
0.034870
0.053073
0.012265
0.029346
0.411937
0.166368
0.098224
0.035675
0.021241
0.098268
0.070117
0.022090
0.350306
0.142942
0.026897
0.038086
0.035899
0.041153
0.030609
0.328946
0.492545
0.102274
0.133982
0.228744
0.219442
0.117227
0.576963
0.112953
0.084147
0.022892
0.081007
0.064745
0.090929
0.093751
0.039804
0.075978
0.068207
0.257258
0.167774
0.100980
0.166422
0.088463
0.031172
0.214514
0.095346
0.106535
0.149522
0.123222
0.122993
0.230625
0.074358
0.172086
0.061247
0.079849
0.076961
0.100368
0.144840
0.123180
0.144976
0.314460
0.017041
0.430476
0.428839
0.010874
0.565618
0.291436
0.276646
0.104772
0.069324
0.239852
0.124236
0.011658
0.032189
0.170421
0.032013
0.062694
0.025253
0.040371
0.051492
0.008676
0.049637
0.463664
0.205315
0.103906
0.017310
0.018462
0.084555
0.047823
0.025854
0.393616
0.179376
0.028649
0.041626
0.035684
0.035485
0.025990
0.372014
0.533312
0.420154
0.457216
0.017614
0.547778
0.315377
0.305948
0.125521
0.100796
0.258231
0.145494
0.019503
0.060046
0.180806
0.052332
0.038385
0.021996
0.044964
0.046720
0.023723
0.065346
0.478635
0.255209
0.115641
0.017245
0.014780
0.100875
0.026461
0.033022
0.402574
0.218986
0.043166
0.050742
0.054911
0.032526
0.015457
0.396315
0.529874
0.244828
0.438749
0.670378
0.213712
0.183445
0.191240
0.358601
0.104391
0.261364
0.392857
0.333292
0.147798
0.358721
0.545801
0.461071
0.351601
0.470485
0.390505
0.259575
0.092664
0.367972
0.268869
0.490784
0.413547
0.385464
0.527583
0.317474
0.054843
0.297388
0.342134
0.323104
0.385735
0.407997
0.393246
0.100624
0.075916
0.446758
0.614326
0.138632
0.080624
0.256871
0.367612
0.144256
0.354363
0.423644
0.320095
0.234002
0.380587
0.595616
0.475930
0.424450
0.490337
0.418106
0.285308
0.148443
0.237892
0.364732
0.469634
0.442736
0.385349
0.563650
0.381469
0.192451
0.182263
0.393193
0.384986
0.407833
0.491886
0.423472
0.125918
0.297571
0.535204
0.290440
0.286124
0.117380
0.084654
0.249321
0.160740
0.020264
0.048217
0.181095
0.046724
0.051819
0.029554
0.049702
0.036626
0.014408
0.061506
0.480275
0.228206
0.130836
0.023567
0.013395
0.112322
0.038290
0.035099
0.414597
0.196069
0.047125
0.057916
0.054044
0.044194
0.028550
0.393088
0.556801
0.543574
0.574838
0.619860
0.638085
0.652473
0.718303
0.592086
0.547973
0.582940
0.615573
0.503323
0.502317
0.560782
0.439683
0.565667
0.561361
0.756988
0.566997
0.664229
0.548383
0.486183
0.576280
0.514142
0.605899
0.780999
0.527459
0.592630
0.573907
0.579433
0.572382
0.506745
0.761502
0.830250
0.069231
0.142629
0.274111
0.111579
0.263152
0.282359
0.189303
0.190668
0.254597
0.450307
0.352789
0.266130
0.329601
0.273948
0.174878
0.205711
0.088520
0.282256
0.336382
0.295793
0.319976
0.424215
0.257973
0.180933
0.070995
0.263686
0.252010
0.278084
0.336705
0.287092
0.172278
0.351344
0.117139
0.217272
0.059647
0.205026
0.267066
0.168855
0.106560
0.207862
0.455745
0.339069
0.249543
0.335628
0.258964
0.149338
0.113651
0.125081
0.210008
0.327107
0.290464
0.235364
0.425686
0.232567
0.128952
0.078295
0.227154
0.211428
0.239811
0.327420
0.277516
0.098583
0.252333
0.082555
0.062865
0.064763
0.086009
0.051410
0.067803
0.064818
0.245622
0.171806
0.082748
0.178320
0.084419
0.025486
0.198345
0.133957
0.086655
0.159748
0.122629
0.151177
0.222730
0.054556
0.146096
0.106784
0.067931
0.069234
0.092535
0.122866
0.126301
0.139091
0.263588
0.170539
0.090314
0.080963
0.052642
0.102474
0.044698
0.189967
0.115029
0.079855
0.140062
0.059645
0.050360
0.344657
0.181984
0.094645
0.109593
0.093678
0.120257
0.172022
0.048950
0.314959
0.164369
0.056629
0.062691
0.066785
0.111463
0.099517
0.271522
0.421742
0.141769
0.216653
0.156744
0.058657
0.177875
0.398755
0.294869
0.204714
0.306136
0.209431
0.100028
0.075200
0.191545
0.145089
0.301571
0.245102
0.226126
0.370183
0.156182
0.054642
0.142335
0.183146
0.174779
0.218392
0.265160
0.233949
0.033316
0.156725
0.114520
0.085697
0.093031
0.072286
0.257064
0.172668
0.087207
0.220506
0.109088
0.069613
0.282438
0.204993
0.052310
0.178997
0.153284
0.126852
0.240479
0.078833
0.217102
0.184236
0.067069
0.063469
0.091377
0.117816
0.137865
0.218685
0.297638
0.037249
0.162678
0.029235
0.077153
0.043864
0.037508
0.071247
0.012007
0.048218
0.435495
0.215260
0.090320
0.031372
0.028151
0.082363
0.057948
0.021992
0.349677
0.185651
0.026493
0.039883
0.041318
0.031044
0.035964
0.341435
0.494171
0.114644
0.032153
0.146208
0.079529
0.053426
0.092615
0.032140
0.025184
0.351015
0.111935
0.094649
0.063111
0.055097
0.090474
0.128319
0.037706
0.293479
0.086938
0.035775
0.040403
0.046711
0.077800
0.060067
0.269249
0.435071
0.109199
0.292231
0.192538
0.122332
0.207497
0.140422
0.068327
0.155079
0.219932
0.072512
0.227813
0.163006
0.138741
0.276245
0.102480
0.141821
0.160354
0.105600
0.091571
0.129520
0.177449
0.150899
0.131567
0.202187
0.137630
0.074300
0.027534
0.097116
0.025515
0.035887
0.365656
0.171342
0.053835
0.065515
0.049791
0.065346
0.118600
0.027261
0.311589
0.147603
0.012797
0.013783
0.017454
0.046614
0.054111
0.297285
0.434373
0.032475
0.105144
0.041996
0.074599
0.152642
0.638699
0.386068
0.208924
0.043215
0.037167
0.175022
0.005467
0.099378
0.563565
0.350762
0.114916
0.125460
0.119443
0.064988
0.048942
0.555488
0.670997
0.060822
0.037244
0.033640
0.087467
0.527273
0.285726
0.119848
0.028796
0.015462
0.090570
0.025152
0.053838
0.460222
0.243951
0.055299
0.064177
0.064577
0.044138
0.014408
0.440957
0.581806
0.074771
0.026729
0.047420
0.388335
0.202635
0.051910
0.077236
0.038019
0.086905
0.094616
0.032762
0.327562
0.182688
0.010871
0.015412
0.014204
0.018506
0.042635
0.334188
0.445037
0.050448
0.097210
0.537669
0.273186
0.177537
0.051635
0.020938
0.141954
0.043371
0.080614
0.486369
0.242686
0.085664
0.088910
0.082719
0.068029
0.038516
0.463622
0.605967
0.038169
0.427407
0.202055
0.078337
0.038649
0.018288
0.083553
0.059024
0.017575
0.357073
0.175398
0.018309
0.030984
0.029122
0.026927
0.028117
0.342060
0.493652
0.272094
0.142947
0.069825
0.086383
0.055056
0.102033
0.135975
0.019282
0.228609
0.116239
0.033025
0.034775
0.050944
0.075645
0.057103
0.203517
0.347781
0.315740
0.291312
0.533300
0.470614
0.404380
0.608866
0.351120
0.042282
0.269923
0.367651
0.353726
0.397259
0.472732
0.452139
0.035846
0.066561
0.250114
0.244805
0.241380
0.255636
0.363205
0.212639
0.297806
0.040403
0.190574
0.183812
0.185488
0.270588
0.237385
0.269692
0.462993
0.162949
0.111994
0.066292
0.188849
0.061796
0.230699
0.203524
0.035542
0.037143
0.057277
0.075345
0.097265
0.240413
0.324757
0.026267
0.112404
0.032973
0.055347
0.465071
0.217936
0.067574
0.076646
0.069729
0.062110
0.030008
0.439980
0.602133
0.096691
0.029464
0.032110
0.409582
0.204219
0.039358
0.045263
0.046244
0.029982
0.011557
0.391282
0.535811
0.152147
0.094102
0.350333
0.191716
0.061404
0.064149
0.074716
0.096220
0.085762
0.336645
0.469243
0.083536
0.530877
0.323658
0.099105
0.112387
0.107158
0.055822
0.038710
0.520237
0.650163
0.285894
0.181986
0.020140
0.030658
0.039504
0.039968
0.036759
0.270871
0.404427
0.243942
0.305974
0.298521
0.350527
0.390677
0.387758
0.031615
0.066876
0.164684
0.156108
0.171359
0.240404
0.197516
0.220611
0.413872
0.008740
0.009336
0.023917
0.041413
0.302884
0.424115
0.015915
0.032984
0.040208
0.298100
0.403806
0.031942
0.052255
0.342409
0.466139
0.038694
0.400928
0.508585
0.375325
0.511809
0.101402
