0.757540
0.669398
0.662118
0.641935
0.575187
0.675421
0.691274
0.730956
0.542248
0.462743
0.543797
0.719094
0.543639
0.545861
0.422885
0.764743
0.715972
0.882802
0.658692
0.646118
0.938703
0.543952
0.629631
0.748901
0.454862
0.546547
0.775852
0.700301
0.451960
0.582765
0.627586
0.586055
0.682871
0.635255
0.663084
0.646569
0.512651
0.650421
0.640839
0.534426
0.584914
0.551179
0.598208
0.840283
0.795658
0.598650
0.794678
0.660808
0.665662
0.614098
0.718749
0.667319
0.912494
0.778129
0.725201
0.754638
0.795824
0.590554
0.591900
0.575030
0.713423
0.686351
0.691269
0.828032
0.823476
0.916282
0.607636
0.810124
0.912583
0.746376
0.579425
0.906166
0.726902
0.663825
0.901243
0.578339
0.639942
0.700222
0.753540
0.721914
0.429226
0.794397
0.723584
0.689189
0.696821
0.809846
0.660327
0.523098
0.714945
0.631982
0.773616
0.807252
0.612832
0.685795
0.988192
0.581731
0.512542
0.506942
0.627073
0.643742
0.496211
0.493505
0.681412
0.585617
0.518384
0.459138
0.472224
0.588428
0.477497
0.600251
0.630011
0.660720
0.724697
0.546190
0.527328
0.840222
0.475209
0.210615
0.616560
0.536638
0.490882
0.807580
0.594628
0.532070
0.532759
0.369816
0.553717
0.392019
0.439621
0.532570
0.506404
0.653688
0.497118
0.403573
0.470074
0.522656
0.420319
0.537623
0.689783
0.620062
0.411226
0.743783
0.401916
0.436251
0.577516
0.696063
0.434969
0.572163
0.724770
0.463706
0.510188
0.513287
0.643600
0.646447
0.610564
0.606225
0.593362
0.712917
0.683149
0.551310
0.508128
0.912195
0.445331
0.479870
0.659828
0.544805
0.556736
0.843237
0.507075
0.540863
0.664047
0.408585
0.539089
0.455910
0.453171
0.565445
0.569903
0.690649
0.484839
0.457135
0.656090
0.613171
0.451567
0.551132
0.702012
0.705008
0.562841
0.739568
0.596297
0.637232
0.695842
0.706420
0.715574
0.642724
0.596352
0.464439
0.556434
0.629927
0.653674
0.680766
0.724460
0.673811
0.700392
0.919971
0.290269
0.648561
0.870905
0.596952
0.661449
0.546663
0.527076
0.614474
0.720066
0.664002
0.517887
0.678897
0.672573
0.582331
0.662723
0.685337
0.390404
0.727910
0.697371
0.635763
0.578616
0.639506
0.565058
0.482090
0.717571
0.761678
0.815153
0.503597
0.786399
0.602426
0.554936
0.743146
0.746094
0.856539
0.552581
0.568620
0.636777
0.767831
0.646475
0.607281
0.646348
0.613932
0.673500
0.875788
0.738510
0.661601
0.988348
0.473734
0.611269
0.555584
0.665530
0.528067
0.900064
0.769889
0.589998
0.628777
0.578849
0.603875
0.762626
0.582032
0.693332
0.629082
0.774299
0.651650
0.616544
0.681693
0.193312
0.605813
0.528953
0.798702
0.842597
0.558330
0.636614
0.712480
0.679877
0.377466
0.569140
0.546631
0.561633
0.502521
0.561715
0.583632
0.628811
0.607546
0.699596
0.627311
0.658101
0.667122
0.522740
0.870017
0.511266
0.422830
0.781682
0.607812
0.532702
0.789222
0.699643
0.541712
0.735672
0.435032
0.625323
0.597521
0.335739
0.622093
0.559584
0.659091
0.546692
0.511897
0.561325
0.638518
0.471060
0.520879
0.677009
0.681427
0.533297
0.739801
0.585358
0.668441
0.582439
0.658204
0.598126
0.459032
0.641370
0.615845
0.564225
0.646378
0.746684
0.621537
0.690679
0.686312
0.604904
0.918857
0.519884
0.415555
0.768636
0.623416
0.688463
0.780706
0.692478
0.577848
0.614571
0.484399
0.639992
0.578718
0.520845
0.656748
0.573529
0.714097
0.674724
0.546946
0.551994
0.681962
0.504765
0.575058
0.645148
0.641657
0.570291
0.759538
0.555489
0.704063
0.729789
0.643164
0.536325
0.642614
0.700486
0.742475
0.696326
0.620844
0.662661
0.815144
0.661044
0.682442
0.710876
0.669302
0.698298
0.872036
0.667254
0.730915
0.736861
0.849859
0.642108
0.764967
0.695840
0.672647
0.733367
0.647824
0.719987
0.742556
0.661963
0.751065
0.702274
0.610287
0.787052
0.648446
0.752237
0.698457
0.707436
0.638432
0.878383
0.692631
0.738730
0.380419
0.516086
0.729085
0.617850
0.632040
0.567577
0.536068
0.652900
0.779865
0.596443
0.471977
0.981815
0.459996
0.568033
0.647976
0.508806
0.493683
0.851353
0.736802
0.440340
0.733717
0.509923
0.517451
0.650004
0.446819
0.585551
0.654119
0.593059
0.500695
0.562463
0.557815
0.519345
0.455166
0.545669
0.756837
0.796038
0.516155
0.602602
0.592423
0.641602
0.404646
0.560668
0.375057
0.503367
0.540646
0.520887
0.559869
0.818289
0.491537
0.533964
0.899828
0.405607
0.484507
0.671573
0.442658
0.454267
0.686999
0.629049
0.198377
0.585916
0.466444
0.454394
0.541829
0.503320
0.600275
0.575865
0.470064
0.631635
0.464268
0.441161
0.428101
0.453815
0.536538
0.681368
0.770505
0.411559
0.680749
0.529558
0.427236
0.610716
0.504416
0.506629
0.479341
0.580764
0.588212
0.750126
0.515320
0.389809
0.841450
0.373599
0.426799
0.740769
0.374625
0.496956
0.752403
0.548060
0.401735
0.568887
0.404176
0.500379
0.448259
0.447443
0.648306
0.505858
0.600211
0.558158
0.497816
0.414228
0.461745
0.407586
0.443933
0.659495
0.684371
0.457869
0.670119
0.447226
0.531164
0.680004
0.565437
0.681146
0.712463
0.738521
0.843721
0.557629
0.737256
0.899372
0.667962
0.497635
0.634665
0.653983
0.513651
0.725639
0.535688
0.593375
0.647375
0.563730
0.624786
0.559145
0.625564
0.676896
0.734806
0.673893
0.626281
0.514537
0.594800
0.621794
0.520257
0.726371
0.751682
0.724214
0.503719
0.818560
0.404412
0.277157
0.587294
0.546017
0.574226
0.635077
0.853143
0.682005
0.501763
0.959674
0.433668
0.518181
0.711518
0.589469
0.495365
0.684838
0.667946
0.348451
0.595949
0.498812
0.560370
0.622022
0.615565
0.728257
0.535296
0.552743
0.751590
0.568719
0.500525
0.535363
0.610801
0.509453
0.703055
0.757916
0.495823
0.773010
0.693661
0.578720
0.437990
0.725196
0.573938
0.905370
0.609383
0.663741
0.923453
0.545653
0.442905
0.749532
0.568768
0.479778
0.773212
0.577484
0.489161
0.479422
0.492589
0.582777
0.502701
0.610067
0.746370
0.557871
0.536517
0.676712
0.517547
0.405860
0.578144
0.548667
0.575051
0.693026
0.775479
0.431635
0.655308
0.465880
0.507263
0.747568
0.648761
0.835408
0.645752
0.635213
0.895730
0.587923
0.507188
0.846877
0.525038
0.467780
0.815403
0.651579
0.444388
0.695566
0.436119
0.609533
0.555123
0.556757
0.701848
0.624454
0.503607
0.647101
0.536118
0.475246
0.581336
0.549534
0.571429
0.763281
0.815293
0.586478
0.781436
0.540606
0.665710
0.661116
0.824299
0.660385
0.442127
0.807311
0.436174
0.655660
0.576755
0.779431
0.633751
0.762923
0.758431
0.533113
0.812315
0.636162
0.595521
0.682201
0.572465
0.568595
0.663080
0.799398
0.635388
0.554718
0.676717
0.508375
0.566788
0.508090
0.718640
0.807807
0.489247
0.606088
0.743953
0.628442
0.833029
0.668821
0.610001
0.788859
0.613474
0.624388
0.801844
0.731423
0.712612
0.629031
0.765053
0.497769
0.758303
0.574461
0.671399
0.716546
0.617513
0.764811
0.709949
0.739869
0.723816
0.602226
0.676020
0.688641
0.625270
0.675777
0.555057
0.851361
0.539357
0.668265
0.571077
0.733712
0.845438
0.781770
0.860519
0.765026
0.721676
0.900307
0.820991
0.819860
0.950109
0.821680
0.783311
0.937261
0.619641
0.786202
0.699566
0.594937
0.804080
0.810748
0.911000
0.802476
0.678416
0.793418
0.799907
0.744998
0.787961
0.699891
0.862934
0.844894
0.808610
0.767122
0.901653
0.614501
0.875873
0.588264
0.593062
0.600799
0.492189
0.587179
0.705436
0.599938
0.480109
0.669026
0.627527
0.537440
0.563447
0.585400
0.446257
0.674020
0.701816
0.547702
0.550630
0.603201
0.562036
0.416153
0.681347
0.705959
0.791425
0.513990
0.782874
0.521427
0.520903
0.702682
0.391899
0.555087
0.630796
0.525482
0.545204
0.725177
0.706427
0.466392
0.770170
0.434323
0.593712
0.606965
0.391991
0.549088
0.596782
0.670234
0.452198
0.516666
0.597128
0.528611
0.474112
0.465476
0.606560
0.681034
0.491962
0.644748
0.590663
0.682075
0.859882
0.869413
0.942513
0.915869
0.884750
0.653362
0.966623
0.849275
0.963113
0.861763
0.931812
0.873285
0.799982
0.854908
0.924733
0.725446
0.887576
0.876830
0.911941
0.952841
0.884650
0.933499
0.623258
0.945488
0.843458
0.866701
0.783595
0.963109
0.430124
0.563174
0.520566
0.455862
0.818821
0.496509
0.389668
0.459362
0.413152
0.492360
0.513092
0.433319
0.530782
0.307614
0.667234
0.561592
0.464936
0.503601
0.372384
0.468790
0.182653
0.605901
0.677525
0.439511
0.608258
0.609216
0.533662
0.636487
0.531712
0.428020
0.822337
0.550535
0.484441
0.495002
0.341552
0.502165
0.421772
0.425899
0.607694
0.426672
0.640366
0.599080
0.358102
0.430196
0.484949
0.469955
0.489445
0.664777
0.627036
0.400290
0.710590
0.446174
0.508871
0.753973
0.678455
0.904247
0.746169
0.737853
0.696393
0.643794
0.654622
0.812316
0.687473
0.416613
0.723587
0.922662
0.652099
0.595054
0.794791
0.508800
0.643621
0.635021
0.795090
0.896908
0.562723
0.685880
0.708325
0.496599
0.434556
0.824113
0.553700
0.453319
0.556945
0.516373
0.513426
0.596522
0.525128
0.627901
0.619852
0.563059
0.502300
0.601856
0.508913
0.531834
0.436419
0.627462
0.731784
0.769856
0.471781
0.805042
0.469250
0.588572
0.835201
0.575373
0.438406
0.563253
0.504232
0.425895
0.556258
0.461146
0.633427
0.614885
0.574485
0.577001
0.522213
0.473086
0.400087
0.480436
0.486019
0.744591
0.756118
0.416227
0.729307
0.549457
0.524116
0.858929
0.574039
0.917486
0.765166
0.851130
0.805929
0.797302
0.827206
0.850866
0.708206
0.822909
0.789415
0.811395
0.853606
0.758049
0.866679
0.725960
0.892831
0.702631
0.802920
0.691263
0.807068
0.597151
0.529074
0.592707
0.583111
0.390919
0.696768
0.707440
0.577761
0.726441
0.635342
0.525791
0.615219
0.643326
0.575341
0.642896
0.753915
0.631067
0.570655
0.887553
0.518166
0.539309
0.604524
0.463661
0.483799
0.537491
0.477548
0.634170
0.536865
0.436717
0.652396
0.435730
0.420255
0.413082
0.473193
0.494730
0.648356
0.735956
0.432790
0.727642
0.527806
0.522233
0.627019
0.576477
0.600918
0.721130
0.768819
0.464934
0.659099
0.780620
0.659388
0.538139
0.604256
0.638959
0.556447
0.823121
0.740712
0.578688
0.788460
0.652617
0.642445
0.591931
0.486215
0.333387
0.611251
0.515486
0.587866
0.548086
0.368598
0.487944
0.523839
0.435926
0.490525
0.605211
0.766334
0.475537
0.625060
0.487372
0.519547
0.612279
0.523082
0.652682
0.612384
0.702435
0.641745
0.530198
0.511519
0.443660
0.504229
0.584361
0.780050
0.711570
0.518175
0.792117
0.642908
0.603241
0.567041
0.644130
0.493501
0.659094
0.561995
0.413606
0.474266
0.619608
0.497341
0.571271
0.636370
0.551682
0.532039
0.785202
0.441289
0.547268
0.530342
0.559654
0.702541
0.449727
0.460872
0.586759
0.487654
0.382014
0.463502
0.703270
0.714713
0.442362
0.651005
0.504565
0.612072
0.669139
0.800027
0.520645
0.593119
0.682503
0.559338
0.467911
0.587186
0.743513
0.759431
0.518862
0.743448
0.600984
0.578013
0.704221
0.691207
0.550600
0.545733
0.561893
0.624403
0.319913
0.756070
0.639763
0.568042
0.701309
0.687157
0.648673
0.777965
0.672733
0.446273
0.746350
0.623135
0.714630
0.771580
0.810396
0.600872
0.864244
0.631342
0.692319
0.549862
0.741041
0.604902
0.439841
0.651525
0.669778
0.734155
0.528029
0.776257
0.521360
0.557860
0.538941
0.513326
0.381623
0.549532
0.668692
0.679268
0.384799
0.694717
0.460602
0.500143
0.527766
0.502090
0.561063
0.700192
0.650807
0.507478
0.791947
0.522912
0.532229
0.501391
0.471977
0.729446
0.739369
0.465327
0.686206
0.605925
0.519001
0.522759
0.730715
0.746473
0.365916
0.654396
0.421700
0.495646
0.730337
0.718968
0.511638
0.606679
0.670173
0.620406
0.792307
0.686119
0.725679
0.683727
0.741487
0.707990
0.958193
0.699592
0.798735
0.597504
0.440615
0.408049
0.711697
0.762489
0.425648
