0.588421
0.490438
0.701850
0.762844
0.478471
0.754226
0.807060
0.630306
0.703630
0.676087
0.562363
0.679877
0.341920
0.682531
0.528515
0.704640
0.529627
0.663828
0.500434
0.491320
0.648740
0.548295
0.587143
0.562656
0.691752
0.680913
0.668085
0.599481
0.741114
0.604263
0.479741
0.445142
0.460241
0.560778
0.625911
0.582213
0.724274
0.674501
0.621404
0.560536
0.321135
0.583114
0.749352
0.719550
0.620400
0.705563
0.583538
0.605156
0.655966
0.607049
0.812227
0.844659
0.545291
0.721010
0.805359
0.812050
0.597704
0.707878
0.763581
0.704555
0.676738
0.745924
0.475717
0.786989
0.651331
0.633779
0.592561
0.628019
0.784347
0.772680
0.693643
0.691606
0.818057
0.745389
0.644852
0.671542
0.682803
0.654613
0.532860
0.608463
0.652091
0.591826
0.656468
0.734655
0.729458
0.721313
0.681720
0.637029
0.684385
0.603982
0.808757
0.624439
0.666120
0.774047
0.744539
0.835732
0.446096
0.664229
0.700063
0.608011
0.647862
0.744968
0.682029
0.663246
0.728154
0.582514
0.614440
0.584368
0.769829
0.458690
0.659670
0.470319
0.661252
0.600820
0.430055
0.707334
0.491930
0.509003
0.583149
0.657452
0.540951
0.645542
0.536164
0.626218
0.565542
0.511918
0.495642
0.513849
0.528563
0.595663
0.607961
0.605539
0.442937
0.628742
0.558134
0.543753
0.578615
0.720911
0.659643
0.632607
0.685316
0.461431
0.616195
0.645908
0.709858
0.785801
0.790432
0.799545
0.647932
0.831575
0.780415
0.742933
0.722470
0.728315
0.788477
0.543043
0.768047
0.595321
0.787960
0.740688
0.735030
0.539856
0.535526
0.603734
0.681925
0.619568
0.724907
0.790865
0.657406
0.796723
0.605224
0.683756
0.537857
0.668825
0.722218
0.625203
0.581018
0.811586
0.604646
0.801726
0.782077
0.539585
0.752698
0.739278
0.654121
0.749879
0.728748
0.644588
0.758910
0.875260
0.672625
0.758681
0.661178
0.749744
0.743854
0.773860
0.737772
0.716753
0.773807
0.734865
0.666611
0.357189
0.781560
0.590481
0.612982
0.803140
0.789682
0.730180
0.526179
0.783361
0.708767
0.609909
0.730379
0.657827
0.795129
0.590977
0.501459
0.694931
0.611341
0.687619
0.666004
0.660875
0.828974
0.706605
0.768024
0.730739
0.623703
0.723652
0.799560
0.534071
0.815372
0.672370
0.752934
0.738757
0.891146
0.829455
0.732712
0.650071
0.621404
0.597695
0.651165
0.674718
0.572510
0.505804
0.487041
0.690757
0.657125
0.562722
0.369196
0.660278
0.639680
0.614564
0.713291
0.544411
0.794910
0.574193
0.507414
0.635761
0.795341
0.539066
0.498335
0.407702
0.535735
0.322064
0.697577
0.508482
0.619445
0.798732
0.810984
0.657589
0.606671
0.438975
0.806536
0.630780
0.496841
0.686513
0.659599
0.645070
0.696027
0.808871
0.838781
0.771665
0.847012
0.844141
0.658196
0.810504
0.904604
0.681150
0.815681
0.698426
0.717024
0.783396
0.720486
0.946789
0.681952
0.606002
0.865340
0.657835
0.678986
0.890391
0.722364
0.370509
0.636564
0.734521
0.775341
0.730022
0.778774
0.743852
0.782255
0.821762
0.647545
0.833714
0.809964
0.692509
0.841843
0.826919
0.719782
0.801927
0.777889
0.801305
0.785669
0.718398
0.907457
0.647351
0.925928
0.872975
0.683082
0.772984
0.771004
0.767401
0.834520
0.732625
0.605227
0.675687
0.746200
0.974856
0.688733
0.766391
0.812703
0.731673
0.550924
0.744463
0.821089
0.856297
0.604193
0.825532
0.757591
0.699088
0.641521
0.746273
0.816056
0.782368
0.816021
0.728402
0.824966
0.720698
0.669477
0.755349
0.633091
0.872286
0.857663
0.787935
0.724037
0.886033
0.844332
0.757858
0.590695
0.733472
0.622555
0.669152
0.629532
0.661084
0.687956
0.737563
0.685926
0.665878
0.563317
0.574327
0.610605
0.637834
0.777467
0.749475
0.712092
0.660002
0.755483
0.700922
0.623923
0.596303
0.575131
0.681603
0.693992
0.674919
0.813692
0.707091
0.744773
0.707007
0.624300
0.672476
0.816765
0.791567
0.731901
0.533816
0.783533
0.589547
0.850207
0.834392
0.828098
0.484050
0.707922
0.644368
0.631299
0.797164
0.686467
0.548625
0.710089
0.681902
0.902181
0.727238
0.703817
0.770504
0.739770
0.600198
0.564671
0.858335
0.847086
0.518133
0.647343
0.747770
0.705290
0.595949
0.699672
0.787731
0.634378
0.738590
0.737718
0.729807
0.705428
0.619181
0.812040
0.637970
0.781166
0.787937
0.717545
0.842491
0.623509
0.661192
0.828163
0.735129
0.563506
0.780483
0.853336
0.793500
0.687444
0.573572
0.757018
0.675785
0.714870
0.768014
0.477847
0.771238
0.846026
0.684721
0.818918
0.830148
0.700800
0.633802
0.477877
0.586346
0.568802
0.691650
0.375025
0.762211
0.879299
0.778858
0.706329
0.694910
0.713728
0.828157
0.782883
0.281710
0.920529
0.813372
0.727178
0.779302
0.775792
0.652443
0.686741
0.655483
0.710842
0.622159
0.725575
0.606566
0.643984
0.590608
0.513792
0.588637
0.589003
0.723384
0.765719
0.650266
0.525915
0.665343
0.683773
0.491846
0.503335
0.500621
0.615692
0.688740
0.642315
0.711748
0.724977
0.701253
0.538370
0.644342
0.682603
0.832189
0.797136
0.656787
0.677815
0.688750
0.532781
0.780087
0.603165
0.686877
0.536183
0.726869
0.614480
0.622950
0.749806
0.644284
0.841203
0.667490
0.670833
0.738937
0.641150
0.595250
0.666877
0.777954
0.865245
0.591734
0.694197
0.713623
0.624322
0.690313
0.734257
0.756351
0.764264
0.639654
0.629545
0.785855
0.492551
0.730143
0.745270
0.726065
0.756673
0.742643
0.769392
0.665988
0.857831
0.674301
0.604896
0.667230
0.650811
0.751457
0.495761
0.582926
0.766995
0.600285
0.735631
0.572321
0.742349
0.624140
0.710901
0.634561
0.835880
0.607609
0.644151
0.530587
0.566752
0.672290
0.705592
0.656391
0.703904
0.701099
0.701400
0.653045
0.344057
0.636799
0.732452
0.823574
0.674004
0.743257
0.760312
0.613197
0.739264
0.741153
0.846141
0.743389
0.628945
0.497696
0.786416
0.755366
0.621115
0.728838
0.499798
0.808243
0.770553
0.537085
0.811827
0.775875
0.492682
0.662843
0.503806
0.534056
0.524876
0.744535
0.530941
0.720003
0.870477
0.785287
0.700863
0.702358
0.601389
0.870294
0.828487
0.481383
0.725261
0.803341
0.551673
0.744731
0.678471
0.528502
0.621907
0.632997
0.539152
0.575639
0.551399
0.605522
0.659623
0.669440
0.613570
0.654045
0.486157
0.705526
0.511942
0.469151
0.484122
0.536109
0.521297
0.594266
0.617742
0.717544
0.577866
0.747527
0.656836
0.532229
0.605387
0.750305
0.570009
0.686840
0.612826
0.605862
0.694205
0.658772
0.749008
0.797093
0.658706
0.670771
0.794706
0.711428
0.514989
0.761238
0.778824
0.674265
0.767889
0.597289
0.803413
0.729675
0.512300
0.708529
0.694616
0.769264
0.697784
0.721775
0.907020
0.674411
0.705593
0.724607
0.618512
0.810212
0.870489
0.712407
0.854809
0.727392
0.709345
0.775291
0.768420
0.674849
0.627847
0.583966
0.742895
0.482166
0.531644
0.624885
0.496565
0.621539
0.689379
0.581285
0.650366
0.602756
0.631136
0.536715
0.489069
0.562982
0.637704
0.715323
0.725865
0.547754
0.701469
0.637266
0.495833
0.675700
0.700133
0.750154
0.676556
0.691344
0.612826
0.569166
0.762717
0.586498
0.736289
0.695126
0.686318
0.695332
0.690702
0.741222
0.594581
0.500997
0.702285
0.709842
0.566531
0.603088
0.596281
0.589995
0.516406
0.650137
0.541168
0.688889
0.769987
0.654053
0.763885
0.686502
0.609983
0.798380
0.539978
0.643278
0.743777
0.756357
0.714283
0.785729
0.667421
0.644223
0.576003
0.596202
0.486280
0.794896
0.601774
0.531600
0.606901
0.727497
0.510053
0.550548
0.340029
0.505151
0.375825
0.669559
0.549398
0.604641
0.727049
0.751883
0.558901
0.589020
0.495975
0.806544
0.663390
0.573284
0.710569
0.620276
0.584091
0.695541
0.747120
0.623496
0.636301
0.676448
0.752381
0.577181
0.730439
0.511490
0.634478
0.640692
0.631489
0.608552
0.646707
0.655754
0.633625
0.696994
0.646784
0.620247
0.590225
0.461454
0.598894
0.712161
0.778901
0.720058
0.700833
0.735252
0.574513
0.653871
0.624131
0.700232
0.669688
0.567341
0.809807
0.840976
0.671458
0.683977
0.774278
0.707996
0.587273
0.462942
0.604749
0.576690
0.721226
0.536458
0.843951
0.755034
0.753851
0.784799
0.654821
0.720200
0.835873
0.804259
0.645387
0.696754
0.731159
0.676636
0.885927
0.492362
0.522580
0.595919
0.681112
0.717098
0.582010
0.640590
0.559751
0.590055
0.437962
0.434795
0.583987
0.629987
0.566132
0.707761
0.598911
0.719982
0.607958
0.485910
0.653933
0.768707
0.712185
0.591074
0.620702
0.625032
0.464530
0.803559
0.614629
0.478061
0.701731
0.756751
0.551244
0.592020
0.584615
0.446562
0.570722
0.571626
0.659014
0.557999
0.656048
0.782280
0.450438
0.588270
0.622753
0.545235
0.731570
0.715117
0.704845
0.765460
0.625777
0.586600
0.604993
0.767648
0.703268
0.741958
0.652248
0.705761
0.761472
0.629569
0.586465
0.411004
0.547290
0.525236
0.554979
0.518143
0.718361
0.706459
0.747025
0.621930
0.560880
0.583236
0.723998
0.763249
0.413558
0.735183
0.666577
0.610203
0.775974
0.762056
0.851465
0.741273
0.804938
0.660321
0.735740
0.748879
0.596992
0.776577
0.537511
0.704530
0.856313
0.520174
0.751096
0.770951
0.499473
0.727638
0.573952
0.723200
0.730871
0.807264
0.738659
0.658809
0.888191
0.587425
0.647790
0.783478
0.476310
0.666058
0.615167
0.634337
0.505454
0.694266
0.639787
0.564491
0.649288
0.804770
0.706359
0.670991
0.546317
0.698742
0.532440
0.768359
0.784823
0.617162
0.765410
0.755154
0.726412
0.750633
0.610737
0.658790
0.543519
0.619707
0.424550
0.714991
0.620179
0.557438
0.793654
0.636736
0.685625
0.730551
0.600969
0.882867
0.728112
0.684070
0.876810
0.657113
0.722729
0.611742
0.576197
0.631973
0.531149
0.478360
0.588124
0.611850
0.647025
0.652487
0.768933
0.609142
0.765316
0.591236
0.622511
0.719486
0.813291
0.686745
0.727569
0.728326
0.687171
0.635675
0.680214
0.703196
0.692763
0.677161
0.642662
0.703718
0.763540
0.772046
0.805067
0.784788
0.693478
0.741751
0.761310
0.813719
0.973517
0.816778
0.743172
0.696749
0.703108
0.657134
0.669775
0.560521
0.516979
0.527679
0.413735
0.684229
0.473415
0.598047
0.605146
0.792070
0.634015
0.575696
0.481377
0.763091
0.635366
0.594601
0.651829
0.569210
0.629673
0.633860
0.424938
0.489137
0.527780
0.524588
0.535448
0.772050
0.619725
0.620701
0.567958
0.582850
0.618635
0.757295
0.507666
0.620437
0.671291
0.563237
0.697873
0.686825
0.394521
0.388606
0.645865
0.386362
0.651271
0.657429
0.712880
0.561993
0.532587
0.548561
0.796794
0.696737
0.379465
0.711800
0.634438
0.548474
0.648782
0.465895
0.623621
0.516144
0.700246
0.662597
0.626099
0.594505
0.517546
0.479067
0.701705
0.708232
0.482663
0.697584
0.689219
0.474479
0.762401
0.710360
0.451845
0.512165
0.715971
0.814255
0.662035
0.639594
0.460813
0.797626
0.595237
0.464843
0.765628
0.536039
0.600177
0.682874
0.672120
0.827962
0.556119
0.611516
0.683345
0.569234
0.649759
0.423128
0.389053
0.694260
0.735704
0.707047
0.769054
0.715461
0.724342
0.739210
0.808767
0.704546
0.582701
0.641576
0.835898
0.681909
0.321701
0.812499
0.635634
0.664065
0.743417
0.776765
0.860244
0.619743
0.823280
0.610614
0.850605
0.712253
0.680096
0.862662
0.663696
0.748004
0.709518
0.712951
0.669002
0.552948
0.715065
0.610593
0.652613
0.832502
0.724721
0.625878
0.722924
0.728866
0.712793
0.705281
0.782583
0.773838
0.797202
0.807292
0.881329
0.754061
0.756373
0.770009
0.667729
0.706677
0.753740
0.764142
0.751293
0.756313
0.617315
0.664395
0.698598
0.681632
0.646764
0.698280
0.635966
0.624025
0.700151
0.550110
0.799285
0.707917
0.641898
0.593261
0.634386
0.656034
0.643077
0.705771
0.671681
0.831186
0.849827
0.854496
0.833242
0.934595
0.755948
0.769807
0.663130
0.927315
0.786894
0.779342
0.778260
0.666724
0.663631
0.779393
0.587456
0.832029
0.728957
0.740658
0.867292
