0.201116
0.063391
0.296396
0.094206
0.244557
0.058931
0.092254
0.197500
0.155657
0.277747
0.187487
0.085388
0.124741
0.265325
0.133526
0.430884
0.119447
0.273793
0.234101
0.203851
0.201738
0.191128
0.286228
0.146357
0.095364
0.300420
0.086784
0.604537
0.167639
0.250115
0.349655
0.168880
0.103647
0.176173
0.092565
0.138134
0.215959
0.175473
0.224649
0.422638
0.127997
0.146602
0.132954
0.552882
0.219470
0.061667
0.150707
0.046979
0.128605
0.249026
0.572401
0.377243
0.025214
0.242052
0.080918
0.494093
0.054254
0.041206
0.014378
0.341567
0.043784
0.024580
0.038797
0.339575
0.043623
0.030303
0.024191
0.016592
0.024605
0.021192
0.073758
0.181297
0.192458
0.034765
0.289347
0.585613
0.475901
0.179078
0.529258
0.469281
0.097358
0.101384
0.133796
0.023518
0.015439
0.040185
0.072594
0.664443
0.059388
0.030657
0.509832
0.416408
0.023581
0.196643
0.022812
0.215227
0.151634
0.266619
0.159733
0.289791
0.075640
0.169019
0.197839
0.189948
0.307931
0.235831
0.076931
0.178454
0.281373
0.197474
0.326985
0.170207
0.307628
0.298079
0.238088
0.246955
0.258638
0.334124
0.145031
0.167441
0.337316
0.093433
0.531360
0.215959
0.250813
0.411574
0.206727
0.103581
0.137529
0.148659
0.197928
0.265465
0.196938
0.273321
0.362262
0.176834
0.207119
0.157172
0.512497
0.266063
0.070565
0.196633
0.075326
0.078072
0.166295
0.566982
0.383155
0.413512
0.423066
0.448946
0.563136
0.533113
0.257481
0.469359
0.592580
0.495665
0.500000
0.480976
0.595831
0.610236
0.566271
0.549914
0.602273
0.547275
0.322812
0.402505
0.611807
0.342902
0.600347
0.420350
0.409434
0.534875
0.435138
0.393586
0.396241
0.376309
0.528974
0.546269
0.454834
0.600325
0.075004
0.424476
0.499377
0.307383
0.658165
0.613085
0.359499
0.516205
0.302106
0.339787
0.377679
0.186687
0.194469
0.268823
0.271810
0.412956
0.330550
0.121966
0.255632
0.430440
0.258992
0.515774
0.262347
0.439666
0.400480
0.368366
0.345935
0.371708
0.372997
0.175532
0.170402
0.442100
0.154220
0.680482
0.232444
0.319719
0.330525
0.241153
0.214785
0.283649
0.161147
0.304436
0.364167
0.295042
0.407365
0.294336
0.227379
0.286898
0.154031
0.668620
0.414123
0.168961
0.308398
0.129355
0.241858
0.287811
0.091472
0.528530
0.062615
0.024769
0.019909
0.376696
0.040192
0.036966
0.040004
0.326240
0.065327
0.035239
0.021029
0.040239
0.020996
0.045029
0.043265
0.167710
0.211174
0.018331
0.323028
0.596900
0.519978
0.172138
0.538585
0.514671
0.109074
0.095943
0.125743
0.047321
0.023489
0.040438
0.108116
0.665605
0.048218
0.039431
0.556761
0.407370
0.052268
0.230065
0.044132
0.256297
0.160019
0.156512
0.106397
0.206969
0.323885
0.236602
0.078707
0.152088
0.316644
0.177177
0.513530
0.145386
0.336275
0.262437
0.238376
0.221715
0.213737
0.371354
0.182694
0.117426
0.350523
0.046726
0.706367
0.108657
0.382925
0.351623
0.089866
0.106143
0.188222
0.138667
0.165094
0.273118
0.227753
0.242970
0.453759
0.198079
0.174539
0.103479
0.661460
0.252277
0.032819
0.176969
0.088723
0.138616
0.357521
0.034870
0.130545
0.059041
0.185784
0.032667
0.134206
0.035553
0.385316
0.043477
0.138372
0.103849
0.093653
0.079329
0.073938
0.099538
0.070078
0.054479
0.142215
0.160110
0.602513
0.330603
0.175226
0.394217
0.325421
0.071033
0.123605
0.023701
0.042748
0.077980
0.068350
0.122212
0.513797
0.051105
0.029683
0.336636
0.501588
0.122621
0.117701
0.048906
0.091169
0.149557
0.450335
0.584755
0.481194
0.153589
0.379241
0.579977
0.417061
0.652940
0.357893
0.586490
0.495152
0.493462
0.450358
0.441296
0.626995
0.367881
0.263830
0.607168
0.125383
0.813124
0.041739
0.606304
0.478826
0.026294
0.315274
0.415775
0.319280
0.395440
0.527339
0.480938
0.457993
0.449346
0.418132
0.411587
0.089684
0.771176
0.494390
0.171091
0.415592
0.241126
0.307582
0.078923
0.037863
0.228719
0.040214
0.079282
0.040527
0.339875
0.052292
0.090697
0.090527
0.054237
0.058683
0.069295
0.069140
0.065832
0.108671
0.091428
0.207375
0.579196
0.451085
0.166916
0.416698
0.436060
0.054256
0.074633
0.055481
0.043386
0.046231
0.028386
0.120714
0.537014
0.068304
0.025582
0.425083
0.467714
0.097205
0.142720
0.039086
0.136921
0.146502
0.035101
0.411072
0.066973
0.042543
0.067522
0.348629
0.079508
0.029672
0.035620
0.040453
0.035058
0.068578
0.051722
0.200692
0.256777
0.020805
0.373523
0.598989
0.573311
0.180145
0.584753
0.573547
0.131741
0.092224
0.177297
0.071578
0.025389
0.029626
0.109039
0.670819
0.076302
0.062616
0.577721
0.427095
0.056233
0.263705
0.062531
0.303868
0.194624
0.322073
0.028682
0.032362
0.019284
0.340925
0.029542
0.034735
0.026152
0.012365
0.019200
0.020813
0.050993
0.147151
0.166754
0.038227
0.278432
0.590794
0.457348
0.167345
0.501976
0.458807
0.085268
0.086852
0.101536
0.023480
0.011487
0.023118
0.068808
0.636120
0.040244
0.021641
0.482241
0.423979
0.033654
0.187196
0.013639
0.203648
0.149806
0.235351
0.399425
0.259411
0.471327
0.245231
0.432212
0.394549
0.336051
0.329148
0.341274
0.414855
0.133132
0.134854
0.436694
0.038929
0.657063
0.185211
0.367011
0.293254
0.155558
0.139369
0.217316
0.141885
0.266747
0.352258
0.278545
0.377476
0.296999
0.265148
0.254920
0.098619
0.676470
0.391204
0.073626
0.273810
0.056665
0.175885
0.085572
0.013985
0.380597
0.023593
0.090199
0.046085
0.049557
0.029138
0.045078
0.084537
0.098433
0.104954
0.076278
0.191711
0.630443
0.361578
0.190094
0.426875
0.357125
0.050338
0.075891
0.048115
0.023971
0.046694
0.036617
0.101856
0.572859
0.028834
0.011199
0.375783
0.495527
0.072017
0.116401
0.026982
0.144207
0.120748
0.072477
0.261787
0.089931
0.017014
0.054735
0.031238
0.055714
0.058596
0.074955
0.213176
0.274859
0.032757
0.364144
0.512871
0.572687
0.151433
0.579733
0.566339
0.125256
0.093166
0.186459
0.068051
0.025132
0.048021
0.122921
0.687067
0.081697
0.077682
0.594737
0.332341
0.039425
0.257555
0.054450
0.270658
0.155714
0.387020
0.024427
0.081504
0.047246
0.035344
0.037402
0.034334
0.069827
0.113252
0.114151
0.075229
0.216020
0.631243
0.385250
0.183342
0.436237
0.386388
0.062549
0.085971
0.060230
0.022555
0.038580
0.034499
0.087534
0.613487
0.027209
0.015898
0.398798
0.485896
0.061678
0.133479
0.019720
0.152590
0.133898
0.400161
0.289312
0.398233
0.361837
0.378108
0.418519
0.327248
0.352671
0.525260
0.327183
0.502563
0.186919
0.700699
0.146509
0.742657
0.678895
0.352467
0.279190
0.409503
0.389334
0.327447
0.323958
0.471570
0.569982
0.306861
0.410245
0.688441
0.153956
0.379555
0.475316
0.370651
0.379247
0.234125
0.087493
0.049031
0.037411
0.033936
0.028535
0.101750
0.137082
0.109560
0.097629
0.198481
0.628583
0.323961
0.213574
0.476866
0.330183
0.074628
0.102591
0.078439
0.017524
0.046114
0.045417
0.063446
0.588625
0.049209
0.020670
0.354327
0.491511
0.056448
0.124306
0.018587
0.154430
0.139384
0.038620
0.041615
0.049342
0.052958
0.067788
0.245516
0.284438
0.032264
0.394076
0.519768
0.574807
0.164866
0.624048
0.574412
0.155300
0.124608
0.202194
0.064750
0.020135
0.052125
0.105761
0.702875
0.092196
0.079784
0.603041
0.327732
0.029925
0.284781
0.060981
0.305809
0.189364
0.037621
0.015180
0.023093
0.073207
0.226618
0.211455
0.031533
0.325488
0.642370
0.467664
0.225885
0.560439
0.468172
0.135787
0.135452
0.154889
0.033938
0.029827
0.059430
0.076023
0.709747
0.066290
0.042304
0.528350
0.448956
0.033727
0.232238
0.042380
0.277811
0.188064
0.030235
0.027587
0.081948
0.178589
0.199563
0.043726
0.292344
0.603406
0.474344
0.196709
0.519952
0.473445
0.091214
0.084565
0.139427
0.034507
0.020026
0.028848
0.069552
0.667439
0.065956
0.038527
0.484512
0.436600
0.030632
0.190410
0.020066
0.224935
0.161748
0.029865
0.073613
0.165558
0.173360
0.036453
0.269395
0.644213
0.437239
0.211911
0.504669
0.430150
0.089802
0.091619
0.118465
0.026195
0.027041
0.039217
0.082076
0.642626
0.055637
0.025371
0.473228
0.468811
0.043062
0.181798
0.029585
0.231475
0.154896
0.094002
0.204907
0.161334
0.071948
0.274700
0.647296
0.408397
0.241878
0.522656
0.411394
0.112653
0.139355
0.127708
0.014887
0.032014
0.062037
0.046104
0.694663
0.073936
0.028658
0.472669
0.466041
0.024236
0.185685
0.016698
0.222642
0.179587
0.168052
0.219829
0.055515
0.384917
0.567375
0.600457
0.136248
0.559760
0.601045
0.169401
0.148164
0.143399
0.091123
0.046443
0.054588
0.139824
0.663525
0.080315
0.075239
0.605877
0.426200
0.113518
0.310559
0.084863
0.284364
0.234243
0.089974
0.220733
0.132874
0.608845
0.389699
0.197409
0.328126
0.366136
0.060151
0.096249
0.041908
0.147931
0.171333
0.109802
0.251069
0.392597
0.112816
0.106041
0.328888
0.563810
0.246865
0.111567
0.139586
0.089802
0.139368
0.283241
0.092029
0.720880
0.234890
0.308829
0.299112
0.230147
0.109884
0.196594
0.047659
0.117442
0.206092
0.169461
0.180781
0.480960
0.142192
0.101824
0.247255
0.670781
0.228724
0.094765
0.131616
0.084114
0.196942
0.389630
0.585088
0.601122
0.178052
0.583384
0.593436
0.151842
0.114075
0.188100
0.079112
0.029555
0.050994
0.136181
0.706064
0.079306
0.073038
0.618926
0.393063
0.067445
0.292609
0.075535
0.316521
0.201837
0.711428
0.148759
0.387521
0.281084
0.118855
0.118966
0.207629
0.119547
0.211931
0.321017
0.262965
0.303406
0.378013
0.226663
0.207110
0.124878
0.691896
0.326790
0.050068
0.226591
0.059594
0.149940
0.840252
0.349407
0.891930
0.825506
0.613995
0.542479
0.644151
0.617794
0.559537
0.566748
0.665749
0.697586
0.559967
0.655188
0.802467
0.163119
0.607217
0.698208
0.604681
0.571976
0.488042
0.587330
0.484561
0.017052
0.335160
0.442409
0.309878
0.373358
0.512063
0.473997
0.411112
0.470908
0.383756
0.391031
0.086517
0.791561
0.470160
0.184082
0.390527
0.231942
0.323699
0.598420
0.585522
0.224885
0.175959
0.217060
0.212059
0.159272
0.146191
0.266314
0.543459
0.123809
0.207895
0.544869
0.296409
0.230860
0.342788
0.192590
0.242843
0.196078
0.453694
0.350158
0.435385
0.335572
0.463657
0.548092
0.495766
0.567231
0.538715
0.458944
0.439575
0.404320
0.932697
0.569149
0.306208
0.478361
0.295883
0.437101
0.314892
0.426666
0.302782
0.365890
0.506528
0.470247
0.424847
0.475388
0.394275
0.385919
0.076160
0.795477
0.474692
0.168866
0.389310
0.217238
0.315886
0.038732
0.061768
0.073666
0.106758
0.063910
0.174605
0.469967
0.076075
0.061015
0.302761
0.508553
0.126803
0.044668
0.066949
0.092036
0.071232
0.121424
0.107152
0.097965
0.050590
0.185759
0.484438
0.077671
0.092387
0.392869
0.443759
0.126648
0.120043
0.086595
0.166136
0.069765
0.084723
0.134284
0.098617
0.180838
0.461844
0.072420
0.057065
0.297602
0.558156
0.181472
0.092329
0.090384
0.076894
0.138670
0.033188
0.047568
0.063648
0.628808
0.055666
0.014054
0.405100
0.473969
0.037624
0.135028
0.014213
0.164205
0.141761
0.022696
0.087737
0.654379
0.061378
0.034993
0.520514
0.394553
0.038440
0.222006
0.029067
0.237171
0.177587
0.106820
0.566023
0.048822
0.034501
0.445188
0.431159
0.066476
0.169193
0.035450
0.190952
0.137270
0.700661
0.124064
0.078298
0.470249
0.532625
0.059106
0.232443
0.053529
0.252949
0.217900
0.548551
0.589517
0.396596
0.758451
0.723057
0.425341
0.614758
0.371116
0.413208
0.047801
0.405554
0.419117
0.086286
0.152436
0.050897
0.149581
0.095801
0.410461
0.513308
0.060749
0.129775
0.017950
0.155995
0.148469
0.828695
0.521403
0.162751
0.416852
0.192214
0.333203
0.419216
0.625214
0.456359
0.561732
0.399638
0.214186
0.036580
0.262604
0.165057
0.141398
0.069039
0.101828
0.165507
0.134568
0.110604
