0.071257
0.061736
0.102138
0.056501
0.077096
0.112375
0.128996
0.090336
0.152403
0.108236
0.154934
0.134622
0.077977
0.231997
0.111095
0.140826
0.323486
0.126192
0.190175
0.171350
0.103120
0.053706
0.187594
0.319140
0.125576
0.079044
0.061652
0.089569
0.039296
0.100162
0.064758
0.091998
0.251325
0.072013
0.079782
0.074294
0.094393
0.105477
0.068313
0.085615
0.058015
0.079657
0.083681
0.096685
0.068212
0.105783
0.107980
0.097578
0.175177
0.020310
0.082905
0.062608
0.047528
0.113260
0.101287
0.017677
0.049792
0.022952
0.211597
0.052939
0.019708
0.326329
0.025949
0.115669
0.394710
0.076217
0.082520
0.240670
0.031811
0.050619
0.232251
0.398513
0.025194
0.059963
0.017632
0.081576
0.031535
0.040877
0.064144
0.023150
0.105119
0.023592
0.020635
0.020414
0.044017
0.019604
0.028867
0.073928
0.025532
0.038965
0.100770
0.030642
0.026934
0.050462
0.015768
0.014969
0.284006
0.091618
0.029885
0.045828
0.115658
0.120366
0.024771
0.074869
0.036706
0.184709
0.065918
0.026063
0.291702
0.041022
0.115567
0.384396
0.080005
0.123786
0.227740
0.054933
0.031601
0.219245
0.393624
0.047226
0.071600
0.021823
0.091831
0.029976
0.048514
0.051946
0.046199
0.143672
0.029655
0.041595
0.013406
0.058280
0.049237
0.041218
0.073943
0.025015
0.036112
0.072805
0.056761
0.029500
0.061256
0.027577
0.035807
0.226286
0.106663
0.060879
0.031201
0.025334
0.110626
0.115114
0.113718
0.073066
0.165985
0.073791
0.161487
0.121123
0.107493
0.188385
0.070097
0.151793
0.098549
0.073700
0.057887
0.068687
0.224364
0.152143
0.021392
0.091737
0.084041
0.114846
0.074414
0.026019
0.044728
0.268407
0.088805
0.045255
0.098003
0.046581
0.101536
0.058362
0.015590
0.044619
0.028720
0.171134
0.062310
0.056830
0.036483
0.121499
0.106924
0.198710
0.071575
0.123348
0.142443
0.079152
0.129261
0.089686
0.160955
0.126497
0.072850
0.261159
0.092239
0.096894
0.360018
0.108140
0.193070
0.217315
0.110165
0.035320
0.198777
0.376951
0.108907
0.096794
0.055470
0.122516
0.059869
0.092298
0.057769
0.094830
0.227403
0.070735
0.089173
0.044935
0.083263
0.106588
0.082799
0.087937
0.047760
0.067683
0.069846
0.102362
0.067966
0.096739
0.084381
0.088397
0.161322
0.111696
0.086133
0.072293
0.076417
0.080900
0.148211
0.089931
0.059564
0.259844
0.083091
0.099343
0.305945
0.049407
0.118708
0.170168
0.086061
0.030569
0.163734
0.312273
0.098641
0.059961
0.070532
0.068387
0.063034
0.088894
0.050152
0.053522
0.181831
0.072147
0.052559
0.050626
0.060711
0.075842
0.060206
0.065021
0.039093
0.038074
0.072914
0.072214
0.056046
0.036884
0.074913
0.050877
0.207942
0.033099
0.124591
0.145436
0.128762
0.087367
0.229035
0.090487
0.155772
0.145293
0.129042
0.227733
0.107235
0.183317
0.139755
0.075427
0.088831
0.090331
0.287521
0.171724
0.030740
0.097850
0.140970
0.128630
0.075264
0.033646
0.071797
0.328927
0.091511
0.069074
0.110895
0.053795
0.120500
0.073867
0.031921
0.053806
0.052463
0.214240
0.067416
0.061529
0.065404
0.146804
0.148548
0.213104
0.120807
0.113325
0.109060
0.126668
0.178162
0.089992
0.207713
0.117098
0.133806
0.237134
0.076245
0.130432
0.145089
0.076773
0.097634
0.092808
0.281497
0.150753
0.026386
0.105535
0.139541
0.135081
0.089167
0.057760
0.053176
0.259202
0.104133
0.054019
0.107486
0.043827
0.097488
0.078814
0.031853
0.056179
0.053003
0.203057
0.058078
0.066897
0.044030
0.128880
0.120803
0.268875
0.045440
0.021600
0.238444
0.061919
0.014618
0.335675
0.023656
0.173136
0.435425
0.083251
0.066841
0.269405
0.022451
0.065257
0.271498
0.445228
0.018808
0.078048
0.015250
0.102566
0.027079
0.030463
0.081782
0.029246
0.106837
0.012186
0.026873
0.018471
0.053845
0.019576
0.024719
0.091224
0.035978
0.044068
0.114246
0.032037
0.019915
0.060160
0.008463
0.018402
0.303187
0.056615
0.266287
0.099998
0.052618
0.366298
0.057429
0.183428
0.435107
0.040706
0.038070
0.290894
0.052739
0.101509
0.273863
0.450439
0.057587
0.091154
0.063608
0.123747
0.082725
0.063008
0.107603
0.046211
0.126339
0.057245
0.053761
0.052229
0.057166
0.045691
0.063742
0.112963
0.064079
0.059567
0.159067
0.053819
0.058269
0.048314
0.049823
0.045363
0.348332
0.264800
0.053812
0.033816
0.381511
0.008894
0.141838
0.447416
0.100516
0.095365
0.300473
0.035766
0.083936
0.269359
0.468189
0.014291
0.075969
0.022743
0.127356
0.041718
0.046595
0.093880
0.034315
0.074297
0.029876
0.039558
0.021067
0.041797
0.015670
0.051942
0.102851
0.034967
0.059912
0.133159
0.038139
0.042460
0.074928
0.017095
0.034729
0.341274
0.314086
0.184341
0.069659
0.272338
0.179397
0.087173
0.160126
0.307797
0.038350
0.194728
0.099457
0.036612
0.131254
0.306743
0.108524
0.204396
0.132198
0.216489
0.182260
0.064543
0.170737
0.473601
0.191672
0.170818
0.218991
0.155462
0.249092
0.150424
0.066406
0.136775
0.120038
0.219071
0.180482
0.151739
0.133899
0.265664
0.250986
0.109771
0.065963
0.414920
0.039030
0.191776
0.472279
0.127423
0.110877
0.304802
0.110599
0.114436
0.313590
0.454554
0.051904
0.130780
0.079426
0.115075
0.072391
0.111591
0.152655
0.078151
0.055475
0.084578
0.080709
0.063740
0.113918
0.060533
0.091803
0.153159
0.095804
0.106257
0.131839
0.110616
0.096231
0.118445
0.048667
0.045339
0.363037
0.259633
0.033444
0.157804
0.356895
0.066604
0.076331
0.203828
0.023555
0.053869
0.207651
0.371934
0.043628
0.045413
0.020535
0.071390
0.039396
0.015226
0.049976
0.016141
0.140190
0.013474
0.016113
0.023218
0.041682
0.030504
0.013980
0.054069
0.025232
0.021669
0.130891
0.032551
0.009145
0.044166
0.021751
0.032443
0.265154
0.384206
0.349992
0.094785
0.245569
0.387324
0.066050
0.297898
0.217078
0.084077
0.144223
0.434394
0.175757
0.312082
0.198324
0.320195
0.261940
0.157569
0.268040
0.608878
0.279406
0.258563
0.316897
0.259384
0.369624
0.242189
0.143663
0.248006
0.196540
0.331529
0.300868
0.234565
0.235231
0.377963
0.365578
0.132571
0.147974
0.449172
0.104332
0.088423
0.297536
0.045246
0.086799
0.274666
0.463511
0.013287
0.082062
0.025315
0.117658
0.043586
0.048717
0.101984
0.035974
0.068155
0.033102
0.045112
0.026173
0.046431
0.015638
0.053512
0.108570
0.042406
0.065542
0.136505
0.048162
0.047420
0.082635
0.017042
0.031807
0.340278
0.341423
0.160995
0.261141
0.250166
0.164418
0.095485
0.186960
0.369895
0.169392
0.126251
0.129010
0.186404
0.149974
0.164169
0.096115
0.137862
0.259139
0.161201
0.142325
0.126467
0.102816
0.147465
0.152477
0.123903
0.091789
0.127352
0.162265
0.133266
0.145772
0.128136
0.159259
0.153836
0.256095
0.301692
0.456977
0.054551
0.371677
0.275987
0.067147
0.038916
0.504394
0.236103
0.401103
0.234239
0.418848
0.359835
0.225257
0.326574
0.638510
0.379905
0.327286
0.421253
0.310700
0.425355
0.319481
0.189889
0.316196
0.277557
0.397905
0.355131
0.329575
0.288179
0.457800
0.438339
0.232665
0.075947
0.173083
0.083408
0.065275
0.162608
0.315643
0.123058
0.068883
0.094574
0.102352
0.101776
0.088787
0.069521
0.061411
0.217403
0.080575
0.062033
0.072740
0.063569
0.092080
0.068400
0.062273
0.059867
0.043298
0.127402
0.070477
0.060064
0.025481
0.094723
0.080236
0.254082
0.300332
0.071014
0.146805
0.310194
0.455583
0.082514
0.125752
0.101773
0.159287
0.119262
0.092120
0.161681
0.067980
0.138315
0.088915
0.069097
0.103178
0.103022
0.067249
0.079383
0.137186
0.110267
0.101354
0.207400
0.072490
0.080426
0.078997
0.069617
0.059107
0.401554
0.231064
0.140520
0.047008
0.059212
0.339955
0.131147
0.247184
0.122902
0.246509
0.219356
0.113688
0.189318
0.478871
0.228624
0.183734
0.262455
0.196869
0.273564
0.168552
0.085565
0.181537
0.150397
0.250051
0.216085
0.180064
0.159789
0.292588
0.268696
0.154145
0.073057
0.221918
0.398830
0.040457
0.053372
0.024197
0.105139
0.052845
0.018071
0.064230
0.016018
0.150877
0.018076
0.018687
0.046700
0.035881
0.022067
0.016651
0.063068
0.030221
0.037579
0.162369
0.008358
0.016655
0.047422
0.031490
0.044433
0.307239
0.139487
0.293444
0.099254
0.060365
0.049448
0.070220
0.048273
0.071601
0.026418
0.059306
0.225253
0.053239
0.057659
0.049529
0.059109
0.081728
0.043908
0.046659
0.026557
0.037462
0.064012
0.064838
0.041012
0.053029
0.073758
0.064899
0.153360
0.121765
0.328064
0.096729
0.238648
0.159633
0.257054
0.216412
0.092150
0.180825
0.467903
0.229061
0.177149
0.238647
0.157039
0.258625
0.185397
0.068523
0.153963
0.137359
0.261935
0.199274
0.178482
0.143631
0.288418
0.271314
0.160259
0.511110
0.275922
0.418047
0.230426
0.421625
0.389149
0.263588
0.346856
0.621526
0.401758
0.339185
0.441567
0.351843
0.439019
0.331637
0.217157
0.345254
0.306348
0.388213
0.381112
0.352318
0.308952
0.462519
0.432679
0.264448
0.112345
0.026531
0.136784
0.043319
0.058346
0.125639
0.047181
0.059371
0.035373
0.051381
0.034921
0.066763
0.012253
0.055546
0.136581
0.057522
0.087185
0.138892
0.044657
0.054167
0.096328
0.012515
0.024379
0.377139
0.060848
0.073174
0.081484
0.048604
0.023300
0.030429
0.225156
0.055676
0.032022
0.064028
0.027038
0.070957
0.043003
0.021805
0.026847
0.025148
0.157650
0.049556
0.036018
0.039137
0.090991
0.085124
0.218648
0.096362
0.021369
0.023178
0.057876
0.029288
0.130138
0.011331
0.031379
0.019167
0.037469
0.023879
0.024763
0.075910
0.019531
0.042722
0.108346
0.029527
0.019588
0.068840
0.020134
0.034102
0.272118
0.086141
0.092353
0.068190
0.072164
0.227016
0.076848
0.078056
0.104501
0.094049
0.103535
0.061070
0.080788
0.078637
0.066611
0.136203
0.108944
0.080274
0.087935
0.118643
0.096183
0.199802
0.058877
0.073827
0.053456
0.141504
0.024709
0.048403
0.026498
0.064590
0.040454
0.035886
0.100097
0.035805
0.060294
0.073684
0.055565
0.037586
0.080541
0.040517
0.035850
0.251437
0.051160
0.020366
0.166059
0.016669
0.030775
0.042652
0.037405
0.041901
0.020683
0.060994
0.029515
0.030154
0.177586
0.032992
0.017847
0.059208
0.040130
0.059793
0.273289
0.046644
0.263951
0.054842
0.049545
0.061239
0.039024
0.089187
0.041425
0.019533
0.020728
0.022816
0.126559
0.057689
0.034662
0.040997
0.098707
0.095101
0.155228
0.132600
0.024557
0.008250
0.039400
0.022763
0.021366
0.015827
0.042510
0.022502
0.019859
0.150634
0.016924
0.017154
0.028996
0.033374
0.033514
0.279870
0.143948
0.145882
0.120991
0.166323
0.084287
0.168218
0.266438
0.168727
0.197859
0.236972
0.153133
0.174262
0.194873
0.081141
0.085569
0.531454
0.028071
0.023032
0.038836
0.025827
0.015279
0.069990
0.022683
0.034135
0.119962
0.027771
0.014463
0.057644
0.026817
0.037018
0.263028
0.037787
0.034890
0.025247
0.013988
0.038817
0.025438
0.021351
0.133804
0.018029
0.012889
0.027535
0.032174
0.027487
0.276845
0.043131
0.035247
0.042412
0.082106
0.022533
0.037021
0.091019
0.048384
0.027546
0.055269
0.023794
0.030931
0.266022
0.037949
0.040951
0.047282
0.018715
0.032114
0.147370
0.028490
0.032576
0.037829
0.061682
0.063906
0.253332
0.031811
0.092477
0.036274
0.058765
0.141867
0.019539
0.033445
0.060656
0.018646
0.022319
0.341373
0.042462
0.023611
0.026387
0.126887
0.020341
0.008312
0.037963
0.037792
0.036716
0.249964
0.035627
0.027621
0.157137
0.052997
0.036787
0.035433
0.103900
0.100176
0.188651
0.020199
0.102511
0.025675
0.015926
0.034437
0.042776
0.047117
0.220773
0.124314
0.040496
0.018347
0.020972
0.056724
0.056704
0.211421
0.150172
0.118493
0.130026
0.118899
0.103081
0.221598
0.019289
0.035096
0.039367
0.043061
0.301031
0.032904
0.032027
0.038853
0.240846
0.071379
0.056177
0.247821
0.016355
0.333516
0.312813
