0.657138
0.620112
0.708194
0.888054
0.566949
0.488692
0.679796
0.824215
0.510132
0.506183
0.610509
0.704192
0.725139
0.782735
0.519513
0.754468
0.766680
0.522802
0.677221
0.623650
0.687099
0.583318
0.643230
0.560535
0.537196
0.421956
0.679392
0.669534
0.628851
0.659630
0.840978
0.651294
0.485256
0.641077
0.657249
0.641697
0.506835
0.773914
0.551089
0.725047
0.721907
0.451468
0.786732
0.643986
0.684106
0.539278
0.720086
0.689215
0.659249
0.525409
0.634023
0.813535
0.484519
0.518894
0.649842
0.733614
0.576521
0.704880
0.602916
0.674657
0.838460
0.586439
0.593620
0.721398
0.555956
0.569109
0.677386
0.600348
0.586095
0.568849
0.742853
0.587521
0.648664
0.559852
0.638634
0.703893
0.708341
0.600428
0.781724
0.708342
0.699523
0.525867
0.681630
0.692177
0.530782
0.558233
0.464505
0.785195
0.776503
0.534113
0.900985
0.712939
0.670887
0.692915
0.632152
0.670902
0.665942
0.435859
0.881488
0.462921
0.428091
0.645974
0.591065
0.375177
0.437248
0.545434
0.672542
0.743942
0.603932
0.507792
0.574093
0.485366
0.508229
0.395562
0.436116
0.539967
0.458969
0.555214
0.460875
0.528811
0.507913
0.467038
0.623124
0.757797
0.550183
0.802954
0.485433
0.617365
0.275305
0.499148
0.491501
0.482593
0.607772
0.302016
0.552470
0.698693
0.602097
0.916451
0.475810
0.487660
0.525671
0.657502
0.506898
0.476147
0.851892
0.599530
0.540019
0.710864
0.723728
0.429991
0.517777
0.635763
0.635718
0.817720
0.731825
0.575177
0.681381
0.591758
0.685869
0.544005
0.544169
0.664514
0.580416
0.642628
0.644621
0.537582
0.592633
0.677115
0.644811
0.762203
0.563870
0.801228
0.584344
0.645514
0.477243
0.652897
0.511177
0.584421
0.686031
0.485029
0.672711
0.761503
0.646879
0.875791
0.530737
0.522808
0.637415
0.556516
0.647375
0.555437
0.796104
0.846502
0.921539
1.032832
0.750182
0.861557
0.784013
0.640900
0.698815
0.889570
0.771545
0.815897
0.931184
0.791372
0.870722
0.871744
0.588291
0.762709
0.904251
0.872507
0.806668
0.798906
0.847511
0.566626
0.624464
0.730374
0.554370
0.866077
0.939289
0.878460
0.860802
0.937182
0.676774
0.703460
0.811571
0.907473
0.724176
0.704556
0.653984
0.925958
0.909408
0.699087
0.649829
0.641999
0.808975
0.418105
0.684591
0.788791
0.351926
0.338945
0.516093
0.550031
0.752647
0.567021
0.480555
0.580877
0.578585
0.383204
0.489486
0.627498
0.513945
0.465972
0.652621
0.484885
0.520506
0.507778
0.679118
0.462002
0.696733
0.483898
0.648067
0.653537
0.622467
0.421499
0.455937
0.589049
0.422903
0.534637
0.516448
0.658349
0.622667
0.485500
0.822572
0.544202
0.499751
0.558562
0.651875
0.548440
0.487558
0.582401
0.746632
0.383415
0.443615
0.504784
0.549808
0.645479
0.600631
0.494812
0.622236
0.513826
0.414888
0.547675
0.493827
0.430011
0.421993
0.610107
0.427573
0.480980
0.435787
0.554649
0.535360
0.700559
0.537530
0.727944
0.533504
0.591064
0.435051
0.427750
0.525800
0.335482
0.541399
0.354824
0.629561
0.712234
0.368570
0.793709
0.541852
0.542808
0.392376
0.577675
0.416916
0.578115
0.615467
0.722047
0.713110
0.709083
0.751952
0.912723
0.659568
0.730617
0.803059
0.806236
0.644320
0.729445
0.814452
0.702768
0.718900
0.644530
0.724752
0.780941
0.667612
0.778937
0.786350
0.880610
0.847867
0.802216
0.760072
0.613934
0.748524
0.700838
0.731238
0.644931
0.839126
0.666359
0.807993
0.888879
0.625473
0.862993
0.772639
0.783472
0.647416
0.842507
0.710666
0.685846
0.774539
0.726080
0.799915
0.908171
0.913293
0.777460
0.743703
0.839405
0.769769
0.842364
0.705492
0.692207
0.910821
0.722541
0.628458
0.686035
0.793016
0.730299
0.868472
0.889765
0.898526
0.751840
0.975402
0.869503
0.716452
0.656227
0.814794
0.801217
0.860911
0.793579
0.744486
0.842324
0.881180
0.885642
0.963727
0.729172
0.741261
0.855046
0.884936
0.859824
0.719733
0.215306
0.472114
0.505102
0.676295
0.654512
0.468303
0.540085
0.576703
0.515684
0.340372
0.496838
0.504279
0.469067
0.598724
0.486547
0.423500
0.410820
0.583342
0.360665
0.698273
0.509599
0.689060
0.508580
0.619600
0.362122
0.333169
0.496839
0.384915
0.585425
0.402248
0.472392
0.627892
0.493221
0.762281
0.526883
0.392392
0.398463
0.504574
0.478166
0.476369
0.545601
0.586849
0.713148
0.661315
0.480888
0.601772
0.686850
0.518863
0.390667
0.604067
0.579217
0.530540
0.554348
0.543549
0.480927
0.365524
0.642698
0.398310
0.744277
0.550089
0.716903
0.573597
0.580706
0.403530
0.398247
0.470959
0.497078
0.670862
0.453716
0.539499
0.606598
0.580190
0.759668
0.535102
0.416379
0.459589
0.705135
0.543606
0.431969
0.526258
0.746822
0.662054
0.487391
0.568920
0.640385
0.394973
0.567641
0.611922
0.525448
0.464396
0.746599
0.494013
0.461806
0.528051
0.649958
0.579335
0.731755
0.559012
0.662676
0.611756
0.705902
0.507263
0.565257
0.599618
0.417070
0.510581
0.481546
0.663675
0.600236
0.425292
0.816711
0.662627
0.589549
0.546620
0.512105
0.571780
0.674840
0.798483
0.657030
0.591846
0.527687
0.730235
0.587252
0.643154
0.674424
0.514885
0.594819
0.699268
0.681820
0.541177
0.632555
0.721145
0.552482
0.752457
0.541635
0.667141
0.711385
0.691138
0.641519
0.701347
0.649561
0.470989
0.618366
0.589261
0.738904
0.736388
0.483095
0.789056
0.654414
0.524516
0.495479
0.507489
0.524795
0.583509
0.891898
0.706518
0.795209
0.831612
0.674986
0.862193
0.799121
0.768937
0.582415
0.797894
0.744000
0.770885
0.707967
0.835982
0.797374
0.743178
0.856750
0.855109
0.818580
0.872648
0.739635
0.614259
0.794875
0.628183
0.754726
0.743119
0.795240
0.805003
0.704600
0.901371
0.802315
0.848138
0.698309
0.664556
0.804167
0.896182
0.687452
0.728341
0.834267
0.611393
0.732085
0.714838
0.549432
0.641852
0.738291
0.666479
0.701191
0.659125
0.790050
0.685483
0.828314
0.736143
0.628636
0.735604
0.763947
0.595974
0.731499
0.672323
0.630925
0.634014
0.549685
0.821262
0.753505
0.570368
0.934878
0.733535
0.684744
0.693270
0.752568
0.655760
0.572069
0.637801
0.708104
0.414403
0.602682
0.592111
0.619040
0.407963
0.600095
0.474896
0.530648
0.413718
0.551515
0.655169
0.636085
0.555921
0.815108
0.686021
0.584558
0.556582
0.602330
0.499449
0.441644
0.600540
0.473687
0.711968
0.647463
0.446041
0.854960
0.599702
0.493968
0.589049
0.488646
0.614087
0.600851
0.653546
0.649544
0.596816
0.649188
0.624827
0.604782
0.701383
0.570963
0.578603
0.640666
0.749132
0.700230
0.858453
0.595522
0.727211
0.625150
0.796174
0.434911
0.654326
0.714568
0.559800
0.656308
0.642710
0.754609
0.821165
0.692417
0.902552
0.641947
0.652663
0.593211
0.606416
0.565419
0.648735
0.638231
0.613240
0.533300
0.659041
0.588447
0.770423
0.595844
0.674593
0.731357
0.634041
0.717580
0.827868
0.642463
0.892671
0.683639
0.845773
0.543347
0.624326
0.691567
0.568696
0.636067
0.592624
0.662022
0.841174
0.710467
1.009908
0.651101
0.661030
0.687560
0.663291
0.654844
0.722555
0.634534
0.618700
0.429826
0.506246
0.694820
0.401748
0.566444
0.427745
0.587210
0.601162
0.641750
0.653154
0.660430
0.603765
0.704085
0.521657
0.558457
0.573525
0.410693
0.457507
0.434022
0.712230
0.574700
0.407405
0.775396
0.618699
0.650191
0.486014
0.649628
0.516911
0.645795
0.511396
0.639407
0.552689
0.636953
0.527851
0.537788
0.587323
0.590510
0.517212
0.769301
0.603102
0.801681
0.549088
0.769216
0.397292
0.450421
0.631002
0.542784
0.673574
0.484864
0.483387
0.696399
0.694164
0.860210
0.605163
0.463266
0.537183
0.677303
0.479912
0.516659
0.577053
0.542470
0.733311
0.487612
0.454885
0.613450
0.654810
0.697124
0.752313
0.537376
0.826160
0.644275
0.800168
0.441092
0.527989
0.661163
0.556078
0.552475
0.437359
0.664172
0.775183
0.656675
0.893356
0.623802
0.565731
0.614496
0.587367
0.532045
0.650385
0.587643
0.751995
0.552039
0.568441
0.551846
0.618234
0.486471
0.748205
0.675551
0.398800
0.455735
0.770144
0.572310
0.601062
0.638070
0.427276
0.381897
0.431093
0.729424
0.704539
0.456538
0.757228
0.643283
0.647676
0.313540
0.538727
0.262058
0.579604
0.652773
0.482990
0.469812
0.560331
0.609969
0.633796
0.640445
0.514171
0.749691
0.677575
0.662971
0.448196
0.564048
0.574078
0.468724
0.542894
0.458895
0.663522
0.710777
0.454108
0.884008
0.598698
0.489975
0.573235
0.495496
0.604853
0.591435
0.636405
0.658332
0.564277
0.654301
0.764992
0.828300
0.718513
0.834003
0.737016
0.515607
0.655717
0.724395
0.594419
0.655773
0.789040
0.646521
0.770427
0.861243
0.664135
0.858792
0.635860
0.688362
0.639500
0.756170
0.659544
0.674135
0.599162
0.475474
0.585850
0.678823
0.700444
0.640272
0.770752
0.583839
0.693265
0.456906
0.551963
0.647584
0.467759
0.460224
0.478342
0.633987
0.721319
0.508966
0.837639
0.581369
0.585000
0.487644
0.645820
0.562896
0.640919
0.589251
0.720630
0.567488
0.773710
0.428861
0.737498
0.608828
0.593200
0.446227
0.554510
0.574243
0.502789
0.590133
0.472361
0.705244
0.700115
0.582144
0.875254
0.550870
0.400086
0.558555
0.530774
0.551512
0.514322
0.532091
0.598102
0.627265
0.624291
0.691869
0.569929
0.519832
0.496791
0.605244
0.524872
0.439345
0.642910
0.375159
0.697888
0.621017
0.407903
0.677583
0.579040
0.662349
0.462462
0.661304
0.544276
0.607582
0.743756
0.722463
0.710498
0.850201
0.513575
0.693504
0.638312
0.687805
0.643081
0.585694
0.693267
0.509539
0.667574
0.801859
0.606251
0.901606
0.621182
0.656399
0.590199
0.733138
0.531599
0.695219
0.672321
0.552273
0.539344
0.688442
0.755768
0.561535
0.479677
0.688461
0.421288
0.655531
0.575629
0.594911
0.531521
0.584909
0.580701
0.638025
0.554336
0.588781
0.684149
0.535931
0.522054
0.732762
0.841005
0.764378
0.868696
0.779103
0.828267
0.738546
0.701712
0.727156
0.718539
0.807839
0.732286
0.581008
0.580560
0.873874
0.870371
0.702555
0.715367
0.756322
0.795050
0.718861
0.781324
0.715986
0.483948
0.656359
0.648245
0.532629
0.615736
0.577183
0.683636
0.674570
0.652777
0.874129
0.638792
0.532940
0.654737
0.579530
0.601204
0.582983
0.667957
0.858259
0.732974
0.787734
0.795568
0.655014
0.576585
0.660121
0.862111
0.651006
0.652994
0.743681
0.835308
0.798422
0.578131
0.676014
0.475279
0.652936
0.744508
0.583855
0.611268
0.587953
0.582296
0.608761
0.506150
0.645138
0.794198
0.609702
0.825475
0.618816
0.701114
0.472197
0.637080
0.419357
0.678332
0.712862
0.764398
0.539728
0.620390
0.810094
0.642053
0.811560
0.765541
0.613020
0.870677
0.342871
0.629202
0.694625
0.730272
0.733095
0.635738
0.414904
0.560337
0.482834
0.549441
0.335543
0.572079
0.624145
0.639278
0.923223
0.538791
0.448309
0.575559
0.630139
0.536888
0.473523
0.658691
0.471057
0.608195
0.540223
0.576256
0.739464
0.694064
0.842494
0.642953
0.591846
0.560640
0.613057
0.568215
0.627765
0.580490
0.670597
0.471767
0.593075
0.619845
0.648916
0.835141
0.501317
0.617194
0.582170
0.683439
0.591727
0.595473
0.587376
0.390742
0.577146
0.612104
0.377059
0.760824
0.489124
0.564521
0.469127
0.527263
0.455398
0.602682
0.509329
0.730574
0.713061
0.606137
0.848823
0.732219
0.665638
0.511960
0.561005
0.471307
0.713728
0.587524
0.601459
0.468589
0.785603
0.516735
0.510667
0.483175
0.591248
0.441552
0.520160
0.833074
0.757490
0.840035
0.683039
0.618580
0.620346
0.742097
0.643962
0.684599
0.702354
0.721591
0.692707
0.742137
0.796815
0.791859
0.740244
0.688053
0.732095
0.685275
0.649048
0.462932
0.554575
0.556194
0.603164
0.888770
0.935338
0.728671
0.874949
0.715810
0.828425
0.532778
0.647847
0.695212
0.594123
0.576074
0.608658
0.600393
0.594688
0.492339
0.575494
0.242309
0.565801
0.557154
0.703855
0.579370
