0.046640
0.163072
0.053347
0.131608
0.021154
0.045080
0.070253
0.192116
0.030143
0.049004
0.056355
0.016494
0.069086
0.058979
0.040679
0.298601
0.018402
0.060028
0.013703
0.061744
0.122328
0.282620
0.051866
0.076581
0.087586
0.051923
0.177989
0.034724
0.087496
0.015983
0.083154
0.072277
0.031135
0.098516
0.341892
0.081505
0.025672
0.117875
0.016248
0.030454
0.031127
0.063703
0.074958
0.020052
0.348930
0.055831
0.325814
0.213431
0.083010
0.258584
0.030161
0.049350
0.024244
0.081415
0.012048
0.083764
0.102131
0.031953
0.083144
0.054276
0.025460
0.015170
0.029517
0.405468
0.024882
0.027787
0.032691
0.022391
0.035048
0.148655
0.012661
0.022714
0.035001
0.029625
0.080858
0.042529
0.023562
0.037922
0.048602
0.017522
0.017857
0.133764
0.460525
0.041432
0.027102
0.140272
0.045964
0.033474
0.065974
0.166873
0.019176
0.042565
0.491750
0.028485
0.472035
0.253805
0.018872
0.308455
0.419765
0.235018
0.096213
0.281150
0.509180
0.149606
0.192328
0.126676
0.144872
0.338105
0.305556
0.203467
0.092149
0.191333
0.295039
0.203240
0.272096
0.380070
0.586385
0.279695
0.314690
0.348847
0.248215
0.459660
0.295997
0.349163
0.207738
0.358664
0.334036
0.215136
0.124168
0.142222
0.268146
0.236395
0.154573
0.140438
0.185565
0.151066
0.078448
0.302786
0.186049
0.192338
0.257394
0.172087
0.092063
0.341307
0.041135
0.018712
0.117905
0.037302
0.086550
0.110372
0.045618
0.130520
0.076252
0.016275
0.038532
0.060043
0.444622
0.043019
0.052764
0.036407
0.018459
0.047985
0.171041
0.025829
0.030876
0.044495
0.022969
0.071503
0.029289
0.026032
0.051921
0.024760
0.026119
0.042840
0.194600
0.506048
0.102990
0.035269
0.183874
0.069820
0.051552
0.083236
0.190170
0.030027
0.042973
0.523030
0.069434
0.482419
0.307174
0.028172
0.076888
0.201066
0.044344
0.043633
0.208392
0.085287
0.196710
0.159356
0.026531
0.055201
0.093145
0.537013
0.093184
0.077667
0.096036
0.043299
0.033633
0.098807
0.046236
0.031389
0.048179
0.068462
0.022055
0.073772
0.033870
0.112125
0.032220
0.021763
0.082078
0.262692
0.609805
0.127046
0.075676
0.263362
0.137241
0.115646
0.162616
0.304909
0.032213
0.116208
0.624331
0.093062
0.594760
0.385150
0.022943
0.069637
0.043504
0.121067
0.053848
0.027387
0.081402
0.030976
0.026267
0.032808
0.038819
0.372166
0.024034
0.038543
0.009854
0.023699
0.065336
0.204515
0.027552
0.036558
0.048151
0.027678
0.107482
0.025265
0.038094
0.019920
0.037335
0.035015
0.026874
0.139004
0.408742
0.072989
0.013503
0.153160
0.032910
0.026725
0.038386
0.115815
0.031617
0.013273
0.423970
0.044870
0.393103
0.256209
0.043801
0.105135
0.251275
0.050242
0.053121
0.041706
0.025173
0.130669
0.109781
0.072574
0.221582
0.061548
0.100331
0.050336
0.091266
0.167170
0.327013
0.095176
0.127370
0.135837
0.079450
0.232585
0.115112
0.143081
0.051574
0.153288
0.130734
0.050056
0.095084
0.248471
0.116987
0.073823
0.133705
0.040649
0.046669
0.027311
0.049663
0.111033
0.041999
0.286349
0.088483
0.253624
0.112123
0.141621
0.080138
0.141838
0.045220
0.102308
0.079857
0.032818
0.031450
0.039451
0.416399
0.039273
0.051824
0.052655
0.030227
0.031394
0.146900
0.021364
0.031664
0.053770
0.030471
0.082340
0.065855
0.029049
0.065078
0.059631
0.025181
0.026109
0.146721
0.497850
0.050255
0.045843
0.141279
0.063830
0.053946
0.098100
0.204176
0.030608
0.071898
0.528114
0.044104
0.509619
0.251737
0.021048
0.260413
0.140089
0.250489
0.193447
0.062244
0.065878
0.153336
0.640442
0.151915
0.078005
0.151404
0.094403
0.041460
0.029537
0.071477
0.081189
0.053626
0.120286
0.049613
0.113524
0.058956
0.147476
0.084148
0.052351
0.117312
0.331400
0.687014
0.137129
0.126107
0.360469
0.205882
0.173727
0.207393
0.380167
0.066329
0.161899
0.705749
0.110477
0.672319
0.450698
0.058986
0.071381
0.055997
0.025290
0.124246
0.110696
0.078022
0.280874
0.065097
0.086223
0.035066
0.105421
0.182707
0.337339
0.109137
0.125636
0.121122
0.110404
0.244071
0.075318
0.151341
0.043128
0.128464
0.131240
0.072822
0.106812
0.254723
0.121894
0.055069
0.187244
0.052704
0.058233
0.018660
0.026326
0.117540
0.031315
0.256501
0.084651
0.242122
0.224831
0.146630
0.072179
0.048255
0.045730
0.051963
0.035660
0.310495
0.041035
0.058511
0.027503
0.022877
0.066561
0.212641
0.047060
0.035316
0.064715
0.027299
0.102779
0.071677
0.052898
0.051757
0.050762
0.045164
0.032845
0.127071
0.348296
0.084173
0.029408
0.152483
0.041617
0.022934
0.035028
0.116260
0.024774
0.021960
0.370892
0.052141
0.342427
0.182985
0.048244
0.040129
0.133006
0.106520
0.066854
0.262587
0.047336
0.094203
0.054583
0.099614
0.146188
0.305869
0.089105
0.115438
0.134740
0.111043
0.233775
0.113950
0.140547
0.059898
0.164201
0.130313
0.064286
0.027391
0.253034
0.091905
0.063383
0.127643
0.045150
0.067362
0.045252
0.054769
0.111946
0.068553
0.292192
0.086797
0.303409
0.185508
0.126335
0.086763
0.068102
0.050970
0.285812
0.036623
0.054649
0.020437
0.070379
0.127682
0.270923
0.057571
0.094587
0.089946
0.065019
0.194052
0.060181
0.100099
0.016502
0.110369
0.089584
0.028787
0.095549
0.310412
0.074128
0.038111
0.141898
0.026185
0.037612
0.017908
0.052896
0.080597
0.020926
0.330755
0.053646
0.303850
0.189241
0.103132
0.024027
0.060375
0.464369
0.050470
0.041896
0.041003
0.022559
0.031301
0.132802
0.021295
0.015559
0.037449
0.036180
0.043687
0.041335
0.014561
0.051464
0.014248
0.008986
0.044266
0.196673
0.514775
0.086309
0.029854
0.200954
0.076976
0.057834
0.094386
0.208768
0.018346
0.056064
0.528772
0.056581
0.499531
0.322477
0.016607
0.049504
0.455829
0.038988
0.016483
0.043932
0.043180
0.038861
0.123987
0.016956
0.027341
0.028172
0.049133
0.078268
0.038065
0.021411
0.040567
0.045944
0.013927
0.033367
0.160544
0.489107
0.041986
0.029744
0.184016
0.061980
0.049466
0.078388
0.187901
0.026597
0.053970
0.502491
0.029367
0.484407
0.305925
0.019865
0.332305
0.031934
0.059652
0.028469
0.049972
0.078205
0.228149
0.051812
0.044096
0.077831
0.047925
0.131721
0.061242
0.064264
0.048876
0.071039
0.051393
0.031364
0.103803
0.389415
0.052355
0.031141
0.123240
0.038916
0.031009
0.054526
0.119905
0.046369
0.043716
0.394816
0.029805
0.386575
0.217050
0.050457
0.332127
0.456436
0.332658
0.398614
0.523171
0.719862
0.434018
0.440270
0.506004
0.367076
0.574285
0.433143
0.488352
0.348767
0.469450
0.465684
0.348004
0.252076
0.147481
0.424450
0.359337
0.265410
0.275755
0.318022
0.283642
0.190673
0.425415
0.314539
0.164605
0.416050
0.133953
0.120858
0.478594
0.051438
0.022148
0.041726
0.074430
0.231726
0.027316
0.049187
0.072239
0.045373
0.139580
0.041820
0.056168
0.026418
0.074264
0.048910
0.029825
0.076352
0.374495
0.064228
0.022624
0.101298
0.018768
0.032954
0.050998
0.101956
0.051994
0.035360
0.401442
0.047973
0.393823
0.221711
0.047684
0.043861
0.051641
0.058756
0.122068
0.025727
0.045910
0.014869
0.070216
0.099526
0.037075
0.046546
0.037068
0.062917
0.030359
0.035183
0.159481
0.463054
0.044638
0.036320
0.228046
0.073155
0.060602
0.061096
0.165171
0.037730
0.050306
0.472867
0.023237
0.460222
0.315885
0.040643
0.034188
0.085963
0.234629
0.039518
0.045156
0.063027
0.036651
0.129582
0.032097
0.060291
0.016248
0.050208
0.047685
0.023316
0.109944
0.362259
0.073900
0.010998
0.148143
0.025908
0.021224
0.023809
0.080651
0.042976
0.012393
0.366504
0.043750
0.346138
0.232305
0.056670
0.041487
0.160317
0.027219
0.022722
0.041237
0.022663
0.065112
0.050987
0.031942
0.055172
0.031717
0.029526
0.035476
0.164101
0.461816
0.092455
0.032309
0.176057
0.063240
0.044798
0.069177
0.172909
0.017299
0.037238
0.488262
0.060695
0.449306
0.263254
0.027750
0.089894
0.033015
0.029695
0.048938
0.061447
0.045213
0.088197
0.018109
0.097834
0.054688
0.026998
0.069739
0.198924
0.554551
0.081754
0.063903
0.224847
0.115106
0.090915
0.132032
0.269164
0.023826
0.100501
0.590623
0.069497
0.577651
0.341203
0.018332
0.130011
0.146216
0.089563
0.212764
0.091290
0.186039
0.127755
0.219349
0.160653
0.118200
0.190008
0.389168
0.743747
0.187588
0.197959
0.464183
0.289432
0.263836
0.282375
0.462950
0.126593
0.244213
0.761268
0.165472
0.736412
0.541587
0.119296
0.031870
0.032060
0.042282
0.073555
0.038107
0.021835
0.032728
0.053154
0.020029
0.027402
0.147722
0.478617
0.060055
0.030418
0.165109
0.052379
0.055293
0.077913
0.178684
0.027237
0.052002
0.513175
0.041325
0.487805
0.286131
0.022843
0.043425
0.037161
0.042905
0.052385
0.018945
0.065608
0.020381
0.011153
0.046739
0.168910
0.486926
0.075563
0.026781
0.184291
0.073894
0.048178
0.087878
0.200612
0.010498
0.058912
0.498437
0.055631
0.481921
0.305826
0.010405
0.071935
0.071900
0.039856
0.045229
0.063542
0.047871
0.027580
0.051019
0.209641
0.523437
0.075813
0.051157
0.274203
0.105008
0.086477
0.089944
0.216989
0.031635
0.066140
0.532099
0.040564
0.506702
0.356681
0.034508
0.092745
0.060350
0.037939
0.059327
0.041611
0.038961
0.027831
0.168631
0.453700
0.090846
0.038680
0.141062
0.050432
0.028341
0.065984
0.166109
0.032342
0.037467
0.471445
0.069209
0.423235
0.218829
0.039007
0.113729
0.044786
0.145228
0.046287
0.041444
0.118012
0.311503
0.633124
0.160976
0.101726
0.313518
0.174614
0.139903
0.187299
0.345841
0.041335
0.142195
0.648995
0.128813
0.610226
0.416765
0.045377
0.057563
0.029972
0.045654
0.041821
0.042899
0.177335
0.480430
0.092257
0.026070
0.204515
0.063480
0.064654
0.070228
0.153952
0.052684
0.043034
0.473374
0.059584
0.438663
0.335879
0.050553
0.067753
0.033103
0.013611
0.051446
0.197225
0.538328
0.072192
0.041436
0.187468
0.082100
0.060547
0.107006
0.235817
0.016415
0.070827
0.564611
0.059316
0.535767
0.325071
0.012341
0.074655
0.056976
0.026125
0.119593
0.376087
0.075034
0.019780
0.154674
0.027430
0.041680
0.035941
0.090399
0.059669
0.025436
0.390389
0.047014
0.361319
0.247980
0.070751
0.020380
0.064646
0.229965
0.519402
0.119323
0.038089
0.236145
0.095280
0.065926
0.099870
0.217207
0.023692
0.059812
0.515187
0.077159
0.476943
0.342937
0.028278
0.038262
0.189903
0.514469
0.065730
0.031732
0.202113
0.077288
0.056287
0.093370
0.215702
0.012512
0.061008
0.526495
0.042006
0.505886
0.314765
0.007758
0.126621
0.414826
0.049722
0.026591
0.145428
0.034533
0.033597
0.041036
0.122993
0.038334
0.032904
0.427199
0.031832
0.395120
0.206721
0.045096
0.244000
0.119907
0.115051
0.103795
0.075472
0.109534
0.105926
0.081387
0.175270
0.130328
0.291355
0.136746
0.330118
0.203043
0.176459
0.460678
0.388132
0.361614
0.321306
0.346804
0.269860
0.166581
0.469027
0.340805
0.058780
0.435832
0.100813
0.212748
0.531043
0.065946
0.157220
0.072892
0.067116
0.092976
0.177703
0.073442
0.089762
0.472707
0.029305
0.481196
0.279972
0.065839
0.153214
0.029637
0.029281
0.037971
0.110289
0.027420
0.023907
0.389249
0.043646
0.370801
0.259141
0.036669
0.082111
0.111540
0.174457
0.167425
0.200744
0.160828
0.431665
0.185976
0.422723
0.178028
0.189573
0.029346
0.037761
0.070926
0.072324
0.032996
0.344117
0.060798
0.322722
0.179988
0.080954
0.030250
0.095616
0.047436
0.021016
0.366242
0.052624
0.346109
0.192062
0.059354
0.047638
0.073042
0.016443
0.281439
0.061790
0.259564
0.184283
0.104784
0.193871
0.078721
0.174733
0.149565
0.173281
0.171177
0.228673
0.046627
0.486637
0.048012
0.458795
0.283744
0.014870
0.353530
0.054124
0.315945
0.212130
0.072037
0.443494
0.052257
0.272636
0.546153
0.439137
0.264614
0.049752
0.230247
0.527870
0.322761
