0.079687
0.017454
0.025120
0.367982
0.534278
0.028019
0.163728
0.243031
0.030405
0.654488
0.060725
0.037648
0.039678
0.097497
0.044643
0.139149
0.273899
0.085541
0.070188
0.039445
0.017646
0.022134
0.047618
0.072036
0.498214
0.047455
0.260765
0.021832
0.125904
0.094406
0.064793
0.033571
0.044186
0.134678
0.052550
0.042072
0.258876
0.067532
0.056410
0.211339
0.171502
0.387498
0.175528
0.458138
0.034151
0.040131
0.071906
0.019042
0.037122
0.069466
0.043380
0.189360
0.393370
0.107901
0.206093
0.117193
0.069725
0.473883
0.067344
0.057171
0.056323
0.034165
0.086727
0.119688
0.107529
0.033647
0.082257
0.020504
0.071240
0.076014
0.025721
0.090966
0.347850
0.108547
0.135062
0.085111
0.049238
0.037917
0.028254
0.101217
0.055001
0.102382
0.046318
0.066213
0.141156
0.049716
0.088250
0.092203
0.157496
0.221377
0.059179
0.273484
0.034402
0.077136
0.032131
0.053926
0.031886
0.011232
0.334712
0.502325
0.012841
0.112887
0.242784
0.052389
0.600102
0.043371
0.019085
0.028016
0.090508
0.023230
0.188677
0.244504
0.075974
0.053592
0.033467
0.013603
0.010791
0.042706
0.041019
0.493269
0.024394
0.226720
0.045161
0.078124
0.055784
0.061668
0.014241
0.039462
0.117174
0.065831
0.031699
0.211874
0.073899
0.025041
0.203601
0.140551
0.324671
0.179478
0.455570
0.028632
0.034295
0.048849
0.015309
0.044007
0.284770
0.455160
0.022504
0.121328
0.196096
0.044776
0.551260
0.046735
0.012644
0.027590
0.062064
0.023055
0.163742
0.193643
0.056243
0.043945
0.019040
0.012586
0.015421
0.030695
0.037150
0.432172
0.027402
0.188773
0.048076
0.059525
0.036940
0.045079
0.027031
0.033325
0.091473
0.049358
0.029241
0.181661
0.063502
0.025083
0.165252
0.124073
0.279329
0.144574
0.406572
0.015093
0.029921
0.032110
0.014523
0.029483
0.117256
0.378270
0.354111
0.061031
0.301191
0.295578
0.275021
0.306551
0.273637
0.156243
0.299135
0.278648
0.029096
0.156680
0.313813
0.253690
0.338409
0.315385
0.203744
0.247313
0.098246
0.378836
0.097571
0.381636
0.174584
0.204011
0.214394
0.354701
0.251248
0.292006
0.299711
0.261926
0.055041
0.182477
0.321021
0.073487
0.378374
0.045747
0.105870
0.099806
0.283576
0.313468
0.269193
0.322035
0.255669
0.525169
0.478347
0.189129
0.449980
0.312801
0.455209
0.467944
0.439840
0.328104
0.459190
0.443364
0.159248
0.331379
0.460639
0.450597
0.506172
0.473773
0.382319
0.392922
0.107690
0.534747
0.182200
0.565698
0.335941
0.384847
0.404693
0.508289
0.435341
0.444835
0.486733
0.427317
0.149266
0.352406
0.494314
0.198444
0.574401
0.131694
0.309238
0.213188
0.476227
0.479369
0.470575
0.507384
0.453614
0.119971
0.290168
0.068217
0.626875
0.066382
0.020640
0.049562
0.124023
0.023837
0.230905
0.289169
0.113610
0.055102
0.067268
0.016854
0.016421
0.078675
0.041850
0.522786
0.011673
0.263343
0.065918
0.110126
0.086040
0.098749
0.011683
0.069316
0.118469
0.091828
0.045850
0.242299
0.107599
0.028352
0.251091
0.146495
0.359426
0.233392
0.521579
0.046260
0.040136
0.070750
0.030934
0.065160
0.318151
0.189407
0.620248
0.122722
0.138731
0.138367
0.206434
0.105812
0.332357
0.296016
0.166483
0.194753
0.161473
0.125470
0.117199
0.165256
0.110158
0.531055
0.126523
0.269211
0.195811
0.136755
0.124144
0.170383
0.126911
0.127162
0.216037
0.239478
0.119796
0.215390
0.188064
0.103079
0.295209
0.254191
0.288821
0.299894
0.482956
0.156018
0.167839
0.159154
0.136376
0.178810
0.178581
0.349656
0.205120
0.228819
0.182467
0.088767
0.230279
0.148862
0.040985
0.089084
0.246938
0.158893
0.236715
0.223546
0.108876
0.204583
0.106223
0.306300
0.098562
0.244999
0.150588
0.168024
0.137661
0.279062
0.151297
0.246267
0.188278
0.185209
0.098645
0.098727
0.260558
0.030077
0.315474
0.128276
0.045648
0.110773
0.192253
0.221690
0.196131
0.219667
0.155506
0.609831
0.065022
0.060263
0.052645
0.075389
0.086239
0.077570
0.215215
0.057169
0.097060
0.052911
0.046041
0.057890
0.041888
0.097953
0.421002
0.101274
0.201075
0.036097
0.122439
0.110743
0.049742
0.083450
0.063547
0.165943
0.053413
0.041200
0.210840
0.041705
0.112210
0.147151
0.229490
0.351181
0.125643
0.369115
0.050708
0.064450
0.074786
0.033636
0.031949
0.582105
0.550239
0.553239
0.424484
0.563544
0.613893
0.298120
0.477481
0.515003
0.538815
0.620248
0.594113
0.502937
0.493380
0.260463
0.605551
0.320907
0.689817
0.427121
0.463355
0.542443
0.615861
0.568123
0.484275
0.571824
0.564492
0.329712
0.531651
0.561349
0.369635
0.515018
0.260911
0.458731
0.430417
0.558470
0.565083
0.500097
0.612986
0.581367
0.050754
0.044838
0.078709
0.058977
0.171418
0.198235
0.059979
0.086565
0.061241
0.062784
0.059852
0.046567
0.059905
0.448826
0.082574
0.173211
0.082667
0.068522
0.067031
0.058619
0.064548
0.064383
0.136317
0.078799
0.036180
0.164115
0.061614
0.077747
0.165310
0.180697
0.280847
0.142499
0.403742
0.050724
0.056686
0.053556
0.044531
0.048706
0.036848
0.076576
0.029286
0.204842
0.212720
0.079402
0.032563
0.040671
0.027644
0.023205
0.049659
0.039115
0.456606
0.020779
0.193621
0.075128
0.063745
0.050888
0.071439
0.023401
0.064693
0.075814
0.064191
0.042354
0.195165
0.084901
0.031077
0.189963
0.119864
0.297290
0.175250
0.447987
0.023133
0.038067
0.030210
0.030965
0.047009
0.062408
0.041271
0.161111
0.185605
0.045741
0.051504
0.048510
0.043569
0.028924
0.028788
0.044180
0.414282
0.069940
0.172328
0.066966
0.053960
0.052140
0.066513
0.043517
0.043245
0.120616
0.064323
0.039121
0.160908
0.052715
0.060355
0.139824
0.119631
0.287711
0.130477
0.399890
0.050589
0.034642
0.046977
0.034289
0.035402
0.093130
0.114952
0.090805
0.030894
0.094710
0.052977
0.096918
0.087874
0.028716
0.078728
0.279061
0.136220
0.093998
0.115482
0.050581
0.057954
0.050549
0.119816
0.071123
0.112294
0.084608
0.058068
0.116059
0.041990
0.115689
0.067578
0.179961
0.191049
0.064986
0.263375
0.062394
0.086645
0.064751
0.081071
0.049151
0.225620
0.221189
0.083573
0.058891
0.056078
0.031289
0.014802
0.057972
0.014629
0.446553
0.025761
0.218924
0.089902
0.080881
0.055180
0.083456
0.018166
0.038862
0.099548
0.088753
0.037475
0.185875
0.087194
0.014228
0.208881
0.121710
0.271930
0.188242
0.461699
0.040176
0.034273
0.072362
0.044705
0.059361
0.217454
0.090974
0.252564
0.125502
0.159451
0.187000
0.108032
0.236204
0.372902
0.270281
0.248085
0.098674
0.222449
0.205888
0.083244
0.238530
0.132723
0.259784
0.127539
0.131041
0.266512
0.079236
0.258873
0.150823
0.375184
0.383904
0.093630
0.256313
0.147990
0.192274
0.177698
0.134463
0.087254
0.096166
0.214144
0.167928
0.250223
0.233111
0.128599
0.179457
0.140390
0.287958
0.050360
0.293662
0.099499
0.127792
0.145790
0.272344
0.181406
0.219753
0.197156
0.193471
0.048712
0.126965
0.240159
0.034902
0.288770
0.059827
0.068904
0.118164
0.198009
0.221823
0.177717
0.233147
0.177230
0.118372
0.044726
0.075269
0.073497
0.022293
0.075980
0.306011
0.133818
0.119251
0.084111
0.052665
0.049406
0.023209
0.105054
0.046051
0.134928
0.085411
0.037988
0.097071
0.016544
0.105868
0.073036
0.202218
0.200407
0.043183
0.249835
0.060640
0.085122
0.061005
0.057332
0.029532
0.077734
0.071729
0.061678
0.080495
0.054552
0.448003
0.050629
0.180124
0.124435
0.076245
0.068934
0.128255
0.055807
0.107551
0.097185
0.067434
0.089508
0.196948
0.130611
0.062651
0.185803
0.087346
0.296140
0.207748
0.464507
0.063085
0.039016
0.056347
0.072597
0.090911
0.032577
0.040609
0.021743
0.076979
0.405239
0.068607
0.190197
0.043525
0.069423
0.037641
0.023070
0.062521
0.026697
0.103112
0.042972
0.048042
0.187018
0.051636
0.051242
0.139970
0.154278
0.269621
0.096998
0.332793
0.015212
0.059477
0.038504
0.025285
0.029083
0.015809
0.053335
0.057605
0.484005
0.027929
0.253472
0.028397
0.101923
0.065768
0.052376
0.024972
0.037902
0.111997
0.068555
0.036699
0.227836
0.074607
0.031838
0.210603
0.150632
0.344048
0.168823
0.442084
0.028841
0.045278
0.056512
0.010089
0.034911
0.045625
0.036069
0.455599
0.025866
0.230347
0.055493
0.084903
0.060202
0.068842
0.010986
0.029697
0.101091
0.075315
0.035212
0.205538
0.068007
0.020848
0.199019
0.138190
0.313577
0.170406
0.442665
0.032987
0.036750
0.063126
0.026993
0.043426
0.060201
0.336068
0.096622
0.135853
0.062713
0.056649
0.051686
0.028942
0.073420
0.027622
0.121130
0.048146
0.033735
0.139424
0.024408
0.076329
0.090769
0.163236
0.232456
0.070735
0.301440
0.031536
0.050294
0.048467
0.038900
0.023199
0.397814
0.046274
0.161106
0.125433
0.062304
0.053852
0.095272
0.037217
0.062528
0.108898
0.105223
0.038352
0.132955
0.084399
0.036400
0.171579
0.131904
0.213514
0.178481
0.427916
0.061549
0.041419
0.078802
0.067124
0.074157
0.531558
0.218539
0.513360
0.349575
0.381904
0.384490
0.507538
0.384460
0.416868
0.430300
0.421305
0.198357
0.320709
0.481840
0.163242
0.484831
0.162435
0.230878
0.178113
0.431829
0.444925
0.432461
0.475798
0.399008
0.269771
0.091607
0.107481
0.073503
0.113021
0.014514
0.080610
0.093151
0.101684
0.066698
0.249936
0.135125
0.015901
0.268682
0.131558
0.344511
0.250211
0.529643
0.044978
0.053905
0.067970
0.047562
0.085742
0.302260
0.084256
0.137068
0.174291
0.254525
0.213479
0.212496
0.207633
0.181487
0.055591
0.141541
0.247525
0.050971
0.302681
0.100976
0.138494
0.220152
0.206800
0.209280
0.172967
0.234164
0.196500
0.157933
0.114897
0.053083
0.074110
0.053576
0.167444
0.068937
0.059323
0.287243
0.072786
0.096271
0.221409
0.213824
0.425923
0.156510
0.431520
0.050797
0.079879
0.085401
0.019786
0.035794
0.020112
0.078162
0.096565
0.090004
0.105387
0.115884
0.075313
0.086015
0.085054
0.083087
0.100646
0.148472
0.161736
0.119408
0.319618
0.078545
0.091313
0.048389
0.089548
0.083520
0.056590
0.070321
0.056594
0.085346
0.097011
0.061748
0.115184
0.080222
0.046131
0.129815
0.132846
0.187679
0.119067
0.335532
0.048545
0.079913
0.037455
0.059757
0.066352
0.097819
0.041990
0.135043
0.067718
0.039794
0.157643
0.030229
0.091509
0.124486
0.221354
0.255007
0.065859
0.284399
0.037037
0.089534
0.057185
0.037147
0.024257
0.058050
0.098358
0.098011
0.049974
0.224626
0.098207
0.020658
0.239330
0.136792
0.338880
0.215136
0.502750
0.047198
0.045352
0.072746
0.038383
0.068794
0.129958
0.071222
0.043051
0.180626
0.045141
0.048642
0.151842
0.164670
0.265898
0.104823
0.338116
0.037593
0.062530
0.075759
0.037969
0.035869
0.148852
0.125065
0.216120
0.155523
0.092421
0.224203
0.153251
0.290557
0.204539
0.452161
0.077757
0.128873
0.081542
0.121615
0.116286
0.084122
0.232863
0.085768
0.098148
0.160604
0.150765
0.327275
0.130660
0.369744
0.044437
0.041971
0.065558
0.054954
0.047645
0.159584
0.039584
0.060002
0.159976
0.194523
0.272175
0.132014
0.394089
0.035917
0.050717
0.058961
0.030029
0.028324
0.127673
0.209843
0.067970
0.280715
0.057915
0.122976
0.211077
0.204847
0.203201
0.174512
0.214228
0.185097
0.117951
0.080803
0.246268
0.241510
0.049657
0.259388
0.066363
0.090807
0.088779
0.061196
0.033470
0.238678
0.111642
0.282869
0.210602
0.473760
0.039627
0.052601
0.063325
0.047036
0.076933
0.290653
0.132210
0.049642
0.134773
0.177516
0.186342
0.161855
0.187704
0.139602
0.353344
0.274146
0.557928
0.143108
0.104368
0.114866
0.150144
0.168391
0.197915
0.189232
0.293922
0.309479
0.280133
0.340535
0.301175
0.139402
0.131621
0.177260
0.134160
0.143012
0.085886
0.398832
0.458597
0.394007
0.419212
0.351299
0.047778
0.027909
0.023525
0.025668
0.066593
0.045579
0.050341
0.038108
0.043656
0.022878
