0.058529
0.487573
0.176793
0.161196
0.037992
0.107057
0.313561
0.055334
0.227872
0.034731
0.026095
0.106706
0.078986
0.407080
0.125359
0.070743
0.037586
0.034918
0.279278
0.075541
0.041867
0.553339
0.042347
0.111834
0.137580
0.027087
0.246517
0.277709
0.015119
0.026548
0.025758
0.060345
0.686738
0.395756
0.160735
0.333941
0.133753
0.094593
0.030025
0.064922
0.186940
0.032593
0.118266
0.060998
0.037329
0.077772
0.057561
0.360091
0.091272
0.055940
0.043964
0.052653
0.187801
0.108345
0.022293
0.402355
0.022238
0.064065
0.104356
0.028534
0.132791
0.214652
0.050215
0.077884
0.045614
0.033693
0.579289
0.280924
0.091179
0.352955
0.181784
0.365442
0.282840
0.067458
0.327233
0.115168
0.392362
0.367891
0.242243
0.299851
0.340873
0.232296
0.304194
0.366886
0.375612
0.098346
0.585201
0.335978
0.150333
0.332981
0.233862
0.345315
0.375571
0.139288
0.162425
0.413684
0.480360
0.426464
0.287763
0.157482
0.057376
0.172566
0.096967
0.116462
0.118977
0.228229
0.077283
0.147511
0.173606
0.146237
0.095968
0.176444
0.238132
0.096432
0.153762
0.179721
0.157592
0.207891
0.359003
0.147139
0.331990
0.094759
0.131067
0.099765
0.156056
0.240093
0.148808
0.156702
0.217491
0.140989
0.124624
0.628009
0.225565
0.144388
0.095537
0.055053
0.072262
0.058388
0.039040
0.101422
0.091998
0.032572
0.074426
0.285887
0.037530
0.083616
0.094096
0.114544
0.106714
0.282286
0.074369
0.271173
0.069911
0.068769
0.126740
0.095491
0.067504
0.066615
0.112476
0.176637
0.121990
0.048388
0.456106
0.130984
0.047571
0.044612
0.216763
0.019475
0.138741
0.050812
0.034999
0.057954
0.046897
0.340130
0.086158
0.025368
0.037455
0.047898
0.220541
0.126628
0.019413
0.449214
0.009501
0.038599
0.092664
0.033586
0.178428
0.201572
0.023883
0.069813
0.045250
0.034258
0.594807
0.288905
0.088286
0.131390
0.050889
0.078600
0.067026
0.065062
0.040439
0.046063
0.358012
0.098125
0.030612
0.058627
0.087604
0.188022
0.211904
0.040629
0.377198
0.042192
0.049936
0.161094
0.075844
0.126108
0.107379
0.073027
0.135023
0.095580
0.044041
0.540321
0.219098
0.051572
0.178386
0.026565
0.212076
0.203573
0.112036
0.142665
0.334086
0.125161
0.165722
0.194694
0.222734
0.061440
0.404687
0.176901
0.163762
0.188727
0.126519
0.264935
0.215108
0.053713
0.076575
0.247214
0.315141
0.255020
0.141845
0.282564
0.062030
0.064534
0.106845
0.054185
0.037345
0.041121
0.053980
0.282599
0.041336
0.049820
0.047673
0.052728
0.171906
0.159911
0.027176
0.376695
0.012140
0.045892
0.066904
0.029572
0.138976
0.164107
0.033038
0.083001
0.042453
0.026934
0.578574
0.241521
0.080796
0.140924
0.130450
0.054334
0.082593
0.324794
0.080037
0.098750
0.125319
0.144846
0.072143
0.337371
0.110532
0.211061
0.112234
0.075270
0.196594
0.146785
0.053066
0.060673
0.165907
0.230163
0.169294
0.074523
0.364235
0.086138
0.021853
0.012717
0.067402
0.034527
0.439186
0.103914
0.047161
0.009352
0.023401
0.222870
0.104741
0.025103
0.485804
0.046139
0.093849
0.187210
0.022183
0.160154
0.185026
0.019791
0.030389
0.024869
0.024907
0.617163
0.321839
0.086512
0.054417
0.040250
0.390447
0.077310
0.044555
0.014388
0.011051
0.193835
0.101146
0.021091
0.442727
0.028440
0.073796
0.141394
0.012272
0.156456
0.186219
0.017112
0.027448
0.013667
0.018188
0.591987
0.290264
0.083353
0.042504
0.306621
0.037287
0.041528
0.061628
0.062706
0.122267
0.233946
0.049521
0.322694
0.042024
0.044722
0.130416
0.071340
0.111652
0.083046
0.067442
0.124145
0.080964
0.027889
0.474829
0.166333
0.037248
0.411155
0.088829
0.020845
0.017424
0.054929
0.182486
0.145773
0.021977
0.431438
0.041882
0.050792
0.176909
0.050453
0.115980
0.151547
0.040369
0.092883
0.070243
0.021380
0.522758
0.254969
0.043166
0.216795
0.380445
0.438642
0.398788
0.235465
0.584338
0.386789
0.251344
0.312897
0.276348
0.201081
0.377257
0.385213
0.327163
0.380886
0.464576
0.396839
0.372652
0.459019
0.232395
0.356924
0.098650
0.098318
0.092229
0.093248
0.251490
0.079430
0.280497
0.062988
0.067515
0.085227
0.076309
0.106720
0.125121
0.089013
0.148015
0.097141
0.053596
0.451795
0.155629
0.079834
0.032255
0.054523
0.197777
0.164172
0.024307
0.435436
0.030630
0.033530
0.159024
0.056031
0.147679
0.151125
0.040993
0.090340
0.073594
0.031614
0.528732
0.250641
0.048483
0.030519
0.217527
0.092421
0.012886
0.480083
0.034871
0.072701
0.167710
0.021503
0.142559
0.192081
0.018427
0.043113
0.034469
0.016727
0.590934
0.311723
0.075564
0.190133
0.121472
0.035903
0.455823
0.041627
0.088101
0.155140
0.024868
0.177595
0.192666
0.025803
0.022706
0.012153
0.029327
0.574649
0.295681
0.092987
0.399231
0.196406
0.138028
0.186604
0.149222
0.213032
0.202743
0.096709
0.109720
0.233013
0.283892
0.224674
0.156158
0.236005
0.056717
0.106556
0.100011
0.674643
0.138495
0.218596
0.266427
0.080181
0.289796
0.452443
0.099340
0.075049
0.105722
0.139487
0.743821
0.555758
0.266058
0.439224
0.016758
0.053934
0.126288
0.017130
0.128985
0.186101
0.021811
0.056180
0.036612
0.013459
0.572423
0.285656
0.070936
0.408188
0.341049
0.374411
0.450763
0.266462
0.234241
0.504598
0.563738
0.472474
0.396238
0.308339
0.084432
0.298834
0.039645
0.077913
0.027128
0.152840
0.175348
0.025699
0.071966
0.038563
0.022551
0.574093
0.256257
0.076116
0.115105
0.082188
0.126727
0.140321
0.073265
0.138334
0.105564
0.047600
0.448811
0.179415
0.042344
0.123950
0.237440
0.258740
0.123599
0.191501
0.137535
0.127007
0.575254
0.262411
0.193092
0.144444
0.217439
0.018771
0.029749
0.017519
0.023465
0.604533
0.311927
0.104382
0.128359
0.191566
0.234730
0.195135
0.099386
0.359933
0.153799
0.076099
0.220634
0.285738
0.222662
0.139686
0.375434
0.083784
0.071601
0.032995
0.024055
0.031862
0.626414
0.333600
0.108078
0.019784
0.062016
0.674890
0.409006
0.160153
0.036741
0.648138
0.333807
0.120213
0.530409
0.235532
0.043731
0.221838
0.401174
0.135251
