0.074603
0.120766
0.127906
0.172323
0.074530
0.031887
0.286346
0.258513
0.217627
0.163673
0.071267
0.166539
0.134003
0.170737
0.078575
0.271854
0.104730
0.125071
0.071276
0.094489
0.196531
0.141110
0.123745
0.131493
0.070582
0.086398
0.112880
0.102585
0.052282
0.074029
0.132173
0.129972
0.037586
0.112955
0.228811
0.127332
0.070185
0.130236
0.086376
0.125372
0.070424
0.053925
0.102577
0.036919
0.223548
0.041345
0.124727
0.138503
0.147842
0.255870
0.020581
0.066149
0.011750
0.076565
0.449045
0.107597
0.069162
0.050692
0.082473
0.050169
0.019142
0.055268
0.033376
0.208850
0.126401
0.037290
0.018849
0.040534
0.044366
0.230077
0.026057
0.024556
0.030155
0.020136
0.023814
0.023214
0.093162
0.030427
0.026154
0.021469
0.078096
0.028545
0.419003
0.068299
0.009749
0.047269
0.142119
0.164782
0.016763
0.022755
0.016498
0.022950
0.429393
0.040466
0.027242
0.254186
0.036934
0.308455
0.324930
0.235018
0.096213
0.204554
0.509180
0.428193
0.377993
0.126676
0.339637
0.338105
0.366812
0.203467
0.266189
0.144152
0.283427
0.220177
0.219284
0.387670
0.058279
0.279695
0.280206
0.174486
0.248215
0.251868
0.267314
0.102378
0.207738
0.358664
0.334036
0.124589
0.291642
0.142222
0.268146
0.236395
0.309260
0.056850
0.120986
0.229609
0.202844
0.302786
0.186049
0.192338
0.132010
0.293294
0.092063
0.277817
0.077078
0.018712
0.117905
0.499054
0.086550
0.061113
0.054893
0.130520
0.049257
0.016275
0.059933
0.060043
0.233509
0.189207
0.059407
0.048478
0.073709
0.034094
0.270307
0.025829
0.038470
0.051046
0.022969
0.022485
0.032572
0.127470
0.051921
0.024760
0.026119
0.116844
0.041729
0.506048
0.102990
0.035269
0.048129
0.199037
0.216490
0.044710
0.054797
0.030027
0.042973
0.523030
0.082275
0.033069
0.307174
0.041033
0.089117
0.148814
0.442584
0.088889
0.069403
0.039744
0.128233
0.012854
0.060811
0.030933
0.072800
0.147992
0.169308
0.025208
0.067980
0.057153
0.039328
0.251323
0.048832
0.049895
0.067781
0.064703
0.037071
0.047606
0.199284
0.117514
0.092508
0.050274
0.207292
0.048324
0.527201
0.075295
0.081938
0.085871
0.199575
0.191801
0.067721
0.081252
0.043015
0.117864
0.571943
0.116301
0.065676
0.277638
0.030112
0.069637
0.443686
0.121067
0.098407
0.067900
0.081402
0.064406
0.026267
0.070878
0.038819
0.227263
0.132348
0.052007
0.022099
0.044201
0.058784
0.220008
0.027552
0.037759
0.032827
0.027678
0.025765
0.025535
0.081578
0.019920
0.037335
0.035015
0.069056
0.032595
0.408742
0.072989
0.013503
0.042123
0.133081
0.167699
0.017920
0.027629
0.031617
0.013273
0.423970
0.041131
0.025888
0.256209
0.049914
0.298149
0.251275
0.226518
0.158897
0.041706
0.146400
0.130669
0.154183
0.072574
0.231047
0.084043
0.107878
0.061682
0.069746
0.170678
0.112140
0.095176
0.106995
0.049536
0.079450
0.083132
0.081499
0.052628
0.051574
0.153288
0.130734
0.046732
0.098362
0.248471
0.116987
0.073823
0.103532
0.064465
0.108396
0.063676
0.056124
0.111033
0.041999
0.286349
0.041269
0.102533
0.112123
0.121229
0.638165
0.542033
0.529393
0.375983
0.471284
0.511358
0.511669
0.408024
0.366249
0.365406
0.416958
0.442481
0.446097
0.562273
0.158648
0.491850
0.497232
0.379058
0.408659
0.432632
0.455189
0.299356
0.460391
0.516470
0.509821
0.343764
0.493519
0.267416
0.474384
0.457689
0.506346
0.274368
0.239659
0.447243
0.422827
0.456175
0.389671
0.336024
0.351043
0.518687
0.130710
0.458672
0.102254
0.033030
0.250489
0.058531
0.062244
0.031777
0.153336
0.349781
0.328115
0.101208
0.122427
0.140623
0.043144
0.463868
0.071477
0.113470
0.156398
0.120286
0.092835
0.070675
0.319456
0.147476
0.084148
0.052351
0.300886
0.064305
0.687014
0.137129
0.126107
0.060716
0.379446
0.396972
0.110169
0.136950
0.066329
0.161899
0.705749
0.224164
0.070559
0.450698
0.109581
0.078839
0.223851
0.057386
0.046267
0.078492
0.101282
0.219829
0.272940
0.076663
0.119021
0.138216
0.049132
0.333326
0.090197
0.072650
0.118779
0.066814
0.081395
0.089335
0.227371
0.149189
0.039266
0.047097
0.220593
0.100434
0.621038
0.148028
0.091286
0.137345
0.281505
0.260116
0.113761
0.124628
0.051677
0.137251
0.622521
0.145857
0.099879
0.379976
0.062829
0.154413
0.024306
0.035947
0.019521
0.083017
0.247449
0.207598
0.039677
0.052781
0.064862
0.027235
0.345487
0.033418
0.062809
0.073936
0.063771
0.039638
0.033918
0.212233
0.092341
0.060168
0.023218
0.204749
0.025201
0.559705
0.062914
0.067696
0.041008
0.262322
0.260837
0.050547
0.063316
0.028469
0.096871
0.588849
0.131686
0.038484
0.340613
0.061547
0.141511
0.133006
0.139675
0.066854
0.191985
0.031951
0.101514
0.050536
0.033957
0.158419
0.147536
0.089105
0.076494
0.057704
0.111043
0.084187
0.083487
0.092098
0.059898
0.164201
0.130313
0.087029
0.084764
0.253034
0.091905
0.063383
0.113065
0.049820
0.119573
0.048063
0.046642
0.111946
0.068553
0.292192
0.041700
0.092239
0.185508
0.090987
0.037731
0.021182
0.063628
0.180900
0.197676
0.020250
0.055911
0.056695
0.021496
0.276820
0.032317
0.050614
0.063879
0.051912
0.025398
0.030042
0.191817
0.096880
0.064232
0.027668
0.194162
0.035010
0.552049
0.064276
0.070069
0.063363
0.214189
0.213425
0.056370
0.071015
0.028908
0.095215
0.591213
0.114218
0.041068
0.299762
0.032236
0.037494
0.060375
0.236942
0.190178
0.043656
0.043296
0.063926
0.019463
0.293100
0.021295
0.032150
0.057543
0.036180
0.028271
0.020343
0.159304
0.051464
0.014248
0.008986
0.143819
0.028794
0.514775
0.086309
0.029854
0.041442
0.209341
0.231778
0.035512
0.055706
0.018346
0.056064
0.528772
0.089420
0.026525
0.322477
0.037950
0.078418
0.235927
0.200514
0.040571
0.057875
0.063513
0.022493
0.323367
0.029025
0.053763
0.079767
0.073158
0.038597
0.025728
0.220846
0.088932
0.063467
0.025633
0.211786
0.026533
0.542975
0.079873
0.065044
0.035349
0.237242
0.268776
0.047828
0.070907
0.023969
0.099627
0.577504
0.127700
0.033774
0.329551
0.044572
0.184973
0.124277
0.047899
0.032204
0.037351
0.078483
0.177516
0.051812
0.045928
0.038683
0.047925
0.046137
0.042405
0.088731
0.048876
0.071039
0.051393
0.077882
0.049445
0.389415
0.052355
0.031141
0.084380
0.102966
0.135252
0.033491
0.028014
0.046369
0.043716
0.394816
0.032747
0.048795
0.217050
0.049075
0.158622
0.148469
0.202875
0.184861
0.221654
0.161800
0.215881
0.181826
0.148658
0.188575
0.165863
0.222891
0.208262
0.256958
0.270140
0.231558
0.271930
0.233490
0.418000
0.218514
0.217446
0.299557
0.160233
0.084764
0.216955
0.216954
0.219052
0.241743
0.528587
0.179255
0.245448
0.244233
0.134750
0.135977
0.096003
0.077664
0.220909
0.163767
0.150553
0.123528
0.090116
0.157154
0.131314
0.148789
0.116014
0.121705
0.219087
0.192657
0.126970
0.144364
0.209159
0.144597
0.110268
0.178768
0.067476
0.095439
0.093878
0.092735
0.161329
0.115162
0.278860
0.079701
0.163510
0.196899
0.136117
0.038239
0.035466
0.042179
0.231007
0.038928
0.047120
0.046453
0.050456
0.024671
0.032073
0.144364
0.077204
0.069384
0.037222
0.153062
0.037181
0.460563
0.050981
0.054271
0.071306
0.160693
0.150943
0.038803
0.050867
0.031481
0.070313
0.510206
0.078917
0.047176
0.251863
0.036459
0.014663
0.058663
0.220084
0.022406
0.033378
0.021198
0.045419
0.026597
0.021371
0.094841
0.022947
0.065698
0.036796
0.084138
0.019433
0.391138
0.035133
0.016961
0.043747
0.114801
0.153811
0.006785
0.010747
0.034004
0.030089
0.411094
0.037600
0.019887
0.247754
0.044727
0.070479
0.213663
0.034593
0.035815
0.037448
0.070381
0.034932
0.031699
0.120315
0.041012
0.098096
0.057812
0.112042
0.026695
0.385725
0.031295
0.035350
0.061419
0.107722
0.149908
0.015324
0.024188
0.053051
0.055238
0.418048
0.050811
0.034405
0.251150
0.046419
0.332261
0.020327
0.035628
0.072262
0.058235
0.030523
0.028187
0.211627
0.080009
0.045586
0.017157
0.203451
0.034308
0.588804
0.086115
0.059412
0.048180
0.245544
0.265696
0.056653
0.080059
0.032187
0.102303
0.620287
0.125613
0.026627
0.360464
0.029528
0.258028
0.238885
0.155160
0.197238
0.215413
0.244245
0.096232
0.214873
0.311638
0.294830
0.134943
0.272000
0.225386
0.257286
0.219319
0.310354
0.063101
0.066401
0.228412
0.207277
0.266489
0.186027
0.280950
0.125508
0.281585
0.066067
0.217894
0.025611
0.032802
0.042282
0.012276
0.008821
0.141034
0.032728
0.053154
0.020029
0.133593
0.013009
0.478617
0.060055
0.030418
0.021678
0.169323
0.210959
0.022058
0.038094
0.027237
0.052002
0.513175
0.074800
0.008549
0.286131
0.026989
0.043180
0.044736
0.028606
0.032357
0.133106
0.043958
0.055201
0.037598
0.120597
0.030959
0.465949
0.074382
0.023406
0.060546
0.146798
0.180838
0.030686
0.043461
0.039193
0.065819
0.486782
0.058590
0.031980
0.287673
0.018184
0.030170
0.024304
0.037940
0.068208
0.039501
0.083236
0.052379
0.075145
0.043164
0.368430
0.060789
0.033884
0.065552
0.095974
0.106006
0.029904
0.028490
0.050737
0.039264
0.405779
0.034154
0.044375
0.180588
0.039823
0.026643
0.040310
0.084709
0.059327
0.041611
0.038961
0.083123
0.049825
0.453700
0.090846
0.038680
0.066338
0.158548
0.143332
0.046581
0.048502
0.032342
0.037467
0.471445
0.059144
0.053965
0.218829
0.045140
0.017566
0.115549
0.046405
0.057369
0.030028
0.123006
0.023413
0.454766
0.064973
0.036561
0.038863
0.148757
0.160214
0.027831
0.039983
0.027576
0.045334
0.503077
0.065987
0.025867
0.246388
0.021995
0.136134
0.032668
0.045838
0.016810
0.122379
0.014011
0.452722
0.053766
0.027275
0.021753
0.156138
0.203038
0.015735
0.033617
0.021409
0.042842
0.481741
0.067475
0.012011
0.261979
0.033785
0.088803
0.160533
0.163817
0.022153
0.147967
0.266453
0.146757
0.091317
0.169924
0.068495
0.075527
0.104880
0.085783
0.144680
0.055135
0.282721
0.044490
0.147700
0.132014
0.145093
0.074655
0.056976
0.067222
0.036240
0.376087
0.075034
0.019780
0.043644
0.116695
0.183309
0.021847
0.029598
0.059669
0.025436
0.390389
0.039221
0.027550
0.247980
0.069861
0.020380
0.136150
0.058626
0.519402
0.119323
0.038089
0.072425
0.228785
0.250737
0.055391
0.067617
0.023692
0.059812
0.515187
0.095224
0.053285
0.342937
0.063558
0.148007
0.023176
0.514469
0.065730
0.031732
0.041120
0.207943
0.233506
0.032435
0.044935
0.012512
0.061008
0.526495
0.085487
0.020316
0.314765
0.036201
0.136132
0.279053
0.140095
0.071946
0.153303
0.081424
0.121921
0.089179
0.070088
0.133259
0.043050
0.262435
0.038368
0.130790
0.165182
0.148754
0.478275
0.040546
0.029796
0.023021
0.179739
0.213186
0.016862
0.029127
0.025478
0.051847
0.500377
0.077752
0.013264
0.292516
0.042647
0.460678
0.388132
0.478629
0.184416
0.260183
0.382403
0.359383
0.469027
0.340805
0.058780
0.280288
0.483904
0.212748
0.472533
0.065946
0.084773
0.162835
0.179576
0.043833
0.044491
0.073442
0.089762
0.472707
0.087737
0.052412
0.279972
0.083334
0.051511
0.119749
0.167787
0.011881
0.016430
0.027420
0.023907
0.389249
0.027654
0.027162
0.259141
0.041586
0.217715
0.266933
0.033565
0.056473
0.043460
0.062203
0.511185
0.109771
0.022714
0.300009
0.072571
0.072562
0.119719
0.111283
0.183876
0.108823
0.227129
0.050467
0.174342
0.130396
0.144048
0.168862
0.153848
0.205121
0.147202
0.330059
0.098373
0.230739
0.116074
0.171090
0.012636
0.026633
0.027127
0.401240
0.039952
0.018937
0.252166
0.044127
0.037527
0.025984
0.367884
0.027154
0.033231
0.229961
0.056856
0.046627
0.486637
0.071989
0.030876
0.283744
0.037820
0.353530
0.031907
0.052187
0.212130
0.079836
0.289532
0.503166
0.272636
0.510250
0.072776
0.171922
0.068653
0.307897
0.038600
0.272169
