0.245612
0.119832
0.044828
0.029747
0.036024
0.033517
0.067690
0.045215
0.069780
0.090229
0.039425
0.074112
0.043428
0.116122
0.040034
0.059315
0.085603
0.117181
0.050445
0.076578
0.017038
0.107904
0.081686
0.101942
0.444158
0.066285
0.050344
0.095320
0.089247
0.041461
0.030707
0.083288
0.127777
0.021088
0.073133
0.072611
0.072082
0.039133
0.047283
0.029698
0.037964
0.113461
0.083869
0.079630
0.384935
0.158902
0.048209
0.194794
0.110325
0.430329
0.316822
0.257817
0.175523
0.191044
0.353481
0.265393
0.282873
0.319014
0.193424
0.371603
0.222549
0.192063
0.195581
0.315929
0.128190
0.172243
0.186191
0.257672
0.216921
0.211724
0.122631
0.171531
0.284046
0.244789
0.262120
0.401626
0.078811
0.344280
0.188282
0.315430
0.425892
0.280209
0.390628
0.106168
0.339943
0.258730
0.273972
0.235997
0.313608
0.142470
0.409387
0.139249
0.609727
0.067194
0.355172
0.542732
0.139445
0.073849
0.093445
0.118440
0.135513
0.035505
0.071759
0.114324
0.051638
0.111454
0.046014
0.087173
0.116427
0.106930
0.039690
0.206233
0.178369
0.230711
0.093957
0.140883
0.168816
0.230250
0.169990
0.469949
0.060917
0.081880
0.028658
0.283849
0.051871
0.130629
0.037458
0.039624
0.058009
0.063748
0.272124
0.067609
0.081190
0.084492
0.105505
0.077799
0.190063
0.033101
0.188479
0.193297
0.284855
0.046005
0.121684
0.190979
0.010461
0.054277
0.059966
0.025976
0.014504
0.041400
0.039866
0.044549
0.015218
0.035405
0.090287
0.035820
0.042763
0.112261
0.096705
0.090978
0.054853
0.035476
0.089097
0.110914
0.103312
0.492906
0.033620
0.025391
0.036696
0.149378
0.035395
0.043663
0.040379
0.052491
0.026703
0.040384
0.120470
0.009452
0.011377
0.024812
0.019245
0.006913
0.104130
0.027741
0.105978
0.305647
0.207257
0.017706
0.094850
0.136906
0.040922
0.041494
0.039057
0.014960
0.042766
0.052759
0.034530
0.033531
0.026913
0.079553
0.023310
0.050783
0.086357
0.081303
0.066079
0.054540
0.020397
0.078605
0.087062
0.079487
0.464862
0.033296
0.021546
0.056362
0.108304
0.044863
0.031024
0.049020
0.077194
0.023186
0.057094
0.085217
0.019079
0.011111
0.030243
0.012173
0.014572
0.079438
0.047430
0.079454
0.333210
0.166033
0.028994
0.126044
0.113495
0.025353
0.065764
0.037321
0.057793
0.050662
0.025334
0.072618
0.021624
0.046442
0.024348
0.051443
0.051684
0.071524
0.063751
0.058076
0.038160
0.084728
0.056330
0.050541
0.347635
0.030313
0.047954
0.092385
0.066473
0.057487
0.020236
0.053151
0.119359
0.031201
0.085358
0.064313
0.075645
0.032764
0.035683
0.027025
0.057551
0.063472
0.095869
0.058134
0.330187
0.090827
0.064308
0.214180
0.055256
0.085560
0.058543
0.082748
0.071907
0.036173
0.083147
0.048126
0.077920
0.043698
0.067146
0.070809
0.107485
0.053178
0.094541
0.034322
0.065829
0.078488
0.037583
0.348027
0.056032
0.072051
0.117205
0.074258
0.069829
0.036365
0.080282
0.156882
0.041228
0.098353
0.062595
0.089289
0.047618
0.036478
0.035776
0.066389
0.091181
0.107247
0.078131
0.355649
0.129717
0.063512
0.236431
0.062206
0.027230
0.058160
0.031900
0.066634
0.013668
0.040171
0.093675
0.045347
0.014525
0.143383
0.105584
0.138873
0.062923
0.071599
0.131091
0.157902
0.122682
0.471378
0.030208
0.029835
0.016113
0.198629
0.017585
0.064133
0.015607
0.023178
0.023441
0.020141
0.176547
0.025478
0.033766
0.047238
0.044841
0.032102
0.117590
0.018610
0.128610
0.244837
0.202503
0.023915
0.078092
0.157695
0.031932
0.037253
0.027326
0.029217
0.015313
0.058822
0.021313
0.036762
0.080104
0.064467
0.089571
0.026618
0.037296
0.077264
0.076955
0.092783
0.448989
0.016303
0.015536
0.041550
0.119826
0.041619
0.027034
0.030184
0.046641
0.025958
0.045362
0.104179
0.018032
0.008600
0.026475
0.016893
0.015800
0.071460
0.041771
0.067068
0.311270
0.154861
0.032334
0.119960
0.108566
0.072263
0.044222
0.049926
0.037892
0.091817
0.043907
0.061975
0.059839
0.070214
0.129396
0.029216
0.072259
0.108463
0.085976
0.117318
0.438225
0.037144
0.035407
0.077907
0.152334
0.078005
0.045482
0.060400
0.077488
0.061738
0.070367
0.123848
0.046305
0.029632
0.059179
0.044376
0.048269
0.075037
0.083637
0.088148
0.379889
0.168092
0.069129
0.131816
0.112335
0.065157
0.029542
0.043534
0.050344
0.057723
0.035271
0.137289
0.115911
0.135771
0.074807
0.090280
0.093925
0.146070
0.074812
0.406269
0.023353
0.062982
0.036756
0.176512
0.051300
0.071231
0.018589
0.058012
0.040706
0.061558
0.170059
0.046086
0.037161
0.024967
0.047935
0.053860
0.126701
0.035451
0.129503
0.211908
0.201977
0.034137
0.142442
0.120167
0.073000
0.017933
0.045585
0.032196
0.060930
0.037476
0.063886
0.084185
0.027876
0.038496
0.058683
0.038389
0.075352
0.351744
0.029201
0.042166
0.085552
0.082844
0.068850
0.021221
0.057835
0.106119
0.040661
0.093691
0.070049
0.060909
0.026096
0.038863
0.032810
0.047129
0.058440
0.098105
0.046759
0.384066
0.119521
0.068059
0.211381
0.046807
0.051008
0.102752
0.050998
0.027144
0.147485
0.113963
0.139953
0.071059
0.072976
0.119026
0.162055
0.115200
0.485656
0.035960
0.034785
0.020570
0.204689
0.032462
0.074654
0.026459
0.032268
0.033706
0.024733
0.175614
0.019154
0.027887
0.038154
0.039937
0.025904
0.129742
0.014976
0.141823
0.251643
0.230672
0.018617
0.073523
0.167802
0.039097
0.019909
0.040971
0.054820
0.054834
0.088645
0.027218
0.044584
0.081126
0.063180
0.077923
0.377031
0.018858
0.023967
0.059083
0.102097
0.049837
0.021400
0.030002
0.066955
0.028324
0.068027
0.090336
0.043729
0.015814
0.040574
0.025853
0.039483
0.052409
0.070806
0.062235
0.329064
0.116141
0.054186
0.164852
0.075103
0.066533
0.092905
0.076785
0.079782
0.151716
0.059560
0.111684
0.067145
0.089467
0.063908
0.287335
0.035427
0.082061
0.099538
0.122536
0.120381
0.070518
0.051227
0.115340
0.082972
0.146287
0.135317
0.093815
0.062325
0.068249
0.073848
0.104140
0.070426
0.122258
0.084445
0.286835
0.126452
0.106819
0.248431
0.052484
0.038003
0.054755
0.039983
0.063664
0.049825
0.029072
0.081089
0.062058
0.073684
0.407692
0.027271
0.015208
0.079819
0.079138
0.051402
0.026415
0.046583
0.081741
0.027592
0.062513
0.064646
0.048008
0.023560
0.043837
0.018155
0.035663
0.048113
0.071311
0.050537
0.334685
0.092737
0.054687
0.156733
0.097224
0.122813
0.105052
0.126340
0.069320
0.071124
0.122104
0.145778
0.107599
0.425795
0.031776
0.038133
0.039704
0.174699
0.020854
0.062892
0.022713
0.046112
0.020126
0.029008
0.160738
0.052234
0.041137
0.046388
0.047388
0.045573
0.117263
0.032714
0.116490
0.248509
0.174090
0.029994
0.121228
0.136971
0.055410
0.116014
0.055914
0.083336
0.089100
0.027541
0.101271
0.318536
0.073103
0.079082
0.177404
0.072853
0.145148
0.048954
0.121625
0.183872
0.103984
0.166355
0.062270
0.130144
0.075623
0.103933
0.080642
0.113061
0.038393
0.189627
0.047570
0.481459
0.077214
0.149202
0.291711
0.044181
0.131650
0.058711
0.088462
0.120620
0.065949
0.117082
0.394347
0.059143
0.047433
0.134723
0.111423
0.133407
0.061543
0.093650
0.121924
0.104109
0.140363
0.094679
0.095937
0.068325
0.110827
0.076175
0.097513
0.028392
0.148457
0.066394
0.415827
0.072342
0.138141
0.206260
0.106501
0.152638
0.029083
0.115746
0.082375
0.090764
0.468638
0.118985
0.103785
0.187679
0.040988
0.115608
0.057369
0.152700
0.215629
0.083366
0.139296
0.031700
0.126857
0.080092
0.074175
0.049011
0.088178
0.134614
0.156273
0.093334
0.445684
0.140906
0.111559
0.269133
0.150869
0.080227
0.104050
0.065422
0.131988
0.404320
0.029015
0.035665
0.071939
0.151205
0.081484
0.041082
0.054084
0.067495
0.063312
0.093536
0.132824
0.054409
0.033910
0.065244
0.058265
0.052021
0.063878
0.090833
0.068744
0.365997
0.153259
0.079068
0.169939
0.086263
0.094337
0.063880
0.089719
0.475600
0.061709
0.041964
0.103715
0.067473
0.054080
0.024169
0.091012
0.130599
0.032689
0.078261
0.045217
0.059678
0.033284
0.042822
0.018267
0.030956
0.089228
0.088194
0.066200
0.402647
0.136654
0.054698
0.185602
0.114431
0.090619
0.078982
0.342797
0.079900
0.107396
0.156507
0.103987
0.149935
0.093557
0.105668
0.168559
0.104398
0.160619
0.107281
0.110926
0.083848
0.070752
0.074797
0.099065
0.111491
0.142144
0.086792
0.356941
0.181678
0.109222
0.276312
0.087008
0.112168
0.366299
0.086772
0.092002
0.189152
0.044868
0.152631
0.042639
0.145041
0.202390
0.110896
0.175895
0.035595
0.135468
0.076773
0.092644
0.071671
0.103556
0.063981
0.198704
0.033300
0.518303
0.089892
0.156506
0.313492
0.065742
0.278379
0.072870
0.109258
0.150875
0.094039
0.132222
0.077910
0.098029
0.187447
0.092485
0.149190
0.088437
0.123198
0.080702
0.066703
0.069750
0.121142
0.096403
0.146353
0.101063
0.307898
0.126798
0.110437
0.271954
0.078280
0.383389
0.459937
0.491305
0.369087
0.491161
0.410507
0.398863
0.518835
0.440705
0.517004
0.396240
0.513882
0.438848
0.419188
0.445453
0.511073
0.356159
0.530569
0.347929
0.559065
0.318623
0.499467
0.678506
0.255178
0.029073
0.043593
0.133088
0.050408
0.035662
0.018873
0.055469
0.033295
0.063207
0.122046
0.034404
0.020151
0.030605
0.031326
0.040527
0.064218
0.051081
0.072775
0.280260
0.137569
0.042741
0.146543
0.076057
0.052290
0.133649
0.043384
0.036152
0.038261
0.045625
0.031363
0.049463
0.107354
0.025072
0.020513
0.058037
0.029837
0.023498
0.054531
0.050863
0.078685
0.318956
0.136390
0.044111
0.102579
0.126790
0.243136
0.037934
0.090717
0.025474
0.024621
0.043159
0.043027
0.223960
0.028121
0.044629
0.061106
0.069575
0.044600
0.150004
0.020613
0.163000
0.240115
0.252761
0.034568
0.080894
0.176759
0.181591
0.072230
0.186412
0.272385
0.126068
0.211310
0.018275
0.184583
0.116286
0.117267
0.084334
0.146188
0.104437
0.233805
0.057656
0.506744
0.073514
0.182834
0.370018
0.104562
0.056597
0.040593
0.057723
0.013421
0.023497
0.158390
0.047342
0.043717
0.047621
0.047092
0.032511
0.137125
0.031437
0.135239
0.274051
0.202646
0.021035
0.114430
0.154034
0.065179
0.113323
0.039055
0.082462
0.054649
0.059240
0.024192
0.040949
0.025035
0.042530
0.052143
0.097893
0.054147
0.382637
0.101348
0.064140
0.190993
0.068906
0.032097
0.035211
0.046781
0.177384
0.038126
0.037396
0.047327
0.054178
0.051360
0.097747
0.036194
0.121100
0.222159
0.177886
0.038719
0.115209
0.120123
0.067480
0.048156
0.248421
0.037575
0.060859
0.091269
0.087597
0.056890
0.146125
0.030949
0.170219
0.237391
0.259602
0.055736
0.060979
0.214656
0.038123
0.114148
0.043292
0.026114
0.032329
0.023151
0.025873
0.106584
0.035683
0.089970
0.287759
0.162165
0.020048
0.143051
0.115644
0.186272
0.048768
0.056621
0.060233
0.058864
0.043227
0.153412
0.036664
0.145865
0.291276
0.226160
0.037784
0.080162
0.202568
0.153802
0.093908
0.104838
0.067278
0.117509
0.084409
0.213457
0.058376
0.518993
0.086292
0.161981
0.324318
0.106044
0.019211
0.044105
0.036985
0.015269
0.102900
0.027637
0.125062
0.290329
0.222795
0.027534
0.068903
0.154288
0.022580
0.012854
0.016383
0.075311
0.044582
0.077984
0.317701
0.160411
0.029474
0.127627
0.099583
0.022436
0.030660
0.122625
0.048455
0.091349
0.297527
0.189155
0.028921
0.164470
0.102245
0.023277
0.083738
0.058579
0.063175
0.328029
0.143415
0.036445
0.154164
0.106717
0.109805
0.029737
0.099780
0.321725
0.206409
0.018728
0.102169
0.143378
0.171142
0.070672
0.411885
0.059050
0.143918
0.233121
0.073859
0.167852
0.219434
0.273088
0.013100
0.073505
0.200272
0.464057
0.087273
0.142267
0.277657
0.084690
0.488955
0.236830
0.299482
0.413637
0.237164
0.371760
0.111770
0.106951
0.150952
0.344878
