0.353574
0.259913
0.385288
0.151228
0.180408
0.306834
0.297791
0.083448
0.260847
0.202756
0.333323
0.306387
0.135623
0.093647
0.116354
0.435898
0.168579
0.165874
0.222100
0.254340
0.256123
0.333904
0.186386
0.052869
0.094136
0.358386
0.241114
0.246889
0.125236
0.261549
0.234116
0.301147
0.357576
0.202306
0.392603
0.209041
0.089289
0.291303
0.283667
0.195833
0.291221
0.208767
0.267380
0.175170
0.235530
0.143436
0.308866
0.366688
0.061415
0.021960
0.029008
0.087040
0.062657
0.071697
0.039282
0.354016
0.040618
0.059455
0.033451
0.029796
0.092340
0.185312
0.116640
0.030090
0.111395
0.102373
0.049654
0.044980
0.031664
0.035167
0.076304
0.328628
0.453714
0.053420
0.048961
0.031374
0.152920
0.028616
0.029145
0.029702
0.023727
0.071020
0.017928
0.050904
0.487300
0.058374
0.031310
0.065779
0.021358
0.042416
0.029140
0.063257
0.058813
0.522064
0.022888
0.017423
0.312904
0.058112
0.038051
0.025439
0.064687
0.037959
0.283016
0.034811
0.026966
0.041155
0.032239
0.046281
0.115552
0.056744
0.062935
0.055042
0.052453
0.027600
0.029670
0.012700
0.043980
0.032188
0.241416
0.361888
0.066188
0.023064
0.013189
0.090272
0.024124
0.017530
0.025287
0.042382
0.035870
0.040290
0.031481
0.398255
0.049856
0.033538
0.028918
0.011920
0.016107
0.021228
0.026131
0.025545
0.431655
0.021998
0.035655
0.231290
0.109787
0.094362
0.072883
0.030275
0.363755
0.037201
0.110463
0.024294
0.029922
0.108974
0.209768
0.160248
0.032734
0.180216
0.110801
0.058077
0.048236
0.056694
0.024399
0.114998
0.345536
0.442617
0.027512
0.069741
0.053519
0.158640
0.030083
0.046422
0.025812
0.022520
0.112733
0.021319
0.055707
0.537182
0.046952
0.026131
0.081461
0.039034
0.078893
0.027560
0.100546
0.102190
0.585298
0.063965
0.024834
0.326790
0.019003
0.076888
0.053835
0.185907
0.043440
0.039328
0.065990
0.061190
0.014077
0.052997
0.031067
0.138582
0.060749
0.017565
0.029175
0.033486
0.038295
0.079736
0.033087
0.124350
0.234257
0.089291
0.033229
0.033157
0.028236
0.043921
0.036464
0.049227
0.094716
0.036148
0.109790
0.030032
0.287092
0.057990
0.052326
0.024942
0.048098
0.030989
0.038739
0.029141
0.045096
0.333531
0.079230
0.092049
0.122953
0.053784
0.051194
0.183355
0.039905
0.037074
0.055240
0.045733
0.017196
0.061969
0.033133
0.121951
0.053326
0.028894
0.015434
0.037310
0.033827
0.064257
0.037445
0.144027
0.254960
0.083944
0.028337
0.019411
0.067823
0.039824
0.024601
0.045426
0.076379
0.048478
0.086072
0.033233
0.293294
0.067874
0.048741
0.023521
0.040008
0.025797
0.029850
0.024381
0.037680
0.341918
0.054026
0.074375
0.165918
0.058419
0.272153
0.040899
0.105504
0.033043
0.035074
0.070314
0.139270
0.126866
0.132900
0.145612
0.092366
0.036553
0.062640
0.084755
0.047040
0.124683
0.238209
0.368034
0.061982
0.061582
0.038537
0.129531
0.059950
0.056730
0.058710
0.073115
0.116228
0.088165
0.067507
0.422167
0.095742
0.052141
0.074715
0.072387
0.081913
0.039916
0.109154
0.097671
0.463142
0.078643
0.083876
0.274914
0.277566
0.015819
0.077413
0.021535
0.013836
0.061251
0.131592
0.100992
0.055848
0.130199
0.057080
0.029553
0.023635
0.038639
0.027395
0.066506
0.248705
0.348328
0.022055
0.041718
0.036160
0.086284
0.012562
0.035196
0.006408
0.021490
0.067816
0.036852
0.029330
0.443819
0.024662
0.024509
0.048044
0.030568
0.054716
0.013276
0.057572
0.073694
0.495892
0.053037
0.031923
0.232364
0.255115
0.253485
0.306330
0.283667
0.156929
0.088220
0.164614
0.423813
0.213711
0.188505
0.204614
0.270993
0.278773
0.327534
0.238235
0.036857
0.072977
0.320301
0.239059
0.250692
0.180526
0.267255
0.249381
0.292360
0.338454
0.252403
0.378175
0.223561
0.080504
0.302907
0.291020
0.221828
0.315079
0.246927
0.259870
0.204365
0.273717
0.175279
0.312734
0.348379
0.099712
0.066896
0.026073
0.015654
0.043747
0.113251
0.087891
0.079825
0.111954
0.059479
0.021842
0.027737
0.040634
0.034695
0.061498
0.220409
0.338300
0.033785
0.042554
0.025680
0.073649
0.011771
0.023812
0.016957
0.037388
0.062163
0.051133
0.020164
0.400856
0.046162
0.024816
0.045266
0.034055
0.042021
0.014966
0.055660
0.068241
0.453344
0.053349
0.040899
0.216562
0.089790
0.074832
0.048729
0.096242
0.042634
0.107897
0.030779
0.058504
0.054677
0.048841
0.023926
0.085821
0.027546
0.192489
0.337919
0.118182
0.037342
0.033673
0.077103
0.047562
0.038058
0.065211
0.084286
0.013123
0.087423
0.038610
0.318717
0.077915
0.062421
0.032483
0.038551
0.012010
0.057644
0.018967
0.020408
0.332698
0.055186
0.088192
0.165226
0.018243
0.071968
0.159548
0.126257
0.055830
0.149239
0.073630
0.025484
0.028037
0.049358
0.018602
0.102332
0.275118
0.380157
0.017508
0.043564
0.025877
0.123254
0.029806
0.033820
0.018096
0.028107
0.093569
0.035922
0.044312
0.475873
0.040907
0.019259
0.057205
0.034490
0.062524
0.014067
0.086529
0.085423
0.528335
0.058451
0.031222
0.282675
0.059019
0.139504
0.108486
0.058818
0.124477
0.072408
0.023923
0.030593
0.042011
0.020229
0.077517
0.258483
0.376507
0.020491
0.038919
0.027527
0.108614
0.018595
0.032804
0.014904
0.015407
0.072116
0.030731
0.035851
0.441943
0.045158
0.027556
0.055926
0.033486
0.054181
0.016437
0.064919
0.067526
0.486897
0.039044
0.028813
0.261338
0.055005
0.032719
0.150110
0.072936
0.025388
0.024051
0.039515
0.051355
0.078250
0.049259
0.112968
0.207609
0.088721
0.042655
0.038645
0.040224
0.049068
0.036827
0.056779
0.093860
0.049253
0.113843
0.034595
0.264971
0.067761
0.053492
0.032625
0.056884
0.038755
0.041817
0.034104
0.052363
0.319996
0.081089
0.094883
0.133230
0.060475
0.258235
0.065790
0.070677
0.077479
0.129879
0.113406
0.177626
0.083310
0.054995
0.169433
0.180197
0.081752
0.094767
0.070546
0.119970
0.117260
0.137562
0.190333
0.090021
0.212990
0.096689
0.183126
0.152773
0.147969
0.087568
0.142486
0.090801
0.116136
0.075939
0.104255
0.237467
0.140859
0.189044
0.080930
0.181877
0.042063
0.037027
0.066327
0.075764
0.059499
0.128831
0.031920
0.116109
0.200850
0.159893
0.067253
0.066139
0.051388
0.076216
0.054581
0.095171
0.138087
0.057763
0.150272
0.056665
0.232947
0.104776
0.087230
0.036104
0.077574
0.042080
0.075082
0.022472
0.055685
0.277153
0.098136
0.139518
0.108373
0.180694
0.133937
0.093564
0.063128
0.053503
0.060239
0.115481
0.405313
0.498874
0.051609
0.079690
0.081361
0.193657
0.059069
0.074952
0.044062
0.027981
0.104962
0.013702
0.089578
0.582240
0.054023
0.058208
0.107519
0.043007
0.090685
0.062585
0.102057
0.095484
0.625333
0.067552
0.021902
0.365253
0.090115
0.083176
0.111932
0.059103
0.150523
0.039851
0.165837
0.311473
0.187426
0.059271
0.062713
0.104841
0.096807
0.080316
0.121111
0.148295
0.045208
0.147484
0.084500
0.260212
0.144101
0.128671
0.065962
0.089632
0.035565
0.103680
0.036386
0.045655
0.278266
0.071939
0.141761
0.159529
0.039472
0.029228
0.041936
0.086018
0.037537
0.133354
0.210670
0.091260
0.040087
0.051574
0.030933
0.054997
0.048440
0.048401
0.098337
0.054920
0.111238
0.043622
0.312972
0.043492
0.055127
0.022218
0.049244
0.051666
0.044205
0.032809
0.050127
0.369232
0.103799
0.097259
0.126979
0.029901
0.037102
0.038997
0.059517
0.178102
0.284894
0.041039
0.019844
0.012587
0.080330
0.029066
0.023984
0.025969
0.047820
0.057950
0.058808
0.031980
0.353784
0.051928
0.033839
0.033704
0.035250
0.035077
0.016413
0.043406
0.051381
0.414523
0.047426
0.046952
0.203523
0.024049
0.030081
0.049700
0.220137
0.320685
0.041703
0.034134
0.028931
0.059751
0.020149
0.023049
0.014438
0.037578
0.046742
0.050092
0.021764
0.406035
0.017157
0.020328
0.022021
0.018615
0.036112
0.016711
0.040654
0.046554
0.448999
0.066204
0.046815
0.200188
0.053464
0.024529
0.230068
0.350957
0.066399
0.017136
0.022251
0.078463
0.025095
0.027141
0.026316
0.046308
0.026000
0.041144
0.029816
0.390905
0.035240
0.034464
0.024809
0.009418
0.015785
0.026777
0.020051
0.016176
0.424761
0.038738
0.040560
0.204627
0.097379
0.297473
0.406517
0.036093
0.057487
0.034765
0.130153
0.025348
0.034463
0.023982
0.022444
0.096228
0.034739
0.043078
0.478975
0.045484
0.025958
0.052040
0.036056
0.061893
0.019002
0.081053
0.084556
0.510206
0.053192
0.047205
0.290594
0.185547
0.301242
0.122189
0.042072
0.049939
0.051376
0.045656
0.045498
0.056572
0.093295
0.027557
0.094540
0.042538
0.324805
0.065683
0.075157
0.029746
0.039773
0.025033
0.057204
0.012177
0.028925
0.354696
0.065687
0.089892
0.148100
0.077289
0.296759
0.198697
0.209985
0.114013
0.232107
0.214230
0.258037
0.320511
0.189466
0.360061
0.179390
0.084048
0.258066
0.249360
0.170513
0.268029
0.194864
0.226857
0.163734
0.215665
0.146579
0.289587
0.332928
0.044722
0.387818
0.325387
0.341674
0.204116
0.348818
0.321594
0.357407
0.427544
0.334436
0.466378
0.296714
0.156114
0.333505
0.343690
0.275218
0.379557
0.329102
0.329440
0.272382
0.354430
0.269198
0.425417
0.431036
0.126498
0.057981
0.055159
0.134894
0.042932
0.063500
0.021388
0.025031
0.103098
0.037028
0.062745
0.510855
0.040233
0.036383
0.088413
0.050783
0.092728
0.032872
0.107648
0.103141
0.574922
0.079325
0.029510
0.301040
0.018017
0.080764
0.039497
0.040526
0.033611
0.054620
0.034898
0.055828
0.045629
0.374308
0.048474
0.046980
0.036959
0.027142
0.027929
0.030415
0.033586
0.021417
0.421008
0.040927
0.048010
0.201830
0.090069
0.022860
0.015938
0.027091
0.046427
0.045437
0.051533
0.024861
0.375565
0.054795
0.029431
0.025531
0.023129
0.017522
0.014434
0.038565
0.037717
0.412692
0.034550
0.046838
0.215917
0.075492
0.082101
0.085300
0.143438
0.058895
0.169924
0.053158
0.270728
0.078031
0.091658
0.051210
0.091468
0.074972
0.082495
0.057060
0.084080
0.315307
0.147924
0.151917
0.082783
0.014928
0.012396
0.026363
0.049457
0.036999
0.009502
0.400063
0.033675
0.017657
0.029660
0.022050
0.028646
0.010335
0.036404
0.056620
0.437794
0.044053
0.038221
0.204693
0.027160
0.044333
0.056291
0.049824
0.014438
0.366160
0.052955
0.019598
0.021375
0.023071
0.018442
0.013867
0.030724
0.051795
0.410175
0.046972
0.045350
0.204748
0.021487
0.058603
0.029089
0.027103
0.455654
0.016981
0.019660
0.036959
0.016040
0.045196
0.009241
0.050762
0.057638
0.506360
0.048538
0.023152
0.241472
0.081470
0.013671
0.051005
0.497504
0.043453
0.033652
0.074713
0.035393
0.065563
0.030086
0.074824
0.078313
0.538763
0.042136
0.021585
0.301937
0.089824
0.043252
0.329995
0.062224
0.069735
0.045945
0.041753
0.025765
0.062593
0.026249
0.022075
0.350550
0.062044
0.082802
0.155403
0.066514
0.532772
0.052035
0.040048
0.083417
0.028911
0.067174
0.038860
0.081080
0.073282
0.573380
0.041845
0.014357
0.338048
0.332820
0.045318
0.024484
0.019220
0.034117
0.024266
0.018311
0.030861
0.057418
0.365580
0.065919
0.065156
0.152088
0.462954
0.429780
0.326702
0.442840
0.335696
0.408619
0.293066
0.361890
0.039894
0.436787
0.517459
0.124373
0.030743
0.046742
0.027327
0.064260
0.029157
0.061980
0.066867
0.512126
0.081592
0.046305
0.227316
0.038736
0.022940
0.044770
0.012319
0.058511
0.066646
0.474581
0.061892
0.038199
0.233139
0.030472
0.022829
0.025256
0.022011
0.040351
0.359100
0.072341
0.084934
0.152324
0.025043
0.019025
0.036725
0.027240
0.480553
0.038500
0.028005
0.246404
0.034304
0.017921
0.024780
0.363486
0.040742
0.065957
0.176849
0.044379
0.055478
0.456443
0.043659
0.034633
0.222468
0.025684
0.330484
0.053691
0.077658
0.140741
0.384842
0.047958
0.074056
0.201593
0.463431
0.578218
0.155442
0.041247
0.289108
0.325407
