0.618631
0.648121
0.617647
0.577370
0.415843
0.571200
0.633919
0.538288
0.597998
0.732614
0.735371
0.708923
0.586404
0.574017
0.539438
0.610453
0.607862
0.556533
0.691380
0.700912
0.618829
0.690250
0.556218
0.621332
0.661043
0.732291
0.699689
0.517903
0.493908
0.675368
0.401311
0.661947
0.538521
0.543795
0.457002
0.972520
0.488018
0.734687
0.582303
0.633105
0.665158
0.567675
0.626015
0.614575
0.459501
0.659812
0.533018
0.663168
0.429959
0.737157
0.699982
0.577773
0.555841
0.255807
0.514685
0.609420
0.609938
0.845739
0.589750
0.484403
0.647528
0.509442
0.568241
0.456521
0.377215
0.472756
0.757975
0.720280
0.501605
0.504710
0.420026
0.626410
0.461550
0.586455
0.638833
0.454534
0.581527
0.728033
0.617057
0.723224
0.541244
0.553502
0.451249
0.975215
0.579240
0.556731
0.699361
0.636738
0.573699
0.626211
0.499466
0.447404
0.575302
0.712364
0.635493
0.634341
0.436990
0.541566
0.660001
0.598757
0.675484
0.647767
0.710982
0.393734
0.836164
0.823159
0.576594
0.534248
0.664313
0.577357
0.635776
0.659625
0.599332
0.623863
0.788189
0.656995
0.638066
0.585905
0.665356
0.601175
0.591085
0.592040
0.650361
0.625087
0.808727
0.662253
0.677480
0.677423
0.560125
0.488140
0.886165
0.595338
0.666926
0.659732
0.633519
0.698675
0.567863
0.597076
0.785700
0.593079
0.807436
0.565955
0.661542
0.547349
0.564695
0.424078
0.614995
0.603998
0.584877
0.441575
0.778623
0.835988
0.594658
0.567417
0.579982
0.226941
0.572881
0.560559
0.536611
0.502779
0.666236
0.490200
0.692811
0.583398
0.503178
0.587497
0.595587
0.679318
0.640290
0.569155
0.666366
0.481810
0.719527
0.664004
0.433958
0.626099
0.852650
0.353642
0.657894
0.685407
0.633742
0.639382
0.267320
0.429654
0.715712
0.488491
0.809236
0.462849
0.639153
0.491962
0.493007
0.542490
0.560754
0.615586
0.501965
0.905519
0.729981
0.520832
0.579729
0.397560
0.473514
0.560768
0.503123
0.512618
0.598230
0.765385
0.522065
0.512565
0.458151
0.514793
0.562349
0.519312
0.628974
0.538280
0.569971
0.709180
0.536081
0.672857
0.586413
0.405514
0.551200
0.883922
0.500528
0.518908
0.683076
0.511174
0.542465
0.512401
0.626788
0.621067
0.497898
0.727470
0.566771
0.620798
0.465421
0.505931
0.510478
0.451507
0.492887
0.856717
0.691062
0.493699
0.428730
0.475511
0.308118
0.468679
0.470723
0.491390
0.605541
0.570227
0.435045
0.601771
0.461084
0.437244
0.522910
0.559222
0.621390
0.518298
0.364879
0.528724
0.325804
0.564915
0.497149
0.313248
0.393471
0.852597
0.305534
0.582263
0.568397
0.457507
0.474520
0.465117
0.451366
0.537092
0.431743
0.560267
0.427131
0.537882
0.339347
0.556519
0.629376
0.517110
0.834048
0.720402
0.514544
0.553848
0.505640
0.514814
0.471779
0.509951
0.448223
0.668993
0.639520
0.519905
0.592092
0.461742
0.520576
0.435445
0.446179
0.537119
0.495936
0.558162
0.693596
0.564553
0.678306
0.547418
0.510141
0.403598
0.984725
0.538669
0.448475
0.637081
0.608640
0.559560
0.540504
0.426560
0.552256
0.494741
0.718270
0.521762
0.532114
0.389268
0.620046
0.587694
0.914818
0.693008
0.454021
0.652749
0.515882
0.529317
0.422159
0.508725
0.697295
0.676791
0.747017
0.542617
0.608599
0.528432
0.521432
0.557494
0.394085
0.689042
0.581715
0.641616
0.738632
0.535433
0.694321
0.615890
0.486663
0.584498
0.961766
0.517891
0.601581
0.577182
0.688274
0.638554
0.588720
0.665465
0.619258
0.571787
0.832805
0.564442
0.456766
0.491242
0.647977
0.768138
0.782671
0.563362
0.679187
0.564252
0.506435
0.531023
0.520918
0.549861
0.796477
0.685962
0.596979
0.552709
0.599240
0.678221
0.550415
0.661371
0.711239
0.593953
0.470384
0.596384
0.521864
0.734248
0.660350
0.436657
0.576427
0.878466
0.538116
0.752895
0.705753
0.507119
0.490444
0.663790
0.676549
0.427419
0.626819
0.708070
0.550816
0.723219
0.460366
0.870684
0.797912
0.556889
0.480430
0.574877
0.467534
0.626104
0.583735
0.466502
0.548331
0.629830
0.600044
0.639128
0.574720
0.470467
0.522399
0.518387
0.506611
0.540149
0.557060
0.772920
0.501391
0.627605
0.608783
0.440346
0.461167
0.933257
0.410479
0.480792
0.734670
0.536198
0.571482
0.412134
0.476649
0.703354
0.479232
0.723241
0.440880
0.530488
0.435618
0.935361
0.860799
0.746885
0.902547
0.765600
0.851741
0.830833
0.838684
0.914723
0.739177
0.740996
0.851033
0.743148
0.903226
0.821494
0.885532
0.864576
0.860713
0.764889
0.845262
0.793116
0.942593
0.920913
0.925664
0.800543
0.912919
0.810124
0.937331
0.795305
0.932655
0.992909
0.757595
0.803851
0.876253
0.901881
0.908046
0.866719
0.839624
0.863000
0.620146
0.745888
0.706663
0.676483
0.727609
0.626585
0.655338
0.861673
0.964445
0.750560
0.736426
0.490514
0.755323
0.695648
0.780872
0.730948
0.688141
0.787764
0.716184
0.871735
0.711951
0.590255
0.650466
0.649052
0.944084
0.785805
0.772588
0.743803
0.631804
0.761827
0.763048
0.743329
0.564635
0.751469
0.820778
0.685913
0.781925
0.631657
0.540862
0.500023
0.469784
0.513469
0.439533
0.607301
0.723819
0.734062
0.449943
0.539354
0.386322
0.528553
0.467497
0.443947
0.575993
0.608263
0.608120
0.691037
0.617241
0.587293
0.545981
0.471854
0.542431
0.857273
0.523895
0.520354
0.510404
0.528471
0.522474
0.560866
0.483914
0.629269
0.548730
0.793978
0.560361
0.511470
0.489771
0.627170
0.494811
0.596083
0.628505
0.510645
0.623838
0.591350
0.466612
0.610082
0.432766
0.509181
0.470684
0.521115
0.564485
0.598114
0.494606
0.589935
0.556099
0.567840
0.561809
0.430022
0.419337
0.812240
0.513297
0.551779
0.616997
0.574834
0.651185
0.529373
0.520294
0.777465
0.472333
0.717470
0.476914
0.547515
0.479354
0.439422
0.446907
0.411093
0.616218
0.633456
0.721405
0.466095
0.348351
0.439303
0.542256
0.478017
0.570622
0.664274
0.527762
0.634162
0.682710
0.584611
0.710051
0.542201
0.328761
0.503186
0.842069
0.563579
0.611002
0.622271
0.572572
0.607310
0.546618
0.604339
0.436914
0.528756
0.697852
0.553354
0.714814
0.458994
0.461888
0.461932
0.495008
0.557691
0.558094
0.387063
0.588284
0.425268
0.397764
0.458231
0.493349
0.614642
0.566637
0.473698
0.551877
0.415896
0.638050
0.548366
0.342072
0.500029
0.777463
0.280011
0.568431
0.581784
0.488125
0.573923
0.218954
0.322234
0.568653
0.487114
0.710623
0.462021
0.632996
0.372300
0.439831
0.599357
0.640278
0.716381
0.414422
0.527271
0.385348
0.523805
0.386551
0.459929
0.742951
0.563516
0.513230
0.620483
0.629763
0.680322
0.614135
0.454293
0.477616
0.904559
0.519301
0.625151
0.552905
0.559745
0.613251
0.597463
0.508396
0.524436
0.551636
0.764950
0.580101
0.559458
0.417131
0.594079
0.701149
0.731103
0.445172
0.421504
0.424579
0.593472
0.486820
0.591343
0.699684
0.577426
0.557424
0.665680
0.573926
0.696791
0.550796
0.405056
0.481067
0.932077
0.536569
0.597218
0.661539
0.525993
0.549422
0.545395
0.532149
0.500691
0.570849
0.636005
0.627104
0.622519
0.438375
0.677900
0.689289
0.615330
0.577611
0.454503
0.589775
0.491773
0.545716
0.447720
0.489066
0.563974
0.647272
0.570632
0.681523
0.528900
0.490261
0.408562
0.940170
0.534095
0.539002
0.729467
0.497229
0.513345
0.532210
0.568520
0.582935
0.447059
0.691808
0.473063
0.611806
0.432786
0.688637
0.635325
0.711763
0.667923
0.481598
0.614654
0.567427
0.689147
0.618798
0.719560
0.824301
0.687934
0.787110
0.700508
0.580559
0.638314
0.976382
0.534857
0.591091
0.739653
0.713128
0.771298
0.400239
0.641419
0.758007
0.424740
0.781730
0.468785
0.632044
0.608290
0.609907
0.740485
0.732251
0.567186
0.625243
0.656351
0.707505
0.718615
0.579196
0.688919
0.518035
0.709717
0.825095
0.704043
0.569387
0.896250
0.550989
0.684566
0.772305
0.740648
0.806887
0.532210
0.582815
0.763260
0.703944
0.800616
0.688525
0.661989
0.640675
0.593546
0.422133
0.503643
0.435516
0.424969
0.721119
0.576821
0.463438
0.585337
0.518610
0.687981
0.620437
0.440106
0.495204
0.803954
0.486235
0.579570
0.539742
0.619327
0.710579
0.504852
0.498296
0.596469
0.574370
0.754488
0.570257
0.583315
0.444091
0.478732
0.622101
0.433504
0.636373
0.668891
0.668062
0.660450
0.687388
0.709415
0.762848
0.678618
0.470383
0.567143
0.894323
0.664444
0.671303
0.734032
0.617822
0.657227
0.669691
0.701361
0.581951
0.674632
0.793816
0.718005
0.677003
0.591335
0.488826
0.450488
0.518357
0.624153
0.548198
0.548572
0.574651
0.604404
0.616517
0.432695
0.451353
0.441670
0.825660
0.564189
0.575209
0.489076
0.519469
0.619660
0.534245
0.477239
0.530730
0.559039
0.768265
0.530440
0.527787
0.423595
0.503772
0.423467
0.535540
0.584636
0.600979
0.659701
0.596308
0.663723
0.604963
0.462504
0.533050
0.891070
0.418452
0.506427
0.596059
0.548771
0.623953
0.407712
0.522288
0.678726
0.477185
0.804910
0.474786
0.378811
0.510483
0.413814
0.607925
0.576495
0.518575
0.626767
0.574710
0.655897
0.630005
0.431996
0.438010
0.876192
0.512164
0.502162
0.652021
0.534439
0.531168
0.536870
0.479328
0.561305
0.493171
0.732592
0.566256
0.567367
0.447826
0.576992
0.576368
0.610975
0.699946
0.673347
0.622001
0.670782
0.544726
0.550181
0.829014
0.544194
0.422585
0.630493
0.595006
0.588429
0.483296
0.573962
0.701402
0.473185
0.807018
0.507098
0.381468
0.502126
0.480592
0.689300
0.763813
0.651587
0.629034
0.589917
0.574992
0.463098
0.996166
0.584553
0.547444
0.737940
0.578628
0.613135
0.601643
0.635351
0.765502
0.521531
0.774981
0.643685
0.595035
0.522094
0.596585
0.733608
0.561761
0.644212
0.506398
0.441329
0.454310
0.990178
0.535271
0.632822
0.688595
0.554197
0.558610
0.592289
0.642105
0.564762
0.436088
0.637225
0.513571
0.648179
0.320441
0.610957
0.405954
0.646873
0.681206
0.479612
0.500133
0.837032
0.421987
0.628776
0.635498
0.576825
0.599231
0.586700
0.541839
0.675479
0.563368
0.713400
0.514831
0.626655
0.429898
0.657272
0.691844
0.659423
0.563508
0.622945
0.795074
0.693291
0.760630
0.754352
0.564450
0.709966
0.696489
0.626995
0.665632
0.702551
0.808818
0.684441
0.733355
0.614412
0.627750
0.670950
0.445056
0.439772
0.907169
0.304340
0.656304
0.662494
0.584165
0.546282
0.469012
0.538445
0.652862
0.532597
0.654512
0.519672
0.670766
0.409625
0.685194
0.606746
0.536187
0.819551
0.589431
0.590628
0.747409
0.512570
0.697782
0.690712
0.688839
0.755179
0.617967
0.831991
0.647314
0.675658
0.527678
0.479966
0.526897
0.952590
0.600651
0.646294
0.569630
0.605267
0.609835
0.603852
0.530684
0.610440
0.489784
0.704570
0.555303
0.615920
0.382134
0.425212
0.827357
0.418010
0.552339
0.631112
0.433874
0.465712
0.485382
0.535659
0.459098
0.390934
0.632803
0.402845
0.653322
0.252160
0.850165
0.495440
0.523606
0.689707
0.395747
0.526021
0.533095
0.515937
0.544605
0.418237
0.544486
0.467008
0.591061
0.342018
0.893309
0.942771
0.917328
0.813616
0.960927
0.891851
0.872360
0.932836
0.913363
0.913058
0.847621
1.008956
0.897590
0.561365
0.643698
0.558831
0.555159
0.321801
0.413365
0.678115
0.454795
0.696950
0.439778
0.549368
0.385929
0.720203
0.582767
0.609164
0.501683
0.581494
0.703780
0.473251
0.800955
0.594974
0.543369
0.516774
0.731433
0.750221
0.656437
0.581390
0.767697
0.623622
0.886646
0.645057
0.528503
0.555085
0.433175
0.587436
0.619694
0.630806
0.526704
0.613300
0.554650
0.663330
0.453833
0.662873
0.608754
0.645705
0.503570
0.453896
0.580887
0.635074
0.445058
0.397894
0.697052
0.507344
0.788485
0.466077
0.560146
0.484569
0.697907
0.526587
0.746319
0.607903
0.590914
0.465262
0.605423
0.694376
0.583248
0.799523
0.486737
0.588857
0.347896
0.559565
0.341635
0.648755
0.841107
0.556503
0.627212
0.393412
0.602934
