0.720453
0.855787
0.903746
0.672180
0.694180
0.821532
0.930308
0.815899
0.891496
0.750553
0.649534
0.802478
0.795548
0.853540
0.811424
0.813142
0.783904
0.884860
0.846903
0.781016
0.793744
0.877608
0.854528
0.875102
0.646057
0.743642
0.811981
0.862039
0.765840
0.828123
0.795952
0.924773
0.795732
0.831297
0.731192
0.977136
0.904338
0.763428
0.813003
0.804918
0.789818
0.857960
0.682152
0.716904
0.825848
0.726473
0.734200
0.837537
0.927627
0.704845
0.592020
0.557506
0.606635
0.613517
0.659016
0.741694
0.695631
0.668520
0.531644
0.555443
0.588637
0.713291
0.657579
0.594755
0.638768
0.747718
0.586600
0.577438
0.567560
0.768014
0.659014
0.475220
0.624187
0.584615
0.723596
0.588270
0.620068
0.551244
0.557999
0.825759
0.643031
0.650473
0.571626
0.756657
0.707397
0.568844
0.669782
0.618243
0.628747
0.661064
0.631977
0.597404
0.765460
0.630732
0.598748
0.695333
0.633344
0.816778
0.809436
0.895621
0.785473
0.778923
0.631202
0.586102
0.552522
0.750154
0.656555
0.797136
0.630780
0.694010
0.754531
0.617292
0.816923
0.663130
0.528646
0.635468
0.782883
0.595237
0.638510
0.695953
0.635366
0.760554
0.797202
0.828442
0.686745
0.389053
0.852083
0.718134
0.654827
0.708232
0.699522
0.800893
0.713129
0.758483
0.538321
0.670050
0.788163
0.768955
0.695475
0.755948
0.739717
0.746819
0.539978
0.725872
0.645750
0.553038
0.644703
0.645101
0.867141
0.741144
0.605723
0.650366
0.682947
0.665343
0.795341
0.752025
0.592607
0.753529
0.828551
0.703108
0.673081
0.691316
0.830148
0.703718
0.806216
0.649506
0.703196
0.753738
0.693478
0.628276
0.576197
0.763540
0.712975
0.597726
0.734660
0.642662
0.727807
0.744568
0.647816
0.650265
0.753065
0.787815
0.693641
0.607183
0.639799
0.743172
0.672523
0.665365
0.709842
0.851330
0.508375
0.584352
0.652815
0.679815
0.652139
0.660837
0.471632
0.400492
0.517707
0.529257
0.641999
0.432702
0.628724
0.667500
0.603663
0.613481
0.430280
0.664864
0.549066
0.792279
0.582749
0.557395
0.635622
0.724010
0.472588
0.531451
0.678451
0.636497
0.548352
0.505092
0.470686
0.674836
0.562238
0.442061
0.536649
0.751941
0.584646
0.559589
0.455222
0.413317
0.602768
0.484805
0.383073
0.733896
0.651384
0.720316
0.741300
0.746620
0.736176
0.649401
0.241771
0.611320
0.622235
0.718233
0.822496
0.508205
0.676071
0.796462
0.684483
0.695245
0.585180
0.908394
0.661708
0.856605
0.654213
0.650392
0.701146
0.699970
0.631891
0.632123
0.794166
0.693196
0.671532
0.634315
0.569506
0.763848
0.764419
0.535468
0.567406
0.751966
0.717234
0.653297
0.592853
0.495232
0.774040
0.504355
0.600751
0.752487
0.767062
0.594479
0.624111
0.699424
0.601749
0.629502
0.447885
0.662465
0.629000
0.678834
0.600502
0.789385
0.638100
0.594851
0.642415
0.518491
0.688979
0.598762
0.727515
0.359440
0.444023
0.643991
0.766614
0.666022
0.617907
0.704853
0.753123
0.576297
0.572965
0.491753
0.741771
0.584425
0.571357
0.643285
0.759949
0.566179
0.678675
0.410883
0.572828
0.577478
0.653558
0.536751
0.682871
0.727884
0.774227
0.756623
0.748762
0.672498
0.507401
0.654582
0.692136
0.790328
0.630300
0.762721
0.743286
0.437891
0.718257
0.622745
0.788722
0.623688
0.834765
0.712889
0.681567
0.753893
0.713438
0.700032
0.613396
0.707799
0.736353
0.564691
0.603924
0.659229
0.682003
0.728805
0.623744
0.692385
0.848714
0.665685
0.730856
0.667711
0.662144
0.729409
0.672576
0.586883
0.745972
0.667485
0.462588
0.672883
0.661579
0.633070
0.783244
0.527826
0.624107
0.658055
0.673649
0.625101
0.736643
0.747619
0.616408
0.759752
0.507158
0.762819
0.576394
0.452033
0.619904
0.732029
0.732972
0.803173
0.739980
0.804019
0.698335
0.595708
0.589893
0.835673
0.644018
0.606058
0.627263
0.584717
0.648151
0.740874
0.584931
0.525709
0.653280
0.652260
0.669581
0.545045
0.633864
0.652731
0.731252
0.597081
0.765327
0.510899
0.665853
0.597156
0.637792
0.695931
0.677304
0.664647
0.606420
0.720590
0.413300
0.710557
0.715916
0.545446
0.599482
0.750539
0.759410
0.745440
0.748604
0.688579
0.681556
0.660361
0.673490
0.745869
0.664803
0.613666
0.587391
0.621174
0.680404
0.726472
0.715090
0.496647
0.640598
0.664352
0.684757
0.470380
0.719484
0.603698
0.610826
0.795211
0.687775
0.663506
0.688528
0.733555
0.773908
0.699486
0.357584
0.586540
0.850696
0.682590
0.689079
0.526772
0.601126
0.635343
0.750901
0.751923
0.636453
0.648118
0.782959
0.565218
0.668164
0.644518
0.786501
0.796745
0.694841
0.576741
0.547939
0.667205
0.734494
0.521172
0.666508
0.758640
0.515067
0.710722
0.511738
0.842932
0.469173
0.622159
0.657125
0.698350
0.558204
0.649814
0.688560
0.612826
0.676191
0.526991
0.793500
0.562981
0.762025
0.556515
0.602756
0.737970
0.701469
0.623698
0.581285
0.637704
0.711033
0.613700
0.552251
0.489069
0.698744
0.705140
0.492872
0.573960
0.615183
0.572798
0.603927
0.554315
0.504729
0.676556
0.532235
0.538477
0.674849
0.679368
0.553851
0.420298
0.549417
0.449242
0.671404
0.621823
0.545311
0.573949
0.305886
0.583423
0.401055
0.674634
0.520287
0.490385
0.649121
0.710263
0.515904
0.495253
0.591695
0.606397
0.520944
0.412394
0.488337
0.550951
0.496733
0.447714
0.479152
0.660277
0.418771
0.572532
0.443016
0.479391
0.498937
0.475943
0.422178
0.614940
0.546033
0.651165
0.703278
0.386150
0.607284
0.756072
0.688750
0.743426
0.570962
0.661192
0.615692
0.715671
0.661248
0.683773
0.678230
0.701253
0.388432
0.525915
0.688739
0.673364
0.578265
0.662603
0.500621
0.577104
0.581572
0.579490
0.731907
0.745739
0.636051
0.601229
0.628608
0.482955
0.656787
0.689496
0.472486
0.725575
0.719083
0.557606
0.515257
0.713752
0.614561
0.659599
0.665831
0.438679
0.597695
0.322064
0.705364
0.669960
0.539066
0.640679
0.810984
0.572745
0.635761
0.697577
0.800746
0.558521
0.436898
0.535735
0.702751
0.503354
0.579456
0.661598
0.632674
0.594974
0.577476
0.611217
0.523749
0.496841
0.601802
0.556433
0.562722
0.539973
0.598682
0.802972
0.663578
0.782885
0.632612
0.558012
0.449056
0.499167
0.663548
0.644158
0.564496
0.715871
0.746228
0.611655
0.735015
0.696116
0.818231
0.630171
0.700015
0.494679
0.755596
0.630212
0.626639
0.724736
0.501107
0.571342
0.740781
0.604395
0.599121
0.343941
0.656902
0.633481
0.498842
0.687717
0.639522
0.604912
0.596212
0.672257
0.453310
0.530411
0.478084
0.809711
0.665727
0.633359
0.678670
0.623253
0.375862
0.546529
0.621404
0.483954
0.590792
0.519581
0.496114
0.335982
0.463675
0.407068
0.602305
0.679819
0.548986
0.586863
0.612152
0.366534
0.451602
0.581216
0.372123
0.639723
0.620372
0.882566
0.652633
0.682380
0.586732
0.876962
0.557896
0.738556
0.736146
0.637030
0.725716
0.804996
0.668717
0.695301
0.709214
0.774566
0.720617
0.653992
0.648694
0.755349
0.789807
0.656504
0.705456
0.799934
0.619121
0.724297
0.689709
0.547065
0.803658
0.716294
0.608686
0.790634
0.789350
0.830510
0.770286
0.712756
0.563873
0.647375
0.862680
0.718294
0.736953
0.750771
0.742766
0.758561
0.832201
0.742331
0.812876
0.704292
0.641201
0.574795
0.759877
0.596218
0.537659
0.746475
0.651800
0.663718
0.740229
0.722651
0.676094
0.530625
0.742520
0.578567
0.744453
0.636585
0.708039
0.592715
0.813372
0.536038
0.743704
0.716392
0.569210
0.723078
0.754061
0.671107
0.687171
0.707047
0.749795
0.654933
0.617757
0.689219
0.716457
0.742004
0.595147
0.613804
0.817000
0.631127
0.705257
0.722838
0.550339
0.778260
0.679389
0.541789
0.756357
0.686534
0.513564
0.854017
0.649651
0.669931
0.584144
0.552145
0.647994
0.765579
0.754610
0.506299
0.612693
0.802967
0.574646
0.646204
0.677085
0.761829
0.811463
0.690941
0.597868
0.592734
0.673410
0.768438
0.516775
0.631289
0.806858
0.437135
0.696723
0.540687
0.794309
0.691183
0.423524
0.729027
0.512212
0.448671
0.682699
0.748256
0.551632
0.461239
0.649046
0.695280
0.569257
0.480933
0.420081
0.588600
0.535344
0.498342
0.550594
0.701231
0.510115
0.594339
0.477985
0.544690
0.569718
0.474767
0.458416
0.545887
0.692595
0.568802
0.794097
0.731166
0.700800
0.738417
0.778858
0.589936
0.818918
0.691650
0.801833
0.752964
0.769789
0.586346
0.674286
0.444422
0.633465
0.819307
0.682316
0.624720
0.774091
0.718778
0.666294
0.281710
0.797376
0.556049
0.687444
0.649015
0.719612
0.623301
0.413735
0.600550
0.814255
0.559636
0.611850
0.710360
0.690756
0.602074
0.538442
0.465895
0.608687
0.539460
0.466640
0.582822
0.615332
0.479568
0.573429
0.595582
0.349990
0.464843
0.572755
0.440660
0.516406
0.625130
0.715547
0.696583
0.725098
0.665346
0.811704
0.780554
0.622158
0.958138
0.711513
0.779960
0.684718
0.831064
0.803259
0.819727
0.772707
0.585937
0.841445
0.744051
0.719881
0.794908
0.891493
0.777176
0.768474
0.563791
0.697855
0.301624
0.570649
0.801787
0.659532
0.635623
0.697115
0.822127
0.535494
0.593037
0.473267
0.863571
0.654129
0.609469
0.641489
0.619391
0.550742
0.668064
0.216393
0.590716
0.611473
0.574921
0.559804
0.636521
0.746707
0.491477
0.792070
0.648954
0.631973
0.684229
0.832773
0.605121
0.568941
0.527679
0.833863
0.589222
0.585030
0.627424
0.631838
0.567952
0.671108
0.353972
0.487306
0.594601
0.532832
0.547048
0.566531
0.724623
0.778556
0.651116
0.735630
0.797607
0.834977
0.496199
0.660584
0.590241
0.840692
0.729179
0.734598
0.589832
0.745810
0.760079
0.680099
0.532179
0.551497
0.706617
0.576426
0.554732
0.609093
0.675886
0.749105
0.765316
0.611516
0.776965
0.656818
0.721299
0.626099
0.715368
0.723453
0.759028
0.618998
0.673128
0.788345
0.675513
0.752626
0.700066
0.807292
0.664420
0.767041
0.654053
0.633678
0.571714
0.726692
0.700422
0.635016
0.640649
0.511256
0.624098
0.520593
0.444094
0.689333
0.673812
0.561817
0.530909
0.647186
0.529584
0.526340
0.680891
0.348908
0.730575
0.652947
0.647025
0.639874
0.595243
0.548013
0.588124
0.606092
0.708377
0.555461
0.664259
0.803188
0.653726
0.648857
0.595928
0.560971
0.727569
0.610844
0.579375
0.702285
0.744111
0.868511
0.652929
0.634783
0.623621
0.664848
0.684992
0.694393
0.719685
0.640426
0.636824
0.751613
0.685597
0.726164
0.694260
0.737821
0.663611
0.650137
0.638751
0.746037
0.695115
0.687906
0.533410
0.682773
0.665377
0.743645
0.873664
0.720647
0.798887
0.746304
0.588774
0.759297
0.747269
0.674082
0.788690
0.848672
0.434446
0.470573
0.749103
0.641733
0.609287
0.665352
0.693767
0.665660
0.682614
0.424586
0.616690
0.624093
0.550729
0.544538
0.626450
0.474119
0.545629
0.734657
0.537370
0.538945
0.630668
0.757066
0.634953
0.548381
0.502330
0.534490
0.655399
0.548422
0.548721
0.741767
0.475169
0.698845
0.487872
0.404287
0.631173
0.571399
0.562971
0.577378
0.471419
0.512586
0.482663
0.590499
0.371542
0.589995
0.556793
0.669620
0.614294
0.734280
0.777006
0.609043
0.737754
0.819975
0.575693
0.690109
0.756438
0.560531
0.655245
0.783004
0.572492
0.779142
0.753561
0.547807
0.655980
0.605736
0.601580
0.474405
0.740934
0.532026
0.693492
0.605709
0.653549
0.548860
0.530380
0.624102
0.608163
0.469819
0.534523
0.591039
0.333332
0.707099
0.593706
0.768561
0.666181
0.689690
0.623114
0.593288
0.750975
0.355866
0.610918
0.686531
0.771815
0.636189
0.765922
0.657564
0.684037
0.668006
0.713100
0.719114
0.462006
0.655367
0.744539
0.549657
0.526350
0.530082
0.589596
0.530755
0.669298
0.697527
0.658601
0.611840
0.695242
0.725967
0.515542
0.766057
0.675798
0.532629
0.632747
0.504139
0.549147
0.623128
0.646490
0.559930
0.586877
0.403391
0.622927
0.656388
0.725814
0.491847
0.643277
0.673664
0.571471
0.647861
0.771439
0.756390
0.595688
0.748451
