0.550915
0.788168
0.684401
0.725596
0.567286
0.575616
0.500672
0.766021
0.690082
0.532089
0.596179
0.714706
0.662934
0.666895
0.727203
0.792668
0.807635
0.668727
0.580898
0.899104
0.649806
0.617168
0.547816
0.457098
0.718368
0.602528
0.536405
0.631969
0.581659
0.669635
0.634295
0.815812
0.696749
0.550073
0.541911
0.760002
0.739752
0.664320
0.707745
0.666441
0.907014
0.804931
0.612035
0.650723
0.587990
0.618156
0.599519
0.758520
0.664933
0.643303
0.540594
0.682129
0.350730
0.477620
0.377563
0.665245
0.535763
0.365098
0.336792
0.524298
0.465870
0.554538
0.588226
0.692276
0.725041
0.518750
0.592016
0.749016
0.495833
0.415467
0.492502
0.384311
0.661711
0.421011
0.391249
0.541806
0.460329
0.579083
0.430886
0.664234
0.495482
0.380411
0.379437
0.701793
0.730193
0.573039
0.570114
0.564350
0.753487
0.627474
0.519156
0.401183
0.470951
0.405752
0.524279
0.650516
0.524262
0.795384
0.868588
0.691557
0.767511
0.752041
0.760982
0.863217
0.621276
0.611568
0.837179
0.791507
0.714337
0.746290
0.768035
0.881505
0.808468
0.728585
0.775672
0.723014
0.798824
0.675333
0.802284
0.942626
0.713938
0.794856
0.810387
0.724250
0.877655
0.716884
0.928423
0.792679
0.652139
0.731345
0.808478
0.986866
0.800079
0.838247
0.858230
0.782375
0.739105
0.614874
0.685753
0.814103
0.717911
0.760963
0.857119
0.638650
0.844228
0.490250
0.545717
0.525310
0.816392
0.728991
0.633304
0.594027
0.712032
0.647411
0.775397
0.626139
0.754510
0.763751
0.677010
0.610256
0.747437
0.596871
0.522294
0.588028
0.629743
0.589711
0.575767
0.558276
0.682960
0.640293
0.814578
0.523738
0.738236
0.510260
0.571924
0.601815
0.808991
0.839981
0.646315
0.642463
0.604183
0.886599
0.821047
0.705275
0.591831
0.749247
0.513227
0.619956
0.739274
0.636356
0.643478
0.620271
0.588427
0.776688
0.862243
0.684688
0.749288
0.578422
0.689127
0.697037
0.679355
0.793990
0.868426
0.672969
0.729702
0.907119
0.772005
0.812819
0.593426
0.612521
0.700367
0.662859
0.622751
0.702042
0.809762
0.807704
0.657756
0.681203
0.661928
0.667177
0.771037
0.661693
0.658423
0.689574
0.834473
0.634869
0.837378
0.758155
0.768298
0.666034
0.716398
0.682250
0.655115
0.654672
0.724736
0.466351
0.401014
0.577604
0.556757
0.406730
0.505005
0.497509
0.491145
0.501370
0.491680
0.622379
0.680500
0.487161
0.547928
0.763621
0.389915
0.463138
0.430871
0.409773
0.610617
0.420974
0.463811
0.606907
0.460520
0.644672
0.400424
0.565845
0.413172
0.430742
0.437779
0.730403
0.678553
0.548346
0.515811
0.503153
0.767651
0.606321
0.561746
0.435186
0.599796
0.361408
0.396506
0.508840
0.483470
0.472834
0.676344
0.792033
0.417727
0.463854
0.636958
0.560914
0.510299
0.603393
0.590639
0.773429
0.530036
0.599571
0.809525
0.673892
0.573626
0.450865
0.559489
0.600959
0.421891
0.344258
0.628423
0.534151
0.833566
0.391855
0.670433
0.438285
0.531834
0.595418
0.624116
0.752454
0.638814
0.638265
0.651896
0.711534
0.615544
0.595767
0.473159
0.700305
0.465642
0.570597
0.558953
0.510745
0.621550
0.510178
0.477731
0.476048
0.550009
0.453550
0.568895
0.629232
0.837775
0.680414
0.552793
0.564454
0.742695
0.488455
0.395081
0.543477
0.388857
0.675638
0.412963
0.383992
0.514133
0.439526
0.687977
0.499675
0.695488
0.530994
0.460489
0.423333
0.753528
0.621217
0.447670
0.468264
0.561260
0.808284
0.698521
0.496939
0.345975
0.480945
0.311638
0.527512
0.637009
0.469976
0.864660
0.588071
0.698074
0.611234
0.639697
0.431748
0.780584
0.814094
0.716841
0.638786
0.677989
0.735537
0.618733
0.797800
0.704065
0.701810
0.809867
0.521173
0.676121
0.802350
0.621577
0.882310
0.657570
0.812800
0.632796
0.637201
0.717912
0.828190
0.803691
0.666051
0.683261
0.717614
0.819523
0.641956
0.590254
0.610662
0.794642
0.582273
0.656462
0.765190
0.561065
0.717028
0.600669
0.800140
0.693365
0.820239
0.757300
1.000518
0.741566
0.760499
0.790731
0.865765
0.549452
0.478578
0.749448
0.501201
0.762349
0.691349
0.692498
0.647583
0.531850
0.688857
0.672274
0.866420
0.798711
0.670169
0.324313
0.942352
0.765712
0.488666
0.735694
0.739872
0.984748
0.826312
0.696100
0.710881
0.437520
0.655015
0.671208
0.789676
0.697792
0.386769
0.552951
0.598673
0.489007
0.587997
0.728315
0.758704
0.482334
0.691679
0.662616
0.544262
0.587030
0.396365
0.539543
0.613194
0.468839
0.415005
0.553370
0.506669
0.732622
0.464085
0.792651
0.559331
0.426175
0.524585
0.741120
0.737671
0.626266
0.597989
0.699113
0.758333
0.670637
0.547458
0.450043
0.590654
0.469401
0.525554
0.637884
0.406269
0.578108
0.617591
0.570420
0.572247
0.715687
0.742000
0.544540
0.677278
0.611380
0.570608
0.596956
0.530942
0.565606
0.660859
0.515935
0.459004
0.503898
0.485032
0.704143
0.445458
0.830151
0.610026
0.463494
0.437737
0.739961
0.794781
0.576204
0.615229
0.742409
0.714396
0.612533
0.593140
0.530138
0.529828
0.496653
0.613082
0.632161
0.542206
0.632105
0.434291
0.699484
0.750638
0.861680
0.478818
0.678600
0.791020
0.699442
0.734499
0.553712
0.617144
0.665200
0.606514
0.483335
0.632257
0.706618
0.773021
0.532222
0.738366
0.575866
0.559164
0.691685
0.758427
0.768436
0.667814
0.756028
0.699823
0.702928
0.712827
0.677742
0.540964
0.700154
0.524041
0.673377
0.653918
0.631344
0.536321
0.692884
0.710074
0.690080
0.633105
0.607088
0.733149
0.569885
0.579283
0.623071
0.527979
0.762802
0.447198
0.580013
0.736737
0.558337
0.741656
0.535077
0.672043
0.539061
0.578270
0.592262
0.726633
0.684250
0.585371
0.641851
0.521959
0.855285
0.700983
0.594703
0.397225
0.685858
0.442184
0.558620
0.697424
0.529956
0.724349
0.741242
0.746021
0.601043
0.622977
0.773651
0.608313
0.705900
0.557103
0.623000
0.727492
0.403597
0.568333
0.751895
0.563532
0.826075
0.502459
0.789246
0.515513
0.540507
0.640798
0.757905
0.787923
0.698422
0.631908
0.711392
0.824799
0.599154
0.492020
0.466150
0.801442
0.503031
0.679433
0.661354
0.511446
0.714193
0.739490
0.580509
0.658263
0.788984
0.650215
0.585770
0.497594
0.638229
0.678241
0.611645
0.550181
0.620389
0.703853
0.782348
0.544696
0.512217
0.644836
0.624835
0.624250
0.564491
0.838049
0.656141
0.763413
0.625824
0.832097
0.759829
0.734382
0.616152
0.733476
0.668473
0.563928
0.578950
0.646369
0.942970
0.708864
0.581668
0.906204
0.761204
0.891832
0.640438
0.779471
0.842937
0.623977
0.671302
0.807720
0.779526
0.852219
0.643443
0.753638
0.758475
0.750002
0.873781
0.596675
0.934213
0.839809
0.889704
0.779661
0.720609
0.705282
0.840293
0.727868
0.902373
0.744197
0.703711
0.746986
0.782453
0.755227
0.770021
0.739606
0.655817
0.729259
0.733063
0.654529
0.788953
0.699238
0.786718
0.823277
0.646939
0.865930
0.709892
0.697559
0.704283
0.740378
0.644143
0.841750
0.761033
0.694098
0.661415
0.673562
0.948559
0.870052
0.732934
0.692486
0.705769
0.617396
0.615670
0.741038
0.774532
0.723116
0.662620
0.703506
0.655731
0.578739
0.577950
0.676831
0.648514
0.334461
0.643329
0.675228
0.796335
0.602843
0.713041
0.643354
0.602692
0.650830
0.637831
0.751385
0.591398
0.697684
0.686632
0.717240
0.669682
0.631319
0.607334
0.698269
0.604924
0.633856
0.614730
0.563629
0.808680
0.580438
0.718328
0.448249
0.635939
0.720932
0.507181
0.624999
0.695573
0.640622
0.689730
0.612605
0.707729
0.671109
0.562115
0.630983
0.783549
0.789440
0.666920
0.674866
0.555554
0.827740
0.685179
0.599591
0.652526
0.764987
0.612575
0.590220
0.746633
0.703089
0.675125
0.882200
0.742527
0.800595
0.829568
0.748105
0.747264
0.793544
0.676879
0.939623
0.821079
0.934057
0.781560
0.730798
0.775374
0.891663
0.819834
0.642796
0.628335
0.806355
0.793319
0.621106
0.761453
0.767018
0.852448
0.685246
0.711391
0.782402
0.510131
0.559637
0.580024
0.543989
0.785347
0.452974
0.605467
0.686312
0.443346
0.706946
0.548492
0.727412
0.636601
0.568472
0.476021
0.734952
0.723402
0.596504
0.388336
0.603392
0.835889
0.680240
0.601136
0.528442
0.618330
0.478995
0.456576
0.703630
0.581759
0.601810
0.444767
0.726675
0.600414
0.468606
0.621822
0.578818
0.670795
0.517050
0.627506
0.603573
0.624919
0.411926
0.794694
0.774113
0.555109
0.590654
0.592413
0.966486
0.764255
0.580440
0.500208
0.592167
0.521135
0.636544
0.713138
0.680350
0.508243
0.594637
0.522752
0.427479
0.552302
0.641990
0.728245
0.468860
0.685988
0.593545
0.518278
0.562193
0.685524
0.737859
0.625362
0.677612
0.639518
0.822151
0.716719
0.604017
0.487039
0.674850
0.511951
0.582588
0.608056
0.513140
0.649222
0.520656
0.457636
0.587549
0.567580
0.548710
0.538667
0.615364
0.529049
0.530096
0.409382
0.749167
0.643259
0.493004
0.630532
0.499978
0.869639
0.708461
0.548016
0.574772
0.517981
0.525561
0.515654
0.558750
0.609701
0.654294
0.604395
0.674784
0.747428
0.872366
0.603508
0.804846
0.522510
0.691282
0.685909
0.825837
0.736589
0.655193
0.827250
0.578450
0.949524
0.843151
0.783742
0.768015
0.740083
0.661106
0.670696
0.706676
0.669576
0.500359
0.706982
0.467260
0.671273
0.404133
0.693846
0.487569
0.427848
0.564270
0.716359
0.716351
0.619894
0.585801
0.581201
0.793019
0.579639
0.588962
0.346831
0.654695
0.327568
0.525542
0.625256
0.445555
0.491023
0.517525
0.760147
0.409354
0.724224
0.546938
0.511327
0.543793
0.639951
0.712239
0.502475
0.602156
0.589579
0.698862
0.586655
0.511534
0.495094
0.584410
0.483309
0.571975
0.577560
0.500262
0.702271
0.719354
0.632490
0.873714
0.774019
0.620466
0.571520
0.824509
0.781304
0.637164
0.730495
0.726765
0.882625
0.812414
0.714118
0.590997
0.486218
0.571821
0.672888
0.760077
0.678939
0.698006
0.529180
0.830782
0.577875
0.528205
0.400142
0.764969
0.692133
0.521412
0.444426
0.608304
0.725011
0.623426
0.585479
0.549106
0.541977
0.393287
0.454227
0.704380
0.495051
0.626688
0.898724
0.778901
0.622924
0.622435
1.001321
0.819656
0.823144
0.801015
0.678068
0.877886
0.880670
0.795366
0.771504
0.641838
0.722766
0.694151
0.784668
0.836313
0.666161
0.448517
0.461634
0.520292
0.675320
0.745143
0.591970
0.639538
0.635738
0.700852
0.701115
0.516493
0.461421
0.645720
0.412352
0.515427
0.527937
0.508153
0.655106
0.786151
0.758495
0.557074
0.764611
0.737579
0.805147
0.590988
0.850683
0.820814
0.822785
0.649494
0.892047
0.712346
0.619429
0.657315
0.789355
0.547509
0.625760
0.712833
0.757594
0.644640
0.610034
0.527776
0.819252
0.671491
0.593291
0.555633
0.794579
0.425724
0.549760
0.664083
0.502753
0.487249
0.787213
0.821385
0.600503
0.685895
0.673460
0.756110
0.632749
0.532961
0.547655
0.552091
0.497619
0.546628
0.661053
0.493791
0.825399
0.732398
0.462540
0.612580
0.608287
0.887061
0.762055
0.517887
0.608669
0.387921
0.533239
0.565147
0.639128
0.598381
0.883401
0.758310
0.836737
0.758943
0.734764
0.700586
0.819810
0.710758
0.855682
0.746796
0.664937
0.733992
0.787620
0.653854
0.761656
0.594411
0.893154
0.800344
0.768808
0.722571
0.691133
0.662125
0.678385
0.752303
0.578915
0.628321
0.617045
0.776741
0.624731
0.573954
0.641555
0.544088
0.529285
0.650521
0.682244
0.532538
0.655934
0.821044
0.733492
0.614046
0.623693
0.707227
0.484111
0.609690
0.755847
0.572737
0.888608
0.687556
0.731733
0.680408
0.695616
0.592568
0.548808
0.707884
0.659991
0.678067
0.832866
0.792975
0.867318
0.780482
0.756679
0.701778
0.762598
0.653026
0.706508
0.771143
0.700580
0.733753
0.717516
0.594167
0.587875
0.713943
0.561970
0.619823
0.697371
0.497031
0.647531
0.197942
0.587353
0.685776
0.478773
0.640148
0.660578
0.755688
0.691102
0.486318
0.662494
0.434304
0.620609
0.587128
0.657777
