0.702597
0.628492
0.578784
0.445844
0.686671
0.574507
0.559708
0.408742
0.655647
0.564880
0.784184
0.614956
0.589581
0.597281
0.531503
0.441160
0.515866
0.353837
0.414978
0.578013
0.622224
0.579863
0.520152
0.623474
0.607681
0.651136
0.417612
0.632415
0.599757
0.610783
0.654390
0.469942
0.530289
0.706292
0.549893
0.475397
0.631343
0.746329
0.567346
0.598498
0.555412
0.649061
0.637654
0.504741
0.512822
0.444784
0.643542
0.828958
0.611642
0.591695
0.670418
0.592859
0.568520
0.657713
0.460288
0.749215
0.617917
0.655265
0.811966
0.726085
0.766224
0.788055
0.698966
0.658238
0.397223
0.683271
0.490851
0.702351
0.704200
0.536885
0.481375
0.600276
0.631352
0.847284
0.577430
0.502027
0.619896
0.606039
0.762372
0.471120
0.548316
0.557029
0.541078
0.604995
0.564906
0.743591
0.620239
0.717823
0.535379
0.647806
0.729221
0.543732
0.646550
0.537338
0.770419
0.847504
0.690014
0.624216
0.514782
0.601690
0.511582
0.418419
0.730019
0.498566
0.729099
0.784609
0.705445
0.804558
0.811877
0.694528
0.514442
0.478003
0.572877
0.440731
0.599146
0.532735
0.599980
0.527661
0.555087
0.584635
0.842381
0.678130
0.503982
0.626525
0.584517
0.714275
0.530728
0.609027
0.528475
0.577118
0.555472
0.562763
0.735344
0.767839
0.716160
0.562253
0.641712
0.645049
0.541582
0.650209
0.652123
0.716223
0.917491
0.643012
0.386971
0.679498
0.693727
0.655017
0.735735
0.644624
0.749587
0.791507
0.647680
0.774196
0.737849
0.673658
0.696753
0.571412
0.492973
0.572790
0.709530
0.666656
0.571358
0.600091
0.685977
0.763660
0.879948
0.688339
0.659684
0.522165
0.737155
0.726602
0.470087
0.486140
0.694363
0.578359
0.267682
0.670371
0.794282
0.689826
0.709818
0.687986
0.728015
0.582582
0.610345
0.614567
0.649423
0.747751
0.801272
0.740499
0.482521
0.465792
0.404805
0.572579
0.443873
0.484321
0.597603
0.519335
0.654324
0.580901
0.449191
0.471540
0.382345
0.479135
0.415817
0.550163
0.642103
0.410683
0.374970
0.576193
0.489824
0.789321
0.409533
0.503621
0.489164
0.537802
0.562375
0.319333
0.396791
0.494562
0.420203
0.309078
0.528345
0.618090
0.564115
0.498773
0.447330
0.498457
0.416949
0.367526
0.511019
0.394016
0.641774
0.686998
0.559209
0.584164
0.438045
0.791609
0.608038
0.604667
0.676676
0.629562
0.824520
0.792167
0.454228
0.556038
0.425893
0.686394
0.476652
0.602005
0.700932
0.510679
0.447714
0.579908
0.461760
0.841863
0.520238
0.600332
0.528992
0.571507
0.653551
0.447911
0.575889
0.439233
0.577107
0.622515
0.572853
0.728356
0.681090
0.439728
0.475627
0.473500
0.621997
0.494902
0.527462
0.573441
0.682180
0.826783
0.594595
0.347241
0.712273
0.514606
0.655873
0.777354
0.656624
0.725699
0.761205
0.625019
0.573714
0.415557
0.574161
0.518126
0.415005
0.580975
0.550586
0.441516
0.557798
0.488352
0.909690
0.512190
0.548559
0.577825
0.475504
0.335434
0.521848
0.621143
0.521053
0.557041
0.561140
0.623236
0.704842
0.645291
0.605477
0.416484
0.603137
0.630412
0.379425
0.626014
0.569691
0.747494
0.853673
0.501769
0.628428
0.455450
0.504308
0.701180
0.596516
0.713846
0.697607
0.560780
0.459137
0.288408
0.587406
0.426876
0.432521
0.550609
0.457825
0.352158
0.518014
0.433420
0.818738
0.380023
0.420271
0.499714
0.399220
0.597411
0.452673
0.500884
0.358856
0.525910
0.548896
0.552877
0.632597
0.552087
0.535453
0.360779
0.423828
0.563999
0.305650
0.580153
0.468153
0.676759
0.833860
0.462831
0.716246
0.506686
0.734214
0.635524
0.580599
0.574125
0.702097
0.399298
0.670238
0.739852
0.634038
0.735153
0.758925
0.657153
0.562289
0.750954
0.690019
0.688762
0.400293
0.696112
0.797193
0.715435
0.833178
0.648180
0.591625
0.758870
0.659422
0.623939
0.673683
0.709012
0.612876
0.683646
0.694454
0.685714
0.753123
0.602659
0.718116
0.640010
0.719535
0.759364
0.696595
0.734136
0.675521
0.657523
0.729381
0.663502
0.672291
0.610400
0.478969
0.662737
0.545814
0.583049
0.634780
0.560200
0.486487
0.615732
0.480217
0.899430
0.572378
0.491924
0.581494
0.589586
0.626047
0.522982
0.582991
0.513238
0.554581
0.585083
0.616951
0.665972
0.579968
0.668770
0.501504
0.638394
0.652317
0.465903
0.716892
0.566556
0.707431
0.810826
0.645381
0.628436
0.508999
0.627171
0.665508
0.559508
0.562054
0.559352
0.704988
0.575935
0.696170
0.767903
0.600459
0.450551
0.663873
0.593788
0.686935
0.318682
0.619998
0.674191
0.581954
0.716681
0.615729
0.468429
0.623360
0.599800
0.638816
0.638970
0.671634
0.601241
0.596023
0.605030
0.572571
0.663147
0.468266
0.630008
0.558117
0.652220
0.789944
0.568297
0.672501
0.826825
0.750274
0.759240
0.687984
0.718432
0.788508
0.700596
0.700610
0.803252
0.731857
0.674471
0.748305
0.640322
0.989072
0.637618
0.738615
0.721562
0.763479
0.900537
0.739903
0.716335
0.764619
0.744681
0.772115
0.724700
0.623677
0.781141
0.614106
0.623828
0.702800
0.761947
0.634865
0.734404
0.748725
0.828364
0.838049
0.725920
0.615560
0.654423
0.496639
0.604284
0.558921
0.702597
0.614900
0.653789
0.762660
0.512461
0.457217
0.665607
0.603506
0.778012
0.473872
0.688044
0.704184
0.686721
0.774755
0.607459
0.475666
0.696691
0.559318
0.668233
0.656720
0.731735
0.734660
0.477693
0.665288
0.582328
0.695192
0.448801
0.620202
0.559486
0.635629
0.750699
0.599721
0.590923
0.693109
0.695711
0.613096
0.685132
0.640501
0.700699
0.794110
0.570569
0.664690
0.683703
0.572073
0.692824
0.540369
0.797492
0.789014
0.719724
0.774978
0.695101
0.441185
0.756066
0.536234
0.641723
0.673253
0.643532
0.641415
0.705548
0.735701
0.622894
0.823631
0.621856
0.618036
0.636866
0.639104
0.763940
0.640832
0.627089
0.647170
0.655270
0.777706
0.681600
0.756591
0.774876
0.602205
0.599307
0.704150
0.732995
0.793084
0.591798
0.853945
0.758363
0.860178
0.795203
0.681358
0.603787
0.708723
0.689940
0.635371
0.743710
0.698998
0.624554
0.739018
0.719396
0.725866
0.706727
0.587771
0.783103
0.674289
0.611611
0.469609
0.800034
0.598693
0.452968
0.673751
0.471472
0.677783
0.738073
0.488481
0.440520
0.620585
0.584609
0.781526
0.451013
0.703287
0.591639
0.692605
0.662843
0.433328
0.557233
0.598180
0.591958
0.599358
0.730687
0.762114
0.565993
0.418087
0.596113
0.594284
0.569473
0.511275
0.502710
0.481710
0.650869
0.692212
0.647913
0.507592
0.651098
0.486806
0.620157
0.668434
0.573702
0.464016
0.681807
0.533737
0.798268
0.429784
0.565845
0.582782
0.559408
0.713025
0.519136
0.601488
0.534648
0.643296
0.630737
0.688981
0.760336
0.666721
0.559672
0.515660
0.595590
0.518369
0.480873
0.618117
0.549316
0.638781
0.827689
0.620553
0.526249
0.285037
0.511346
0.512370
0.349358
0.324252
0.442762
0.465235
0.735150
0.368618
0.487981
0.431674
0.489049
0.556848
0.270755
0.331194
0.430343
0.358252
0.440919
0.449040
0.552345
0.494525
0.467268
0.309535
0.427111
0.608705
0.385392
0.430188
0.432469
0.641174
0.742984
0.562827
0.349767
0.604150
0.480501
0.610924
0.645560
0.594790
0.701522
0.844542
0.659910
0.660195
0.548647
0.657934
0.626531
0.476738
0.611921
0.711148
0.578299
0.477355
0.566726
0.782647
0.726054
0.699142
0.498495
0.691506
0.593755
0.562342
0.558020
0.549548
0.761632
0.926033
0.658060
0.555423
0.462695
0.446087
0.410961
0.465313
0.485234
0.728420
0.434478
0.538745
0.483971
0.524673
0.585063
0.318456
0.464443
0.503318
0.464155
0.440031
0.444808
0.615796
0.554694
0.542064
0.393380
0.575353
0.589833
0.474603
0.390208
0.410518
0.621961
0.830962
0.605792
0.596360
0.621205
0.583990
0.617891
0.572013
0.905443
0.576455
0.618284
0.650401
0.574529
0.685219
0.508633
0.647035
0.580282
0.593772
0.657117
0.649657
0.718246
0.749703
0.527574
0.507238
0.597092
0.696027
0.440938
0.593609
0.483260
0.762067
0.950451
0.566196
0.581619
0.572711
0.494341
0.644870
0.861889
0.645714
0.713751
0.583901
0.679723
0.741360
0.545694
0.666659
0.651693
0.605212
0.643868
0.477322
0.658665
0.697195
0.742732
0.601065
0.682253
0.617968
0.578823
0.606355
0.638861
0.757615
0.870445
0.698845
0.422367
0.501421
0.500484
0.836247
0.450478
0.629545
0.482546
0.590214
0.687179
0.390566
0.413414
0.476829
0.446030
0.466633
0.480192
0.610770
0.579844
0.599469
0.500937
0.530158
0.629206
0.462416
0.536824
0.492875
0.646353
0.683460
0.638289
0.517191
0.456756
0.706687
0.298541
0.454694
0.525355
0.448650
0.537206
0.438394
0.413549
0.422045
0.498429
0.491104
0.505976
0.605271
0.485764
0.532135
0.447969
0.535543
0.532099
0.222173
0.527534
0.470007
0.584395
0.770872
0.547557
0.576569
0.821225
0.560827
0.694614
0.585244
0.626664
0.676228
0.489468
0.530445
0.589222
0.541913
0.557607
0.483054
0.578964
0.706702
0.648528
0.511153
0.572738
0.683220
0.541064
0.603273
0.575895
0.732332
0.772864
0.681174
0.791920
0.425516
0.562370
0.617160
0.501662
0.635933
0.560800
0.541298
0.409068
0.546107
0.654646
0.542571
0.550843
0.605552
0.540822
0.447978
0.463605
0.656303
0.425132
0.540263
0.511222
0.630620
0.882410
0.517275
0.643058
0.814090
0.913419
0.808741
0.791781
0.854774
0.602026
0.818564
0.756895
0.757003
0.788913
0.804483
0.743907
0.862585
0.838947
0.790167
0.873949
0.759244
0.773108
0.777167
0.755108
0.886315
0.822326
0.498378
0.602503
0.440746
0.635067
0.460896
0.382889
0.479339
0.496876
0.530688
0.569620
0.568854
0.490189
0.464895
0.408569
0.500064
0.660316
0.341344
0.518939
0.395640
0.611644
0.788989
0.462946
0.657352
0.397730
0.710803
0.547428
0.555950
0.425391
0.500593
0.603477
0.603772
0.757305
0.636628
0.745758
0.514195
0.635795
0.638730
0.403166
0.661634
0.600339
0.657250
0.909723
0.595430
0.594022
0.596089
0.449461
0.623292
0.488224
0.596911
0.554833
0.616198
0.709388
0.659853
0.641095
0.494784
0.580353
0.472947
0.491090
0.567437
0.548660
0.761719
0.843310
0.645236
0.572732
0.581318
0.548359
0.424787
0.550167
0.612133
0.554136
0.768296
0.607939
0.669801
0.478372
0.619568
0.620233
0.392438
0.616802
0.564712
0.565152
0.936110
0.498197
0.625860
0.677790
0.638034
0.633275
0.570583
0.704981
0.766866
0.640621
0.784755
0.534077
0.706623
0.706506
0.567228
0.703069
0.681644
0.752742
0.909999
0.665539
0.452018
0.495312
0.427845
0.384984
0.475998
0.632452
0.562235
0.479755
0.382900
0.531437
0.489359
0.456093
0.482354
0.409947
0.668384
0.733195
0.675160
0.536795
0.293819
0.350198
0.451442
0.608881
0.446724
0.519543
0.561777
0.434914
0.650706
0.432132
0.524127
0.520537
0.523794
0.667624
0.614430
0.534051
0.573868
0.584899
0.668898
0.574087
0.655220
0.432259
0.572666
0.500918
0.351993
0.627612
0.587856
0.631546
0.871914
0.609664
0.508251
0.409427
0.591985
0.580222
0.612244
0.537167
0.524380
0.669985
0.474596
0.511579
0.537843
0.638896
0.780463
0.597738
0.577477
0.713276
0.569262
0.655404
0.549169
0.612742
0.581391
0.511728
0.550065
0.521925
0.659858
0.741309
0.693270
0.546500
0.668192
0.696949
0.598820
0.537585
0.711491
0.532846
0.536695
0.583326
0.693715
0.824756
0.662636
0.753028
0.768121
0.622325
0.590807
0.839327
0.662403
0.625869
0.662757
0.837805
0.846581
0.735648
0.677676
0.618466
0.627972
0.671668
0.501148
0.676173
0.621772
0.587371
0.707208
0.691455
0.539383
0.522264
0.678645
0.497290
0.518978
0.488209
0.683378
0.840155
0.634850
0.512714
0.595249
0.424821
0.569643
0.489302
0.733513
0.844411
0.509709
0.679709
0.516030
0.516560
0.561716
0.747622
0.789752
0.636842
0.450994
0.700050
0.658083
0.641222
0.800849
0.688999
0.568990
0.428059
0.536843
0.792661
0.437192
0.438198
0.707653
0.847619
0.646659
0.731267
0.842579
0.561401
0.690756
0.689061
0.914740
