0.406019
0.390466
0.455109
0.380201
0.354657
0.416893
0.408124
0.390218
0.405481
0.384780
0.471340
0.400933
0.374324
0.343872
0.392059
0.303063
0.326321
0.489090
0.448099
0.391814
0.454545
0.408414
0.376294
0.307280
0.413131
0.438636
0.363208
0.414626
0.371464
0.465941
0.435947
0.393066
0.307027
0.429920
0.350688
0.461360
0.398547
0.368178
0.419752
0.280909
0.391527
0.439705
0.411953
0.372917
0.442334
0.330252
0.387285
0.323311
0.388437
0.291112
0.063729
0.073798
0.057106
0.032218
0.011844
0.037538
0.016141
0.060585
0.017376
0.043984
0.049970
0.124713
0.034959
0.067584
0.211340
0.036706
0.023925
0.069522
0.033038
0.022801
0.060249
0.087716
0.016135
0.032020
0.048808
0.064339
0.079635
0.035824
0.042860
0.023050
0.038088
0.034933
0.054268
0.061743
0.120440
0.029708
0.018860
0.158869
0.031139
0.017563
0.088238
0.063827
0.090199
0.355747
0.012647
0.059268
0.181437
0.434378
0.366872
0.391312
0.378550
0.306546
0.364685
0.343395
0.350150
0.363360
0.409205
0.336758
0.391427
0.334061
0.327599
0.466412
0.414308
0.354700
0.395719
0.265960
0.351784
0.370699
0.355826
0.313966
0.371967
0.385825
0.363846
0.331074
0.410276
0.405135
0.342374
0.206509
0.377398
0.376099
0.254230
0.282719
0.334273
0.319362
0.358294
0.330717
0.341349
0.460888
0.400514
0.455623
0.536516
0.310769
0.335997
0.466650
0.043111
0.046010
0.028029
0.061861
0.025320
0.042899
0.024422
0.045035
0.033860
0.061884
0.077138
0.044047
0.075542
0.169889
0.077224
0.059613
0.048798
0.108551
0.027844
0.108417
0.075166
0.046634
0.016618
0.039174
0.027443
0.055368
0.025006
0.018857
0.051333
0.117968
0.027129
0.067056
0.157176
0.127813
0.040698
0.070693
0.167788
0.034208
0.051311
0.050399
0.035029
0.034763
0.293554
0.058873
0.067961
0.141674
0.045495
0.041800
0.061317
0.027559
0.051865
0.029929
0.076632
0.046166
0.060873
0.028092
0.061570
0.033964
0.089711
0.113176
0.100308
0.041364
0.139540
0.048607
0.087427
0.028114
0.066425
0.028495
0.027934
0.025052
0.065007
0.037317
0.028600
0.078047
0.092453
0.048996
0.070573
0.196795
0.141489
0.040411
0.096935
0.120295
0.029413
0.084395
0.038756
0.025809
0.017058
0.188924
0.067219
0.041091
0.110178
0.029747
0.054419
0.027242
0.034669
0.054803
0.063152
0.018622
0.031248
0.043014
0.033062
0.039550
0.124378
0.065182
0.075554
0.024891
0.137374
0.031573
0.052370
0.031550
0.044789
0.038742
0.011344
0.051691
0.079616
0.038970
0.036395
0.030702
0.082808
0.026899
0.015044
0.180802
0.160375
0.036397
0.078614
0.068250
0.032450
0.068751
0.023599
0.018589
0.049804
0.214968
0.053666
0.032422
0.102306
0.028955
0.020402
0.021644
0.033862
0.027223
0.016272
0.019641
0.071028
0.015986
0.052071
0.156150
0.035370
0.036604
0.028323
0.080972
0.014361
0.068601
0.052209
0.018989
0.011353
0.018366
0.026161
0.051376
0.017163
0.010283
0.031458
0.075163
0.015774
0.040187
0.129811
0.113421
0.019556
0.041449
0.121792
0.013852
0.033856
0.042016
0.019650
0.040011
0.280945
0.026568
0.033257
0.123769
0.035828
0.016623
0.059323
0.017278
0.035820
0.049063
0.109314
0.039751
0.047928
0.202541
0.034306
0.027360
0.065528
0.052049
0.024729
0.044534
0.071732
0.019355
0.028291
0.041769
0.057313
0.075952
0.033890
0.039744
0.025472
0.050787
0.031246
0.053894
0.076140
0.126958
0.022728
0.027366
0.155990
0.031975
0.020887
0.084971
0.057255
0.079372
0.342976
0.014955
0.057587
0.185351
0.023379
0.027186
0.041489
0.023046
0.037114
0.059912
0.030950
0.039353
0.144709
0.064834
0.048060
0.046488
0.087244
0.015995
0.068877
0.040981
0.032686
0.016249
0.023268
0.023713
0.041875
0.024829
0.016991
0.039870
0.061276
0.028837
0.046399
0.137142
0.110026
0.020151
0.042888
0.133048
0.023115
0.039175
0.047959
0.019481
0.033658
0.269472
0.032084
0.037377
0.136866
0.052737
0.018520
0.026497
0.042276
0.094949
0.024935
0.054068
0.197793
0.033243
0.022986
0.058527
0.055525
0.011484
0.039464
0.063491
0.021577
0.017054
0.029277
0.043790
0.072906
0.019050
0.028378
0.016207
0.054334
0.027318
0.039913
0.093151
0.127198
0.020517
0.020129
0.148785
0.021051
0.017210
0.058264
0.033800
0.057737
0.329037
0.011172
0.052891
0.175945
0.059650
0.050947
0.057051
0.064254
0.040204
0.050545
0.142447
0.105022
0.066751
0.048369
0.097095
0.033739
0.105652
0.053409
0.046187
0.021731
0.042429
0.017219
0.034562
0.046350
0.031723
0.061051
0.089203
0.034640
0.073644
0.138830
0.082031
0.033814
0.074650
0.151098
0.029706
0.056398
0.069456
0.035321
0.040982
0.262698
0.057105
0.056841
0.132188
0.037240
0.058353
0.135185
0.043333
0.083324
0.235504
0.025917
0.013996
0.069966
0.045997
0.026689
0.066375
0.099616
0.021439
0.023897
0.050575
0.060940
0.090214
0.022079
0.033845
0.025792
0.085205
0.028666
0.067818
0.075426
0.137148
0.039257
0.023990
0.189593
0.038635
0.011341
0.086898
0.063098
0.081329
0.376830
0.017839
0.079991
0.201361
0.030541
0.063909
0.029298
0.045247
0.149361
0.039046
0.049076
0.031154
0.107928
0.020729
0.061507
0.049001
0.030674
0.024902
0.014710
0.041532
0.068069
0.022158
0.021319
0.031206
0.085657
0.023664
0.030884
0.153873
0.143439
0.028678
0.055963
0.109703
0.025912
0.046439
0.035940
0.021199
0.044848
0.264877
0.037518
0.035289
0.128424
0.071923
0.020201
0.057498
0.141116
0.052126
0.066225
0.027656
0.106102
0.032515
0.080201
0.047612
0.027785
0.039354
0.026520
0.050114
0.067384
0.044360
0.031408
0.040575
0.064347
0.025774
0.038526
0.155647
0.126073
0.034444
0.057402
0.079194
0.030507
0.058122
0.050906
0.033407
0.069450
0.248983
0.038593
0.020799
0.099955
0.083001
0.047433
0.066469
0.153675
0.156862
0.041777
0.214301
0.083757
0.109184
0.026056
0.099373
0.071158
0.037336
0.053584
0.095465
0.079212
0.065240
0.109272
0.123114
0.074834
0.073475
0.276046
0.177157
0.079106
0.158314
0.066545
0.055900
0.143708
0.038169
0.033940
0.044226
0.121252
0.117699
0.049473
0.084833
0.064023
0.186135
0.049579
0.039729
0.042535
0.068866
0.013874
0.079911
0.061721
0.017007
0.024580
0.032789
0.032851
0.045383
0.037233
0.030692
0.027964
0.060519
0.023339
0.041690
0.110220
0.082530
0.026411
0.040996
0.116063
0.017578
0.037650
0.060178
0.028485
0.066797
0.309736
0.029232
0.038283
0.137666
0.119490
0.101195
0.090344
0.054473
0.142503
0.052617
0.051487
0.021226
0.067498
0.052675
0.030298
0.054703
0.069748
0.070289
0.056849
0.059009
0.073361
0.053382
0.044923
0.165604
0.141061
0.033163
0.093346
0.100092
0.047850
0.083038
0.068552
0.036821
0.061637
0.218536
0.063702
0.046022
0.139478
0.250079
0.281051
0.087374
0.327512
0.182375
0.207883
0.089887
0.190431
0.163504
0.102963
0.148063
0.185009
0.156821
0.137995
0.211212
0.195305
0.156230
0.153489
0.407708
0.300999
0.162843
0.260606
0.093100
0.140132
0.249693
0.083608
0.125368
0.099545
0.048938
0.210833
0.085740
0.042753
0.033112
0.075708
0.086130
0.041022
0.060174
0.113754
0.036452
0.050848
0.057714
0.097152
0.125379
0.043949
0.052664
0.029571
0.099657
0.038577
0.055040
0.114242
0.186728
0.048503
0.037545
0.175592
0.064162
0.032034
0.088771
0.076388
0.102976
0.385654
0.034511
0.082289
0.197093
0.096058
0.034339
0.028383
0.068521
0.111247
0.027721
0.036558
0.068987
0.067378
0.083374
0.046722
0.051756
0.029133
0.081493
0.045210
0.076368
0.052792
0.109546
0.043205
0.016337
0.208323
0.051363
0.009564
0.120181
0.068518
0.107901
0.424419
0.018544
0.097789
0.245120
0.149443
0.049726
0.088770
0.039194
0.046537
0.038518
0.015392
0.049784
0.090110
0.038714
0.030029
0.053098
0.108802
0.023397
0.035852
0.202782
0.165443
0.047719
0.104060
0.061234
0.032249
0.084536
0.020918
0.030307
0.044497
0.174324
0.070336
0.027005
0.053162
0.059812
0.137639
0.172164
0.048641
0.071363
0.127775
0.098136
0.100185
0.086649
0.093391
0.072880
0.070289
0.093185
0.134414
0.031108
0.090315
0.081905
0.030241
0.265224
0.072549
0.036608
0.180242
0.126263
0.160060
0.490088
0.038790
0.126937
0.289760
0.064656
0.062047
0.014878
0.011952
0.028204
0.026096
0.039905
0.021591
0.021898
0.024015
0.053872
0.019944
0.042216
0.105670
0.095251
0.019628
0.026788
0.143934
0.013975
0.022473
0.056322
0.027970
0.048457
0.320706
0.019957
0.043228
0.155928
0.062170
0.073506
0.073858
0.050536
0.105077
0.140673
0.074312
0.087343
0.040849
0.090113
0.065472
0.047802
0.148139
0.212412
0.051995
0.072068
0.137569
0.077904
0.063373
0.090662
0.066857
0.101675
0.305007
0.055327
0.094809
0.207092
0.073624
0.056595
0.022752
0.053305
0.083206
0.066516
0.053513
0.070866
0.089083
0.055790
0.047239
0.210808
0.152281
0.046284
0.109141
0.064258
0.047438
0.099930
0.045532
0.024914
0.052133
0.158707
0.075013
0.038612
0.103143
0.023275
0.035917
0.040915
0.056841
0.029298
0.030453
0.026874
0.049501
0.018745
0.055388
0.090753
0.095827
0.032429
0.027985
0.129967
0.019229
0.020378
0.072033
0.046565
0.076992
0.324603
0.017569
0.044424
0.148439
0.025584
0.014768
0.048606
0.011183
0.009736
0.034760
0.079003
0.017130
0.053528
0.119582
0.105213
0.021176
0.042029
0.152085
0.011975
0.028262
0.045757
0.023527
0.028354
0.295562
0.027325
0.046479
0.142703
0.037145
0.071260
0.024266
0.020917
0.034373
0.078621
0.021029
0.024258
0.176653
0.151809
0.027375
0.070733
0.074798
0.021611
0.058976
0.018138
0.011884
0.032186
0.199793
0.044338
0.025018
0.088950
0.027222
0.035008
0.025260
0.070658
0.087343
0.040681
0.081412
0.158117
0.076748
0.039205
0.072783
0.149193
0.017001
0.060242
0.058402
0.021901
0.027876
0.268105
0.055176
0.051526
0.140713
0.078805
0.059484
0.090105
0.080440
0.069129
0.105120
0.149509
0.054253
0.052451
0.080634
0.177262
0.045113
0.079616
0.110219
0.055280
0.071633
0.321273
0.076197
0.068709
0.171001
0.011127
0.039788
0.093943
0.022999
0.056886
0.146236
0.148975
0.036902
0.048550
0.148485
0.019255
0.037262
0.033665
0.031295
0.032097
0.284772
0.033099
0.050151
0.132908
0.044289
0.090863
0.018267
0.051848
0.151580
0.132328
0.027465
0.052743
0.133801
0.019072
0.043143
0.033882
0.022180
0.027402
0.264211
0.036091
0.034001
0.113263
0.070459
0.019746
0.022482
0.087220
0.146147
0.024564
0.034224
0.128350
0.041061
0.024631
0.067758
0.049502
0.087277
0.333432
0.023128
0.060678
0.166719
0.085093
0.085095
0.106518
0.118430
0.055163
0.049317
0.140828
0.059523
0.065730
0.124849
0.089569
0.122950
0.320866
0.042426
0.058846
0.193678
0.032982
0.127964
0.136347
0.025461
0.053002
0.114429
0.025848
0.033278
0.041722
0.033720
0.051629
0.278936
0.034196
0.041118
0.111832
0.161969
0.180931
0.033439
0.078982
0.076775
0.049425
0.070830
0.041720
0.038409
0.076000
0.247686
0.056426
0.043654
0.117842
0.123328
0.108534
0.059753
0.311170
0.130933
0.058255
0.249127
0.180395
0.232143
0.564726
0.070371
0.187710
0.364373
0.118108
0.115290
0.249798
0.092074
0.115893
0.211137
0.120663
0.168184
0.428566
0.115697
0.144962
0.275411
0.037280
0.133067
0.027638
0.032569
0.060197
0.032230
0.049091
0.293528
0.024570
0.035607
0.142190
0.205336
0.050824
0.009551
0.117487
0.074451
0.105368
0.412169
0.009146
0.079649
0.231278
0.114031
0.197974
0.081401
0.096421
0.148325
0.110329
0.157705
0.068256
0.072577
0.043927
0.040224
0.020438
0.037095
0.260844
0.030488
0.029873
0.121723
0.104239
0.065267
0.091403
0.396968
0.010948
0.082081
0.217549
0.028957
0.027245
0.169253
0.084703
0.036651
0.064767
0.027424
0.220609
0.051982
0.035981
0.115722
0.208214
0.082125
0.052085
0.106859
0.348329
0.190828
0.104192
0.052433
0.191513
0.071293
