0.685847
0.724039
0.676595
0.598888
0.531060
0.364469
0.515153
0.663192
0.736678
0.705752
0.636855
0.587458
0.802509
0.534113
0.591516
0.820595
0.713340
0.612598
0.740911
0.748610
0.615120
0.577482
0.662328
0.721899
0.912475
0.666672
0.625036
0.804212
0.717141
0.609200
0.629412
0.739286
0.636273
0.796849
0.573986
0.637931
0.629811
0.578343
0.643254
0.709281
0.666511
0.673141
0.636183
0.629313
0.661478
0.709197
0.712642
0.631219
0.756504
0.556456
0.518585
0.597890
0.639786
0.626418
0.577953
0.554615
0.616462
0.650554
0.506848
0.561771
0.659394
0.502309
0.573062
0.591746
0.652018
0.662852
0.828596
0.584737
0.612472
0.571601
0.587602
0.462909
0.831997
0.506245
0.552092
0.759721
0.486895
0.434071
0.587484
0.842186
0.442822
0.706519
0.562647
0.521089
0.603778
0.621556
0.421333
0.845088
0.439819
0.481859
0.595931
0.512228
0.490522
0.743485
0.926974
0.653903
0.583434
0.683172
0.546260
0.602044
0.591813
0.590194
0.761175
0.646189
0.704852
0.632385
0.492432
0.683249
0.538327
0.546999
0.784350
0.584248
0.647012
0.790338
0.710573
0.629936
0.582717
0.639397
0.639911
0.788952
0.479912
0.517340
0.736649
0.633292
0.670972
0.678131
0.807198
0.595931
0.766826
0.651417
0.379224
0.797567
0.512735
0.496987
0.774271
0.594838
0.534228
0.518195
0.678619
0.736076
0.656709
0.787459
0.493082
0.777051
0.686574
0.643574
0.646376
0.663229
0.447139
0.666245
0.537331
0.544812
0.617607
0.869832
0.473157
0.561829
0.657773
0.700810
0.667177
0.824725
0.542128
0.533161
0.605930
0.765686
0.581994
0.882575
0.588663
0.607528
0.741545
0.482230
0.573357
0.575150
0.796709
0.507786
0.693546
0.604825
0.655435
0.652318
0.650626
0.561327
0.877295
0.442956
0.660876
0.510519
0.475007
0.576770
0.815182
0.813812
0.669498
0.562177
0.456630
0.433903
0.485519
0.637707
0.724928
0.611385
0.714187
0.484067
0.557799
0.580241
0.523213
0.686350
0.447210
0.564695
0.818133
0.623715
0.575028
0.470391
0.576279
0.616371
0.736359
0.616326
0.439687
0.766464
0.689301
0.508227
0.602447
0.727916
0.493058
0.629317
0.647944
0.501083
0.631994
0.519326
0.383420
0.713577
0.650475
0.511263
0.533932
0.645110
0.609628
0.664311
0.691833
0.592379
0.678915
0.437815
0.578336
0.731143
0.716448
0.737933
0.686849
0.493378
0.728270
0.584494
0.591267
0.770788
0.617986
0.639114
0.812311
0.736109
0.651848
0.474916
0.570094
0.701727
0.752710
0.664479
0.490337
0.773721
0.726074
0.631417
0.715922
0.867756
0.646817
0.728685
0.605690
0.565319
0.704611
0.585566
0.536557
0.594413
0.600254
0.611760
0.573967
0.556469
0.699054
0.533748
0.619998
0.609488
0.823571
0.463070
0.586112
0.708100
0.652893
0.572866
0.500898
0.662783
0.519345
0.520951
0.759080
0.581921
0.603016
0.706934
0.640953
0.581561
0.435780
0.560638
0.594465
0.726204
0.617589
0.535765
0.763221
0.622719
0.518945
0.487704
0.744695
0.544721
0.714271
0.536886
0.530366
0.581620
0.507278
0.499732
0.663083
0.493033
0.538802
0.470042
0.552506
0.578471
0.634041
0.670866
0.527753
0.721163
0.723233
0.641151
0.639603
0.535694
0.553128
0.661676
0.588664
0.539504
0.738244
0.591417
0.682059
0.713731
0.598145
0.712480
0.550821
0.607182
0.610018
0.761346
0.691697
0.535857
0.788797
0.640201
0.659680
0.548624
0.797975
0.586096
0.747190
0.665136
0.521254
0.646855
0.581351
0.564326
0.824246
0.614120
0.586879
0.579085
0.730915
0.739778
0.695776
0.771997
0.649282
0.824160
0.633357
0.369986
0.595188
0.497691
0.860416
0.486234
0.590283
0.599223
0.654083
0.629551
0.812360
0.477972
0.446303
0.549138
0.658747
0.526416
0.817991
0.575579
0.676534
0.702731
0.528123
0.532902
0.353673
0.760240
0.495003
0.586619
0.536970
0.650767
0.340206
0.655105
0.498397
0.829546
0.432501
0.615342
0.545019
0.433186
0.385175
0.766329
0.862567
0.603401
0.296596
0.641519
0.612964
0.542110
0.749047
0.579385
0.635796
0.651905
0.679646
0.654832
0.859303
0.576392
0.569480
0.686475
0.680765
0.591406
0.898604
0.587138
0.618075
0.657163
0.622673
0.765921
0.567249
0.733716
0.656886
0.759853
0.702116
0.566888
0.738570
0.627798
0.653423
0.828401
0.560982
0.681259
0.577175
0.684295
0.666620
0.672150
0.831823
0.623465
0.622344
0.744199
0.593053
0.769083
0.553814
0.670900
0.638215
0.611006
0.705635
0.829769
0.553921
0.494328
0.535306
0.717481
0.616925
0.856248
0.562182
0.686650
0.766124
0.609669
0.599281
0.528314
0.818754
0.515764
0.591687
0.647487
0.599665
0.469511
0.706100
0.552543
0.861245
0.622693
0.648610
0.620441
0.616777
0.488403
0.799100
0.877456
0.720569
0.437838
0.684060
0.849907
0.540192
0.630536
0.723963
0.677992
0.619926
0.781663
0.543008
0.679075
0.568192
0.475730
0.586042
0.882816
0.678123
0.669304
0.772551
0.422501
0.665960
0.458918
0.746463
0.681024
0.790787
0.419942
0.772625
0.668107
0.701776
0.668413
0.764860
0.284677
0.647872
0.649134
0.600334
0.657377
0.612821
0.872190
0.758586
0.705286
0.694977
0.411894
0.398984
0.720393
0.537277
0.555404
0.773524
0.591792
0.488972
0.512210
0.627505
0.450476
0.694949
0.444849
0.394010
0.704275
0.654280
0.586754
0.537501
0.650665
0.507928
0.607508
0.600382
0.427990
0.524641
0.312719
0.394207
0.800532
0.502696
0.553671
0.304436
0.479942
0.531631
0.640964
0.763964
0.313351
0.613718
0.744361
0.660618
0.539275
0.721022
0.775623
0.997948
0.781620
0.782584
0.702029
0.724945
0.681028
0.786437
0.626615
0.641990
0.841568
0.855982
0.643917
0.761281
0.787780
0.671964
0.724995
0.840693
0.622460
0.740885
0.698554
0.634033
0.778312
0.821869
0.571972
0.777315
0.830107
0.715942
0.769922
0.963842
0.718546
0.767637
0.484328
0.758199
0.675761
0.515507
0.750520
0.649914
0.372405
0.414318
0.464007
0.451534
0.786567
0.532221
0.505448
0.685592
0.524454
0.518588
0.472756
0.643262
0.354264
0.661218
0.513394
0.500904
0.504152
0.462688
0.451587
0.752524
0.432061
0.546638
0.394295
0.355822
0.514246
0.614355
0.826112
0.471580
0.598881
0.738929
0.621499
0.463104
0.830340
0.639246
0.493810
0.498264
0.582812
0.522167
0.758256
0.578398
0.340378
0.743405
0.606977
0.619795
0.587483
0.598453
0.556374
0.720376
0.647891
0.583150
0.561470
0.271189
0.485831
0.781457
0.519845
0.636263
0.413568
0.556525
0.599778
0.668844
0.784311
0.497247
0.677175
0.695709
0.786383
0.903750
0.514752
0.648250
0.670021
0.787948
0.747191
0.855958
0.519001
0.699973
0.785133
0.644190
0.650553
0.705907
0.782153
0.658500
0.694386
0.821630
0.694232
0.646927
0.795314
0.680815
0.911888
0.655673
0.637322
0.743726
0.704782
0.581887
0.853889
0.930821
0.812493
0.614545
0.675729
0.886502
0.603594
0.649408
0.579394
0.719904
0.677581
0.823575
0.604293
0.591103
0.667656
0.671380
0.635787
0.614713
0.774365
0.686802
0.672065
0.606205
0.639154
0.690390
0.659498
0.567058
0.774737
0.660912
0.541572
0.688848
0.687705
0.674686
0.784383
0.803318
0.649173
0.676468
0.855936
0.701460
0.480173
0.516336
0.598545
0.647684
0.795065
0.648942
0.585981
0.607346
0.636866
0.648539
0.594412
0.470368
0.613720
0.805919
0.583533
0.669064
0.683731
0.524742
0.585602
0.655655
0.594788
0.704173
0.549065
0.624107
0.665699
0.592676
0.843480
0.625364
0.637643
0.662198
0.788503
0.677750
0.881565
0.847054
0.821620
0.817881
0.873515
0.927258
0.811308
0.829080
0.779041
0.890085
0.773762
0.847064
0.886986
0.711901
0.678309
0.776991
0.795870
0.967317
0.780669
0.815556
0.764394
0.846027
0.831226
0.929983
0.901696
0.805340
0.884740
0.636117
0.570605
0.772119
0.567968
0.745658
0.571753
0.701753
0.673985
0.516382
0.633804
0.503485
0.781281
0.560450
0.632943
0.663671
0.622847
0.504759
0.713588
0.612376
0.868368
0.486816
0.584627
0.652985
0.674584
0.606520
0.764126
0.842613
0.717659
0.595090
0.524786
0.612676
0.566220
0.843875
0.588410
0.586425
0.740747
0.618734
0.618706
0.535900
0.656055
0.499934
0.645472
0.576129
0.619660
0.542985
0.474545
0.531966
0.685038
0.547011
0.608087
0.474326
0.492839
0.541795
0.643416
0.771629
0.556403
0.512148
0.407088
0.567408
0.674864
0.570972
0.495596
0.677647
0.560078
0.580670
0.497980
0.633086
0.491988
0.613198
0.577633
0.627840
0.499327
0.584204
0.517088
0.681723
0.535776
0.619441
0.544331
0.547176
0.549802
0.592946
0.760113
0.680123
0.620716
0.599187
0.738572
0.679596
0.580491
0.728708
0.648241
0.728868
0.510230
0.699051
0.560187
0.634920
0.580199
0.712468
0.637606
0.661109
0.588011
0.660883
0.572541
0.653026
0.666811
0.649004
0.628583
0.448076
0.755877
0.749911
0.711931
0.778066
0.586567
0.536750
0.732004
0.559900
0.404522
0.456248
0.744052
0.404395
0.665842
0.680891
0.636917
0.535445
0.610696
0.478605
0.823402
0.444523
0.577875
0.522268
0.517001
0.422705
0.668769
0.876088
0.636143
0.544702
0.800722
0.790194
0.763980
0.886567
0.807652
0.773163
0.889211
0.785988
0.746811
0.853902
0.723282
0.799712
0.786864
0.726640
0.868370
0.778688
0.747668
0.776294
0.800178
0.827158
0.715001
0.866044
0.796998
0.838801
0.560627
0.723606
0.569359
0.619670
0.632337
0.795829
0.526512
0.690711
0.703742
0.360530
0.586260
0.531689
0.464499
0.839068
0.561421
0.507188
0.502050
0.594694
0.537260
0.705734
0.888763
0.490495
0.602929
0.806452
0.593977
0.591067
0.678628
0.763073
0.520241
0.714521
0.646956
0.481734
0.625398
0.380196
0.454021
0.831358
0.563540
0.610375
0.417729
0.586368
0.613544
0.642832
0.713022
0.547533
0.793205
0.773076
0.759248
0.691714
0.790009
0.702782
0.639078
0.761294
0.758181
0.755596
0.744680
0.726522
0.664870
0.721182
0.776777
0.695580
0.639917
0.753959
0.662786
0.844598
0.688497
0.732360
0.611591
0.589707
0.788480
0.531856
0.727428
0.587585
0.604421
0.609286
0.688261
0.526414
0.902547
0.410658
0.553396
0.588670
0.585632
0.539973
0.719774
0.841695
0.755022
0.612616
0.583575
0.866325
0.325226
0.724588
0.630231
0.655619
0.522003
0.609963
0.392142
0.726715
0.545274
0.491253
0.559757
0.405984
0.325126
0.789121
0.844915
0.639675
0.498588
0.692081
0.466122
0.632426
0.563746
0.645555
0.496391
0.664526
0.546133
0.761461
0.395342
0.595294
0.598747
0.511499
0.505730
0.660447
0.837798
0.621501
0.499490
0.771056
0.826625
0.804848
0.802823
0.786276
0.660445
0.824332
0.820764
0.752836
0.781203
0.668347
0.796953
0.788388
0.748188
0.849368
0.728018
0.701417
0.607127
0.683057
0.512228
0.476287
0.541450
0.319198
0.765310
0.520123
0.448762
0.473015
0.458468
0.382913
0.690044
0.837402
0.613718
0.493912
0.728328
0.707536
0.593455
0.783291
0.581848
0.835607
0.750557
0.546776
0.702417
0.699889
0.587522
0.828536
0.887187
0.657639
0.642782
0.720811
0.612438
0.690102
0.641163
0.555336
0.433602
0.631095
0.642848
0.550886
0.638206
0.676391
0.773023
0.586289
0.635217
0.628153
0.495950
0.433738
0.866373
0.608281
0.475464
0.449677
0.649126
0.624665
0.712471
0.792057
0.448338
0.734216
0.629489
0.516707
0.792755
0.575827
0.532019
0.598144
0.528051
0.410801
0.739170
0.885671
0.627406
0.523542
0.510207
0.751041
0.531843
0.644883
0.289569
0.527315
0.609209
0.666096
0.658150
0.394009
0.699480
0.797449
0.541835
0.462536
0.436924
0.527534
0.485508
0.720414
0.889148
0.546083
0.600375
0.722966
0.770127
0.814370
0.679582
0.754518
0.504948
0.675693
0.772766
0.768870
0.611641
0.490323
0.418018
0.530348
0.601047
0.783983
0.591309
0.600041
0.599305
0.611385
0.515438
0.752078
0.772548
0.593173
0.647962
0.471648
0.552250
0.664638
0.721780
0.372067
0.647957
0.415591
0.739617
0.779851
0.480754
0.540267
0.756874
0.791828
0.665535
0.332047
0.586617
0.742061
0.816530
0.829010
0.880725
0.742669
