0.647684
0.450689
0.506024
0.707571
0.680525
0.744052
0.590558
0.469757
0.658365
0.678882
0.493873
0.642064
0.806339
0.701984
0.549561
0.587890
0.591142
0.790770
0.747191
0.868916
0.636431
0.586042
0.404522
0.646583
0.457776
0.681028
0.715741
0.599187
0.696674
0.614550
0.567968
0.602882
0.616233
0.563519
0.486444
0.517001
0.619026
0.719309
0.509920
0.657761
0.717846
0.646527
0.538011
0.563797
0.531062
0.684471
0.555929
0.590747
0.502061
0.561334
0.603379
0.716559
0.440937
0.470368
0.712712
0.728153
0.249341
0.715305
0.624949
0.838712
0.278515
0.553872
0.643261
0.750448
0.583378
0.491418
0.786383
0.807412
0.608698
0.619926
0.648539
0.691830
0.630865
0.775623
0.756480
0.598545
0.657153
0.752146
0.701460
0.602496
0.452798
0.522681
0.620154
0.624107
0.517318
0.464608
0.566943
0.678284
0.645426
0.685426
0.664535
0.670594
0.562667
0.542716
0.619689
0.584596
0.489764
0.594162
0.719164
0.737887
0.830323
0.644498
0.559989
0.624447
0.604346
0.547927
0.640718
0.649325
0.718581
0.530894
0.673244
0.417038
0.857258
0.687394
0.874444
0.478027
0.633441
0.289460
0.664557
0.550976
0.725535
0.705516
0.580718
0.826174
0.605354
0.676972
0.592366
0.700205
0.482501
0.394632
0.234729
0.491422
0.605837
0.468416
0.716684
0.621812
0.710706
0.519217
0.519360
0.478331
0.701208
0.497912
0.445464
0.611356
0.755491
0.728919
0.690195
0.549239
0.553358
0.645228
0.742884
0.566463
0.801912
0.726307
0.671581
0.306090
0.623814
0.625303
0.724657
0.802836
0.892497
0.563162
0.762769
0.661017
0.637146
0.559622
0.773747
0.758985
0.686306
0.801249
0.614161
0.680754
0.600234
0.727402
0.583717
0.545341
0.538434
0.560475
0.710929
0.522650
0.766791
0.803500
0.807385
0.464536
0.574761
0.528242
0.686648
0.703095
0.593982
0.526469
0.606555
0.809402
0.858446
0.768415
0.679989
0.776281
0.589873
0.898034
0.719669
0.554891
0.745848
0.657981
0.719782
0.833851
0.875851
0.835575
0.658273
0.605439
0.740483
0.620494
0.615714
0.833947
0.848344
0.586687
0.806533
0.838968
0.835760
0.754927
0.737125
0.660437
0.719142
0.712916
0.767532
0.690080
0.654275
0.608989
0.845855
0.886541
0.753307
0.639918
0.552777
0.725307
0.742078
0.735338
0.674150
0.563310
0.791152
0.768531
0.451588
0.650656
0.691340
0.946878
0.488118
0.583793
0.743707
0.706150
0.737542
0.645214
0.885367
0.812124
0.731037
0.535231
0.765301
0.536204
0.644465
0.814874
0.848940
0.494101
0.738655
0.888898
0.808354
0.784543
0.597163
0.690945
0.710477
0.756939
0.821172
0.479272
0.657572
0.586263
0.865171
0.801601
0.777317
0.667421
0.529004
0.701962
0.747625
0.749781
0.632702
0.762726
0.787259
0.526803
0.807848
0.785955
0.918027
0.614557
0.725460
0.699776
0.757762
0.796577
0.394857
0.782153
0.829055
0.751437
0.746463
0.866325
0.823510
0.764113
0.787780
0.851766
0.699051
0.728529
0.840993
0.781281
0.665287
0.660487
0.746563
0.778671
0.796953
0.704273
0.730199
0.723547
0.892702
0.795039
0.861506
0.766825
0.800697
0.751590
0.610665
0.787620
0.786660
0.627865
0.582063
0.747941
0.688492
0.554763
0.738845
0.753247
0.805732
0.535110
0.568046
0.633217
0.758186
0.689640
0.832690
0.555488
0.801385
0.670018
0.715064
0.656666
0.770634
0.702286
0.729265
0.761809
0.627241
0.604859
0.630470
0.697212
0.667845
0.527685
0.632452
0.647465
0.708068
0.590382
0.879976
0.787632
0.672115
0.549492
0.604603
0.566629
0.756215
0.656910
0.577418
0.586034
0.659344
0.512373
0.615851
0.608824
0.792309
0.832538
0.500225
0.607593
0.547473
0.763706
0.515884
0.843366
0.579699
0.506194
0.586922
0.648237
0.591999
0.756622
0.702294
0.651974
0.738476
0.547244
0.403791
0.645034
0.683993
0.433660
0.337392
0.522019
0.658345
0.679896
0.501339
0.775381
0.737050
0.680224
0.546520
0.555250
0.523911
0.748711
0.490019
0.587966
0.623966
0.582623
0.679746
0.860432
0.407746
0.616957
0.690046
0.783613
0.553591
0.416632
0.729945
0.815796
0.656214
0.442576
0.741646
0.699363
0.615482
0.851868
0.766058
0.568323
0.717122
0.771702
0.639880
0.581183
0.501110
0.390350
0.532490
0.623040
0.590264
0.489360
0.600814
0.660955
0.735908
0.608099
0.706258
0.699176
0.573055
0.579736
0.572482
0.647284
0.520946
0.675521
0.701051
0.734129
0.746248
0.622975
0.776883
0.479630
0.736038
0.624243
0.912780
0.678772
0.411599
0.710729
0.409500
0.567623
0.822292
0.521068
0.522795
0.791579
0.629210
0.538696
0.741107
0.755779
0.442514
0.426893
0.616350
0.759175
0.611813
0.540732
0.668507
0.841528
0.715279
0.668908
0.577174
0.508265
0.892215
0.465875
0.681720
0.720588
0.769517
0.670260
0.653550
0.598899
0.592868
0.592815
0.853397
0.713431
0.877307
0.521344
0.658746
0.546051
0.485327
0.390734
0.676861
0.561510
0.606457
0.750714
0.530635
0.593340
0.540697
0.655340
0.477762
0.540743
0.559103
0.502539
0.637947
0.508763
0.666236
0.654052
0.788352
0.538451
0.600870
0.516361
0.667702
0.559253
0.493625
0.521311
0.949347
0.915806
0.710616
0.762359
0.720754
0.918781
0.631830
0.917403
0.725768
0.713312
0.578944
0.819509
0.743078
0.848346
0.839050
0.820785
0.893149
0.775210
0.612060
0.776174
0.872327
0.674384
0.634363
0.661935
0.735372
0.830387
0.657696
0.836902
0.829471
0.839167
0.733953
0.675350
0.682485
0.840704
0.658439
0.737022
0.762133
0.519689
0.704442
0.813195
0.616521
0.644977
0.918960
0.887829
0.650714
0.657677
0.737421
0.704338
0.687591
0.832539
0.783247
0.666503
0.731431
0.793595
0.793344
0.791257
0.337462
0.624387
0.719554
0.669061
0.600693
0.431511
0.582009
0.717403
0.609907
0.689110
0.687693
0.698875
0.647889
0.649570
0.711088
0.613736
0.656399
0.673807
0.654450
0.682073
0.750649
0.943311
0.840922
0.685646
0.541859
0.797417
0.617014
0.629224
0.832855
0.808874
0.608689
0.740882
0.798689
0.863163
0.869453
0.591354
0.689722
0.736075
0.718573
0.730169
0.602611
0.533912
0.483354
0.834783
0.849463
0.693938
0.661573
0.529592
0.814037
0.713611
0.689090
0.657916
0.505174
0.485142
0.671854
0.709094
0.924224
0.399315
0.717296
0.613981
0.631074
0.575467
0.736748
0.700238
0.655069
0.729469
0.583560
0.641564
0.618765
0.713426
0.613571
0.497931
0.489180
0.559442
0.615315
0.399444
0.718280
0.756402
0.676700
0.333494
0.353968
0.421684
0.701017
0.665810
0.477551
0.556252
0.604445
0.743650
0.718701
0.866948
0.513990
0.687671
0.704379
0.718962
0.638640
0.789826
0.773880
0.685831
0.769042
0.781110
0.682894
0.590107
0.684056
0.702744
0.592053
0.615535
0.695923
0.710312
0.506852
0.753102
0.743248
0.653913
0.519360
0.468806
0.494480
0.755852
0.783683
0.429670
0.552145
0.651379
0.693493
0.850438
0.442988
0.481633
0.567514
0.665331
0.572730
0.878250
0.437675
0.587470
0.834543
0.676067
0.578462
0.634522
0.646040
0.492610
0.361886
0.371098
0.546350
0.607435
0.421925
0.679412
0.605155
0.558553
0.485090
0.527606
0.501609
0.700290
0.508282
0.416316
0.506321
0.784111
0.809131
0.723124
0.581639
0.867573
0.903445
0.779590
0.904495
0.775113
0.735533
0.708763
0.858924
0.628587
0.605984
0.612862
0.686828
0.659379
0.757767
0.749845
0.762667
0.753234
0.820210
0.832773
0.710959
0.731372
0.825067
0.713246
0.628338
0.724894
0.772189
0.510678
0.939311
0.673081
0.723963
0.650553
0.819567
0.721494
0.539275
0.766832
0.787948
0.796289
0.632842
0.514752
0.620627
0.840545
0.588797
0.555451
0.704782
0.748562
0.793432
0.666200
0.852802
0.782549
0.756350
0.691737
0.696089
0.652486
0.733311
0.556368
0.678774
0.761736
0.898993
0.818300
0.955978
0.858479
0.867823
0.961951
0.924819
0.766488
0.846842
0.954430
0.850518
0.856684
0.783575
0.843200
0.827186
0.880515
0.900740
0.917034
0.846080
0.850085
0.851941
0.836341
0.828335
0.813103
0.818769
0.930400
0.848749
0.911673
0.811594
0.666964
0.558709
0.631942
0.523717
0.713621
0.660006
0.627776
0.736062
0.504295
0.641836
0.567483
0.685238
0.496055
0.518581
0.486880
0.530399
0.604310
0.446953
0.740754
0.633052
0.678105
0.382956
0.467202
0.434048
0.661199
0.605305
0.398516
0.589304
0.665960
0.531306
0.532515
0.849907
0.624460
0.475730
0.716301
0.694920
0.543008
0.750523
0.605094
0.402127
0.432974
0.600334
0.706754
0.615077
0.461251
0.419389
0.729334
0.645253
0.721493
0.664164
0.473264
0.743257
0.449936
0.628576
0.585753
0.740740
0.552734
0.643917
0.697485
0.728868
0.771834
0.585365
0.633804
0.597884
0.720082
0.519568
0.478390
0.405984
0.541550
0.657629
0.569293
0.740279
0.762345
0.709493
0.594792
0.619484
0.483084
0.644776
0.495261
0.553645
0.573156
0.411835
0.674858
0.605320
0.431039
0.680176
0.599371
0.701708
0.721881
0.755472
0.542402
0.656239
0.672727
0.690709
0.593317
0.497229
0.534239
0.890005
0.813655
0.657197
0.561662
0.493488
0.800380
0.606907
0.683173
0.687087
0.600083
0.637636
0.523280
0.624995
0.467528
0.581747
0.566121
0.646668
0.455868
0.571317
0.637659
0.511614
0.577316
0.482360
0.454582
0.759420
0.727979
0.549729
0.514194
0.451893
0.621694
0.485334
0.563796
0.546265
0.849417
0.724945
0.558599
0.555267
0.781620
0.706978
0.807949
0.708147
0.811549
0.830107
0.728750
0.807719
0.691406
0.776204
0.897784
0.911926
0.719408
0.750286
0.705934
0.775631
0.634210
0.769328
0.795306
0.792307
0.800495
0.551675
0.614063
0.672795
0.824087
0.633975
0.579701
0.649582
0.678131
0.789794
0.608068
0.793147
0.764780
0.719522
0.701811
0.758659
0.672655
0.863545
0.564253
0.693953
0.661589
0.740463
0.668735
0.772119
0.635474
0.634410
0.547440
0.647001
0.649004
0.672372
0.579119
0.466114
0.521368
0.776745
0.705561
0.656435
0.537734
0.469600
0.645717
0.578208
0.561675
0.559004
0.661796
0.691506
0.743804
0.697202
0.739558
0.782148
0.883909
0.693638
0.722106
0.709646
0.744080
0.852774
0.699330
0.743568
0.796860
0.756801
0.784177
0.632644
0.784038
0.679698
0.608348
0.630165
0.757651
0.434395
0.616867
0.657399
0.532040
0.720471
0.530808
0.773614
0.777053
0.832109
0.596785
0.709546
0.559995
0.747407
0.474815
0.605404
0.712600
0.594353
0.633083
0.452827
0.363762
0.674584
0.666597
0.730889
0.668783
0.761642
0.686765
0.526241
0.615645
0.693257
0.609485
0.745168
0.449772
0.604939
0.539590
0.724580
0.515964
0.566421
0.600011
0.616598
0.729174
0.593716
0.840541
0.736894
0.659749
0.560275
0.642028
0.535810
0.531741
0.615746
0.524873
0.530098
0.610044
0.653398
0.691501
0.605348
0.596856
0.592705
0.754634
0.496651
0.544889
0.653959
0.695731
0.605307
0.650015
0.655462
0.605221
0.599987
0.387284
0.504742
0.487051
0.582962
0.453805
0.651867
0.675723
0.690741
0.598292
0.644666
0.469622
0.595162
0.368573
0.524758
0.586959
0.366480
0.608171
0.649060
0.481587
0.698805
0.662726
0.522754
0.503058
0.545013
0.455612
0.718157
0.449986
0.461984
0.518525
0.478664
0.632010
0.442902
0.772031
0.611111
0.672962
0.520072
0.576649
0.502183
0.696866
0.573954
0.436758
0.574468
0.668698
0.432334
0.746361
0.616426
0.745298
0.625606
0.702353
0.605030
0.559270
0.630311
0.560250
0.520164
0.540408
0.628190
0.736625
0.611967
0.633287
0.523518
0.472728
0.681421
0.626453
0.592446
0.632288
0.551241
0.667418
0.700272
0.474742
0.420115
0.357161
0.685976
0.579761
0.411254
0.571653
0.886000
0.834247
0.770819
0.671874
0.547813
0.776084
0.676569
0.745147
0.675994
0.587975
0.671360
0.771458
0.739584
0.734445
0.704686
0.586564
0.710911
0.611398
0.610784
0.665070
0.723062
0.622589
0.587218
0.622820
0.257888
0.455481
0.712591
0.629907
0.392347
0.537459
0.369127
0.702454
0.675776
0.462194
0.571032
0.671056
0.500533
0.472142
0.500832
0.707094
0.660983
0.533934
0.581793
0.581710
0.557017
