0.156092
0.177925
0.018119
0.029270
0.030746
0.127748
0.390394
0.044720
0.208302
0.212543
0.042736
0.040071
0.189706
0.316594
0.145706
0.060358
0.101638
0.013404
0.137130
0.062609
0.018840
0.033926
0.015504
0.207417
0.111728
0.074730
0.049395
0.048605
0.136594
0.041075
0.018528
0.049621
0.028308
0.074794
0.044787
0.030907
0.285375
0.023951
0.168369
0.180290
0.036001
0.242491
0.355784
0.054567
0.105107
0.044073
0.104538
0.028779
0.135956
0.125052
0.105346
0.099711
0.119103
0.098152
0.517292
0.222578
0.113934
0.094679
0.068238
0.136923
0.082296
0.177148
0.070912
0.152771
0.259764
0.180130
0.044280
0.147694
0.126626
0.164301
0.157533
0.032015
0.172032
0.051936
0.090412
0.050586
0.033109
0.101527
0.111366
0.094383
0.107609
0.225901
0.049252
0.106503
0.060616
0.167222
0.100130
0.329369
0.135894
0.068586
0.104853
0.104454
0.040088
0.095281
0.203545
0.108753
0.171663
0.143731
0.143165
0.104242
0.092883
0.348197
0.296189
0.241650
0.321443
0.156749
0.111944
0.203603
0.197139
0.064100
0.126102
0.137296
0.222219
0.117678
0.111835
0.218267
0.202810
0.229196
0.125390
0.158419
0.096133
0.093760
0.096763
0.125856
0.092399
0.152097
0.123926
0.118428
0.289636
0.125346
0.141236
0.244885
0.170287
0.288551
0.221337
0.103332
0.127729
0.192960
0.194315
0.158204
0.081811
0.095712
0.106626
0.068968
0.010768
0.025939
0.104707
0.455691
0.058597
0.147958
0.163249
0.024170
0.026002
0.149730
0.281826
0.099227
0.052237
0.127224
0.037738
0.086438
0.046487
0.021540
0.038064
0.030895
0.145817
0.111154
0.032012
0.022025
0.029753
0.093456
0.021043
0.017019
0.016158
0.029685
0.087754
0.021633
0.011890
0.219803
0.024781
0.139361
0.232708
0.035295
0.191404
0.273666
0.036449
0.061065
0.026013
0.119841
0.017621
0.143257
0.034020
0.097129
0.455638
0.067596
0.137565
0.159647
0.024411
0.021688
0.143633
0.267865
0.096790
0.061865
0.133059
0.048698
0.079903
0.046358
0.026937
0.048202
0.042974
0.134353
0.101148
0.034825
0.024909
0.030987
0.104707
0.027192
0.022681
0.016633
0.029483
0.104474
0.025770
0.006203
0.205342
0.033346
0.141785
0.239231
0.046455
0.181859
0.275865
0.048555
0.069467
0.024341
0.122674
0.024196
0.146449
0.107063
0.353148
0.107565
0.191081
0.248018
0.064403
0.023845
0.198910
0.277217
0.082946
0.032919
0.064253
0.041983
0.105613
0.020093
0.057045
0.039350
0.063264
0.165921
0.115804
0.052488
0.018704
0.027228
0.115739
0.024017
0.036365
0.034121
0.027444
0.128626
0.032300
0.037576
0.258821
0.041287
0.208926
0.150958
0.017039
0.186335
0.302173
0.083333
0.106052
0.026018
0.057419
0.016786
0.091714
0.414610
0.212402
0.143951
0.219598
0.107517
0.118179
0.080101
0.102863
0.077104
0.150888
0.180799
0.163409
0.075145
0.123330
0.148701
0.163990
0.161340
0.091143
0.145447
0.077650
0.093649
0.083433
0.098949
0.066342
0.110880
0.102005
0.075854
0.200520
0.093653
0.100994
0.156743
0.153137
0.191419
0.260444
0.120234
0.075050
0.215566
0.159195
0.104869
0.070389
0.126469
0.094175
0.116944
0.520755
0.672809
0.711100
0.489165
0.400590
0.591095
0.518344
0.445493
0.404701
0.200670
0.367053
0.517702
0.363874
0.452835
0.434218
0.437072
0.551402
0.335989
0.499851
0.427396
0.413221
0.519973
0.418092
0.435907
0.469950
0.364177
0.529088
0.437962
0.460661
0.646241
0.439878
0.624580
0.146890
0.341204
0.503206
0.687982
0.535288
0.562712
0.409597
0.199330
0.404086
0.225793
0.216145
0.187433
0.074813
0.095945
0.226419
0.418980
0.236289
0.113700
0.205857
0.055474
0.190369
0.131588
0.040249
0.071669
0.042099
0.265863
0.184074
0.123357
0.106758
0.115622
0.191223
0.097213
0.056369
0.096940
0.099698
0.042326
0.102170
0.060346
0.321046
0.059411
0.179340
0.297974
0.112231
0.331207
0.415171
0.071451
0.146558
0.114415
0.223208
0.085809
0.262991
0.122338
0.128447
0.182755
0.137434
0.221659
0.111541
0.218576
0.349360
0.237172
0.082561
0.207034
0.170946
0.228720
0.214981
0.090146
0.220919
0.110610
0.139996
0.141476
0.147347
0.134339
0.175529
0.117502
0.168308
0.234798
0.128121
0.137461
0.098736
0.196239
0.191468
0.474797
0.222394
0.176554
0.232655
0.177992
0.097640
0.152069
0.312374
0.167406
0.309971
0.092303
0.241993
0.102194
0.314399
0.233098
0.270865
0.435462
0.228876
0.135672
0.289018
0.138617
0.230285
0.165261
0.108094
0.247554
0.134764
0.201461
0.149402
0.103854
0.204803
0.161250
0.178526
0.207718
0.209010
0.130714
0.160429
0.081456
0.226432
0.043868
0.500896
0.261043
0.197033
0.185633
0.110225
0.072772
0.207354
0.391136
0.209728
0.342032
0.055107
0.108483
0.263641
0.107033
0.086242
0.184267
0.067914
0.077062
0.096901
0.022905
0.076060
0.038046
0.103680
0.103358
0.035358
0.048758
0.030397
0.068983
0.051389
0.025205
0.039618
0.046806
0.108972
0.022415
0.024679
0.159118
0.048981
0.078329
0.268109
0.066463
0.166811
0.223640
0.021362
0.033373
0.045096
0.168419
0.042285
0.157539
0.210010
0.307984
0.094041
0.033328
0.086997
0.065492
0.117390
0.024434
0.060124
0.054307
0.073671
0.172127
0.115863
0.051376
0.019300
0.046126
0.140273
0.030264
0.039024
0.021646
0.046977
0.135916
0.046986
0.019530
0.273077
0.022776
0.215238
0.195640
0.025142
0.215022
0.306988
0.071504
0.113374
0.023801
0.092624
0.016429
0.123973
0.141083
0.159665
0.239092
0.335470
0.221000
0.098629
0.236765
0.165375
0.211767
0.182166
0.087180
0.213679
0.098745
0.171239
0.129870
0.071777
0.149425
0.155135
0.159216
0.147955
0.206491
0.127918
0.154552
0.100330
0.213497
0.078828
0.393013
0.208025
0.071451
0.134867
0.135853
0.063980
0.144072
0.276015
0.171768
0.228351
0.173028
0.354526
0.368919
0.346030
0.138121
0.297981
0.321757
0.368331
0.343118
0.127959
0.235493
0.220942
0.263467
0.230733
0.198870
0.222929
0.300566
0.263342
0.213009
0.414183
0.244836
0.271074
0.159590
0.368161
0.305440
0.443125
0.311902
0.096012
0.217865
0.347907
0.218380
0.228635
0.282961
0.281954
0.260200
0.106419
0.166405
0.185985
0.049265
0.091465
0.157636
0.170239
0.191344
0.076698
0.155367
0.055780
0.056038
0.066727
0.097327
0.058273
0.123109
0.063112
0.089086
0.242749
0.069513
0.097297
0.167383
0.131744
0.242549
0.280184
0.094850
0.123335
0.193835
0.153532
0.086090
0.062390
0.134638
0.077317
0.133659
0.084685
0.077736
0.160997
0.038216
0.088675
0.051940
0.095356
0.210030
0.184982
0.066624
0.032796
0.060481
0.132463
0.053172
0.053715
0.055960
0.077892
0.119882
0.058455
0.057294
0.309738
0.035935
0.240576
0.176699
0.019506
0.245261
0.323980
0.080544
0.130488
0.047341
0.089610
0.019499
0.132032
0.107933
0.244583
0.068684
0.161040
0.126909
0.156248
0.310909
0.159477
0.171291
0.105648
0.127393
0.250829
0.114021
0.127666
0.135067
0.104900
0.220475
0.138824
0.138372
0.428635
0.104457
0.366268
0.060004
0.050672
0.301707
0.456975
0.201060
0.246701
0.099787
0.033591
0.086161
0.071122
0.171077
0.073325
0.023387
0.028103
0.017870
0.242759
0.132809
0.107004
0.073999
0.068711
0.161101
0.070117
0.037735
0.076199
0.043186
0.085612
0.059432
0.052969
0.304320
0.049299
0.179377
0.170491
0.053876
0.268361
0.399831
0.080824
0.136274
0.077214
0.104203
0.051780
0.156123
0.122756
0.122650
0.174231
0.157872
0.032945
0.125878
0.050442
0.075320
0.061842
0.076725
0.060604
0.113081
0.063998
0.078565
0.214826
0.063025
0.079828
0.083152
0.156099
0.165713
0.360207
0.140588
0.085189
0.148054
0.134101
0.058257
0.076338
0.197044
0.103766
0.189388
0.089932
0.057395
0.108646
0.184357
0.149293
0.063928
0.019405
0.058151
0.152560
0.034470
0.062660
0.039986
0.061033
0.153870
0.055165
0.046099
0.283038
0.057850
0.263589
0.177595
0.029188
0.206004
0.329122
0.113724
0.139788
0.045086
0.063625
0.027269
0.125625
0.049407
0.011594
0.178639
0.106694
0.074460
0.062315
0.050664
0.123530
0.062720
0.025378
0.051147
0.042028
0.086385
0.036823
0.029308
0.227625
0.042103
0.116708
0.242013
0.066526
0.236700
0.329637
0.040032
0.079243
0.062852
0.156622
0.048250
0.179211
0.046320
0.234763
0.198340
0.078304
0.055730
0.065860
0.132258
0.066780
0.038166
0.065707
0.069181
0.077356
0.056774
0.055382
0.306388
0.044605
0.174467
0.196416
0.046958
0.246827
0.353407
0.066229
0.124442
0.076239
0.111111
0.040143
0.170322
0.215285
0.119156
0.092631
0.082253
0.061130
0.134029
0.076826
0.026799
0.076276
0.048629
0.078409
0.053171
0.047202
0.267755
0.045926
0.122596
0.221815
0.069830
0.258193
0.352011
0.046488
0.100268
0.074651
0.152797
0.057961
0.171493
0.174071
0.078076
0.121692
0.090324
0.063852
0.118862
0.156412
0.121249
0.142307
0.282019
0.095339
0.132106
0.035766
0.219897
0.140154
0.396347
0.191178
0.058845
0.097201
0.159671
0.069219
0.127002
0.246918
0.152912
0.201746
0.143850
0.129292
0.108929
0.204444
0.112702
0.128912
0.115622
0.071355
0.257982
0.122455
0.103461
0.241505
0.141327
0.234250
0.253166
0.133389
0.218237
0.319229
0.170134
0.157616
0.090244
0.155384
0.130778
0.135238
0.023125
0.028176
0.045871
0.030497
0.042354
0.028780
0.061150
0.128187
0.023836
0.037371
0.148308
0.066293
0.120170
0.276868
0.057261
0.111144
0.163086
0.048061
0.029224
0.035718
0.140285
0.033513
0.144803
0.023384
0.091472
0.015920
0.032508
0.017842
0.046096
0.125269
0.022374
0.023259
0.210737
0.040141
0.188087
0.215302
0.026507
0.167141
0.252261
0.064460
0.074024
0.021767
0.091457
0.010995
0.122604
0.056227
0.032350
0.025858
0.040045
0.032965
0.131694
0.010344
0.037238
0.158134
0.061673
0.124443
0.198337
0.042773
0.128842
0.210467
0.055708
0.051983
0.027430
0.100648
0.027972
0.096820
0.095077
0.092848
0.105406
0.112619
0.162007
0.055261
0.108986
0.107314
0.149493
0.081222
0.312494
0.118901
0.087737
0.102127
0.077354
0.035393
0.095986
0.191181
0.095121
0.165522
0.038828
0.021424
0.028995
0.113803
0.035288
0.023597
0.209286
0.050122
0.192998
0.229628
0.041953
0.158809
0.255068
0.080746
0.079679
0.020345
0.094923
0.020780
0.123444
0.046372
0.038785
0.074930
0.025353
0.023829
0.227540
0.030395
0.125944
0.200719
0.037471
0.198344
0.293404
0.032264
0.072829
0.040437
0.113659
0.021017
0.130905
0.045008
0.139184
0.029747
0.016168
0.203339
0.037707
0.175633
0.262704
0.045532
0.179571
0.252924
0.062996
0.065375
0.026813
0.130219
0.025903
0.154080
0.128217
0.039464
0.035840
0.218193
0.059816
0.174565
0.189109
0.050862
0.164432
0.289004
0.090004
0.092232
0.028302
0.083875
0.039648
0.103729
0.121309
0.103498
0.331262
0.089319
0.183841
0.290840
0.123900
0.313571
0.387486
0.085783
0.149247
0.132787
0.216728
0.097151
0.267119
0.029873
0.153012
0.054310
0.115924
0.222167
0.040765
0.142193
0.220868
0.041899
0.039449
0.035654
0.116151
0.024267
0.127792
0.209057
0.032751
0.154437
0.251704
0.047701
0.191671
0.277693
0.047774
0.075669
0.026770
0.130408
0.022428
0.154836
0.311825
0.135336
0.496160
0.293172
0.086302
0.123783
0.218735
0.109215
0.216144
0.352729
0.243840
0.306619
0.193562
0.203341
0.026914
0.272458
0.349728
0.043807
0.104175
0.041250
0.124976
0.022543
0.155387
0.388802
0.211128
0.169761
0.185699
0.082249
0.063315
0.182622
0.319382
0.180108
0.262948
0.133569
0.349125
0.535239
0.277973
0.335858
0.201292
0.079302
0.183551
0.081840
0.212361
0.310997
0.067763
0.106714
0.032749
0.057085
0.012277
0.085465
0.106936
0.215495
0.117617
0.154514
0.222386
0.188870
0.177626
0.237563
0.136680
0.242154
0.388779
0.280655
0.317707
0.045159
0.068662
0.197990
0.050213
0.190985
0.076749
0.213610
0.080022
0.189993
0.092385
0.018869
0.095841
0.079612
0.055053
0.110655
