0.488898
0.694967
0.325003
0.570953
0.492046
0.544625
0.428887
0.487703
0.408173
0.467396
0.395693
0.577595
0.369892
0.604195
0.656063
0.626213
0.575529
0.481775
0.594773
0.654804
0.560331
0.539543
0.621913
0.525059
0.625113
0.971085
0.445210
0.628422
0.622022
0.395777
0.681400
0.573867
0.445663
0.503357
0.512042
0.743732
0.547758
0.558231
0.446884
0.590333
0.641882
0.599632
0.478171
0.496238
0.434317
0.676431
0.424633
0.733156
0.589211
0.570265
0.593276
0.435111
0.448626
0.597961
0.553864
0.640535
0.593205
0.527433
0.714522
0.947262
0.577516
0.529585
0.568524
0.502608
0.761831
0.581014
0.585806
0.384950
0.637107
0.727355
0.778885
0.755746
0.786741
0.792546
0.563629
0.600018
0.712804
0.693054
0.568725
0.683866
0.640542
0.770124
0.635194
0.668893
0.677141
0.825218
0.695868
0.728109
0.738968
0.630387
0.536540
0.729265
0.868894
0.784434
0.868354
0.615681
0.743440
0.764888
0.781966
0.866112
0.603421
0.832821
0.543398
0.516120
0.661385
0.511803
0.562062
0.556434
0.469683
0.593219
0.614375
0.474364
0.525897
0.600218
0.616929
0.529479
0.549515
0.644262
0.733677
0.681570
0.610751
0.672290
0.542556
0.799966
0.912622
0.565717
0.562293
0.675926
0.384718
0.750517
0.688009
0.509601
0.621962
0.602275
0.533449
0.677004
0.594692
0.656413
0.718247
0.518441
0.640445
0.647891
0.528963
0.741614
0.618360
0.673970
0.644738
0.588014
0.654979
0.729314
0.665608
0.829573
0.679991
0.706830
0.798719
0.829427
0.712933
0.735159
0.572027
0.649430
0.866225
0.712956
0.621252
0.684419
0.731991
0.564350
0.652219
0.462458
0.467295
0.489203
0.268782
0.646239
0.414571
0.688643
0.633519
0.675365
0.490222
0.521414
0.496670
0.636127
0.483791
0.753673
0.639006
0.549405
0.673987
0.901650
0.614056
0.616417
0.575289
0.596948
0.825248
0.561124
0.569823
0.553536
0.624374
0.728353
0.563648
0.605107
0.664542
0.504485
0.691344
0.560868
0.739533
0.689779
0.673125
0.659814
0.469128
0.667356
0.616183
0.493529
0.669429
0.751320
0.595805
0.685731
0.990282
0.731070
0.754162
0.667450
0.696472
0.827286
0.559592
0.512978
0.615759
0.623598
0.642890
0.646815
0.644756
0.603862
0.584358
0.535576
0.717860
0.735403
0.589262
0.587013
0.690814
0.750751
0.751786
0.736196
0.602718
0.747922
0.720543
0.768556
0.892304
0.564235
0.652597
0.745170
0.461830
0.690293
0.723503
0.605695
0.625921
0.642835
0.449871
0.527931
0.434852
0.594650
0.461617
0.617555
0.730375
0.601513
0.525379
0.482912
0.630851
0.606542
0.421805
0.566391
0.635717
0.401131
0.608775
0.813998
0.647923
0.742588
0.557232
0.596073
0.741077
0.493243
0.622706
0.537628
0.567060
0.598714
0.339849
0.614113
0.423387
0.725516
0.702293
0.486055
0.556691
0.530863
0.505446
0.644318
0.506950
0.653216
0.657595
0.452317
0.513455
0.982087
0.611159
0.634000
0.646985
0.614429
0.700683
0.531638
0.685233
0.378773
0.587581
0.526568
0.554533
0.373140
0.703018
0.599060
0.635792
0.515336
0.478738
0.629103
0.670926
0.494008
0.752765
0.619424
0.509230
0.718820
0.724628
0.706781
0.738859
0.698545
0.606294
0.691641
0.614121
0.587722
0.572045
0.654153
0.631383
0.344459
0.704548
0.709754
0.586993
0.542941
0.462685
0.505042
0.586774
0.437464
0.606884
0.638761
0.491809
0.508673
0.907868
0.522249
0.642389
0.597070
0.582701
0.749209
0.577039
0.569717
0.391015
0.515914
0.580888
0.773991
0.679452
0.731951
0.639674
0.666545
0.745030
0.639815
0.645692
0.796122
0.736766
0.665739
0.768108
0.836594
0.720372
0.807653
0.653319
0.704429
0.668693
0.672296
0.766549
0.631434
0.778968
0.647088
0.635402
0.539915
0.448114
0.423955
0.547646
0.568822
0.509646
0.565225
0.596031
0.424937
0.599802
0.887600
0.583915
0.602303
0.592368
0.491068
0.783086
0.591180
0.526936
0.437608
0.459329
0.772611
0.720310
0.608863
0.628780
0.770802
0.760106
0.764137
0.575044
0.649497
0.591308
0.800586
0.956930
0.647355
0.740316
0.609765
0.511197
0.804544
0.713251
0.668205
0.762170
0.618445
0.617856
0.682252
0.584682
0.721491
0.783128
0.718726
0.828747
0.766748
0.600734
0.894413
0.968824
0.803954
0.692037
0.765209
0.623801
0.687823
0.704215
0.727191
0.698054
0.770965
0.574008
0.485578
0.697256
0.759628
0.634369
0.717351
0.676995
0.571920
0.716796
0.958523
0.776970
0.734649
0.739397
0.617752
0.792311
0.625781
0.752979
0.507569
0.637106
0.588710
0.804345
0.753640
0.635407
0.632227
0.713419
0.461104
0.594653
0.848697
0.773620
0.708289
0.647188
0.623385
0.825140
0.691708
0.622480
0.656889
0.634780
0.461164
0.581178
0.423500
0.581069
0.547606
0.443966
0.673818
0.930608
0.570698
0.666770
0.678052
0.525854
0.694711
0.595495
0.508658
0.427853
0.441019
0.667434
0.556852
0.756735
0.532314
0.686421
0.810671
1.025760
0.552402
0.601569
0.694647
0.629021
0.871857
0.621456
0.561073
0.479418
0.669888
0.629437
0.759462
0.738574
0.679456
0.783280
0.961103
0.664602
0.768348
0.788995
0.642405
0.825792
0.731546
0.702224
0.606188
0.779981
0.631905
0.663779
0.508096
0.707479
0.827999
0.707399
0.798024
0.622714
0.727938
0.734768
0.424275
0.671687
0.593681
0.601781
0.766090
0.571149
0.778667
0.973156
0.678503
0.720586
0.716307
0.519662
0.741162
0.710430
0.604424
0.588133
0.395503
0.665285
0.813406
0.875820
0.679626
0.699593
0.725584
0.679210
0.820266
0.703993
0.659834
0.595036
0.688397
0.601546
0.875439
0.695035
0.703661
0.507723
0.594256
0.715483
0.599858
0.620823
0.489843
0.561143
0.912349
0.760040
0.853192
0.759890
0.774573
0.851648
0.722024
0.786120
0.631154
0.678462
0.966000
1.077757
1.006906
0.978618
0.900522
0.972425
0.928286
0.956586
0.929624
0.673439
0.771354
0.407986
0.761580
0.775494
0.530009
0.590189
0.639916
0.795018
0.622343
0.867144
0.792966
0.734063
0.607263
0.682307
0.764995
0.885632
0.634391
0.711767
0.669370
0.776230
0.696784
0.748364
0.474118
0.557727
0.541595
0.744859
0.760977
0.676665
0.721244
0.727889
0.620616
0.725789
0.573308
0.452430
0.574848
