0.110367
0.185358
0.282598
0.197222
0.233709
0.180794
0.092680
0.115075
0.247003
0.263223
0.364936
0.176605
0.200320
0.289388
0.054916
0.352283
0.179117
0.228478
0.237825
0.262837
0.224837
0.240091
0.173495
0.172213
0.067920
0.281395
0.267188
0.213429
0.179376
0.201154
0.045281
0.234170
0.196694
0.275362
0.157338
0.131526
0.250255
0.223646
0.391389
0.198598
0.396030
0.293900
0.233108
0.255209
0.158944
0.242473
0.329347
0.166105
0.245892
0.029295
0.107037
0.149061
0.063324
0.046290
0.046961
0.209877
0.065816
0.089768
0.185655
0.158123
0.060549
0.155462
0.043807
0.182786
0.031468
0.064034
0.045094
0.084640
0.060031
0.080043
0.020599
0.026657
0.051426
0.141745
0.104385
0.055068
0.035766
0.070486
0.115833
0.119271
0.051867
0.090084
0.043420
0.026599
0.144188
0.090148
0.140002
0.059948
0.155509
0.091137
0.064566
0.084578
0.034056
0.079163
0.122983
0.036058
0.067744
0.115489
0.193300
0.064648
0.056040
0.058429
0.261502
0.028669
0.106125
0.199371
0.160299
0.066734
0.163262
0.069656
0.209025
0.035958
0.035157
0.027995
0.082893
0.058650
0.096221
0.027603
0.016352
0.094002
0.181915
0.120104
0.025505
0.028428
0.048415
0.168685
0.178363
0.055609
0.096273
0.043096
0.023985
0.083431
0.099323
0.112649
0.066289
0.107364
0.081442
0.070671
0.085553
0.041548
0.095565
0.125782
0.048982
0.032799
0.180595
0.020320
0.052545
0.163510
0.414126
0.092478
0.011411
0.051695
0.342140
0.050298
0.114446
0.194887
0.044756
0.065329
0.117010
0.064392
0.015154
0.020939
0.007382
0.057315
0.091702
0.159295
0.049333
0.006642
0.119814
0.079341
0.205237
0.274494
0.052992
0.051158
0.016740
0.155158
0.140312
0.300076
0.020895
0.062159
0.044752
0.197096
0.018889
0.027111
0.019494
0.130502
0.012580
0.043875
0.058890
0.084102
0.171041
0.177145
0.199467
0.188555
0.236746
0.190720
0.269574
0.287212
0.118477
0.220541
0.156152
0.249962
0.120607
0.255726
0.164754
0.182040
0.152809
0.153881
0.145941
0.175576
0.176598
0.167216
0.178946
0.230271
0.161649
0.246199
0.149428
0.196747
0.183970
0.176722
0.201708
0.171863
0.306124
0.183728
0.291240
0.124340
0.308357
0.202184
0.173147
0.180593
0.168429
0.157810
0.229307
0.130742
0.191526
0.032013
0.108330
0.354890
0.054338
0.025364
0.073492
0.254930
0.029737
0.088763
0.134223
0.084232
0.037915
0.083402
0.037240
0.012083
0.011922
0.015675
0.026336
0.053992
0.123096
0.065139
0.024761
0.073257
0.041275
0.142792
0.216227
0.086186
0.025767
0.021861
0.104895
0.091240
0.221970
0.032283
0.060501
0.024903
0.152051
0.021795
0.021525
0.019690
0.089994
0.020317
0.054399
0.038451
0.039258
0.051346
0.288982
0.070474
0.049626
0.101280
0.226267
0.049788
0.103142
0.095109
0.125396
0.051358
0.068005
0.049942
0.028065
0.041869
0.047169
0.033730
0.052224
0.080162
0.109470
0.048351
0.059069
0.038972
0.116106
0.171988
0.083009
0.022196
0.053488
0.068973
0.074422
0.174901
0.038854
0.099172
0.054732
0.173962
0.064730
0.051098
0.043609
0.081354
0.050527
0.071916
0.048373
0.049054
0.191927
0.103457
0.153284
0.232310
0.155638
0.111298
0.171003
0.033376
0.260409
0.095789
0.087506
0.102454
0.117158
0.111925
0.142340
0.072408
0.068163
0.060340
0.219319
0.155621
0.064795
0.059134
0.083727
0.088938
0.182136
0.066115
0.154517
0.049605
0.061544
0.107128
0.114644
0.217283
0.110598
0.222158
0.162501
0.128060
0.131971
0.084168
0.144921
0.181239
0.089073
0.082594
0.365944
0.396630
0.495145
0.197100
0.268143
0.391402
0.121208
0.501340
0.266071
0.327931
0.322093
0.390324
0.344229
0.367599
0.272690
0.267332
0.134593
0.401180
0.401298
0.327009
0.280169
0.272319
0.078581
0.371525
0.327785
0.398087
0.243265
0.202984
0.236368
0.348159
0.509830
0.306473
0.458993
0.430753
0.362886
0.382012
0.230513
0.373071
0.452695
0.269528
0.340900
0.083899
0.178938
0.228760
0.090763
0.164549
0.124336
0.180777
0.039974
0.041353
0.032503
0.063700
0.041725
0.080239
0.032122
0.022618
0.141751
0.180994
0.101397
0.027028
0.027970
0.072190
0.240466
0.177852
0.053599
0.069030
0.071135
0.049735
0.142053
0.087228
0.082353
0.058703
0.106811
0.048472
0.049235
0.060493
0.067503
0.073324
0.098114
0.046738
0.026358
0.052119
0.315934
0.053437
0.113697
0.185433
0.041323
0.056787
0.115357
0.068270
0.021762
0.022538
0.013446
0.049390
0.080229
0.137404
0.050466
0.009498
0.115520
0.075001
0.194777
0.261929
0.040927
0.049508
0.013466
0.149512
0.123170
0.295079
0.025729
0.060748
0.047867
0.196723
0.020389
0.022082
0.019184
0.124090
0.012224
0.043340
0.052111
0.090012
0.375093
0.087824
0.116794
0.293230
0.035218
0.150918
0.217651
0.156084
0.059992
0.098138
0.066747
0.136958
0.183501
0.225463
0.041363
0.037290
0.213804
0.180341
0.333144
0.359412
0.087748
0.126600
0.074769
0.268693
0.240855
0.408082
0.068769
0.105910
0.126236
0.299708
0.076568
0.107776
0.082467
0.244151
0.084615
0.111242
0.160456
0.161115
0.189287
0.224198
0.119244
0.411044
0.204347
0.259155
0.243668
0.290279
0.262652
0.304742
0.206473
0.188827
0.161018
0.312017
0.326692
0.234626
0.209636
0.210305
0.143839
0.369716
0.249553
0.316333
0.214133
0.168322
0.195507
0.306217
0.363816
0.238853
0.340399
0.314445
0.287610
0.306634
0.185667
0.313465
0.395062
0.232349
0.223145
0.085264
0.112308
0.094875
0.040119
0.119318
0.058316
0.044942
0.036921
0.037468
0.042402
0.065167
0.100373
0.049743
0.047309
0.113620
0.067893
0.166427
0.170482
0.102575
0.067902
0.056148
0.132093
0.088182
0.215631
0.052196
0.108524
0.034922
0.199515
0.055889
0.053728
0.052903
0.092008
0.050546
0.114800
0.053473
0.068207
0.202390
0.155176
0.121701
0.229492
0.150803
0.085201
0.107202
0.107125
0.126897
0.158072
0.189327
0.102077
0.107748
0.188455
0.130378
0.247054
0.260921
0.164136
0.109221
0.104591
0.224005
0.196191
0.313116
0.123783
0.158905
0.095670
0.270603
0.125917
0.119062
0.105923
0.196145
0.112217
0.151798
0.132107
0.115907
0.295799
0.090933
0.111913
0.115334
0.161470
0.129053
0.158535
0.078379
0.074854
0.045712
0.233106
0.193254
0.100639
0.076306
0.083116
0.040122
0.204074
0.104280
0.184613
0.062354
0.052504
0.121646
0.150466
0.262009
0.112729
0.243329
0.189827
0.143762
0.162550
0.058883
0.161444
0.228787
0.086053
0.118579
0.139219
0.229908
0.162019
0.077370
0.085844
0.048543
0.135286
0.176885
0.222627
0.039035
0.035186
0.228820
0.183953
0.328159
0.355360
0.060494
0.137989
0.065956
0.282463
0.235211
0.452663
0.064744
0.117043
0.108276
0.311073
0.061428
0.084214
0.071182
0.239673
0.062956
0.115278
0.138081
0.185876
0.071414
0.023549
0.050867
0.024627
0.043702
0.011994
0.018348
0.089779
0.108017
0.068943
0.054105
0.023954
0.088613
0.171804
0.111242
0.045252
0.041376
0.072582
0.033006
0.170803
0.068457
0.096076
0.021259
0.129647
0.044586
0.028176
0.040972
0.049955
0.037779
0.081897
0.011820
0.040646
0.034773
0.093218
0.079851
0.109798
0.049098
0.037125
0.127425
0.226897
0.127577
0.026134
0.044295
0.057239
0.235440
0.175409
0.066971
0.106912
0.035690
0.045406
0.098125
0.096287
0.098417
0.102162
0.098195
0.094250
0.080769
0.090549
0.056087
0.104006
0.108107
0.068804
0.057135
0.046401
0.032024
0.054191
0.016690
0.021747
0.128377
0.139512
0.077822
0.032235
0.023813
0.073004
0.225817
0.131977
0.042485
0.051394
0.052008
0.045263
0.141690
0.070261
0.063941
0.045304
0.075537
0.043279
0.039208
0.047838
0.046584
0.051427
0.063128
0.031300
0.027576
0.017517
0.018315
0.042107
0.068282
0.146505
0.068993
0.018832
0.078999
0.049561
0.163064
0.247587
0.079183
0.026754
0.020588
0.116793
0.113138
0.240172
0.026526
0.061142
0.035645
0.166957
0.023477
0.028166
0.017472
0.110928
0.022150
0.043622
0.049544
0.046130
0.012512
0.021083
0.039472
0.118810
0.078551
0.028676
0.066897
0.031128
0.128317
0.209895
0.083858
0.028176
0.016704
0.100414
0.076529
0.218754
0.030315
0.069451
0.016758
0.150467
0.013979
0.011118
0.015529
0.080950
0.012506
0.049948
0.021131
0.039784
0.039179
0.069407
0.129560
0.048130
0.012826
0.104906
0.062856
0.174238
0.231182
0.049887
0.041238
0.015552
0.133585
0.111368
0.284990
0.021144
0.071301
0.026070
0.186414
0.016335
0.016099
0.014312
0.109331
0.007002
0.047144
0.037546
0.074879
0.013904
0.078693
0.112135
0.060391
0.039050
0.016017
0.074660
0.164542
0.098529
0.028813
0.040881
0.051086
0.032742
0.161589
0.053918
0.086036
0.028830
0.121892
0.040479
0.026748
0.037374
0.041126
0.036684
0.067501
0.014587
0.033288
0.080040
0.160630
0.097833
0.023694
0.015929
0.048649
0.173904
0.136418
0.042599
0.066256
0.040045
0.015564
0.121626
0.074256
0.102451
0.044869
0.108677
0.060248
0.040958
0.054375
0.042930
0.063888
0.096189
0.020331
0.033524
0.183002
0.147506
0.126931
0.091847
0.139555
0.081641
0.126763
0.103930
0.145021
0.102335
0.066287
0.180477
0.110297
0.236692
0.113659
0.285494
0.167453
0.121568
0.134369
0.090477
0.128690
0.198282
0.079401
0.147735
0.037178
0.223172
0.160293
0.311563
0.271306
0.075029
0.126209
0.069945
0.251360
0.202800
0.402566
0.072456
0.132586
0.082881
0.305239
0.073997
0.088458
0.079696
0.193013
0.064153
0.130695
0.119794
0.163234
0.128605
0.086839
0.218835
0.260349
0.046280
0.055140
0.021341
0.163432
0.143004
0.308684
0.019890
0.071938
0.049294
0.220469
0.027312
0.035256
0.025417
0.140812
0.019392
0.055909
0.066203
0.093157
0.021841
0.037864
0.214732
0.183145
0.039162
0.093593
0.027151
0.041279
0.098329
0.102163
0.110110
0.078279
0.083646
0.087068
0.069543
0.077173
0.068743
0.096894
0.097762
0.052246
0.026303
0.054967
0.167560
0.137292
0.022315
0.055032
0.037397
0.033566
0.121963
0.067854
0.104351
0.033427
0.114721
0.062878
0.036457
0.045010
0.048511
0.053608
0.079120
0.016180
0.020732
0.187320
0.246497
0.092079
0.169367
0.027191
0.043009
0.085217
0.180041
0.183829
0.125173
0.091110
0.165331
0.123159
0.146523
0.062909
0.163695
0.167433
0.083812
0.076092
0.256521
0.183713
0.271808
0.155261
0.139450
0.220141
0.223791
0.388176
0.179400
0.380132
0.288906
0.232167
0.249824
0.150600
0.240831
0.329237
0.164456
0.222813
0.095204
0.063148
0.184858
0.171388
0.380538
0.056014
0.136617
0.101542
0.277735
0.089564
0.067012
0.063644
0.168025
0.048609
0.081636
0.090858
0.180570
0.041415
0.056276
0.074192
0.179910
0.047230
0.090198
0.039225
0.136318
0.052693
0.031532
0.030789
0.080991
0.039421
0.048727
0.033127
0.036307
0.137097
0.110202
0.273144
0.038921
0.054345
0.036443
0.163298
0.016519
0.013124
0.011538
0.118721
0.007263
0.032210
0.036633
0.064969
0.037510
0.088977
0.128516
0.164249
0.103562
0.107381
0.140019
0.101989
0.115315
0.045764
0.127801
0.127588
0.064832
0.065247
0.093615
0.110437
0.152443
0.073738
0.131437
0.110036
0.077479
0.097083
0.037190
0.103666
0.142211
0.038979
0.061374
0.252736
0.272332
0.217986
0.172284
0.271369
0.237130
0.250478
0.123229
0.276690
0.287822
0.180767
0.124494
0.089682
0.048355
0.216971
0.039488
0.037224
0.025801
0.121430
0.030903
0.068883
0.054106
0.081642
0.100672
0.102556
0.044666
0.064658
0.063078
0.147461
0.068738
0.058554
0.104970
0.086049
0.161526
0.039533
0.019883
0.025754
0.084235
0.025913
0.079632
0.017373
0.047133
0.153077
0.141106
0.157421
0.138864
0.174489
0.130884
0.139895
0.096917
0.019803
0.021172
0.114499
0.018676
0.047494
0.048610
0.059361
0.008462
0.088672
0.007189
0.042422
0.016830
0.055709
0.114917
0.009595
0.037157
0.029231
0.055618
0.104913
0.143518
0.054616
0.082270
0.038682
0.027129
0.072924
0.070234
0.085914
0.048129
