0.752979
0.569717
0.866112
0.573308
0.561073
0.604424
0.512978
0.659834
0.685233
0.605694
0.474118
0.452430
0.585806
0.622480
0.734063
0.786120
0.445663
0.530009
0.928286
0.760977
0.702224
0.508658
0.569823
0.622706
0.509601
0.586993
0.635195
0.507569
0.697256
0.717351
0.673125
0.676995
0.486055
0.589262
0.617752
0.637106
0.570265
0.574008
0.734649
0.716797
0.626213
0.776970
0.958523
0.792311
0.759628
0.485578
0.675365
0.601513
0.616928
0.693054
0.391015
0.505042
0.606884
0.504485
0.638761
0.339849
0.603862
0.582701
0.515914
0.434317
0.542941
0.642389
0.508673
0.395693
0.522249
0.907868
0.749209
0.586774
0.462685
0.268782
0.434852
0.593219
0.603421
0.825217
0.738968
0.786741
0.630387
0.600018
0.792546
0.743440
0.832821
0.743732
0.668893
0.868354
0.729265
0.694967
0.784434
0.868894
0.764888
0.695868
0.677141
0.755746
0.563629
0.727355
0.479418
0.588133
0.615759
0.595036
0.378773
0.625921
0.557727
0.574848
0.384950
0.656889
0.607263
0.631154
0.503357
0.590190
0.956586
0.676665
0.606188
0.427853
0.553536
0.537628
0.621962
0.756735
0.667356
0.532314
0.505446
0.750751
0.629021
0.669888
0.448626
0.804345
0.601569
0.810671
0.594773
0.552402
1.025760
0.871857
0.667434
0.461164
0.496670
0.630851
0.644262
0.669429
0.766090
0.653216
0.602718
0.519662
0.395503
0.640535
0.632227
0.720586
0.778667
0.539543
0.678503
0.973156
0.741162
0.759462
0.581069
0.753673
0.566391
0.610752
0.751320
0.605107
0.728353
0.696472
0.623598
0.590333
0.659814
0.754162
0.685731
0.544625
0.731070
0.990282
0.827286
0.616183
0.469128
0.564350
0.563648
0.661385
0.657595
0.747922
0.679210
0.688397
0.593205
0.713419
0.699593
0.813406
0.621913
0.679626
0.875820
0.820266
0.738574
0.547606
0.639006
0.635718
0.672290
0.646815
0.614429
0.587581
0.478171
0.556691
0.634000
0.513455
0.408173
0.611159
0.982087
0.700683
0.644318
0.530863
0.467295
0.449871
0.556434
0.461830
0.642835
0.641882
0.587013
0.652597
0.768556
0.428887
0.564235
0.892304
0.690293
0.751786
0.690814
0.652219
0.642890
0.511803
0.541595
0.502608
0.623385
0.622343
0.774573
0.395777
0.407986
0.978618
0.696784
0.642405
0.525855
0.596948
0.596073
0.384718
0.637107
0.634780
0.682306
0.678462
0.512042
0.639916
0.929624
0.721244
0.779981
0.441019
0.624374
0.567060
0.602275
0.593276
0.529585
0.714522
0.488898
0.577516
0.947262
0.761831
0.597961
0.435111
0.446884
0.599632
0.547758
0.708289
0.594653
0.575529
0.773620
0.848697
0.825140
0.753640
0.588710
0.490222
0.525379
0.529479
0.853192
0.628422
0.673439
1.077757
0.867144
0.768348
0.666770
0.616417
0.742588
0.562293
0.625113
0.760040
0.912349
0.851648
0.783280
0.673818
0.673987
0.608775
0.799966
0.445210
0.971085
0.681400
0.654804
0.481775
0.492046
0.487703
0.325003
0.966000
0.761580
0.664602
0.570698
0.614056
0.647923
0.565717
0.900522
0.961103
0.930608
0.901650
0.813998
0.912622
0.825792
0.694711
0.825248
0.741077
0.750517
0.581178
0.636127
0.606543
0.733677
0.521414
0.482912
0.549515
0.462458
0.516120
0.562062
