0.178557
0.252817
0.325274
0.235212
0.508854
0.147703
0.143259
0.247737
0.113897
0.192266
0.129578
0.194573
0.185974
0.239051
0.224209
0.132558
0.078495
0.243965
0.194558
0.082216
0.187890
0.103636
0.179558
0.254788
0.171844
0.150631
0.347591
0.258071
0.232990
0.205763
0.112235
0.223068
0.067785
0.290113
0.062643
0.034230
0.290196
0.071914
0.262920
0.347417
0.149094
0.238516
0.124754
0.151148
0.161504
0.314400
0.261925
0.273509
0.283431
0.039173
0.072606
0.043755
0.157768
0.117274
0.039233
0.207884
0.044940
0.067750
0.101504
0.066359
0.032097
0.069841
0.049344
0.344048
0.070781
0.079914
0.062912
0.303158
0.028215
0.104018
0.042933
0.065712
0.072002
0.070940
0.103758
0.060283
0.051030
0.073106
0.296215
0.058237
0.175943
0.070829
0.114453
0.226450
0.122303
0.132859
0.081696
0.520481
0.176001
0.062890
0.231410
0.065779
0.306293
0.091010
0.063767
0.067158
0.194905
0.027087
0.060438
0.080181
0.144444
0.034588
0.309509
0.061126
0.041761
0.109612
0.044830
0.033072
0.024868
0.017250
0.450763
0.108069
0.080941
0.050550
0.398915
0.031495
0.104382
0.023465
0.021503
0.045109
0.082188
0.029749
0.011655
0.012272
0.050453
0.375571
0.033586
0.255395
0.043978
0.146785
0.311927
0.075043
0.202743
0.041309
0.604533
0.242608
0.026985
0.315554
0.059314
0.428768
0.030629
0.017519
0.026530
0.300050
0.061707
0.075541
0.246517
0.062770
0.316530
0.086259
0.069812
0.120778
0.063745
0.057256
0.034918
0.026375
0.553339
0.162853
0.054364
0.090121
0.502451
0.069941
0.160735
0.060345
0.037586
0.057008
0.111834
0.026548
0.024695
0.026095
0.078986
0.487573
0.037992
0.353954
0.046516
0.227872
0.395756
0.113280
0.279278
0.036248
0.686738
0.240165
0.026542
0.336167
0.094712
0.479693
0.028180
0.025758
0.023689
0.369317
0.178066
0.223938
0.072523
0.201418
0.055570
0.102503
0.103104
0.065472
0.046986
0.082871
0.071764
0.425327
0.121670
0.042041
0.108048
0.399269
0.067429
0.167417
0.082263
0.098383
0.090741
0.097744
0.098625
0.065073
0.072754
0.130952
0.392033
0.055433
0.286217
0.081677
0.196392
0.299169
0.180055
0.211100
0.056617
0.601725
0.153346
0.060713
0.226582
0.117132
0.332646
0.106342
0.065326
0.073645
0.262780
0.289796
0.170097
0.504103
0.235112
0.144266
0.280466
0.155183
0.145497
0.121472
0.109636
0.674643
0.286255
0.208984
0.145310
0.630916
0.134230
0.266058
0.139487
0.092421
0.183869
0.218596
0.075049
0.100004
0.101146
0.145773
0.585201
0.126628
0.463152
0.095031
0.337371
0.555758
0.112538
0.399231
0.146343
0.743821
0.452923
0.132998
0.545251
0.185550
0.661871
0.090097
0.105722
0.103517
0.434758
0.100683
0.390515
0.141599
0.112270
0.199365
0.155995
0.129137
0.177595
0.154517
0.266462
0.088707
0.276674
0.094956
0.170283
0.094334
0.076099
0.099386
0.142559
0.153092
0.126727
0.234730
0.179122
0.156456
0.115980
0.139288
0.178428
0.083371
0.190287
0.053066
0.153799
0.122054
0.096709
0.239919
0.359933
0.325874
0.212336
0.344380
0.099428
0.347920
0.220335
0.195135
0.192427
0.278943
0.273865
0.024628
0.017920
0.056988
0.034017
0.024374
0.035046
0.021585
0.348415
0.042305
0.076199
0.027578
0.282868
0.021936
0.036911
0.011778
0.031687
0.023090
0.035026
0.078367
0.039030
0.026469
0.031100
0.263964
0.029037
0.161007
0.057906
0.065761
0.194882
0.071777
0.127571
0.060370
0.502392
0.181796
0.045430
0.232886
0.019255
0.345886
0.069208
0.044538
0.044813
0.297349
0.199360
0.345431
0.223324
0.321531
0.273737
0.318155
0.313973
0.335140
0.260692
0.204378
0.354828
0.370639
0.303681
0.331004
0.311264
0.353566
0.276805
0.276093
0.373270
0.308706
0.301267
0.352042
0.426513
0.303810
0.316305
0.351373
0.320661
0.272441
0.470851
0.259507
0.285461
0.559615
0.086759
0.269498
0.172624
0.332184
0.199025
0.348682
0.305791
0.321371
0.259973
0.053739
0.034960
0.048903
0.037108
0.062101
0.048423
0.327465
0.043553
0.066527
0.073960
0.276623
0.054973
0.065805
0.034616
0.067388
0.036598
0.058450
0.112087
0.054041
0.048793
0.069604
0.279130
0.049682
0.172216
0.089318
0.080159
0.181036
0.135580
0.139808
0.056724
0.536240
0.129073
0.044224
0.162441
0.048113
0.282515
0.090231
0.059952
0.070290
0.273483
0.070717
0.029534
0.032034
0.045648
0.022056
0.413999
0.052585
0.106442
0.011647
0.328212
0.021949
0.036387
0.013966
0.021947
0.030230
0.028380
0.079827
0.045183
0.032025
0.017088
0.286839
0.025069
0.184348
0.040920
0.076632
0.242421
0.038373
0.176489
0.079264
0.517395
0.236895
0.060997
0.286399
0.011120
0.427723
0.064276
0.058443
0.043726
0.371917
0.049634
0.056636
0.114959
0.071307
0.351628
0.070027
0.093097
0.097702
0.319575
0.093299
0.090079
0.078776
0.106028
0.053116
0.062591
0.168800
0.098504
0.094765
0.095337
0.321964
0.053314
0.198494
0.093561
0.111980
0.207305
0.174374
0.203019
0.095290
0.576944
0.106472
0.073839
0.110293
0.068571
0.293509
0.121908
0.109109
0.099236
0.329789
0.015605
0.064402
0.029240
0.413936
0.073927
0.078122
0.035883
0.365222
0.033715
0.082522
0.038767
0.052522
0.045461
0.041463
0.095673
0.050346
0.048448
0.058272
0.332508
0.011703
0.223897
0.035222
0.119561
0.261366
0.094697
0.206883
0.062087
0.575051
0.192577
0.051041
0.222194
0.038819
0.389873
0.077296
0.060467
0.045065
0.333435
0.061656
0.024154
0.395065
0.062970
0.072819
0.034533
0.341406
0.019090
0.079404
0.030023
0.044684
0.046594
0.040260
0.090765
0.045432
0.041881
0.049013
0.313722
0.013093
0.206759
0.028445
0.110056
0.248004
0.090472
0.182771
0.062883
0.560288
0.180411
0.049213
0.222178
0.037609
0.352039
0.072893
0.054772
0.041219
0.289407
0.027409
0.455823
0.107009
0.069142
0.066875
0.387967
0.055814
0.092987
0.029327
0.030519
0.032773
0.088101
0.022706
0.016674
0.011051
0.054929
0.375612
0.047898
0.260046
0.076711
0.144846
0.295681
0.088252
0.190133
0.035156
0.574649
0.237741
0.026494
0.320129
0.060542
0.441978
0.038994
0.012153
0.037161
0.352245
0.454811
0.083155
0.070829
0.036378
0.384765
0.030823
0.078955
0.018982
0.013555
0.025105
0.058253
0.046751
0.018326
0.016763
0.025378
0.364329
0.016408
0.237273
0.025698
0.127353
0.291532
0.063885
0.204617
0.043487
0.591948
0.213695
0.021597
0.280575
0.032454
0.419809
0.024718
0.029204
0.016247
0.339446
0.283432
0.464462
0.385545
0.109308
0.379600
0.298834
0.396238
0.480083
0.416423
0.341049
0.563738
0.476741
0.442727
0.431438
0.150333
0.449214
0.150628
0.520000
0.211061
0.084432
0.491738
0.138028
0.496871
0.308339
0.299000
0.464320
0.249417
0.379649
0.166257
0.557507
0.472474
0.512306
0.243095
0.143532
0.054816
0.173021
0.049435
0.033753
0.049952
0.096884
0.068535
0.040853
0.181610
0.116351
0.097748
0.062563
0.160581
0.081307
0.076899
0.111209
0.034143
0.117023
0.112112
0.094605
0.134546
0.385843
0.165233
0.116499
0.195738
0.030024
0.276183
0.147807
0.130293
0.115361
0.302820
0.127911
0.443160
0.096562
0.162255
0.097890
0.107329
0.062572
0.099700
0.092677
0.072624
0.073206
0.128921
0.446789
0.058979
0.318152
0.103904
0.214450
0.313621
0.213467
0.230689
0.054466
0.633178
0.142790
0.054693
0.220911
0.120880
0.375234
0.102482
0.063503
0.068289
0.323207
0.305788
0.014892
0.042265
0.025343
0.037423
0.059020
0.022767
0.103160
0.068185
0.051051
0.027418
0.250358
0.035449
0.165753
0.044017
0.076345
0.225864
0.034457
0.160750
0.105593
0.470416
0.250832
0.090455
0.302319
0.016077
0.415891
0.093283
0.083744
0.055985
0.353891
0.304723
0.206190
0.313475
0.397116
0.339930
0.275935
0.501171
0.424950
0.384839
0.333713
0.033474
0.395729
0.064082
0.448148
0.137531
0.036736
0.372996
0.081490
0.450956
0.171268
0.294864
0.424476
0.304245
0.275973
0.174066
0.478755
0.435046
0.436385
0.353571
0.058642
0.020332
0.037001
0.050684
0.030592
0.089065
0.053920
0.040478
0.033455
0.268417
0.028727
0.170018
0.038272
0.086805
0.229374
0.060057
0.146089
0.085587
0.488450
0.222699
0.071145
0.274678
0.025719
0.377719
0.080769
0.060985
0.051325
0.292751
0.043731
0.075564
0.056270
0.042344
0.160153
0.108744
0.083353
0.043166
0.172566
0.088286
0.103846
0.121948
0.021853
0.135251
0.079842
0.106556
0.147225
0.401174
0.228795
0.124284
0.259328
0.025438
0.367994
0.141671
0.120213
0.114103
0.373269
0.016727
0.027599
0.047600
0.062016
0.025221
0.018188
0.021380
0.287763
0.034258
0.179866
0.051401
0.074523
0.235532
0.047951
0.156158
0.056297
0.530409
0.230229
0.041763
0.282396
0.017673
0.395386
0.049484
0.036741
0.039713
0.321809
0.037172
0.072701
0.043113
0.021822
0.014388
0.017424
0.366886
0.037455
0.250918
0.038567
0.125319
0.311723
0.036991
0.217527
0.065081
0.590934
0.269271
0.040552
0.348247
0.036724
0.480224
0.027856
0.034469
0.030105
0.379912
0.054704
0.070464
0.036793
0.028368
0.040041
0.335501
0.035258
0.207280
0.069877
0.103424
0.243237
0.103448
0.173392
0.054493
0.560328
0.176419
0.033711
0.236360
0.037059
0.384455
0.050713
0.041187
0.044267
0.356382
0.138334
0.094781
0.073796
0.050792
0.233862
0.038599
0.147977
0.064734
0.075270
0.179415
0.092184
0.149222
0.112657
0.448811
0.171654
0.101074
0.217418
0.027948
0.342574
0.125038
0.105564
0.077296
0.350928
0.021438
0.027448
0.092883
0.480360
0.069813
0.361061
0.082093
0.230163
0.409006
0.102481
0.283892
0.040434
0.674890
0.308021
0.040592
0.404817
0.112940
0.526361
0.031113
0.019784
0.042951
0.402652
0.009617
0.055809
0.410220
0.037412
0.282995
0.054163
0.157680
0.329292
0.086630
0.228429
0.022794
0.640327
0.236413
0.013049
0.311575
0.065813
0.444757
0.020154
0.008888
0.026334
0.335670
0.040250
0.367891
0.034999
0.247774
0.055260
0.130450
0.290264
0.072260
0.193835
0.038586
0.591987
0.226746
0.020142
0.305919
0.046897
0.431628
0.027491
0.013667
0.027769
0.334116
0.299851
0.046897
0.190628
0.049118
0.082593
0.254969
0.038686
0.182486
0.101378
0.522758
0.257486
0.070182
0.318670
0.017175
0.449452
0.059948
0.070243
0.052336
0.380739
0.365442
0.064855
0.408261
0.115168
0.057376
0.308804
0.098346
0.442256
0.157482
0.339338
0.427078
0.354714
0.239889
0.259128
0.469342
0.426464
0.409578
0.405796
0.250781
0.018787
0.138741
0.288905
0.085567
0.220541
0.048739
0.594807
0.191705
0.038875
0.242399
0.039129
0.403858
0.055405
0.045250
0.028317
0.350980
0.284043
0.058497
0.056732
0.234958
0.060539
0.319042
0.244158
0.240601
0.280799
0.242674
0.143729
0.225036
0.318640
0.300258
0.281447
0.270069
0.177942
0.355771
0.069228
0.273869
0.079141
0.629127
0.253107
0.061536
0.310245
0.056456
0.464242
0.051617
0.068785
0.036945
0.379289
0.086138
0.125151
0.072143
0.197436
0.364235
0.231450
0.169017
0.234695
0.055900
0.304842
0.204627
0.169294
0.174648
0.304592
0.317627
0.056717
0.346992
0.221838
0.191008
0.321750
0.197377
0.199042
0.160146
0.392306
0.333807
0.337587
0.313486
0.232745
0.145512
0.507823
0.372224
0.126040
0.441173
0.049134
0.537151
0.092531
0.108623
0.082557
0.450522
0.255111
0.236005
0.211493
0.229249
0.251056
0.149834
0.213479
0.285215
0.224674
0.245609
0.212108
0.676943
0.206531
0.019382
0.277584
0.095824
0.416796
0.046786
0.026507
0.041784
0.342379
0.509310
0.658833
0.575971
0.476328
0.426972
0.683379
0.648138
0.621201
0.576461
0.188567
0.090464
0.216850
0.165168
0.270456
0.243391
0.229931
0.304550
0.256743
0.075186
0.407658
0.021846
0.017935
0.032012
0.310615
0.264072
0.160613
0.358177
0.304439
0.318381
0.276371
0.386345
0.083561
0.082536
0.055934
0.362481
0.496708
0.449929
0.449475
0.270953
0.033924
0.030464
0.388552
0.040870
0.324218
0.372529
