0.580474
0.605381
0.601092
0.637031
0.522146
0.743879
0.646787
0.691086
0.518778
0.403893
0.702440
0.773025
0.556030
0.719135
0.519960
0.756233
0.652417
0.799244
0.661132
0.666667
0.699250
0.726893
0.556014
0.495738
0.702911
0.635195
0.585498
0.681537
0.675522
0.638891
0.787698
0.713465
0.598662
0.686053
0.721328
0.695158
0.560511
0.773941
0.638300
0.586683
0.688742
0.698435
0.589077
0.751039
0.748512
0.806328
0.800012
0.775964
0.658808
0.480588
0.428591
0.388753
0.510196
0.458465
0.456987
0.556622
0.473530
0.697901
0.504934
0.562891
0.500830
0.570588
0.559589
0.525346
0.508029
0.663330
0.629675
0.801232
0.587361
0.789627
0.456933
0.555978
0.552799
0.456643
0.499849
0.503449
0.472328
0.468555
0.854225
0.461287
0.584558
0.693655
0.484262
0.552893
0.460885
0.566564
0.497613
0.507978
0.610964
0.648500
0.551870
0.347216
0.638221
0.677198
0.782272
0.424606
0.773781
0.604698
0.487880
0.470016
0.622311
0.617581
0.679818
0.572377
0.591262
0.503613
0.693999
0.617565
0.595908
0.687598
0.529088
0.365577
0.710002
0.659359
0.843343
0.582126
0.849543
0.502275
0.571199
0.644354
0.519672
0.540993
0.524178
0.467509
0.391536
0.841564
0.583182
0.624519
0.801732
0.521358
0.583067
0.484449
0.678278
0.572513
0.587567
0.614028
0.620608
0.501131
0.575926
0.685245
0.691719
0.733219
0.688825
0.829812
0.545826
0.512485
0.659726
0.560853
0.609727
0.541108
0.748617
0.666546
0.634658
0.469102
0.681140
0.607065
0.586870
0.679893
0.693947
0.716777
0.695214
0.601287
0.686284
0.478398
0.546379
0.599485
0.441214
0.463633
0.552653
0.587781
0.515489
0.866342
0.628269
0.677440
0.572321
0.743556
0.619133
0.458531
0.662630
0.582032
0.618043
0.716483
0.657924
0.583207
0.477957
0.471537
0.733511
0.848341
0.506467
0.732621
0.573463
0.496243
0.474355
0.639402
0.490436
0.631077
0.531610
0.625938
0.566500
0.572879
0.561596
0.633077
0.604196
0.546613
0.551324
0.790450
0.542982
0.778940
0.535892
0.519075
0.619196
0.531880
0.613137
0.338499
0.419499
0.418938
0.798571
0.407863
0.552891
0.778051
0.541520
0.550545
0.402340
0.597570
0.518078
0.524886
0.611067
0.607501
0.530185
0.484499
0.706619
0.692216
0.722811
0.592103
0.798245
0.668432
0.602726
0.636047
0.527035
0.593481
0.585631
0.702126
0.481273
0.638365
0.619422
0.632681
0.655365
0.712620
0.657818
0.659770
0.619312
0.846794
0.362322
0.512122
0.544389
0.493311
0.531843
0.565451
0.578162
0.380530
0.794176
0.619762
0.611192
0.717512
0.662516
0.492383
0.418529
0.707614
0.496186
0.619870
0.679985
0.723157
0.421878
0.658174
0.673494
0.720565
0.806238
0.647336
0.713094
0.564409
0.683149
0.668912
0.664343
0.693193
0.729915
0.687126
0.553504
0.753919
0.705496
0.530874
0.676213
0.677536
0.824954
0.717156
0.880753
0.667137
0.598785
0.650823
0.721863
0.679259
0.590954
0.647813
0.597526
0.815828
0.508155
0.725228
0.751804
0.623632
0.573566
0.605663
0.696941
0.507237
0.729836
0.766009
0.736304
0.429531
0.506377
0.802570
0.744469
0.738646
0.528096
0.814889
0.611851
0.475412
0.733200
0.600894
0.642239
0.521782
0.562427
0.579201
0.628261
0.723412
0.691633
0.620126
0.739304
0.567755
0.691392
0.524777
0.518685
0.631897
0.596734
0.533850
0.634318
0.559794
0.506924
0.854898
0.463034
0.657513
0.534091
0.619039
0.548367
0.559524
0.464609
0.562279
0.547872
0.702043
0.641754
0.546724
0.490226
0.641854
0.673855
0.766632
0.452752
0.675740
0.620607
0.802082
0.655365
0.661543
0.632574
0.622838
0.547113
0.692974
0.692966
0.790564
0.795490
0.890507
0.668084
0.801296
0.464415
0.679844
0.770660
0.581005
0.546379
0.734187
0.620564
0.672715
0.820283
0.712842
0.724189
0.683313
0.709400
0.615757
0.664169
0.793581
0.672373
0.679455
0.723970
0.819381
0.659041
0.632463
0.630408
0.660610
0.796229
0.622991
0.782394
0.735125
0.675052
0.628306
0.510032
0.702751
0.620482
0.577951
0.672498
0.656237
0.715765
0.734944
0.611842
0.756247
0.526172
0.498017
0.620550
0.477762
0.581848
0.590539
0.491157
0.517584
0.802921
0.572113
0.655977
0.668175
0.619733
0.624556
0.497097
0.651151
0.537546
0.537591
0.699591
0.596408
0.543057
0.611430
0.713499
0.755324
0.832011
0.631657
0.679808
0.751415
0.775762
0.671304
0.651988
0.667622
0.806949
0.615058
0.725681
0.580999
0.765347
0.699972
0.872425
0.686522
0.613138
0.815117
0.731843
0.606731
0.622175
0.692134
0.591579
0.595797
0.619105
0.671173
0.799620
0.765942
0.591249
0.592070
0.829325
0.604828
0.675475
0.696220
0.704424
0.652269
0.675476
0.800208
0.650080
0.702454
0.801371
0.775177
0.738014
0.623527
0.649978
0.546505
0.540032
0.698412
0.685511
0.699097
0.945671
0.676904
0.724440
0.473986
0.678073
0.699118
0.641740
0.607829
0.634933
0.489607
0.404002
0.917163
0.593465
0.656382
0.836246
0.522036
0.672609
0.597950
0.681810
0.661880
0.587150
0.652964
0.743718
0.550912
0.657195
0.693713
0.762935
0.826625
0.726808
0.829274
0.643088
0.640265
0.703328
0.495152
0.693783
0.807909
0.696544
0.812314
0.662345
0.772238
0.548023
0.652518
0.709746
0.648700
0.494914
0.692402
0.674392
0.604909
0.730608
0.639072
0.729571
0.692646
0.763712
0.654364
0.624383
0.729984
0.593332
0.661398
0.767605
0.637617
0.688879
0.610093
0.803202
0.396614
0.761694
0.668308
0.855567
0.677406
0.502202
0.618019
0.758077
0.630101
0.627304
0.679475
0.636666
0.783665
0.445311
0.478346
0.568199
0.477521
0.461367
0.604429
0.482321
0.543775
0.814523
0.599450
0.584345
0.569196
0.609425
0.606060
0.509799
0.557849
0.600716
0.528132
0.652475
0.675350
0.529197
0.553574
0.613339
0.672496
0.750922
0.599071
0.601874
0.633878
0.645488
0.503116
0.660125
0.517528
0.871951
0.722659
0.865456
0.569444
0.613218
0.758810
0.711357
0.593555
0.547701
0.577298
0.529068
0.794118
0.595195
0.591756
0.771625
0.652705
0.436500
0.591955
0.624555
0.510390
0.659489
0.586445
0.686288
0.610115
0.643672
0.791147
0.512770
0.298602
0.541398
0.822259
0.724837
0.778275
0.761326
0.628318
0.744029
0.689360
0.831847
0.500399
0.524564
0.758231
0.624579
0.592461
0.618690
0.561072
0.610797
0.753127
0.604178
0.555386
0.573643
0.539142
0.633418
0.599431
0.683606
0.631875
0.544358
0.634227
0.743478
0.565827
0.702742
0.614109
0.701331
0.758004
0.694230
0.652768
0.629475
0.782644
0.692709
0.855444
0.707210
0.698740
0.485033
0.672228
0.685890
0.564181
0.443057
0.659712
0.508627
0.532016
0.856532
0.641840
0.830511
0.751847
0.637065
0.646165
0.557333
0.689205
0.645640
0.679654
0.792711
0.674803
0.631076
0.598363
0.761970
0.522912
0.835979
0.590308
0.767058
0.783459
0.643160
0.858425
0.737505
0.882703
0.642915
0.616882
0.686509
0.706589
0.682424
0.569189
0.612230
0.632422
0.801167
0.638594
0.710618
0.823078
0.582161
0.645041
0.560756
0.786783
0.569414
0.694372
0.703900
0.652525
0.691257
0.611032
0.828511
0.686724
0.655031
0.624724
0.896946
0.697004
0.842038
0.661035
0.821951
0.679119
0.713240
0.717504
0.673640
0.718090
0.559198
0.522127
0.528673
0.879177
0.578496
0.681589
0.896052
0.626160
0.816851
0.594829
0.588095
0.706610
0.666626
0.615336
0.678581
0.594961
0.687902
0.795131
0.694905
0.768809
0.672150
0.778316
0.847557
0.640290
0.743162
0.656518
0.649309
0.651457
0.717397
0.695406
0.565278
0.603337
0.617964
0.853906
0.581571
0.667684
0.860408
0.632815
0.520314
0.588737
0.593921
0.593365
0.656554
0.556745
0.559094
0.598998
0.716934
0.792146
0.691614
0.652897
0.689323
0.752583
0.866312
0.854893
0.744807
0.673111
0.800688
0.819890
0.694500
0.806483
0.849374
0.796239
0.811753
0.794716
0.838061
0.711520
0.980794
0.824903
0.675951
0.851551
0.795759
0.827221
0.928805
0.896543
0.831750
0.854902
0.712960
0.853168
0.949333
0.764419
0.644173
0.728907
0.582199
0.591807
0.674339
0.544607
0.633898
0.545297
0.581558
0.518996
0.816519
0.524518
0.662962
0.753326
0.714096
0.630752
0.515097
0.667943
0.611858
0.567226
0.584038
0.612368
0.533991
0.702505
0.723478
0.720744
0.885367
0.707621
0.801325
0.763055
0.754706
0.730245
0.845440
0.679846
0.782921
0.813405
0.746937
0.924156
0.772026
0.825079
0.826136
0.882665
0.904518
0.723416
0.747886
0.888934
0.764333
0.796826
0.815285
0.775357
0.888800
0.806370
0.833751
0.971179
0.781723
0.764172
0.551626
0.613536
0.503566
0.448620
0.569005
0.437318
0.425713
0.816368
0.597992
0.589449
0.582356
0.618227
0.506864
0.438896
0.670857
0.507983
0.551607
0.643061
0.712994
0.498886
0.596593
0.600184
0.577997
0.775095
0.567694
0.684115
0.612291
0.590450
0.567177
0.481705
0.564931
0.484388
0.738392
0.604521
0.569578
0.592474
0.599404
0.569636
0.390395
0.654291
0.535790
0.547687
0.688060
0.745283
0.475584
0.632768
0.702693
0.748126
0.669559
0.678469
0.701204
0.676522
0.700191
0.688696
0.608561
0.623505
0.932037
0.663027
0.681741
0.816526
0.599559
0.691010
0.576793
0.524093
0.654730
0.672910
0.724268
0.721425
0.597153
0.685799
0.743032
0.871914
0.902514
0.680560
0.816569
0.567662
0.611317
0.474447
0.517772
0.825041
0.647736
0.573249
0.713355
0.611343
0.618107
0.530407
0.696482
0.647731
0.447521
0.550029
0.682666
0.494106
0.520070
0.676431
0.673010
0.801301
0.648410
0.869962
0.623349
0.581274
0.491083
0.736310
0.621974
0.685394
0.622323
0.699425
0.512458
0.496824
0.654354
0.527340
0.557752
0.726654
0.692380
0.536867
0.497481
0.593501
0.459556
0.732708
0.581459
0.674109
0.487392
0.448035
0.744344
0.469666
0.603596
0.786714
0.642914
0.534029
0.311446
0.690270
0.480534
0.600866
0.588142
0.575292
0.566864
0.561825
0.791299
0.628361
0.706254
0.607967
0.787083
0.446059
0.861951
0.432520
0.616214
0.757798
0.454541
0.648021
0.500082
0.580793
0.574491
0.562069
0.543337
0.533207
0.545444
0.566000
0.652704
0.624683
0.730873
0.612574
0.743152
0.760773
0.469345
0.545579
0.728975
0.596106
0.532607
0.359376
0.556558
0.457701
0.501301
0.599174
0.644005
0.418254
0.525505
0.713652
0.574587
0.726061
0.605509
0.752819
0.754470
0.861644
0.807070
0.922122
0.783369
0.731566
0.929137
0.758592
0.837049
0.879871
0.780285
0.824816
0.765070
0.917352
0.675230
0.851405
0.816678
0.894362
0.663790
0.771920
0.548446
0.615793
0.471781
0.572847
0.553374
0.660259
0.607673
0.516632
0.549842
0.531034
0.723808
0.639903
0.756531
0.563597
0.758768
0.794519
0.620071
0.656539
0.544653
0.601714
0.659922
0.301638
0.289830
0.760836
0.526116
0.740884
0.777750
0.751887
0.693719
0.767248
0.835528
0.867783
0.674247
0.709974
0.757931
0.680797
0.758185
0.876378
0.852517
0.707304
0.688979
0.663226
0.779532
0.866120
0.665429
0.724429
0.743783
0.619180
0.564640
0.641831
0.624376
0.588559
0.658562
0.554015
0.688567
0.837503
0.782837
0.745154
0.714367
0.854057
0.534340
0.726143
0.449282
0.679362
0.735239
0.734546
0.520295
0.583256
0.729707
0.617065
0.630849
0.573195
0.797270
0.657681
0.478132
0.515044
0.608109
0.615104
0.509712
0.540671
0.739247
0.649812
0.737450
0.636539
0.735489
0.694923
0.615842
0.632259
0.656946
0.652546
0.662125
0.737929
0.771848
0.751999
0.628557
0.697420
0.644748
0.704386
0.667613
0.507161
0.523648
0.747208
0.649733
0.710197
0.585397
0.746976
0.322919
0.718533
0.510599
0.625637
0.697399
0.742371
0.734702
0.734448
0.817067
0.589521
0.567735
0.760449
0.813753
0.737046
0.700636
0.768669
0.855997
0.698806
0.662462
0.782200
0.607030
0.767953
0.692167
0.824131
0.644618
0.702335
0.696122
0.774440
0.677288
0.713695
0.697347
0.653872
0.790144
0.489379
0.912980
0.842402
0.919431
0.661542
0.715611
0.691189
0.623333
0.818342
0.765364
0.898354
0.743967
