0.582210
0.405602
0.451701
0.473250
0.445979
0.456716
0.736795
0.612246
0.584620
0.353540
0.453997
0.502501
0.418792
0.443913
0.524467
0.543648
0.428443
0.521973
0.419797
0.767474
0.510377
0.400157
0.538705
0.607943
0.507350
0.690771
0.444298
0.493316
0.784140
0.393200
0.534936
0.364580
0.586712
0.445841
0.500721
0.476763
0.437059
0.483670
0.434293
0.526938
0.309011
0.691752
0.530539
0.419036
0.560449
0.467418
0.676640
0.488977
0.520012
0.556009
0.562229
0.548761
0.579071
0.582735
0.834340
0.587474
0.650417
0.508306
0.568724
0.473756
0.549637
0.504233
0.309144
0.624922
0.507147
0.653124
0.588358
0.850778
0.587313
0.448071
0.623932
0.488324
0.575701
0.702628
0.571656
0.521637
0.746912
0.556536
0.617664
0.406722
0.516467
0.614216
0.719639
0.703255
0.592884
0.569182
0.558668
0.514343
0.459609
0.640025
0.469717
0.576039
0.593101
0.623836
0.766266
0.473952
0.545547
0.452593
0.460450
0.465765
0.565589
0.746383
0.683162
0.626839
0.384291
0.402098
0.608583
0.559073
0.459008
0.549087
0.581319
0.431888
0.596066
0.417452
0.799251
0.488528
0.449427
0.573888
0.624162
0.480603
0.624265
0.334207
0.515311
0.797443
0.420475
0.563794
0.341080
0.650426
0.592194
0.536945
0.502051
0.534424
0.580045
0.394571
0.542291
0.418182
0.652186
0.496192
0.548907
0.420346
0.509009
0.683860
0.546193
0.488903
0.445615
0.554158
0.589007
0.733462
0.641653
0.664484
0.395349
0.463729
0.499889
0.371159
0.499916
0.474316
0.561698
0.461843
0.613888
0.413949
0.786063
0.535084
0.301211
0.502367
0.529874
0.545807
0.606116
0.450495
0.648075
0.679036
0.483400
0.590598
0.366516
0.636721
0.557518
0.613344
0.497615
0.488888
0.490312
0.433382
0.558427
0.412370
0.544496
0.412716
0.533901
0.479780
0.463148
0.656541
0.486403
0.399085
0.586134
0.642314
0.708903
0.499312
0.606103
0.394689
0.425398
0.524615
0.416190
0.443424
0.538175
0.497845
0.538069
0.539000
0.466720
0.735444
0.600211
0.404649
0.343358
0.454050
0.618235
0.540708
0.481127
0.597848
0.632077
0.517171
0.666888
0.356375
0.563302
0.530713
0.653994
0.552203
0.413910
0.591317
0.358907
0.445877
0.396664
0.419689
0.515530
0.476853
0.558926
0.491378
0.578435
0.318579
0.372531
0.429951
0.693463
0.728733
0.441144
0.457789
0.483822
0.428580
0.576880
0.371777
0.515590
0.642557
0.438947
0.474046
0.437280
0.852210
0.532655
0.443845
0.638880
0.691512
0.498602
0.717966
0.262559
0.593935
0.798509
0.456301
0.502580
0.434268
0.571273
0.540364
0.453034
0.558317
0.524321
0.464723
0.549834
0.635780
0.351506
0.708918
0.473294
0.574453
0.463417
0.548808
0.694153
0.588640
0.499511
0.704461
0.736990
0.562923
0.485909
0.547062
0.536880
0.609246
0.557790
0.379990
0.696558
0.471960
0.695332
0.526263
0.806376
0.510694
0.445725
0.651457
0.634773
0.537049
0.748526
0.454685
0.469751
0.763857
0.464598
0.517583
0.476584
0.637308
0.648472
0.546595
0.579263
0.596077
0.488813
0.615620
0.653222
0.294632
0.731508
0.469746
0.613612
0.646241
0.626474
0.752984
0.592609
0.668501
0.876174
0.585098
0.651994
0.685240
0.761343
0.781493
0.757584
0.773659
0.694261
0.742106
0.807992
0.669573
0.699604
0.781706
0.673218
0.777369
0.730808
0.713291
0.732312
0.687506
0.718216
0.730926
0.676042
0.738089
0.734971
0.820866
0.715190
0.670687
0.842812
0.611005
0.744281
0.761853
0.784339
0.657975
0.883608
0.789336
0.642614
0.671843
0.731341
0.862530
0.750463
0.774277
0.695405
0.634703
0.666192
0.701622
0.569508
0.584497
0.683554
0.674761
0.703084
0.699540
0.681225
0.831251
0.631534
0.580345
0.608701
0.619861
0.625689
0.692324
0.675822
0.640949
0.692967
0.690217
0.772168
0.578564
0.665752
0.662723
0.719113
0.777826
0.640418
0.737674
0.607975
0.510444
0.559118
0.638304
0.735063
0.546677
0.716271
0.719369
0.794621
0.546085
0.570130
0.592879
0.628703
0.541849
0.691075
0.491145
0.555073
0.623951
0.587510
0.704638
0.544093
0.783432
0.594373
0.552585
0.655329
0.601557
0.477620
0.616748
0.435660
0.553093
0.755489
0.585022
0.502369
0.606557
0.605204
0.561870
0.610214
0.659900
0.539967
0.536506
0.635107
0.562483
0.497034
0.683517
0.507048
0.550363
0.520603
0.634878
0.747291
0.638049
0.582366
0.334668
0.516985
0.438372
0.463573
0.477793
0.548385
0.336430
0.516876
0.366345
0.705036
0.477821
0.353706
0.476500
0.571523
0.443171
0.621049
0.402729
0.436643
0.717522
0.451580
0.444572
0.227304
0.608584
0.541813
0.573491
0.531531
0.464443
0.463353
0.385109
0.517428
0.379745
0.597909
0.442459
0.497889
0.416801
0.372000
0.645608
0.418473
0.416942
0.540317
0.449601
0.417512
0.514449
0.539122
0.357520
0.487064
0.401654
0.803103
0.491851
0.442331
0.499552
0.576562
0.497603
0.620768
0.431942
0.457721
0.771067
0.505022
0.545383
0.240364
0.659278
0.607571
0.647428
0.565654
0.491939
0.566485
0.374536
0.557383
0.414755
0.514221
0.401752
0.550527
0.561621
0.418936
0.552340
0.517462
0.394230
0.450184
0.296864
0.441164
0.603037
0.427586
0.527985
0.550442
0.854875
0.631242
0.372797
0.606219
0.461799
0.581433
0.636838
0.526549
0.553955
0.763669
0.568887
0.649883
0.402536
0.401556
0.523803
0.625085
0.670333
0.549913
0.477886
0.608433
0.574102
0.386220
0.639198
0.435818
0.526950
0.632716
0.655094
0.719109
0.551549
0.465844
0.456220
0.489835
0.612453
0.475911
0.645613
0.520391
0.729716
0.607813
0.313291
0.440703
0.478112
0.601613
0.616333
0.523668
0.557913
0.595554
0.541036
0.637746
0.349020
0.570901
0.609900
0.681445
0.572522
0.532488
0.442664
0.536199
0.559836
0.374126
0.535984
0.512490
0.523409
0.540173
0.577629
0.707118
0.368260
0.461786
0.471006
0.528913
0.425425
0.390495
0.348012
0.845473
0.566378
0.399151
0.564371
0.529552
0.555973
0.680021
0.399026
0.531624
0.791293
0.466857
0.562467
0.369194
0.462071
0.421153
0.485920
0.518414
0.552334
0.507553
0.546798
0.433808
0.353110
0.555287
0.425392
0.457341
0.600733
0.609146
0.677858
0.570077
0.296666
0.616445
0.355040
0.633754
0.504776
0.801757
0.500289
0.366923
0.530292
0.451939
0.544697
0.616916
0.459510
0.504985
0.694924
0.507180
0.547990
0.375415
0.549068
0.609616
0.713655
0.615442
0.587860
0.436582
0.572520
0.520551
0.357005
0.581348
0.361551
0.610438
0.552483
0.622922
0.632669
0.380898
0.449932
0.640874
0.590552
0.535087
0.841219
0.630885
0.595517
0.571722
0.636277
0.703787
0.733239
0.570907
0.648734
0.853865
0.597989
0.661065
0.548232
0.647433
0.504930
0.695468
0.625638
0.507269
0.696963
0.608842
0.487519
0.538769
0.635630
0.598746
0.433540
0.638089
0.587697
0.738032
0.651481
0.520656
0.487053
0.473002
0.804664
0.584699
0.368904
0.604279
0.533897
0.567105
0.663721
0.429440
0.459185
0.752231
0.514741
0.543854
0.221820
0.566046
0.600428
0.586701
0.537969
0.630714
0.487880
0.526329
0.586034
0.382905
0.663677
0.414156
0.584540
0.526258
0.507565
0.684256
0.545734
0.459238
0.505404
0.955512
0.748302
0.515651
0.710346
0.677087
0.678188
0.821558
0.497555
0.663106
0.914468
0.566932
0.684290
0.461162
0.541527
0.445935
0.587430
0.606968
0.653037
0.638787
0.579954
0.592272
0.574513
0.744838
0.577858
0.636842
0.717242
0.591463
0.707421
0.659285
0.371469
0.839629
0.462372
0.411503
0.520487
0.645239
0.517152
0.681199
0.357271
0.525866
0.814988
0.481846
0.420364
0.368208
0.631954
0.592487
0.582885
0.389911
0.478195
0.528855
0.394110
0.598534
0.405653
0.619813
0.445318
0.548950
0.547077
0.410945
0.610617
0.549266
0.407115
0.877470
0.762333
0.732952
0.850302
0.802774
0.717409
0.797149
0.809630
0.551311
0.854785
0.801191
0.744783
0.920433
0.881431
0.921466
0.957215
0.849264
0.831157
0.750476
0.814017
0.673363
0.836196
0.848855
0.871934
0.765646
0.839536
0.883960
0.738533
0.850277
0.517328
0.577436
0.680199
0.466281
0.667318
0.455818
0.531747
0.827703
0.548114
0.485332
0.430399
0.704539
0.702111
0.647722
0.585166
0.475211
0.613951
0.549364
0.619820
0.468678
0.668646
0.477870
0.604078
0.507893
0.514348
0.719425
0.565669
0.534947
0.470132
0.466374
0.479923
0.606411
0.395106
0.505184
0.657769
0.423703
0.530180
0.306084
0.554139
0.479442
0.516123
0.559814
0.478345
0.403311
0.421920
0.464570
0.278011
0.576712
0.345691
0.476126
0.473996
0.533942
0.620631
0.413820
0.439896
0.512618
0.608512
0.626048
0.573058
0.684006
0.665764
0.570289
0.705182
0.409023
0.642745
0.676310
0.804446
0.683330
0.487176
0.542354
0.507966
0.578075
0.476331
0.482481
0.536062
0.567638
0.634878
0.514045
0.567532
0.300166
0.482703
0.678098
0.566841
0.648337
0.616417
0.614957
0.590703
0.740421
0.475090
0.477762
0.577471
0.778451
0.733325
0.579705
0.566986
0.632031
0.441132
0.498029
0.575540
0.565795
0.456333
0.641311
0.693043
0.771890
0.458027
0.560901
0.709914
0.365441
0.463972
0.749380
0.602034
0.413492
0.491783
0.639074
0.685150
0.598232
0.699132
0.564545
0.530092
0.580019
0.615080
0.448398
0.763278
0.547840
0.580243
0.422435
0.631018
0.752696
0.617697
0.562695
0.731085
0.704422
0.686208
0.719778
0.722069
0.546794
0.738948
0.698046
0.829315
0.750196
0.578834
0.702374
0.513368
0.571524
0.622705
0.546891
0.684080
0.734027
0.618815
0.682644
0.760725
0.565762
0.630603
0.498270
0.809239
0.498126
0.449946
0.385272
0.571877
0.566989
0.507880
0.532434
0.539188
0.454774
0.523917
0.564709
0.337645
0.713695
0.391430
0.539659
0.335947
0.504892
0.661176
0.536228
0.427484
0.747082
0.541558
0.509034
0.398954
0.550704
0.670497
0.663339
0.655820
0.572576
0.548747
0.541571
0.632137
0.442964
0.725632
0.458507
0.567840
0.628044
0.626994
0.731008
0.599468
0.581716
0.801040
0.855950
0.692089
0.791214
0.863686
0.866334
0.940995
0.752264
0.702530
0.775978
0.785232
0.652355
0.782157
0.773986
0.755940
0.782790
0.850872
0.844724
0.570958
0.728662
0.588985
0.446234
0.638981
0.496998
0.474240
0.509908
0.495089
0.541781
0.492453
0.554282
0.440762
0.691664
0.500649
0.508127
0.562009
0.487918
0.634670
0.565634
0.563380
0.515997
0.698272
0.706865
0.660467
0.549368
0.550138
0.503661
0.579691
0.671340
0.487909
0.709975
0.543365
0.654854
0.472478
0.506896
0.696769
0.679666
0.554970
0.535269
0.550733
0.640042
0.507945
0.481676
0.499334
0.360604
0.462390
0.324187
0.490001
0.351437
0.501939
0.467931
0.369578
0.593161
0.366313
0.331110
0.531804
0.676958
0.743350
0.534793
0.448384
0.669231
0.571978
0.498425
0.673902
0.528621
0.549866
0.713073
0.696544
0.772975
0.604136
0.445265
0.563156
0.659527
0.512031
0.561009
0.630635
0.265386
0.501212
0.692167
0.643250
0.416856
0.633528
0.605453
0.739131
0.590157
0.470356
0.559117
0.578321
0.657853
0.614129
0.668455
0.455355
0.871618
0.630724
0.559225
0.602981
0.689599
0.809345
0.771336
0.718895
0.581190
0.659401
0.530119
0.683623
0.527842
0.669316
0.574997
0.687957
0.602366
0.523108
0.715284
0.654968
0.586950
0.576657
0.431099
0.524892
0.423233
0.580866
0.540742
0.427631
0.561093
0.432709
0.566143
0.503510
0.516275
0.594487
0.661117
0.405142
0.675576
0.447094
0.573412
0.584966
0.569512
0.703528
0.449376
0.460892
0.580133
0.436914
0.496531
0.475260
0.616497
0.593853
0.420804
0.559998
0.488687
0.459940
0.472425
0.527684
0.607921
0.416456
0.536626
0.625452
0.733644
0.522459
0.459964
0.563867
0.369497
0.405618
0.489326
0.534698
0.637261
0.445168
0.450810
0.535030
0.641648
0.706642
0.616061
0.627779
0.460006
0.438419
0.612058
0.576640
0.535583
0.583163
0.462081
0.375168
0.576821
0.558137
0.749000
0.571497
0.549388
0.532432
0.780145
0.574387
0.574706
0.568288
0.523311
0.500352
0.606773
0.585293
0.451156
