0.283680
0.141070
0.234101
0.080740
0.208502
0.179896
0.176411
0.180379
0.202098
0.194185
0.070305
0.231164
0.153007
0.063119
0.093208
0.206484
0.195499
0.151383
0.156911
0.216041
0.241329
0.114816
0.260980
0.192616
0.231175
0.296396
0.262656
0.129686
0.172257
0.107166
0.282264
0.307022
0.136149
0.092254
0.125500
0.194300
0.219470
0.096981
0.139446
0.126680
0.194145
0.269006
0.100795
0.173016
0.116021
0.314984
0.211839
0.058455
0.045067
0.089118
0.121677
0.161471
0.041952
0.631233
0.095490
0.070327
0.165266
0.101172
0.418462
0.099058
0.155853
0.233067
0.314917
0.086916
0.148722
0.099866
0.082893
0.049997
0.046697
0.160853
0.034150
0.093497
0.075551
0.517894
0.100571
0.167534
0.126052
0.330424
0.038620
0.105055
0.112470
0.143375
0.150707
0.050165
0.160655
0.515899
0.136216
0.205611
0.154769
0.476593
0.181668
0.105508
0.127395
0.265581
0.101062
0.231617
0.455268
0.048227
0.056774
0.031694
0.420726
0.024902
0.045864
0.056680
0.036579
0.261936
0.038093
0.044744
0.118458
0.218456
0.030366
0.045079
0.049913
0.023350
0.040603
0.102895
0.048745
0.060645
0.033622
0.032429
0.473136
0.097443
0.106950
0.020763
0.231931
0.060469
0.065563
0.096637
0.069281
0.046781
0.030860
0.044889
0.364026
0.041789
0.074251
0.069434
0.360404
0.071810
0.035527
0.036456
0.335965
0.048136
0.093031
0.263774
0.088180
0.073119
0.491602
0.026482
0.060630
0.022738
0.029371
0.378799
0.042312
0.036120
0.230779
0.319330
0.048024
0.022290
0.049495
0.047831
0.042825
0.171579
0.065827
0.053192
0.022068
0.043258
0.610236
0.056812
0.162557
0.030773
0.369241
0.089577
0.081403
0.136360
0.103849
0.054344
0.087279
0.033727
0.451631
0.032332
0.060653
0.052597
0.515884
0.123753
0.014334
0.061588
0.415067
0.025946
0.128081
0.361397
0.098872
0.323135
0.061744
0.063262
0.068304
0.071100
0.200931
0.108147
0.048629
0.095904
0.155214
0.084249
0.069120
0.044498
0.049378
0.087890
0.156554
0.028984
0.116202
0.070857
0.107113
0.446893
0.104797
0.076245
0.064323
0.213953
0.159964
0.186548
0.066287
0.029547
0.034834
0.111836
0.101116
0.246397
0.034552
0.033733
0.082247
0.381388
0.058541
0.053788
0.035038
0.304154
0.073582
0.034324
0.169793
0.515154
0.062624
0.063450
0.099573
0.068519
0.340874
0.057453
0.092160
0.175673
0.278922
0.055830
0.091005
0.076256
0.049212
0.037238
0.072694
0.094664
0.032687
0.059853
0.052382
0.497110
0.092309
0.144930
0.064667
0.256681
0.043401
0.057071
0.110056
0.104643
0.094382
0.030975
0.089354
0.450340
0.082565
0.133716
0.101401
0.411218
0.131833
0.058588
0.087363
0.323228
0.055716
0.158104
0.346341
0.458446
0.466887
0.450041
0.478249
0.108654
0.534365
0.396858
0.219661
0.217990
0.474782
0.451176
0.406497
0.441651
0.514605
0.560978
0.348635
0.587489
0.476192
0.530701
0.394802
0.529605
0.364283
0.445057
0.256022
0.606003
0.626192
0.404006
0.331168
0.374823
0.493024
0.492262
0.129428
0.395044
0.333871
0.467470
0.239759
0.288968
0.417122
0.381898
0.639254
0.485662
0.226401
0.102025
0.028198
0.026338
0.009570
0.305658
0.026361
0.020045
0.151923
0.237712
0.037409
0.017581
0.028284
0.017532
0.028473
0.116117
0.040972
0.050545
0.011098
0.028635
0.541520
0.070313
0.094042
0.021167
0.302112
0.071964
0.085291
0.092620
0.059035
0.026879
0.058848
0.035119
0.398728
0.020458
0.051931
0.037181
0.433882
0.082238
0.025895
0.022976
0.329042
0.040427
0.090826
0.308576
0.070589
0.024203
0.289644
0.050833
0.053355
0.131023
0.183986
0.052389
0.052318
0.013483
0.014483
0.020240
0.090505
0.058924
0.046982
0.027612
0.034158
0.474875
0.056822
0.056967
0.051052
0.296713
0.079542
0.121506
0.053576
0.039600
0.039079
0.048283
0.085719
0.394268
0.039573
0.085737
0.064952
0.395577
0.076574
0.039652
0.024629
0.254135
0.061196
0.093712
0.317567
0.025316
0.347270
0.042723
0.012769
0.215822
0.302350
0.082532
0.012920
0.052781
0.051033
0.058574
0.202137
0.051531
0.082406
0.023706
0.065445
0.635235
0.092450
0.141846
0.039464
0.357184
0.140944
0.098602
0.147412
0.081729
0.026863
0.121756
0.028943
0.424056
0.018075
0.036391
0.027594
0.512667
0.122950
0.033737
0.051243
0.417846
0.040679
0.093589
0.314896
0.328524
0.017194
0.018727
0.170112
0.246925
0.058742
0.015476
0.027526
0.015660
0.024180
0.126363
0.049700
0.051435
0.006646
0.023141
0.555342
0.072114
0.092084
0.025112
0.328044
0.087113
0.079328
0.099093
0.057798
0.022691
0.069814
0.035759
0.430425
0.021136
0.064459
0.029681
0.451821
0.100220
0.030696
0.023332
0.325803
0.048183
0.097534
0.325502
0.378161
0.282131
0.066362
0.064301
0.314515
0.335306
0.266119
0.267808
0.349643
0.345126
0.226817
0.411756
0.337544
0.360907
0.261426
0.393539
0.183156
0.303762
0.153938
0.411535
0.470182
0.233615
0.186382
0.249360
0.296480
0.376983
0.117030
0.274887
0.243848
0.349102
0.139983
0.158317
0.299183
0.226966
0.376828
0.362112
0.122266
0.081664
0.036912
0.209442
0.301374
0.078105
0.026399
0.065585
0.032528
0.033977
0.127027
0.073205
0.049218
0.017819
0.022761
0.579405
0.090551
0.133613
0.031019
0.348906
0.072141
0.039887
0.132402
0.100248
0.050784
0.065585
0.031089
0.486329
0.044481
0.102010
0.035055
0.480823
0.134122
0.056543
0.050679
0.335840
0.058298
0.146941
0.367860
0.156714
0.231631
0.080792
0.012416
0.038663
0.034939
0.052465
0.169122
0.025914
0.084781
0.019345
0.063151
0.553440
0.095644
0.096093
0.031480
0.300698
0.133513
0.109800
0.112127
0.049741
0.010620
0.105027
0.037385
0.368896
0.010630
0.030000
0.023942
0.440917
0.093139
0.034074
0.027976
0.369248
0.049269
0.060314
0.258604
0.049482
0.150602
0.190557
0.127316
0.113250
0.183706
0.166351
0.107326
0.238364
0.183639
0.184055
0.278163
0.232687
0.074607
0.151727
0.127752
0.221224
0.297748
0.107492
0.081731
0.130101
0.137150
0.226202
0.191519
0.151269
0.151600
0.215658
0.150200
0.062301
0.164240
0.096407
0.287032
0.214545
0.068391
0.123697
0.247262
0.277580
0.173223
0.191670
0.256981
0.257247
0.172593
0.321625
0.262105
0.277303
0.221106
0.291049
0.079078
0.244621
0.196813
0.332670
0.423912
0.130919
0.108949
0.187438
0.223512
0.334869
0.193120
0.212530
0.214790
0.277745
0.178510
0.114897
0.244128
0.151549
0.261527
0.312258
0.097901
0.141965
0.070702
0.057164
0.042040
0.056882
0.110583
0.075655
0.068911
0.059507
0.043775
0.495197
0.083763
0.133138
0.036866
0.294581
0.053613
0.109789
0.110214
0.100025
0.085705
0.044747
0.077390
0.412919
0.073323
0.096667
0.116314
0.390007
0.085744
0.038816
0.062982
0.368767
0.058194
0.133069
0.342775
0.045876
0.034943
0.048238
0.175339
0.045575
0.075395
0.015333
0.043012
0.594073
0.078344
0.125384
0.026904
0.344617
0.114272
0.090293
0.125710
0.079225
0.025249
0.097333
0.024257
0.412271
0.018035
0.049189
0.025862
0.480957
0.102082
0.033474
0.035980
0.379527
0.042638
0.097542
0.308520
0.025397
0.027695
0.120328
0.042633
0.060127
0.025823
0.056137
0.473467
0.053574
0.056959
0.051167
0.278120
0.106943
0.142963
0.053151
0.025312
0.024715
0.067827
0.078249
0.350676
0.022427
0.055757
0.056037
0.399483
0.065629
0.024830
0.021692
0.297585
0.050888
0.063496
0.269659
0.028353
0.089168
0.041375
0.051335
0.024162
0.022967
0.485570
0.067676
0.065435
0.027057
0.276279
0.068548
0.095925
0.068109
0.042588
0.031235
0.041641
0.057605
0.384661
0.030407
0.069513
0.056765
0.374142
0.063510
0.031966
0.015250
0.273384
0.052292
0.080922
0.290548
0.087476
0.077661
0.019163
0.015953
0.032407
0.529604
0.060215
0.100722
0.053426
0.311066
0.058118
0.075385
0.084255
0.065122
0.045759
0.044720
0.072435
0.445838
0.042791
0.095520
0.051241
0.452848
0.119892
0.034207
0.049158
0.304091
0.039691
0.125346
0.358080
0.150960
0.085918
0.124252
0.109877
0.422955
0.154756
0.136847
0.139547
0.251093
0.053169
0.157226
0.103954
0.131130
0.161893
0.074258
0.195578
0.449612
0.161808
0.209322
0.181697
0.393121
0.177939
0.139580
0.128705
0.206345
0.148297
0.217108
0.389306
0.102494
0.051528
0.091068
0.457215
0.100434
0.073009
0.042356
0.234056
0.133092
0.152204
0.082501
0.037142
0.030285
0.094678
0.066860
0.307509
0.024713
0.026182
0.061747
0.379326
0.062871
0.044209
0.029269
0.340707
0.064327
0.043365
0.203062
0.038962
0.052784
0.567968
0.059633
0.149231
0.080675
0.347673
0.044060
0.068837
0.108918
0.106988
0.088227
0.048321
0.085564
0.502553
0.068833
0.125419
0.079413
0.520475
0.154436
0.049447
0.085970
0.308809
0.037143
0.176777
0.419809
0.029177
0.554197
0.063791
0.107248
0.029171
0.319728
0.079846
0.070725
0.097544
0.062239
0.023761
0.065276
0.033397
0.418942
0.017269
0.061359
0.024997
0.468519
0.105975
0.023767
0.032133
0.334872
0.033880
0.102194
0.322393
0.545774
0.074513
0.132266
0.027936
0.341063
0.053008
0.055735
0.115857
0.103252
0.066992
0.043575
0.050450
0.468454
0.061315
0.120296
0.072916
0.432096
0.109273
0.049193
0.047707
0.325269
0.064478
0.152934
0.376718
0.569429
0.386283
0.511333
0.239504
0.515267
0.626835
0.384595
0.413512
0.514155
0.434029
0.613085
0.308563
0.533645
0.536746
0.591868
0.269748
0.399233
0.528311
0.455720
0.407144
0.593859
0.418037
0.293508
0.156403
0.084828
0.397622
0.104075
0.149935
0.085400
0.117351
0.097998
0.094303
0.103091
0.457791
0.068735
0.119932
0.107550
0.513294
0.115233
0.054115
0.080004
0.323186
0.061019
0.164234
0.392786
0.119144
0.238315
0.185772
0.247987
0.056885
0.023539
0.065583
0.122151
0.177747
0.319815
0.085954
0.105311
0.114449
0.315565
0.087852
0.116799
0.047542
0.213763
0.159279
0.061221
0.230352
0.289634
0.082172
0.076968
0.114134
0.080712
0.042433
0.067207
0.029661
0.390683
0.036474
0.063552
0.058045
0.412845
0.084695
0.034350
0.031296
0.366285
0.055890
0.100215
0.289193
0.322358
0.371365
0.243474
0.214346
0.274319
0.259528
0.351764
0.172020
0.290561
0.267514
0.329772
0.256340
0.238541
0.291500
0.256810
0.391686
0.325433
0.202346
0.106702
0.074708
0.143179
0.159276
0.143958
0.035232
0.108622
0.511701
0.126109
0.181728
0.142253
0.454617
0.156292
0.087504
0.113907
0.315953
0.087036
0.230874
0.440877
0.224978
0.195090
0.131001
0.080519
0.054940
0.572367
0.119273
0.185288
0.102999
0.533529
0.217496
0.103898
0.135491
0.433283
0.085428
0.244907
0.451437
0.049503
0.088524
0.101881
0.173577
0.301713
0.082114
0.110127
0.129271
0.387329
0.092784
0.092517
0.057351
0.175646
0.122001
0.094487
0.245368
0.025142
0.102412
0.122621
0.279056
0.037909
0.050707
0.069366
0.349057
0.072993
0.062373
0.026834
0.258952
0.092698
0.027280
0.189275
0.100361
0.057282
0.331174
0.011800
0.032572
0.026473
0.414304
0.079329
0.040463
0.017781
0.330528
0.058668
0.041769
0.228137
0.093218
0.424970
0.089483
0.148136
0.125704
0.338920
0.084768
0.065013
0.071684
0.302421
0.073422
0.150339
0.340913
0.456429
0.044318
0.081343
0.051534
0.500622
0.123962
0.050799
0.062818
0.433763
0.049438
0.139726
0.338125
0.346231
0.290999
0.414986
0.340084
0.255599
0.375857
0.317385
0.460422
0.426997
0.207696
0.067739
0.024482
0.024323
0.447463
0.076442
0.023493
0.022265
0.333963
0.038960
0.053007
0.246850
0.058886
0.454926
0.096755
0.044347
0.049213
0.384682
0.065502
0.039955
0.208255
0.524229
0.146022
0.061965
0.051782
0.342363
0.067092
0.104771
0.299837
0.256568
0.436032
0.372443
0.531943
0.502806
0.310751
0.276575
0.085085
0.046980
0.329911
0.119815
0.063786
0.195384
0.042055
0.370403
0.021427
0.082186
0.293952
0.276418
0.070483
0.049770
0.230406
0.397451
0.344584
0.436669
0.121983
0.341872
0.124489
