0.035862
0.269752
0.071811
0.019633
0.039198
0.021098
0.060000
0.059098
0.025580
0.094229
0.021866
0.017808
0.052993
0.043882
0.080660
0.084840
0.054167
0.040123
0.136885
0.063031
0.164249
0.025745
0.021497
0.134947
0.115897
0.055827
0.188612
0.042413
0.162911
0.041193
0.080696
0.022187
0.083388
0.129998
0.539217
0.064780
0.098209
0.077085
0.031271
0.086235
0.474882
0.074898
0.057374
0.039016
0.027691
0.215872
0.077457
0.041004
0.019908
0.174121
0.015297
0.038811
0.018852
0.015097
0.021512
0.057730
0.020220
0.052965
0.016306
0.040371
0.027606
0.042948
0.022245
0.065371
0.010187
0.006741
0.060266
0.023462
0.118080
0.034514
0.026619
0.066738
0.046464
0.020234
0.146071
0.019753
0.075385
0.028112
0.026174
0.029094
0.025296
0.065385
0.423994
0.031331
0.035867
0.016432
0.015045
0.021621
0.341484
0.049095
0.029400
0.055529
0.020262
0.189156
0.157569
0.012321
0.044113
0.148692
0.269302
0.260552
0.204589
0.147289
0.286816
0.248920
0.141633
0.241706
0.305386
0.163538
0.303625
0.112336
0.139901
0.158572
0.178280
0.091522
0.129833
0.140716
0.290422
0.284557
0.143306
0.114150
0.123526
0.206448
0.197953
0.050970
0.259505
0.109655
0.243030
0.116643
0.192474
0.130562
0.145499
0.080701
0.128031
0.230597
0.144074
0.138463
0.206904
0.248117
0.336558
0.250257
0.191107
0.373136
0.179446
0.309085
0.058032
0.045872
0.033334
0.014672
0.092223
0.039710
0.055135
0.031538
0.068602
0.025693
0.053669
0.016508
0.060351
0.024857
0.017929
0.042694
0.039045
0.133863
0.067426
0.054566
0.066804
0.045221
0.023260
0.174302
0.025974
0.065014
0.036847
0.016038
0.050951
0.019143
0.058767
0.378611
0.036420
0.025666
0.023456
0.026200
0.016295
0.312128
0.078552
0.043695
0.089387
0.037841
0.224805
0.202768
0.034239
0.065864
0.053156
0.015492
0.049462
0.082881
0.026852
0.077707
0.015894
0.024356
0.044534
0.021030
0.075212
0.072933
0.068771
0.036231
0.129759
0.075337
0.207950
0.033221
0.030958
0.123429
0.130049
0.054280
0.243590
0.027279
0.173276
0.029292
0.073394
0.019792
0.083972
0.120499
0.543848
0.067147
0.097100
0.088719
0.020135
0.078067
0.490605
0.097684
0.054075
0.050155
0.028016
0.280998
0.094613
0.057223
0.014360
0.031209
0.048563
0.033287
0.023600
0.090194
0.026953
0.036564
0.060478
0.044833
0.065793
0.111594
0.024431
0.023831
0.109218
0.051227
0.141119
0.020737
0.014106
0.096894
0.071915
0.052960
0.142236
0.035588
0.125449
0.031480
0.069817
0.040741
0.054835
0.081689
0.515127
0.054282
0.085941
0.036537
0.027974
0.043432
0.403468
0.059702
0.029903
0.037008
0.022256
0.203256
0.171782
0.028939
0.044238
0.023891
0.055776
0.022216
0.046812
0.015913
0.032226
0.034018
0.033485
0.046245
0.057809
0.033694
0.016020
0.088316
0.035187
0.140884
0.025235
0.024698
0.080728
0.078672
0.027513
0.172605
0.010156
0.116153
0.025617
0.044659
0.014436
0.045724
0.082831
0.466703
0.042664
0.057514
0.044657
0.013717
0.043946
0.403368
0.061222
0.040047
0.052420
0.023414
0.213306
0.120580
0.030380
0.027536
0.075891
0.043859
0.042480
0.035708
0.071544
0.020338
0.052182
0.022403
0.035228
0.032849
0.018093
0.040991
0.038465
0.119799
0.067826
0.052721
0.054042
0.042245
0.013529
0.167261
0.020752
0.069559
0.035048
0.019974
0.044940
0.017572
0.060552
0.385300
0.029594
0.024981
0.032967
0.027404
0.021027
0.322784
0.091935
0.059067
0.098186
0.043503
0.207849
0.180422
0.042156
0.063122
0.060848
0.122159
0.070073
0.070469
0.087907
0.079503
0.118039
0.121051
0.059318
0.062347
0.163549
0.078236
0.141542
0.050983
0.043035
0.131764
0.100542
0.076132
0.123936
0.059978
0.172729
0.066779
0.104109
0.073062
0.085421
0.120550
0.565691
0.073833
0.119113
0.069609
0.062233
0.078663
0.433594
0.094940
0.063941
0.065633
0.053168
0.181285
0.170093
0.066468
0.066407
0.074113
0.014472
0.020139
0.045481
0.029576
0.052090
0.087140
0.032426
0.018772
0.110191
0.047049
0.172929
0.027840
0.022053
0.106737
0.094066
0.040678
0.198520
0.034191
0.138988
0.024522
0.055552
0.028648
0.060274
0.083305
0.504853
0.054629
0.083375
0.050133
0.016299
0.051183
0.449550
0.063039
0.030178
0.038026
0.015579
0.239526
0.138472
0.033381
0.025833
0.078436
0.116910
0.084095
0.106804
0.048817
0.092746
0.066073
0.045241
0.060075
0.033712
0.116578
0.095988
0.103795
0.027504
0.089238
0.042673
0.226200
0.046734
0.101566
0.084017
0.055616
0.079692
0.064222
0.043356
0.348857
0.093291
0.065170
0.058907
0.065662
0.070205
0.361072
0.081262
0.098359
0.148882
0.094793
0.245164
0.210821
0.081846
0.115852
0.016720
0.028782
0.016104
0.046676
0.076600
0.035299
0.019903
0.100185
0.056739
0.180345
0.020935
0.016485
0.108060
0.088055
0.042645
0.200184
0.022417
0.129864
0.018760
0.048196
0.018494
0.050945
0.098834
0.498083
0.046307
0.068964
0.050571
0.010308
0.046715
0.427432
0.068772
0.025706
0.030454
0.008139
0.249456
0.123886
0.026580
0.014881
0.058517
0.027021
0.092987
0.100492
0.059834
0.044378
0.157951
0.082292
0.209608
0.025534
0.014777
0.161642
0.131385
0.070807
0.212897
0.049356
0.183116
0.031282
0.092339
0.025435
0.092304
0.137184
0.571899
0.066456
0.114697
0.086103
0.027876
0.082389
0.506701
0.087453
0.037377
0.017292
0.015554
0.257770
0.101691
0.039899
0.010970
0.044743
0.029020
0.031933
0.040815
0.028647
0.068222
0.063625
0.164538
0.073977
0.053427
0.105652
0.062388
0.024608
0.180994
0.037946
0.085386
0.037195
0.022257
0.048263
0.027633
0.107292
0.414472
0.024033
0.030333
0.045020
0.026075
0.029766
0.335882
0.109972
0.055406
0.085527
0.033311
0.220583
0.156498
0.038942
0.049902
0.083837
0.088931
0.073792
0.041010
0.141560
0.097973
0.242772
0.037151
0.028417
0.139112
0.131920
0.068742
0.257653
0.031941
0.185518
0.019322
0.080533
0.033726
0.079381
0.121792
0.574743
0.070059
0.107296
0.090600
0.019271
0.065846
0.488427
0.122419
0.035188
0.040792
0.023014
0.318539
0.145153
0.057954
0.014405
0.062250
0.025319
0.024116
0.027442
0.034914
0.118992
0.091189
0.080355
0.055418
0.039949
0.021551
0.177257
0.048900
0.042640
0.062699
0.009853
0.068203
0.021331
0.063232
0.329701
0.042968
0.017386
0.023865
0.042523
0.026665
0.278133
0.075697
0.070772
0.119939
0.057612
0.205685
0.205378
0.040850
0.094577
0.082395
0.060836
0.075505
0.084185
0.160841
0.124608
0.096015
0.120344
0.078703
0.031096
0.191675
0.065395
0.096856
0.075131
0.053362
0.066355
0.057004
0.146462
0.405503
0.038834
0.041313
0.087317
0.069805
0.064268
0.344997
0.156734
0.111752
0.143224
0.082335
0.204225
0.154416
0.074648
0.088140
0.017143
0.064619
0.022967
0.096545
0.049798
0.042554
0.071865
0.035216
0.026441
0.112128
0.043014
0.059820
0.052737
0.030369
0.048982
0.026874
0.071635
0.395594
0.029081
0.038054
0.009719
0.034122
0.026415
0.313991
0.042590
0.042612
0.068904
0.031270
0.152493
0.179890
0.019038
0.070769
0.056613
0.025481
0.128971
0.042053
0.027901
0.060622
0.047124
0.014231
0.166090
0.020813
0.085703
0.019606
0.024168
0.034613
0.025833
0.053902
0.425520
0.037131
0.040073
0.022154
0.011733
0.018555
0.361254
0.063617
0.035309
0.065709
0.026712
0.210221
0.169825
0.022498
0.047561
0.062270
0.102978
0.150984
0.127882
0.042553
0.037953
0.045384
0.192116
0.083454
0.040684
0.100575
0.037675
0.110735
0.041038
0.068646
0.287054
0.080392
0.023001
0.051003
0.091148
0.051357
0.241492
0.124910
0.131751
0.192779
0.119864
0.222457
0.267301
0.082956
0.160400
0.081514
0.066630
0.067466
0.053521
0.049860
0.024349
0.133809
0.040751
0.067491
0.067673
0.034146
0.064478
0.035841
0.055376
0.344358
0.056472
0.041174
0.020308
0.048760
0.041468
0.318316
0.039939
0.060852
0.102070
0.058598
0.157265
0.193799
0.034877
0.091731
0.180572
0.172114
0.092859
0.088181
0.112281
0.096113
0.151157
0.082966
0.194511
0.127239
0.158899
0.113192
0.124966
0.320613
0.130229
0.099128
0.091020
0.171737
0.138748
0.265464
0.128200
0.205472
0.224428
0.180869
0.095220
0.248398
0.127361
0.224214
0.016348
0.129290
0.116322
0.073975
0.181070
0.032497
0.168676
0.040246
0.091206
0.026785
0.084345
0.123409
0.544444
0.072342
0.115400
0.066083
0.033576
0.078687
0.466398
0.054101
0.029855
0.018117
0.020472
0.235503
0.131891
0.042704
0.024319
0.125675
0.092395
0.056070
0.166049
0.033463
0.154004
0.020038
0.076953
0.026261
0.067513
0.111320
0.551204
0.054817
0.095716
0.060304
0.022421
0.056178
0.450355
0.078290
0.032329
0.019722
0.016830
0.225718
0.130189
0.029689
0.020887
0.069826
0.063186
0.196793
0.074708
0.085453
0.111186
0.070155
0.113028
0.069076
0.041235
0.354870
0.106764
0.067750
0.062237
0.093801
0.073649
0.297826
0.108020
0.132467
0.185342
0.128133
0.229102
0.259719
0.097925
0.161223
0.037540
0.103977
0.078219
0.037681
0.087395
0.036938
0.101635
0.026395
0.087607
0.323130
0.048087
0.028534
0.025601
0.079824
0.033524
0.233731
0.089601
0.095025
0.146685
0.089246
0.143235
0.256381
0.051798
0.137382
0.154608
0.032023
0.063123
0.042121
0.016647
0.051458
0.020009
0.067592
0.361663
0.027148
0.023126
0.025490
0.031391
0.021525
0.322089
0.081514
0.059068
0.101780
0.046604
0.177742
0.175493
0.033166
0.070484
0.184156
0.119112
0.218039
0.167324
0.186634
0.138098
0.232984
0.421594
0.114351
0.139109
0.113556
0.200430
0.148586
0.237244
0.153461
0.190992
0.192167
0.176373
0.041734
0.282163
0.127540
0.228421
0.113783
0.024528
0.042167
0.030059
0.038299
0.071760
0.445718
0.049507
0.056015
0.042911
0.018614
0.034857
0.381680
0.073957
0.034556
0.062366
0.030275
0.236584
0.162500
0.039591
0.036929
0.148832
0.051056
0.140801
0.045380
0.118218
0.217308
0.060790
0.029586
0.047835
0.127612
0.060849
0.147034
0.121352
0.143844
0.201371
0.132797
0.132593
0.284261
0.082295
0.192808
0.053356
0.039588
0.050156
0.079446
0.505573
0.063213
0.077210
0.058691
0.008938
0.037071
0.444866
0.106917
0.031774
0.053446
0.024822
0.277546
0.178771
0.042893
0.027586
0.075201
0.014551
0.068403
0.324472
0.037887
0.014867
0.021601
0.038339
0.018516
0.280162
0.082241
0.061854
0.116076
0.053624
0.205934
0.214637
0.043331
0.088372
0.074829
0.125809
0.521854
0.051679
0.079941
0.071465
0.029461
0.074392
0.443080
0.074353
0.053923
0.042678
0.027748
0.224562
0.086839
0.038329
0.022390
0.062563
0.323982
0.033803
0.016865
0.016950
0.040888
0.010519
0.257786
0.089088
0.053433
0.110555
0.054026
0.180344
0.229949
0.033712
0.091897
0.369326
0.125940
0.086728
0.059773
0.071735
0.059080
0.360719
0.117159
0.102808
0.167232
0.111895
0.275897
0.300430
0.098681
0.144454
0.400410
0.296294
0.342759
0.480826
0.365319
0.192994
0.425651
0.485102
0.599241
0.507145
0.385471
0.681929
0.430553
0.584811
0.036789
0.039433
0.049416
0.033620
0.298914
0.094752
0.062739
0.080163
0.038598
0.148468
0.155407
0.035685
0.066803
0.028876
0.061384
0.028080
0.233308
0.098295
0.086868
0.141245
0.075493
0.168271
0.215770
0.045577
0.113113
0.043279
0.018217
0.274183
0.047915
0.045163
0.093671
0.047390
0.159473
0.225062
0.025077
0.093788
0.031670
0.419212
0.080796
0.026222
0.049734
0.016752
0.251869
0.153731
0.030895
0.024441
0.283112
0.094173
0.042608
0.097937
0.046857
0.207492
0.242385
0.033617
0.083773
0.380161
0.416040
0.506799
0.432452
0.262801
0.593007
0.332700
0.513775
0.066499
0.082643
0.065307
0.193788
0.186402
0.053797
0.102110
0.034506
0.017682
0.252305
0.202018
0.029736
0.038170
0.020337
0.255926
0.129952
0.052868
0.023195
0.228193
0.135657
0.027345
0.015853
0.277987
0.165841
0.274973
0.153879
0.100802
0.053302
