0.036513
0.031289
0.045538
0.063890
0.341003
0.052240
0.028200
0.074327
0.081000
0.068612
0.200371
0.025108
0.055069
0.019079
0.076739
0.074742
0.037526
0.066879
0.041387
0.034586
0.049474
0.062821
0.339148
0.045638
0.454142
0.320337
0.167107
0.068416
0.063694
0.153345
0.056820
0.028580
0.110288
0.019124
0.084673
0.068249
0.079131
0.115263
0.070624
0.048381
0.061951
0.236377
0.050634
0.152237
0.095619
0.054527
0.049147
0.134644
0.059038
0.027699
0.034608
0.063643
0.405039
0.044873
0.015402
0.060534
0.068896
0.079398
0.203370
0.014687
0.047985
0.027693
0.091849
0.096763
0.011830
0.048953
0.031656
0.032774
0.063536
0.050976
0.256078
0.110057
0.374906
0.347134
0.246040
0.066467
0.074893
0.106301
0.088188
0.066850
0.071751
0.020747
0.128196
0.060984
0.049731
0.062737
0.021002
0.066665
0.035713
0.209427
0.035921
0.132112
0.064620
0.012505
0.031423
0.212650
0.053752
0.010746
0.045464
0.431960
0.028741
0.022943
0.053022
0.091530
0.082835
0.215297
0.018216
0.034803
0.038401
0.092049
0.061235
0.024637
0.071179
0.039259
0.022575
0.034347
0.021359
0.337837
0.076271
0.465124
0.358377
0.215336
0.031572
0.049556
0.165569
0.093307
0.034315
0.058175
0.015265
0.094264
0.042300
0.031285
0.090899
0.049917
0.077255
0.051171
0.245108
0.028039
0.150079
0.105045
0.045930
0.027052
0.165375
0.043814
0.030190
0.442670
0.028070
0.028376
0.037261
0.084403
0.077906
0.219524
0.033035
0.020473
0.046720
0.104093
0.048135
0.030262
0.072529
0.039399
0.026839
0.027793
0.023756
0.342118
0.079384
0.460759
0.352436
0.216495
0.023753
0.035205
0.163025
0.113123
0.033429
0.033264
0.020247
0.075352
0.043502
0.028150
0.098751
0.059620
0.093086
0.056539
0.250697
0.023834
0.142766
0.118771
0.049852
0.027371
0.152302
0.034167
0.445746
0.047735
0.053637
0.020349
0.116679
0.084113
0.281429
0.064949
0.015870
0.080080
0.176604
0.023256
0.062003
0.075295
0.074672
0.040599
0.010601
0.049325
0.456800
0.088062
0.540415
0.391515
0.207573
0.024302
0.020327
0.242648
0.152639
0.045141
0.052720
0.032682
0.051197
0.030867
0.053842
0.151456
0.109385
0.149456
0.067656
0.352035
0.024131
0.186515
0.155712
0.069460
0.039610
0.146615
0.018427
0.480570
0.369772
0.450872
0.263445
0.254995
0.183423
0.418928
0.427989
0.303132
0.287360
0.477536
0.386200
0.315933
0.315862
0.413691
0.466013
0.453494
0.444641
0.330515
0.426469
0.203751
0.183585
0.526945
0.492507
0.371551
0.257926
0.358499
0.534858
0.416707
0.368993
0.483727
0.561549
0.459009
0.426169
0.280519
0.355430
0.286190
0.491197
0.239127
0.265535
0.432014
0.428941
0.419265
0.473041
0.042282
0.057184
0.123708
0.106893
0.275273
0.040159
0.034457
0.064251
0.130383
0.059811
0.036739
0.091384
0.059062
0.029911
0.039073
0.034529
0.373897
0.115086
0.500240
0.425050
0.266195
0.027983
0.054963
0.182751
0.149643
0.061054
0.044619
0.025404
0.111042
0.054960
0.030378
0.095029
0.058635
0.122658
0.081015
0.307644
0.023657
0.211135
0.155293
0.054199
0.043285
0.153774
0.045043
0.046202
0.049713
0.038564
0.179340
0.014588
0.035795
0.014611
0.077384
0.074605
0.010980
0.028527
0.013406
0.017637
0.051358
0.038966
0.299483
0.087632
0.412250
0.308483
0.190285
0.057316
0.068454
0.127069
0.075999
0.036316
0.069329
0.016630
0.091648
0.043588
0.055550
0.052379
0.030733
0.063245
0.020575
0.220221
0.039784
0.123921
0.060966
0.027835
0.013384
0.183106
0.041691
0.095150
0.076320
0.264330
0.066521
0.013421
0.073018
0.173186
0.029775
0.057679
0.057294
0.067458
0.035120
0.025366
0.053126
0.416913
0.099514
0.484648
0.379599
0.228971
0.033762
0.028941
0.212702
0.163818
0.052765
0.044453
0.034060
0.056385
0.022102
0.060499
0.119061
0.096626
0.148877
0.051089
0.327360
0.025030
0.168750
0.132511
0.052060
0.028947
0.175775
0.015548
0.033891
0.090567
0.087641
0.084249
0.041741
0.075008
0.155133
0.056646
0.026999
0.029609
0.071736
0.132683
0.095891
0.237037
0.128902
0.285815
0.236118
0.178266
0.155684
0.149036
0.094275
0.093649
0.085639
0.125614
0.082855
0.117665
0.115198
0.160250
0.088326
0.078178
0.070090
0.035011
0.141474
0.119181
0.048020
0.027830
0.072453
0.070651
0.244927
0.120801
0.130431
0.080624
0.065239
0.038114
0.095022
0.101360
0.058178
0.026138
0.026293
0.056423
0.094788
0.083678
0.359981
0.097850
0.420310
0.221218
0.107878
0.116842
0.117480
0.173684
0.092078
0.051588
0.128512
0.067344
0.069677
0.086565
0.146495
0.107319
0.101990
0.087218
0.037653
0.229634
0.105961
0.100474
0.062776
0.093504
0.049536
0.182896
0.084282
0.226929
0.246109
0.141151
0.110776
0.321848
0.186163
0.154399
0.125709
0.220597
0.300358
0.228243
0.223549
0.205976
0.258057
0.142545
0.181173
0.327246
0.317430
0.159505
0.140813
0.201501
0.298557
0.233467
0.246059
0.295330
0.333914
0.205885
0.198653
0.105453
0.167134
0.082687
0.294730
0.052979
0.089776
0.231876
0.230425
0.331101
0.302796
0.050058
0.025656
0.093344
0.082477
0.022820
0.060802
0.037227
0.026386
0.051598
0.047329
0.316482
0.094950
0.454066
0.370784
0.231792
0.054534
0.069682
0.150672
0.084410
0.047199
0.079766
0.014962
0.120617
0.054616
0.043862
0.074731
0.033436
0.071795
0.043279
0.246578
0.034973
0.169595
0.089229
0.029297
0.027241
0.197080
0.047994
0.057321
0.144150
0.023554
0.040718
0.056814
0.049372
0.022099
0.017421
0.035260
0.396597
0.087448
0.471541
0.369351
0.214244
0.022519
0.024750
0.191731
0.141294
0.040369
0.032636
0.020588
0.048272
0.028053
0.047460
0.115549
0.081349
0.128619
0.048645
0.306649
0.019440
0.159002
0.124398
0.045573
0.024007
0.146172
0.013125
0.050785
0.096400
0.027246
0.037835
0.015112
0.038492
0.071448
0.070061
0.278526
0.060333
0.389271
0.259486
0.157250
0.089344
0.086338
0.113524
0.045331
0.034228
0.108156
0.027567
0.090122
0.081663
0.094238
0.081893
0.049450
0.030482
0.038309
0.174577
0.062941
0.103819
0.051576
0.045076
0.042438
0.163258
0.070770
0.204746
0.076502
0.111007
0.051769
0.106047
0.169436
0.119132
0.204053
0.120462
0.328872
0.216247
0.169149
0.182675
0.191869
0.079544
0.042580
0.101765
0.188082
0.109038
0.185178
0.178199
0.178480
0.122403
0.098178
0.048853
0.107544
0.096356
0.159057
0.113293
0.085568
0.124093
0.122392
0.221339
0.173745
0.091974
0.110803
0.096557
0.051807
0.013297
0.067950
0.525555
0.079959
0.608367
0.411079
0.212435
0.021120
0.015296
0.292848
0.180635
0.044677
0.064038
0.040936
0.034549
0.038304
0.066053
0.182456
0.147869
0.171437
0.101880
0.406395
0.034732
0.236744
0.202592
0.101088
0.055031
0.115702
0.015337
0.036010
0.021034
0.021527
0.062899
0.031803
0.271087
0.112625
0.377169
0.332340
0.220282
0.062224
0.082853
0.109416
0.087922
0.059972
0.068668
0.022748
0.117236
0.052770
0.053504
0.052519
0.028283
0.072709
0.028113
0.211404
0.044733
0.125958
0.062522
0.023551
0.021674
0.204510
0.053927
0.031214
0.043162
0.087534
0.070603
0.316945
0.124408
0.372159
0.295558
0.183123
0.108267
0.113052
0.146284
0.104572
0.070446
0.109358
0.054113
0.100677
0.062125
0.121996
0.069231
0.066098
0.093089
0.009096
0.226193
0.080762
0.095819
0.036408
0.047709
0.032995
0.241238
0.074171
0.034519
0.077287
0.049624
0.273445
0.089717
0.371168
0.256804
0.164796
0.086300
0.095750
0.107726
0.072027
0.043456
0.087696
0.036160
0.091829
0.074929
0.091125
0.061478
0.044143
0.052310
0.030227
0.174201
0.068096
0.092030
0.049462
0.051179
0.034506
0.177937
0.068370
0.037432
0.023501
0.355486
0.097165
0.453733
0.355916
0.217943
0.036193
0.054733
0.159919
0.108574
0.040328
0.052841
0.014511
0.080935
0.023150
0.048227
0.071687
0.053029
0.096502
0.032238
0.266650
0.031164
0.152973
0.097605
0.034706
0.013596
0.185746
0.029035
0.047740
0.472302
0.069447
0.567816
0.408342
0.211326
0.013706
0.012585
0.252820
0.144158
0.033829
0.059136
0.022184
0.048586
0.028315
0.043962
0.157520
0.109873
0.142706
0.075542
0.363168
0.017170
0.210727
0.167725
0.070487
0.038775
0.126593
0.013646
0.362191
0.120723
0.457436
0.381647
0.231180
0.037006
0.071528
0.184733
0.141858
0.060530
0.059013
0.034890
0.108131
0.035773
0.049390
0.089543
0.067780
0.126030
0.051305
0.280799
0.047427
0.163461
0.120078
0.063605
0.028832
0.192449
0.049462
0.428747
0.087273
0.356225
0.503369
0.460392
0.469468
0.073477
0.263179
0.414322
0.373917
0.361154
0.514816
0.443162
0.388189
0.239443
0.220361
0.231294
0.307752
0.087113
0.399688
0.208353
0.204109
0.267492
0.359845
0.553954
0.444269
0.524852
0.268880
0.124479
0.098471
0.068730
0.241223
0.081904
0.027296
0.159296
0.068153
0.058526
0.117607
0.141374
0.211264
0.159957
0.076460
0.125233
0.268572
0.096744
0.158498
0.155606
0.136510
0.107985
0.097665
0.094428
0.399777
0.547135
0.575036
0.568415
0.165143
0.384559
0.520810
0.483263
0.469762
0.564114
0.524708
0.533882
0.363282
0.352079
0.360387
0.374379
0.168085
0.511447
0.232543
0.254410
0.363589
0.459782
0.652222
0.535039
0.160428
0.435773
0.413975
0.280350
0.194210
0.297671
0.442018
0.364461
0.320051
0.416332
0.466679
0.366156
0.363857
0.214634
0.313932
0.186345
0.430761
0.172420
0.243190
0.385138
0.354236
0.351814
0.403122
0.255744
0.239666
0.338614
0.122369
0.134148
0.324712
0.212593
0.144619
0.244548
0.320857
0.324827
0.293464
0.170773
0.199773
0.310756
0.268376
0.196684
0.200232
0.289998
0.214565
0.172946
0.230818
0.019995
0.252541
0.172467
0.049720
0.039212
0.028641
0.075147
0.029730
0.022473
0.138438
0.101173
0.159265
0.090215
0.375973
0.018611
0.235209
0.192176
0.075143
0.036662
0.144548
0.017440
0.253010
0.164261
0.045255
0.051989
0.032870
0.048580
0.043002
0.047476
0.172380
0.122332
0.147256
0.099783
0.366505
0.019771
0.216679
0.189271
0.077873
0.055355
0.124797
0.019407
0.129518
0.212886
0.190234
0.166755
0.285329
0.235940
0.210688
0.111417
0.093506
0.106946
0.143992
0.076140
0.200726
0.120963
0.099868
0.109302
0.172002
0.339853
0.229554
0.084637
0.209391
0.098703
0.158297
0.162880
0.178750
0.161753
0.116922
0.043112
0.101034
0.144285
0.151338
0.118229
0.086199
0.121385
0.119075
0.200050
0.154571
0.091830
0.030015
0.041325
0.057439
0.078871
0.134354
0.098809
0.078063
0.066879
0.271897
0.052862
0.148010
0.121202
0.088074
0.042200
0.113808
0.046458
0.056779
0.109625
0.060125
0.033781
0.106498
0.081698
0.170255
0.094299
0.322699
0.034789
0.197087
0.180163
0.063629
0.052720
0.201813
0.047181
0.070971
0.032220
0.039035
0.092676
0.052080
0.079245
0.042430
0.271139
0.014545
0.161583
0.100345
0.028358
0.020531
0.150553
0.023021
0.079132
0.129867
0.216592
0.180856
0.146413
0.107266
0.357682
0.081103
0.175982
0.173480
0.136961
0.083428
0.102871
0.057704
0.050519
0.105937
0.091209
0.158351
0.044837
0.360586
0.031078
0.199184
0.138384
0.056818
0.018560
0.208537
0.018397
0.108637
0.065306
0.153282
0.098291
0.345650
0.024193
0.238280
0.185758
0.059305
0.043957
0.195682
0.043244
0.038543
0.115352
0.063407
0.215424
0.114901
0.160015
0.090043
0.065446
0.063206
0.321484
0.125502
0.086745
0.050718
0.194188
0.067678
0.140023
0.072624
0.028391
0.049242
0.263534
0.094846
0.096191
0.116169
0.126253
0.088542
0.065946
0.097705
0.109869
0.191733
0.150903
0.227905
0.065984
0.102717
0.037457
0.035552
0.021007
0.248238
0.060785
0.327046
0.090631
0.128380
0.231744
0.282344
0.415647
0.361643
0.200831
0.145951
0.036116
0.033022
0.162350
0.017864
0.054523
0.143408
0.154869
0.303364
0.210584
0.072969
0.088716
0.306761
0.153930
0.034314
0.246857
0.053434
0.203431
0.025171
0.158917
