0.625135
0.708310
0.599188
0.691812
0.683324
0.797503
0.494677
0.559863
0.690152
0.634883
0.657139
0.796497
0.593852
0.552882
0.612648
0.682126
0.751702
0.702594
0.667998
0.564038
0.509773
0.604245
0.597656
0.833669
0.727656
0.548954
0.630042
0.587617
0.768616
0.858033
0.641098
0.651502
0.839496
0.613635
0.710368
0.666232
0.703627
0.536235
0.885976
0.727081
0.683116
0.796317
0.720982
0.578853
0.511117
0.699305
0.598106
0.747809
0.484049
0.803678
0.794589
0.694800
0.639549
0.827306
0.715707
0.572600
0.763310
0.717326
0.684728
0.836578
0.553557
0.557907
0.833685
0.824805
0.721718
0.764504
0.763473
0.713602
0.618150
0.693436
0.718321
0.877918
0.826323
0.590384
0.752206
0.725293
0.724421
0.786452
0.772324
0.794423
0.866771
0.713655
0.748143
0.789333
0.710060
0.681873
0.941283
0.678232
0.630016
0.881430
0.841054
0.785141
0.639795
0.761532
0.640822
0.728646
0.634867
0.512442
0.777485
0.744875
0.652517
0.622280
0.856173
0.588568
0.573775
0.731446
0.678502
0.664835
0.807790
0.653390
0.772006
0.707991
0.691283
0.563698
0.750165
0.580867
0.644195
0.776586
0.733005
0.642984
0.678979
0.637596
0.751226
0.669931
0.755234
0.463659
0.703292
0.766739
0.602510
0.642010
0.544298
0.803252
0.606692
0.756672
0.688606
0.586842
0.807739
0.724859
0.653989
0.731456
0.422291
0.654788
0.765471
0.718407
0.726126
0.642522
0.589214
0.593468
0.609180
0.555458
0.585267
0.587904
0.661722
0.483670
0.629456
0.452317
0.642753
0.638662
0.487049
0.474453
0.468209
0.413185
0.500541
0.479555
0.643533
0.534628
0.514652
0.473743
0.582974
0.525567
0.691527
0.441997
0.622603
0.691783
0.515375
0.552574
0.410597
0.664748
0.379609
0.782139
0.569453
0.519616
0.841779
0.702073
0.570640
0.479449
0.417751
0.436470
0.612618
0.652797
0.785678
0.591480
0.732510
0.756654
0.622147
0.623716
0.709096
0.759436
0.688023
0.737837
0.804750
0.723744
0.605105
0.749219
0.693637
0.750012
0.598916
0.723645
0.694289
0.729146
0.796557
0.620288
0.623951
0.805364
0.517073
0.859365
0.675123
0.643378
0.790339
0.547989
0.746729
0.666335
0.743045
0.697387
0.880837
0.751258
0.592826
0.763932
0.768269
0.745955
0.623475
0.712911
0.660973
0.714354
0.536031
0.713846
0.638776
0.576418
0.589515
0.627500
0.534367
0.740441
0.448240
0.439239
0.629009
0.728164
0.733560
0.671826
0.621760
0.597999
0.515524
0.525054
0.617571
0.785043
0.599327
0.594501
0.605518
0.639514
0.620696
0.707641
0.682209
0.738230
0.612985
0.637605
0.735562
0.560877
0.754195
0.454535
0.865508
0.521270
0.500374
0.764795
0.776770
0.690651
0.551102
0.583894
0.492675
0.612638
0.766872
0.684878
0.795646
0.615959
0.614454
0.622059
0.630260
0.563846
0.706165
0.627138
0.653265
0.456315
0.611985
0.644197
0.704337
0.596217
0.604741
0.647540
0.598606
0.795967
0.635786
0.519355
0.725574
0.554498
0.783931
0.483320
0.584734
0.691447
0.464877
0.540396
0.460518
0.642994
0.524146
0.701145
0.725116
0.438672
0.492846
0.658130
0.606909
0.652685
0.610313
0.591654
0.631466
0.763605
0.575829
0.590837
0.650357
0.660371
0.747856
0.554328
0.575675
0.661636
0.667731
0.704914
0.655722
0.644190
0.461363
0.555608
0.588952
0.587373
0.733770
0.657165
0.472651
0.598395
0.472293
0.716676
0.739924
0.650368
0.722716
0.731308
0.542386
0.705133
0.563841
0.755309
0.398987
0.938795
0.685610
0.561979
0.839846
0.786704
0.619948
0.602422
0.619289
0.584656
0.721212
0.594679
0.703931
0.654232
0.522384
0.767670
0.534723
0.430360
0.627050
0.715276
0.789037
0.620381
0.708902
0.596706
0.537740
0.568123
0.528006
0.845810
0.739265
0.602388
0.702454
0.679583
0.682227
0.809421
0.743016
0.726210
0.741160
0.665659
0.768962
0.651815
0.723199
0.533361
0.897206
0.567693
0.616929
0.841988
0.822280
0.698343
0.419903
0.699597
0.474395
0.598460
0.704065
0.602777
0.613888
0.636021
0.447948
0.614866
0.572062
0.600019
0.639870
0.645780
0.565948
0.605549
0.389010
0.462365
0.684473
0.685840
0.586505
0.646286
0.596266
0.622813
0.509901
0.653528
0.469401
0.620744
0.676293
0.545107
0.424167
0.544290
0.639666
0.510517
0.819721
0.660841
0.521832
0.723827
0.677928
0.571143
0.639144
0.454971
0.542474
0.711552
0.682848
0.674094
0.745408
0.491472
0.573133
0.641422
0.738811
0.772185
0.668623
0.658237
0.735126
0.418543
0.508387
0.717741
0.639423
0.638122
0.627641
0.526092
0.742489
0.542533
0.591561
0.528565
0.638753
0.730492
0.548287
0.687266
0.571064
0.678648
0.606783
0.802451
0.686313
0.637447
0.730875
0.681952
0.636817
0.582355
0.472463
0.552564
0.758794
0.649333
0.599205
0.474638
0.505696
0.536645
0.578128
0.602723
0.555970
0.614042
0.626574
0.465151
0.528675
0.590628
0.720269
0.737530
0.574810
0.585410
0.593315
0.561320
0.781004
0.577308
0.659922
0.601244
0.587020
0.626757
0.511612
0.713363
0.387026
0.866842
0.537538
0.377631
0.628177
0.703288
0.672809
0.530211
0.563649
0.446563
0.548452
0.738120
0.671528
0.745962
0.651821
0.674125
0.674986
0.574643
0.651217
0.746003
0.642957
0.617665
0.737992
0.688504
0.842927
0.777937
0.643878
0.748937
0.733573
0.883011
0.522812
0.712077
0.760894
0.637212
0.579980
0.660534
0.716542
0.609090
0.838990
0.731436
0.562550
0.659563
0.648294
0.669404
0.699903
0.651971
0.605033
0.486730
0.814543
0.375660
0.513237
0.622919
0.564517
0.525882
0.515159
0.508325
0.369145
0.446741
0.554772
0.696941
0.595830
0.468748
0.499893
0.524167
0.542803
0.542478
0.468905
0.551777
0.665495
0.528691
0.578107
0.506427
0.543027
0.386144
0.808609
0.490185
0.382299
0.686242
0.649448
0.551617
0.458535
0.406967
0.415112
0.568535
0.665529
0.654066
0.686784
0.671884
0.628591
0.694055
0.638708
0.373228
0.542176
0.640798
0.710476
0.690433
0.510029
0.596619
0.723919
0.625301
0.642091
0.673442
0.678265
0.710556
0.609155
0.655155
0.550909
0.704014
0.430799
0.940819
0.515767
0.497805
0.725168
0.777225
0.687112
0.475162
0.641546
0.364339
0.607680
0.646143
0.658298
0.677933
0.545634
0.554103
0.610032
0.523056
0.556215
0.550384
0.737186
0.713925
0.588440
0.592542
0.665675
0.696384
0.740207
0.507337
0.597462
0.735551
0.530997
0.560184
0.596800
0.638893
0.509390
0.723802
0.676571
0.550868
0.654001
0.617985
0.514525
0.595567
0.620787
0.590179
0.645560
0.739015
0.638623
0.627336
0.643181
0.703415
0.594877
0.679839
0.708047
0.645663
0.782709
0.701210
0.685745
0.681651
0.737384
0.798400
0.557966
0.572854
0.706376
0.610139
0.591157
0.586249
0.698750
0.514196
0.810722
0.706455
0.591597
0.629203
0.676299
0.567352
0.638250
0.678288
0.638192
0.697252
0.698214
0.605766
0.694664
0.746250
0.667263
0.679989
0.714026
0.623862
0.776224
0.505831
0.589652
0.758019
0.571673
0.840492
0.502389
0.568621
0.777974
0.532209
0.586404
0.658271
0.659603
0.592456
0.647606
0.834699
0.369094
0.559508
0.650415
0.617179
0.684672
0.701856
0.701783
0.643883
0.618805
0.608672
0.603744
0.586486
0.629633
0.582635
0.763674
0.646550
0.567871
0.635611
0.678029
0.550202
0.788264
0.446354
0.646670
0.663199
0.639497
0.575105
0.559517
0.499751
0.548661
0.790301
0.600325
0.546916
0.750370
0.551820
0.626208
0.494306
0.601628
0.512038
0.563044
0.804021
0.588275
0.521029
0.607595
0.597057
0.694565
0.650464
0.623340
0.596809
0.547927
0.594944
0.667800
0.481810
0.681561
0.626162
0.533161
0.618682
0.494064
0.658097
0.517896
0.784011
0.671073
0.538286
0.753715
0.698698
0.577836
0.602115
0.452922
0.541301
0.660133
0.679373
0.501116
0.591866
0.346018
0.738910
0.638014
0.480358
0.649712
0.284697
0.607373
0.771956
0.637661
0.669010
0.730278
0.578444
0.663212
0.507059
0.748534
0.350302
0.876000
0.609074
0.524611
0.873828
0.817574
0.623635
0.515862
0.667618
0.549398
0.615004
0.720550
0.331246
0.648062
0.628233
0.586402
0.523656
0.458683
0.556693
0.497481
0.608809
0.416819
0.601151
0.653077
0.492104
0.446068
0.379500
0.581835
0.357047
0.819251
0.540560
0.452124
0.626550
0.610363
0.547006
0.498697
0.386685
0.325752
0.591931
0.594581
0.626471
0.593719
0.583103
0.608634
0.514081
0.620414
0.551476
0.702204
0.508613
0.638389
0.660956
0.536307
0.562550
0.529378
0.632318
0.467944
0.826665
0.602422
0.538784
0.708183
0.668585
0.616875
0.540999
0.394296
0.429268
0.572059
0.650387
0.732680
0.680865
0.502756
0.646109
0.564669
0.601872
0.814476
0.695612
0.616566
0.735777
0.609855
0.764650
0.557912
0.754525
0.429526
0.844580
0.648620
0.582862
0.899607
0.818046
0.620554
0.397079
0.731018
0.543417
0.635960
0.740364
0.764149
0.695099
0.673797
0.799486
0.659122
0.683439
0.557504
0.553993
0.732829
0.471621
0.637878
0.563615
0.747669
0.597459
0.738601
0.824482
0.644665
0.742090
0.804808
0.548432
0.674174
0.639768
0.626090
0.695077
0.748603
0.624250
0.721656
0.686027
0.490403
0.735412
0.674960
0.731593
0.744649
0.682092
0.815482
0.633080
0.773141
0.583486
0.755126
0.688039
0.683367
0.883523
0.823587
0.813969
0.632530
0.535548
0.637276
0.783305
0.760056
0.549705
0.600871
0.565577
0.734310
0.645737
0.592571
0.748381
0.554256
0.670593
0.533212
0.777276
0.351184
0.738259
0.634108
0.413655
0.820116
0.828239
0.646590
0.503748
0.675805
0.531400
0.675703
0.580459
0.703648
0.531387
0.687665
0.484323
0.569775
0.673621
0.489004
0.607334
0.485537
0.715114
0.474925
0.744939
0.663467
0.534237
0.660634
0.716895
0.535697
0.541671
0.551715
0.521213
0.618663
0.632062
0.698540
0.780977
0.632242
0.739036
0.610289
0.602526
0.773341
0.574226
0.730225
0.423211
0.880341
0.665560
0.594753
0.813701
0.789322
0.685758
0.607084
0.612660
0.594565
0.682047
0.691018
0.745296
0.590981
0.601503
0.626873
0.541961
0.548205
0.461249
0.699484
0.541729
0.710949
0.665831
0.532127
0.720892
0.764071
0.714151
0.553606
0.493946
0.481780
0.678225
0.741354
0.669906
0.786472
0.781250
0.717715
0.774353
0.580466
0.819025
0.648202
0.865847
0.761769
0.675518
0.909915
0.850472
0.765414
0.731171
0.565886
0.631201
0.806120
0.819785
0.549386
0.697838
0.455751
0.467323
0.490825
0.482326
0.480884
0.653592
0.743314
0.466351
0.606419
0.395532
0.439388
0.596670
0.417244
0.568453
0.560183
0.658004
0.789084
0.521613
0.654594
0.591086
0.656682
0.595035
0.625365
0.709848
0.587174
0.614581
0.701175
0.288153
0.554064
0.683761
0.618795
0.596054
0.687786
0.678129
0.785931
0.625755
0.822103
0.606786
0.840314
0.691244
0.655397
0.840800
0.838951
0.779756
0.706614
0.590750
0.621581
0.718328
0.842286
0.532183
0.482389
0.653365
0.424608
0.706373
0.675861
0.488183
0.616018
0.606898
0.508293
0.536230
0.541767
0.563690
0.648161
0.466171
0.545570
0.582296
0.570925
0.824697
0.785152
0.571780
0.608542
0.595436
0.623549
0.687525
0.579184
0.587008
0.676767
0.702480
0.701164
0.306334
0.765938
0.475219
0.417546
0.707967
0.730342
0.578492
0.460652
0.451048
0.379341
0.566280
0.674680
0.720546
0.772651
0.800732
0.655778
0.607432
0.363900
0.612489
0.692255
0.678396
0.673833
0.637015
0.762013
0.802693
0.509515
0.333367
0.686728
0.723519
0.502863
0.400385
0.517524
0.368204
0.516927
0.653345
0.919891
0.792204
0.764250
0.743575
0.633217
0.796631
0.756027
0.858699
0.718951
0.845429
0.556109
0.891827
0.882134
0.711616
0.587017
0.550126
0.433951
0.599448
0.811892
0.583223
0.658878
0.582807
0.524813
0.513769
0.453797
0.509217
0.642556
0.597696
0.676641
0.795377
0.736238
0.764193
0.624825
0.729421
0.607720
0.766527
0.699459
0.778890
0.662036
0.754151
0.554095
0.638582
0.554518
0.593578
0.654384
0.606351
0.426384
0.550470
0.649235
0.462598
0.682612
0.675201
0.561664
0.659693
0.806233
