0.589639
0.647196
0.624510
0.438180
0.551606
0.548417
0.659508
0.654197
0.465500
0.610221
0.721148
0.626483
0.855973
0.610024
0.432142
0.473287
0.546313
0.452970
0.405489
0.649649
0.588296
0.684000
0.436253
0.748633
0.660278
0.566541
0.696206
0.595786
0.647166
0.698835
0.476941
0.456312
0.778849
0.754861
0.600855
0.494824
0.704053
0.555572
0.784517
0.518117
0.540380
0.639952
0.721677
0.699917
0.551618
0.708976
0.653526
0.672747
0.596131
0.589109
0.770165
0.494696
0.634565
0.627275
0.520719
0.552151
0.492617
0.704589
0.710839
0.561603
0.925009
0.706890
0.542999
0.588489
0.568758
0.404190
0.557307
0.736707
0.632660
0.591920
0.499156
0.626377
0.471693
0.408936
0.621549
0.528404
0.639817
0.824524
0.644638
0.529604
0.698575
0.787181
0.676457
0.452381
0.624995
0.471158
0.789364
0.358946
0.398003
0.605464
0.921043
0.801366
0.629010
0.781229
0.800233
0.683330
0.601426
0.841882
0.519920
0.582266
0.607803
0.670949
0.494891
0.505104
0.744261
0.694970
0.538683
0.853843
0.620639
0.561358
0.650393
0.752298
0.627207
0.567831
0.626095
0.754772
0.707818
0.558407
0.876356
0.643301
0.485772
0.755020
0.795005
0.440078
0.542096
0.638284
0.474917
0.520564
0.787060
0.590523
0.488450
0.596457
0.543728
0.815468
0.497645
0.632515
0.464361
0.868496
0.628766
0.495186
0.742498
0.747761
0.491095
0.496812
0.684548
0.827128
0.802386
0.853360
0.869883
0.633806
0.719490
0.572051
0.748907
0.753184
0.710715
0.682002
0.492315
0.730753
0.759384
0.514465
0.699244
0.745156
0.828295
0.740123
0.754230
0.810745
0.803432
0.939405
0.803401
0.739597
0.903250
0.738830
0.663300
0.850490
0.783921
0.748583
0.682738
0.810885
0.870211
0.947426
0.646757
0.765398
0.749188
0.834061
0.737081
0.733429
0.776892
0.793866
0.810619
0.753717
0.568896
0.530008
0.608882
0.535782
0.379147
0.707651
0.646975
0.364968
0.835929
0.612915
0.471678
0.461416
0.602995
0.555128
0.429412
0.753352
0.629861
0.655940
0.453001
0.703125
0.592045
0.515391
0.704069
0.689080
0.646912
0.718095
0.443045
0.390219
0.690089
0.735331
0.525146
0.417186
0.706286
0.615750
0.722507
0.350006
0.422688
0.622165
0.758505
0.706084
0.553814
0.714964
0.626145
0.564283
0.557985
0.689543
0.664493
0.540875
0.550677
0.636243
0.664027
0.677921
0.889682
0.630049
0.510994
0.593452
0.634178
0.458893
0.518755
0.696307
0.698735
0.603369
0.529179
0.767820
0.609163
0.579120
0.832913
0.696898
0.629675
0.748287
0.466762
0.425502
0.622116
0.610201
0.564400
0.468243
0.691442
0.592604
0.935779
0.439047
0.483627
0.534755
0.728303
0.548339
0.627351
0.639879
0.566796
0.509395
0.577747
0.668690
0.768379
0.556488
0.686639
0.749408
0.618405
0.793384
0.670445
0.597633
0.682530
0.656293
0.569910
0.618822
0.684361
0.723956
0.703176
0.591172
0.699072
0.729831
0.543726
0.767123
0.513548
0.640606
0.688774
0.658057
0.579606
0.776314
0.885772
0.555700
0.595392
0.688498
0.752525
0.606464
0.613944
0.685552
0.735039
0.855632
0.813494
0.601338
0.740536
0.742627
0.729242
0.699646
0.663517
0.582142
0.674542
0.734760
0.494704
0.912450
0.744286
0.583258
0.634053
0.827480
0.450320
0.647621
0.770897
0.725581
0.653186
0.591995
0.660970
0.689370
0.630460
0.777984
0.644265
0.757630
0.789924
0.675707
0.672842
0.774114
0.737895
0.721129
0.429224
0.787664
0.640405
0.690781
0.566550
0.592942
0.707942
0.938545
0.822000
0.777184
0.787887
0.810024
0.672476
0.675741
0.560182
0.793935
0.790281
0.596253
0.866042
0.743565
0.587070
0.655031
0.661953
0.627847
0.608481
0.725827
0.676360
0.687364
0.570608
0.811314
0.641229
0.524671
0.748621
0.763059
0.572005
0.734372
0.626602
0.504639
0.645405
0.851993
0.710912
0.545533
0.651592
0.598656
0.818156
0.479896
0.513651
0.603326
0.926434
0.762854
0.636436
0.812824
0.817468
0.442430
0.552636
0.651486
0.573627
0.496980
0.874665
0.659802
0.474692
0.476180
0.596658
0.510807
0.376006
0.686572
0.649290
0.670625
0.327549
0.776519
0.575976
0.501546
0.783588
0.680373
0.604568
0.719102
0.454878
0.457652
0.630636
0.692349
0.522669
0.363622
0.617039
0.536816
0.859634
0.320191
0.517651
0.441480
0.836599
0.726335
0.628133
0.650597
0.640458
0.503059
0.566272
0.630161
0.712039
0.830667
0.578544
0.452783
0.498305
0.812716
0.605442
0.616107
0.568894
0.611487
0.550034
0.633707
0.814802
0.641321
0.693812
0.772956
0.703867
0.686051
0.811576
0.476807
0.668794
0.772821
0.527201
0.628426
0.492367
0.759306
0.711754
0.904350
0.583289
0.638700
0.753492
0.631314
0.715765
0.616013
0.457139
0.461774
0.775512
0.730083
0.701150
0.743968
0.613124
0.573289
0.388244
0.808848
0.809695
0.620413
0.604498
0.811299
0.679991
0.687788
0.872366
0.714478
0.783800
0.994813
0.797857
0.614202
0.853096
0.681242
0.615207
0.571577
0.670968
0.593686
0.550075
0.778583
0.790916
1.064237
0.505580
0.675698
0.686268
0.804187
0.546553
0.703534
0.627818
0.689328
0.617531
0.659305
0.806903
0.725469
0.507415
0.612939
0.868130
0.503333
0.627295
0.714194
0.747889
0.651588
0.529643
0.741741
0.632486
0.534452
0.779505
0.670715
0.584913
0.775593
0.647893
0.531706
0.710903
0.817946
0.690481
0.435692
0.783353
0.692992
0.671342
0.480301
0.632524
0.627221
0.885641
0.769005
0.696022
0.749216
0.755359
0.610928
0.588827
0.772247
0.706871
0.805563
0.905091
0.805641
0.892038
0.644934
0.907330
0.845917
0.829722
0.883914
0.932231
0.860399
0.998294
0.784531
0.756103
0.885472
0.918689
0.749832
0.820955
0.931891
0.820610
0.807923
0.890720
0.894235
0.883163
0.769146
0.972128
0.847704
0.917189
0.706470
0.727002
0.853801
0.941693
0.733078
0.785593
0.538742
0.507230
0.752482
0.712667
0.569452
0.557286
0.734484
0.638755
0.680707
0.781036
0.683658
0.764047
0.845301
0.746795
0.592966
0.788121
0.603429
0.497191
0.562102
0.506140
0.586452
0.505468
0.814984
0.730372
0.942313
0.504798
0.595598
0.722945
0.685696
0.427574
0.546755
0.570238
0.555142
0.548510
0.593482
0.411065
0.648512
0.504653
0.481347
0.430713
0.544194
0.553590
0.416983
0.684712
0.603865
0.501827
0.774130
0.599455
0.520092
0.774870
0.505244
0.429107
0.630796
0.681772
0.558105
0.415328
0.689860
0.629487
0.822763
0.422801
0.522970
0.633258
0.756856
0.633147
0.462874
0.619517
0.581433
0.497628
0.465779
0.608864
0.669795
0.390480
0.565524
0.644506
0.599205
0.527196
0.790875
0.635702
0.629671
0.824245
0.615403
0.595719
0.806510
0.465591
0.482882
0.611917
0.554683
0.480858
0.427970
0.714414
0.686589
0.919237
0.418976
0.482105
0.661427
0.690695
0.521731
0.544412
0.560194
0.500265
0.535501
0.580841
0.612790
0.571589
0.791878
0.759269
0.775170
0.599068
0.771644
0.725374
0.653286
0.751224
0.597239
0.739627
0.874473
0.619708
0.523678
0.837444
0.795359
0.604267
0.641862
0.754791
0.737675
0.846019
0.571961
0.554911
0.653558
0.796572
0.803337
0.578937
0.798436
0.743109
0.754249
0.769674
0.537852
0.706169
0.650403
0.557403
0.503758
0.639196
0.607379
0.475903
0.747290
0.523265
0.613002
0.690320
0.603917
0.504482
0.718268
0.768376
0.659409
0.430620
0.712744
0.554850
0.782874
0.445320
0.536285
0.560526
0.869123
0.790165
0.637417
0.759608
0.741481
0.679540
0.607934
0.573962
0.622892
0.656278
0.480017
0.763623
0.570162
0.604985
0.742404
0.693633
0.592304
0.745311
0.507311
0.492299
0.687064
0.687664
0.520961
0.458376
0.684160
0.587431
0.850209
0.460579
0.530570
0.590572
0.733797
0.524122
0.542987
0.640252
0.581201
0.577737
0.541572
0.598738
0.659348
0.722555
0.738788
0.675068
0.718013
0.896950
0.704499
0.556894
0.772407
0.773017
0.591046
0.672328
0.758029
0.677998
0.563158
0.702408
0.729436
0.950709
0.595728
0.737886
0.725332
0.785269
0.498465
0.500029
0.591887
0.718968
0.574682
0.644874
0.709431
0.608087
0.629695
0.600192
0.555121
0.792453
0.607078
0.740462
0.941301
0.663740
0.622450
0.858468
0.757093
0.678040
0.587025
0.655985
0.700366
0.871897
0.645541
0.594609
0.807121
0.785475
0.838380
0.653238
0.716890
0.683951
0.769802
0.751464
0.602825
0.801218
0.595361
0.646749
0.858825
0.709509
0.654039
0.810585
0.651091
0.619091
0.607338
0.675567
0.684615
0.557985
0.820550
0.728700
0.882366
0.563124
0.606467
0.705001
0.849327
0.733417
0.673842
0.691341
0.700873
0.697105
0.665121
0.732051
0.596788
0.419235
0.723598
0.547650
0.590387
0.746810
0.498075
0.489452
0.761085
0.809232
0.547670
0.382252
0.737582
0.529451
0.789853
0.444698
0.523423
0.499472
0.811013
0.750957
0.648134
0.728853
0.712615
0.572776
0.549490
0.780955
0.698096
0.852548
0.558114
0.844987
0.971197
0.866877
0.639139
0.891329
0.852991
0.764295
0.642535
0.858849
0.746710
0.944831
0.662221
0.678889
0.908391
0.939359
0.872231
0.803277
0.863917
0.912524
0.815277
0.799158
0.492620
0.659974
0.683310
0.650830
0.817497
0.687529
0.564344
0.729854
0.749501
0.691639
0.571582
0.610772
0.559477
0.852172
0.473086
0.478143
0.675406
0.829640
0.724073
0.656241
0.648505
0.744969
0.742526
0.700858
0.627855
0.501383
0.509200
0.763313
0.637628
0.501372
0.770191
0.886230
0.611012
0.455469
0.595415
0.490265
0.699745
0.472279
0.471109
0.581749
0.830417
0.801619
0.535113
0.708679
0.743742
0.682957
0.658616
0.777299
0.805154
0.815436
0.806509
0.792881
0.978302
0.973273
0.835016
0.743177
0.702275
0.502190
0.711585
0.710949
0.737137
0.834130
0.936084
0.927969
0.687744
0.901593
0.867863
0.967084
0.873713
0.659569
0.887887
0.719745
0.514717
0.892758
0.858777
0.556143
0.565256
0.762062
0.683365
0.853412
0.609947
0.587499
0.774836
0.887322
0.791273
0.611182
0.729236
0.806850
0.691796
0.731093
0.693837
0.727269
0.517312
0.587651
0.835292
0.637779
0.496604
0.664335
0.646179
0.802587
0.530110
0.650053
0.587112
0.816147
0.617164
0.478513
0.704497
0.702867
0.535509
0.559201
0.843478
0.705314
0.682836
0.936762
0.846743
0.723120
0.798207
0.692986
0.856183
0.766817
0.806867
0.634527
0.948575
0.816048
0.641197
0.838771
0.910558
0.695336
0.701664
0.473916
0.773985
0.514481
0.511150
0.462585
0.712847
0.690964
0.888429
0.484371
0.476089
0.642688
0.573154
0.689686
0.577886
0.498782
0.393755
0.584576
0.511977
0.538383
0.647203
0.470055
0.409208
0.605130
0.604964
0.867971
0.320247
0.419822
0.533393
0.746971
0.533390
0.440873
0.623853
0.639173
0.427518
0.465036
0.644915
0.632181
0.607984
0.776592
0.756460
1.051083
0.471855
0.671421
0.639620
0.881813
0.534844
0.613419
0.749287
0.762978
0.500693
0.557343
0.752274
0.638206
0.905305
0.818876
1.063041
0.583412
0.687257
0.812111
0.732329
0.638106
0.761340
0.558198
0.515671
0.671398
0.712624
0.439280
0.752927
0.712424
0.903634
0.490983
0.529197
0.595025
0.707548
0.559948
0.534094
0.524239
0.511236
0.605456
0.573365
0.634718
0.536550
0.845066
0.308254
0.408322
0.490379
0.726858
0.575073
0.502173
0.528323
0.506624
0.500121
0.510145
0.650828
0.873355
0.651658
0.721646
0.610817
0.851104
0.837384
0.564522
0.752261
0.775725
0.723144
0.753828
0.857864
0.477584
0.567859
0.528752
0.906258
0.790651
0.651558
0.766455
0.827261
0.667238
0.694654
0.870834
0.851224
0.948191
0.932917
1.058684
0.834251
0.981230
0.962263
0.979738
0.915756
0.360634
0.504619
0.774107
0.519812
0.459367
0.605444
0.597537
0.440391
0.507914
0.685328
0.798985
0.681353
0.588138
0.615405
0.645424
0.647108
0.592624
0.854623
0.731427
0.637266
0.738067
0.750758
0.565200
0.665936
0.659244
0.733625
0.477527
0.341085
0.836173
0.828933
0.578266
0.575592
0.635258
0.541570
0.655374
0.630319
0.588755
0.563415
0.604254
0.434807
0.668812
0.716583
0.694848
0.673490
0.492349
