0.675700
0.610532
0.438928
0.645386
0.383614
0.544824
0.523972
0.674392
0.647355
0.498225
0.682274
0.788397
0.547275
0.507685
0.556040
0.530858
0.596096
0.833054
0.668088
0.663423
0.551344
0.994945
0.572858
0.721359
0.395055
0.625862
0.606085
0.645217
0.560604
0.514650
0.586465
0.788951
0.604550
0.637510
0.690881
0.555189
0.765334
0.735686
0.474741
0.416275
0.751246
0.422755
0.744210
0.568287
0.845278
0.500285
0.259826
0.628207
0.644768
0.586446
0.614497
0.746311
0.615171
0.633350
0.724075
0.655156
0.692522
0.812036
0.756431
0.613245
0.658977
0.659832
0.703112
0.680593
0.749856
0.710753
0.613881
0.956130
0.726446
0.762724
0.717365
0.646916
0.803939
0.676554
0.541660
0.663438
0.656637
0.794295
0.658784
0.565660
0.727337
0.649664
0.709148
0.743149
0.640957
0.759481
0.797774
0.666463
0.761075
0.684485
0.920328
0.651855
0.635356
0.472262
0.480217
0.519427
0.551323
0.426947
0.572013
0.607888
0.511223
0.663701
0.594141
0.620050
0.586400
0.519695
0.583153
0.657393
0.640322
0.517275
0.769923
0.447978
0.768139
0.513806
0.692051
0.621804
0.690019
0.640262
0.635933
0.420170
0.496826
0.514684
0.600325
0.556623
0.488352
0.622431
0.448173
0.725058
0.687889
0.607180
0.633442
0.769387
0.476564
0.676370
0.674889
0.726922
0.551626
0.528416
0.490798
0.484127
0.530235
0.303187
0.543138
0.456718
0.502243
0.542608
0.625668
0.715034
0.526632
0.538415
0.533048
0.620304
0.806227
0.644377
0.583376
0.433873
1.008937
0.504790
0.833260
0.599057
0.719912
0.684542
0.592969
0.550291
0.418377
0.543000
0.774250
0.472016
0.471741
0.555442
0.498221
0.838640
0.758032
0.437802
0.585804
0.757048
0.504673
0.698135
0.646436
0.863418
0.520361
0.403516
0.599405
0.598301
0.438299
0.583049
0.665291
0.566556
0.737652
0.699687
0.602960
0.559051
0.677531
0.596333
0.724685
0.675521
0.645381
0.701645
0.501504
0.979383
0.572997
0.729831
0.647713
0.716246
0.705299
0.626047
0.580448
0.544204
0.590932
0.755084
0.584112
0.514606
0.674458
0.466566
0.762207
0.801040
0.573262
0.666500
0.823550
0.557357
0.660659
0.724667
0.781630
0.540447
0.556315
0.500190
0.457895
0.530910
0.551471
0.449277
0.699650
0.590150
0.360322
0.484042
0.469372
0.473994
0.481867
0.721528
0.591732
0.631903
0.486108
0.846438
0.416489
0.634746
0.325012
0.546860
0.510902
0.661618
0.454796
0.479546
0.415648
0.550760
0.537167
0.504046
0.627508
0.399910
0.701149
0.693983
0.529973
0.445788
0.645377
0.359827
0.530263
0.602546
0.785488
0.327442
0.372041
0.512647
0.599187
0.651348
0.533841
0.600953
0.650904
0.557190
0.578399
0.529567
0.593264
0.592395
0.651740
0.612714
0.734998
0.494177
0.941045
0.555823
0.736998
0.583910
0.674730
0.537886
0.606721
0.560895
0.591246
0.516053
0.713086
0.590567
0.615615
0.666291
0.457125
0.767389
0.760562
0.489408
0.520023
0.597574
0.576604
0.635496
0.720852
0.824992
0.528089
0.488088
0.586473
0.466866
0.458880
0.646413
0.556999
0.589935
0.486668
0.556120
0.521950
0.622444
0.710689
0.542278
0.519085
0.382086
0.942476
0.469235
0.719919
0.535660
0.597118
0.574809
0.632677
0.510837
0.447240
0.554194
0.678325
0.417618
0.478392
0.599587
0.401200
0.774586
0.715709
0.470001
0.600024
0.754972
0.418260
0.669131
0.560674
0.833800
0.435634
0.462185
0.702441
0.483260
0.712611
0.662879
0.659303
0.607889
0.670440
0.587375
0.713975
0.700610
0.566196
0.756512
0.507238
0.891687
0.640387
0.739492
0.700580
0.735153
0.796502
0.685219
0.634337
0.686463
0.547901
0.679452
0.602852
0.415005
0.761237
0.463741
0.694874
0.707937
0.727296
0.566354
0.736361
0.547986
0.676559
0.690522
0.860220
0.615930
0.667148
0.598294
0.653922
0.702118
0.704967
0.596521
0.600933
0.583156
0.579921
0.790912
0.697057
0.416952
0.569685
0.965445
0.430821
0.885614
0.643218
0.796897
0.676336
0.648208
0.595134
0.465122
0.677793
0.637933
0.673517
0.622471
0.624337
0.630227
0.815624
0.654033
0.523797
0.746110
0.746630
0.594299
0.523513
0.841109
0.919116
0.480263
0.531236
0.705129
0.637898
0.550831
0.487116
0.606333
0.430911
0.632914
0.748725
0.561401
0.679414
0.489302
0.923421
0.536786
0.741756
0.550079
0.640010
0.635077
0.681644
0.532045
0.549711
0.592776
0.669332
0.575845
0.569691
0.679257
0.439518
0.641874
0.641339
0.524547
0.491657
0.705648
0.376929
0.621770
0.645546
0.911396
0.427404
0.492484
0.911104
0.768152
0.821569
0.812185
0.757783
0.789876
0.858477
0.820372
0.609135
0.531067
1.025294
0.724129
0.962429
0.774388
0.825452
0.827771
0.735857
0.656196
0.656516
0.757671
0.828404
0.692926
0.708381
0.696927
0.715712
0.888503
0.808755
0.494869
0.787182
0.773184
0.665724
0.819744
0.793821
1.002717
0.778948
0.657348
0.732094
0.720475
0.627734
0.697839
0.639262
0.719666
0.683842
0.800419
0.637388
0.641171
0.531065
0.801599
0.794353
0.777058
0.657547
0.742103
0.676985
0.679672
0.465443
0.679248
0.675406
0.557202
0.774158
0.599380
0.749052
0.874101
0.826289
0.776871
0.813805
0.730128
0.586669
0.872990
0.881120
0.610495
0.747227
0.637491
0.596023
0.604084
0.673074
0.625702
0.646654
0.730837
0.532734
0.847301
0.588158
0.526585
0.333902
0.577495
0.557733
0.757224
0.509006
0.641258
0.606281
0.610947
0.714824
0.678974
0.800582
0.457869
0.699504
0.766158
0.634435
0.602146
0.561750
0.474734
0.603859
0.607576
0.783804
0.506309
0.596642
0.526990
0.588700
0.538777
0.724950
0.602812
0.602805
0.593539
0.900805
0.526449
0.678671
0.596454
0.641406
0.556412
0.653234
0.614668
0.540790
0.535653
0.668701
0.584677
0.519659
0.655978
0.427816
0.638776
0.765482
0.610960
0.577136
0.793474
0.493121
0.652650
0.753915
0.814309
0.425098
0.446405
0.535819
0.596835
0.592077
0.626525
0.747569
0.495746
0.817112
0.505053
0.752827
0.479037
0.730543
0.554836
0.574582
0.573401
0.543676
0.538925
0.602852
0.595224
0.563187
0.650693
0.535763
0.742895
0.755925
0.640458
0.653682
0.666250
0.561878
0.630504
0.733682
0.851829
0.488425
0.535745
0.575289
0.753397
0.657743
0.721625
0.539681
0.941830
0.512558
0.833737
0.552752
0.716140
0.611130
0.652831
0.608812
0.379520
0.559813
0.707159
0.559841
0.581794
0.513720
0.536139
0.720713
0.731752
0.553828
0.597856
0.749655
0.482131
0.662076
0.673278
0.895730
0.406179
0.486466
0.835410
0.682297
0.696972
0.692780
0.913061
0.502671
0.796346
0.673161
0.655204
0.455627
0.648522
0.615474
0.555856
0.532586
0.715351
0.750917
0.678612
0.647822
0.578015
0.806906
0.824426
0.681961
0.637483
0.846742
0.616172
0.609586
0.844907
0.840198
0.334567
0.496442
0.725920
0.822017
0.623828
0.816345
0.654824
0.652172
0.712586
0.734214
0.776884
0.900537
0.649569
0.692426
0.638129
0.611717
0.737649
0.777354
0.838661
0.690446
0.598632
0.773175
0.828218
0.834923
0.715138
0.699816
0.656565
0.816692
0.841623
0.703041
0.772939
0.701020
0.509709
0.851461
0.647914
0.681717
0.666143
0.696595
0.689661
0.665539
0.540393
0.645214
0.562952
0.692608
0.654184
0.501769
0.739498
0.465521
0.737699
0.692407
0.608282
0.601079
0.748196
0.522100
0.757202
0.693746
0.807746
0.601010
0.648493
0.545767
1.018547
0.610607
0.873134
0.678980
0.777177
0.737727
0.739221
0.627671
0.551176
0.748736
0.722631
0.702377
0.665661
0.684990
0.646754
0.810313
0.734955
0.523660
0.778967
0.758632
0.588535
0.685037
0.791312
0.971931
0.571322
0.611988
0.908044
0.583767
0.727996
0.522549
0.694454
0.579304
0.534077
0.459361
0.506169
0.599155
0.635636
0.478242
0.416484
0.591059
0.422374
0.692679
0.639235
0.442309
0.586757
0.640882
0.485790
0.579376
0.676197
0.816688
0.471890
0.565313
0.893696
0.676237
0.909494
0.850783
0.773776
0.872099
0.784010
0.910939
0.773271
0.623501
1.053135
0.782942
1.059377
0.836467
0.846790
0.966486
0.980912
0.892534
0.896617
0.935553
0.703871
0.983224
0.662699
0.856708
0.959235
0.814439
0.524582
0.678769
0.553215
0.664053
0.487774
0.426448
0.451447
0.555188
0.534470
0.553248
0.630778
0.562404
0.686463
0.762147
0.608929
0.686344
0.748125
0.560752
0.525518
0.812726
0.859708
0.416120
0.477336
0.675447
0.527723
0.674712
0.875298
0.657868
0.782331
0.647540
0.665689
0.850557
0.709197
0.938481
0.500814
0.793259
0.877273
0.835948
0.693111
0.736419
0.604437
0.681579
0.625770
0.549750
0.732970
0.768645
0.580744
0.584026
0.647425
0.520550
0.571428
0.595649
0.596167
0.647814
0.653976
0.715475
0.572889
0.726879
0.752342
0.574494
0.517711
0.624016
0.458722
0.657319
0.520052
0.765675
0.500031
0.467054
0.623824
0.833178
0.471953
0.678198
0.608543
0.679407
0.734113
0.712273
0.739431
0.569985
0.626227
0.799529
0.663543
0.629619
0.777679
0.604825
0.658819
0.410822
0.888054
0.592392
0.633042
0.589234
0.599503
0.612756
0.564383
0.654003
0.679009
0.693078
0.705406
0.525036
0.763668
0.777404
0.610597
0.533195
0.768102
0.580590
0.576710
0.807668
0.721308
0.437432
0.517603
0.662941
0.718667
0.684315
0.730810
0.715819
0.335434
0.727821
0.685605
0.858264
0.829741
0.627191
0.668967
0.725007
0.733179
0.722784
0.823903
0.824376
0.618340
0.616001
0.507407
0.520141
0.561339
0.627904
0.588593
0.673763
0.534735
0.602717
0.637162
0.463418
0.600245
0.680356
0.493965
0.610777
0.570413
0.869089
0.518734
0.517651
0.549890
0.695040
0.505461
0.615108
0.428949
0.486884
0.821064
0.654812
0.504993
0.674462
0.729105
0.493085
0.609863
0.709039
0.896612
0.503428
0.427428
0.603474
0.589584
0.493604
0.661322
0.510259
0.666178
0.747100
0.680167
0.573857
0.746504
0.548239
0.590386
0.745752
0.691952
0.470422
0.435882
0.760505
0.611975
0.857238
0.597324
0.688333
0.830708
0.768662
0.785536
0.678072
0.668939
0.479656
0.769803
0.767931
0.605771
0.733206
0.495312
0.584191
0.492079
0.712837
0.714565
0.581318
0.676743
0.780221
0.396154
0.725083
0.721825
0.922541
0.600332
0.541433
0.691768
0.479043
0.699692
0.739274
0.603176
0.612196
0.740918
0.597066
0.648816
0.722932
0.809290
0.536896
0.592335
0.669490
0.824370
0.783585
0.585328
0.752630
0.859136
0.671921
0.686937
0.791755
0.948057
0.578742
0.548490
0.755929
0.718199
0.551147
0.545983
0.720267
0.362634
0.577832
0.617358
0.787365
0.492660
0.566340
0.799928
0.803213
0.694757
0.807136
0.691465
0.632314
0.795654
0.922301
0.693847
0.755188
0.665802
0.701864
0.808101
0.624109
0.809368
0.797145
0.919829
0.713459
0.712927
0.546184
0.661188
0.501269
0.729019
0.639884
0.929649
0.528810
0.471666
0.754360
0.457304
0.772416
0.571298
0.794409
0.487346
0.472549
0.718143
0.659513
0.731972
0.839167
0.744550
0.808308
0.676374
0.526660
0.848192
0.439571
0.432604
0.857280
0.737913
0.498641
0.683469
0.912056
0.745335
0.678723
0.812222
0.807914
0.394112
