0.208904
0.047534
0.298845
0.355793
0.191488
0.020202
0.300007
0.017851
0.404633
0.470485
0.189860
0.038745
0.109466
0.043325
0.028218
0.041455
0.282845
0.109335
0.012632
0.032658
0.456052
0.016965
0.381650
0.028858
0.091311
0.039463
0.063880
0.069221
0.269626
0.071141
0.016977
0.092612
0.032901
0.171367
0.045640
0.025219
0.448108
0.013528
0.040639
0.047101
0.070816
0.068529
0.042505
0.024800
0.233344
0.053278
0.018019
0.027922
0.207845
0.129137
0.038325
0.055217
0.392412
0.219298
0.114127
0.162372
0.195867
0.132745
0.031339
0.303779
0.398942
0.221023
0.189463
0.177436
0.256778
0.183370
0.242045
0.107724
0.149250
0.250046
0.059133
0.285960
0.269325
0.313866
0.280255
0.200026
0.030791
0.086667
0.202889
0.251967
0.256245
0.081029
0.307972
0.234544
0.258476
0.153324
0.291819
0.164108
0.088285
0.323018
0.331270
0.233204
0.055359
0.153190
0.249921
0.200417
0.038960
0.197909
0.251257
0.310171
0.066726
0.213560
0.037769
0.360249
0.352715
0.125733
0.126339
0.240221
0.091470
0.074115
0.081669
0.233391
0.093575
0.064452
0.027987
0.350135
0.061414
0.264526
0.113203
0.131192
0.123212
0.161686
0.137824
0.177632
0.043293
0.065256
0.153805
0.113519
0.149943
0.150780
0.069233
0.373547
0.025608
0.132783
0.083615
0.077922
0.164831
0.142126
0.078335
0.152247
0.030095
0.068476
0.068875
0.145516
0.059351
0.467638
0.314656
0.123725
0.251711
0.173063
0.148571
0.068621
0.412475
0.520028
0.309089
0.284543
0.283332
0.272056
0.240924
0.336371
0.174265
0.125582
0.351631
0.049611
0.390001
0.358635
0.428868
0.385309
0.247492
0.020698
0.135188
0.295821
0.364049
0.357797
0.078925
0.411422
0.328885
0.263073
0.226334
0.397008
0.227624
0.145360
0.444673
0.439829
0.343841
0.020103
0.243019
0.347938
0.285715
0.041593
0.492230
0.341375
0.204599
0.284341
0.270523
0.122490
0.070994
0.434801
0.537823
0.344609
0.306360
0.290606
0.395401
0.344399
0.385745
0.216554
0.189323
0.400540
0.028588
0.422722
0.447037
0.450856
0.410244
0.346156
0.063566
0.199438
0.326465
0.375137
0.378253
0.163961
0.449919
0.368628
0.361124
0.291391
0.426377
0.307872
0.218755
0.440501
0.466728
0.354439
0.101410
0.253239
0.399754
0.322448
0.060680
0.190524
0.518782
0.203805
0.526045
0.623249
0.324703
0.160279
0.098499
0.155546
0.134263
0.197337
0.523766
0.337694
0.186591
0.217386
0.644378
0.236444
0.517733
0.166820
0.269245
0.153608
0.120894
0.152126
0.437541
0.246995
0.176087
0.198806
0.111362
0.265615
0.108781
0.176352
0.640187
0.226372
0.163811
0.155175
0.201325
0.174690
0.127371
0.169729
0.416861
0.284577
0.197289
0.149000
0.353158
0.357742
0.028822
0.461578
0.492423
0.182453
0.029403
0.106174
0.028245
0.020581
0.030902
0.355174
0.170240
0.017723
0.041036
0.492159
0.025783
0.372479
0.035683
0.145113
0.043583
0.046031
0.108542
0.289867
0.086327
0.024987
0.081130
0.024197
0.190519
0.046028
0.021995
0.511184
0.033074
0.044414
0.070623
0.102763
0.062560
0.037061
0.014806
0.253647
0.050472
0.048392
0.023859
0.202723
0.268876
0.205589
0.169546
0.173544
0.429075
0.507419
0.366337
0.326766
0.329081
0.083751
0.111393
0.353036
0.218331
0.085863
0.344402
0.196488
0.409672
0.218745
0.409879
0.433863
0.270556
0.114941
0.161845
0.316416
0.424690
0.386686
0.220700
0.410900
0.360848
0.072215
0.229679
0.408085
0.279290
0.150190
0.452150
0.441948
0.363907
0.143551
0.283679
0.317139
0.317110
0.190080
0.395155
0.414105
0.137989
0.049716
0.136577
0.052431
0.020690
0.027020
0.288994
0.125827
0.027566
0.017509
0.416195
0.034062
0.320406
0.041871
0.123905
0.047561
0.072017
0.075108
0.225465
0.052575
0.014267
0.101856
0.039424
0.148147
0.065227
0.039365
0.433166
0.017762
0.047395
0.051592
0.063360
0.069544
0.067025
0.024772
0.194036
0.040534
0.036781
0.030921
0.152088
0.255256
0.298288
0.513109
0.582971
0.490491
0.434473
0.449224
0.299476
0.313210
0.460229
0.330967
0.228854
0.452682
0.278371
0.502703
0.396574
0.519549
0.516395
0.301855
0.193318
0.308342
0.412661
0.517463
0.483673
0.192960
0.500861
0.496689
0.331984
0.346925
0.485598
0.323228
0.239003
0.541573
0.544384
0.495587
0.187421
0.426489
0.437217
0.415444
0.245341
0.192569
0.570305
0.628775
0.469593
0.449825
0.428493
0.341660
0.341394
0.502109
0.358433
0.131063
0.498062
0.109527
0.553599
0.429873
0.580186
0.548114
0.441284
0.117605
0.279081
0.473941
0.492343
0.519779
0.273696
0.563845
0.491123
0.228130
0.404206
0.555789
0.399457
0.277602
0.574672
0.590321
0.502395
0.214674
0.401416
0.508047
0.439486
0.203599
0.270461
0.348450
0.165567
0.150731
0.141745
0.326977
0.214755
0.213702
0.091160
0.226226
0.236948
0.068340
0.251041
0.286144
0.285580
0.220984
0.196813
0.058285
0.063810
0.182154
0.204456
0.210790
0.084562
0.263836
0.185286
0.319442
0.144010
0.268982
0.148139
0.089381
0.294084
0.287136
0.191285
0.079941
0.132499
0.238580
0.163427
0.032801
0.055059
0.058343
0.030576
0.041138
0.398156
0.217808
0.033203
0.088232
0.569086
0.031649
0.480051
0.015937
0.155395
0.015833
0.037575
0.102736
0.388214
0.146078
0.029962
0.104577
0.015024
0.245972
0.020066
0.046776
0.570988
0.071804
0.011237
0.082821
0.144944
0.019405
0.014873
0.021997
0.338040
0.108686
0.056550
0.041108
0.284540
0.097418
0.083632
0.106743
0.467953
0.275944
0.096533
0.183971
0.648012
0.115968
0.572621
0.066745
0.173136
0.062007
0.047780
0.140929
0.478224
0.221098
0.105618
0.127029
0.048965
0.323146
0.028958
0.098547
0.600258
0.162577
0.063998
0.133010
0.192599
0.064598
0.040808
0.083913
0.459057
0.216006
0.115637
0.088623
0.394792
0.025012
0.041988
0.382185
0.183249
0.034936
0.060865
0.472579
0.061407
0.351834
0.046822
0.145815
0.072971
0.042375
0.103246
0.269926
0.078545
0.054296
0.058758
0.032883
0.180100
0.050775
0.018171
0.482823
0.061642
0.073843
0.068871
0.093926
0.091825
0.045866
0.031500
0.256439
0.082526
0.073725
0.035895
0.200817
0.020066
0.345425
0.165039
0.029846
0.033571
0.453503
0.044292
0.339845
0.032664
0.135257
0.037951
0.035296
0.074237
0.256106
0.068021
0.019945
0.079785
0.012027
0.154378
0.032337
0.027573
0.475548
0.038497
0.037172
0.045944
0.072167
0.051513
0.035318
0.013484
0.227045
0.060767
0.049774
0.016494
0.173810
0.359364
0.187424
0.047231
0.046090
0.434982
0.045077
0.322030
0.035610
0.158137
0.057462
0.038760
0.092788
0.256582
0.081881
0.028862
0.073463
0.034461
0.162946
0.056597
0.041953
0.468573
0.053296
0.040964
0.064506
0.090600
0.053865
0.059109
0.021259
0.232339
0.066554
0.075419
0.045938
0.167840
0.075434
0.336856
0.258739
0.189077
0.308988
0.380544
0.381274
0.167749
0.371299
0.443819
0.277532
0.268425
0.227573
0.312249
0.474287
0.376964
0.320199
0.383894
0.356033
0.119549
0.232979
0.379460
0.298894
0.212655
0.432599
0.401279
0.365487
0.249104
0.320282
0.287583
0.326290
0.339074
0.145688
0.111914
0.267844
0.141356
0.339182
0.198976
0.051107
0.189877
0.245754
0.146557
0.206579
0.097389
0.147643
0.255503
0.190945
0.218684
0.198403
0.161428
0.197064
0.082788
0.208926
0.142083
0.082479
0.252228
0.207035
0.175736
0.207463
0.152026
0.113233
0.148277
0.248373
0.051453
0.504918
0.021627
0.414535
0.027765
0.116959
0.038677
0.054291
0.089718
0.302433
0.086808
0.026831
0.071505
0.029397
0.201019
0.042012
0.018299
0.493724
0.030086
0.040635
0.063600
0.096023
0.062713
0.035546
0.024579
0.270027
0.057637
0.025749
0.022958
0.229305
0.346131
0.062326
0.244858
0.081822
0.131861
0.092285
0.100259
0.077769
0.158782
0.032151
0.034236
0.123104
0.066471
0.099279
0.099032
0.056367
0.389967
0.016173
0.088181
0.051927
0.041435
0.122127
0.105576
0.052514
0.124761
0.033848
0.055928
0.040727
0.100063
0.489129
0.161197
0.540994
0.379838
0.574878
0.551986
0.382173
0.130367
0.276560
0.459268
0.531827
0.523069
0.268245
0.553653
0.491552
0.101967
0.384023
0.545103
0.399328
0.270475
0.588773
0.583431
0.502304
0.163496
0.423282
0.493142
0.465210
0.215834
0.427211
0.033337
0.108873
0.042195
0.072488
0.106705
0.325563
0.100697
0.034486
0.108829
0.046238
0.218033
0.056481
0.034807
0.483219
0.032497
0.040963
0.072343
0.114992
0.066756
0.044965
0.031259
0.280636
0.069652
0.039197
0.041729
0.250602
0.457214
0.456874
0.501931
0.433804
0.362410
0.053141
0.196463
0.370067
0.389830
0.414781
0.152690
0.482345
0.380849
0.317849
0.315329
0.475842
0.309438
0.224784
0.499870
0.502142
0.391551
0.098004
0.289057
0.439043
0.351334
0.076184
0.144618
0.024102
0.039354
0.083435
0.359443
0.132991
0.025327
0.081854
0.020140
0.228681
0.026926
0.035143
0.539916
0.066310
0.015237
0.073477
0.129147
0.024686
0.019611
0.021526
0.316478
0.101322
0.047930
0.050028
0.266276
0.132405
0.184650
0.123874
0.307015
0.129772
0.129851
0.221671
0.142027
0.268317
0.127767
0.134806
0.290404
0.094006
0.147005
0.134692
0.101094
0.187737
0.134684
0.140346
0.305156
0.177610
0.083723
0.124789
0.321346
0.059781
0.105544
0.395670
0.155126
0.028473
0.120650
0.022870
0.268389
0.029420
0.057692
0.555107
0.073366
0.019846
0.094535
0.144337
0.021354
0.019141
0.022663
0.357778
0.112078
0.044146
0.054799
0.307867
0.097396
0.356810
0.133203
0.057406
0.059106
0.024737
0.209305
0.024811
0.050168
0.557926
0.096269
0.042070
0.076000
0.127608
0.056835
0.038359
0.040400
0.324354
0.130889
0.098253
0.051074
0.252277
0.228235
0.096574
0.068646
0.156732
0.083343
0.100172
0.082413
0.111318
0.400530
0.075785
0.077846
0.043954
0.053190
0.125102
0.109573
0.107248
0.182524
0.163113
0.089369
0.088310
0.179322
0.116361
0.272169
0.313122
0.329122
0.089320
0.381582
0.297485
0.244318
0.204522
0.368725
0.208693
0.116269
0.411162
0.406408
0.311682
0.042123
0.219237
0.307909
0.259353
0.046763
0.087802
0.145964
0.108447
0.087431
0.134236
0.079959
0.295003
0.040750
0.149613
0.060532
0.029366
0.188000
0.151655
0.097458
0.105883
0.072591
0.106869
0.058585
0.086083
0.100762
0.026133
0.170378
0.047377
0.045520
0.479296
0.031841
0.024835
0.056938
0.083326
0.043884
0.043799
0.018481
0.231687
0.060806
0.036454
0.038680
0.192709
0.083331
0.225616
0.101856
0.064543
0.542865
0.118090
0.105935
0.112299
0.144156
0.110812
0.099708
0.075087
0.323259
0.113898
0.117211
0.092536
0.242970
0.203580
0.012298
0.029652
0.526308
0.059655
0.023467
0.060465
0.106040
0.030644
0.012745
0.014394
0.294080
0.094718
0.052186
0.022841
0.235779
0.236330
0.199829
0.381627
0.135998
0.228881
0.083170
0.069441
0.283984
0.270257
0.213645
0.053408
0.184058
0.221022
0.161933
0.054733
0.045327
0.527745
0.081580
0.029648
0.077364
0.120443
0.039897
0.011534
0.035770
0.343471
0.134943
0.063120
0.037626
0.292240
0.482748
0.042619
0.064887
0.069169
0.102313
0.079778
0.037026
0.023143
0.271609
0.056858
0.047433
0.025297
0.221153
0.385718
0.552571
0.425110
0.279396
0.592185
0.560653
0.509796
0.302092
0.453118
0.466942
0.462049
0.359268
0.073047
0.047484
0.049967
0.110699
0.083877
0.046356
0.169391
0.040363
0.032016
0.030907
0.155044
0.073889
0.134025
0.015454
0.028630
0.032299
0.318609
0.119762
0.055103
0.055865
0.271177
0.048700
0.112297
0.093428
0.072671
0.171057
0.111180
0.080638
0.047515
0.156878
0.174983
0.147739
0.110430
0.117148
0.105160
0.097489
0.071427
0.105805
0.031304
0.034868
0.377166
0.135318
0.080417
0.076154
0.310074
0.024478
0.369608
0.124058
0.058687
0.044551
0.315220
0.285118
0.059875
0.044588
0.031468
0.223193
0.199751
0.277049
0.231052
0.035502
0.065563
0.060152
0.153856
0.046961
0.254299
0.185922
